0,75,75,82,67
0,75,75,127,168
0,75,75,138,191
0,75,75,155,23
0,75,75,196,54
0,83,83,55,172
0,83,83,174,183
0,83,83,194,54
0,99,99,72,100
0,99,99,109,63
0,99,99,112,82
0,99,99,200,74
1,6,6,52,34
1,6,6,66,83
1,6,6,123,179
1,6,6,165,32
1,6,6,181,104
1,6,6,194,47
1,12,12,30,81
1,12,12,136,56
1,12,12,143,196
1,12,12,150,80
1,25,25,34,136
1,25,25,49,5
1,25,25,116,136
1,25,25,156,96
1,25,25,189,176
1,74,74,33,95
1,74,74,164,157
1,74,74,186,39
1,115,115,34,56
1,115,115,85,25
1,115,115,128,151
1,115,115,140,5
1,115,115,172,44
1,138,138,120,160
1,138,138,140,73
1,138,138,152,17
1,138,138,163,195
2,101,101,24,28
2,101,101,65,110
2,101,101,179,85
2,158,158,97,81
2,158,158,104,55
2,158,158,117,155
2,158,158,137,67
2,168,168,16,73
2,168,168,78,155
2,168,168,151,192
2,184,184,19,59
2,184,184,30,2
2,184,184,45,19
2,184,184,83,69
2,184,184,164,50
2,184,184,197,173
3,1,1,63,43
3,1,1,63,191
3,1,1,68,122
3,1,1,87,173
3,1,1,137,22
3,1,1,146,192
3,1,1,172,99
3,9,9,133,8
3,9,9,167,116
3,9,9,181,109
3,16,16,47,20
3,16,16,80,165
3,16,16,97,53
3,16,16,97,133
3,16,16,185,170
3,16,16,193,73
3,44,44,39,136
3,44,44,47,105
3,44,44,68,171
3,44,44,69,37
3,44,44,75,141
3,44,44,105,140
3,44,44,160,40
3,44,44,199,111
3,57,57,0,83
3,57,57,24,130
3,57,57,65,97
3,57,57,79,26
3,57,57,88,14
3,57,57,95,145
3,57,57,102,167
3,57,57,116,117
3,57,57,143,53
3,57,57,169,198
3,57,57,175,116
3,57,57,200,147
3,121,121,28,96
3,121,121,55,196
3,121,121,185,58
3,157,157,62,169
3,157,157,108,30
3,157,157,132,121
3,157,157,146,176
3,157,157,171,97
3,160,160,51,191
3,160,160,148,98
3,160,160,152,45
3,160,160,157,193
3,160,160,197,40
3,187,187,24,151
3,187,187,27,47
3,187,187,39,85
3,187,187,53,174
3,187,187,58,101
3,187,187,115,189
3,187,187,129,145
3,199,199,47,127
3,199,199,79,70
3,199,199,162,162
3,199,199,164,105
3,199,199,166,74
3,199,199,189,4
4,89,89,52,115
4,89,89,66,152
4,89,89,103,172
4,89,89,154,196
4,90,90,75,158
4,90,90,117,142
4,90,90,142,45
4,90,90,142,70
4,90,90,190,118
4,148,148,36,129
4,148,148,85,170
4,148,148,183,190
4,148,148,191,75
4,148,148,192,54
4,148,148,194,143
5,66,66,12,1
5,66,66,85,42
5,66,66,101,103
5,66,66,120,186
5,66,66,166,126
5,66,66,169,150
5,83,83,55,172
5,83,83,174,183
5,83,83,194,54
5,113,113,33,33
5,113,113,85,124
5,113,113,150,174
5,193,193,135,149
5,193,193,157,187
5,193,193,166,130
5,193,193,179,137
6,39,39,24,52
6,39,39,45,162
6,39,39,57,157
6,39,39,81,136
6,39,39,112,105
6,39,39,130,137
6,39,39,181,100
6,68,68,10,57
6,68,68,23,119
6,68,68,23,177
6,68,68,66,172
6,68,68,69,62
6,68,68,88,159
6,68,68,89,164
6,68,68,91,141
6,68,68,175,151
6,68,68,185,163
6,68,68,194,18
6,77,77,0,137
6,77,77,52,90
6,77,77,82,168
6,77,77,90,91
6,172,172,33,8
6,172,172,60,178
6,172,172,68,43
6,172,172,88,9
6,172,172,141,191
6,172,172,171,168
6,182,182,88,186
6,182,182,91,24
6,182,182,150,151
6,182,182,199,10
7,2,2,101,191
7,2,2,127,121
7,2,2,146,136
7,2,2,200,44
7,70,70,51,22
7,70,70,75,147
7,70,70,104,196
7,70,70,118,188
7,70,70,121,183
7,70,70,191,51
7,100,100,125,150
7,100,100,150,167
7,121,121,28,96
7,121,121,55,196
7,121,121,185,58
7,159,159,15,184
7,159,159,26,183
7,159,159,122,95
7,159,159,186,49
7,159,159,195,114
7,161,161,7,128
7,161,161,87,134
7,161,161,153,10
8,5,5,24,44
8,5,5,63,9
8,5,5,67,146
8,5,5,117,149
8,5,5,122,195
8,5,5,184,40
8,39,39,24,52
8,39,39,45,162
8,39,39,57,157
8,39,39,81,136
8,39,39,112,105
8,39,39,130,137
8,39,39,181,100
8,92,92,37,175
8,92,92,38,18
8,92,92,124,103
8,92,92,141,76
8,92,92,151,198
8,92,92,176,119
8,92,92,185,59
8,96,96,3,29
8,96,96,68,186
8,96,96,77,1
8,96,96,103,160
8,96,96,126,147
8,96,96,146,152
8,96,96,161,149
8,96,96,167,130
8,96,96,169,82
8,96,96,176,111
8,96,96,193,17
8,114,114,0,31
8,114,114,4,117
8,114,114,32,26
8,114,114,61,61
8,114,114,100,122
8,114,114,108,84
8,114,114,123,23
8,128,128,47,186
8,128,128,51,136
8,128,128,59,55
8,128,128,86,128
8,128,128,100,183
8,128,128,103,111
8,128,128,110,17
8,128,128,131,89
8,128,128,182,190
8,163,163,22,165
8,163,163,26,173
8,163,163,35,152
8,163,163,57,88
8,163,163,67,137
8,163,163,68,14
8,163,163,90,120
8,163,163,118,99
8,163,163,176,93
8,163,163,188,109
8,163,163,191,191
9,42,42,7,127
9,42,42,8,153
9,42,42,31,11
9,42,42,37,60
9,42,42,106,25
9,98,98,9,43
9,98,98,26,79
9,98,98,60,199
9,98,98,94,163
9,98,98,95,79
9,125,125,77,46
9,125,125,120,22
9,125,125,133,196
9,125,125,177,98
9,140,140,19,5
9,140,140,20,3
9,140,140,101,99
9,140,140,137,156
9,140,140,158,153
9,140,140,177,198
9,140,140,198,24
9,150,150,7,172
9,150,150,13,100
9,150,150,47,27
9,150,150,128,33
9,173,173,87,111
9,173,173,89,60
9,173,173,94,10
9,173,173,121,88
9,173,173,126,135
9,173,173,134,78
9,173,173,181,164
9,173,173,186,46
9,181,181,19,116
9,181,181,21,139
9,181,181,28,14
9,181,181,83,135
9,181,181,96,53
9,181,181,149,186
9,181,181,164,123
9,181,181,173,29
9,200,200,38,117
9,200,200,41,66
9,200,200,94,34
9,200,200,106,67
9,200,200,107,13
9,200,200,151,13
9,200,200,172,122
9,200,200,197,108
10,11,11,4,70
10,11,11,28,108
10,11,11,33,26
10,11,11,35,110
10,11,11,72,44
10,11,11,166,60
10,11,11,168,28
10,23,23,52,79
10,23,23,82,140
10,23,23,175,163
10,26,26,96,27
10,26,26,122,96
10,26,26,186,63
10,26,26,194,21
10,49,49,3,109
10,49,49,81,125
10,49,49,101,50
10,49,49,105,36
10,49,49,116,131
10,49,49,160,168
10,49,49,176,90
10,107,107,4,41
10,107,107,22,79
10,107,107,175,194
10,107,107,179,153
10,107,107,193,50
11,23,23,52,79
11,23,23,82,140
11,23,23,175,163
11,55,55,22,81
11,55,55,69,196
11,55,55,110,118
11,55,55,114,6
11,55,55,150,175
11,55,55,186,172
11,89,89,52,115
11,89,89,66,152
11,89,89,103,172
11,89,89,154,196
11,100,100,125,150
11,100,100,150,167
12,11,11,4,70
12,11,11,28,108
12,11,11,33,26
12,11,11,35,110
12,11,11,72,44
12,11,11,166,60
12,11,11,168,28
12,21,21,30,166
12,21,21,51,78
12,21,21,66,54
12,21,21,68,137
12,21,21,83,77
12,21,21,89,180
12,21,21,161,52
12,21,21,171,97
12,21,21,176,98
12,21,21,192,34
12,30,30,27,94
12,30,30,29,55
12,30,30,63,101
12,30,30,69,147
12,30,30,103,50
12,30,30,134,156
12,30,30,180,150
12,57,57,0,83
12,57,57,24,130
12,57,57,65,97
12,57,57,79,26
12,57,57,88,14
12,57,57,95,145
12,57,57,102,167
12,57,57,116,117
12,57,57,143,53
12,57,57,169,198
12,57,57,175,116
12,57,57,200,147
12,137,137,1,3
12,137,137,44,99
12,137,137,50,68
12,137,137,96,114
12,137,137,194,151
12,168,168,16,73
12,168,168,78,155
12,168,168,151,192
13,24,24,0,108
13,24,24,9,175
13,24,24,43,13
13,24,24,96,9
13,24,24,106,122
13,62,62,6,71
13,62,62,7,53
13,62,62,53,130
13,62,62,106,156
13,62,62,181,46
13,62,62,196,75
13,84,84,30,130
13,84,84,55,96
13,84,84,61,178
13,84,84,110,147
13,84,84,148,161
13,84,84,170,177
13,106,106,13,121
13,106,106,38,51
13,106,106,152,147
13,107,107,4,41
13,107,107,22,79
13,107,107,175,194
13,107,107,179,153
13,107,107,193,50
13,145,145,55,29
13,145,145,55,29
13,145,145,107,6
13,145,145,107,6
13,145,145,169,158
13,145,145,169,158
13,193,193,135,149
13,193,193,157,187
13,193,193,166,130
13,193,193,179,137
15,13,13,5,9
15,13,13,5,9
15,13,13,24,161
15,13,13,24,161
15,13,13,94,135
15,13,13,94,135
15,107,107,4,41
15,107,107,22,79
15,107,107,175,194
15,107,107,179,153
15,107,107,193,50
15,136,136,7,155
15,136,136,9,135
15,136,136,36,18
15,136,136,154,115
15,136,136,154,196
15,138,138,120,160
15,138,138,140,73
15,138,138,152,17
15,138,138,163,195
15,165,165,4,122
15,165,165,41,34
15,165,165,74,79
15,165,165,80,90
15,165,165,85,10
15,165,165,152,172
15,165,165,192,74
16,15,15,35,9
16,15,15,54,120
16,15,15,79,76
16,63,63,22,190
16,63,63,38,195
16,63,63,81,108
16,63,63,113,151
16,63,63,129,102
16,63,63,174,160
16,63,63,192,106
16,70,70,51,22
16,70,70,75,147
16,70,70,104,196
16,70,70,118,188
16,70,70,121,183
16,70,70,191,51
16,106,106,13,121
16,106,106,38,51
16,106,106,152,147
16,170,170,59,9
16,170,170,97,102
16,170,170,114,140
16,170,170,183,108
16,170,170,188,187
17,105,105,43,36
17,105,105,101,179
17,105,105,145,7
17,105,105,164,159
17,105,105,166,52
17,140,140,19,5
17,140,140,20,3
17,140,140,101,99
17,140,140,137,156
17,140,140,158,153
17,140,140,177,198
17,140,140,198,24
18,16,16,47,20
18,16,16,80,165
18,16,16,97,53
18,16,16,97,133
18,16,16,185,170
18,16,16,193,73
18,68,68,10,57
18,68,68,23,119
18,68,68,23,177
18,68,68,66,172
18,68,68,69,62
18,68,68,88,159
18,68,68,89,164
18,68,68,91,141
18,68,68,175,151
18,68,68,185,163
18,68,68,194,18
18,85,85,29,162
18,85,85,42,32
18,85,85,191,30
19,63,63,22,190
19,63,63,38,195
19,63,63,81,108
19,63,63,113,151
19,63,63,129,102
19,63,63,174,160
19,63,63,192,106
19,79,79,175,83
19,79,79,196,88
19,107,107,4,41
19,107,107,22,79
19,107,107,175,194
19,107,107,179,153
19,107,107,193,50
19,113,113,33,33
19,113,113,85,124
19,113,113,150,174
19,151,151,20,180
19,151,151,27,11
19,151,151,129,100
19,151,151,144,86
19,151,151,199,11
19,198,198,4,117
19,198,198,52,124
19,198,198,66,132
20,30,30,27,94
20,30,30,29,55
20,30,30,63,101
20,30,30,69,147
20,30,30,103,50
20,30,30,134,156
20,30,30,180,150
20,31,31,12,177
20,31,31,95,85
20,31,31,179,29
20,156,156,31,32
20,156,156,94,121
20,156,156,142,9
20,156,156,193,12
21,30,30,27,94
21,30,30,29,55
21,30,30,63,101
21,30,30,69,147
21,30,30,103,50
21,30,30,134,156
21,30,30,180,150
21,70,70,51,22
21,70,70,75,147
21,70,70,104,196
21,70,70,118,188
21,70,70,121,183
21,70,70,191,51
21,85,85,29,162
21,85,85,42,32
21,85,85,191,30
21,101,101,24,28
21,101,101,65,110
21,101,101,179,85
21,114,114,0,31
21,114,114,4,117
21,114,114,32,26
21,114,114,61,61
21,114,114,100,122
21,114,114,108,84
21,114,114,123,23
21,123,123,44,133
21,123,123,87,187
21,123,123,170,144
21,140,140,19,5
21,140,140,20,3
21,140,140,101,99
21,140,140,137,156
21,140,140,158,153
21,140,140,177,198
21,140,140,198,24
21,193,193,135,149
21,193,193,157,187
21,193,193,166,130
21,193,193,179,137
21,197,197,14,62
21,197,197,21,200
21,197,197,60,139
21,197,197,125,118
21,197,197,198,133
22,11,11,4,70
22,11,11,28,108
22,11,11,33,26
22,11,11,35,110
22,11,11,72,44
22,11,11,166,60
22,11,11,168,28
22,28,28,189,94
22,138,138,120,160
22,138,138,140,73
22,138,138,152,17
22,138,138,163,195
22,171,171,3,183
22,171,171,37,110
22,171,171,75,175
22,171,171,140,160
22,171,171,172,114
23,85,85,29,162
23,85,85,42,32
23,85,85,191,30
24,64,64,29,162
24,64,64,117,86
24,64,64,162,24
24,66,66,12,1
24,66,66,85,42
24,66,66,101,103
24,66,66,120,186
24,66,66,166,126
24,66,66,169,150
24,136,136,7,155
24,136,136,9,135
24,136,136,36,18
24,136,136,154,115
24,136,136,154,196
24,137,137,1,3
24,137,137,44,99
24,137,137,50,68
24,137,137,96,114
24,137,137,194,151
25,28,28,189,94
25,64,64,29,162
25,64,64,117,86
25,64,64,162,24
25,92,92,37,175
25,92,92,38,18
25,92,92,124,103
25,92,92,141,76
25,92,92,151,198
25,92,92,176,119
25,92,92,185,59
25,104,104,32,24
25,104,104,53,155
25,104,104,71,145
25,104,104,186,125
25,122,122,25,31
25,122,122,33,80
25,122,122,66,199
25,122,122,68,155
25,122,122,156,101
25,144,144,24,19
25,144,144,100,51
25,176,176,54,83
25,176,176,68,163
25,176,176,70,177
25,176,176,132,77
25,191,191,9,36
25,191,191,17,1
25,191,191,77,24
25,191,191,167,25
26,38,38,18,16
26,38,38,19,91
26,38,38,43,157
26,38,38,44,139
26,190,190,47,108
26,190,190,88,58
26,190,190,109,45
26,190,190,117,129
26,190,190,144,14
26,190,190,184,110
26,190,190,185,200
27,11,11,4,70
27,11,11,28,108
27,11,11,33,26
27,11,11,35,110
27,11,11,72,44
27,11,11,166,60
27,11,11,168,28
27,26,26,96,27
27,26,26,122,96
27,26,26,186,63
27,26,26,194,21
27,36,36,3,59
27,36,36,24,21
27,36,36,128,28
27,36,36,165,117
27,36,36,190,147
27,88,88,51,25
27,88,88,62,85
27,88,88,93,151
27,174,174,19,5
27,174,174,38,34
27,174,174,60,184
27,174,174,122,42
28,16,16,47,20
28,16,16,80,165
28,16,16,97,53
28,16,16,97,133
28,16,16,185,170
28,16,16,193,73
28,23,23,52,79
28,23,23,52,79
28,23,23,82,140
28,23,23,82,140
28,23,23,175,163
28,23,23,175,163
28,71,71,111,81
28,71,71,158,9
28,72,72,5,133
28,72,72,158,155
28,72,72,187,59
29,29,29,34,194
29,29,29,125,51
29,46,46,92,36
29,46,46,94,122
29,46,46,173,64
29,49,49,3,109
29,49,49,81,125
29,49,49,101,50
29,49,49,105,36
29,49,49,116,131
29,49,49,160,168
29,49,49,176,90
29,62,62,6,71
29,62,62,7,53
29,62,62,53,130
29,62,62,106,156
29,62,62,181,46
29,62,62,196,75
29,77,77,0,137
29,77,77,52,90
29,77,77,82,168
29,77,77,90,91
29,122,122,25,31
29,122,122,33,80
29,122,122,66,199
29,122,122,68,155
29,122,122,156,101
29,145,145,55,29
29,145,145,107,6
29,145,145,169,158
29,163,163,22,165
29,163,163,26,173
29,163,163,35,152
29,163,163,57,88
29,163,163,67,137
29,163,163,68,14
29,163,163,90,120
29,163,163,118,99
29,163,163,176,93
29,163,163,188,109
29,163,163,191,191
29,169,169,30,184
29,169,169,104,3
29,169,169,153,136
29,169,169,176,75
30,116,116,119,147
30,116,116,140,111
30,116,116,142,51
30,116,116,190,154
31,25,25,34,136
31,25,25,49,5
31,25,25,116,136
31,25,25,156,96
31,25,25,189,176
31,171,171,3,183
31,171,171,37,110
31,171,171,75,175
31,171,171,140,160
31,171,171,172,114
32,133,133,26,91
32,133,133,198,150
32,148,148,36,129
32,148,148,85,170
32,148,148,183,190
32,148,148,191,75
32,148,148,192,54
32,148,148,194,143
32,155,155,47,166
32,155,155,48,71
32,155,155,77,55
32,155,155,92,161
32,155,155,138,130
32,162,162,24,147
32,162,162,47,198
32,162,162,56,116
32,162,162,77,169
32,162,162,109,88
32,162,162,193,101
32,192,192,109,32
32,192,192,177,23
32,192,192,182,109
33,91,91,66,61
33,91,91,95,88
33,91,91,164,173
33,91,91,196,129
33,102,102,3,34
33,102,102,7,181
33,102,102,116,1
33,107,107,4,41
33,107,107,22,79
33,107,107,175,194
33,107,107,179,153
33,107,107,193,50
33,154,154,29,95
33,154,154,85,77
33,154,154,128,195
33,154,154,137,185
33,154,154,161,145
33,154,154,189,114
33,197,197,14,62
33,197,197,21,200
33,197,197,60,139
33,197,197,125,118
33,197,197,198,133
34,11,11,4,70
34,11,11,28,108
34,11,11,33,26
34,11,11,35,110
34,11,11,72,44
34,11,11,166,60
34,11,11,168,28
34,81,81,55,78
34,81,81,55,78
34,81,81,110,132
34,81,81,110,132
34,91,91,66,61
34,91,91,66,61
34,91,91,95,88
34,91,91,95,88
34,91,91,164,173
34,91,91,164,173
34,91,91,196,129
34,91,91,196,129
34,99,99,72,100
34,99,99,109,63
34,99,99,112,82
34,99,99,200,74
35,47,47,17,134
35,47,47,20,134
35,47,47,33,81
35,47,47,49,56
35,47,47,94,91
35,47,47,119,136
35,47,47,148,158
35,81,81,55,78
35,81,81,110,132
35,132,132,28,137
35,132,132,126,147
35,132,132,156,115
35,155,155,47,166
35,155,155,48,71
35,155,155,77,55
35,155,155,92,161
35,155,155,138,130
36,24,24,0,108
36,24,24,9,175
36,24,24,43,13
36,24,24,96,9
36,24,24,106,122
36,114,114,0,31
36,114,114,4,117
36,114,114,32,26
36,114,114,61,61
36,114,114,100,122
36,114,114,108,84
36,114,114,123,23
36,174,174,19,5
36,174,174,38,34
36,174,174,60,184
36,174,174,122,42
36,192,192,109,32
36,192,192,177,23
36,192,192,182,109
37,14,14,6,5
37,14,14,22,117
37,14,14,26,13
37,14,14,134,77
37,14,14,167,118
37,16,16,47,20
37,16,16,80,165
37,16,16,97,53
37,16,16,97,133
37,16,16,185,170
37,16,16,193,73
37,21,21,30,166
37,21,21,51,78
37,21,21,66,54
37,21,21,68,137
37,21,21,83,77
37,21,21,89,180
37,21,21,161,52
37,21,21,171,97
37,21,21,176,98
37,21,21,192,34
37,169,169,30,184
37,169,169,104,3
37,169,169,153,136
37,169,169,176,75
38,10,10,55,168
38,10,10,128,170
38,10,10,131,37
38,183,183,98,184
38,183,183,150,156
38,183,183,153,191
38,197,197,14,62
38,197,197,21,200
38,197,197,60,139
38,197,197,125,118
38,197,197,198,133
39,98,98,9,43
39,98,98,26,79
39,98,98,60,199
39,98,98,94,163
39,98,98,95,79
39,148,148,36,129
39,148,148,85,170
39,148,148,183,190
39,148,148,191,75
39,148,148,192,54
39,148,148,194,143
40,37,37,6,20
40,37,37,6,97
40,37,37,20,40
40,37,37,54,69
40,37,37,75,62
40,37,37,83,20
40,37,37,111,9
40,37,37,125,176
40,37,37,131,162
40,37,37,195,169
40,54,54,7,131
40,54,54,13,81
40,54,54,63,1
40,54,54,95,63
40,54,54,123,11
40,54,54,125,0
40,54,54,163,166
40,54,54,186,169
40,100,100,125,150
40,100,100,150,167
40,185,185,8,103
40,185,185,85,1
41,13,13,5,9
41,13,13,24,161
41,13,13,94,135
41,27,27,128,50
41,27,27,129,85
41,27,27,137,109
41,27,27,147,58
41,27,27,165,15
41,82,82,37,34
41,82,82,79,109
41,99,99,72,100
41,99,99,109,63
41,99,99,112,82
41,99,99,200,74
41,145,145,55,29
41,145,145,107,6
41,145,145,169,158
41,163,163,22,165
41,163,163,26,173
41,163,163,35,152
41,163,163,57,88
41,163,163,67,137
41,163,163,68,14
41,163,163,90,120
41,163,163,118,99
41,163,163,176,93
41,163,163,188,109
41,163,163,191,191
41,198,198,4,117
41,198,198,52,124
41,198,198,66,132
42,11,11,4,70
42,11,11,28,108
42,11,11,33,26
42,11,11,35,110
42,11,11,72,44
42,11,11,166,60
42,11,11,168,28
42,152,152,51,62
42,152,152,149,22
42,152,152,185,2
43,46,46,92,36
43,46,46,94,122
43,46,46,173,64
43,137,137,1,3
43,137,137,44,99
43,137,137,50,68
43,137,137,96,114
43,137,137,194,151
43,172,172,33,8
43,172,172,60,178
43,172,172,68,43
43,172,172,88,9
43,172,172,141,191
43,172,172,171,168
44,184,184,19,59
44,184,184,30,2
44,184,184,45,19
44,184,184,83,69
44,184,184,164,50
44,184,184,197,173
44,196,196,20,119
44,196,196,102,150
44,196,196,110,11
44,196,196,166,119
45,32,32,20,161
45,32,32,54,122
45,32,32,72,66
45,32,32,90,191
45,32,32,100,97
45,32,32,121,84
45,32,32,126,129
45,32,32,138,178
45,32,32,180,138
45,44,44,39,136
45,44,44,47,105
45,44,44,68,171
45,44,44,69,37
45,44,44,75,141
45,44,44,105,140
45,44,44,160,40
45,44,44,199,111
45,88,88,51,25
45,88,88,62,85
45,88,88,93,151
45,127,127,11,32
45,127,127,121,106
45,127,127,137,141
45,127,127,165,21
45,127,127,168,95
45,140,140,19,5
45,140,140,19,5
45,140,140,20,3
45,140,140,20,3
45,140,140,101,99
45,140,140,101,99
45,140,140,137,156
45,140,140,137,156
45,140,140,158,153
45,140,140,158,153
45,140,140,177,198
45,140,140,177,198
45,140,140,198,24
45,140,140,198,24
45,148,148,36,129
45,148,148,85,170
45,148,148,183,190
45,148,148,191,75
45,148,148,192,54
45,148,148,194,143
46,155,155,47,166
46,155,155,48,71
46,155,155,77,55
46,155,155,92,161
46,155,155,138,130
46,168,168,16,73
46,168,168,78,155
46,168,168,151,192
46,175,175,65,72
46,175,175,91,149
46,175,175,130,182
46,175,175,155,105
46,175,175,166,29
46,175,175,179,158
47,24,24,0,108
47,24,24,9,175
47,24,24,43,13
47,24,24,96,9
47,24,24,106,122
47,89,89,52,115
47,89,89,66,152
47,89,89,103,172
47,89,89,154,196
47,109,109,9,164
47,109,109,88,44
47,109,109,93,78
47,109,109,137,171
47,109,109,146,141
47,121,121,28,96
47,121,121,55,196
47,121,121,185,58
48,60,60,2,191
48,60,60,103,137
48,60,60,115,42
48,60,60,152,39
48,60,60,190,194
48,60,60,191,94
48,127,127,11,32
48,127,127,121,106
48,127,127,137,141
48,127,127,165,21
48,127,127,168,95
48,157,157,62,169
48,157,157,108,30
48,157,157,132,121
48,157,157,146,176
48,157,157,171,97
49,0,0,2,185
49,0,0,81,12
49,0,0,162,46
49,0,0,177,195
49,14,14,6,5
49,14,14,22,117
49,14,14,26,13
49,14,14,134,77
49,14,14,167,118
49,23,23,52,79
49,23,23,82,140
49,23,23,175,163
49,29,29,34,194
49,29,29,125,51
49,70,70,51,22
49,70,70,75,147
49,70,70,104,196
49,70,70,118,188
49,70,70,121,183
49,70,70,191,51
49,123,123,44,133
49,123,123,87,187
49,123,123,170,144
50,7,7,96,15
50,7,7,125,169
50,21,21,30,166
50,21,21,51,78
50,21,21,66,54
50,21,21,68,137
50,21,21,83,77
50,21,21,89,180
50,21,21,161,52
50,21,21,171,97
50,21,21,176,98
50,21,21,192,34
50,25,25,34,136
50,25,25,49,5
50,25,25,116,136
50,25,25,156,96
50,25,25,189,176
50,31,31,12,177
50,31,31,95,85
50,31,31,179,29
50,47,47,17,134
50,47,47,20,134
50,47,47,33,81
50,47,47,49,56
50,47,47,94,91
50,47,47,119,136
50,47,47,148,158
50,51,51,41,83
50,51,51,59,193
50,51,51,109,163
50,51,51,145,188
50,130,130,19,120
50,130,130,65,2
50,130,130,76,118
50,130,130,135,84
50,130,130,191,158
50,136,136,7,155
50,136,136,9,135
50,136,136,36,18
50,136,136,154,115
50,136,136,154,196
50,156,156,31,32
50,156,156,94,121
50,156,156,142,9
50,156,156,193,12
50,158,158,97,81
50,158,158,104,55
50,158,158,117,155
50,158,158,137,67
50,177,177,27,143
50,177,177,69,173
50,177,177,139,139
50,177,177,175,61
50,177,177,179,91
50,177,177,184,120
50,177,177,188,92
50,177,177,191,108
51,23,23,52,79
51,23,23,82,140
51,23,23,175,163
51,26,26,96,27
51,26,26,122,96
51,26,26,186,63
51,26,26,194,21
51,30,30,27,94
51,30,30,29,55
51,30,30,63,101
51,30,30,69,147
51,30,30,103,50
51,30,30,134,156
51,30,30,180,150
51,48,48,4,102
51,48,48,117,90
51,48,48,148,73
51,48,48,149,80
51,48,48,158,110
51,48,48,165,127
51,48,48,190,148
51,143,143,23,24
51,143,143,73,94
51,143,143,111,78
51,143,143,162,112
52,8,8,5,5
52,8,8,7,151
52,8,8,12,145
52,8,8,58,120
52,8,8,59,126
52,8,8,150,95
52,8,8,185,81
52,42,42,7,127
52,42,42,8,153
52,42,42,31,11
52,42,42,37,60
52,42,42,106,25
52,94,94,52,193
52,94,94,88,86
52,94,94,92,73
52,94,94,150,112
52,94,94,167,69
52,94,94,172,25
52,167,167,19,96
52,167,167,44,102
52,167,167,50,171
52,167,167,55,41
52,167,167,76,113
52,167,167,109,11
52,167,167,154,17
52,167,167,187,158
52,176,176,54,83
52,176,176,68,163
52,176,176,70,177
52,176,176,132,77
53,0,0,2,185
53,0,0,81,12
53,0,0,162,46
53,0,0,177,195
53,43,43,22,68
53,43,43,104,56
53,43,43,109,111
53,43,43,132,164
53,118,118,27,106
53,118,118,41,39
53,118,118,66,5
53,118,118,74,8
53,118,118,78,188
53,118,118,158,174
53,173,173,87,111
53,173,173,87,111
53,173,173,89,60
53,173,173,89,60
53,173,173,94,10
53,173,173,94,10
53,173,173,121,88
53,173,173,121,88
53,173,173,126,135
53,173,173,126,135
53,173,173,134,78
53,173,173,134,78
53,173,173,181,164
53,173,173,181,164
53,173,173,186,46
53,173,173,186,46
53,194,194,46,24
53,194,194,65,164
53,194,194,93,89
53,194,194,109,145
53,194,194,145,85
53,194,194,172,166
54,89,89,52,115
54,89,89,66,152
54,89,89,103,172
54,89,89,154,196
54,123,123,44,133
54,123,123,87,187
54,123,123,170,144
54,148,148,36,129
54,148,148,85,170
54,148,148,183,190
54,148,148,191,75
54,148,148,192,54
54,148,148,194,143
54,149,149,43,98
54,149,149,129,164
54,149,149,152,9
54,149,149,152,192
54,149,149,171,101
54,153,153,37,150
54,153,153,69,113
54,153,153,87,134
56,68,68,10,57
56,68,68,23,119
56,68,68,23,177
56,68,68,66,172
56,68,68,69,62
56,68,68,88,159
56,68,68,89,164
56,68,68,91,141
56,68,68,175,151
56,68,68,185,163
56,68,68,194,18
56,95,95,166,41
56,95,95,191,158
56,127,127,11,32
56,127,127,121,106
56,127,127,137,141
56,127,127,165,21
56,127,127,168,95
56,167,167,19,96
56,167,167,44,102
56,167,167,50,171
56,167,167,55,41
56,167,167,76,113
56,167,167,109,11
56,167,167,154,17
56,167,167,187,158
56,179,179,6,15
56,179,179,24,37
56,179,179,65,122
56,179,179,67,176
56,179,179,143,19
56,179,179,172,49
56,189,189,59,25
56,189,189,71,169
57,46,46,92,36
57,46,46,94,122
57,46,46,173,64
57,51,51,41,83
57,51,51,59,193
57,51,51,109,163
57,51,51,145,188
57,81,81,55,78
57,81,81,110,132
57,92,92,37,175
57,92,92,38,18
57,92,92,124,103
57,92,92,141,76
57,92,92,151,198
57,92,92,176,119
57,92,92,185,59
57,153,153,37,150
57,153,153,69,113
57,153,153,87,134
58,31,31,12,177
58,31,31,95,85
58,31,31,179,29
58,64,64,29,162
58,64,64,117,86
58,64,64,162,24
58,149,149,43,98
58,149,149,129,164
58,149,149,152,9
58,149,149,152,192
58,149,149,171,101
58,160,160,51,191
58,160,160,148,98
58,160,160,152,45
58,160,160,157,193
58,160,160,197,40
59,8,8,5,5
59,8,8,7,151
59,8,8,12,145
59,8,8,58,120
59,8,8,59,126
59,8,8,150,95
59,8,8,185,81
59,49,49,3,109
59,49,49,81,125
59,49,49,101,50
59,49,49,105,36
59,49,49,116,131
59,49,49,160,168
59,49,49,176,90
59,101,101,24,28
59,101,101,65,110
59,101,101,179,85
59,132,132,28,137
59,132,132,126,147
59,132,132,156,115
59,139,139,11,53
59,139,139,29,197
59,139,139,100,125
59,139,139,101,151
59,139,139,121,81
59,139,139,124,44
59,139,139,179,4
59,172,172,33,8
59,172,172,60,178
59,172,172,68,43
59,172,172,88,9
59,172,172,141,191
59,172,172,171,168
60,70,70,51,22
60,70,70,75,147
60,70,70,104,196
60,70,70,118,188
60,70,70,121,183
60,70,70,191,51
60,152,152,51,62
60,152,152,149,22
60,152,152,185,2
60,169,169,30,184
60,169,169,104,3
60,169,169,153,136
60,169,169,176,75
60,172,172,33,8
60,172,172,60,178
60,172,172,68,43
60,172,172,88,9
60,172,172,141,191
60,172,172,171,168
61,32,32,20,161
61,32,32,54,122
61,32,32,72,66
61,32,32,90,191
61,32,32,100,97
61,32,32,121,84
61,32,32,126,129
61,32,32,138,178
61,32,32,180,138
61,35,35,3,30
61,35,35,16,61
61,35,35,82,137
61,35,35,154,189
61,35,35,155,147
61,35,35,176,64
61,35,35,176,177
61,35,35,177,164
61,72,72,5,133
61,72,72,158,155
61,72,72,187,59
61,122,122,25,31
61,122,122,33,80
61,122,122,66,199
61,122,122,68,155
61,122,122,156,101
61,125,125,77,46
61,125,125,120,22
61,125,125,133,196
61,125,125,177,98
61,127,127,11,32
61,127,127,121,106
61,127,127,137,141
61,127,127,165,21
61,127,127,168,95
61,136,136,7,155
61,136,136,9,135
61,136,136,36,18
61,136,136,154,115
61,136,136,154,196
62,121,121,28,96
62,121,121,55,196
62,121,121,185,58
62,130,130,19,120
62,130,130,65,2
62,130,130,76,118
62,130,130,135,84
62,130,130,191,158
62,161,161,7,128
62,161,161,87,134
62,161,161,153,10
62,180,180,7,197
62,180,180,19,105
62,180,180,72,55
62,180,180,191,141
62,180,180,200,51
63,166,166,13,54
63,166,166,13,152
63,166,166,18,187
63,166,166,102,158
63,166,166,125,59
64,16,16,47,20
64,16,16,80,165
64,16,16,97,53
64,16,16,97,133
64,16,16,185,170
64,16,16,193,73
64,27,27,128,50
64,27,27,129,85
64,27,27,137,109
64,27,27,147,58
64,27,27,165,15
64,70,70,51,22
64,70,70,51,22
64,70,70,75,147
64,70,70,75,147
64,70,70,104,196
64,70,70,104,196
64,70,70,118,188
64,70,70,118,188
64,70,70,121,183
64,70,70,121,183
64,70,70,191,51
64,70,70,191,51
64,101,101,24,28
64,101,101,65,110
64,101,101,179,85
64,156,156,31,32
64,156,156,94,121
64,156,156,142,9
64,156,156,193,12
64,170,170,59,9
64,170,170,97,102
64,170,170,114,140
64,170,170,183,108
64,170,170,188,187
66,7,7,96,15
66,7,7,125,169
66,101,101,24,28
66,101,101,65,110
66,101,101,179,85
66,128,128,47,186
66,128,128,51,136
66,128,128,59,55
66,128,128,86,128
66,128,128,100,183
66,128,128,103,111
66,128,128,110,17
66,128,128,131,89
66,128,128,182,190
66,135,135,19,59
66,135,135,148,56
66,135,135,156,52
66,135,135,166,15
66,138,138,120,160
66,138,138,140,73
66,138,138,152,17
66,138,138,163,195
66,195,195,44,152
66,195,195,45,25
66,195,195,103,35
66,195,195,129,174
66,195,195,134,195
66,195,195,188,128
67,71,71,111,81
67,71,71,158,9
67,75,75,82,67
67,75,75,127,168
67,75,75,138,191
67,75,75,155,23
67,75,75,196,54
67,135,135,19,59
67,135,135,148,56
67,135,135,156,52
67,135,135,166,15
67,148,148,36,129
67,148,148,85,170
67,148,148,183,190
67,148,148,191,75
67,148,148,192,54
67,148,148,194,143
68,10,10,55,168
68,10,10,128,170
68,10,10,131,37
68,28,28,189,94
68,34,34,15,49
68,34,34,49,87
68,34,34,60,50
68,34,34,68,113
68,34,34,94,152
68,34,34,120,21
68,34,34,131,36
68,34,34,138,11
68,56,56,23,125
68,56,56,50,56
68,56,56,60,35
68,56,56,85,195
68,56,56,181,164
68,145,145,55,29
68,145,145,107,6
68,145,145,169,158
69,25,25,34,136
69,25,25,49,5
69,25,25,116,136
69,25,25,156,96
69,25,25,189,176
69,45,45,45,94
69,45,45,53,14
69,45,45,142,116
69,45,45,152,191
69,45,45,162,113
69,59,59,11,43
69,59,59,34,92
69,59,59,128,128
69,59,59,168,199
69,59,59,169,150
69,59,59,180,38
69,75,75,82,67
69,75,75,127,168
69,75,75,138,191
69,75,75,155,23
69,75,75,196,54
69,92,92,37,175
69,92,92,38,18
69,92,92,124,103
69,92,92,141,76
69,92,92,151,198
69,92,92,176,119
69,92,92,185,59
69,93,93,40,22
69,93,93,59,65
69,93,93,117,23
69,93,93,129,51
69,93,93,146,184
69,93,93,165,107
69,158,158,97,81
69,158,158,104,55
69,158,158,117,155
69,158,158,137,67
69,160,160,51,191
69,160,160,148,98
69,160,160,152,45
69,160,160,157,193
69,160,160,197,40
69,174,174,19,5
69,174,174,38,34
69,174,174,60,184
69,174,174,122,42
69,177,177,27,143
69,177,177,69,173
69,177,177,139,139
69,177,177,175,61
69,177,177,179,91
69,177,177,184,120
69,177,177,188,92
69,177,177,191,108
69,183,183,98,184
69,183,183,150,156
69,183,183,153,191
69,184,184,19,59
69,184,184,30,2
69,184,184,45,19
69,184,184,83,69
69,184,184,164,50
69,184,184,197,173
70,29,29,34,194
70,29,29,125,51
70,35,35,3,30
70,35,35,16,61
70,35,35,82,137
70,35,35,154,189
70,35,35,155,147
70,35,35,176,64
70,35,35,176,177
70,35,35,177,164
70,61,61,53,37
70,61,61,58,36
70,61,61,60,118
70,61,61,107,45
70,61,61,143,160
70,61,61,155,173
70,61,61,162,49
70,70,70,51,22
70,70,70,75,147
70,70,70,104,196
70,70,70,118,188
70,70,70,121,183
70,70,70,191,51
70,167,167,19,96
70,167,167,44,102
70,167,167,50,171
70,167,167,55,41
70,167,167,76,113
70,167,167,109,11
70,167,167,154,17
70,167,167,187,158
71,85,85,29,162
71,85,85,42,32
71,85,85,191,30
71,87,87,0,0
71,87,87,32,184
71,87,87,103,69
71,87,87,165,194
71,87,87,182,72
71,87,87,188,40
72,9,9,133,8
72,9,9,167,116
72,9,9,181,109
72,60,60,2,191
72,60,60,103,137
72,60,60,115,42
72,60,60,152,39
72,60,60,190,194
72,60,60,191,94
72,61,61,53,37
72,61,61,58,36
72,61,61,60,118
72,61,61,107,45
72,61,61,143,160
72,61,61,155,173
72,61,61,162,49
72,72,72,5,133
72,72,72,158,155
72,72,72,187,59
72,129,129,8,148
72,129,129,48,25
72,129,129,72,24
72,129,129,87,107
72,129,129,134,151
72,129,129,154,45
72,129,129,181,86
72,148,148,36,129
72,148,148,85,170
72,148,148,183,190
72,148,148,191,75
72,148,148,192,54
72,148,148,194,143
73,13,13,5,9
73,13,13,24,161
73,13,13,94,135
73,34,34,15,49
73,34,34,49,87
73,34,34,60,50
73,34,34,68,113
73,34,34,94,152
73,34,34,120,21
73,34,34,131,36
73,34,34,138,11
73,46,46,92,36
73,46,46,94,122
73,46,46,173,64
73,70,70,51,22
73,70,70,75,147
73,70,70,104,196
73,70,70,118,188
73,70,70,121,183
73,70,70,191,51
73,172,172,33,8
73,172,172,60,178
73,172,172,68,43
73,172,172,88,9
73,172,172,141,191
73,172,172,171,168
74,1,1,63,43
74,1,1,63,191
74,1,1,68,122
74,1,1,87,173
74,1,1,137,22
74,1,1,146,192
74,1,1,172,99
74,41,41,28,63
74,41,41,40,170
74,41,41,49,113
74,41,41,100,170
74,41,41,120,130
74,41,41,124,27
74,63,63,22,190
74,63,63,38,195
74,63,63,81,108
74,63,63,113,151
74,63,63,129,102
74,63,63,174,160
74,63,63,192,106
74,78,78,22,52
74,78,78,47,30
74,78,78,48,191
74,78,78,71,159
74,78,78,84,11
74,78,78,109,164
74,78,78,126,40
74,78,78,175,103
74,161,161,7,128
74,161,161,87,134
74,161,161,153,10
74,198,198,4,117
74,198,198,52,124
74,198,198,66,132
75,35,35,3,30
75,35,35,16,61
75,35,35,82,137
75,35,35,154,189
75,35,35,155,147
75,35,35,176,64
75,35,35,176,177
75,35,35,177,164
75,111,111,46,98
75,111,111,109,97
75,111,111,174,125
75,133,133,26,91
75,133,133,198,150
75,179,179,6,15
75,179,179,24,37
75,179,179,65,122
75,179,179,67,176
75,179,179,143,19
75,179,179,172,49
76,11,11,4,70
76,11,11,28,108
76,11,11,33,26
76,11,11,35,110
76,11,11,72,44
76,11,11,166,60
76,11,11,168,28
76,27,27,128,50
76,27,27,129,85
76,27,27,137,109
76,27,27,147,58
76,27,27,165,15
76,145,145,55,29
76,145,145,107,6
76,145,145,169,158
76,178,178,2,82
76,178,178,39,112
76,178,178,67,160
76,178,178,74,187
76,178,178,114,73
76,178,178,140,90
76,178,178,199,186
76,188,188,12,168
76,188,188,16,172
76,188,188,19,95
76,188,188,29,120
76,188,188,39,30
76,188,188,165,20
76,188,188,178,105
77,89,89,52,115
77,89,89,66,152
77,89,89,103,172
77,89,89,154,196
77,92,92,37,175
77,92,92,38,18
77,92,92,124,103
77,92,92,141,76
77,92,92,151,198
77,92,92,176,119
77,92,92,185,59
77,114,114,0,31
77,114,114,4,117
77,114,114,32,26
77,114,114,61,61
77,114,114,100,122
77,114,114,108,84
77,114,114,123,23
77,150,150,7,172
77,150,150,13,100
77,150,150,47,27
77,150,150,128,33
78,59,59,11,43
78,59,59,34,92
78,59,59,128,128
78,59,59,168,199
78,59,59,169,150
78,59,59,180,38
78,70,70,51,22
78,70,70,75,147
78,70,70,104,196
78,70,70,118,188
78,70,70,121,183
78,70,70,191,51
78,82,82,37,34
78,82,82,79,109
78,136,136,7,155
78,136,136,9,135
78,136,136,36,18
78,136,136,154,115
78,136,136,154,196
78,187,187,24,151
78,187,187,27,47
78,187,187,39,85
78,187,187,53,174
78,187,187,58,101
78,187,187,115,189
78,187,187,129,145
78,198,198,4,117
78,198,198,52,124
78,198,198,66,132
79,3,3,49,15
79,3,3,100,126
79,3,3,114,38
79,3,3,152,34
79,3,3,176,43
79,38,38,18,16
79,38,38,19,91
79,38,38,43,157
79,38,38,44,139
79,61,61,53,37
79,61,61,53,37
79,61,61,58,36
79,61,61,58,36
79,61,61,60,118
79,61,61,60,118
79,61,61,107,45
79,61,61,107,45
79,61,61,143,160
79,61,61,143,160
79,61,61,155,173
79,61,61,155,173
79,61,61,162,49
79,61,61,162,49
79,73,73,7,190
79,73,73,55,4
79,73,73,85,160
79,73,73,130,164
79,73,73,142,196
79,73,73,172,190
79,73,73,174,21
79,107,107,4,41
79,107,107,22,79
79,107,107,175,194
79,107,107,179,153
79,107,107,193,50
79,140,140,19,5
79,140,140,20,3
79,140,140,101,99
79,140,140,137,156
79,140,140,158,153
79,140,140,177,198
79,140,140,198,24
80,15,15,35,9
80,15,15,54,120
80,15,15,79,76
80,20,20,74,97
80,20,20,143,114
80,20,20,200,163
80,41,41,28,63
80,41,41,40,170
80,41,41,49,113
80,41,41,100,170
80,41,41,120,130
80,41,41,124,27
80,45,45,45,94
80,45,45,53,14
80,45,45,142,116
80,45,45,152,191
80,45,45,162,113
80,111,111,46,98
80,111,111,109,97
80,111,111,174,125
80,131,131,35,176
80,131,131,67,93
80,131,131,77,150
80,131,131,96,44
80,131,131,190,0
80,153,153,37,150
80,153,153,37,150
80,153,153,69,113
80,153,153,69,113
80,153,153,87,134
80,153,153,87,134
81,46,46,92,36
81,46,46,94,122
81,46,46,173,64
81,120,120,70,130
81,120,120,128,104
81,120,120,143,167
81,120,120,197,79
81,169,169,30,184
81,169,169,104,3
81,169,169,153,136
81,169,169,176,75
81,192,192,109,32
81,192,192,177,23
81,192,192,182,109
82,2,2,101,191
82,2,2,127,121
82,2,2,146,136
82,2,2,200,44
82,86,86,42,119
82,86,86,125,95
82,86,86,180,110
82,86,86,199,101
82,89,89,52,115
82,89,89,66,152
82,89,89,103,172
82,89,89,154,196
82,111,111,46,98
82,111,111,109,97
82,111,111,174,125
82,166,166,13,54
82,166,166,13,152
82,166,166,18,187
82,166,166,102,158
82,166,166,125,59
83,28,28,189,94
83,85,85,29,162
83,85,85,42,32
83,85,85,191,30
83,142,142,5,96
83,142,142,164,58
83,142,142,176,38
83,175,175,65,72
83,175,175,91,149
83,175,175,130,182
83,175,175,155,105
83,175,175,166,29
83,175,175,179,158
84,45,45,45,94
84,45,45,53,14
84,45,45,142,116
84,45,45,152,191
84,45,45,162,113
85,40,40,70,183
85,40,40,89,184
85,40,40,90,131
85,40,40,99,134
85,40,40,126,171
85,40,40,190,157
85,51,51,41,83
85,51,51,59,193
85,51,51,109,163
85,51,51,145,188
85,161,161,7,128
85,161,161,87,134
85,161,161,153,10
86,54,54,7,131
86,54,54,13,81
86,54,54,63,1
86,54,54,95,63
86,54,54,123,11
86,54,54,125,0
86,54,54,163,166
86,54,54,186,169
86,56,56,23,125
86,56,56,50,56
86,56,56,60,35
86,56,56,85,195
86,56,56,181,164
86,99,99,72,100
86,99,99,109,63
86,99,99,112,82
86,99,99,200,74
86,178,178,2,82
86,178,178,39,112
86,178,178,67,160
86,178,178,74,187
86,178,178,114,73
86,178,178,140,90
86,178,178,199,186
87,6,6,52,34
87,6,6,66,83
87,6,6,123,179
87,6,6,165,32
87,6,6,181,104
87,6,6,194,47
87,58,58,50,100
87,58,58,72,110
87,58,58,80,28
87,58,58,85,177
87,58,58,146,15
87,58,58,175,2
87,58,58,188,197
87,58,58,195,154
87,73,73,7,190
87,73,73,7,190
87,73,73,55,4
87,73,73,55,4
87,73,73,85,160
87,73,73,85,160
87,73,73,130,164
87,73,73,130,164
87,73,73,142,196
87,73,73,142,196
87,73,73,172,190
87,73,73,172,190
87,73,73,174,21
87,73,73,174,21
87,132,132,28,137
87,132,132,126,147
87,132,132,156,115
87,151,151,20,180
87,151,151,27,11
87,151,151,129,100
87,151,151,144,86
87,151,151,199,11
87,185,185,8,103
87,185,185,85,1
88,93,93,40,22
88,93,93,59,65
88,93,93,117,23
88,93,93,129,51
88,93,93,146,184
88,93,93,165,107
88,104,104,32,24
88,104,104,53,155
88,104,104,71,145
88,104,104,186,125
88,117,117,72,70
88,117,117,105,183
88,117,117,121,145
88,117,117,158,94
88,117,117,177,29
88,117,117,183,104
88,129,129,8,148
88,129,129,48,25
88,129,129,72,24
88,129,129,87,107
88,129,129,134,151
88,129,129,154,45
88,129,129,181,86
88,150,150,7,172
88,150,150,13,100
88,150,150,47,27
88,150,150,128,33
88,189,189,59,25
88,189,189,71,169
89,5,5,24,44
89,5,5,63,9
89,5,5,67,146
89,5,5,117,149
89,5,5,122,195
89,5,5,184,40
89,48,48,4,102
89,48,48,117,90
89,48,48,148,73
89,48,48,149,80
89,48,48,158,110
89,48,48,165,127
89,48,48,190,148
89,59,59,11,43
89,59,59,34,92
89,59,59,128,128
89,59,59,168,199
89,59,59,169,150
89,59,59,180,38
89,81,81,55,78
89,81,81,110,132
89,92,92,37,175
89,92,92,38,18
89,92,92,124,103
89,92,92,141,76
89,92,92,151,198
89,92,92,176,119
89,92,92,185,59
89,94,94,52,193
89,94,94,88,86
89,94,94,92,73
89,94,94,150,112
89,94,94,167,69
89,94,94,172,25
89,113,113,33,33
89,113,113,85,124
89,113,113,150,174
89,118,118,27,106
89,118,118,41,39
89,118,118,66,5
89,118,118,74,8
89,118,118,78,188
89,118,118,158,174
89,119,119,75,5
89,119,119,113,189
89,119,119,147,152
89,119,119,185,47
89,164,164,26,38
89,164,164,32,182
89,164,164,75,127
89,164,164,76,43
89,164,164,79,111
89,164,164,91,159
89,164,164,106,180
89,164,164,131,56
89,164,164,136,178
89,199,199,47,127
89,199,199,79,70
89,199,199,162,162
89,199,199,164,105
89,199,199,166,74
89,199,199,189,4
90,24,24,0,108
90,24,24,9,175
90,24,24,43,13
90,24,24,96,9
90,24,24,106,122
90,63,63,22,190
90,63,63,38,195
90,63,63,81,108
90,63,63,113,151
90,63,63,129,102
90,63,63,174,160
90,63,63,192,106
90,95,95,166,41
90,95,95,191,158
90,123,123,44,133
90,123,123,87,187
90,123,123,170,144
90,171,171,3,183
90,171,171,37,110
90,171,171,75,175
90,171,171,140,160
90,171,171,172,114
90,195,195,44,152
90,195,195,45,25
90,195,195,103,35
90,195,195,129,174
90,195,195,134,195
90,195,195,188,128
91,6,6,52,34
91,6,6,66,83
91,6,6,123,179
91,6,6,165,32
91,6,6,181,104
91,6,6,194,47
91,14,14,6,5
91,14,14,22,117
91,14,14,26,13
91,14,14,134,77
91,14,14,167,118
91,47,47,17,134
91,47,47,20,134
91,47,47,33,81
91,47,47,49,56
91,47,47,94,91
91,47,47,119,136
91,47,47,148,158
91,54,54,7,131
91,54,54,13,81
91,54,54,63,1
91,54,54,95,63
91,54,54,123,11
91,54,54,125,0
91,54,54,163,166
91,54,54,186,169
91,113,113,33,33
91,113,113,85,124
91,113,113,150,174
91,129,129,8,148
91,129,129,48,25
91,129,129,72,24
91,129,129,87,107
91,129,129,134,151
91,129,129,154,45
91,129,129,181,86
91,182,182,88,186
91,182,182,91,24
91,182,182,150,151
91,182,182,199,10
91,190,190,47,108
91,190,190,88,58
91,190,190,109,45
91,190,190,117,129
91,190,190,144,14
91,190,190,184,110
91,190,190,185,200
92,42,42,7,127
92,42,42,8,153
92,42,42,31,11
92,42,42,37,60
92,42,42,106,25
92,58,58,50,100
92,58,58,72,110
92,58,58,80,28
92,58,58,85,177
92,58,58,146,15
92,58,58,175,2
92,58,58,188,197
92,58,58,195,154
92,127,127,11,32
92,127,127,121,106
92,127,127,137,141
92,127,127,165,21
92,127,127,168,95
93,26,26,96,27
93,26,26,122,96
93,26,26,186,63
93,26,26,194,21
93,28,28,189,94
93,176,176,54,83
93,176,176,68,163
93,176,176,70,177
93,176,176,132,77
93,179,179,6,15
93,179,179,24,37
93,179,179,65,122
93,179,179,67,176
93,179,179,143,19
93,179,179,172,49
94,40,40,70,183
94,40,40,89,184
94,40,40,90,131
94,40,40,99,134
94,40,40,126,171
94,40,40,190,157
94,50,50,7,113
94,50,50,9,85
94,50,50,20,13
94,50,50,24,38
94,50,50,25,145
94,50,50,56,120
94,50,50,82,79
94,50,50,97,139
94,50,50,141,3
94,50,50,162,11
94,77,77,0,137
94,77,77,52,90
94,77,77,82,168
94,77,77,90,91
94,159,159,15,184
94,159,159,26,183
94,159,159,122,95
94,159,159,186,49
94,159,159,195,114
95,57,57,0,83
95,57,57,24,130
95,57,57,65,97
95,57,57,79,26
95,57,57,88,14
95,57,57,95,145
95,57,57,102,167
95,57,57,116,117
95,57,57,143,53
95,57,57,169,198
95,57,57,175,116
95,57,57,200,147
95,106,106,13,121
95,106,106,38,51
95,106,106,152,147
95,125,125,77,46
95,125,125,120,22
95,125,125,133,196
95,125,125,177,98
95,129,129,8,148
95,129,129,48,25
95,129,129,72,24
95,129,129,87,107
95,129,129,134,151
95,129,129,154,45
95,129,129,181,86
96,11,11,4,70
96,11,11,28,108
96,11,11,33,26
96,11,11,35,110
96,11,11,72,44
96,11,11,166,60
96,11,11,168,28
96,43,43,22,68
96,43,43,104,56
96,43,43,109,111
96,43,43,132,164
96,65,65,194,63
96,83,83,55,172
96,83,83,174,183
96,83,83,194,54
96,103,103,98,59
96,103,103,106,16
96,158,158,97,81
96,158,158,104,55
96,158,158,117,155
96,158,158,137,67
97,9,9,133,8
97,9,9,167,116
97,9,9,181,109
97,93,93,40,22
97,93,93,59,65
97,93,93,117,23
97,93,93,129,51
97,93,93,146,184
97,93,93,165,107
97,104,104,32,24
97,104,104,53,155
97,104,104,71,145
97,104,104,186,125
97,152,152,51,62
97,152,152,149,22
97,152,152,185,2
97,155,155,47,166
97,155,155,48,71
97,155,155,77,55
97,155,155,92,161
97,155,155,138,130
98,35,35,3,30
98,35,35,16,61
98,35,35,82,137
98,35,35,154,189
98,35,35,155,147
98,35,35,176,64
98,35,35,176,177
98,35,35,177,164
98,115,115,34,56
98,115,115,85,25
98,115,115,128,151
98,115,115,140,5
98,115,115,172,44
99,26,26,96,27
99,26,26,122,96
99,26,26,186,63
99,26,26,194,21
99,160,160,51,191
99,160,160,148,98
99,160,160,152,45
99,160,160,157,193
99,160,160,197,40
100,26,26,96,27
100,26,26,122,96
100,26,26,186,63
100,26,26,194,21
100,42,42,7,127
100,42,42,8,153
100,42,42,31,11
100,42,42,37,60
100,42,42,106,25
100,152,152,51,62
100,152,152,149,22
100,152,152,185,2
100,169,169,30,184
100,169,169,104,3
100,169,169,153,136
100,169,169,176,75
100,175,175,65,72
100,175,175,91,149
100,175,175,130,182
100,175,175,155,105
100,175,175,166,29
100,175,175,179,158
100,180,180,7,197
100,180,180,19,105
100,180,180,72,55
100,180,180,191,141
100,180,180,200,51
101,55,55,22,81
101,55,55,69,196
101,55,55,110,118
101,55,55,114,6
101,55,55,150,175
101,55,55,186,172
101,66,66,12,1
101,66,66,85,42
101,66,66,101,103
101,66,66,120,186
101,66,66,166,126
101,66,66,169,150
101,113,113,33,33
101,113,113,85,124
101,113,113,150,174
101,129,129,8,148
101,129,129,48,25
101,129,129,72,24
101,129,129,87,107
101,129,129,134,151
101,129,129,154,45
101,129,129,181,86
101,133,133,26,91
101,133,133,198,150
101,173,173,87,111
101,173,173,89,60
101,173,173,94,10
101,173,173,121,88
101,173,173,126,135
101,173,173,134,78
101,173,173,181,164
101,173,173,186,46
101,197,197,14,62
101,197,197,21,200
101,197,197,60,139
101,197,197,125,118
101,197,197,198,133
102,25,25,34,136
102,25,25,49,5
102,25,25,116,136
102,25,25,156,96
102,25,25,189,176
102,39,39,24,52
102,39,39,45,162
102,39,39,57,157
102,39,39,81,136
102,39,39,112,105
102,39,39,130,137
102,39,39,181,100
102,78,78,22,52
102,78,78,47,30
102,78,78,48,191
102,78,78,71,159
102,78,78,84,11
102,78,78,109,164
102,78,78,126,40
102,78,78,175,103
102,101,101,24,28
102,101,101,65,110
102,101,101,179,85
102,152,152,51,62
102,152,152,149,22
102,152,152,185,2
103,7,7,96,15
103,7,7,125,169
103,34,34,15,49
103,34,34,15,49
103,34,34,49,87
103,34,34,49,87
103,34,34,60,50
103,34,34,60,50
103,34,34,68,113
103,34,34,68,113
103,34,34,94,152
103,34,34,94,152
103,34,34,120,21
103,34,34,120,21
103,34,34,131,36
103,34,34,131,36
103,34,34,138,11
103,34,34,138,11
103,56,56,23,125
103,56,56,50,56
103,56,56,60,35
103,56,56,85,195
103,56,56,181,164
103,165,165,4,122
103,165,165,41,34
103,165,165,74,79
103,165,165,80,90
103,165,165,85,10
103,165,165,152,172
103,165,165,192,74
104,5,5,24,44
104,5,5,63,9
104,5,5,67,146
104,5,5,117,149
104,5,5,122,195
104,5,5,184,40
104,31,31,12,177
104,31,31,95,85
104,31,31,179,29
104,40,40,70,183
104,40,40,89,184
104,40,40,90,131
104,40,40,99,134
104,40,40,126,171
104,40,40,190,157
104,50,50,7,113
104,50,50,9,85
104,50,50,20,13
104,50,50,24,38
104,50,50,25,145
104,50,50,56,120
104,50,50,82,79
104,50,50,97,139
104,50,50,141,3
104,50,50,162,11
104,51,51,41,83
104,51,51,59,193
104,51,51,109,163
104,51,51,145,188
104,79,79,175,83
104,79,79,196,88
104,155,155,47,166
104,155,155,48,71
104,155,155,77,55
104,155,155,92,161
104,155,155,138,130
104,159,159,15,184
104,159,159,26,183
104,159,159,122,95
104,159,159,186,49
104,159,159,195,114
104,189,189,59,25
104,189,189,71,169
105,137,137,1,3
105,137,137,44,99
105,137,137,50,68
105,137,137,96,114
105,137,137,194,151
106,21,21,30,166
106,21,21,51,78
106,21,21,66,54
106,21,21,68,137
106,21,21,83,77
106,21,21,89,180
106,21,21,161,52
106,21,21,171,97
106,21,21,176,98
106,21,21,192,34
106,23,23,52,79
106,23,23,82,140
106,23,23,175,163
106,38,38,18,16
106,38,38,19,91
106,38,38,43,157
106,38,38,44,139
106,50,50,7,113
106,50,50,9,85
106,50,50,20,13
106,50,50,24,38
106,50,50,25,145
106,50,50,56,120
106,50,50,82,79
106,50,50,97,139
106,50,50,141,3
106,50,50,162,11
106,84,84,30,130
106,84,84,55,96
106,84,84,61,178
106,84,84,110,147
106,84,84,148,161
106,84,84,170,177
106,190,190,47,108
106,190,190,88,58
106,190,190,109,45
106,190,190,117,129
106,190,190,144,14
106,190,190,184,110
106,190,190,185,200
107,27,27,128,50
107,27,27,129,85
107,27,27,137,109
107,27,27,147,58
107,27,27,165,15
107,67,67,58,115
107,67,67,95,66
107,67,67,154,113
107,89,89,52,115
107,89,89,66,152
107,89,89,103,172
107,89,89,154,196
107,124,124,99,28
107,124,124,104,33
107,124,124,114,44
107,124,124,140,35
107,124,124,142,38
107,124,124,157,98
107,131,131,35,176
107,131,131,67,93
107,131,131,77,150
107,131,131,96,44
107,131,131,190,0
107,169,169,30,184
107,169,169,104,3
107,169,169,153,136
107,169,169,176,75
107,200,200,38,117
107,200,200,41,66
107,200,200,94,34
107,200,200,106,67
107,200,200,107,13
107,200,200,151,13
107,200,200,172,122
107,200,200,197,108
108,8,8,5,5
108,8,8,7,151
108,8,8,12,145
108,8,8,58,120
108,8,8,59,126
108,8,8,150,95
108,8,8,185,81
108,45,45,45,94
108,45,45,53,14
108,45,45,142,116
108,45,45,152,191
108,45,45,162,113
108,155,155,47,166
108,155,155,48,71
108,155,155,77,55
108,155,155,92,161
108,155,155,138,130
109,19,19,16,95
109,19,19,37,112
109,19,19,37,195
109,19,19,192,127
109,74,74,33,95
109,74,74,164,157
109,74,74,186,39
109,83,83,55,172
109,83,83,174,183
109,83,83,194,54
109,148,148,36,129
109,148,148,85,170
109,148,148,183,190
109,148,148,191,75
109,148,148,192,54
109,148,148,194,143
110,20,20,74,97
110,20,20,143,114
110,20,20,200,163
110,81,81,55,78
110,81,81,110,132
110,144,144,24,19
110,144,144,100,51
110,160,160,51,191
110,160,160,148,98
110,160,160,152,45
110,160,160,157,193
110,160,160,197,40
111,0,0,2,185
111,0,0,81,12
111,0,0,162,46
111,0,0,177,195
111,40,40,70,183
111,40,40,89,184
111,40,40,90,131
111,40,40,99,134
111,40,40,126,171
111,40,40,190,157
111,110,110,68,60
111,110,110,104,190
111,110,110,110,190
111,141,141,88,130
111,141,141,155,60
111,141,141,192,83
111,170,170,59,9
111,170,170,97,102
111,170,170,114,140
111,170,170,183,108
111,170,170,188,187
112,10,10,55,168
112,10,10,128,170
112,10,10,131,37
112,45,45,45,94
112,45,45,53,14
112,45,45,142,116
112,45,45,152,191
112,45,45,162,113
112,89,89,52,115
112,89,89,66,152
112,89,89,103,172
112,89,89,154,196
112,91,91,66,61
112,91,91,95,88
112,91,91,164,173
112,91,91,196,129
112,99,99,72,100
112,99,99,109,63
112,99,99,112,82
112,99,99,200,74
112,139,139,11,53
112,139,139,29,197
112,139,139,100,125
112,139,139,101,151
112,139,139,121,81
112,139,139,124,44
112,139,139,179,4
112,163,163,22,165
112,163,163,26,173
112,163,163,35,152
112,163,163,57,88
112,163,163,67,137
112,163,163,68,14
112,163,163,90,120
112,163,163,118,99
112,163,163,176,93
112,163,163,188,109
112,163,163,191,191
112,176,176,54,83
112,176,176,68,163
112,176,176,70,177
112,176,176,132,77
113,32,32,20,161
113,32,32,54,122
113,32,32,72,66
113,32,32,90,191
113,32,32,100,97
113,32,32,121,84
113,32,32,126,129
113,32,32,138,178
113,32,32,180,138
113,34,34,15,49
113,34,34,49,87
113,34,34,60,50
113,34,34,68,113
113,34,34,94,152
113,34,34,120,21
113,34,34,131,36
113,34,34,138,11
113,73,73,7,190
113,73,73,55,4
113,73,73,85,160
113,73,73,130,164
113,73,73,142,196
113,73,73,172,190
113,73,73,174,21
113,75,75,82,67
113,75,75,127,168
113,75,75,138,191
113,75,75,155,23
113,75,75,196,54
113,97,97,33,192
113,97,97,150,171
113,112,112,24,118
113,112,112,112,31
113,112,112,191,1
113,182,182,88,186
113,182,182,91,24
113,182,182,150,151
113,182,182,199,10
113,193,193,135,149
113,193,193,157,187
113,193,193,166,130
113,193,193,179,137
114,144,144,24,19
114,144,144,100,51
114,162,162,24,147
114,162,162,47,198
114,162,162,56,116
114,162,162,77,169
114,162,162,109,88
114,162,162,193,101
114,173,173,87,111
114,173,173,89,60
114,173,173,94,10
114,173,173,121,88
114,173,173,126,135
114,173,173,134,78
114,173,173,181,164
114,173,173,186,46
114,190,190,47,108
114,190,190,88,58
114,190,190,109,45
114,190,190,117,129
114,190,190,144,14
114,190,190,184,110
114,190,190,185,200
115,3,3,49,15
115,3,3,100,126
115,3,3,114,38
115,3,3,152,34
115,3,3,176,43
115,50,50,7,113
115,50,50,9,85
115,50,50,20,13
115,50,50,24,38
115,50,50,25,145
115,50,50,56,120
115,50,50,82,79
115,50,50,97,139
115,50,50,141,3
115,50,50,162,11
115,145,145,55,29
115,145,145,107,6
115,145,145,169,158
115,199,199,47,127
115,199,199,79,70
115,199,199,162,162
115,199,199,164,105
115,199,199,166,74
115,199,199,189,4
116,79,79,175,83
116,79,79,196,88
116,154,154,29,95
116,154,154,85,77
116,154,154,128,195
116,154,154,137,185
116,154,154,161,145
116,154,154,189,114
116,159,159,15,184
116,159,159,26,183
116,159,159,122,95
116,159,159,186,49
116,159,159,195,114
117,28,28,189,94
117,28,28,189,94
117,121,121,28,96
117,121,121,55,196
117,121,121,185,58
117,174,174,19,5
117,174,174,38,34
117,174,174,60,184
117,174,174,122,42
117,193,193,135,149
117,193,193,157,187
117,193,193,166,130
117,193,193,179,137
117,200,200,38,117
117,200,200,41,66
117,200,200,94,34
117,200,200,106,67
117,200,200,107,13
117,200,200,151,13
117,200,200,172,122
117,200,200,197,108
118,17,17,65,55
118,43,43,22,68
118,43,43,104,56
118,43,43,109,111
118,43,43,132,164
118,79,79,175,83
118,79,79,196,88
118,114,114,0,31
118,114,114,4,117
118,114,114,32,26
118,114,114,61,61
118,114,114,100,122
118,114,114,108,84
118,114,114,123,23
118,149,149,43,98
118,149,149,129,164
118,149,149,152,9
118,149,149,152,192
118,149,149,171,101
118,158,158,97,81
118,158,158,104,55
118,158,158,117,155
118,158,158,137,67
118,169,169,30,184
118,169,169,104,3
118,169,169,153,136
118,169,169,176,75
118,180,180,7,197
118,180,180,19,105
118,180,180,72,55
118,180,180,191,141
118,180,180,200,51
119,70,70,51,22
119,70,70,75,147
119,70,70,104,196
119,70,70,118,188
119,70,70,121,183
119,70,70,191,51
119,148,148,36,129
119,148,148,85,170
119,148,148,183,190
119,148,148,191,75
119,148,148,192,54
119,148,148,194,143
119,184,184,19,59
119,184,184,30,2
119,184,184,45,19
119,184,184,83,69
119,184,184,164,50
119,184,184,197,173
120,9,9,133,8
120,9,9,167,116
120,9,9,181,109
120,88,88,51,25
120,88,88,62,85
120,88,88,93,151
121,17,17,65,55
121,25,25,34,136
121,25,25,49,5
121,25,25,116,136
121,25,25,156,96
121,25,25,189,176
121,71,71,111,81
121,71,71,158,9
121,117,117,72,70
121,117,117,105,183
121,117,117,121,145
121,117,117,158,94
121,117,117,177,29
121,117,117,183,104
121,131,131,35,176
121,131,131,67,93
121,131,131,77,150
121,131,131,96,44
121,131,131,190,0
121,150,150,7,172
121,150,150,13,100
121,150,150,47,27
121,150,150,128,33
121,157,157,62,169
121,157,157,108,30
121,157,157,132,121
121,157,157,146,176
121,157,157,171,97
121,164,164,26,38
121,164,164,32,182
121,164,164,75,127
121,164,164,76,43
121,164,164,79,111
121,164,164,91,159
121,164,164,106,180
121,164,164,131,56
121,164,164,136,178
121,175,175,65,72
121,175,175,91,149
121,175,175,130,182
121,175,175,155,105
121,175,175,166,29
121,175,175,179,158
122,24,24,0,108
122,24,24,9,175
122,24,24,43,13
122,24,24,96,9
122,24,24,106,122
122,54,54,7,131
122,54,54,13,81
122,54,54,63,1
122,54,54,95,63
122,54,54,123,11
122,54,54,125,0
122,54,54,163,166
122,54,54,186,169
123,8,8,5,5
123,8,8,7,151
123,8,8,12,145
123,8,8,58,120
123,8,8,59,126
123,8,8,150,95
123,8,8,185,81
123,143,143,23,24
123,143,143,73,94
123,143,143,111,78
123,143,143,162,112
123,189,189,59,25
123,189,189,71,169
124,39,39,24,52
124,39,39,45,162
124,39,39,57,157
124,39,39,81,136
124,39,39,112,105
124,39,39,130,137
124,39,39,181,100
124,41,41,28,63
124,41,41,40,170
124,41,41,49,113
124,41,41,100,170
124,41,41,120,130
124,41,41,124,27
124,75,75,82,67
124,75,75,127,168
124,75,75,138,191
124,75,75,155,23
124,75,75,196,54
124,166,166,13,54
124,166,166,13,152
124,166,166,18,187
124,166,166,102,158
124,166,166,125,59
124,175,175,65,72
124,175,175,91,149
124,175,175,130,182
124,175,175,155,105
124,175,175,166,29
124,175,175,179,158
125,50,50,7,113
125,50,50,9,85
125,50,50,20,13
125,50,50,24,38
125,50,50,25,145
125,50,50,56,120
125,50,50,82,79
125,50,50,97,139
125,50,50,141,3
125,50,50,162,11
125,109,109,9,164
125,109,109,88,44
125,109,109,93,78
125,109,109,137,171
125,109,109,146,141
125,115,115,34,56
125,115,115,85,25
125,115,115,128,151
125,115,115,140,5
125,115,115,172,44
125,141,141,88,130
125,141,141,155,60
125,141,141,192,83
126,52,52,4,144
126,52,52,30,198
126,52,52,95,165
126,52,52,108,34
126,52,52,122,144
126,52,52,151,95
126,52,52,179,161
126,55,55,22,81
126,55,55,69,196
126,55,55,110,118
126,55,55,114,6
126,55,55,150,175
126,55,55,186,172
126,160,160,51,191
126,160,160,148,98
126,160,160,152,45
126,160,160,157,193
126,160,160,197,40
126,169,169,30,184
126,169,169,104,3
126,169,169,153,136
126,169,169,176,75
126,171,171,3,183
126,171,171,37,110
126,171,171,75,175
126,171,171,140,160
126,171,171,172,114
126,180,180,7,197
126,180,180,19,105
126,180,180,72,55
126,180,180,191,141
126,180,180,200,51
126,186,186,11,117
126,186,186,14,151
126,186,186,25,87
126,186,186,39,116
126,186,186,53,45
126,186,186,86,80
126,186,186,89,56
126,186,186,125,79
127,113,113,33,33
127,113,113,85,124
127,113,113,150,174
127,117,117,72,70
127,117,117,105,183
127,117,117,121,145
127,117,117,158,94
127,117,117,177,29
127,117,117,183,104
127,152,152,51,62
127,152,152,149,22
127,152,152,185,2
127,164,164,26,38
127,164,164,32,182
127,164,164,75,127
127,164,164,76,43
127,164,164,79,111
127,164,164,91,159
127,164,164,106,180
127,164,164,131,56
127,164,164,136,178
127,167,167,19,96
127,167,167,44,102
127,167,167,50,171
127,167,167,55,41
127,167,167,76,113
127,167,167,109,11
127,167,167,154,17
127,167,167,187,158
127,187,187,24,151
127,187,187,27,47
127,187,187,39,85
127,187,187,53,174
127,187,187,58,101
127,187,187,115,189
127,187,187,129,145
128,102,102,3,34
128,102,102,7,181
128,102,102,116,1
128,159,159,15,184
128,159,159,26,183
128,159,159,122,95
128,159,159,186,49
128,159,159,195,114
128,196,196,20,119
128,196,196,102,150
128,196,196,110,11
128,196,196,166,119
129,31,31,12,177
129,31,31,95,85
129,31,31,179,29
129,32,32,20,161
129,32,32,54,122
129,32,32,72,66
129,32,32,90,191
129,32,32,100,97
129,32,32,121,84
129,32,32,126,129
129,32,32,138,178
129,32,32,180,138
129,63,63,22,190
129,63,63,38,195
129,63,63,81,108
129,63,63,113,151
129,63,63,129,102
129,63,63,174,160
129,63,63,192,106
129,110,110,68,60
129,110,110,104,190
129,110,110,110,190
129,121,121,28,96
129,121,121,55,196
129,121,121,185,58
129,125,125,77,46
129,125,125,120,22
129,125,125,133,196
129,125,125,177,98
129,179,179,6,15
129,179,179,24,37
129,179,179,65,122
129,179,179,67,176
129,179,179,143,19
129,179,179,172,49
129,195,195,44,152
129,195,195,44,152
129,195,195,45,25
129,195,195,45,25
129,195,195,103,35
129,195,195,103,35
129,195,195,129,174
129,195,195,129,174
129,195,195,134,195
129,195,195,134,195
129,195,195,188,128
129,195,195,188,128
130,54,54,7,131
130,54,54,13,81
130,54,54,63,1
130,54,54,95,63
130,54,54,123,11
130,54,54,125,0
130,54,54,163,166
130,54,54,186,169
130,68,68,10,57
130,68,68,23,119
130,68,68,23,177
130,68,68,66,172
130,68,68,69,62
130,68,68,88,159
130,68,68,89,164
130,68,68,91,141
130,68,68,175,151
130,68,68,185,163
130,68,68,194,18
130,70,70,51,22
130,70,70,75,147
130,70,70,104,196
130,70,70,118,188
130,70,70,121,183
130,70,70,191,51
130,73,73,7,190
130,73,73,55,4
130,73,73,85,160
130,73,73,130,164
130,73,73,142,196
130,73,73,172,190
130,73,73,174,21
130,111,111,46,98
130,111,111,109,97
130,111,111,174,125
130,134,134,41,50
130,134,134,48,149
130,134,134,54,199
130,134,134,68,40
130,134,134,74,187
130,134,134,144,54
130,134,134,182,55
130,134,134,188,40
130,158,158,97,81
130,158,158,104,55
130,158,158,117,155
130,158,158,137,67
131,9,9,133,8
131,9,9,167,116
131,9,9,181,109
131,62,62,6,71
131,62,62,7,53
131,62,62,53,130
131,62,62,106,156
131,62,62,181,46
131,62,62,196,75
131,108,108,62,127
131,108,108,71,99
131,108,108,109,43
131,108,108,125,82
131,108,108,157,182
131,108,108,163,157
131,124,124,99,28
131,124,124,104,33
131,124,124,114,44
131,124,124,140,35
131,124,124,142,38
131,124,124,157,98
131,138,138,120,160
131,138,138,140,73
131,138,138,152,17
131,138,138,163,195
132,1,1,63,43
132,1,1,63,191
132,1,1,68,122
132,1,1,87,173
132,1,1,137,22
132,1,1,146,192
132,1,1,172,99
132,4,4,37,110
132,4,4,89,198
132,4,4,140,6
132,4,4,156,156
132,4,4,177,77
132,4,4,185,112
132,17,17,65,55
132,46,46,92,36
132,46,46,94,122
132,46,46,173,64
132,122,122,25,31
132,122,122,33,80
132,122,122,66,199
132,122,122,68,155
132,122,122,156,101
132,142,142,5,96
132,142,142,164,58
132,142,142,176,38
132,194,194,46,24
132,194,194,65,164
132,194,194,93,89
132,194,194,109,145
132,194,194,145,85
132,194,194,172,166
133,45,45,45,94
133,45,45,53,14
133,45,45,142,116
133,45,45,152,191
133,45,45,162,113
133,47,47,17,134
133,47,47,20,134
133,47,47,33,81
133,47,47,49,56
133,47,47,94,91
133,47,47,119,136
133,47,47,148,158
133,49,49,3,109
133,49,49,81,125
133,49,49,101,50
133,49,49,105,36
133,49,49,116,131
133,49,49,160,168
133,49,49,176,90
133,51,51,41,83
133,51,51,59,193
133,51,51,109,163
133,51,51,145,188
133,88,88,51,25
133,88,88,62,85
133,88,88,93,151
134,64,64,29,162
134,64,64,117,86
134,64,64,162,24
134,152,152,51,62
134,152,152,149,22
134,152,152,185,2
134,195,195,44,152
134,195,195,45,25
134,195,195,103,35
134,195,195,129,174
134,195,195,134,195
134,195,195,188,128
135,4,4,37,110
135,4,4,89,198
135,4,4,140,6
135,4,4,156,156
135,4,4,177,77
135,4,4,185,112
135,16,16,47,20
135,16,16,80,165
135,16,16,97,53
135,16,16,97,133
135,16,16,185,170
135,16,16,193,73
135,28,28,189,94
135,65,65,194,63
135,66,66,12,1
135,66,66,85,42
135,66,66,101,103
135,66,66,120,186
135,66,66,166,126
135,66,66,169,150
135,101,101,24,28
135,101,101,65,110
135,101,101,179,85
135,106,106,13,121
135,106,106,38,51
135,106,106,152,147
135,166,166,13,54
135,166,166,13,152
135,166,166,18,187
135,166,166,102,158
135,166,166,125,59
136,69,69,39,72
136,69,69,181,148
136,78,78,22,52
136,78,78,47,30
136,78,78,48,191
136,78,78,71,159
136,78,78,84,11
136,78,78,109,164
136,78,78,126,40
136,78,78,175,103
136,96,96,3,29
136,96,96,68,186
136,96,96,77,1
136,96,96,103,160
136,96,96,126,147
136,96,96,146,152
136,96,96,161,149
136,96,96,167,130
136,96,96,169,82
136,96,96,176,111
136,96,96,193,17
136,126,126,29,187
136,126,126,39,173
136,126,126,55,162
136,126,126,60,70
136,126,126,72,140
136,126,126,94,21
136,126,126,97,15
136,126,126,113,1
136,126,126,185,195
136,134,134,41,50
136,134,134,48,149
136,134,134,54,199
136,134,134,68,40
136,134,134,74,187
136,134,134,144,54
136,134,134,182,55
136,134,134,188,40
136,155,155,47,166
136,155,155,48,71
136,155,155,77,55
136,155,155,92,161
136,155,155,138,130
137,14,14,6,5
137,14,14,22,117
137,14,14,26,13
137,14,14,134,77
137,14,14,167,118
137,62,62,6,71
137,62,62,7,53
137,62,62,53,130
137,62,62,106,156
137,62,62,181,46
137,62,62,196,75
137,84,84,30,130
137,84,84,55,96
137,84,84,61,178
137,84,84,110,147
137,84,84,148,161
137,84,84,170,177
137,102,102,3,34
137,102,102,7,181
137,102,102,116,1
137,165,165,4,122
137,165,165,41,34
137,165,165,74,79
137,165,165,80,90
137,165,165,85,10
137,165,165,152,172
137,165,165,192,74
138,26,26,96,27
138,26,26,122,96
138,26,26,186,63
138,26,26,194,21
138,28,28,189,94
138,41,41,28,63
138,41,41,40,170
138,41,41,49,113
138,41,41,100,170
138,41,41,120,130
138,41,41,124,27
138,55,55,22,81
138,55,55,69,196
138,55,55,110,118
138,55,55,114,6
138,55,55,150,175
138,55,55,186,172
138,166,166,13,54
138,166,166,13,152
138,166,166,18,187
138,166,166,102,158
138,166,166,125,59
139,61,61,53,37
139,61,61,58,36
139,61,61,60,118
139,61,61,107,45
139,61,61,143,160
139,61,61,155,173
139,61,61,162,49
139,63,63,22,190
139,63,63,22,190
139,63,63,38,195
139,63,63,38,195
139,63,63,81,108
139,63,63,81,108
139,63,63,113,151
139,63,63,113,151
139,63,63,129,102
139,63,63,129,102
139,63,63,174,160
139,63,63,174,160
139,63,63,192,106
139,63,63,192,106
139,76,76,39,48
139,76,76,74,157
139,76,76,85,22
139,76,76,99,72
139,76,76,152,64
139,151,151,20,180
139,151,151,27,11
139,151,151,129,100
139,151,151,144,86
139,151,151,199,11
139,186,186,11,117
139,186,186,14,151
139,186,186,25,87
139,186,186,39,116
139,186,186,53,45
139,186,186,86,80
139,186,186,89,56
139,186,186,125,79
139,190,190,47,108
139,190,190,88,58
139,190,190,109,45
139,190,190,117,129
139,190,190,144,14
139,190,190,184,110
139,190,190,185,200
140,0,0,2,185
140,0,0,81,12
140,0,0,162,46
140,0,0,177,195
140,59,59,11,43
140,59,59,34,92
140,59,59,128,128
140,59,59,168,199
140,59,59,169,150
140,59,59,180,38
140,72,72,5,133
140,72,72,158,155
140,72,72,187,59
140,175,175,65,72
140,175,175,91,149
140,175,175,130,182
140,175,175,155,105
140,175,175,166,29
140,175,175,179,158
140,187,187,24,151
140,187,187,27,47
140,187,187,39,85
140,187,187,53,174
140,187,187,58,101
140,187,187,115,189
140,187,187,129,145
141,50,50,7,113
141,50,50,9,85
141,50,50,20,13
141,50,50,24,38
141,50,50,25,145
141,50,50,56,120
141,50,50,82,79
141,50,50,97,139
141,50,50,141,3
141,50,50,162,11
141,92,92,37,175
141,92,92,38,18
141,92,92,124,103
141,92,92,141,76
141,92,92,151,198
141,92,92,176,119
141,92,92,185,59
141,148,148,36,129
141,148,148,85,170
141,148,148,183,190
141,148,148,191,75
141,148,148,192,54
141,148,148,194,143
141,154,154,29,95
141,154,154,85,77
141,154,154,128,195
141,154,154,137,185
141,154,154,161,145
141,154,154,189,114
142,15,15,35,9
142,15,15,54,120
142,15,15,79,76
142,43,43,22,68
142,43,43,104,56
142,43,43,109,111
142,43,43,132,164
142,52,52,4,144
142,52,52,30,198
142,52,52,95,165
142,52,52,108,34
142,52,52,122,144
142,52,52,151,95
142,52,52,179,161
142,78,78,22,52
142,78,78,47,30
142,78,78,48,191
142,78,78,71,159
142,78,78,84,11
142,78,78,109,164
142,78,78,126,40
142,78,78,175,103
142,133,133,26,91
142,133,133,198,150
142,145,145,55,29
142,145,145,107,6
142,145,145,169,158
142,168,168,16,73
142,168,168,78,155
142,168,168,151,192
142,169,169,30,184
142,169,169,104,3
142,169,169,153,136
142,169,169,176,75
142,182,182,88,186
142,182,182,91,24
142,182,182,150,151
142,182,182,199,10
142,188,188,12,168
142,188,188,16,172
142,188,188,19,95
142,188,188,29,120
142,188,188,39,30
142,188,188,165,20
142,188,188,178,105
142,197,197,14,62
142,197,197,21,200
142,197,197,60,139
142,197,197,125,118
142,197,197,198,133
143,35,35,3,30
143,35,35,16,61
143,35,35,82,137
143,35,35,154,189
143,35,35,155,147
143,35,35,176,64
143,35,35,176,177
143,35,35,177,164
143,104,104,32,24
143,104,104,53,155
143,104,104,71,145
143,104,104,186,125
143,144,144,24,19
143,144,144,100,51
143,169,169,30,184
143,169,169,104,3
143,169,169,153,136
143,169,169,176,75
144,19,19,16,95
144,19,19,37,112
144,19,19,37,195
144,19,19,192,127
144,34,34,15,49
144,34,34,49,87
144,34,34,60,50
144,34,34,68,113
144,34,34,94,152
144,34,34,120,21
144,34,34,131,36
144,34,34,138,11
144,85,85,29,162
144,85,85,42,32
144,85,85,191,30
144,175,175,65,72
144,175,175,91,149
144,175,175,130,182
144,175,175,155,105
144,175,175,166,29
144,175,175,179,158
144,181,181,19,116
144,181,181,21,139
144,181,181,28,14
144,181,181,83,135
144,181,181,96,53
144,181,181,149,186
144,181,181,164,123
144,181,181,173,29
144,198,198,4,117
144,198,198,52,124
144,198,198,66,132
145,33,33,12,3
145,33,33,64,131
145,33,33,114,56
145,33,33,183,55
145,37,37,6,20
145,37,37,6,97
145,37,37,20,40
145,37,37,54,69
145,37,37,75,62
145,37,37,83,20
145,37,37,111,9
145,37,37,125,176
145,37,37,131,162
145,37,37,195,169
145,54,54,7,131
145,54,54,13,81
145,54,54,63,1
145,54,54,95,63
145,54,54,123,11
145,54,54,125,0
145,54,54,163,166
145,54,54,186,169
145,55,55,22,81
145,55,55,69,196
145,55,55,110,118
145,55,55,114,6
145,55,55,150,175
145,55,55,186,172
145,88,88,51,25
145,88,88,62,85
145,88,88,93,151
145,131,131,35,176
145,131,131,67,93
145,131,131,77,150
145,131,131,96,44
145,131,131,190,0
145,146,146,57,189
145,146,146,63,141
145,146,146,74,12
145,146,146,134,22
146,9,9,133,8
146,9,9,167,116
146,9,9,181,109
146,21,21,30,166
146,21,21,51,78
146,21,21,66,54
146,21,21,68,137
146,21,21,83,77
146,21,21,89,180
146,21,21,161,52
146,21,21,171,97
146,21,21,176,98
146,21,21,192,34
146,62,62,6,71
146,62,62,7,53
146,62,62,53,130
146,62,62,106,156
146,62,62,181,46
146,62,62,196,75
146,133,133,26,91
146,133,133,198,150
146,143,143,23,24
146,143,143,73,94
146,143,143,111,78
146,143,143,162,112
146,181,181,19,116
146,181,181,21,139
146,181,181,28,14
146,181,181,83,135
146,181,181,96,53
146,181,181,149,186
146,181,181,164,123
146,181,181,173,29
147,70,70,51,22
147,70,70,75,147
147,70,70,104,196
147,70,70,118,188
147,70,70,121,183
147,70,70,191,51
147,87,87,0,0
147,87,87,32,184
147,87,87,103,69
147,87,87,165,194
147,87,87,182,72
147,87,87,188,40
147,129,129,8,148
147,129,129,48,25
147,129,129,72,24
147,129,129,87,107
147,129,129,134,151
147,129,129,154,45
147,129,129,181,86
147,196,196,20,119
147,196,196,102,150
147,196,196,110,11
147,196,196,166,119
148,69,69,39,72
148,69,69,181,148
148,118,118,27,106
148,118,118,41,39
148,118,118,66,5
148,118,118,74,8
148,118,118,78,188
148,118,118,158,174
149,65,65,194,63
149,96,96,3,29
149,96,96,68,186
149,96,96,77,1
149,96,96,103,160
149,96,96,126,147
149,96,96,146,152
149,96,96,161,149
149,96,96,167,130
149,96,96,169,82
149,96,96,176,111
149,96,96,193,17
149,151,151,20,180
149,151,151,27,11
149,151,151,129,100
149,151,151,144,86
149,151,151,199,11
149,191,191,9,36
149,191,191,17,1
149,191,191,77,24
149,191,191,167,25
150,67,67,58,115
150,67,67,95,66
150,67,67,154,113
150,95,95,166,41
150,95,95,191,158
150,140,140,19,5
150,140,140,20,3
150,140,140,101,99
150,140,140,137,156
150,140,140,158,153
150,140,140,177,198
150,140,140,198,24
150,181,181,19,116
150,181,181,21,139
150,181,181,28,14
150,181,181,83,135
150,181,181,96,53
150,181,181,149,186
150,181,181,164,123
150,181,181,173,29
150,200,200,38,117
150,200,200,41,66
150,200,200,94,34
150,200,200,106,67
150,200,200,107,13
150,200,200,151,13
150,200,200,172,122
150,200,200,197,108
151,14,14,6,5
151,14,14,22,117
151,14,14,26,13
151,14,14,134,77
151,14,14,167,118
151,119,119,75,5
151,119,119,113,189
151,119,119,147,152
151,119,119,185,47
152,0,0,2,185
152,0,0,81,12
152,0,0,162,46
152,0,0,177,195
152,54,54,7,131
152,54,54,13,81
152,54,54,63,1
152,54,54,95,63
152,54,54,123,11
152,54,54,125,0
152,54,54,163,166
152,54,54,186,169
152,101,101,24,28
152,101,101,65,110
152,101,101,179,85
152,108,108,62,127
152,108,108,71,99
152,108,108,109,43
152,108,108,125,82
152,108,108,157,182
152,108,108,163,157
152,146,146,57,189
152,146,146,63,141
152,146,146,74,12
152,146,146,134,22
152,180,180,7,197
152,180,180,19,105
152,180,180,72,55
152,180,180,191,141
152,180,180,200,51
152,187,187,24,151
152,187,187,27,47
152,187,187,39,85
152,187,187,53,174
152,187,187,58,101
152,187,187,115,189
152,187,187,129,145
153,2,2,101,191
153,2,2,127,121
153,2,2,146,136
153,2,2,200,44
153,19,19,16,95
153,19,19,37,112
153,19,19,37,195
153,19,19,192,127
153,186,186,11,117
153,186,186,14,151
153,186,186,25,87
153,186,186,39,116
153,186,186,53,45
153,186,186,86,80
153,186,186,89,56
153,186,186,125,79
154,63,63,22,190
154,63,63,38,195
154,63,63,81,108
154,63,63,113,151
154,63,63,129,102
154,63,63,174,160
154,63,63,192,106
154,87,87,0,0
154,87,87,32,184
154,87,87,103,69
154,87,87,165,194
154,87,87,182,72
154,87,87,188,40
154,88,88,51,25
154,88,88,62,85
154,88,88,93,151
154,93,93,40,22
154,93,93,59,65
154,93,93,117,23
154,93,93,129,51
154,93,93,146,184
154,93,93,165,107
154,178,178,2,82
154,178,178,39,112
154,178,178,67,160
154,178,178,74,187
154,178,178,114,73
154,178,178,140,90
154,178,178,199,186
155,109,109,9,164
155,109,109,88,44
155,109,109,93,78
155,109,109,137,171
155,109,109,146,141
155,145,145,55,29
155,145,145,107,6
155,145,145,169,158
156,51,51,41,83
156,51,51,59,193
156,51,51,109,163
156,51,51,145,188
156,64,64,29,162
156,64,64,117,86
156,64,64,162,24
156,83,83,55,172
156,83,83,174,183
156,83,83,194,54
156,167,167,19,96
156,167,167,44,102
156,167,167,50,171
156,167,167,55,41
156,167,167,76,113
156,167,167,109,11
156,167,167,154,17
156,167,167,187,158
157,2,2,101,191
157,2,2,127,121
157,2,2,146,136
157,2,2,200,44
157,73,73,7,190
157,73,73,55,4
157,73,73,85,160
157,73,73,130,164
157,73,73,142,196
157,73,73,172,190
157,73,73,174,21
157,159,159,15,184
157,159,159,26,183
157,159,159,122,95
157,159,159,186,49
157,159,159,195,114
157,163,163,22,165
157,163,163,26,173
157,163,163,35,152
157,163,163,57,88
157,163,163,67,137
157,163,163,68,14
157,163,163,90,120
157,163,163,118,99
157,163,163,176,93
157,163,163,188,109
157,163,163,191,191
158,15,15,35,9
158,15,15,54,120
158,15,15,79,76
158,41,41,28,63
158,41,41,40,170
158,41,41,49,113
158,41,41,100,170
158,41,41,120,130
158,41,41,124,27
158,150,150,7,172
158,150,150,13,100
158,150,150,47,27
158,150,150,128,33
159,57,57,0,83
159,57,57,24,130
159,57,57,65,97
159,57,57,79,26
159,57,57,88,14
159,57,57,95,145
159,57,57,102,167
159,57,57,116,117
159,57,57,143,53
159,57,57,169,198
159,57,57,175,116
159,57,57,200,147
159,139,139,11,53
159,139,139,29,197
159,139,139,100,125
159,139,139,101,151
159,139,139,121,81
159,139,139,124,44
159,139,139,179,4
160,41,41,28,63
160,41,41,40,170
160,41,41,49,113
160,41,41,100,170
160,41,41,120,130
160,41,41,124,27
160,51,51,41,83
160,51,51,41,83
160,51,51,59,193
160,51,51,59,193
160,51,51,109,163
160,51,51,109,163
160,51,51,145,188
160,51,51,145,188
160,77,77,0,137
160,77,77,52,90
160,77,77,82,168
160,77,77,90,91
160,89,89,52,115
160,89,89,66,152
160,89,89,103,172
160,89,89,154,196
160,90,90,75,158
160,90,90,117,142
160,90,90,142,45
160,90,90,142,70
160,90,90,190,118
160,144,144,24,19
160,144,144,24,19
160,144,144,100,51
160,144,144,100,51
160,163,163,22,165
160,163,163,26,173
160,163,163,35,152
160,163,163,57,88
160,163,163,67,137
160,163,163,68,14
160,163,163,90,120
160,163,163,118,99
160,163,163,176,93
160,163,163,188,109
160,163,163,191,191
160,164,164,26,38
160,164,164,32,182
160,164,164,75,127
160,164,164,76,43
160,164,164,79,111
160,164,164,91,159
160,164,164,106,180
160,164,164,131,56
160,164,164,136,178
161,8,8,5,5
161,8,8,7,151
161,8,8,12,145
161,8,8,58,120
161,8,8,59,126
161,8,8,150,95
161,8,8,185,81
161,116,116,119,147
161,116,116,140,111
161,116,116,142,51
161,116,116,190,154
161,176,176,54,83
161,176,176,68,163
161,176,176,70,177
161,176,176,132,77
161,179,179,6,15
161,179,179,24,37
161,179,179,65,122
161,179,179,67,176
161,179,179,143,19
161,179,179,172,49
161,187,187,24,151
161,187,187,27,47
161,187,187,39,85
161,187,187,53,174
161,187,187,58,101
161,187,187,115,189
161,187,187,129,145
162,49,49,3,109
162,49,49,81,125
162,49,49,101,50
162,49,49,105,36
162,49,49,116,131
162,49,49,160,168
162,49,49,176,90
162,174,174,19,5
162,174,174,38,34
162,174,174,60,184
162,174,174,122,42
163,4,4,37,110
163,4,4,89,198
163,4,4,140,6
163,4,4,156,156
163,4,4,177,77
163,4,4,185,112
163,63,63,22,190
163,63,63,38,195
163,63,63,81,108
163,63,63,113,151
163,63,63,129,102
163,63,63,174,160
163,63,63,192,106
163,123,123,44,133
163,123,123,87,187
163,123,123,170,144
163,152,152,51,62
163,152,152,149,22
163,152,152,185,2
163,195,195,44,152
163,195,195,45,25
163,195,195,103,35
163,195,195,129,174
163,195,195,134,195
163,195,195,188,128
164,10,10,55,168
164,10,10,128,170
164,10,10,131,37
164,47,47,17,134
164,47,47,20,134
164,47,47,33,81
164,47,47,49,56
164,47,47,94,91
164,47,47,119,136
164,47,47,148,158
164,54,54,7,131
164,54,54,13,81
164,54,54,63,1
164,54,54,95,63
164,54,54,123,11
164,54,54,125,0
164,54,54,163,166
164,54,54,186,169
164,139,139,11,53
164,139,139,29,197
164,139,139,100,125
164,139,139,101,151
164,139,139,121,81
164,139,139,124,44
164,139,139,179,4
164,197,197,14,62
164,197,197,21,200
164,197,197,60,139
164,197,197,125,118
164,197,197,198,133
165,58,58,50,100
165,58,58,72,110
165,58,58,80,28
165,58,58,85,177
165,58,58,146,15
165,58,58,175,2
165,58,58,188,197
165,58,58,195,154
165,68,68,10,57
165,68,68,23,119
165,68,68,23,177
165,68,68,66,172
165,68,68,69,62
165,68,68,88,159
165,68,68,89,164
165,68,68,91,141
165,68,68,175,151
165,68,68,185,163
165,68,68,194,18
165,178,178,2,82
165,178,178,39,112
165,178,178,67,160
165,178,178,74,187
165,178,178,114,73
165,178,178,140,90
165,178,178,199,186
166,34,34,15,49
166,34,34,49,87
166,34,34,60,50
166,34,34,68,113
166,34,34,94,152
166,34,34,120,21
166,34,34,131,36
166,34,34,138,11
166,45,45,45,94
166,45,45,53,14
166,45,45,142,116
166,45,45,152,191
166,45,45,162,113
166,76,76,39,48
166,76,76,74,157
166,76,76,85,22
166,76,76,99,72
166,76,76,152,64
166,117,117,72,70
166,117,117,105,183
166,117,117,121,145
166,117,117,158,94
166,117,117,177,29
166,117,117,183,104
166,162,162,24,147
166,162,162,47,198
166,162,162,56,116
166,162,162,77,169
166,162,162,109,88
166,162,162,193,101
167,45,45,45,94
167,45,45,53,14
167,45,45,142,116
167,45,45,152,191
167,45,45,162,113
167,115,115,34,56
167,115,115,85,25
167,115,115,128,151
167,115,115,140,5
167,115,115,172,44
167,116,116,119,147
167,116,116,140,111
167,116,116,142,51
167,116,116,190,154
168,11,11,4,70
168,11,11,28,108
168,11,11,33,26
168,11,11,35,110
168,11,11,72,44
168,11,11,166,60
168,11,11,168,28
168,81,81,55,78
168,81,81,110,132
168,103,103,98,59
168,103,103,106,16
168,125,125,77,46
168,125,125,120,22
168,125,125,133,196
168,125,125,177,98
168,172,172,33,8
168,172,172,60,178
168,172,172,68,43
168,172,172,88,9
168,172,172,141,191
168,172,172,171,168
169,20,20,74,97
169,20,20,143,114
169,20,20,200,163
169,38,38,18,16
169,38,38,19,91
169,38,38,43,157
169,38,38,44,139
169,140,140,19,5
169,140,140,20,3
169,140,140,101,99
169,140,140,137,156
169,140,140,158,153
169,140,140,177,198
169,140,140,198,24
169,154,154,29,95
169,154,154,85,77
169,154,154,128,195
169,154,154,137,185
169,154,154,161,145
169,154,154,189,114
170,10,10,55,168
170,10,10,128,170
170,10,10,131,37
170,22,22,41,190
170,22,22,66,97
170,22,22,196,149
170,22,22,198,153
170,32,32,20,161
170,32,32,54,122
170,32,32,72,66
170,32,32,90,191
170,32,32,100,97
170,32,32,121,84
170,32,32,126,129
170,32,32,138,178
170,32,32,180,138
170,35,35,3,30
170,35,35,16,61
170,35,35,82,137
170,35,35,154,189
170,35,35,155,147
170,35,35,176,64
170,35,35,176,177
170,35,35,177,164
170,45,45,45,94
170,45,45,53,14
170,45,45,142,116
170,45,45,152,191
170,45,45,162,113
170,64,64,29,162
170,64,64,117,86
170,64,64,162,24
170,65,65,194,63
170,143,143,23,24
170,143,143,73,94
170,143,143,111,78
170,143,143,162,112
170,160,160,51,191
170,160,160,148,98
170,160,160,152,45
170,160,160,157,193
170,160,160,197,40
170,170,170,59,9
170,170,170,97,102
170,170,170,114,140
170,170,170,183,108
170,170,170,188,187
171,62,62,6,71
171,62,62,7,53
171,62,62,53,130
171,62,62,106,156
171,62,62,181,46
171,62,62,196,75
171,125,125,77,46
171,125,125,120,22
171,125,125,133,196
171,125,125,177,98
171,135,135,19,59
171,135,135,148,56
171,135,135,156,52
171,135,135,166,15
171,173,173,87,111
171,173,173,89,60
171,173,173,94,10
171,173,173,121,88
171,173,173,126,135
171,173,173,134,78
171,173,173,181,164
171,173,173,186,46
171,186,186,11,117
171,186,186,14,151
171,186,186,25,87
171,186,186,39,116
171,186,186,53,45
171,186,186,86,80
171,186,186,89,56
171,186,186,125,79
172,93,93,40,22
172,93,93,59,65
172,93,93,117,23
172,93,93,129,51
172,93,93,146,184
172,93,93,165,107
172,178,178,2,82
172,178,178,39,112
172,178,178,67,160
172,178,178,74,187
172,178,178,114,73
172,178,178,140,90
172,178,178,199,186
172,181,181,19,116
172,181,181,21,139
172,181,181,28,14
172,181,181,83,135
172,181,181,96,53
172,181,181,149,186
172,181,181,164,123
172,181,181,173,29
172,186,186,11,117
172,186,186,14,151
172,186,186,25,87
172,186,186,39,116
172,186,186,53,45
172,186,186,86,80
172,186,186,89,56
172,186,186,125,79
173,9,9,133,8
173,9,9,167,116
173,9,9,181,109
173,29,29,34,194
173,29,29,125,51
173,157,157,62,169
173,157,157,108,30
173,157,157,132,121
173,157,157,146,176
173,157,157,171,97
173,161,161,7,128
173,161,161,87,134
173,161,161,153,10
173,182,182,88,186
173,182,182,91,24
173,182,182,150,151
173,182,182,199,10
174,21,21,30,166
174,21,21,51,78
174,21,21,66,54
174,21,21,68,137
174,21,21,83,77
174,21,21,89,180
174,21,21,161,52
174,21,21,171,97
174,21,21,176,98
174,21,21,192,34
174,42,42,7,127
174,42,42,8,153
174,42,42,31,11
174,42,42,37,60
174,42,42,106,25
174,115,115,34,56
174,115,115,85,25
174,115,115,128,151
174,115,115,140,5
174,115,115,172,44
174,118,118,27,106
174,118,118,41,39
174,118,118,66,5
174,118,118,74,8
174,118,118,78,188
174,118,118,158,174
174,134,134,41,50
174,134,134,48,149
174,134,134,54,199
174,134,134,68,40
174,134,134,74,187
174,134,134,144,54
174,134,134,182,55
174,134,134,188,40
174,143,143,23,24
174,143,143,73,94
174,143,143,111,78
174,143,143,162,112
175,53,53,7,47
175,53,53,17,193
175,53,53,116,21
175,84,84,30,130
175,84,84,30,130
175,84,84,55,96
175,84,84,55,96
175,84,84,61,178
175,84,84,61,178
175,84,84,110,147
175,84,84,110,147
175,84,84,148,161
175,84,84,148,161
175,84,84,170,177
175,84,84,170,177
175,140,140,19,5
175,140,140,20,3
175,140,140,101,99
175,140,140,137,156
175,140,140,158,153
175,140,140,177,198
175,140,140,198,24
175,165,165,4,122
175,165,165,41,34
175,165,165,74,79
175,165,165,80,90
175,165,165,85,10
175,165,165,152,172
175,165,165,192,74
175,184,184,19,59
175,184,184,30,2
175,184,184,45,19
175,184,184,83,69
175,184,184,164,50
175,184,184,197,173
176,10,10,55,168
176,10,10,128,170
176,10,10,131,37
176,24,24,0,108
176,24,24,9,175
176,24,24,43,13
176,24,24,96,9
176,24,24,106,122
176,37,37,6,20
176,37,37,6,97
176,37,37,20,40
176,37,37,54,69
176,37,37,75,62
176,37,37,83,20
176,37,37,111,9
176,37,37,125,176
176,37,37,131,162
176,37,37,195,169
176,40,40,70,183
176,40,40,89,184
176,40,40,90,131
176,40,40,99,134
176,40,40,126,171
176,40,40,190,157
176,85,85,29,162
176,85,85,42,32
176,85,85,191,30
176,97,97,33,192
176,97,97,150,171
176,124,124,99,28
176,124,124,104,33
176,124,124,114,44
176,124,124,140,35
176,124,124,142,38
176,124,124,157,98
176,153,153,37,150
176,153,153,69,113
176,153,153,87,134
176,155,155,47,166
176,155,155,48,71
176,155,155,77,55
176,155,155,92,161
176,155,155,138,130
177,19,19,16,95
177,19,19,37,112
177,19,19,37,195
177,19,19,192,127
177,94,94,52,193
177,94,94,88,86
177,94,94,92,73
177,94,94,150,112
177,94,94,167,69
177,94,94,172,25
177,133,133,26,91
177,133,133,198,150
177,189,189,59,25
177,189,189,71,169
178,131,131,35,176
178,131,131,67,93
178,131,131,77,150
178,131,131,96,44
178,131,131,190,0
178,162,162,24,147
178,162,162,47,198
178,162,162,56,116
178,162,162,77,169
178,162,162,109,88
178,162,162,193,101
179,5,5,24,44
179,5,5,63,9
179,5,5,67,146
179,5,5,117,149
179,5,5,122,195
179,5,5,184,40
179,17,17,65,55
179,73,73,7,190
179,73,73,55,4
179,73,73,85,160
179,73,73,130,164
179,73,73,142,196
179,73,73,172,190
179,73,73,174,21
179,148,148,36,129
179,148,148,36,129
179,148,148,85,170
179,148,148,85,170
179,148,148,183,190
179,148,148,183,190
179,148,148,191,75
179,148,148,191,75
179,148,148,192,54
179,148,148,192,54
179,148,148,194,143
179,148,148,194,143
179,158,158,97,81
179,158,158,104,55
179,158,158,117,155
179,158,158,137,67
179,184,184,19,59
179,184,184,30,2
179,184,184,45,19
179,184,184,83,69
179,184,184,164,50
179,184,184,197,173
179,185,185,8,103
179,185,185,85,1
180,25,25,34,136
180,25,25,49,5
180,25,25,116,136
180,25,25,156,96
180,25,25,189,176
180,64,64,29,162
180,64,64,117,86
180,64,64,162,24
180,169,169,30,184
180,169,169,104,3
180,169,169,153,136
180,169,169,176,75
180,174,174,19,5
180,174,174,38,34
180,174,174,60,184
180,174,174,122,42
181,1,1,63,43
181,1,1,63,191
181,1,1,68,122
181,1,1,87,173
181,1,1,137,22
181,1,1,146,192
181,1,1,172,99
181,16,16,47,20
181,16,16,80,165
181,16,16,97,53
181,16,16,97,133
181,16,16,185,170
181,16,16,193,73
181,67,67,58,115
181,67,67,95,66
181,67,67,154,113
181,108,108,62,127
181,108,108,71,99
181,108,108,109,43
181,108,108,125,82
181,108,108,157,182
181,108,108,163,157
181,137,137,1,3
181,137,137,44,99
181,137,137,50,68
181,137,137,96,114
181,137,137,194,151
181,143,143,23,24
181,143,143,73,94
181,143,143,111,78
181,143,143,162,112
181,172,172,33,8
181,172,172,60,178
181,172,172,68,43
181,172,172,88,9
181,172,172,141,191
181,172,172,171,168
182,14,14,6,5
182,14,14,22,117
182,14,14,26,13
182,14,14,134,77
182,14,14,167,118
182,52,52,4,144
182,52,52,30,198
182,52,52,95,165
182,52,52,108,34
182,52,52,122,144
182,52,52,151,95
182,52,52,179,161
182,71,71,111,81
182,71,71,158,9
182,110,110,68,60
182,110,110,104,190
182,110,110,110,190
182,115,115,34,56
182,115,115,85,25
182,115,115,128,151
182,115,115,140,5
182,115,115,172,44
182,172,172,33,8
182,172,172,60,178
182,172,172,68,43
182,172,172,88,9
182,172,172,141,191
182,172,172,171,168
182,177,177,27,143
182,177,177,69,173
182,177,177,139,139
182,177,177,175,61
182,177,177,179,91
182,177,177,184,120
182,177,177,188,92
182,177,177,191,108
183,57,57,0,83
183,57,57,24,130
183,57,57,65,97
183,57,57,79,26
183,57,57,88,14
183,57,57,95,145
183,57,57,102,167
183,57,57,116,117
183,57,57,143,53
183,57,57,169,198
183,57,57,175,116
183,57,57,200,147
183,59,59,11,43
183,59,59,34,92
183,59,59,128,128
183,59,59,168,199
183,59,59,169,150
183,59,59,180,38
183,84,84,30,130
183,84,84,55,96
183,84,84,61,178
183,84,84,110,147
183,84,84,148,161
183,84,84,170,177
184,98,98,9,43
184,98,98,26,79
184,98,98,60,199
184,98,98,94,163
184,98,98,95,79
184,100,100,125,150
184,100,100,150,167
184,172,172,33,8
184,172,172,60,178
184,172,172,68,43
184,172,172,88,9
184,172,172,141,191
184,172,172,171,168
184,176,176,54,83
184,176,176,68,163
184,176,176,70,177
184,176,176,132,77
185,22,22,41,190
185,22,22,66,97
185,22,22,196,149
185,22,22,198,153
185,30,30,27,94
185,30,30,29,55
185,30,30,63,101
185,30,30,69,147
185,30,30,103,50
185,30,30,134,156
185,30,30,180,150
185,43,43,22,68
185,43,43,104,56
185,43,43,109,111
185,43,43,132,164
185,78,78,22,52
185,78,78,47,30
185,78,78,48,191
185,78,78,71,159
185,78,78,84,11
185,78,78,109,164
185,78,78,126,40
185,78,78,175,103
185,100,100,125,150
185,100,100,150,167
185,116,116,119,147
185,116,116,140,111
185,116,116,142,51
185,116,116,190,154
185,139,139,11,53
185,139,139,29,197
185,139,139,100,125
185,139,139,101,151
185,139,139,121,81
185,139,139,124,44
185,139,139,179,4
185,163,163,22,165
185,163,163,26,173
185,163,163,35,152
185,163,163,57,88
185,163,163,67,137
185,163,163,68,14
185,163,163,90,120
185,163,163,118,99
185,163,163,176,93
185,163,163,188,109
185,163,163,191,191
185,197,197,14,62
185,197,197,21,200
185,197,197,60,139
185,197,197,125,118
185,197,197,198,133
186,40,40,70,183
186,40,40,89,184
186,40,40,90,131
186,40,40,99,134
186,40,40,126,171
186,40,40,190,157
186,58,58,50,100
186,58,58,72,110
186,58,58,80,28
186,58,58,85,177
186,58,58,146,15
186,58,58,175,2
186,58,58,188,197
186,58,58,195,154
187,157,157,62,169
187,157,157,108,30
187,157,157,132,121
187,157,157,146,176
187,157,157,171,97
187,198,198,4,117
187,198,198,52,124
187,198,198,66,132
188,28,28,189,94
188,42,42,7,127
188,42,42,8,153
188,42,42,31,11
188,42,42,37,60
188,42,42,106,25
188,135,135,19,59
188,135,135,148,56
188,135,135,156,52
188,135,135,166,15
188,189,189,59,25
188,189,189,71,169
189,34,34,15,49
189,34,34,49,87
189,34,34,60,50
189,34,34,68,113
189,34,34,94,152
189,34,34,120,21
189,34,34,131,36
189,34,34,138,11
189,82,82,37,34
189,82,82,79,109
190,79,79,175,83
190,79,79,196,88
190,155,155,47,166
190,155,155,48,71
190,155,155,77,55
190,155,155,92,161
190,155,155,138,130
190,168,168,16,73
190,168,168,78,155
190,168,168,151,192
190,197,197,14,62
190,197,197,21,200
190,197,197,60,139
190,197,197,125,118
190,197,197,198,133
191,27,27,128,50
191,27,27,129,85
191,27,27,137,109
191,27,27,147,58
191,27,27,165,15
191,81,81,55,78
191,81,81,110,132
191,96,96,3,29
191,96,96,68,186
191,96,96,77,1
191,96,96,103,160
191,96,96,126,147
191,96,96,146,152
191,96,96,161,149
191,96,96,167,130
191,96,96,169,82
191,96,96,176,111
191,96,96,193,17
191,141,141,88,130
191,141,141,155,60
191,141,141,192,83
191,168,168,16,73
191,168,168,78,155
191,168,168,151,192
192,5,5,24,44
192,5,5,63,9
192,5,5,67,146
192,5,5,117,149
192,5,5,122,195
192,5,5,184,40
192,32,32,20,161
192,32,32,54,122
192,32,32,72,66
192,32,32,90,191
192,32,32,100,97
192,32,32,121,84
192,32,32,126,129
192,32,32,138,178
192,32,32,180,138
192,46,46,92,36
192,46,46,94,122
192,46,46,173,64
192,58,58,50,100
192,58,58,72,110
192,58,58,80,28
192,58,58,85,177
192,58,58,146,15
192,58,58,175,2
192,58,58,188,197
192,58,58,195,154
192,64,64,29,162
192,64,64,117,86
192,64,64,162,24
192,77,77,0,137
192,77,77,52,90
192,77,77,82,168
192,77,77,90,91
192,85,85,29,162
192,85,85,42,32
192,85,85,191,30
192,87,87,0,0
192,87,87,32,184
192,87,87,103,69
192,87,87,165,194
192,87,87,182,72
192,87,87,188,40
192,138,138,120,160
192,138,138,140,73
192,138,138,152,17
192,138,138,163,195
192,163,163,22,165
192,163,163,26,173
192,163,163,35,152
192,163,163,57,88
192,163,163,67,137
192,163,163,68,14
192,163,163,90,120
192,163,163,118,99
192,163,163,176,93
192,163,163,188,109
192,163,163,191,191
192,166,166,13,54
192,166,166,13,152
192,166,166,18,187
192,166,166,102,158
192,166,166,125,59
193,79,79,175,83
193,79,79,196,88
193,116,116,119,147
193,116,116,140,111
193,116,116,142,51
193,116,116,190,154
193,169,169,30,184
193,169,169,104,3
193,169,169,153,136
193,169,169,176,75
194,7,7,96,15
194,7,7,125,169
194,11,11,4,70
194,11,11,28,108
194,11,11,33,26
194,11,11,35,110
194,11,11,72,44
194,11,11,166,60
194,11,11,168,28
194,31,31,12,177
194,31,31,95,85
194,31,31,179,29
194,44,44,39,136
194,44,44,47,105
194,44,44,68,171
194,44,44,69,37
194,44,44,75,141
194,44,44,105,140
194,44,44,160,40
194,44,44,199,111
194,64,64,29,162
194,64,64,117,86
194,64,64,162,24
194,136,136,7,155
194,136,136,9,135
194,136,136,36,18
194,136,136,154,115
194,136,136,154,196
194,179,179,6,15
194,179,179,24,37
194,179,179,65,122
194,179,179,67,176
194,179,179,143,19
194,179,179,172,49
195,85,85,29,162
195,85,85,42,32
195,85,85,191,30
195,93,93,40,22
195,93,93,59,65
195,93,93,117,23
195,93,93,129,51
195,93,93,146,184
195,93,93,165,107
195,134,134,41,50
195,134,134,48,149
195,134,134,54,199
195,134,134,68,40
195,134,134,74,187
195,134,134,144,54
195,134,134,182,55
195,134,134,188,40
196,28,28,189,94
196,67,67,58,115
196,67,67,95,66
196,67,67,154,113
196,100,100,125,150
196,100,100,150,167
196,123,123,44,133
196,123,123,87,187
196,123,123,170,144
196,138,138,120,160
196,138,138,140,73
196,138,138,152,17
196,138,138,163,195
197,115,115,34,56
197,115,115,85,25
197,115,115,128,151
197,115,115,140,5
197,115,115,172,44
197,160,160,51,191
197,160,160,148,98
197,160,160,152,45
197,160,160,157,193
197,160,160,197,40
197,164,164,26,38
197,164,164,32,182
197,164,164,75,127
197,164,164,76,43
197,164,164,79,111
197,164,164,91,159
197,164,164,106,180
197,164,164,131,56
197,164,164,136,178
197,171,171,3,183
197,171,171,37,110
197,171,171,75,175
197,171,171,140,160
197,171,171,172,114
198,10,10,55,168
198,10,10,128,170
198,10,10,131,37
198,57,57,0,83
198,57,57,24,130
198,57,57,65,97
198,57,57,79,26
198,57,57,88,14
198,57,57,95,145
198,57,57,102,167
198,57,57,116,117
198,57,57,143,53
198,57,57,169,198
198,57,57,175,116
198,57,57,200,147
198,87,87,0,0
198,87,87,32,184
198,87,87,103,69
198,87,87,165,194
198,87,87,182,72
198,87,87,188,40
198,93,93,40,22
198,93,93,59,65
198,93,93,117,23
198,93,93,129,51
198,93,93,146,184
198,93,93,165,107
198,95,95,166,41
198,95,95,191,158
198,140,140,19,5
198,140,140,20,3
198,140,140,101,99
198,140,140,137,156
198,140,140,158,153
198,140,140,177,198
198,140,140,198,24
198,148,148,36,129
198,148,148,85,170
198,148,148,183,190
198,148,148,191,75
198,148,148,192,54
198,148,148,194,143
199,63,63,22,190
199,63,63,38,195
199,63,63,81,108
199,63,63,113,151
199,63,63,129,102
199,63,63,174,160
199,63,63,192,106
199,82,82,37,34
199,82,82,79,109
199,155,155,47,166
199,155,155,48,71
199,155,155,77,55
199,155,155,92,161
199,155,155,138,130
200,9,9,133,8
200,9,9,167,116
200,9,9,181,109
200,28,28,189,94
200,34,34,15,49
200,34,34,49,87
200,34,34,60,50
200,34,34,68,113
200,34,34,94,152
200,34,34,120,21
200,34,34,131,36
200,34,34,138,11
200,45,45,45,94
200,45,45,53,14
200,45,45,142,116
200,45,45,152,191
200,45,45,162,113
200,96,96,3,29
200,96,96,68,186
200,96,96,77,1
200,96,96,103,160
200,96,96,126,147
200,96,96,146,152
200,96,96,161,149
200,96,96,167,130
200,96,96,169,82
200,96,96,176,111
200,96,96,193,17
200,120,120,70,130
200,120,120,128,104
200,120,120,143,167
200,120,120,197,79
200,141,141,88,130
200,141,141,155,60
200,141,141,192,83
