49,0
53,0
111,0
140,0
152,0
3,1
74,1
132,1
181,1
7,2
82,2
153,2
157,2
79,3
115,3
132,4
135,4
163,4
8,5
89,5
104,5
179,5
192,5
1,6
87,6
91,6
50,7
66,7
103,7
194,7
52,8
59,8
108,8
123,8
161,8
3,9
72,9
97,9
120,9
131,9
146,9
173,9
200,9
38,10
68,10
112,10
164,10
170,10
176,10
198,10
10,11
12,11
22,11
27,11
34,11
42,11
76,11
96,11
168,11
194,11
1,12
15,13
15,13
41,13
73,13
37,14
49,14
91,14
137,14
151,14
182,14
16,15
80,15
142,15
158,15
3,16
18,16
28,16
37,16
64,16
135,16
181,16
118,17
121,17
132,17
179,17
30,18
66,18
112,18
198,18
109,19
144,19
153,19
177,19
80,20
110,20
169,20
12,21
37,21
50,21
106,21
146,21
174,21
170,22
185,22
10,23
11,23
28,23
28,23
49,23
51,23
106,23
13,24
36,24
47,24
90,24
122,24
176,24
1,25
31,25
50,25
69,25
102,25
121,25
180,25
10,26
27,26
51,26
93,26
99,26
100,26
138,26
41,27
64,27
76,27
107,27
191,27
22,28
25,28
68,28
83,28
93,28
117,28
117,28
135,28
138,28
188,28
196,28
200,28
29,29
49,29
70,29
173,29
12,30
20,30
21,30
51,30
185,30
20,31
50,31
58,31
104,31
129,31
194,31
45,32
61,32
113,32
129,32
170,32
192,32
145,33
68,34
73,34
103,34
103,34
113,34
144,34
166,34
189,34
200,34
61,35
70,35
75,35
98,35
143,35
170,35
27,36
40,37
145,37
176,37
26,38
79,38
106,38
169,38
6,39
8,39
102,39
124,39
85,40
94,40
104,40
111,40
176,40
186,40
74,41
80,41
124,41
138,41
158,41
160,41
9,42
52,42
92,42
100,42
174,42
188,42
53,43
96,43
118,43
142,43
185,43
3,44
45,44
194,44
69,45
80,45
84,45
108,45
112,45
133,45
166,45
167,45
170,45
200,45
29,46
43,46
57,46
73,46
81,46
132,46
192,46
35,47
50,47
91,47
133,47
164,47
51,48
89,48
10,49
29,49
59,49
133,49
162,49
94,50
104,50
106,50
115,50
125,50
141,50
50,51
57,51
85,51
104,51
133,51
156,51
160,51
160,51
126,52
142,52
182,52
175,53
40,54
86,54
91,54
122,54
130,54
145,54
152,54
164,54
11,55
101,55
126,55
138,55
145,55
68,56
86,56
103,56
3,57
12,57
95,57
159,57
183,57
198,57
87,58
92,58
165,58
186,58
192,58
69,59
78,59
89,59
140,59
183,59
48,60
72,60
70,61
72,61
79,61
79,61
139,61
13,62
29,62
131,62
137,62
146,62
171,62
16,63
19,63
74,63
90,63
129,63
139,63
139,63
154,63
163,63
199,63
24,64
25,64
58,64
134,64
156,64
170,64
180,64
192,64
194,64
96,65
135,65
149,65
170,65
5,66
24,66
101,66
135,66
107,67
150,67
181,67
196,67
6,68
18,68
56,68
130,68
165,68
136,69
148,69
7,70
16,70
21,70
49,70
60,70
64,70
64,70
70,70
73,70
78,70
119,70
130,70
147,70
28,71
67,71
121,71
182,71
28,72
61,72
72,72
140,72
79,73
87,73
87,73
113,73
130,73
157,73
179,73
1,74
109,74
0,75
67,75
69,75
113,75
124,75
139,76
166,76
6,77
29,77
94,77
160,77
192,77
74,78
102,78
136,78
142,78
185,78
19,79
104,79
116,79
118,79
190,79
193,79
34,81
34,81
35,81
57,81
89,81
110,81
168,81
191,81
41,82
78,82
189,82
199,82
0,83
5,83
96,83
109,83
156,83
13,84
106,84
137,84
175,84
175,84
183,84
18,85
21,85
23,85
71,85
83,85
144,85
176,85
192,85
195,85
82,86
71,87
147,87
154,87
192,87
198,87
27,88
45,88
120,88
133,88
145,88
154,88
4,89
11,89
47,89
54,89
77,89
82,89
107,89
112,89
160,89
4,90
160,90
33,91
34,91
34,91
112,91
8,92
25,92
57,92
69,92
77,92
89,92
141,92
69,93
88,93
97,93
154,93
172,93
195,93
198,93
52,94
89,94
177,94
56,95
90,95
150,95
198,95
8,96
136,96
149,96
191,96
200,96
113,97
176,97
9,98
39,98
184,98
0,99
34,99
41,99
86,99
112,99
7,100
11,100
40,100
184,100
185,100
196,100
2,101
21,101
59,101
64,101
66,101
102,101
135,101
152,101
33,102
128,102
137,102
96,103
168,103
25,104
88,104
97,104
143,104
17,105
13,106
16,106
95,106
135,106
10,107
13,107
15,107
19,107
33,107
79,107
131,108
152,108
181,108
47,109
125,109
155,109
111,110
129,110
182,110
75,111
80,111
82,111
130,111
113,112
5,113
19,113
89,113
91,113
101,113
127,113
8,114
21,114
36,114
77,114
118,114
1,115
98,115
125,115
167,115
174,115
182,115
197,115
30,116
161,116
167,116
185,116
193,116
88,117
121,117
127,117
166,117
53,118
89,118
148,118
174,118
89,119
151,119
81,120
200,120
3,121
7,121
47,121
62,121
117,121
129,121
25,122
29,122
61,122
132,122
21,123
49,123
54,123
90,123
163,123
196,123
107,124
131,124
176,124
9,125
61,125
95,125
129,125
168,125
171,125
136,126
45,127
48,127
56,127
61,127
92,127
8,128
66,128
72,129
88,129
91,129
95,129
101,129
147,129
50,130
62,130
80,131
107,131
121,131
145,131
178,131
35,132
59,132
87,132
32,133
75,133
101,133
142,133
146,133
177,133
130,134
136,134
174,134
195,134
66,135
67,135
171,135
188,135
15,136
24,136
50,136
61,136
78,136
194,136
12,137
24,137
43,137
105,137
181,137
1,138
15,138
22,138
66,138
131,138
192,138
196,138
59,139
112,139
159,139
164,139
185,139
9,140
17,140
21,140
45,140
45,140
79,140
150,140
169,140
175,140
198,140
111,141
125,141
191,141
200,141
83,142
132,142
51,143
123,143
146,143
170,143
174,143
181,143
25,144
110,144
114,144
143,144
160,144
160,144
13,145
13,145
29,145
41,145
68,145
76,145
115,145
142,145
155,145
145,146
152,146
1,147
32,147
91,147
110,147
142,147
4,148
32,148
39,148
45,148
54,148
67,148
72,148
109,148
119,148
141,148
179,148
179,148
198,148
54,149
58,149
118,149
9,150
77,150
88,150
121,150
158,150
19,151
87,151
139,151
149,151
42,152
60,152
97,152
100,152
102,152
127,152
134,152
163,152
54,153
57,153
80,153
80,153
176,153
33,154
116,154
141,154
169,154
32,155
35,155
46,155
97,155
104,155
108,155
136,155
176,155
190,155
199,155
20,156
50,156
64,156
3,157
48,157
121,157
173,157
187,157
2,158
50,158
69,158
96,158
118,158
130,158
179,158
7,159
94,159
104,159
116,159
128,159
157,159
3,160
58,160
69,160
99,160
110,160
126,160
170,160
197,160
7,161
62,161
74,161
85,161
173,161
32,162
114,162
166,162
178,162
8,163
29,163
41,163
112,163
157,163
160,163
185,163
192,163
89,164
121,164
127,164
160,164
197,164
15,165
103,165
137,165
175,165
63,166
82,166
124,166
135,166
138,166
192,166
52,167
56,167
70,167
127,167
156,167
2,168
12,168
46,168
142,168
190,168
191,168
29,169
37,169
60,169
81,169
100,169
107,169
118,169
126,169
142,169
143,169
180,169
193,169
16,170
64,170
111,170
170,170
22,171
31,171
90,171
126,171
197,171
6,172
43,172
59,172
60,172
73,172
168,172
181,172
182,172
184,172
9,173
53,173
53,173
101,173
114,173
171,173
27,174
36,174
69,174
117,174
162,174
180,174
46,175
83,175
100,175
121,175
124,175
140,175
144,175
25,176
52,176
93,176
112,176
161,176
184,176
50,177
69,177
182,177
76,178
86,178
154,178
165,178
172,178
56,179
75,179
93,179
129,179
161,179
194,179
62,180
100,180
118,180
126,180
152,180
9,181
144,181
146,181
150,181
172,181
6,182
91,182
113,182
142,182
173,182
38,183
69,183
2,184
44,184
69,184
119,184
175,184
179,184
40,185
87,185
179,185
126,186
139,186
153,186
171,186
172,186
3,187
78,187
127,187
140,187
152,187
161,187
76,188
142,188
56,189
88,189
104,189
123,189
177,189
188,189
26,190
91,190
106,190
114,190
139,190
25,191
149,191
32,192
36,192
81,192
5,193
13,193
21,193
113,193
117,193
53,194
132,194
66,195
90,195
129,195
129,195
134,195
163,195
44,196
128,196
147,196
21,197
33,197
38,197
101,197
142,197
164,197
185,197
190,197
19,198
41,198
74,198
78,198
144,198
187,198
3,199
89,199
115,199
9,200
107,200
117,200
150,200
