2514,16
1204,5
871,7
622,35
2270,40
261,4
357,40
823,30
2976,13
1387,50
2594,40
1657,21
2153,31
2094,5
491,0
2133,37
301,29
1563,32
2921,38
2205,10
2297,8
1233,29
2894,17
1077,34
810,22
1318,35
2091,45
1253,17
2618,41
2238,22
2189,46
2449,1
1548,43
1890,15
2258,15
2682,5
2510,5
2404,13
1831,44
2204,2
1345,27
895,35
2571,18
2901,21
2093,24
702,45
1739,22
2765,26
2202,4
2839,13
1828,18
166,18
317,9
2299,25
1003,31
2610,50
500,2
910,5
1338,29
1224,40
488,15
2010,29
1103,44
2577,20
883,1
150,2
2758,32
830,14
96,38
2443,10
2772,0
1519,7
687,10
132,12
2411,13
2260,37
1920,35
534,17
1842,44
2992,35
2585,9
2253,14
1682,50
2702,9
1351,12
805,27
2960,24
783,36
2885,11
2694,40
1625,44
2857,34
1303,48
1861,46
764,6
423,38
1521,16
2386,3
1939,47
2993,22
2747,20
183,12
2850,17
1526,20
211,13
316,14
636,39
273,10
1578,41
602,49
1366,44
1330,6
2200,45
2770,1
1933,39
707,18
2494,32
966,8
377,21
195,34
429,5
1710,35
2320,1
323,8
2317,1
1197,47
401,8
277,19
1114,37
1456,35
2182,37
1796,46
2394,9
1895,18
2999,17
39,45
1263,30
1924,39
2524,32
1938,13
2292,9
2172,19
335,10
264,23
1038,24
1198,14
1807,43
2078,22
1660,37
111,8
1579,12
2621,43
2819,25
156,20
930,29
300,47
1374,1
67,43
1257,1
772,21
1019,17
48,5
1154,22
234,38
923,36
189,36
877,23
1925,16
126,10
87,43
2062,33
2680,15
659,7
1751,12
658,1
1236,43
2042,25
1384,15
1326,36
1963,46
1453,2
140,29
1029,3
900,32
2849,6
2883,49
2858,5
2759,22
1189,43
1399,9
1714,37
369,41
2234,0
2595,15
2439,10
618,32
1729,6
2067,15
2603,32
1511,47
163,21
266,31
2164,26
1107,16
1662,18
2206,49
116,37
2168,17
14,26
1486,35
1149,2
2389,1
171,47
1284,6
558,0
1465,49
1395,22
2649,6
683,36
2440,35
2553,7
1615,40
2710,42
2239,13
2111,4
2628,46
1949,23
1498,23
752,33
9,22
1612,32
454,29
1115,41
748,21
2860,11
2193,26
309,42
1287,45
1344,41
0,44
332,39
1106,0
2660,41
455,18
1964,18
1945,12
1718,41
84,19
2064,15
709,1
1785,5
2933,28
634,32
1293,26
200,4
2422,13
672,2
929,38
727,16
1295,5
1421,49
1140,26
2914,6
2412,36
2973,7
5,25
2779,9
718,12
2166,46
960,41
2033,42
2119,31
2286,21
1822,7
1437,12
2431,25
1872,28
102,37
1799,50
1218,19
1153,18
2434,2
2135,46
2959,35
2321,49
1049,1
850,49
2804,43
348,44
2859,49
2674,38
691,38
199,8
1851,12
1262,8
1121,6
2877,23
749,8
2452,39
2632,44
1258,16
1696,29
861,29
2625,30
1129,7
1085,48
831,26
2275,31
2738,14
2667,8
2400,23
2483,28
1037,32
2544,14
2430,33
1134,10
896,39
1665,40
1057,0
2752,30
1549,30
2350,34
2988,50
2931,9
1537,44
2708,20
1454,42
1836,25
2191,14
2493,0
2012,12
430,44
2957,42
1063,44
2226,2
1405,24
611,11
380,6
77,33
1089,3
948,5
610,1
2876,14
2655,30
1271,26
1432,23
596,34
1420,8
2806,26
1093,4
1082,50
1534,31
2651,26
1092,3
117,45
2318,47
279,4
802,15
1713,6
415,2
2298,29
838,22
1671,14
2769,22
1893,33
1950,7
1376,49
874,43
2810,29
811,9
1701,13
2426,48
49,41
1634,31
470,36
2257,11
548,21
2732,17
1904,25
1518,36
451,4
1244,31
763,29
1845,15
282,26
933,2
1817,30
1611,19
1661,48
2462,5
875,24
1535,6
2612,2
1419,9
2117,7
38,45
2036,19
2056,11
2356,21
305,0
1995,31
2310,48
1782,41
891,16
2362,6
703,39
578,47
2936,10
80,16
1715,47
822,35
463,19
1593,48
1919,15
1075,26
2057,31
160,1
2609,11
719,14
2331,16
215,40
461,3
884,36
2563,37
296,5
1759,41
2965,46
469,4
241,5
2388,44
1002,0
1188,32
1325,14
2700,1
2895,25
561,32
29,1
2902,27
819,37
751,9
170,12
2437,16
2068,36
630,6
638,0
2646,31
2433,39
112,34
2022,14
1887,22
1379,25
2601,5
1249,48
607,6
1616,1
2375,19
1936,49
452,4
1009,5
1570,2
334,5
770,9
1906,16
771,50
600,20
2335,10
325,30
236,1
235,39
83,42
2303,23
1984,48
310,27
2861,40
2229,50
1988,15
416,25
1138,21
425,20
2939,20
2059,9
650,17
450,13
556,49
2115,1
379,40
1381,9
2048,15
230,13
1585,25
1735,13
1429,4
1905,1
1844,46
426,47
27,40
1926,44
70,48
485,28
2125,50
1525,46
656,9
2985,30
2139,10
2529,33
2825,18
919,46
2262,50
468,48
1041,7
2949,24
2705,19
432,36
701,31
1771,3
1177,10
1505,35
518,30
372,19
1792,33
1742,20
1223,4
2004,4
343,15
1289,40
562,47
1544,19
1468,38
2021,32
684,38
2891,24
1051,44
1896,24
419,41
857,33
2302,21
1853,31
2903,2
1952,23
1047,35
2552,37
994,23
76,41
2377,50
1778,11
1479,28
2915,21
2397,11
1173,24
2919,7
706,13
2001,44
2203,8
1423,17
928,7
1591,18
568,16
1803,23
2889,13
606,13
2983,17
2533,24
2332,43
290,10
320,33
1958,41
1026,40
2074,18
535,18
1773,32
1863,17
2778,38
2082,41
1123,42
1010,28
2453,23
2249,38
2372,9
1478,41
1382,25
944,38
73,26
828,44
959,3
1378,33
2823,47
1346,50
686,0
446,16
2688,14
1898,46
897,4
2429,22
693,8
1393,16
1331,40
620,30
1150,25
252,15
598,22
2513,10
2441,6
1315,0
1408,43
516,30
1613,21
1894,18
2540,3
121,12
2596,50
731,32
61,40
385,15
1514,45
987,22
388,4
981,18
1885,33
36,14
817,0
985,26
2090,31
1195,28
2053,27
1725,13
1520,3
194,42
550,35
692,30
1558,50
2888,16
2841,45
2807,32
1281,2
1418,28
1088,4
2912,14
20,23
12,3
2448,49
1693,22
329,27
93,9
1280,30
1369,6
414,34
217,32
2296,40
945,47
1080,7
1911,5
920,21
1873,2
2754,7
965,45
1125,6
2638,28
1312,12
590,4
644,31
152,4
2731,41
2306,24
1013,28
458,21
646,9
2454,5
1680,49
1427,8
2862,15
2570,50
2018,25
1487,7
456,35
1859,3
663,47
2142,30
81,16
2766,18
2109,35
776,19
1618,5
1741,22
2481,41
308,9
1438,26
1781,28
157,39
2591,41
402,15
2693,22
1184,28
1907,2
1373,20
2567,31
1228,20
679,20
635,27
1672,27
489,8
2223,35
1148,12
1769,15
1286,25
89,37
594,23
2832,15
1603,24
1199,35
2367,41
2085,47
2370,30
588,1
2222,0
1069,40
2767,31
120,18
2840,42
2636,43
2971,2
1116,17
2661,46
1539,45
2834,16
580,46
2868,12
250,15
74,50
882,13
740,36
1412,31
2751,50
582,30
108,38
2764,29
1532,20
367,34
1135,11
2209,1
529,24
2547,34
2178,27
1777,5
324,3
2013,3
1182,46
2044,29
2995,22
2176,48
964,24
848,28
1091,38
905,16
1133,43
631,21
249,45
223,35
1359,21
2195,38
180,29
1024,1
840,10
1824,11
2228,14
839,39
2184,34
1174,24
2307,6
696,31
971,37
843,0
1290,32
400,28
710,41
2785,17
2899,18
704,39
66,39
203,50
1601,27
2054,48
2097,27
45,34
2254,36
191,3
2534,24
780,28
2162,43
511,21
2794,3
2221,37
818,10
1588,19
2502,23
526,3
1275,39
1450,25
267,7
1360,48
1929,43
1607,20
1789,36
512,3
999,28
2937,31
669,21
1128,45
2821,41
278,19
2327,42
2691,4
1808,21
573,29
657,27
72,2
1392,10
2573,30
1989,33
1915,32
2342,31
433,3
1533,39
175,45
853,44
1377,40
675,43
303,23
1957,36
1055,16
2445,39
2509,34
1566,12
2526,7
2593,46
176,1
1837,20
2996,37
2635,22
978,26
2771,34
506,41
604,11
2201,20
2518,33
1246,20
733,11
1864,19
2314,9
2219,8
1648,47
1745,16
2482,10
2602,17
1610,30
2575,29
186,33
1655,42
581,49
161,48
1451,39
1192,5
2961,27
1124,46
1801,3
1921,42
1756,31
2217,3
2038,4
1413,29
1139,5
13,45
1642,40
1087,15
904,49
440,32
2160,48
1897,27
21,22
397,18
918,7
2145,5
2252,7
292,3
472,30
2958,28
599,2
1434,12
1575,39
1341,43
1794,21
2776,36
583,36
2866,0
208,27
705,36
1768,12
2846,16
1191,29
851,41
2977,3
1770,10
1209,38
2476,19
697,8
2255,44
1061,20
2678,0
2626,29
570,0
2774,33
866,9
1748,50
1306,19
1169,10
2654,21
575,17
2904,33
908,6
2309,47
836,32
2415,25
52,18
2584,35
54,26
2268,19
569,12
312,27
1573,27
1795,29
2473,19
2329,36
64,18
2355,26
1847,15
1935,16
34,18
1666,23
903,35
1818,8
1300,29
2923,8
2231,0
2339,1
1586,20
2280,44
2128,16
1217,5
2401,21
1311,49
1850,18
2071,0
2099,1
1000,49
2896,21
1187,28
2378,3
759,27
154,46
471,24
1942,41
796,47
124,32
728,16
566,24
833,3
2565,14
2964,43
1446,34
1644,34
1889,30
2122,10
2812,28
411,50
2511,26
1553,18
1156,5
1490,34
502,20
1901,39
887,46
2692,22
1841,13
1277,46
584,12
1250,48
2865,46
1035,41
2353,29
2726,30
1626,43
1120,17
2077,42
225,26
128,24
1762,16
428,6
1581,23
2984,45
972,27
155,38
2464,47
2848,39
2420,0
2561,15
1327,10
942,40
1435,20
2946,27
2143,49
862,8
1352,50
1923,3
743,33
2600,50
1282,0
1899,14
2783,3
1211,21
478,24
641,24
1902,42
766,0
1867,9
2006,11
2486,17
1229,17
59,46
1881,3
1137,25
782,12
1551,25
2586,13
1916,17
1274,5
190,27
2447,10
2668,35
2058,6
1296,7
2385,37
1669,40
716,0
2969,34
2611,13
2399,22
2916,3
1443,14
2815,45
1695,20
366,13
1097,22
816,33
1167,43
791,36
56,11
2707,21
1473,33
101,2
1388,17
2015,50
222,50
1812,45
2055,50
1846,13
616,45
119,6
593,4
552,3
2300,42
2941,26
2361,20
553,45
202,30
2084,44
1510,7
2368,14
464,2
2568,3
1040,15
924,15
826,27
2729,8
2087,24
1931,29
17,10
1298,0
1637,34
1723,20
2112,2
409,19
481,15
813,17
1462,23
2308,33
2701,28
2838,42
1632,7
1835,3
145,31
88,2
2642,4
1728,37
1012,36
2346,27
137,43
1193,8
2572,34
410,47
603,35
2647,28
2608,12
1621,50
943,38
1883,2
346,29
1913,48
1266,0
845,48
2716,6
71,32
28,9
953,6
1108,9
412,21
935,28
673,21
1362,32
2792,20
2924,49
1452,24
2874,37
2428,30
2496,17
1231,30
835,27
695,40
1650,36
1962,29
2724,31
251,8
1985,34
1044,42
1316,36
1776,48
2991,33
790,47
2220,19
2186,23
459,20
480,37
2241,2
1431,19
1654,2
720,8
1791,17
867,50
1212,41
2079,44
2990,41
2981,5
2515,45
2244,11
338,29
1869,28
1763,43
482,35
1502,47
2898,0
1990,16
1105,11
1242,14
1951,43
1343,42
1959,13
2728,38
639,44
2264,38
1619,4
2114,0
2782,16
1823,26
2277,50
1176,19
1839,0
690,2
2910,40
2942,6
2211,9
2051,33
2927,44
363,4
1631,5
187,47
315,25
947,24
1081,33
565,46
1948,20
1811,31
1744,8
991,5
957,8
1830,34
2279,0
1141,33
2107,16
2246,47
1457,7
2922,36
2014,4
247,35
2466,13
359,7
1595,26
98,5
2676,38
1261,10
1840,10
1070,30
1617,16
1722,42
2393,40
2955,19
2986,38
2396,37
2925,42
2043,43
2746,15
2753,10
431,35
1860,35
2781,47
504,31
979,32
537,21
627,10
1053,39
525,14
1208,43
2438,18
477,17
954,50
1865,18
549,10
514,27
209,28
1164,25
255,48
2381,37
1721,18
601,48
993,11
1979,33
1459,43
2748,22
681,22
2161,34
2192,21
1908,31
1206,38
1396,15
1910,18
2311,28
1849,8
280,24
946,13
1050,6
1630,43
1269,1
107,31
655,34
1471,48
2197,0
2745,35
2863,6
1,20
793,2
521,25
2864,0
2952,34
167,0
407,23
2251,9
1649,27
2132,45
1119,6
2587,2
2155,3
666,14
1580,28
1472,2
413,13
2034,28
2470,7
55,15
2403,20
347,9
10,23
2786,37
2562,19
2083,22
1332,39
2855,49
940,3
1320,13
2597,32
62,18
1592,10
1146,19
1248,6
574,18
1712,44
587,22
2574,23
2408,18
1838,18
1641,39
2041,40
2225,40
854,40
849,41
141,36
541,16
18,18
2833,14
193,20
2165,1
184,11
1750,20
1122,32
2598,7
2003,49
1961,19
1810,48
2675,11
134,4
1673,42
1163,25
1467,6
2631,34
2872,48
2328,19
1797,47
1068,14
355,6
2088,24
2741,15
967,22
1076,10
1857,35
349,43
2008,30
2198,8
2402,48
1485,7
2284,11
243,45
1888,0
1978,22
1656,12
1702,28
2799,14
2639,50
1941,42
2224,17
2017,26
1476,40
2156,28
664,5
395,39
807,19
2590,33
2506,29
767,30
254,29
2740,7
374,45
2531,4
1484,27
1833,4
2382,27
1021,41
757,24
1328,13
608,0
1083,24
1210,28
723,35
1145,49
538,32
104,9
2265,47
162,18
1880,31
2870,43
386,22
2035,42
992,13
986,50
95,7
2380,4
1227,1
475,10
625,46
642,17
2968,40
2218,12
1157,33
2410,1
2140,28
1802,0
221,8
1684,34
2886,37
741,47
490,14
1531,32
2474,10
2390,13
90,22
2943,3
1765,25
2488,14
204,5
814,8
865,49
298,9
860,22
398,48
2566,8
2940,23
1127,7
989,31
2319,11
2722,38
1653,24
2301,41
2344,7
559,44
26,22
42,33
1508,47
233,18
2131,25
281,12
1760,36
2141,2
206,21
2749,32
1158,3
326,28
1639,33
1235,8
2801,38
1363,48
2146,19
1879,47
1072,17
1481,4
356,41
2157,15
868,17
2690,11
1099,42
311,37
1205,14
390,0
1414,20
213,16
913,43
1162,16
1458,19
82,50
1892,38
1365,29
1734,2
2250,45
677,10
619,48
275,9
564,23
1598,24
144,24
2188,13
2063,23
2671,17
941,28
1463,9
1305,26
1633,40
1447,26
226,14
1827,34
304,34
747,34
2634,4
1522,9
449,42
1014,30
69,22
2712,35
497,45
106,48
1504,11
418,43
523,32
2619,48
1530,21
1992,33
1039,9
785,27
2686,9
466,3
2826,32
1557,41
536,17
2760,7
352,16
1340,37
932,25
2477,47
2423,35
75,32
2152,18
479,16
2658,18
1507,29
1536,9
2897,16
2075,6
524,12
522,38
1496,20
1600,28
2662,33
2837,0
1308,9
2620,22
146,36
149,31
2789,44
2190,9
958,40
293,18
2337,15
674,48
1571,27
2285,24
2461,34
1854,21
1449,23
2150,13
1348,3
2523,23
2780,8
532,12
44,34
125,23
1689,7
1239,46
2666,16
651,40
2797,5
2092,38
1436,4
715,19
1397,13
2836,48
2998,15
35,11
2605,40
1974,29
1815,14
2123,49
889,49
404,41
2348,18
2709,30
554,9
2491,8
1304,29
2295,23
2814,6
1834,38
2604,46
1028,39
15,28
2207,23
1737,44
53,20
2817,21
378,39
2407,43
832,37
2287,6
8,27
2499,29
118,3
313,27
486,31
2450,1
2126,8
653,25
2672,42
2787,13
201,35
1161,3
188,23
1136,35
2269,49
714,39
2800,24
424,0
876,25
2130,14
11,1
2210,41
2851,7
628,25
2425,42
393,30
531,46
1732,19
350,35
22,32
427,11
837,8
2873,19
869,44
2928,24
1730,40
1477,44
2633,13
2844,46
982,17
1676,25
1444,40
2580,14
2110,24
579,33
539,44
911,4
1998,47
617,46
804,0
237,29
2261,14
364,6
2405,36
2929,26
665,0
517,32
676,25
975,16
2887,22
2543,22
2080,11
1247,28
1542,20
2472,28
1917,3
1970,1
2818,32
1752,3
457,33
360,22
2326,49
1270,14
1576,37
2113,8
1667,46
2757,43
668,22
216,8
437,42
1358,23
2,36
1428,43
2248,1
2761,32
1694,25
1178,46
906,39
2039,6
2421,7
2737,18
2755,38
2174,41
2365,6
557,15
859,36
2926,6
1972,44
730,20
1401,2
2878,19
2805,21
1813,31
1955,23
2538,26
109,15
1221,45
528,4
1264,12
2744,12
2670,17
271,29
362,37
1623,5
2360,19
821,9
2129,1
99,18
1361,19
1389,49
164,16
2884,38
2856,28
1624,13
495,38
841,41
2588,10
2736,39
319,14
1798,47
131,21
2730,33
2950,13
210,37
1267,45
825,13
1104,34
977,50
1681,32
2829,33
270,1
1272,18
2104,50
2576,12
1059,39
2171,45
2338,0
1118,38
798,50
577,18
555,22
890,17
2504,22
322,4
614,18
2525,11
1054,49
1517,10
2379,35
40,5
1430,47
974,19
2541,31
509,0
998,27
2530,24
2685,23
736,6
1492,40
1658,26
2278,29
2497,32
2803,5
2480,5
781,12
1252,45
563,50
612,1
1185,46
1155,23
351,30
1800,16
1143,15
220,9
2679,13
115,3
2364,10
476,37
1052,50
1299,28
43,36
915,7
1410,1
1527,47
863,28
434,30
2243,29
2627,40
1147,11
1113,35
2233,24
2214,45
1112,40
25,6
1207,24
2811,29
1584,31
148,48
2266,45
613,32
1698,19
2271,2
2989,30
2366,20
408,39
1766,26
246,11
2118,35
1628,37
662,28
774,46
2599,14
2831,27
2640,42
1256,0
544,23
2842,20
2007,8
1568,36
762,25
2735,33
2103,43
442,27
1577,14
2020,25
1692,39
143,36
173,49
1011,43
1554,6
51,13
2699,41
110,14
806,13
2920,28
1582,50
2294,44
2677,38
1640,11
276,30
2147,22
846,23
2333,49
2535,20
872,35
147,32
1335,37
2581,48
542,20
784,35
1067,4
6,26
1720,15
633,22
138,5
1098,11
1871,9
1513,31
1856,12
758,37
1500,5
288,15
2643,23
2768,34
284,15
2554,45
2820,29
253,43
1699,6
990,23
2798,40
2416,42
2240,36
1096,26
729,25
789,10
2451,50
1543,42
2016,16
354,20
1967,18
745,31
2384,44
2723,25
1483,38
2213,1
788,1
2469,30
1793,40
2235,24
2788,41
1764,2
1862,41
314,49
341,39
778,44
24,6
133,12
1491,37
2880,35
1969,46
1090,47
2049,29
1675,33
2734,0
2556,46
159,17
852,44
1347,50
1679,38
893,37
2505,25
725,43
2185,16
2522,16
197,12
30,45
753,3
337,48
2045,39
1375,22
1489,4
1878,13
2695,42
265,48
2557,24
2175,14
777,30
899,9
245,36
2313,33
1020,7
1501,3
263,38
2086,17
268,26
1251,1
227,49
1109,41
1528,19
492,4
2532,14
510,37
2343,8
1515,10
2813,48
2549,27
153,13
2230,39
1788,36
2913,8
2478,49
493,21
2616,28
1016,14
1008,4
2656,8
680,40
2630,39
873,29
902,9
699,45
2558,22
1181,43
2697,28
797,11
2336,17
1749,46
1868,25
1385,47
484,27
405,24
2966,18
1947,20
7,19
637,6
682,31
1987,32
2909,12
2409,2
1317,40
368,29
205,32
1550,46
382,22
1241,41
894,34
165,44
1240,49
1726,20
94,26
768,30
2796,13
2116,26
2325,29
640,10
2739,30
855,8
540,16
179,0
2500,6
2369,35
1232,36
123,44
1614,24
2215,14
2652,33
1416,18
505,30
2391,37
2917,9
925,21
2527,35
1981,23
1403,14
2551,48
2196,49
2687,20
1516,23
1214,37
916,16
956,44
2180,2
1996,44
2906,42
2208,10
1746,17
827,32
207,6
1606,18
2293,7
1683,41
724,43
892,49
722,4
192,31
2970,15
1215,41
1368,45
1620,17
589,19
1307,48
1411,20
1960,17
344,40
2072,13
353,9
909,40
1448,46
2138,41
1310,42
2167,16
2490,35
1686,27
103,34
1117,44
2681,36
881,18
2624,31
1319,28
2000,7
2032,12
1572,1
1753,27
2173,25
712,38
926,48
2095,3
391,12
2987,25
1314,4
2808,15
78,12
2614,10
1415,12
1390,50
1279,10
2645,42
169,42
256,47
2979,42
1111,9
2750,0
1445,11
345,15
1652,11
739,46
1858,0
2419,12
1078,8
530,24
2457,10
1774,7
732,41
2845,49
1132,22
1034,7
2124,46
921,9
1555,30
708,40
2715,11
1993,49
595,0
2002,12
1171,0
2900,24
2120,31
1255,17
212,1
136,45
2657,12
1152,12
984,1
513,6
501,33
1409,25
2216,38
2263,49
1297,16
331,3
1779,36
1977,44
773,24
742,35
1309,39
1058,25
392,7
735,30
2963,34
667,48
820,21
453,6
2972,6
623,21
1980,46
420,18
2383,1
711,24
297,3
389,31
1787,28
2374,9
63,13
2559,38
2363,35
2516,50
2935,1
1636,42
1784,19
2545,18
2283,24
1372,0
2398,45
1355,11
1004,37
339,28
983,50
688,13
2629,1
1033,12
2024,16
1313,34
2508,7
4,35
2465,27
621,24
422,17
2349,49
2908,1
1048,36
2617,30
571,20
2194,43
2853,44
2875,39
586,32
1260,40
2413,10
2414,47
955,7
2316,11
2501,17
1357,12
744,14
178,49
122,39
1569,1
2560,15
812,15
1170,44
2289,9
689,4
1602,34
2644,31
2698,12
299,11
1523,33
2276,5
2030,30
23,48
2096,45
239,10
2046,22
2953,46
1546,42
1336,19
242,10
2944,20
2148,31
365,4
1755,24
2704,40
907,32
1704,47
2975,40
661,33
371,11
2721,31
738,7
1986,36
1337,23
1110,25
1102,5
2795,33
1151,14
2259,28
1285,8
654,28
2982,4
645,25
1273,13
2066,0
16,1
734,12
2424,23
1383,6
1402,17
2773,39
2005,19
503,26
2373,5
174,40
970,11
2052,21
864,33
1645,15
1245,19
847,23
626,9
698,32
1196,10
2463,1
373,50
19,10
1724,25
795,6
240,44
1160,25
1903,25
1324,32
754,16
2727,20
2245,41
2828,2
1786,47
2623,40
1819,33
2784,33
1482,48
462,32
1912,2
1562,31
1596,8
1065,11
567,22
1790,40
2031,36
1638,13
2519,38
1015,21
65,19
1142,27
2247,18
327,46
1216,22
2121,18
1809,31
1545,6
445,39
1994,34
1130,8
287,47
1538,36
1301,37
2978,26
2291,33
1043,27
396,4
447,2
2237,12
1646,31
1006,6
1697,49
2809,36
1597,7
2177,23
2456,38
1407,43
336,48
1265,35
765,8
2387,22
1292,32
756,0
2288,27
1494,43
1503,34
1999,39
1761,39
1433,48
333,34
2550,2
2852,14
1386,12
1965,23
177,14
1820,13
1074,23
2154,31
2733,26
2512,10
1743,16
1740,22
1731,31
2890,21
1605,27
1268,11
1877,1
97,26
2548,12
515,35
2323,15
726,3
605,2
1884,46
1587,41
1738,50
1439,14
1627,45
1806,42
1400,27
1045,39
302,33
1975,4
1480,28
487,1
1900,2
443,24
2158,48
1886,26
1131,50
2637,28
2347,6
2137,0
2357,5
1237,5
2720,13
934,21
219,37
1583,33
678,49
231,22
2665,1
1622,13
1179,44
1302,2
286,30
2994,1
2432,42
85,38
2267,30
1404,46
1928,11
2060,29
787,1
870,11
1736,21
2170,7
1832,5
460,49
32,39
1690,36
1747,0
2528,5
750,19
2334,44
2791,44
1677,50
2956,3
2345,41
1488,39
1552,29
448,7
2282,2
660,24
439,41
1391,26
1203,24
1805,11
786,31
2827,42
2606,44
291,45
1700,8
436,47
289,37
31,18
1524,27
1493,2
898,40
713,36
2683,36
2669,44
1767,16
1876,50
1066,34
1826,8
1440,29
1772,25
1574,3
1259,23
1495,18
1180,14
2763,12
269,30
2256,40
1560,20
1561,43
2029,37
2650,33
2879,21
1688,3
2458,3
1687,13
632,41
2579,10
2037,15
406,47
547,16
129,44
384,50
2479,43
1956,0
158,50
988,42
2830,45
1425,35
1294,48
1934,16
1238,24
2187,38
1322,49
1914,10
259,30
1349,21
328,30
560,49
1226,39
1663,4
922,46
127,49
306,30
1036,15
2907,20
2159,26
995,33
808,17
1556,21
248,22
1529,34
1222,17
2406,39
2098,44
2354,49
1442,46
2835,34
2582,5
1727,14
1225,21
2684,26
2711,42
1172,41
2613,34
307,5
2775,26
880,45
2607,15
33,34
1705,25
1783,36
649,23
1870,46
2435,39
976,17
1691,47
2980,30
914,43
2273,7
1944,40
2954,20
1685,26
858,36
2340,14
2144,48
2227,26
130,50
340,22
1706,46
1474,42
2867,26
629,23
1291,17
1875,36
2932,12
100,34
937,2
318,50
1909,40
1882,16
1079,16
527,3
1855,8
2073,21
1829,25
1647,2
2869,45
2127,23
968,41
2536,4
2281,29
2934,9
1565,2
2854,4
257,7
2822,25
912,34
938,18
2442,39
2542,40
1060,43
647,25
799,48
1213,10
2236,42
1025,20
1590,46
927,5
792,49
441,42
2918,49
829,43
1027,23
2272,48
2183,21
1932,45
746,32
779,19
1954,21
2487,27
218,50
1254,12
671,16
1062,41
172,29
58,19
2322,20
1283,17
2847,39
901,48
2756,4
272,47
224,46
1243,29
885,27
721,47
2011,49
717,9
1927,10
1023,11
842,4
775,5
2330,27
1278,47
2495,36
1670,39
1997,7
533,14
546,8
2539,47
2436,15
2026,8
2742,39
939,37
1780,33
399,5
1380,14
358,19
2824,31
92,23
1031,29
2592,29
2358,38
2945,39
1599,46
1608,47
917,2
1825,36
2047,30
47,41
1604,44
508,26
394,8
1922,2
1394,33
1417,49
1018,30
135,48
2028,12
2762,34
3,46
2076,5
1460,33
387,24
1707,48
878,7
2843,18
1342,26
113,27
295,38
1356,35
1424,19
1668,33
951,1
670,23
1367,37
2703,11
1354,26
1983,37
648,47
576,45
1200,30
1943,35
232,27
2962,3
258,4
2689,44
1466,21
2341,11
1629,26
1709,35
2019,29
2492,29
182,3
417,47
1635,38
2802,32
86,36
60,38
1166,45
1159,37
1455,43
1567,11
2641,27
2578,25
2312,24
168,8
952,26
1042,41
494,43
1168,45
2149,19
2102,43
996,34
2725,42
435,34
2938,19
519,38
496,35
2069,48
1991,4
2304,25
2911,22
330,22
755,31
700,48
1350,9
2151,37
262,26
139,34
2009,17
2212,26
1441,30
543,2
1100,31
498,15
2070,13
609,40
520,45
997,11
2467,28
2718,17
46,31
969,39
591,42
1716,16
1594,15
815,4
1609,24
2392,2
1194,11
1758,40
2673,44
737,36
2427,34
1937,1
2100,25
2395,37
1891,44
294,43
962,15
1848,36
238,11
572,14
2179,47
1674,47
1144,37
545,38
57,12
1370,15
1719,11
2081,32
1030,29
2105,21
79,16
1086,36
1001,33
931,10
1821,38
2484,6
1046,2
2589,5
2706,11
1506,9
2948,43
375,27
2489,23
2498,4
2537,6
2816,46
342,33
1541,49
809,17
421,10
274,38
973,22
2352,42
2997,38
2199,19
1589,38
1186,19
198,44
888,9
151,26
1703,41
2930,11
963,43
2444,20
2181,32
1971,36
2324,31
2108,14
2664,43
1930,35
1334,40
2882,15
1371,38
1874,1
1643,25
1017,45
474,21
2455,9
1512,38
2743,45
1852,5
2967,25
624,42
2417,11
834,15
1461,49
2905,48
50,29
473,13
1564,0
1084,39
794,37
949,27
803,17
1073,20
260,7
41,23
2315,42
2951,5
91,21
2696,36
1426,25
181,32
961,45
1678,34
1497,24
800,29
1651,19
2777,30
2892,2
2485,10
465,46
444,30
2061,35
1547,37
551,8
585,19
1071,27
2169,28
2653,37
1982,45
244,13
769,11
652,47
507,49
1953,41
1321,44
2106,3
1234,10
2471,37
1843,26
1323,35
1469,35
2555,28
2023,17
1973,8
2947,14
2503,42
1918,3
1333,28
1708,21
760,4
1475,26
2418,7
1664,19
2719,47
1126,14
1095,28
2564,25
1968,47
114,18
467,6
68,24
1559,42
383,4
1022,24
37,13
694,30
2546,37
321,42
1190,34
761,7
2305,7
370,2
1754,2
1329,46
1976,33
1470,7
285,29
1201,34
214,44
2717,35
1866,33
1230,31
1966,45
2242,2
1499,28
1814,32
2232,8
597,21
1007,46
2460,34
483,42
1175,4
1288,26
1659,37
1094,15
1101,48
1940,17
1056,39
438,1
2871,28
1219,5
801,18
2569,42
1711,31
2376,5
1816,20
2622,12
1276,11
2163,47
615,39
2521,0
1353,15
1757,43
2615,48
2459,45
2974,46
1398,4
879,32
2714,34
2040,11
886,20
381,4
2520,10
2583,17
283,43
196,23
1165,43
2659,3
2050,20
824,7
643,29
403,45
1364,37
2648,17
376,12
2025,36
2065,38
1540,8
2475,37
2371,50
2793,14
2089,7
2893,41
228,2
1005,39
1717,45
1946,23
229,13
2713,12
2359,27
2351,32
2136,5
1775,27
1422,28
185,26
1202,49
950,13
1733,50
2790,6
856,31
2290,27
1509,9
1032,34
499,38
2446,38
1464,50
361,17
2027,8
2274,50
592,17
685,27
1183,50
1339,32
2101,6
980,42
105,45
142,49
2663,37
1804,9
936,30
2507,12
2468,16
844,47
2517,21
1406,0
2134,9
1220,20
2881,16
1064,3
