21262,31,602,1951,159,31,18,602,18,1951,18,159,11
2166,35,815,1597,1940,35,11,815,3,1597,11,1940,11
5043,35,1320,1824,272,35,11,1320,11,1824,11,272,11
5163,35,359,899,2370,35,11,359,11,899,11,2370,11
5545,35,1582,1102,1599,35,11,1582,11,1102,11,1599,11
5806,35,1109,239,1599,35,11,1109,11,239,11,1599,11
6036,35,1602,689,1044,35,11,1602,11,689,11,1044,11
7989,35,1924,917,2359,35,11,1924,11,917,11,2359,11
9254,35,1622,162,700,35,11,1622,11,162,11,700,11
11884,35,890,689,2196,35,11,890,10,689,11,2196,11
23560,35,764,1818,1799,35,11,764,11,1818,11,1799,11
26928,35,1931,487,700,35,11,1931,11,487,11,700,11
35192,35,1320,1194,1003,35,11,1320,11,1194,45,1003,11
35601,35,1399,1792,1388,35,11,1399,11,1792,41,1388,11
36728,35,519,843,457,35,11,519,37,843,11,457,11
46119,35,552,1032,1391,35,11,552,11,1032,11,1391,11
51118,35,1622,1102,1997,35,11,1622,11,1102,11,1997,11
59542,35,508,147,457,35,11,508,11,147,11,457,11
1770,56,1399,983,1068,56,11,1399,11,983,11,1068,11
3002,56,1109,843,1799,56,11,1109,11,843,11,1799,11
5557,56,1622,522,1799,56,11,1622,11,522,11,1799,11
11665,56,484,1231,979,56,11,484,11,1231,11,979,11
12082,56,1671,162,979,56,11,1671,11,162,11,979,11
20054,56,1582,1231,620,56,11,1582,11,1231,11,620,11
20440,56,1602,53,463,56,11,1602,11,53,11,463,11
24152,56,1171,1986,1997,56,11,1171,11,1986,24,1997,11
24276,56,1287,1438,2244,56,11,1287,11,1438,24,2244,11
27553,56,1562,365,1003,56,11,1562,11,365,11,1003,11
27823,56,1619,239,457,56,11,1619,11,239,11,457,11
29874,56,1633,1046,390,56,11,1633,11,1046,14,390,11
30869,56,176,583,927,56,11,176,11,583,11,927,11
31104,56,484,1780,1194,56,11,484,11,1780,29,1194,11
35625,56,1671,829,2259,56,11,1671,11,829,32,2259,11
35629,56,1165,1253,1044,56,11,1165,11,1253,11,1044,11
36477,56,359,919,1194,56,11,359,11,919,15,1194,11
39358,56,1579,521,1388,56,11,1579,11,521,11,1388,11
44072,56,1912,53,457,56,11,1912,11,53,11,457,11
51206,56,1671,899,1044,56,11,1671,11,899,11,1044,11
55722,56,1109,1866,1818,56,11,1109,11,1866,11,1818,11
58810,56,352,979,1259,56,11,352,11,979,49,1259,11
52857,110,1685,831,2359,110,14,1685,44,831,14,2359,11
6708,184,1785,983,1391,184,11,1785,42,983,11,1391,11
26987,184,710,521,2259,184,11,710,11,521,11,2259,11
30572,184,368,1253,2259,184,11,368,11,1253,11,2259,11
35608,184,521,583,2259,184,11,521,16,583,11,2259,11
37724,184,710,1824,2068,184,11,710,11,1824,11,2068,11
37900,184,552,1866,1044,184,11,552,11,1866,11,1044,11
38845,184,352,1818,620,184,11,352,11,1818,11,620,11
41586,184,1579,917,979,184,11,1579,11,917,11,979,11
42355,184,51,450,2196,184,11,51,11,450,11,2196,11
42845,184,352,1000,2216,184,11,352,11,1000,11,2216,11
43302,184,1396,239,1044,184,11,1396,25,239,11,1044,11
44001,184,1399,1818,2405,184,11,1399,11,1818,11,2405,11
47406,184,1552,522,1391,184,11,1552,11,522,11,1391,11
51984,184,1579,1653,159,184,11,1579,11,1653,11,159,11
53625,184,552,1184,1599,184,11,552,11,1184,29,1599,11
54301,184,1619,583,1259,184,11,1619,11,583,11,1259,11
47454,197,1009,419,742,197,12,1009,2,419,12,742,11
240,238,1171,1536,2216,238,11,1171,11,1536,28,2216,11
2996,238,1579,1082,1799,238,11,1579,11,1082,11,1799,11
3194,238,359,899,1312,238,11,359,11,899,11,1312,11
7232,238,1858,147,1388,238,11,1858,30,147,11,1388,11
10073,238,1931,1434,1044,238,11,1931,11,1434,11,1044,11
13172,238,300,147,1044,238,11,300,16,147,11,1044,11
14239,238,1619,1479,1260,238,11,1619,11,1479,11,1260,11
14815,238,1931,1646,45,238,11,1931,11,1646,11,45,11
18606,238,1579,983,758,238,11,1579,11,983,11,758,11
20069,238,1579,1231,1186,238,11,1579,11,1231,11,1186,11
23091,238,1931,1897,159,238,11,1931,11,1897,11,159,11
26515,238,1579,1102,338,238,11,1579,11,1102,11,338,11
27853,238,508,1231,1773,238,11,508,11,1231,11,1773,11
31449,238,1109,1231,1260,238,11,1109,11,1231,11,1260,11
32800,238,524,1924,1873,238,11,524,11,1924,43,1873,11
39608,238,19,1082,457,238,11,19,2,1082,11,457,11
40423,238,1671,521,2370,238,11,1671,11,521,11,2370,11
40426,238,1602,53,2244,238,11,1602,11,53,11,2244,11
41370,238,51,1563,1799,238,11,51,11,1563,11,1799,11
50957,238,1890,1599,2370,238,11,1890,34,1599,38,2370,11
52750,238,1624,487,2123,238,11,1624,48,487,11,2123,11
55617,238,505,244,1186,238,11,505,11,244,11,1186,11
58929,238,1602,1000,1818,238,11,1602,11,1000,11,1818,11
37403,239,504,754,1873,239,10,504,10,754,10,1873,11
768,246,359,1646,1260,246,11,359,11,1646,11,1260,11
7831,246,352,1897,2068,246,11,352,11,1897,11,2068,11
9989,246,1320,665,2289,246,11,1320,11,665,11,2289,11
13358,246,1287,1477,2261,246,11,1287,11,1477,43,2261,11
18485,246,1698,665,1956,246,11,1698,22,665,11,1956,11
25747,246,783,162,1388,246,11,783,31,162,11,1388,11
27284,246,176,1247,758,246,11,176,11,1247,43,758,11
33479,246,1736,1797,1259,246,11,1736,11,1797,13,1259,11
42244,246,1671,1102,1003,246,11,1671,11,1102,11,1003,11
42651,246,401,239,1259,246,11,401,44,239,11,1259,11
46883,246,1579,1000,2289,246,11,1579,11,1000,11,2289,11
50089,246,816,1897,2261,246,11,816,17,1897,11,2261,11
53498,246,1582,899,1068,246,11,1582,11,899,11,1068,11
57648,246,359,1102,159,246,11,359,11,1102,11,159,11
59930,246,1802,1478,1568,246,11,1802,5,1478,13,1568,11
17940,273,563,1746,338,273,10,563,10,1746,10,338,11
36338,273,24,1916,2261,273,10,24,5,1916,40,2261,11
789,299,352,281,1997,299,11,352,11,281,11,1997,11
6134,299,1509,281,2405,299,11,1509,9,281,11,2405,11
7718,299,359,689,1873,299,11,359,11,689,11,1873,11
9909,299,1165,1778,700,299,11,1165,11,1778,11,700,11
14023,299,1736,983,1260,299,11,1736,11,983,11,1260,11
24822,299,1727,843,2123,299,11,1727,2,843,11,2123,11
28953,299,764,1646,2244,299,11,764,11,1646,11,2244,11
32078,299,508,437,2206,299,11,508,11,437,38,2206,11
34613,299,1287,308,2405,299,11,1287,11,308,15,2405,11
34919,299,1931,1897,1388,299,11,1931,11,1897,11,1388,11
41881,299,1562,1824,2079,299,11,1562,11,1824,11,2079,11
49100,299,605,162,45,299,11,605,11,162,11,45,11
50673,299,1062,1434,1259,299,11,1062,11,1434,11,1259,11
54698,299,352,100,2123,299,11,352,11,100,11,2123,11
55288,299,1602,760,463,299,11,1602,11,760,18,463,11
58575,299,1399,162,620,299,11,1399,11,162,11,620,11
46547,319,446,1527,2196,319,14,446,14,1527,14,2196,11
1620,371,1399,1555,1186,371,11,1399,11,1555,22,1186,11
1627,371,508,1460,979,371,11,508,11,1460,11,979,11
6315,371,1736,1646,159,371,11,1736,11,1646,11,159,11
20244,371,359,1778,2196,371,11,359,11,1778,11,2196,11
22674,371,1171,1517,1940,371,11,1171,11,1517,11,1940,11
26445,371,764,1253,2079,371,11,764,11,1253,11,2079,11
26737,371,1320,689,2244,371,11,1320,11,689,11,2244,11
29362,371,1582,1253,463,371,11,1582,11,1253,11,463,11
32713,371,1622,1479,1003,371,11,1622,11,1479,11,1003,11
33096,371,1568,487,700,371,11,1568,11,487,11,700,11
33685,371,1869,147,1747,371,11,1869,11,147,11,1747,11
34032,371,850,1646,1956,371,11,850,7,1646,11,1956,11
36415,371,764,983,1312,371,11,764,11,983,11,1312,11
40943,371,1619,1646,1068,371,11,1619,11,1646,11,1068,11
42073,371,635,510,1747,371,11,635,8,510,18,1747,11
45131,371,176,365,1153,371,11,176,11,365,11,1153,11
47074,371,1619,1575,338,371,11,1619,11,1575,14,338,11
47898,371,484,1454,1799,371,11,484,11,1454,9,1799,11
49761,371,1869,365,1003,371,11,1869,11,365,11,1003,11
52555,371,1320,100,1422,371,11,1320,11,100,11,1422,11
55263,381,287,139,1873,381,4,287,4,139,26,1873,11
8624,427,524,873,1747,427,11,524,11,873,49,1747,11
16095,427,1931,443,742,427,11,1931,11,443,23,742,11
16809,427,453,1479,1388,427,11,453,4,1479,11,1388,11
20337,427,426,1818,1003,427,11,426,50,1818,11,1003,11
20581,427,1702,147,1422,427,11,1702,11,147,11,1422,11
21417,427,1702,162,390,427,11,1702,11,162,11,390,11
25469,427,327,1082,742,427,11,327,11,1082,11,742,11
26629,427,1062,775,1873,427,11,1062,11,775,46,1873,11
27310,427,1399,1653,463,427,11,1399,11,1653,11,463,11
27390,427,352,1824,2244,427,11,352,11,1824,11,2244,11
28466,427,1924,899,2289,427,11,1924,11,899,11,2289,11
32669,427,1401,239,979,427,11,1401,49,239,11,979,11
34900,427,1487,1597,1773,427,11,1487,12,1597,11,1773,11
49651,427,951,1897,1773,427,11,951,34,1897,11,1773,11
56960,427,1320,1434,1186,427,11,1320,11,1434,11,1186,11
41645,479,568,222,1422,479,16,568,16,222,16,1422,11
29509,568,1050,1672,390,568,16,1050,16,1672,16,390,11
858,604,676,1000,1747,604,11,676,14,1000,11,1747,11
2765,604,1320,239,2079,604,11,1320,11,239,11,2079,11
8261,604,484,521,1940,604,11,484,11,521,11,1940,11
10814,604,552,1836,2068,604,11,552,11,1836,15,2068,11
13784,604,176,100,338,604,11,176,11,100,11,338,11
19333,604,524,583,457,604,11,524,11,583,11,457,11
22829,604,1622,843,979,604,11,1622,11,843,11,979,11
26390,604,1161,1897,1773,604,11,1161,15,1897,11,1773,11
27452,604,605,665,700,604,11,605,11,665,11,700,11
27919,604,1062,1102,979,604,11,1062,11,1102,11,979,11
35706,604,1335,521,1556,604,11,1335,11,521,11,1556,11
36997,604,1736,1032,2244,604,11,1736,11,1032,11,2244,11
39761,604,51,522,2259,604,11,51,11,522,11,2259,11
54032,604,1165,899,1186,604,11,1165,11,899,11,1186,11
56439,604,508,1253,1044,604,11,508,11,1253,11,1044,11
58031,604,1554,1897,700,604,11,1554,0,1897,11,700,11
59895,604,1924,239,1388,604,11,1924,11,239,11,1388,11
804,611,1109,1778,1388,611,11,1109,11,1778,11,1388,11
2915,611,1399,843,457,611,11,1399,11,843,11,457,11
16162,611,1552,89,1259,611,11,1552,11,89,11,1259,11
18246,611,1869,18,2359,611,11,1869,11,18,14,2359,11
20155,611,1573,476,2123,611,11,1573,30,476,21,2123,11
20523,611,359,521,2370,611,11,359,11,521,11,2370,11
22929,611,1399,1225,1186,611,11,1399,11,1225,25,1186,11
27100,611,505,450,1940,611,11,505,11,450,11,1940,11
30808,611,505,1253,45,611,11,505,11,1253,11,45,11
39914,611,352,1434,1940,611,11,352,11,1434,11,1940,11
46316,611,1165,1479,1068,611,11,1165,11,1479,11,1068,11
47657,611,352,239,1799,611,11,352,11,239,11,1799,11
48042,611,484,1866,2216,611,11,484,11,1866,11,2216,11
51927,611,1671,1479,620,611,11,1671,11,1479,11,620,11
53278,611,710,1517,1153,611,11,710,11,1517,11,1153,11
59722,666,503,1449,1773,666,14,503,19,1449,14,1773,11
4958,733,505,1032,2196,733,11,505,11,1032,11,2196,11
7940,733,1736,1697,1747,733,11,1736,11,1697,42,1747,11
8790,733,1619,1517,1153,733,11,1619,11,1517,11,1153,11
14037,733,120,147,1003,733,11,120,35,147,11,1003,11
20615,733,1568,1653,2206,733,11,1568,11,1653,11,2206,11
22550,733,1633,522,1799,733,11,1633,11,522,11,1799,11
26970,733,1582,1653,2196,733,11,1582,11,1653,11,2196,11
28781,733,1602,1897,1186,733,11,1602,11,1897,11,1186,11
30020,733,552,899,1259,733,11,552,11,899,11,1259,11
33321,733,1562,1253,2259,733,11,1562,11,1253,11,2259,11
36070,733,1713,1897,2359,733,11,1713,36,1897,11,2359,11
39810,733,1399,53,1003,733,11,1399,11,53,11,1003,11
40548,733,176,983,1747,733,11,176,11,983,11,1747,11
42612,733,439,899,1194,733,11,439,46,899,11,1194,11
45906,733,1287,1082,2068,733,11,1287,11,1082,11,2068,11
47560,733,710,1102,620,733,11,710,11,1102,11,620,11
48120,733,1622,1653,620,733,11,1622,11,1653,11,620,11
48455,733,508,1296,2359,733,11,508,11,1296,41,2359,11
53223,733,1399,1102,879,733,11,1399,11,1102,11,879,11
314,751,1209,1376,2370,751,9,1209,9,1376,9,2370,11
2665,769,1320,450,457,769,11,1320,11,450,11,457,11
3308,769,1736,89,1556,769,11,1736,11,89,11,1556,11
3421,769,1671,1154,1068,769,11,1671,11,1154,46,1068,11
11283,769,651,1082,979,769,11,651,7,1082,11,979,11
37189,769,906,665,1940,769,11,906,11,665,11,1940,11
41312,769,552,1266,1153,769,11,552,11,1266,24,1153,11
41390,769,1062,1460,1194,769,11,1062,11,1460,11,1194,11
41970,769,710,1082,1259,769,11,710,11,1082,11,1259,11
43460,769,1062,1866,2359,769,11,1062,11,1866,11,2359,11
43707,769,1562,1581,2123,769,11,1562,11,1581,40,2123,11
47710,769,1552,239,1940,769,11,1552,11,239,11,1940,11
48483,769,352,1818,2259,769,11,352,11,1818,11,2259,11
6674,797,524,1817,620,797,11,524,11,1817,41,620,11
9462,797,1619,1434,390,797,11,1619,11,1434,11,390,11
13269,797,1582,1424,1599,797,11,1582,11,1424,30,1599,11
13763,797,50,1897,1956,797,11,50,22,1897,11,1956,11
13856,797,1562,1517,1388,797,11,1562,11,1517,11,1388,11
16379,797,1614,583,1773,797,11,1614,1,583,11,1773,11
20531,797,764,843,1773,797,11,764,11,843,11,1773,11
20855,797,1622,1082,927,797,11,1622,11,1082,11,927,11
25550,797,524,1804,272,797,11,524,11,1804,42,272,11
28110,797,1931,365,2259,797,11,1931,11,365,11,2259,11
36526,797,1756,487,2289,797,11,1756,32,487,11,2289,11
42867,797,131,281,2196,797,11,131,36,281,11,2196,11
49056,797,1562,1032,390,797,11,1562,11,1032,11,390,11
49234,797,1062,162,2196,797,11,1062,11,162,11,2196,11
51055,797,1535,365,1568,797,11,1535,19,365,11,1568,11
57369,797,1619,1646,390,797,11,1619,11,1646,11,390,11
59032,797,1736,450,1956,797,11,1736,11,450,11,1956,11
53704,802,998,418,1260,802,15,998,39,418,15,1260,11
46258,803,232,813,742,803,17,232,17,813,14,742,11
4283,812,1593,1895,1422,812,15,1593,15,1895,15,1422,11
33735,866,1149,635,1391,866,9,1149,9,635,31,1391,11
259,870,1736,937,2206,870,11,1736,11,937,45,2206,11
2206,870,1171,365,338,870,11,1171,11,365,11,338,11
4632,870,1562,1901,2370,870,11,1562,11,1901,9,2370,11
5188,870,19,1897,1312,870,11,19,2,1897,11,1312,11
7974,870,1702,1434,1044,870,11,1702,11,1434,11,1044,11
8449,870,1582,162,1873,870,11,1582,11,162,11,1873,11
13935,870,1619,850,2123,870,11,1619,11,850,43,2123,11
17818,870,97,1231,1391,870,11,97,29,1231,11,1391,11
19000,870,541,521,338,870,11,541,43,521,11,338,11
24612,870,1077,1226,463,870,11,1077,22,1226,24,463,11
25247,870,176,1818,1260,870,11,176,11,1818,11,1260,11
34917,870,176,1897,2405,870,11,176,11,1897,11,2405,11
40377,870,695,1000,2261,870,11,695,25,1000,11,2261,11
43620,870,51,1000,1997,870,11,51,11,1000,11,1997,11
48505,870,1320,1070,390,870,11,1320,11,1070,47,390,11
55277,870,327,53,758,870,11,327,11,53,11,758,11
59590,870,605,1646,2206,870,11,605,11,1646,11,2206,11
3564,970,484,1032,758,970,11,484,11,1032,11,758,11
4341,970,1702,162,2216,970,11,1702,11,162,11,2216,11
4643,970,719,917,2289,970,11,719,33,917,11,2289,11
13566,970,129,1479,45,970,11,129,30,1479,11,45,11
14647,970,508,1646,758,970,11,508,11,1646,11,758,11
17090,970,1263,244,1391,970,11,1263,20,244,11,1391,11
18700,970,1579,983,2079,970,11,1579,11,983,11,2079,11
22984,970,176,583,2079,970,11,176,11,583,11,2079,11
24999,970,1171,450,457,970,11,1171,11,450,11,457,11
31529,970,764,53,1312,970,11,764,11,53,11,1312,11
39859,970,1195,843,879,970,11,1195,1,843,11,879,11
40104,970,566,1692,1799,970,11,566,36,1692,44,1799,11
41462,970,327,1434,2244,970,11,327,11,1434,11,2244,11
46590,970,1671,239,1940,970,11,1671,11,239,11,1940,11
58449,970,1602,1597,1194,970,11,1602,11,1597,11,1194,11
16,993,1845,522,390,993,11,1845,6,522,11,390,11
336,993,1562,487,1556,993,11,1562,11,487,11,1556,11
6554,993,1924,281,272,993,11,1924,11,281,11,272,11
8650,993,1633,1653,1799,993,11,1633,11,1653,11,1799,11
20743,993,311,522,700,993,11,311,16,522,11,700,11
27071,993,552,1082,1391,993,11,552,11,1082,11,1391,11
32349,993,1171,1213,1312,993,11,1171,11,1213,47,1312,11
32491,993,1834,1287,1388,993,11,1834,18,1287,45,1388,11
36017,993,1602,1102,2359,993,11,1602,11,1102,11,2359,11
37136,993,1912,1438,1044,993,11,1912,11,1438,24,1044,11
47542,993,327,1653,979,993,11,327,11,1653,11,979,11
52638,993,1612,239,879,993,11,1612,17,239,11,879,11
54395,993,1568,1102,2206,993,11,1568,11,1102,11,2206,11
56306,993,1702,917,1312,993,11,1702,11,917,11,1312,11
918,997,1931,1937,1312,997,11,1931,11,1937,26,1312,11
7072,997,250,281,1186,997,11,250,39,281,11,1186,11
9142,997,1633,162,390,997,11,1633,11,162,11,390,11
14675,997,1924,63,2289,997,11,1924,11,63,18,2289,11
14970,997,1736,1879,1747,997,11,1736,11,1879,43,1747,11
16764,997,764,713,1259,997,11,764,11,713,15,1259,11
19138,997,1702,100,390,997,11,1702,11,100,11,390,11
19207,997,1745,983,1747,997,11,1745,42,983,11,1747,11
20409,997,359,244,700,997,11,359,11,244,11,700,11
22758,997,1062,1231,1940,997,11,1062,11,1231,11,1940,11
23084,997,1287,1434,1799,997,11,1287,11,1434,11,1799,11
28143,997,1702,1032,2370,997,11,1702,11,1032,11,2370,11
30999,997,1633,1479,1940,997,11,1633,11,1479,11,1940,11
34874,997,405,244,1068,997,11,405,10,244,11,1068,11
37212,997,1165,899,979,997,11,1165,11,899,11,979,11
38855,997,1476,843,2123,997,11,1476,14,843,11,2123,11
38991,997,1907,1790,2359,997,11,1907,19,1790,17,2359,11
39755,997,1836,1253,463,997,11,1836,31,1253,11,463,11
44161,997,1399,1818,390,997,11,1399,11,1818,11,390,11
45429,997,605,365,2244,997,11,605,11,365,11,2244,11
52272,997,812,899,2405,997,11,812,12,899,11,2405,11
53480,997,1671,521,1568,997,11,1671,11,521,11,1568,11
54714,997,764,239,1194,997,11,764,11,239,11,1194,11
55008,997,1335,365,1260,997,11,1335,11,365,11,1260,11
59058,997,1931,53,1312,997,11,1931,11,53,11,1312,11
8825,1023,524,802,2068,1023,11,524,11,802,50,2068,11
14333,1023,1320,583,979,1023,11,1320,11,583,11,979,11
15714,1023,1171,162,1599,1023,11,1171,11,162,11,1599,11
16401,1023,1284,1202,1773,1023,11,1284,50,1202,28,1773,11
17938,1023,1579,1032,2405,1023,11,1579,11,1032,11,2405,11
19879,1023,1702,1032,1388,1023,11,1702,11,1032,11,1388,11
20673,1023,4,983,1259,1023,11,4,36,983,11,1259,11
22291,1023,1399,1231,1773,1023,11,1399,11,1231,11,1773,11
26444,1023,906,281,1153,1023,11,906,11,281,11,1153,11
29903,1023,1335,53,2206,1023,11,1335,11,53,11,2206,11
49883,1023,1109,689,1940,1023,11,1109,11,689,11,1940,11
53499,1023,1236,1032,1388,1023,11,1236,47,1032,11,1388,11
54010,1023,176,487,1068,1023,11,176,11,487,11,1068,11
54635,1023,1062,1653,1388,1023,11,1062,11,1653,11,1388,11
56463,1023,505,1517,1260,1023,11,505,11,1517,11,1260,11
58043,1023,710,1597,879,1023,11,710,11,1597,11,879,11
1786,1065,1702,917,1391,1065,11,1702,11,917,11,1391,11
5087,1065,352,484,1599,1065,11,352,11,484,46,1599,11
6355,1065,1633,244,1391,1065,11,1633,11,244,11,1391,11
7075,1065,764,1032,1259,1065,11,764,11,1032,11,1259,11
7694,1065,368,239,1186,1065,11,368,11,239,11,1186,11
15898,1065,1808,239,1068,1065,11,1808,43,239,11,1068,11
18812,1065,230,1563,1153,1065,11,230,46,1563,11,1153,11
19896,1065,1619,522,1259,1065,11,1619,11,522,11,1259,11
31076,1065,1702,917,1068,1065,11,1702,11,917,11,1068,11
31991,1065,1062,1565,758,1065,11,1062,11,1565,50,758,11
36326,1065,1619,1818,1818,1065,11,1619,11,1818,11,1818,11
36878,1065,1736,689,1260,1065,11,1736,11,689,11,1260,11
38355,1065,1736,1231,2196,1065,11,1736,11,1231,11,2196,11
305,1098,1622,365,2244,1098,11,1622,11,365,11,2244,11
7840,1098,29,147,1997,1098,11,29,27,147,11,1997,11
13959,1098,956,1632,927,1098,11,956,1,1632,24,927,11
19175,1098,1633,147,2289,1098,11,1633,11,147,11,2289,11
25554,1098,1633,1434,1422,1098,11,1633,11,1434,11,1422,11
29317,1098,484,917,457,1098,11,484,11,917,11,457,11
31475,1098,710,89,1259,1098,11,710,11,89,11,1259,11
36424,1098,484,1434,927,1098,11,484,11,1434,11,927,11
38904,1098,1636,583,1312,1098,11,1636,41,583,11,1312,11
58640,1098,901,1231,1818,1098,11,901,10,1231,11,1818,11
2787,1105,352,1000,1568,1105,11,352,11,1000,11,1568,11
5018,1105,764,1253,742,1105,11,764,11,1253,11,742,11
7962,1105,51,244,758,1105,11,51,11,244,11,758,11
11568,1105,505,1778,979,1105,11,505,11,1778,11,979,11
14899,1105,1335,239,1956,1105,11,1335,11,239,11,1956,11
29648,1105,730,665,1003,1105,11,730,5,665,11,1003,11
33316,1105,1552,1546,2244,1105,11,1552,11,1546,17,2244,11
33982,1105,1736,1434,1068,1105,11,1736,11,1434,11,1068,11
36854,1105,1622,1897,1044,1105,11,1622,11,1897,11,1044,11
41472,1105,505,1000,2206,1105,11,505,11,1000,11,2206,11
42168,1105,923,583,1956,1105,11,923,46,583,11,1956,11
44337,1105,352,239,879,1105,11,352,11,239,11,879,11
45535,1105,1582,1866,1940,1105,11,1582,11,1866,11,1940,11
45794,1105,327,1601,2216,1105,11,327,11,1601,15,2216,11
50906,1105,894,689,457,1105,11,894,44,689,11,457,11
51277,1105,1109,1102,1312,1105,11,1109,11,1102,11,1312,11
43295,1108,516,1748,1747,1108,9,516,9,1748,40,1747,11
4782,1135,352,665,457,1135,11,352,11,665,11,457,11
11337,1135,1619,281,2370,1135,11,1619,11,281,11,2370,11
12344,1135,1633,239,2068,1135,11,1633,11,239,11,2068,11
13869,1135,1622,545,1044,1135,11,1622,11,545,22,1044,11
14094,1135,51,450,1599,1135,11,51,11,450,11,1599,11
24023,1135,359,85,1599,1135,11,359,11,85,46,1599,11
25028,1135,1931,1102,1599,1135,11,1931,11,1102,11,1599,11
28872,1135,505,899,1568,1135,11,505,11,899,11,1568,11
29969,1135,764,1563,700,1135,11,764,11,1563,11,700,11
30965,1135,1613,843,2289,1135,11,1613,32,843,11,2289,11
38332,1135,368,1231,1388,1135,11,368,11,1231,11,1388,11
55247,1135,1619,1006,457,1135,11,1619,11,1006,23,457,11
56238,1135,176,281,1940,1135,11,176,11,281,11,1940,11
56407,1135,327,1460,1422,1135,11,327,11,1460,11,1422,11
58947,1135,993,1509,2259,1135,11,993,10,1509,34,2259,11
59247,1135,1287,1253,463,1135,11,1287,11,1253,11,463,11
1618,1147,1671,365,2123,1147,11,1671,11,365,11,2123,11
2330,1147,51,1361,1568,1147,11,51,11,1361,39,1568,11
3701,1147,1602,1870,1599,1147,11,1602,11,1870,43,1599,11
7736,1147,647,1712,338,1147,11,647,7,1712,25,338,11
15741,1147,1287,1563,1153,1147,11,1287,11,1563,11,1153,11
16679,1147,1335,1901,1259,1147,11,1335,11,1901,9,1259,11
16790,1147,1399,172,2206,1147,11,1399,11,172,28,2206,11
19775,1147,524,38,45,1147,11,524,11,38,40,45,11
29662,1147,1619,1000,1799,1147,11,1619,11,1000,11,1799,11
31408,1147,501,1563,1044,1147,11,501,1,1563,11,1044,11
31964,1147,359,1517,457,1147,11,359,11,1517,11,457,11
39629,1147,552,1434,1068,1147,11,552,11,1434,11,1068,11
42768,1147,508,1099,1997,1147,11,508,11,1099,28,1997,11
43651,1147,1287,1032,1599,1147,11,1287,11,1032,11,1599,11
44647,1147,176,147,1153,1147,11,176,11,147,11,1153,11
48201,1147,368,766,927,1147,11,368,11,766,47,927,11
50395,1147,505,522,1003,1147,11,505,11,522,11,1003,11
55605,1147,127,1824,1194,1147,11,127,44,1824,11,1194,11
58202,1147,51,1450,1747,1147,11,51,11,1450,34,1747,11
58419,1147,931,1231,1599,1147,11,931,46,1231,11,1599,11
1268,1194,710,450,457,1194,11,710,11,450,11,457,11
1582,1194,1109,1646,700,1194,11,1109,11,1646,11,700,11
2333,1194,1399,487,457,1194,11,1399,11,487,11,457,11
6020,1194,1671,1818,1391,1194,11,1671,11,1818,11,1391,11
11787,1194,524,1824,1153,1194,11,524,11,1824,11,1153,11
15512,1194,1671,450,1422,1194,11,1671,11,450,11,1422,11
23749,1194,1619,1824,2196,1194,11,1619,11,1824,11,2196,11
27591,1194,1736,147,979,1194,11,1736,11,147,11,979,11
27651,1194,1869,53,2261,1194,11,1869,11,53,11,2261,11
37548,1194,1923,89,2216,1194,11,1923,0,89,11,2216,11
48220,1194,95,162,1153,1194,11,95,32,162,11,1153,11
48572,1194,1622,365,758,1194,11,1622,11,365,11,758,11
51181,1194,1633,522,457,1194,11,1633,11,522,11,457,11
51183,1194,552,1686,2261,1194,11,552,11,1686,13,2261,11
53803,1194,1671,1563,1388,1194,11,1671,11,1563,11,1388,11
55658,1194,967,1597,2405,1194,11,967,37,1597,11,2405,11
59763,1194,508,929,1186,1194,11,508,11,929,12,1186,11
3370,1234,124,289,272,1234,10,124,10,289,10,272,11
1178,1268,165,521,2123,1268,11,165,36,521,11,2123,11
2463,1268,1736,521,2206,1268,11,1736,11,521,11,2206,11
3110,1268,605,1517,1388,1268,11,605,11,1517,11,1388,11
6637,1268,1320,1866,1997,1268,11,1320,11,1866,11,1997,11
8425,1268,1062,791,1068,1268,11,1062,11,791,19,1068,11
20177,1268,1062,1231,1260,1268,11,1062,11,1231,11,1260,11
20898,1268,1061,1420,1568,1268,11,1061,33,1420,46,1568,11
21181,1268,176,1639,1818,1268,11,176,11,1639,43,1818,11
22037,1268,103,1000,742,1268,11,103,23,1000,11,742,11
25335,1268,508,53,2216,1268,11,508,11,53,11,2216,11
33042,1268,1619,450,1153,1268,11,1619,11,450,11,1153,11
34624,1268,1541,100,1773,1268,11,1541,32,100,11,1773,11
35594,1268,1287,834,1259,1268,11,1287,11,834,40,1259,11
37168,1268,1622,1824,2123,1268,11,1622,11,1824,11,2123,11
41855,1268,1165,365,1997,1268,11,1165,11,365,11,1997,11
45496,1268,1062,147,1312,1268,11,1062,11,147,11,1312,11
48081,1268,1869,12,1997,1268,11,1869,11,12,41,1997,11
48303,1268,1869,147,2196,1268,11,1869,11,147,11,2196,11
55689,1268,712,365,1194,1268,11,712,32,365,11,1194,11
56167,1268,505,1653,1997,1268,11,505,11,1653,11,1997,11
57364,1268,605,1305,758,1268,11,605,11,1305,42,758,11
59911,1268,813,1866,1599,1268,11,813,46,1866,11,1599,11
2161,1276,1287,665,1799,1276,11,1287,11,665,11,1799,11
2744,1276,764,983,2370,1276,11,764,11,983,11,2370,11
4059,1276,1924,1000,1599,1276,11,1924,11,1000,11,1599,11
6141,1276,348,1102,1068,1276,11,348,14,1102,11,1068,11
8308,1276,710,239,758,1276,11,710,11,239,11,758,11
11424,1276,34,89,1773,1276,11,34,18,89,11,1773,11
16515,1276,1320,1646,1422,1276,11,1320,11,1646,11,1422,11
21462,1276,524,1866,2359,1276,11,524,11,1866,11,2359,11
22920,1276,484,1897,1388,1276,11,484,11,1897,11,1388,11
24151,1276,1924,1866,2216,1276,11,1924,11,1866,11,2216,11
28593,1276,327,147,463,1276,11,327,11,147,11,463,11
28687,1276,1622,281,1599,1276,11,1622,11,281,11,1599,11
29875,1276,317,522,2261,1276,11,317,7,522,11,2261,11
35379,1276,352,522,1153,1276,11,352,11,522,11,1153,11
45862,1276,1619,244,1940,1276,11,1619,11,244,11,1940,11
48960,1276,1109,1032,1186,1276,11,1109,11,1032,11,1186,11
59357,1276,428,1102,2289,1276,11,428,34,1102,11,2289,11
59721,1276,1287,1301,700,1276,11,1287,11,1301,20,700,11
1029,1355,552,1778,1153,1355,11,552,11,1778,11,1153,11
5714,1355,1320,1597,879,1355,11,1320,11,1597,11,879,11
10893,1355,1736,53,2289,1355,11,1736,11,53,11,2289,11
28618,1355,1582,1479,2068,1355,11,1582,11,1479,11,2068,11
33911,1355,552,1253,1556,1355,11,552,11,1253,11,1556,11
34630,1355,1602,1597,2196,1355,11,1602,11,1597,11,2196,11
35884,1355,764,1597,1747,1355,11,764,11,1597,11,1747,11
42067,1355,359,1913,2079,1355,11,359,11,1913,16,2079,11
43594,1355,764,239,1956,1355,11,764,11,239,11,1956,11
44224,1355,1787,658,1599,1355,11,1787,35,658,17,1599,11
50478,1355,1165,450,159,1355,11,1165,11,450,11,159,11
56160,1355,552,1778,1260,1355,11,552,11,1778,11,1260,11
57122,1355,906,365,1003,1355,11,906,11,365,11,1003,11
58022,1355,1931,100,879,1355,11,1931,11,100,11,879,11
3951,1445,1090,1032,1818,1445,11,1090,33,1032,11,1818,11
12425,1445,906,1783,879,1445,11,906,11,1783,21,879,11
17217,1445,1215,1897,1818,1445,11,1215,25,1897,11,1818,11
17575,1445,352,843,1260,1445,11,352,11,843,11,1260,11
26906,1445,524,487,758,1445,11,524,11,487,11,758,11
33770,1445,1287,100,1391,1445,11,1287,11,100,11,1391,11
33889,1445,1633,1082,2206,1445,11,1633,11,1082,11,2206,11
36465,1445,906,1479,2216,1445,11,906,11,1479,11,2216,11
40892,1445,1869,239,2079,1445,11,1869,11,239,11,2079,11
42157,1445,865,1646,1599,1445,11,865,35,1646,11,1599,11
46739,1445,352,1778,2289,1445,11,352,11,1778,11,2289,11
52376,1445,36,1000,2206,1445,11,36,22,1000,11,2206,11
59629,1445,482,239,390,1445,11,482,19,239,11,390,11
42816,1487,818,698,390,1487,7,818,7,698,16,390,11
2770,1504,1109,1032,1599,1504,11,1109,11,1032,11,1599,11
3900,1504,1109,1653,1391,1504,11,1109,11,1653,11,1391,11
9189,1504,1671,917,1873,1504,11,1671,11,917,11,1873,11
10196,1504,764,665,1940,1504,11,764,11,665,11,1940,11
12858,1504,764,1082,1194,1504,11,764,11,1082,11,1194,11
14805,1504,1109,1082,700,1504,11,1109,11,1082,11,700,11
26155,1504,1109,1102,742,1504,11,1109,11,1102,11,742,11
32709,1504,359,983,1003,1504,11,359,11,983,11,1003,11
44183,1504,1633,983,457,1504,11,1633,11,983,11,457,11
45313,1504,1109,1646,1599,1504,11,1109,11,1646,11,1599,11
46367,1504,710,1757,979,1504,11,710,11,1757,22,979,11
47588,1504,150,1778,1599,1504,11,150,16,1778,11,1599,11
48535,1504,327,1460,2206,1504,11,327,11,1460,11,2206,11
55503,1504,906,281,2244,1504,11,906,11,281,11,2244,11
193,1553,1800,1030,2259,1553,18,1800,7,1030,18,2259,11
1176,1567,1582,147,1312,1567,11,1582,11,147,11,1312,11
12368,1567,51,281,2079,1567,11,51,11,281,11,2079,11
14079,1567,1827,899,2259,1567,11,1827,26,899,11,2259,11
18754,1567,1171,1000,1068,1567,11,1171,11,1000,11,1068,11
22133,1567,1109,1000,1153,1567,11,1109,11,1000,11,1153,11
22954,1567,505,1505,2259,1567,11,505,11,1505,31,2259,11
32567,1567,710,522,2259,1567,11,710,11,522,11,2259,11
42826,1567,1924,1818,1194,1567,11,1924,11,1818,11,1194,11
49185,1567,338,1517,1259,1567,11,338,15,1517,11,1259,11
51316,1567,327,1479,1956,1567,11,327,11,1479,11,1956,11
58840,1567,484,1317,463,1567,11,484,11,1317,25,463,11
12468,1577,1634,1999,1194,1577,14,1634,14,1999,14,1194,11
2652,1640,1206,281,1599,1640,11,1206,22,281,11,1599,11
4576,1640,1949,1653,1388,1640,11,1949,44,1653,11,1388,11
11485,1640,605,522,1556,1640,11,605,11,522,11,1556,11
13606,1640,176,1866,2370,1640,11,176,11,1866,11,2370,11
17304,1640,1171,1818,1068,1640,11,1171,11,1818,11,1068,11
19607,1640,1287,1646,1940,1640,11,1287,11,1646,11,1940,11
30876,1640,1582,1827,1940,1640,11,1582,11,1827,14,1940,11
36048,1640,505,917,2068,1640,11,505,11,917,11,2068,11
41513,1640,1804,522,2289,1640,11,1804,39,522,11,2289,11
54792,1640,605,1737,2216,1640,11,605,11,1737,10,2216,11
55545,1640,176,450,1153,1640,11,176,11,450,11,1153,11
12143,1652,1931,308,2123,1652,11,1931,11,308,15,2123,11
27283,1652,1099,1638,1599,1652,11,1099,50,1638,43,1599,11
27400,1652,1562,1563,1873,1652,11,1562,11,1563,11,1873,11
34501,1652,906,147,700,1652,11,906,11,147,11,700,11
36274,1652,1702,89,1260,1652,11,1702,11,89,11,1260,11
43206,1652,710,843,1599,1652,11,710,11,843,11,1599,11
43826,1652,1562,1778,1799,1652,11,1562,11,1778,11,1799,11
43961,1652,1833,1778,2216,1652,11,1833,14,1778,11,2216,11
46294,1652,1377,1597,1556,1652,11,1377,44,1597,11,1556,11
48678,1652,1736,522,1260,1652,11,1736,11,522,11,1260,11
50543,1652,1481,166,758,1652,11,1481,2,166,27,758,11
56318,1652,1736,1102,1773,1652,11,1736,11,1102,11,1773,11
3335,1719,508,1897,159,1719,11,508,11,1897,11,159,11
3535,1719,1702,1517,2405,1719,11,1702,11,1517,11,2405,11
7218,1719,1287,1434,1259,1719,11,1287,11,1434,11,1259,11
10508,1719,1582,1434,338,1719,11,1582,11,1434,11,338,11
14844,1719,764,1824,463,1719,11,764,11,1824,11,463,11
15194,1719,1912,271,2259,1719,11,1912,11,271,22,2259,11
20187,1719,1568,1653,1186,1719,11,1568,11,1653,11,1186,11
22189,1719,371,798,2370,1719,11,371,17,798,22,2370,11
25633,1719,368,1247,1773,1719,11,368,11,1247,43,1773,11
30156,1719,1602,1563,2206,1719,11,1602,11,1563,11,2206,11
30856,1719,976,1509,700,1719,11,976,45,1509,34,700,11
31191,1719,484,436,879,1719,11,484,11,436,40,879,11
43341,1719,359,522,2261,1719,11,359,11,522,11,2261,11
47705,1719,484,689,2079,1719,11,484,11,689,11,2079,11
50961,1719,1582,1778,758,1719,11,1582,11,1778,11,758,11
53798,1719,1109,487,2244,1719,11,1109,11,487,11,2244,11
56053,1719,1165,1778,1422,1719,11,1165,11,1778,11,1422,11
56316,1735,397,1250,1388,1735,13,397,50,1250,19,1388,11
23871,1762,448,224,2216,1762,16,448,18,224,33,2216,11
21654,1769,1821,1420,1044,1769,15,1821,15,1420,46,1044,11
12696,1778,685,983,1556,1778,11,685,2,983,11,1556,11
14127,1778,1619,53,1818,1778,11,1619,11,53,11,1818,11
20193,1778,368,487,927,1778,11,368,11,487,11,927,11
27030,1778,508,365,2405,1778,11,508,11,365,11,2405,11
27746,1778,764,1253,1153,1778,11,764,11,1253,11,1153,11
28332,1778,484,1824,2259,1778,11,484,11,1824,11,2259,11
32850,1778,493,1646,1312,1778,11,493,1,1646,11,1312,11
36182,1778,1287,989,2206,1778,11,1287,11,989,20,2206,11
38029,1778,220,1479,1044,1778,11,220,10,1479,11,1044,11
38870,1778,1579,281,2196,1778,11,1579,11,281,11,2196,11
45578,1778,1552,244,1799,1778,11,1552,11,244,11,1799,11
52738,1778,941,82,1940,1778,11,941,36,82,42,1940,11
56014,1778,51,1866,2068,1778,11,51,11,1866,11,2068,11
59551,1791,232,1790,1194,1791,17,232,17,1790,17,1194,11
1287,1805,1633,53,1599,1805,11,1633,11,53,11,1599,11
1613,1805,176,1460,272,1805,11,176,11,1460,11,272,11
4581,1805,552,450,2261,1805,11,552,11,450,11,2261,11
6175,1805,1287,1866,2259,1805,11,1287,11,1866,11,2259,11
18269,1805,1022,1000,2196,1805,11,1022,33,1000,11,2196,11
18437,1805,814,100,1312,1805,11,814,6,100,11,1312,11
26189,1805,1931,1632,879,1805,11,1931,11,1632,24,879,11
34960,1805,1736,239,700,1805,11,1736,11,239,11,700,11
37191,1805,508,1253,45,1805,11,508,11,1253,11,45,11
41547,1805,1622,1869,2359,1805,11,1622,11,1869,31,2359,11
42616,1805,51,1563,1568,1805,11,51,11,1563,11,1568,11
44514,1805,1931,1597,2206,1805,11,1931,11,1597,11,2206,11
53905,1805,552,393,1260,1805,11,552,11,393,9,1260,11
54941,1805,552,843,1818,1805,11,552,11,843,11,1818,11
2201,1824,1143,1479,1153,1824,11,1143,38,1479,11,1153,11
4092,1824,605,1646,1194,1824,11,605,11,1646,11,1194,11
12046,1824,1287,1231,272,1824,11,1287,11,1231,11,272,11
12914,1824,1109,1866,1747,1824,11,1109,11,1866,11,1747,11
14439,1824,1567,1000,1568,1824,11,1567,40,1000,11,1568,11
14505,1824,1335,1000,2123,1824,11,1335,11,1000,11,2123,11
16540,1824,1622,365,2068,1824,11,1622,11,365,11,2068,11
18183,1824,1582,53,1747,1824,11,1582,11,53,11,1747,11
23140,1824,1165,521,1259,1824,11,1165,11,521,11,1259,11
25249,1824,524,1032,338,1824,11,524,11,1032,11,338,11
26865,1824,791,1704,1773,1824,11,791,42,1704,26,1773,11
27148,1824,1552,244,1259,1824,11,1552,11,244,11,1259,11
28054,1824,1619,1082,1153,1824,11,1619,11,1082,11,1153,11
29323,1824,1931,480,1599,1824,11,1931,11,480,30,1599,11
30211,1824,1335,1479,742,1824,11,1335,11,1479,11,742,11
30674,1824,1062,665,1556,1824,11,1062,11,665,11,1556,11
33473,1824,710,244,390,1824,11,710,11,244,11,390,11
35098,1824,1869,239,2079,1824,11,1869,11,239,11,2079,11
35146,1824,1865,1082,1747,1824,11,1865,34,1082,11,1747,11
37360,1824,359,1897,2359,1824,11,359,11,1897,11,2359,11
42459,1824,1287,1264,2244,1824,11,1287,11,1264,40,2244,11
42718,1824,552,899,2216,1824,11,552,11,899,11,2216,11
44394,1824,571,244,742,1824,11,571,5,244,11,742,11
48190,1824,1869,53,463,1824,11,1869,11,53,11,463,11
52544,1824,368,365,879,1824,11,368,11,365,11,879,11
58271,1824,552,244,1153,1824,11,552,11,244,11,1153,11
59576,1824,552,89,1773,1824,11,552,11,89,11,1773,11
34910,1855,1096,1979,463,1855,8,1096,8,1979,10,463,11
2144,1928,1562,1517,700,1928,11,1562,11,1517,11,700,11
17114,1928,1568,583,1997,1928,11,1568,11,583,11,1997,11
20912,1928,1062,244,2259,1928,11,1062,11,244,11,2259,11
23908,1928,552,1597,758,1928,11,552,11,1597,11,758,11
31829,1928,1924,239,1799,1928,11,1924,11,239,11,1799,11
38296,1928,1062,1434,1044,1928,11,1062,11,1434,11,1044,11
39913,1928,508,843,1799,1928,11,508,11,843,11,1799,11
44363,1928,712,450,1259,1928,11,712,32,450,11,1259,11
44998,1928,201,162,1747,1928,11,201,4,162,11,1747,11
45287,1928,1552,843,1818,1928,11,1552,11,843,11,1818,11
51794,1928,1552,1144,1312,1928,11,1552,11,1144,26,1312,11
55579,1928,258,1866,1044,1928,11,258,47,1866,11,1044,11
28559,1967,1946,639,1044,1967,18,1946,18,639,18,1044,11
50088,2002,122,1407,1259,2002,12,122,22,1407,12,1259,11
2596,2006,518,583,1068,2006,11,518,26,583,11,1068,11
7723,2006,484,911,2123,2006,11,484,11,911,35,2123,11
10489,2006,1139,1920,2196,2006,11,1139,30,1920,24,2196,11
15124,2006,1320,1000,879,2006,11,1320,11,1000,11,879,11
25538,2006,1380,1818,1747,2006,11,1380,48,1818,11,1747,11
37220,2006,505,983,272,2006,11,505,11,983,11,272,11
40188,2006,1335,1256,1186,2006,11,1335,11,1256,20,1186,11
44538,2006,368,204,1799,2006,11,368,11,204,39,1799,11
46446,2006,1579,1102,1599,2006,11,1579,11,1102,11,1599,11
47956,2006,1619,1229,620,2006,11,1619,11,1229,30,620,11
55866,2006,359,53,390,2006,11,359,11,53,11,390,11
45872,2024,1475,1087,1873,2024,16,1475,16,1087,16,1873,11
470,2040,1707,665,620,2040,11,1707,4,665,11,620,11
2440,2040,710,1032,272,2040,11,710,11,1032,11,272,11
3906,2040,524,917,2289,2040,11,524,11,917,11,2289,11
7120,2040,764,522,1194,2040,11,764,11,522,11,1194,11
8377,2040,1287,1000,1997,2040,11,1287,11,1000,11,1997,11
9752,2040,508,1778,1186,2040,11,508,11,1778,11,1186,11
12565,2040,60,1116,979,2040,11,60,17,1116,34,979,11
13799,2040,1740,1778,2206,2040,11,1740,33,1778,11,2206,11
25101,2040,989,100,2370,2040,11,989,19,100,11,2370,11
26886,2040,1062,1778,390,2040,11,1062,11,1778,11,390,11
32524,2040,1552,1434,758,2040,11,1552,11,1434,11,758,11
35516,2040,176,1231,2261,2040,11,176,11,1231,11,2261,11
40010,2040,640,583,1568,2040,11,640,50,583,11,1568,11
48033,2040,1335,1563,1186,2040,11,1335,11,1563,11,1186,11
49319,2040,1109,1000,700,2040,11,1109,11,1000,11,700,11
54995,2040,906,522,1997,2040,11,906,11,522,11,1997,11
58328,2040,1619,1897,2196,2040,11,1619,11,1897,11,2196,11
13442,2056,1915,1982,742,2056,11,1915,9,1982,19,742,11
15363,2056,252,162,1312,2056,11,252,21,162,11,1312,11
18108,2056,286,1451,1068,2056,11,286,36,1451,13,1068,11
20674,2056,710,147,1818,2056,11,710,11,147,11,1818,11
22545,2056,1320,281,2206,2056,11,1320,11,281,11,2206,11
32817,2056,710,1000,390,2056,11,710,11,1000,11,390,11
37846,2056,1702,585,758,2056,11,1702,11,585,10,758,11
39048,2056,508,1866,700,2056,11,508,11,1866,11,700,11
41453,2056,1769,1563,2123,2056,11,1769,46,1563,11,2123,11
42552,2056,1912,1655,1312,2056,11,1912,11,1655,44,1312,11
48245,2056,710,244,758,2056,11,710,11,244,11,758,11
49330,2056,42,53,1003,2056,11,42,36,53,11,1003,11
52841,2056,818,665,1044,2056,11,818,7,665,11,1044,11
4528,2080,89,689,159,2080,11,89,6,689,11,159,11
5701,2080,1399,458,1568,2080,11,1399,11,458,31,1568,11
13320,2080,51,385,1186,2080,11,51,11,385,21,1186,11
14972,2080,1691,53,1940,2080,11,1691,38,53,11,1940,11
15379,2080,552,689,1422,2080,11,552,11,689,11,1422,11
19783,2080,1924,1607,1997,2080,11,1924,11,1607,36,1997,11
23196,2080,51,450,1259,2080,11,51,11,450,11,1259,11
28050,2080,1562,239,1260,2080,11,1562,11,239,11,1260,11
30004,2080,1912,53,758,2080,11,1912,11,53,11,758,11
32262,2080,1702,1517,1186,2080,11,1702,11,1517,11,1186,11
35235,2080,359,1082,1388,2080,11,359,11,1082,11,1388,11
36202,2080,1320,1897,457,2080,11,1320,11,1897,11,457,11
38341,2080,1633,450,1068,2080,11,1633,11,450,11,1068,11
48651,2080,482,1000,1391,2080,11,482,19,1000,11,1391,11
48761,2080,1602,1517,1068,2080,11,1602,11,1517,11,1068,11
50380,2080,1633,1778,457,2080,11,1633,11,1778,11,457,11
55072,2080,62,1818,700,2080,11,62,28,1818,11,700,11
3487,2157,1580,1251,390,2157,15,1580,15,1251,15,390,11
4156,2228,1131,1035,2261,2228,14,1131,19,1035,17,2261,11
4147,2244,1931,917,758,2244,11,1931,11,917,11,758,11
9064,2244,764,1824,1068,2244,11,764,11,1824,11,1068,11
10916,2244,669,899,338,2244,11,669,7,899,11,338,11
20579,2244,1568,377,1194,2244,11,1568,11,377,10,1194,11
21794,2244,368,1866,1391,2244,11,368,11,1866,11,1391,11
26751,2244,505,1818,2405,2244,11,505,11,1818,11,2405,11
33353,2244,1109,1818,2370,2244,11,1109,11,1818,11,2370,11
36846,2244,564,89,2123,2244,11,564,2,89,11,2123,11
46523,2244,1062,665,457,2244,11,1062,11,665,11,457,11
47831,2244,565,487,879,2244,11,565,19,487,11,879,11
48864,2244,1171,1818,390,2244,11,1171,11,1818,11,390,11
53032,2244,1003,983,1259,2244,11,1003,35,983,11,1259,11
8404,2257,906,983,1873,2257,11,906,11,983,11,1873,11
10459,2257,1171,843,1153,2257,11,1171,11,843,11,1153,11
17868,2257,1167,1479,1186,2257,11,1167,18,1479,11,1186,11
19154,2257,1736,873,1312,2257,11,1736,11,873,49,1312,11
22948,2257,1109,1092,2370,2257,11,1109,11,1092,28,2370,11
23644,2257,168,685,1747,2257,11,168,33,685,28,1747,11
24861,2257,1619,1824,1422,2257,11,1619,11,1824,11,1422,11
27732,2257,1568,1818,1068,2257,11,1568,11,1818,11,1068,11
28794,2257,1622,1460,159,2257,11,1622,11,1460,11,159,11
28995,2257,508,1028,272,2257,11,508,11,1028,24,272,11
31821,2257,1165,162,1747,2257,11,1165,11,162,11,1747,11
33196,2257,484,109,1194,2257,11,484,11,109,30,1194,11
34273,2257,1399,1082,1773,2257,11,1399,11,1082,11,1773,11
38587,2257,1165,1016,1194,2257,11,1165,11,1016,37,1194,11
38935,2257,1357,1653,1773,2257,11,1357,15,1653,11,1773,11
44064,2257,1119,1866,272,2257,11,1119,6,1866,11,272,11
47529,2257,725,1597,1186,2257,11,725,39,1597,11,1186,11
8372,2284,508,1874,272,2284,11,508,11,1874,41,272,11
11339,2284,1568,1653,1153,2284,11,1568,11,1653,11,1153,11
22480,2284,1165,1778,338,2284,11,1165,11,1778,11,338,11
24505,2284,505,162,45,2284,11,505,11,162,11,45,11
25436,2284,1409,899,1568,2284,11,1409,39,899,11,1568,11
28635,2284,336,1866,45,2284,11,336,3,1866,11,45,11
29626,2284,1171,29,457,2284,11,1171,11,29,31,457,11
30177,2284,1579,1939,1068,2284,11,1579,11,1939,48,1068,11
33967,2284,51,53,1956,2284,11,51,11,53,11,1956,11
35598,2284,1165,573,2216,2284,11,1165,11,573,27,2216,11
36528,2284,1702,1646,620,2284,11,1702,11,1646,11,620,11
37556,2284,764,450,2359,2284,11,764,11,450,11,2359,11
44367,2284,505,1434,1312,2284,11,505,11,1434,11,1312,11
49692,2284,275,1460,758,2284,11,275,14,1460,11,758,11
50522,2284,1164,281,1873,2284,11,1164,4,281,11,1873,11
53450,2284,352,521,2244,2284,11,352,11,521,11,2244,11
3495,2316,1366,1824,1956,2316,11,1366,49,1824,11,1956,11
4135,2316,1171,1824,1388,2316,11,1171,11,1824,11,1388,11
9691,2316,1931,843,2261,2316,11,1931,11,843,11,2261,11
11621,2316,1175,1434,1818,2316,11,1175,43,1434,11,1818,11
11740,2316,347,1253,2261,2316,11,347,12,1253,11,2261,11
14098,2316,1619,689,463,2316,11,1619,11,689,11,463,11
15102,2316,1552,162,979,2316,11,1552,11,162,11,979,11
24024,2316,1869,100,2370,2316,11,1869,11,100,11,2370,11
28690,2316,547,1434,1044,2316,11,547,1,1434,11,1044,11
29127,2316,1973,1032,2370,2316,11,1973,49,1032,11,2370,11
34142,2316,508,281,2405,2316,11,508,11,281,11,2405,11
35733,2316,1831,876,1773,2316,11,1831,7,876,33,1773,11
37227,2316,484,1897,338,2316,11,484,11,1897,11,338,11
40408,2316,359,1653,2261,2316,11,359,11,1653,11,2261,11
42706,2316,1171,1434,2123,2316,11,1171,11,1434,11,2123,11
44503,2316,327,1824,1873,2316,11,327,11,1824,11,1873,11
44975,2316,508,1413,879,2316,11,508,11,1413,28,879,11
46314,2316,508,2,1568,2316,11,508,11,2,13,1568,11
51314,2316,1582,1653,1956,2316,11,1582,11,1653,11,1956,11
1705,2319,1568,1460,1194,2319,11,1568,11,1460,11,1194,11
6589,2319,1716,239,1194,2319,11,1716,0,239,11,1194,11
8366,2319,1428,899,1818,2319,11,1428,16,899,11,1818,11
8664,2319,1671,1653,879,2319,11,1671,11,1653,11,879,11
10983,2319,1109,1434,2244,2319,11,1109,11,1434,11,2244,11
12921,2319,552,1778,758,2319,11,552,11,1778,11,758,11
14216,2319,1931,843,1003,2319,11,1931,11,843,11,1003,11
15133,2319,152,147,1153,2319,11,152,7,147,11,1153,11
26980,2319,1399,162,2244,2319,11,1399,11,162,11,2244,11
29805,2319,352,1818,1773,2319,11,352,11,1818,11,1773,11
36812,2319,764,1563,758,2319,11,764,11,1563,11,758,11
38244,2319,906,162,1044,2319,11,906,11,162,11,1044,11
42205,2319,484,147,1568,2319,11,484,11,147,11,1568,11
45468,2319,175,983,620,2319,11,175,3,983,11,620,11
45592,2319,1109,1460,1956,2319,11,1109,11,1460,11,1956,11
48366,2319,1869,1778,1747,2319,11,1869,11,1778,11,1747,11
51419,2319,1834,1646,1194,2319,11,1834,18,1646,11,1194,11
54731,2319,710,983,1259,2319,11,710,11,983,11,1259,11
1289,2341,924,843,1068,2341,11,924,20,843,11,1068,11
7361,2341,1931,1231,758,2341,11,1931,11,1231,11,758,11
13939,2341,1582,53,1799,2341,11,1582,11,53,11,1799,11
14881,2341,1171,365,1194,2341,11,1171,11,365,11,1194,11
22140,2341,176,237,338,2341,11,176,11,237,19,338,11
23937,2341,444,147,700,2341,11,444,37,147,11,700,11
36390,2341,1062,450,1997,2341,11,1062,11,450,11,1997,11
36410,2341,1643,983,1186,2341,11,1643,49,983,11,1186,11
45188,2341,1460,1639,620,2341,11,1460,31,1639,43,620,11
46873,2341,482,281,758,2341,11,482,19,281,11,758,11
47245,2341,1931,450,1312,2341,11,1931,11,450,11,1312,11
47988,2341,1579,100,1259,2341,11,1579,11,100,11,1259,11
53238,2341,484,450,2359,2341,11,484,11,450,11,2359,11
59665,2341,1582,1597,1799,2341,11,1582,11,1597,11,1799,11
47872,2368,672,1283,758,2368,14,672,48,1283,14,758,11
43983,2376,637,1758,1194,2376,5,637,5,1758,36,1194,11
3633,2397,1320,1460,1873,2397,11,1320,11,1460,11,1873,11
5409,2397,327,843,1422,2397,11,327,11,843,11,1422,11
21935,2397,505,1460,758,2397,11,505,11,1460,11,758,11
23240,2397,1582,365,159,2397,11,1582,11,365,11,159,11
25386,2397,1619,18,1388,2397,11,1619,11,18,14,1388,11
30455,2397,1702,1253,1773,2397,11,1702,11,1253,11,1773,11
57186,2397,51,983,927,2397,11,51,11,983,11,927,11
57294,2397,1736,1778,1153,2397,11,1736,11,1778,11,1153,11
28308,2411,31,1614,2289,2411,13,31,36,1614,13,2289,11
48729,2413,1761,118,1873,2413,10,1761,10,118,10,1873,11
1588,2417,1109,1653,1391,2417,11,1109,11,1653,11,1391,11
5933,2417,1579,521,45,2417,11,1579,11,521,11,45,11
8779,2417,484,1000,2206,2417,11,484,11,1000,11,2206,11
9352,2417,709,665,1068,2417,11,709,17,665,11,1068,11
12530,2417,484,1653,2216,2417,11,484,11,1653,11,2216,11
12602,2417,484,365,620,2417,11,484,11,365,11,620,11
17969,2417,368,521,2123,2417,11,368,11,521,11,2123,11
18048,2417,368,1646,1997,2417,11,368,11,1646,11,1997,11
27607,2417,1671,487,2123,2417,11,1671,11,487,11,2123,11
33622,2417,1671,1231,463,2417,11,1671,11,1231,11,463,11
38365,2417,602,89,45,2417,11,602,18,89,11,45,11
39820,2417,1287,1479,1044,2417,11,1287,11,1479,11,1044,11
40615,2417,1399,1563,2079,2417,11,1399,11,1563,11,2079,11
43494,2417,1671,985,2068,2417,11,1671,11,985,20,2068,11
46699,2417,906,757,1747,2417,11,906,11,757,43,1747,11
52063,2417,942,89,1003,2417,11,942,24,89,11,1003,11
57478,2417,1582,665,2196,2417,11,1582,11,665,11,2196,11
59048,2417,764,1646,1260,2417,11,764,11,1646,11,1260,11
59690,2417,1552,1253,2261,2417,11,1552,11,1253,11,2261,11
18880,2439,1123,190,742,2439,10,1123,10,190,10,742,11
34883,2468,1116,408,1818,2468,16,1116,19,408,16,1818,11
2213,2525,605,1253,2216,2525,11,605,11,1253,11,2216,11
4531,2525,176,162,1388,2525,11,176,11,162,11,1388,11
5540,2525,1552,1897,620,2525,11,1552,11,1897,11,620,11
8692,2525,524,1866,1044,2525,11,524,11,1866,11,1044,11
12185,2525,1924,365,390,2525,11,1924,11,365,11,390,11
13260,2525,1552,1597,2206,2525,11,1552,11,1597,11,2206,11
25297,2525,1568,521,1260,2525,11,1568,11,521,11,1260,11
32072,2525,1281,1479,2206,2525,11,1281,41,1479,11,2206,11
36085,2525,1671,1646,1818,2525,11,1671,11,1646,11,1818,11
37543,2525,354,162,758,2525,11,354,24,162,11,758,11
42798,2525,1320,1460,457,2525,11,1320,11,1460,11,457,11
45989,2525,1165,162,1568,2525,11,1165,11,162,11,1568,11
49565,2525,1931,1653,463,2525,11,1931,11,1653,11,463,11
57693,2525,410,820,1422,2525,11,410,42,820,40,1422,11
59615,2525,1287,239,1940,2525,11,1287,11,239,11,1940,11
16927,2544,881,490,2206,2544,14,881,48,490,14,2206,11
36734,2544,364,1493,1997,2544,14,364,31,1493,14,1997,11
31064,2580,780,831,338,2580,14,780,14,831,14,338,11
13183,2586,466,591,1003,2586,13,466,38,591,13,1003,11
910,2609,1579,521,2261,2609,11,1579,11,521,11,2261,11
1914,2609,359,1434,338,2609,11,359,11,1434,11,338,11
2172,2609,1912,1082,1422,2609,11,1912,11,1082,11,1422,11
11738,2609,1568,281,1799,2609,11,1568,11,281,11,1799,11
21088,2609,1552,1563,338,2609,11,1552,11,1563,11,338,11
21824,2609,1671,89,2079,2609,11,1671,11,89,11,2079,11
23971,2609,1671,1795,1818,2609,11,1671,11,1795,47,1818,11
26154,2609,1702,487,700,2609,11,1702,11,487,11,700,11
26449,2609,176,1897,1818,2609,11,176,11,1897,11,1818,11
28931,2609,508,521,2068,2609,11,508,11,521,11,2068,11
30450,2609,586,450,2405,2609,11,586,9,450,11,2405,11
30513,2609,1562,281,1873,2609,11,1562,11,281,11,1873,11
31796,2609,1287,1214,2289,2609,11,1287,11,1214,35,2289,11
39566,2609,906,522,2244,2609,11,906,11,522,11,2244,11
43346,2609,327,1000,1068,2609,11,327,11,1000,11,1068,11
43484,2609,524,1653,758,2609,11,524,11,1653,11,758,11
52355,2609,764,327,272,2609,11,764,11,327,13,272,11
1239,2675,51,1866,2289,2675,11,51,11,1866,11,2289,11
2694,2675,1633,147,1312,2675,11,1633,11,147,11,1312,11
4458,2675,1622,983,742,2675,11,1622,11,983,11,742,11
5688,2675,524,53,1873,2675,11,524,11,53,11,1873,11
9489,2675,1924,1756,1818,2675,11,1924,11,1756,21,1818,11
18497,2675,1869,100,1194,2675,11,1869,11,100,11,1194,11
22747,2675,906,522,1259,2675,11,906,11,522,11,1259,11
22883,2675,1842,1231,1044,2675,11,1842,40,1231,11,1044,11
29067,2675,1579,1866,758,2675,11,1579,11,1866,11,758,11
33788,2675,1287,926,2261,2675,11,1287,11,926,19,2261,11
38408,2675,1619,991,1568,2675,11,1619,11,991,31,1568,11
44756,2675,352,1517,2261,2675,11,352,11,1517,11,2261,11
45440,2675,740,289,2206,2675,11,740,37,289,10,2206,11
47366,2675,1619,1866,2261,2675,11,1619,11,1866,11,2261,11
49159,2675,508,239,159,2675,11,508,11,239,11,159,11
2097,2690,352,1231,1997,2690,11,352,11,1231,11,1997,11
3259,2690,1924,1082,1186,2690,11,1924,11,1082,11,1186,11
8870,2690,1336,450,1997,2690,11,1336,44,450,11,1997,11
15310,2690,505,162,2289,2690,11,505,11,162,11,2289,11
20203,2690,1619,1032,2196,2690,11,1619,11,1032,11,2196,11
29440,2690,1335,1587,2123,2690,11,1335,11,1587,26,2123,11
30681,2690,1399,1778,2359,2690,11,1399,11,1778,11,2359,11
41549,2690,1287,665,758,2690,11,1287,11,665,11,758,11
42985,2690,176,1102,1747,2690,11,176,11,1102,11,1747,11
43073,2690,1671,899,1818,2690,11,1671,11,899,11,1818,11
46895,2690,828,1866,2196,2690,11,828,18,1866,11,2196,11
50773,2690,906,239,742,2690,11,906,11,239,11,742,11
52900,2690,1820,983,1422,2690,11,1820,15,983,11,1422,11
58651,2690,1622,281,1044,2690,11,1622,11,281,11,1044,11
82,2703,710,1866,159,2703,11,710,11,1866,11,159,11
10703,2703,1165,1102,927,2703,11,1165,11,1102,11,927,11
10982,2703,1912,1646,2244,2703,11,1912,11,1646,11,2244,11
17232,2703,1989,1000,1556,2703,11,1989,18,1000,11,1556,11
25956,2703,1619,1000,1422,2703,11,1619,11,1000,11,1422,11
32106,2703,605,53,2370,2703,11,605,11,53,11,2370,11
34652,2703,1602,665,1391,2703,11,1602,11,665,11,1391,11
38478,2703,710,100,1194,2703,11,710,11,100,11,1194,11
39449,2703,552,100,2359,2703,11,552,11,100,11,2359,11
43350,2703,764,162,1260,2703,11,764,11,162,11,1260,11
47899,2703,505,100,2206,2703,11,505,11,100,11,2206,11
49495,2703,352,1253,1422,2703,11,352,11,1253,11,1422,11
53567,2703,1470,257,1568,2703,11,1470,32,257,25,1568,11
54216,2703,1702,590,2261,2703,11,1702,11,590,19,2261,11
8636,2706,1633,1455,879,2706,11,1633,11,1455,23,879,11
11955,2706,764,1102,2079,2706,11,764,11,1102,11,2079,11
12079,2706,1568,1781,1799,2706,11,1568,11,1781,48,1799,11
16267,2706,1714,53,1773,2706,11,1714,10,53,11,1773,11
32122,2706,1671,522,390,2706,11,1671,11,522,11,390,11
34984,2706,359,450,2259,2706,11,359,11,450,11,2259,11
38974,2706,1622,1646,1388,2706,11,1622,11,1646,11,1388,11
48959,2706,710,239,742,2706,11,710,11,239,11,742,11
51740,2706,176,100,2405,2706,11,176,11,100,11,2405,11
7800,2715,1171,1479,1259,2715,11,1171,11,1479,11,1259,11
34586,2715,1702,1460,742,2715,11,1702,11,1460,11,742,11
35355,2715,1869,1082,272,2715,11,1869,11,1082,11,272,11
41567,2715,368,665,2359,2715,11,368,11,665,11,2359,11
42305,2715,164,1563,1997,2715,11,164,6,1563,11,1997,11
50329,2715,1552,1102,457,2715,11,1552,11,1102,11,457,11
58256,2715,352,583,1556,2715,11,352,11,583,11,1556,11
17752,2732,1703,1244,1044,2732,17,1703,17,1244,17,1044,11
2538,2860,1562,1597,1186,2860,11,1562,11,1597,11,1186,11
8795,2860,552,100,1599,2860,11,552,11,100,11,1599,11
11355,2860,352,53,620,2860,11,352,11,53,11,620,11
17322,2860,1568,917,1873,2860,11,1568,11,917,11,1873,11
17781,2860,1320,1517,1391,2860,11,1320,11,1517,11,1391,11
21975,2860,605,281,2196,2860,11,605,11,281,11,2196,11
31177,2860,1452,983,1391,2860,11,1452,6,983,11,1391,11
35871,2860,1335,843,463,2860,11,1335,11,843,11,463,11
45041,2860,51,1104,927,2860,11,51,11,1104,17,927,11
48784,2860,368,281,2370,2860,11,368,11,281,11,2370,11
52228,2860,388,1231,879,2860,11,388,35,1231,11,879,11
54468,2860,1165,1434,1044,2860,11,1165,11,1434,11,1044,11
56471,2860,359,1547,2405,2860,11,359,11,1547,32,2405,11
1368,2885,1399,1517,2216,2885,11,1399,11,1517,11,2216,11
2511,2885,505,522,1956,2885,11,505,11,522,11,1956,11
17977,2885,906,917,1186,2885,11,906,11,917,11,1186,11
37049,2885,1320,1646,879,2885,11,1320,11,1646,11,879,11
45922,2885,1582,583,620,2885,11,1582,11,583,11,620,11
46370,2885,352,53,2196,2885,11,352,11,53,11,2196,11
49335,2885,1277,239,45,2885,11,1277,38,239,11,45,11
51707,2885,1619,239,1556,2885,11,1619,11,239,11,1556,11
54771,2885,176,239,2068,2885,11,176,11,239,11,2068,11
200,2930,328,162,879,2930,11,328,2,162,11,879,11
5543,2930,1562,298,457,2930,11,1562,11,298,35,457,11
7829,2930,587,945,2068,2930,11,587,28,945,44,2068,11
17460,2930,30,1480,742,2930,11,30,3,1480,23,742,11
27970,2930,518,917,2259,2930,11,518,26,917,11,2259,11
32100,2930,1335,1102,2261,2930,11,1335,11,1102,11,2261,11
32151,2930,1579,689,2206,2930,11,1579,11,689,11,2206,11
40611,2930,1602,1000,2261,2930,11,1602,11,1000,11,2261,11
41801,2930,778,89,879,2930,11,778,26,89,11,879,11
42734,2930,1924,100,1044,2930,11,1924,11,100,11,1044,11
48560,2930,1582,1460,1997,2930,11,1582,11,1460,11,1997,11
50462,2930,1736,1866,1818,2930,11,1736,11,1866,11,1818,11
