1,1517,5260,1,6
1,1517,5260,1,12
1,1517,5260,1,25
1,1517,5260,1,74
1,1517,5260,1,115
1,1517,5260,1,138
1,1517,5260,1,147
2,2956,3580,2,101
2,4052,6863,2,101
2,9310,7776,2,101
2,2956,3580,2,158
2,4052,6863,2,158
2,9310,7776,2,158
2,2956,3580,2,168
2,4052,6863,2,168
2,9310,7776,2,168
2,2956,3580,2,184
2,4052,6863,2,184
2,9310,7776,2,184
3,206,9771,3,1
3,7984,781,3,1
3,9406,1086,3,1
3,9901,4977,3,1
3,206,9771,3,9
3,7984,781,3,9
3,9406,1086,3,9
3,9901,4977,3,9
3,206,9771,3,16
3,7984,781,3,16
3,9406,1086,3,16
3,9901,4977,3,16
3,206,9771,3,44
3,7984,781,3,44
3,9406,1086,3,44
3,9901,4977,3,44
3,206,9771,3,57
3,7984,781,3,57
3,9406,1086,3,57
3,9901,4977,3,57
3,206,9771,3,121
3,7984,781,3,121
3,9406,1086,3,121
3,9901,4977,3,121
3,206,9771,3,157
3,7984,781,3,157
3,9406,1086,3,157
3,9901,4977,3,157
3,206,9771,3,160
3,7984,781,3,160
3,9406,1086,3,160
3,9901,4977,3,160
3,206,9771,3,187
3,7984,781,3,187
3,9406,1086,3,187
3,9901,4977,3,187
3,206,9771,3,199
3,7984,781,3,199
3,9406,1086,3,199
3,9901,4977,3,199
4,1047,2743,4,89
4,4005,1168,4,89
4,1047,2743,4,90
4,4005,1168,4,90
4,1047,2743,4,148
4,4005,1168,4,148
5,2230,9911,5,66
5,2230,9911,5,83
5,2230,9911,5,113
5,2230,9911,5,193
7,1501,8347,7,2
7,1501,8347,7,70
7,1501,8347,7,100
7,1501,8347,7,121
7,1501,8347,7,159
7,1501,8347,7,161
8,3868,6975,8,5
8,4437,838,8,5
8,7075,8898,8,5
8,7260,262,8,5
8,3868,6975,8,39
8,4437,838,8,39
8,7075,8898,8,39
8,7260,262,8,39
8,3868,6975,8,92
8,4437,838,8,92
8,7075,8898,8,92
8,7260,262,8,92
8,3868,6975,8,96
8,4437,838,8,96
8,7075,8898,8,96
8,7260,262,8,96
8,3868,6975,8,114
8,4437,838,8,114
8,7075,8898,8,114
8,7260,262,8,114
8,3868,6975,8,128
8,4437,838,8,128
8,7075,8898,8,128
8,7260,262,8,128
8,3868,6975,8,163
8,4437,838,8,163
8,7075,8898,8,163
8,7260,262,8,163
10,4685,5770,10,11
10,4957,6258,10,11
10,4685,5770,10,23
10,4957,6258,10,23
10,4685,5770,10,26
10,4957,6258,10,26
10,4685,5770,10,49
10,4957,6258,10,49
10,4685,5770,10,107
10,4957,6258,10,107
11,3823,1524,11,23
11,3823,1524,11,55
11,3823,1524,11,89
11,3823,1524,11,100
13,2347,5827,13,24
13,2347,5827,13,62
13,2347,5827,13,84
13,2347,5827,13,106
13,2347,5827,13,107
13,2347,5827,13,145
13,2347,5827,13,145
13,2347,5827,13,193
21,515,4836,21,30
21,2378,8692,21,30
21,5792,7906,21,30
21,8634,4898,21,30
21,515,4836,21,70
21,2378,8692,21,70
21,5792,7906,21,70
21,8634,4898,21,70
21,515,4836,21,85
21,2378,8692,21,85
21,5792,7906,21,85
21,8634,4898,21,85
21,515,4836,21,101
21,2378,8692,21,101
21,5792,7906,21,101
21,8634,4898,21,101
21,515,4836,21,114
21,2378,8692,21,114
21,5792,7906,21,114
21,8634,4898,21,114
21,515,4836,21,123
21,2378,8692,21,123
21,5792,7906,21,123
21,8634,4898,21,123
21,515,4836,21,140
21,2378,8692,21,140
21,5792,7906,21,140
21,8634,4898,21,140
21,515,4836,21,193
21,2378,8692,21,193
21,5792,7906,21,193
21,8634,4898,21,193
21,515,4836,21,197
21,2378,8692,21,197
21,5792,7906,21,197
21,8634,4898,21,197
22,8720,8053,22,11
22,8720,8053,22,28
22,8720,8053,22,138
22,8720,8053,22,171
23,14,5885,23,85
23,4552,7165,23,85
27,6633,659,27,11
27,6633,659,27,26
27,6633,659,27,36
27,6633,659,27,88
27,6633,659,27,174
29,7893,5463,29,29
29,7893,5463,29,46
29,7893,5463,29,49
29,7893,5463,29,62
29,7893,5463,29,77
29,7893,5463,29,122
29,7893,5463,29,145
29,7893,5463,29,163
29,7893,5463,29,169
30,180,2104,30,18
30,180,2104,30,116
31,5075,385,31,25
31,5471,950,31,25
31,5075,385,31,171
31,5471,950,31,171
33,2583,9598,33,91
33,2583,9598,33,102
33,2583,9598,33,107
33,2583,9598,33,154
33,2583,9598,33,197
34,9804,5955,34,11
34,9804,5955,34,81
34,9804,5955,34,81
34,9804,5955,34,91
34,9804,5955,34,91
34,9804,5955,34,99
35,953,7756,35,47
35,953,7756,35,81
35,953,7756,35,132
35,953,7756,35,155
36,7984,2602,36,24
36,8379,4819,36,24
36,7984,2602,36,114
36,8379,4819,36,114
36,7984,2602,36,174
36,8379,4819,36,174
36,7984,2602,36,192
36,8379,4819,36,192
38,4259,6221,38,10
38,9712,9406,38,10
38,4259,6221,38,183
38,9712,9406,38,183
38,4259,6221,38,197
38,9712,9406,38,197
42,942,2839,42,11
42,6643,6481,42,11
42,942,2839,42,152
42,6643,6481,42,152
44,286,2093,44,184
44,5843,6832,44,184
44,286,2093,44,196
44,5843,6832,44,196
46,3140,5595,46,155
46,4649,9324,46,155
46,6557,1427,46,155
46,3140,5595,46,168
46,4649,9324,46,168
46,6557,1427,46,168
46,3140,5595,46,175
46,4649,9324,46,175
46,6557,1427,46,175
47,1110,3417,47,24
47,4820,7993,47,24
47,8461,1818,47,24
47,1110,3417,47,89
47,4820,7993,47,89
47,8461,1818,47,89
47,1110,3417,47,109
47,4820,7993,47,109
47,8461,1818,47,109
47,1110,3417,47,121
47,4820,7993,47,121
47,8461,1818,47,121
49,184,6374,49,0
49,6552,448,49,0
49,184,6374,49,14
49,6552,448,49,14
49,184,6374,49,23
49,6552,448,49,23
49,184,6374,49,29
49,6552,448,49,29
49,184,6374,49,70
49,6552,448,49,70
49,184,6374,49,123
49,6552,448,49,123
52,3213,2082,52,8
52,3213,2082,52,42
52,3213,2082,52,94
52,3213,2082,52,167
52,3213,2082,52,176
53,3450,4338,53,0
53,3450,4338,53,43
53,3450,4338,53,118
53,3450,4338,53,173
53,3450,4338,53,173
53,3450,4338,53,194
56,3822,368,56,68
56,6932,1290,56,68
56,7049,1713,56,68
56,3822,368,56,95
56,6932,1290,56,95
56,7049,1713,56,95
56,3822,368,56,127
56,6932,1290,56,127
56,7049,1713,56,127
56,3822,368,56,167
56,6932,1290,56,167
56,7049,1713,56,167
56,3822,368,56,179
56,6932,1290,56,179
56,7049,1713,56,179
56,3822,368,56,189
56,6932,1290,56,189
56,7049,1713,56,189
57,4744,2351,57,46
57,4744,2351,57,51
57,4744,2351,57,81
57,4744,2351,57,92
57,4744,2351,57,153
58,1059,5393,58,31
58,6379,8231,58,31
58,7825,5111,58,31
58,8482,7971,58,31
58,1059,5393,58,64
58,6379,8231,58,64
58,7825,5111,58,64
58,8482,7971,58,64
58,1059,5393,58,149
58,6379,8231,58,149
58,7825,5111,58,149
58,8482,7971,58,149
58,1059,5393,58,160
58,6379,8231,58,160
58,7825,5111,58,160
58,8482,7971,58,160
59,1513,1910,59,8
59,4559,7012,59,8
59,1513,1910,59,49
59,4559,7012,59,49
59,1513,1910,59,101
59,4559,7012,59,101
59,1513,1910,59,132
59,4559,7012,59,132
59,1513,1910,59,139
59,4559,7012,59,139
59,1513,1910,59,172
59,4559,7012,59,172
60,3855,6938,60,70
60,3855,6938,60,152
60,3855,6938,60,169
60,3855,6938,60,172
61,7014,8858,61,32
61,7014,8858,61,35
61,7014,8858,61,72
61,7014,8858,61,122
61,7014,8858,61,125
61,7014,8858,61,127
61,7014,8858,61,136
62,5266,4643,62,121
62,5266,4643,62,130
62,5266,4643,62,161
62,5266,4643,62,180
63,192,6726,63,166
63,6425,3535,63,166
64,4665,1213,64,16
64,9346,9508,64,16
64,4665,1213,64,27
64,9346,9508,64,27
64,4665,1213,64,70
64,9346,9508,64,70
64,4665,1213,64,70
64,9346,9508,64,70
64,4665,1213,64,101
64,9346,9508,64,101
64,4665,1213,64,156
64,9346,9508,64,156
64,4665,1213,64,170
64,9346,9508,64,170
67,753,7245,67,71
67,6379,9220,67,71
67,753,7245,67,75
67,6379,9220,67,75
67,753,7245,67,135
67,6379,9220,67,135
67,753,7245,67,148
67,6379,9220,67,148
68,876,6248,68,10
68,7386,2309,68,10
68,876,6248,68,28
68,7386,2309,68,28
68,876,6248,68,34
68,7386,2309,68,34
68,876,6248,68,56
68,7386,2309,68,56
68,876,6248,68,145
68,7386,2309,68,145
72,6976,5254,72,9
72,9862,513,72,9
72,6976,5254,72,60
72,9862,513,72,60
72,6976,5254,72,61
72,9862,513,72,61
72,6976,5254,72,72
72,9862,513,72,72
72,6976,5254,72,129
72,9862,513,72,129
72,6976,5254,72,148
72,9862,513,72,148
77,4483,9343,77,89
77,5140,7869,77,89
77,4483,9343,77,92
77,5140,7869,77,92
77,4483,9343,77,114
77,5140,7869,77,114
77,4483,9343,77,150
77,5140,7869,77,150
82,8926,2017,82,2
82,8926,2017,82,86
82,8926,2017,82,89
82,8926,2017,82,111
82,8926,2017,82,166
83,902,374,83,28
83,902,374,83,85
83,902,374,83,142
83,902,374,83,175
84,3008,1997,84,45
84,3810,5588,84,45
88,518,8473,88,93
88,8809,523,88,93
88,518,8473,88,104
88,8809,523,88,104
88,518,8473,88,117
88,8809,523,88,117
88,518,8473,88,129
88,8809,523,88,129
88,518,8473,88,150
88,8809,523,88,150
88,518,8473,88,189
88,8809,523,88,189
89,6460,6455,89,5
89,6460,6455,89,48
89,6460,6455,89,59
89,6460,6455,89,81
89,6460,6455,89,92
89,6460,6455,89,94
89,6460,6455,89,113
89,6460,6455,89,118
89,6460,6455,89,119
89,6460,6455,89,164
89,6460,6455,89,199
90,1047,64,90,24
90,1047,64,90,63
90,1047,64,90,95
90,1047,64,90,123
90,1047,64,90,171
90,1047,64,90,195
93,5441,8926,93,26
93,6939,6285,93,26
93,5441,8926,93,28
93,6939,6285,93,28
93,5441,8926,93,176
93,6939,6285,93,176
93,5441,8926,93,179
93,6939,6285,93,179
96,5257,2766,96,11
96,5257,2766,96,43
96,5257,2766,96,65
96,5257,2766,96,83
96,5257,2766,96,103
96,5257,2766,96,158
100,1102,3872,100,26
100,7427,8882,100,26
100,1102,3872,100,42
100,7427,8882,100,42
100,1102,3872,100,152
100,7427,8882,100,152
100,1102,3872,100,169
100,7427,8882,100,169
100,1102,3872,100,175
100,7427,8882,100,175
100,1102,3872,100,180
100,7427,8882,100,180
101,224,3062,101,55
101,224,3062,101,66
101,224,3062,101,113
101,224,3062,101,129
101,224,3062,101,133
101,224,3062,101,173
101,224,3062,101,197
102,1917,838,102,25
102,2243,2574,102,25
102,1917,838,102,39
102,2243,2574,102,39
102,1917,838,102,78
102,2243,2574,102,78
102,1917,838,102,101
102,2243,2574,102,101
102,1917,838,102,152
102,2243,2574,102,152
103,1165,4229,103,7
103,1642,8464,103,7
103,1165,4229,103,34
103,1642,8464,103,34
103,1165,4229,103,34
103,1642,8464,103,34
103,1165,4229,103,56
103,1642,8464,103,56
103,1165,4229,103,165
103,1642,8464,103,165
104,3867,445,104,5
104,3867,445,104,31
104,3867,445,104,40
104,3867,445,104,50
104,3867,445,104,51
104,3867,445,104,79
104,3867,445,104,155
104,3867,445,104,159
104,3867,445,104,189
108,5547,5725,108,8
108,9795,6659,108,8
108,5547,5725,108,45
108,9795,6659,108,45
108,5547,5725,108,155
108,9795,6659,108,155
109,488,848,109,19
109,488,848,109,74
109,488,848,109,83
109,488,848,109,148
112,2225,3961,112,10
112,2225,3961,112,18
112,2225,3961,112,45
112,2225,3961,112,89
112,2225,3961,112,91
112,2225,3961,112,99
112,2225,3961,112,139
112,2225,3961,112,163
112,2225,3961,112,176
113,115,3467,113,32
113,9103,1931,113,32
113,115,3467,113,34
113,9103,1931,113,34
113,115,3467,113,73
113,9103,1931,113,73
113,115,3467,113,75
113,9103,1931,113,75
113,115,3467,113,97
113,9103,1931,113,97
113,115,3467,113,112
113,9103,1931,113,112
113,115,3467,113,182
113,9103,1931,113,182
113,115,3467,113,193
113,9103,1931,113,193
114,9071,9161,114,144
114,9071,9161,114,162
114,9071,9161,114,173
114,9071,9161,114,190
116,3659,1221,116,79
116,6600,5865,116,79
116,3659,1221,116,154
116,6600,5865,116,154
116,3659,1221,116,159
116,6600,5865,116,159
118,1321,9390,118,17
118,1875,8495,118,17
118,6553,5453,118,17
118,1321,9390,118,43
118,1875,8495,118,43
118,6553,5453,118,43
118,1321,9390,118,79
118,1875,8495,118,79
118,6553,5453,118,79
118,1321,9390,118,114
118,1875,8495,118,114
118,6553,5453,118,114
118,1321,9390,118,149
118,1875,8495,118,149
118,6553,5453,118,149
118,1321,9390,118,158
118,1875,8495,118,158
118,6553,5453,118,158
118,1321,9390,118,169
118,1875,8495,118,169
118,6553,5453,118,169
118,1321,9390,118,180
118,1875,8495,118,180
118,6553,5453,118,180
121,2710,9888,121,17
121,3828,5189,121,17
121,2710,9888,121,25
121,3828,5189,121,25
121,2710,9888,121,71
121,3828,5189,121,71
121,2710,9888,121,117
121,3828,5189,121,117
121,2710,9888,121,131
121,3828,5189,121,131
121,2710,9888,121,150
121,3828,5189,121,150
121,2710,9888,121,157
121,3828,5189,121,157
121,2710,9888,121,164
121,3828,5189,121,164
121,2710,9888,121,175
121,3828,5189,121,175
122,1335,7092,122,24
122,1335,7092,122,54
123,770,7797,123,8
123,5538,6732,123,8
123,770,7797,123,143
123,5538,6732,123,143
123,770,7797,123,189
123,5538,6732,123,189
124,2706,9702,124,39
124,2706,9702,124,41
124,2706,9702,124,75
124,2706,9702,124,166
124,2706,9702,124,175
125,1076,9458,125,50
125,5119,5570,125,50
125,6325,238,125,50
125,1076,9458,125,109
125,5119,5570,125,109
125,6325,238,125,109
125,1076,9458,125,115
125,5119,5570,125,115
125,6325,238,125,115
125,1076,9458,125,141
125,5119,5570,125,141
125,6325,238,125,141
126,9658,6462,126,52
126,9658,6462,126,55
126,9658,6462,126,160
126,9658,6462,126,169
126,9658,6462,126,171
126,9658,6462,126,180
126,9658,6462,126,186
129,8153,9392,129,31
129,8153,9392,129,32
129,8153,9392,129,63
129,8153,9392,129,110
129,8153,9392,129,121
129,8153,9392,129,125
129,8153,9392,129,179
129,8153,9392,129,195
129,8153,9392,129,195
131,1559,9285,131,9
131,1559,9285,131,62
131,1559,9285,131,108
131,1559,9285,131,124
131,1559,9285,131,138
132,8845,8260,132,1
132,9656,7225,132,1
132,8845,8260,132,4
132,9656,7225,132,4
132,8845,8260,132,17
132,9656,7225,132,17
132,8845,8260,132,46
132,9656,7225,132,46
132,8845,8260,132,122
132,9656,7225,132,122
132,8845,8260,132,142
132,9656,7225,132,142
132,8845,8260,132,194
132,9656,7225,132,194
133,8859,3633,133,45
133,8859,3633,133,47
133,8859,3633,133,49
133,8859,3633,133,51
133,8859,3633,133,88
134,2496,8484,134,64
134,2496,8484,134,152
134,2496,8484,134,195
135,9318,9434,135,4
135,9318,9434,135,16
135,9318,9434,135,28
135,9318,9434,135,65
135,9318,9434,135,66
135,9318,9434,135,101
135,9318,9434,135,106
135,9318,9434,135,166
136,2138,8278,136,69
136,2716,1506,136,69
136,4426,7365,136,69
136,5465,979,136,69
136,2138,8278,136,78
136,2716,1506,136,78
136,4426,7365,136,78
136,5465,979,136,78
136,2138,8278,136,96
136,2716,1506,136,96
136,4426,7365,136,96
136,5465,979,136,96
136,2138,8278,136,126
136,2716,1506,136,126
136,4426,7365,136,126
136,5465,979,136,126
136,2138,8278,136,134
136,2716,1506,136,134
136,4426,7365,136,134
136,5465,979,136,134
136,2138,8278,136,155
136,2716,1506,136,155
136,4426,7365,136,155
136,5465,979,136,155
137,5942,5807,137,14
137,5942,5807,137,62
137,5942,5807,137,84
137,5942,5807,137,102
137,5942,5807,137,165
138,4966,1721,138,26
138,4966,1721,138,28
138,4966,1721,138,41
138,4966,1721,138,55
138,4966,1721,138,166
140,9061,8176,140,0
140,9061,8176,140,59
140,9061,8176,140,72
140,9061,8176,140,175
140,9061,8176,140,187
141,2147,508,141,50
141,2147,508,141,92
141,2147,508,141,148
141,2147,508,141,154
144,9777,4740,144,19
144,9777,4740,144,34
144,9777,4740,144,85
144,9777,4740,144,175
144,9777,4740,144,181
144,9777,4740,144,198
145,770,7537,145,33
145,770,7537,145,37
145,770,7537,145,54
145,770,7537,145,55
145,770,7537,145,88
145,770,7537,145,131
145,770,7537,145,146
146,3906,4946,146,9
146,4587,4159,146,9
146,3906,4946,146,21
146,4587,4159,146,21
146,3906,4946,146,62
146,4587,4159,146,62
146,3906,4946,146,133
146,4587,4159,146,133
146,3906,4946,146,143
146,4587,4159,146,143
146,3906,4946,146,181
146,4587,4159,146,181
147,439,662,147,70
147,8105,5355,147,70
147,439,662,147,87
147,8105,5355,147,87
147,439,662,147,129
147,8105,5355,147,129
147,439,662,147,196
147,8105,5355,147,196
148,9089,5872,148,69
148,9089,5872,148,118
149,8289,1435,149,65
149,8289,1435,149,96
149,8289,1435,149,151
149,8289,1435,149,191
150,5971,4662,150,67
150,5971,4662,150,95
150,5971,4662,150,140
150,5971,4662,150,181
150,5971,4662,150,200
154,4717,1125,154,63
154,7666,5942,154,63
154,9598,3286,154,63
154,4717,1125,154,87
154,7666,5942,154,87
154,9598,3286,154,87
154,4717,1125,154,88
154,7666,5942,154,88
154,9598,3286,154,88
154,4717,1125,154,93
154,7666,5942,154,93
154,9598,3286,154,93
154,4717,1125,154,178
154,7666,5942,154,178
154,9598,3286,154,178
157,2503,8070,157,2
157,3328,7999,157,2
157,2503,8070,157,73
157,3328,7999,157,73
157,2503,8070,157,159
157,3328,7999,157,159
157,2503,8070,157,163
157,3328,7999,157,163
159,18,5418,159,57
159,5489,2739,159,57
159,18,5418,159,139
159,5489,2739,159,139
160,3491,9373,160,41
160,3491,9373,160,51
160,3491,9373,160,51
160,3491,9373,160,77
160,3491,9373,160,89
160,3491,9373,160,90
160,3491,9373,160,144
160,3491,9373,160,144
160,3491,9373,160,163
160,3491,9373,160,164
161,7973,4251,161,8
161,7973,4251,161,116
161,7973,4251,161,176
161,7973,4251,161,179
161,7973,4251,161,187
162,446,209,162,49
162,1885,1629,162,49
162,446,209,162,174
162,1885,1629,162,174
163,7545,1856,163,4
163,9023,4714,163,4
163,7545,1856,163,63
163,9023,4714,163,63
163,7545,1856,163,123
163,9023,4714,163,123
163,7545,1856,163,152
163,9023,4714,163,152
163,7545,1856,163,195
163,9023,4714,163,195
164,2478,3722,164,10
164,2478,3722,164,47
164,2478,3722,164,54
164,2478,3722,164,139
164,2478,3722,164,197
166,6738,3442,166,34
166,6738,3442,166,45
166,6738,3442,166,76
166,6738,3442,166,117
166,6738,3442,166,162
167,814,8850,167,45
167,4964,9812,167,45
167,7677,7249,167,45
167,814,8850,167,115
167,4964,9812,167,115
167,7677,7249,167,115
167,814,8850,167,116
167,4964,9812,167,116
167,7677,7249,167,116
169,1889,4931,169,20
169,1889,4931,169,38
169,1889,4931,169,140
169,1889,4931,169,154
171,361,8258,171,62
171,361,8258,171,125
171,361,8258,171,135
171,361,8258,171,173
171,361,8258,171,186
173,1090,1928,173,9
173,9037,4442,173,9
173,1090,1928,173,29
173,9037,4442,173,29
173,1090,1928,173,157
173,9037,4442,173,157
173,1090,1928,173,161
173,9037,4442,173,161
173,1090,1928,173,182
173,9037,4442,173,182
175,5789,6646,175,53
175,5789,6646,175,84
175,5789,6646,175,84
175,5789,6646,175,140
175,5789,6646,175,165
175,5789,6646,175,184
176,5521,2534,176,10
176,5521,2534,176,24
176,5521,2534,176,37
176,5521,2534,176,40
176,5521,2534,176,85
176,5521,2534,176,97
176,5521,2534,176,124
176,5521,2534,176,153
176,5521,2534,176,155
177,8260,7599,177,19
177,8260,7599,177,94
177,8260,7599,177,133
177,8260,7599,177,189
178,6521,7422,178,131
178,6521,7422,178,162
179,7556,97,179,5
179,7556,97,179,17
179,7556,97,179,73
179,7556,97,179,148
179,7556,97,179,148
179,7556,97,179,158
179,7556,97,179,184
179,7556,97,179,185
181,2466,5006,181,1
181,2466,5006,181,16
181,2466,5006,181,67
181,2466,5006,181,108
181,2466,5006,181,137
181,2466,5006,181,143
181,2466,5006,181,172
185,1997,221,185,22
185,9722,466,185,22
185,1997,221,185,30
185,9722,466,185,30
185,1997,221,185,43
185,9722,466,185,43
185,1997,221,185,78
185,9722,466,185,78
185,1997,221,185,100
185,9722,466,185,100
185,1997,221,185,116
185,9722,466,185,116
185,1997,221,185,139
185,9722,466,185,139
185,1997,221,185,163
185,9722,466,185,163
185,1997,221,185,197
185,9722,466,185,197
188,6006,2860,188,28
188,8955,2929,188,28
188,6006,2860,188,42
188,8955,2929,188,42
188,6006,2860,188,135
188,8955,2929,188,135
188,6006,2860,188,189
188,8955,2929,188,189
189,1721,4904,189,34
189,3293,8285,189,34
189,1721,4904,189,82
189,3293,8285,189,82
190,8533,3195,190,79
190,8533,3195,190,155
190,8533,3195,190,168
190,8533,3195,190,197
191,3803,4064,191,27
191,4064,3086,191,27
191,8091,63,191,27
191,3803,4064,191,81
191,4064,3086,191,81
191,8091,63,191,81
191,3803,4064,191,96
191,4064,3086,191,96
191,8091,63,191,96
191,3803,4064,191,141
191,4064,3086,191,141
191,8091,63,191,141
191,3803,4064,191,168
191,4064,3086,191,168
191,8091,63,191,168
192,2346,6234,192,5
192,8502,611,192,5
192,2346,6234,192,32
192,8502,611,192,32
192,2346,6234,192,46
192,8502,611,192,46
192,2346,6234,192,58
192,8502,611,192,58
192,2346,6234,192,64
192,8502,611,192,64
192,2346,6234,192,77
192,8502,611,192,77
192,2346,6234,192,85
192,8502,611,192,85
192,2346,6234,192,87
192,8502,611,192,87
192,2346,6234,192,138
192,8502,611,192,138
192,2346,6234,192,163
192,8502,611,192,163
192,2346,6234,192,166
192,8502,611,192,166
194,4959,1238,194,7
194,4959,1238,194,11
194,4959,1238,194,31
194,4959,1238,194,44
194,4959,1238,194,64
194,4959,1238,194,136
194,4959,1238,194,179
196,1564,6929,196,28
196,9142,2444,196,28
196,1564,6929,196,67
196,9142,2444,196,67
196,1564,6929,196,100
196,9142,2444,196,100
196,1564,6929,196,123
196,9142,2444,196,123
196,1564,6929,196,138
196,9142,2444,196,138
197,2451,6700,197,115
197,9433,542,197,115
197,9991,3899,197,115
197,2451,6700,197,160
197,9433,542,197,160
197,9991,3899,197,160
197,2451,6700,197,164
197,9433,542,197,164
197,9991,3899,197,164
197,2451,6700,197,171
197,9433,542,197,171
197,9991,3899,197,171
198,8007,5366,198,10
198,8007,5366,198,18
198,8007,5366,198,57
198,8007,5366,198,87
198,8007,5366,198,93
198,8007,5366,198,95
198,8007,5366,198,140
198,8007,5366,198,148
200,4434,3423,200,9
200,4434,3423,200,28
200,4434,3423,200,34
200,4434,3423,200,45
200,4434,3423,200,96
200,4434,3423,200,120
200,4434,3423,200,141
