1,1517,5260,1,25,25,5489,3486
1,1517,5260,1,25,25,5559,8033
1,1517,5260,1,74,74,1313,2260
1,1517,5260,1,147,147,9687,2310
2,2956,3580,2,101,101,6697,8016
2,4052,6863,2,101,101,6697,8016
2,9310,7776,2,101,101,6697,8016
3,206,9771,3,1,1,774,1091
3,7984,781,3,1,1,774,1091
3,9406,1086,3,1,1,774,1091
3,9901,4977,3,1,1,774,1091
3,206,9771,3,1,1,5564,2269
3,7984,781,3,1,1,5564,2269
3,9406,1086,3,1,1,5564,2269
3,9901,4977,3,1,1,5564,2269
3,206,9771,3,9,9,6832,5355
3,7984,781,3,9,9,6832,5355
3,9406,1086,3,9,9,6832,5355
3,9901,4977,3,9,9,6832,5355
3,206,9771,3,44,44,4198,3936
3,7984,781,3,44,44,4198,3936
3,9406,1086,3,44,44,4198,3936
3,9901,4977,3,44,44,4198,3936
3,206,9771,3,57,57,8635,4543
3,7984,781,3,57,57,8635,4543
3,9406,1086,3,57,57,8635,4543
3,9901,4977,3,57,57,8635,4543
3,206,9771,3,121,121,6088,1825
3,7984,781,3,121,121,6088,1825
3,9406,1086,3,121,121,6088,1825
3,9901,4977,3,121,121,6088,1825
3,206,9771,3,160,160,5083,9327
3,7984,781,3,160,160,5083,9327
3,9406,1086,3,160,160,5083,9327
3,9901,4977,3,160,160,5083,9327
4,1047,2743,4,89,89,9280,2198
4,4005,1168,4,89,89,9280,2198
4,1047,2743,4,90,90,186,1862
4,4005,1168,4,90,90,186,1862
4,1047,2743,4,90,90,6991,3877
4,4005,1168,4,90,90,6991,3877
4,1047,2743,4,148,148,2348,2248
4,4005,1168,4,148,148,2348,2248
5,2230,9911,5,83,83,3001,3825
5,2230,9911,5,83,83,9070,708
5,2230,9911,5,113,113,2551,1043
5,2230,9911,5,113,113,7868,7456
7,1501,8347,7,70,70,8310,5818
7,1501,8347,7,121,121,6088,1825
7,1501,8347,7,159,159,1929,5358
7,1501,8347,7,159,159,2747,5869
7,1501,8347,7,159,159,8453,8042
7,1501,8347,7,161,161,6230,1158
8,3868,6975,8,5,5,3693,4714
8,4437,838,8,5,5,3693,4714
8,7075,8898,8,5,5,3693,4714
8,7260,262,8,5,5,3693,4714
8,3868,6975,8,39,39,87,5459
8,4437,838,8,39,39,87,5459
8,7075,8898,8,39,39,87,5459
8,7260,262,8,39,39,87,5459
8,3868,6975,8,39,39,4385,3165
8,4437,838,8,39,39,4385,3165
8,7075,8898,8,39,39,4385,3165
8,7260,262,8,39,39,4385,3165
8,3868,6975,8,92,92,5436,3500
8,4437,838,8,92,92,5436,3500
8,7075,8898,8,92,92,5436,3500
8,7260,262,8,92,92,5436,3500
8,3868,6975,8,92,92,7816,192
8,4437,838,8,92,92,7816,192
8,7075,8898,8,92,92,7816,192
8,7260,262,8,92,92,7816,192
8,3868,6975,8,128,128,1416,9365
8,4437,838,8,128,128,1416,9365
8,7075,8898,8,128,128,1416,9365
8,7260,262,8,128,128,1416,9365
8,3868,6975,8,163,163,1426,4096
8,4437,838,8,163,163,1426,4096
8,7075,8898,8,163,163,1426,4096
8,7260,262,8,163,163,1426,4096
8,3868,6975,8,163,163,7154,7179
8,4437,838,8,163,163,7154,7179
8,7075,8898,8,163,163,7154,7179
8,7260,262,8,163,163,7154,7179
10,4685,5770,10,26,26,4819,23
10,4957,6258,10,26,26,4819,23
10,4685,5770,10,49,49,83,2617
10,4957,6258,10,49,49,83,2617
10,4685,5770,10,107,107,7787,4993
10,4957,6258,10,107,107,7787,4993
11,3823,1524,11,55,55,5949,533
11,3823,1524,11,89,89,9280,2198
13,2347,5827,13,24,24,4242,3544
13,2347,5827,13,62,62,123,3638
13,2347,5827,13,84,84,9517,185
13,2347,5827,13,106,106,406,3779
13,2347,5827,13,106,106,5153,736
13,2347,5827,13,106,106,6978,8333
13,2347,5827,13,107,107,7787,4993
13,2347,5827,13,145,145,848,9039
13,2347,5827,13,145,145,848,9039
13,2347,5827,13,145,145,3078,2758
13,2347,5827,13,145,145,3078,2758
21,515,4836,21,70,70,8310,5818
21,2378,8692,21,70,70,8310,5818
21,5792,7906,21,70,70,8310,5818
21,8634,4898,21,70,70,8310,5818
21,515,4836,21,101,101,6697,8016
21,2378,8692,21,101,101,6697,8016
21,5792,7906,21,101,101,6697,8016
21,8634,4898,21,101,101,6697,8016
21,515,4836,21,140,140,8340,9308
21,2378,8692,21,140,140,8340,9308
21,5792,7906,21,140,140,8340,9308
21,8634,4898,21,140,140,8340,9308
27,6633,659,27,26,26,4819,23
27,6633,659,27,88,88,1819,7984
27,6633,659,27,88,88,5130,4800
29,7893,5463,29,29,29,4428,4161
29,7893,5463,29,29,29,5966,8071
29,7893,5463,29,46,46,5417,8000
29,7893,5463,29,46,46,7358,3800
29,7893,5463,29,49,49,83,2617
29,7893,5463,29,62,62,123,3638
29,7893,5463,29,77,77,984,8735
29,7893,5463,29,122,122,7336,4260
29,7893,5463,29,145,145,848,9039
29,7893,5463,29,145,145,3078,2758
29,7893,5463,29,163,163,1426,4096
29,7893,5463,29,163,163,7154,7179
30,180,2104,30,18,18,2447,8552
30,180,2104,30,18,18,3523,6490
31,5075,385,31,25,25,5489,3486
31,5471,950,31,25,25,5489,3486
31,5075,385,31,25,25,5559,8033
31,5471,950,31,25,25,5559,8033
33,2583,9598,33,102,102,5257,3170
33,2583,9598,33,107,107,7787,4993
33,2583,9598,33,154,154,4015,3246
34,9804,5955,34,81,81,6759,1551
34,9804,5955,34,81,81,6759,1551
34,9804,5955,34,81,81,8860,3374
34,9804,5955,34,81,81,8860,3374
35,953,7756,35,47,47,8974,1210
35,953,7756,35,81,81,6759,1551
35,953,7756,35,81,81,8860,3374
35,953,7756,35,155,155,2364,1816
36,7984,2602,36,24,24,4242,3544
36,8379,4819,36,24,24,4242,3544
42,942,2839,42,152,152,53,8579
42,6643,6481,42,152,152,53,8579
42,942,2839,42,152,152,3298,149
42,6643,6481,42,152,152,3298,149
42,942,2839,42,152,152,7625,5014
42,6643,6481,42,152,152,7625,5014
42,942,2839,42,152,152,9994,7147
42,6643,6481,42,152,152,9994,7147
44,286,2093,44,196,196,222,5412
44,5843,6832,44,196,196,222,5412
44,286,2093,44,196,196,8582,70
44,5843,6832,44,196,196,8582,70
46,3140,5595,46,155,155,2364,1816
46,4649,9324,46,155,155,2364,1816
46,6557,1427,46,155,155,2364,1816
47,1110,3417,47,24,24,4242,3544
47,4820,7993,47,24,24,4242,3544
47,8461,1818,47,24,24,4242,3544
47,1110,3417,47,89,89,9280,2198
47,4820,7993,47,89,89,9280,2198
47,8461,1818,47,89,89,9280,2198
47,1110,3417,47,109,109,5823,300
47,4820,7993,47,109,109,5823,300
47,8461,1818,47,109,109,5823,300
47,1110,3417,47,121,121,6088,1825
47,4820,7993,47,121,121,6088,1825
47,8461,1818,47,121,121,6088,1825
49,184,6374,49,14,14,3230,1365
49,6552,448,49,14,14,3230,1365
49,184,6374,49,14,14,9461,6523
49,6552,448,49,14,14,9461,6523
49,184,6374,49,29,29,4428,4161
49,6552,448,49,29,29,4428,4161
49,184,6374,49,29,29,5966,8071
49,6552,448,49,29,29,5966,8071
49,184,6374,49,70,70,8310,5818
49,6552,448,49,70,70,8310,5818
52,3213,2082,52,8,8,2885,250
52,3213,2082,52,8,8,5281,3520
52,3213,2082,52,94,94,4869,2293
52,3213,2082,52,167,167,233,4736
52,3213,2082,52,176,176,9255,9282
53,3450,4338,53,173,173,5785,7333
53,3450,4338,53,173,173,5785,7333
53,3450,4338,53,194,194,94,8941
53,3450,4338,53,194,194,1000,6422
56,3822,368,56,68,68,3479,760
56,6932,1290,56,68,68,3479,760
56,7049,1713,56,68,68,3479,760
56,3822,368,56,95,95,8296,8447
56,6932,1290,56,95,95,8296,8447
56,7049,1713,56,95,95,8296,8447
56,3822,368,56,167,167,233,4736
56,6932,1290,56,167,167,233,4736
56,7049,1713,56,167,167,233,4736
56,3822,368,56,179,179,5649,550
56,6932,1290,56,179,179,5649,550
56,7049,1713,56,179,179,5649,550
56,3822,368,56,179,179,6055,581
56,6932,1290,56,179,179,6055,581
56,7049,1713,56,179,179,6055,581
56,3822,368,56,179,179,8013,5508
56,6932,1290,56,179,179,8013,5508
56,7049,1713,56,179,179,8013,5508
56,3822,368,56,179,179,8628,4131
56,6932,1290,56,179,179,8628,4131
56,7049,1713,56,179,179,8628,4131
56,3822,368,56,189,189,6394,5579
56,6932,1290,56,189,189,6394,5579
56,7049,1713,56,189,189,6394,5579
56,3822,368,56,189,189,7961,5102
56,6932,1290,56,189,189,7961,5102
56,7049,1713,56,189,189,7961,5102
57,4744,2351,57,46,46,5417,8000
57,4744,2351,57,46,46,7358,3800
57,4744,2351,57,81,81,6759,1551
57,4744,2351,57,81,81,8860,3374
57,4744,2351,57,92,92,5436,3500
57,4744,2351,57,92,92,7816,192
58,1059,5393,58,31,31,6493,4912
58,6379,8231,58,31,31,6493,4912
58,7825,5111,58,31,31,6493,4912
58,8482,7971,58,31,31,6493,4912
58,1059,5393,58,31,31,9320,1451
58,6379,8231,58,31,31,9320,1451
58,7825,5111,58,31,31,9320,1451
58,8482,7971,58,31,31,9320,1451
58,1059,5393,58,149,149,214,417
58,6379,8231,58,149,149,214,417
58,7825,5111,58,149,149,214,417
58,8482,7971,58,149,149,214,417
58,1059,5393,58,160,160,5083,9327
58,6379,8231,58,160,160,5083,9327
58,7825,5111,58,160,160,5083,9327
58,8482,7971,58,160,160,5083,9327
59,1513,1910,59,8,8,2885,250
59,4559,7012,59,8,8,2885,250
59,1513,1910,59,8,8,5281,3520
59,4559,7012,59,8,8,5281,3520
59,1513,1910,59,49,49,83,2617
59,4559,7012,59,49,49,83,2617
59,1513,1910,59,101,101,6697,8016
59,4559,7012,59,101,101,6697,8016
59,1513,1910,59,139,139,6601,8192
59,4559,7012,59,139,139,6601,8192
60,3855,6938,60,70,70,8310,5818
60,3855,6938,60,152,152,53,8579
60,3855,6938,60,152,152,3298,149
60,3855,6938,60,152,152,7625,5014
60,3855,6938,60,152,152,9994,7147
61,7014,8858,61,32,32,7304,8981
61,7014,8858,61,35,35,2646,2356
61,7014,8858,61,72,72,8096,4553
61,7014,8858,61,72,72,8748,9947
61,7014,8858,61,122,122,7336,4260
61,7014,8858,61,136,136,5607,6741
61,7014,8858,61,136,136,6757,7884
62,5266,4643,62,121,121,6088,1825
62,5266,4643,62,130,130,5201,7997
62,5266,4643,62,161,161,6230,1158
62,5266,4643,62,180,180,4217,2584
64,4665,1213,64,27,27,6491,9227
64,9346,9508,64,27,27,6491,9227
64,4665,1213,64,70,70,8310,5818
64,9346,9508,64,70,70,8310,5818
64,4665,1213,64,70,70,8310,5818
64,9346,9508,64,70,70,8310,5818
64,4665,1213,64,101,101,6697,8016
64,9346,9508,64,101,101,6697,8016
67,753,7245,67,75,75,620,4015
67,6379,9220,67,75,75,620,4015
67,753,7245,67,75,75,7149,6218
67,6379,9220,67,75,75,7149,6218
67,753,7245,67,135,135,2750,1153
67,6379,9220,67,135,135,2750,1153
67,753,7245,67,148,148,2348,2248
67,6379,9220,67,148,148,2348,2248
68,876,6248,68,56,56,3715,3467
68,7386,2309,68,56,56,3715,3467
68,876,6248,68,145,145,848,9039
68,7386,2309,68,145,145,848,9039
68,876,6248,68,145,145,3078,2758
68,7386,2309,68,145,145,3078,2758
72,6976,5254,72,9,9,6832,5355
72,9862,513,72,9,9,6832,5355
72,6976,5254,72,72,72,8096,4553
72,9862,513,72,72,72,8096,4553
72,6976,5254,72,72,72,8748,9947
72,9862,513,72,72,72,8748,9947
72,6976,5254,72,129,129,763,1795
72,9862,513,72,129,129,763,1795
72,6976,5254,72,129,129,3182,8120
72,9862,513,72,129,129,3182,8120
72,6976,5254,72,148,148,2348,2248
72,9862,513,72,148,148,2348,2248
77,4483,9343,77,89,89,9280,2198
77,5140,7869,77,89,89,9280,2198
77,4483,9343,77,92,92,5436,3500
77,5140,7869,77,92,92,5436,3500
77,4483,9343,77,92,92,7816,192
77,5140,7869,77,92,92,7816,192
82,8926,2017,82,86,86,377,4161
82,8926,2017,82,89,89,9280,2198
82,8926,2017,82,111,111,1747,6452
83,902,374,83,142,142,7131,6156
83,902,374,83,142,142,7229,5479
83,902,374,83,142,142,7244,881
84,3008,1997,84,45,45,536,7707
84,3810,5588,84,45,45,536,7707
84,3008,1997,84,45,45,4413,363
84,3810,5588,84,45,45,4413,363
88,518,8473,88,117,117,829,7932
88,8809,523,88,117,117,829,7932
88,518,8473,88,129,129,763,1795
88,8809,523,88,129,129,763,1795
88,518,8473,88,129,129,3182,8120
88,8809,523,88,129,129,3182,8120
88,518,8473,88,189,189,6394,5579
88,8809,523,88,189,189,6394,5579
88,518,8473,88,189,189,7961,5102
88,8809,523,88,189,189,7961,5102
89,6460,6455,89,5,5,3693,4714
89,6460,6455,89,59,59,9111,966
89,6460,6455,89,81,81,6759,1551
89,6460,6455,89,81,81,8860,3374
89,6460,6455,89,92,92,5436,3500
89,6460,6455,89,92,92,7816,192
89,6460,6455,89,94,94,4869,2293
89,6460,6455,89,113,113,2551,1043
89,6460,6455,89,113,113,7868,7456
89,6460,6455,89,119,119,4046,1561
89,6460,6455,89,119,119,6833,4798
90,1047,64,90,24,24,4242,3544
90,1047,64,90,63,63,7385,8965
90,1047,64,90,63,63,7766,4554
90,1047,64,90,95,95,8296,8447
93,5441,8926,93,26,26,4819,23
93,6939,6285,93,26,26,4819,23
93,5441,8926,93,176,176,9255,9282
93,6939,6285,93,176,176,9255,9282
93,5441,8926,93,179,179,5649,550
93,6939,6285,93,179,179,5649,550
93,5441,8926,93,179,179,6055,581
93,6939,6285,93,179,179,6055,581
93,5441,8926,93,179,179,8013,5508
93,6939,6285,93,179,179,8013,5508
93,5441,8926,93,179,179,8628,4131
93,6939,6285,93,179,179,8628,4131
96,5257,2766,96,83,83,3001,3825
96,5257,2766,96,83,83,9070,708
100,1102,3872,100,26,26,4819,23
100,7427,8882,100,26,26,4819,23
100,1102,3872,100,152,152,53,8579
100,7427,8882,100,152,152,53,8579
100,1102,3872,100,152,152,3298,149
100,7427,8882,100,152,152,3298,149
100,1102,3872,100,152,152,7625,5014
100,7427,8882,100,152,152,7625,5014
100,1102,3872,100,152,152,9994,7147
100,7427,8882,100,152,152,9994,7147
100,1102,3872,100,180,180,4217,2584
100,7427,8882,100,180,180,4217,2584
101,224,3062,101,55,55,5949,533
101,224,3062,101,113,113,2551,1043
101,224,3062,101,113,113,7868,7456
101,224,3062,101,129,129,763,1795
101,224,3062,101,129,129,3182,8120
101,224,3062,101,173,173,5785,7333
102,1917,838,102,25,25,5489,3486
102,2243,2574,102,25,25,5489,3486
102,1917,838,102,25,25,5559,8033
102,2243,2574,102,25,25,5559,8033
102,1917,838,102,39,39,87,5459
102,2243,2574,102,39,39,87,5459
102,1917,838,102,39,39,4385,3165
102,2243,2574,102,39,39,4385,3165
102,1917,838,102,101,101,6697,8016
102,2243,2574,102,101,101,6697,8016
102,1917,838,102,152,152,53,8579
102,2243,2574,102,152,152,53,8579
102,1917,838,102,152,152,3298,149
102,2243,2574,102,152,152,3298,149
102,1917,838,102,152,152,7625,5014
102,2243,2574,102,152,152,7625,5014
102,1917,838,102,152,152,9994,7147
102,2243,2574,102,152,152,9994,7147
103,1165,4229,103,7,7,4751,9678
103,1642,8464,103,7,7,4751,9678
103,1165,4229,103,56,56,3715,3467
103,1642,8464,103,56,56,3715,3467
104,3867,445,104,5,5,3693,4714
104,3867,445,104,31,31,6493,4912
104,3867,445,104,31,31,9320,1451
104,3867,445,104,50,50,41,1627
104,3867,445,104,79,79,1140,3238
104,3867,445,104,155,155,2364,1816
104,3867,445,104,159,159,1929,5358
104,3867,445,104,159,159,2747,5869
104,3867,445,104,159,159,8453,8042
104,3867,445,104,189,189,6394,5579
104,3867,445,104,189,189,7961,5102
108,5547,5725,108,8,8,2885,250
108,9795,6659,108,8,8,2885,250
108,5547,5725,108,8,8,5281,3520
108,9795,6659,108,8,8,5281,3520
108,5547,5725,108,45,45,536,7707
108,9795,6659,108,45,45,536,7707
108,5547,5725,108,45,45,4413,363
108,9795,6659,108,45,45,4413,363
108,5547,5725,108,155,155,2364,1816
108,9795,6659,108,155,155,2364,1816
109,488,848,109,19,19,799,4730
109,488,848,109,19,19,6534,5148
109,488,848,109,74,74,1313,2260
109,488,848,109,83,83,3001,3825
109,488,848,109,83,83,9070,708
109,488,848,109,148,148,2348,2248
112,2225,3961,112,18,18,2447,8552
112,2225,3961,112,18,18,3523,6490
112,2225,3961,112,45,45,536,7707
112,2225,3961,112,45,45,4413,363
112,2225,3961,112,89,89,9280,2198
112,2225,3961,112,139,139,6601,8192
112,2225,3961,112,163,163,1426,4096
112,2225,3961,112,163,163,7154,7179
112,2225,3961,112,176,176,9255,9282
113,115,3467,113,32,32,7304,8981
113,9103,1931,113,32,32,7304,8981
113,115,3467,113,75,75,620,4015
113,9103,1931,113,75,75,620,4015
113,115,3467,113,75,75,7149,6218
113,9103,1931,113,75,75,7149,6218
113,115,3467,113,97,97,5458,2048
113,9103,1931,113,97,97,5458,2048
113,115,3467,113,112,112,3675,6754
113,9103,1931,113,112,112,3675,6754
113,115,3467,113,112,112,9954,4799
113,9103,1931,113,112,112,9954,4799
113,115,3467,113,182,182,2286,4676
113,9103,1931,113,182,182,2286,4676
114,9071,9161,114,144,144,8609,5368
114,9071,9161,114,144,144,9862,6955
114,9071,9161,114,173,173,5785,7333
116,3659,1221,116,79,79,1140,3238
116,6600,5865,116,79,79,1140,3238
116,3659,1221,116,154,154,4015,3246
116,6600,5865,116,154,154,4015,3246
116,3659,1221,116,159,159,1929,5358
116,6600,5865,116,159,159,1929,5358
116,3659,1221,116,159,159,2747,5869
116,6600,5865,116,159,159,2747,5869
116,3659,1221,116,159,159,8453,8042
116,6600,5865,116,159,159,8453,8042
118,1321,9390,118,17,17,3572,2375
118,1875,8495,118,17,17,3572,2375
118,6553,5453,118,17,17,3572,2375
118,1321,9390,118,79,79,1140,3238
118,1875,8495,118,79,79,1140,3238
118,6553,5453,118,79,79,1140,3238
118,1321,9390,118,149,149,214,417
118,1875,8495,118,149,149,214,417
118,6553,5453,118,149,149,214,417
118,1321,9390,118,180,180,4217,2584
118,1875,8495,118,180,180,4217,2584
118,6553,5453,118,180,180,4217,2584
121,2710,9888,121,17,17,3572,2375
121,3828,5189,121,17,17,3572,2375
121,2710,9888,121,25,25,5489,3486
121,3828,5189,121,25,25,5489,3486
121,2710,9888,121,25,25,5559,8033
121,3828,5189,121,25,25,5559,8033
121,2710,9888,121,117,117,829,7932
121,3828,5189,121,117,117,829,7932
121,2710,9888,121,131,131,1090,4234
121,3828,5189,121,131,131,1090,4234
121,2710,9888,121,131,131,1596,7846
121,3828,5189,121,131,131,1596,7846
121,2710,9888,121,131,131,2394,4784
121,3828,5189,121,131,131,2394,4784
121,2710,9888,121,131,131,2579,4243
121,3828,5189,121,131,131,2579,4243
121,2710,9888,121,131,131,9328,933
121,3828,5189,121,131,131,9328,933
122,1335,7092,122,24,24,4242,3544
123,770,7797,123,8,8,2885,250
123,5538,6732,123,8,8,2885,250
123,770,7797,123,8,8,5281,3520
123,5538,6732,123,8,8,5281,3520
123,770,7797,123,189,189,6394,5579
123,5538,6732,123,189,189,6394,5579
123,770,7797,123,189,189,7961,5102
123,5538,6732,123,189,189,7961,5102
124,2706,9702,124,39,39,87,5459
124,2706,9702,124,39,39,4385,3165
124,2706,9702,124,41,41,7418,6032
124,2706,9702,124,75,75,620,4015
124,2706,9702,124,75,75,7149,6218
125,1076,9458,125,50,50,41,1627
125,5119,5570,125,50,50,41,1627
125,6325,238,125,50,50,41,1627
125,1076,9458,125,109,109,5823,300
125,5119,5570,125,109,109,5823,300
125,6325,238,125,109,109,5823,300
125,1076,9458,125,141,141,373,2823
125,5119,5570,125,141,141,373,2823
125,6325,238,125,141,141,373,2823
125,1076,9458,125,141,141,5337,9085
125,5119,5570,125,141,141,5337,9085
125,6325,238,125,141,141,5337,9085
125,1076,9458,125,141,141,8660,1369
125,5119,5570,125,141,141,8660,1369
125,6325,238,125,141,141,8660,1369
126,9658,6462,126,52,52,3552,5228
126,9658,6462,126,55,55,5949,533
126,9658,6462,126,160,160,5083,9327
126,9658,6462,126,180,180,4217,2584
126,9658,6462,126,186,186,9334,6617
129,8153,9392,129,31,31,6493,4912
129,8153,9392,129,31,31,9320,1451
129,8153,9392,129,32,32,7304,8981
129,8153,9392,129,63,63,7385,8965
129,8153,9392,129,63,63,7766,4554
129,8153,9392,129,110,110,6620,8522
129,8153,9392,129,110,110,7267,6172
129,8153,9392,129,110,110,9416,6936
129,8153,9392,129,121,121,6088,1825
129,8153,9392,129,179,179,5649,550
129,8153,9392,129,179,179,6055,581
129,8153,9392,129,179,179,8013,5508
129,8153,9392,129,179,179,8628,4131
131,1559,9285,131,9,9,6832,5355
131,1559,9285,131,62,62,123,3638
131,1559,9285,131,108,108,6227,5642
131,1559,9285,131,108,108,6229,8709
131,1559,9285,131,124,124,6570,857
132,8845,8260,132,1,1,774,1091
132,9656,7225,132,1,1,774,1091
132,8845,8260,132,1,1,5564,2269
132,9656,7225,132,1,1,5564,2269
132,8845,8260,132,4,4,2060,42
132,9656,7225,132,4,4,2060,42
132,8845,8260,132,4,4,3548,1155
132,9656,7225,132,4,4,3548,1155
132,8845,8260,132,17,17,3572,2375
132,9656,7225,132,17,17,3572,2375
132,8845,8260,132,46,46,5417,8000
132,9656,7225,132,46,46,5417,8000
132,8845,8260,132,46,46,7358,3800
132,9656,7225,132,46,46,7358,3800
132,8845,8260,132,122,122,7336,4260
132,9656,7225,132,122,122,7336,4260
132,8845,8260,132,142,142,7131,6156
132,9656,7225,132,142,142,7131,6156
132,8845,8260,132,142,142,7229,5479
132,9656,7225,132,142,142,7229,5479
132,8845,8260,132,142,142,7244,881
132,9656,7225,132,142,142,7244,881
132,8845,8260,132,194,194,94,8941
132,9656,7225,132,194,194,94,8941
132,8845,8260,132,194,194,1000,6422
132,9656,7225,132,194,194,1000,6422
133,8859,3633,133,45,45,536,7707
133,8859,3633,133,45,45,4413,363
133,8859,3633,133,47,47,8974,1210
133,8859,3633,133,49,49,83,2617
133,8859,3633,133,88,88,1819,7984
133,8859,3633,133,88,88,5130,4800
134,2496,8484,134,152,152,53,8579
134,2496,8484,134,152,152,3298,149
134,2496,8484,134,152,152,7625,5014
134,2496,8484,134,152,152,9994,7147
135,9318,9434,135,4,4,2060,42
135,9318,9434,135,4,4,3548,1155
135,9318,9434,135,101,101,6697,8016
135,9318,9434,135,106,106,406,3779
135,9318,9434,135,106,106,5153,736
135,9318,9434,135,106,106,6978,8333
136,2138,8278,136,69,69,130,7484
136,2716,1506,136,69,69,130,7484
136,4426,7365,136,69,69,130,7484
136,5465,979,136,69,69,130,7484
136,2138,8278,136,69,69,1466,7901
136,2716,1506,136,69,69,1466,7901
136,4426,7365,136,69,69,1466,7901
136,5465,979,136,69,69,1466,7901
136,2138,8278,136,69,69,3927,8358
136,2716,1506,136,69,69,3927,8358
136,4426,7365,136,69,69,3927,8358
136,5465,979,136,69,69,3927,8358
136,2138,8278,136,134,134,3723,1030
136,2716,1506,136,134,134,3723,1030
136,4426,7365,136,134,134,3723,1030
136,5465,979,136,134,134,3723,1030
136,2138,8278,136,155,155,2364,1816
136,2716,1506,136,155,155,2364,1816
136,4426,7365,136,155,155,2364,1816
136,5465,979,136,155,155,2364,1816
137,5942,5807,137,14,14,3230,1365
137,5942,5807,137,14,14,9461,6523
137,5942,5807,137,62,62,123,3638
137,5942,5807,137,84,84,9517,185
137,5942,5807,137,102,102,5257,3170
138,4966,1721,138,26,26,4819,23
138,4966,1721,138,41,41,7418,6032
138,4966,1721,138,55,55,5949,533
140,9061,8176,140,59,59,9111,966
140,9061,8176,140,72,72,8096,4553
140,9061,8176,140,72,72,8748,9947
141,2147,508,141,50,50,41,1627
141,2147,508,141,92,92,5436,3500
141,2147,508,141,92,92,7816,192
141,2147,508,141,148,148,2348,2248
141,2147,508,141,154,154,4015,3246
144,9777,4740,144,19,19,799,4730
144,9777,4740,144,19,19,6534,5148
145,770,7537,145,33,33,5560,9072
145,770,7537,145,37,37,6001,2100
145,770,7537,145,37,37,9490,1688
145,770,7537,145,55,55,5949,533
145,770,7537,145,88,88,1819,7984
145,770,7537,145,88,88,5130,4800
145,770,7537,145,131,131,1090,4234
145,770,7537,145,131,131,1596,7846
145,770,7537,145,131,131,2394,4784
145,770,7537,145,131,131,2579,4243
145,770,7537,145,131,131,9328,933
145,770,7537,145,146,146,5319,2241
145,770,7537,145,146,146,7345,6674
146,3906,4946,146,9,9,6832,5355
146,4587,4159,146,9,9,6832,5355
146,3906,4946,146,62,62,123,3638
146,4587,4159,146,62,62,123,3638
147,439,662,147,70,70,8310,5818
147,8105,5355,147,70,70,8310,5818
147,439,662,147,87,87,1123,4634
147,8105,5355,147,87,87,1123,4634
147,439,662,147,87,87,4645,7576
147,8105,5355,147,87,87,4645,7576
147,439,662,147,87,87,5637,7834
147,8105,5355,147,87,87,5637,7834
147,439,662,147,129,129,763,1795
147,8105,5355,147,129,129,763,1795
147,439,662,147,129,129,3182,8120
147,8105,5355,147,129,129,3182,8120
147,439,662,147,196,196,222,5412
147,8105,5355,147,196,196,222,5412
147,439,662,147,196,196,8582,70
147,8105,5355,147,196,196,8582,70
148,9089,5872,148,69,69,130,7484
148,9089,5872,148,69,69,1466,7901
148,9089,5872,148,69,69,3927,8358
149,8289,1435,149,191,191,5312,1334
150,5971,4662,150,67,67,3274,3148
150,5971,4662,150,67,67,5259,7741
150,5971,4662,150,95,95,8296,8447
150,5971,4662,150,140,140,8340,9308
150,5971,4662,150,200,200,6060,8835
154,4717,1125,154,63,63,7385,8965
154,7666,5942,154,63,63,7385,8965
154,9598,3286,154,63,63,7385,8965
154,4717,1125,154,63,63,7766,4554
154,7666,5942,154,63,63,7766,4554
154,9598,3286,154,63,63,7766,4554
154,4717,1125,154,87,87,1123,4634
154,7666,5942,154,87,87,1123,4634
154,9598,3286,154,87,87,1123,4634
154,4717,1125,154,87,87,4645,7576
154,7666,5942,154,87,87,4645,7576
154,9598,3286,154,87,87,4645,7576
154,4717,1125,154,87,87,5637,7834
154,7666,5942,154,87,87,5637,7834
154,9598,3286,154,87,87,5637,7834
154,4717,1125,154,88,88,1819,7984
154,7666,5942,154,88,88,1819,7984
154,9598,3286,154,88,88,1819,7984
154,4717,1125,154,88,88,5130,4800
154,7666,5942,154,88,88,5130,4800
154,9598,3286,154,88,88,5130,4800
154,4717,1125,154,178,178,3127,3204
154,7666,5942,154,178,178,3127,3204
154,9598,3286,154,178,178,3127,3204
157,2503,8070,157,159,159,1929,5358
157,3328,7999,157,159,159,1929,5358
157,2503,8070,157,159,159,2747,5869
157,3328,7999,157,159,159,2747,5869
157,2503,8070,157,159,159,8453,8042
157,3328,7999,157,159,159,8453,8042
157,2503,8070,157,163,163,1426,4096
157,3328,7999,157,163,163,1426,4096
157,2503,8070,157,163,163,7154,7179
157,3328,7999,157,163,163,7154,7179
159,18,5418,159,57,57,8635,4543
159,5489,2739,159,57,57,8635,4543
159,18,5418,159,139,139,6601,8192
159,5489,2739,159,139,139,6601,8192
160,3491,9373,160,41,41,7418,6032
160,3491,9373,160,77,77,984,8735
160,3491,9373,160,89,89,9280,2198
160,3491,9373,160,90,90,186,1862
160,3491,9373,160,90,90,6991,3877
160,3491,9373,160,144,144,8609,5368
160,3491,9373,160,144,144,8609,5368
160,3491,9373,160,144,144,9862,6955
160,3491,9373,160,144,144,9862,6955
160,3491,9373,160,163,163,1426,4096
160,3491,9373,160,163,163,7154,7179
161,7973,4251,161,8,8,2885,250
161,7973,4251,161,8,8,5281,3520
161,7973,4251,161,176,176,9255,9282
161,7973,4251,161,179,179,5649,550
161,7973,4251,161,179,179,6055,581
161,7973,4251,161,179,179,8013,5508
161,7973,4251,161,179,179,8628,4131
162,446,209,162,49,49,83,2617
162,1885,1629,162,49,49,83,2617
163,7545,1856,163,4,4,2060,42
163,9023,4714,163,4,4,2060,42
163,7545,1856,163,4,4,3548,1155
163,9023,4714,163,4,4,3548,1155
163,7545,1856,163,63,63,7385,8965
163,9023,4714,163,63,63,7385,8965
163,7545,1856,163,63,63,7766,4554
163,9023,4714,163,63,63,7766,4554
163,7545,1856,163,152,152,53,8579
163,9023,4714,163,152,152,53,8579
163,7545,1856,163,152,152,3298,149
163,9023,4714,163,152,152,3298,149
163,7545,1856,163,152,152,7625,5014
163,9023,4714,163,152,152,7625,5014
163,7545,1856,163,152,152,9994,7147
163,9023,4714,163,152,152,9994,7147
164,2478,3722,164,47,47,8974,1210
164,2478,3722,164,139,139,6601,8192
166,6738,3442,166,45,45,536,7707
166,6738,3442,166,45,45,4413,363
166,6738,3442,166,76,76,5747,4025
166,6738,3442,166,117,117,829,7932
167,814,8850,167,45,45,536,7707
167,4964,9812,167,45,45,536,7707
167,7677,7249,167,45,45,536,7707
167,814,8850,167,45,45,4413,363
167,4964,9812,167,45,45,4413,363
167,7677,7249,167,45,45,4413,363
169,1889,4931,169,140,140,8340,9308
169,1889,4931,169,154,154,4015,3246
171,361,8258,171,62,62,123,3638
171,361,8258,171,135,135,2750,1153
171,361,8258,171,173,173,5785,7333
171,361,8258,171,186,186,9334,6617
173,1090,1928,173,9,9,6832,5355
173,9037,4442,173,9,9,6832,5355
173,1090,1928,173,29,29,4428,4161
173,9037,4442,173,29,29,4428,4161
173,1090,1928,173,29,29,5966,8071
173,9037,4442,173,29,29,5966,8071
173,1090,1928,173,161,161,6230,1158
173,9037,4442,173,161,161,6230,1158
173,1090,1928,173,182,182,2286,4676
173,9037,4442,173,182,182,2286,4676
175,5789,6646,175,53,53,1812,2869
175,5789,6646,175,53,53,8013,5000
175,5789,6646,175,84,84,9517,185
175,5789,6646,175,84,84,9517,185
175,5789,6646,175,140,140,8340,9308
176,5521,2534,176,24,24,4242,3544
176,5521,2534,176,37,37,6001,2100
176,5521,2534,176,37,37,9490,1688
176,5521,2534,176,97,97,5458,2048
176,5521,2534,176,124,124,6570,857
176,5521,2534,176,155,155,2364,1816
177,8260,7599,177,19,19,799,4730
177,8260,7599,177,19,19,6534,5148
177,8260,7599,177,94,94,4869,2293
177,8260,7599,177,189,189,6394,5579
177,8260,7599,177,189,189,7961,5102
178,6521,7422,178,131,131,1090,4234
178,6521,7422,178,131,131,1596,7846
178,6521,7422,178,131,131,2394,4784
178,6521,7422,178,131,131,2579,4243
178,6521,7422,178,131,131,9328,933
179,7556,97,179,5,5,3693,4714
179,7556,97,179,17,17,3572,2375
179,7556,97,179,148,148,2348,2248
179,7556,97,179,148,148,2348,2248
179,7556,97,179,185,185,6651,4913
181,2466,5006,181,1,1,774,1091
181,2466,5006,181,1,1,5564,2269
181,2466,5006,181,67,67,3274,3148
181,2466,5006,181,67,67,5259,7741
181,2466,5006,181,108,108,6227,5642
181,2466,5006,181,108,108,6229,8709
181,2466,5006,181,137,137,1575,8670
181,2466,5006,181,137,137,2950,886
185,1997,221,185,22,22,4823,4355
185,9722,466,185,22,22,4823,4355
185,1997,221,185,22,22,5671,6043
185,9722,466,185,22,22,5671,6043
185,1997,221,185,22,22,5700,50
185,9722,466,185,22,22,5700,50
185,1997,221,185,22,22,6625,9825
185,9722,466,185,22,22,6625,9825
185,1997,221,185,139,139,6601,8192
185,9722,466,185,139,139,6601,8192
185,1997,221,185,163,163,1426,4096
185,9722,466,185,163,163,1426,4096
185,1997,221,185,163,163,7154,7179
185,9722,466,185,163,163,7154,7179
188,6006,2860,188,135,135,2750,1153
188,8955,2929,188,135,135,2750,1153
188,6006,2860,188,189,189,6394,5579
188,8955,2929,188,189,189,6394,5579
188,6006,2860,188,189,189,7961,5102
188,8955,2929,188,189,189,7961,5102
190,8533,3195,190,79,79,1140,3238
190,8533,3195,190,155,155,2364,1816
191,3803,4064,191,27,27,6491,9227
191,4064,3086,191,27,27,6491,9227
191,8091,63,191,27,27,6491,9227
191,3803,4064,191,81,81,6759,1551
191,4064,3086,191,81,81,6759,1551
191,8091,63,191,81,81,6759,1551
191,3803,4064,191,81,81,8860,3374
191,4064,3086,191,81,81,8860,3374
191,8091,63,191,81,81,8860,3374
191,3803,4064,191,141,141,373,2823
191,4064,3086,191,141,141,373,2823
191,8091,63,191,141,141,373,2823
191,3803,4064,191,141,141,5337,9085
191,4064,3086,191,141,141,5337,9085
191,8091,63,191,141,141,5337,9085
191,3803,4064,191,141,141,8660,1369
191,4064,3086,191,141,141,8660,1369
191,8091,63,191,141,141,8660,1369
192,2346,6234,192,5,5,3693,4714
192,8502,611,192,5,5,3693,4714
192,2346,6234,192,32,32,7304,8981
192,8502,611,192,32,32,7304,8981
192,2346,6234,192,46,46,5417,8000
192,8502,611,192,46,46,5417,8000
192,2346,6234,192,46,46,7358,3800
192,8502,611,192,46,46,7358,3800
192,2346,6234,192,77,77,984,8735
192,8502,611,192,77,77,984,8735
192,2346,6234,192,87,87,1123,4634
192,8502,611,192,87,87,1123,4634
192,2346,6234,192,87,87,4645,7576
192,8502,611,192,87,87,4645,7576
192,2346,6234,192,87,87,5637,7834
192,8502,611,192,87,87,5637,7834
192,2346,6234,192,163,163,1426,4096
192,8502,611,192,163,163,1426,4096
192,2346,6234,192,163,163,7154,7179
192,8502,611,192,163,163,7154,7179
194,4959,1238,194,7,7,4751,9678
194,4959,1238,194,31,31,6493,4912
194,4959,1238,194,31,31,9320,1451
194,4959,1238,194,44,44,4198,3936
194,4959,1238,194,136,136,5607,6741
194,4959,1238,194,136,136,6757,7884
194,4959,1238,194,179,179,5649,550
194,4959,1238,194,179,179,6055,581
194,4959,1238,194,179,179,8013,5508
194,4959,1238,194,179,179,8628,4131
196,1564,6929,196,67,67,3274,3148
196,9142,2444,196,67,67,3274,3148
196,1564,6929,196,67,67,5259,7741
196,9142,2444,196,67,67,5259,7741
197,2451,6700,197,160,160,5083,9327
197,9433,542,197,160,160,5083,9327
197,9991,3899,197,160,160,5083,9327
198,8007,5366,198,18,18,2447,8552
198,8007,5366,198,18,18,3523,6490
198,8007,5366,198,57,57,8635,4543
198,8007,5366,198,87,87,1123,4634
198,8007,5366,198,87,87,4645,7576
198,8007,5366,198,87,87,5637,7834
198,8007,5366,198,95,95,8296,8447
198,8007,5366,198,140,140,8340,9308
198,8007,5366,198,148,148,2348,2248
200,4434,3423,200,9,9,6832,5355
200,4434,3423,200,45,45,536,7707
200,4434,3423,200,45,45,4413,363
200,4434,3423,200,120,120,170,3244
200,4434,3423,200,141,141,373,2823
200,4434,3423,200,141,141,5337,9085
200,4434,3423,200,141,141,8660,1369
