6967
9498
1661
2407
9814
4146
2381
4836
248
2080
4533
3210
5940
7350
2245
9589
5889
5764
5201
1584
1099
8318
5086
2736
7354
2409
4711
295
1486
3980
7978
1736
7022
758
2710
2957
6526
9951
6732
4476
5504
2156
9249
1783
4994
1701
3065
411
7761
4924
8650
2547
1900
3663
734
167
3032
5664
4590
5667
5535
327
9974
1415
7774
3680
2364
6236
348
9027
272
2494
2703
4507
4092
894
5687
2380
275
4867
243
8929
3709
1112
9264
372
7880
4932
1738
9194
5005
1903
6482
5449
9655
6166
9247
7395
8564
3808
7253
1660
6401
461
3031
6305
4565
6476
9725
8419
5960
9316
8699
8777
9314
8405
2159
5319
7417
4313
4288
8652
9915
201
8190
8305
9846
1524
1140
3482
4980
68
8408
5976
9633
3951
1883
5879
567
552
1410
6903
9877
8707
7075
8198
4526
188
6167
9226
4945
619
8028
6279
1738
1648
7215
748
5400
9275
6659
8075
7524
2280
811
4461
6977
4560
7194
401
6013
3000
5015
5771
6501
9629
5250
4701
9378
5477
3410
3204
3321
2558
1419
855
1037
8369
1249
5522
7338
3587
1913
3863
8728
6767
7393
4727
3398
8611
7709
9964
815
5689
8983
162
6171
4792
7308
1044
7762
1577
4097
1073
5415
2048
7075
5066
1424
7194
8498
3931
6959
6476
8250
4315
2052
9142
116
8986
8907
6945
5547
3555
3293
1262
9848
1156
1618
2256
4229
1349
881
8137
5102
7315
6779
9314
1541
2528
4265
2747
7868
8519
814
9849
2518
2533
5857
932
6273
2623
841
5336
861
5100
8316
6066
7277
7531
3603
8062
89
5977
9816
1333
3134
5430
1725
9746
7243
980
5116
869
566
4473
753
2642
3
5355
9835
4008
179
5370
9845
5624
474
3554
5027
4263
3147
8075
4144
7744
1688
9220
8223
2539
7303
1358
2047
2524
2826
9876
1710
9105
6353
9867
5616
3230
6869
5920
5966
8935
2787
9053
8314
9901
9348
5245
4886
7317
2432
3463
7323
4664
5138
5931
6848
5321
9824
3306
8410
9497
4851
404
6182
2967
5284
1251
938
5637
3246
6778
6580
9488
9087
4619
3366
2545
8981
2315
1485
7377
2282
125
6030
623
9603
3082
8226
9605
8852
7424
6843
3601
5344
5891
361
3790
9285
1217
2579
5875
8070
5358
9135
4498
5479
7402
1580
4545
3122
5995
6450
9499
2117
4101
3968
4335
1681
7411
7127
1160
8684
6497
4200
1872
260
8132
5628
2757
5063
5675
2487
4282
4014
657
5967
5584
5127
8097
4699
1821
7716
2597
5510
7850
5463
9191
9252
4058
8499
496
5613
3797
5675
2121
7963
166
7844
2381
496
1532
6812
3087
4612
5530
4331
9553
4225
5235
1833
6855
7040
1201
7424
7823
5933
5455
7071
46
2041
5114
283
5762
5454
196
9425
9574
7243
8656
8383
1094
8532
6013
616
1516
8281
2867
2035
4443
7436
8499
5541
1071
1504
6251
6087
7723
1963
3223
8470
251
6063
6920
3418
6728
1614
5867
7410
1345
725
254
1782
6816
6997
3279
628
6598
959
6464
4576
2624
4891
9012
9156
5370
9892
7578
3791
7613
6535
3539
5375
3988
1606
1280
7393
7292
1803
3537
2435
4381
5631
8431
9720
8403
5188
772
4641
2557
5896
5951
7973
3695
2856
7006
4757
9695
7537
2290
6186
1304
879
1409
7449
3412
9719
947
6500
2387
9476
2007
814
6001
7527
1869
826
2719
9729
8722
2887
3351
9600
9417
7235
3682
660
8760
1409
6182
9640
6031
1824
5956
3837
8796
8578
7468
2474
7540
474
1209
3091
9482
4831
2741
2380
7036
2862
9940
4678
3842
9141
5381
8037
7315
1150
1857
1437
2905
3272
9937
5499
4895
7217
783
3571
9325
8910
6881
5051
763
933
7061
657
4338
9883
2260
5340
5840
5428
62
2725
5407
2585
9927
8603
9671
3474
9124
4871
8593
4660
1734
7193
3704
9814
7715
1802
6375
7408
5700
9482
7502
1478
7963
2816
3114
2401
345
2763
5537
9301
5755
9310
6918
3979
6506
2853
8410
9615
7293
4912
4671
8311
1487
8822
2249
1358
2698
3411
2340
8763
7178
8230
5121
3199
5746
9205
6857
794
6814
3649
4868
1365
2389
3861
2898
2373
8129
148
3719
3851
5208
1697
6416
7187
7937
3102
2180
776
8536
7945
5147
9631
7487
1318
9192
1653
3876
4890
5675
808
8138
1483
8050
6673
3930
2461
5648
6845
8554
4883
7918
4349
8011
3334
5818
2202
2704
7857
5891
7911
2257
3063
5468
469
707
2348
4501
2932
9872
3230
6293
7611
1127
6803
3569
9609
1646
9794
3563
6793
6771
4086
2916
5076
6025
3680
2811
5404
1025
6900
9167
7511
1092
64
4398
2586
5271
1505
4184
1984
2899
8225
2509
7991
752
2318
4112
7200
6686
5671
2013
2025
2926
5963
2160
6615
5630
391
9000
5793
7890
5457
8124
800
6760
5461
1225
8583
2939
8716
138
2539
3320
994
2808
5315
8818
3672
6916
3808
7446
9257
7694
9839
7970
1306
499
9369
3335
4738
548
448
4777
8797
2922
1316
1503
1569
5826
3745
5922
7093
2245
202
5689
2987
4550
2368
8590
9523
6415
2319
7410
3121
1202
8108
177
6536
2117
4419
9887
1572
118
9810
497
1545
3033
6853
5473
1858
2915
3532
2940
9970
719
657
5890
4636
5911
5484
1765
3890
9697
8799
542
6331
4950
8857
8619
9835
4770
1800
8692
4110
1452
1256
8426
7963
6433
5744
7495
2825
9989
2301
8270
7021
1720
8474
3961
4470
7497
8431
4297
3699
5063
6722
7340
584
6406
9382
2762
7667
8980
7718
2000
1120
794
4744
6469
5164
9565
6277
8721
7475
8603
63
8715
3557
931
4230
7276
3158
9491
1905
5988
4688
9016
9903
8202
6509
9356
8539
8042
8023
7517
8611
5475
2972
7370
4199
1283
1376
9213
5034
4976
4386
8749
7271
9772
2528
5379
4539
697
2233
4928
6116
743
2025
6566
4609
8395
1819
7681
6735
6245
475
2486
2707
8861
3175
5795
185
7489
2008
8968
9288
4807
7319
2533
2067
6778
2182
8587
9140
5904
6594
7181
1992
2398
2039
6205
4848
5089
9599
4534
1648
3797
615
22
3391
1188
1758
4796
3622
6629
7655
7851
3591
1046
1966
9581
5349
7593
4038
1267
3695
8087
8117
7169
4978
7198
3941
5972
1803
1122
7171
8466
4122
9324
9670
9039
1122
2249
1216
6848
812
5700
2913
3834
6470
10000
5846
8060
2513
2388
5650
8978
5695
5931
1132
2512
3819
56
5473
2473
3459
9429
3344
9173
1051
4718
5626
9895
2008
27
9994
3883
2050
2351
4369
5606
2907
9979
6910
4310
2246
6120
1657
286
3183
7759
4301
3400
4440
7074
320
5201
2581
6657
962
9501
5369
416
4030
7529
498
2214
2298
7562
8390
8598
8995
2897
471
983
6348
6763
6006
3470
3152
7869
7041
9187
3814
1522
2945
296
7776
9430
3787
5592
7341
3840
9739
1735
1074
6956
2502
7557
5509
2231
4555
7240
5418
1496
7846
599
7172
3945
909
384
7148
8329
7501
1440
8903
570
7350
1819
5655
7908
7653
8966
568
5111
3175
534
4651
7866
2352
892
4750
6361
1681
2405
1249
9800
3908
8496
4929
4358
712
427
3503
4009
5873
4437
818
4949
1307
2327
7460
7767
7982
5072
6212
7265
7967
8197
5183
9698
2397
2899
500
8517
8518
6629
4569
7445
7235
2252
4978
5431
6712
4665
460
468
4999
346
740
3372
9380
4826
2627
7616
7427
3676
4457
786
6143
2956
5494
2693
2659
8671
1655
7137
2808
7015
4176
2984
9503
5825
9641
1739
4610
72
8818
7391
2051
4331
8397
6594
6180
433
6458
1176
2322
5755
7755
5223
2019
7068
1719
1606
2416
6836
3486
6181
6110
3400
6520
7546
8238
3241
7155
8416
7569
5394
2841
2373
2778
6683
2116
3394
5048
1173
6717
6584
6578
9265
1497
1182
6855
4789
9038
4171
5740
9498
9396
7054
65
8681
5749
3876
2602
662
7483
8273
2078
8629
8458
6485
7526
4241
6548
9564
6207
411
7921
659
621
4905
5719
863
5088
1003
519
7847
6135
7356
7228
1984
7400
9192
1098
1770
1075
5042
206
6435
7882
3919
7458
3938
9516
980
3530
7133
116
3306
3009
3779
1290
2182
3581
3679
1909
316
9331
584
2098
7341
9044
3632
6689
4312
9542
2097
3498
2920
1615
5233
6971
6554
3168
2449
3090
8163
4087
2721
6771
4338
5694
970
82
9691
9931
7209
5636
9755
1879
825
991
3488
1217
5319
7639
1225
72
200
3508
2794
5062
8825
7266
8672
7166
2944
5388
6540
6898
8552
7182
6237
9164
6077
8979
6090
275
1511
4965
6033
1200
1305
6937
5605
6256
5651
4896
6131
8155
8786
7934
4580
3199
6776
9877
6995
5171
4164
5856
2120
7160
665
6076
7012
5232
5371
2315
3636
1839
2996
4219
5522
3033
5662
2471
8918
7464
726
9061
907
6121
783
942
8802
7573
6000
6071
7726
9083
4823
5674
1424
7119
108
9585
573
6040
6274
8696
5822
7928
7496
9460
6329
1785
4090
4812
5848
8110
6737
6110
4640
1458
2372
8190
3060
8181
2798
2486
8137
1875
1914
2456
5298
5449
6039
4785
1346
6577
6652
2619
1062
140
7224
5051
6209
4429
1659
3929
6588
9734
2003
6806
6314
5380
9407
9290
9777
7665
4028
5041
8148
7713
7536
5786
6447
416
7140
5240
286
9250
7548
5536
4803
7897
9708
5325
1125
7459
7290
6055
4320
4734
6800
9065
1022
1074
9106
2754
3569
475
6960
9001
9957
7813
461
5438
1776
6466
4148
1093
6877
9083
3779
738
8004
9532
3032
1765
1640
5608
3224
1701
6952
1246
7720
6418
3726
190
5566
6550
453
5938
614
6574
7876
2469
3039
1028
8264
1556
5354
3169
6712
5006
5325
7491
5348
2879
4227
3619
6710
5191
5705
5881
484
9451
3947
2842
5054
9228
8929
7267
8033
7616
3645
9771
8864
2097
58
5116
9334
4496
3574
5611
1798
7916
8816
3349
6234
8537
568
1443
84
4608
260
6357
968
1393
6100
6320
4179
3593
3488
890
9162
1253
6677
5636
9053
9252
8165
1602
9025
3118
8224
5326
8848
4497
1722
6126
272
5250
5557
2267
9599
9623
8318
6268
720
9027
8161
9889
4216
796
8507
8231
543
2935
7775
1007
2551
1795
7189
1730
8918
4538
6255
2938
1193
1775
3963
755
8605
751
8748
1966
726
1464
1102
1060
8841
3013
2971
4504
999
4092
9455
4521
1915
3501
7207
8423
4251
4635
7254
49
1036
8517
3337
6020
6585
3379
7334
2047
8949
9643
6387
4129
8545
9113
1259
5463
8857
2804
5289
6923
1864
4060
3914
96
9293
5319
2848
5045
5720
7572
3301
9224
8473
8268
9698
7887
3494
1709
5088
6974
8422
7018
2964
1694
2352
1137
8313
3729
154
1983
1711
7126
1898
3989
9742
3977
6623
4819
2123
4339
3245
1818
3395
4531
6494
4401
7315
8021
1423
7052
4174
925
5085
2404
197
1620
2200
8
4380
2672
971
5907
9697
282
5346
2933
5471
1288
7403
4229
3846
5939
7014
8420
3792
7406
1396
3731
6392
5999
3241
7366
4704
535
1944
7243
7257
7647
8621
9152
8582
7472
2913
7188
7615
5826
5278
6137
7499
6358
524
7298
6993
2946
6000
5282
6618
9328
7401
2190
2591
6144
8370
9841
7117
6575
576
2629
8096
7725
9369
4425
7097
4162
1219
1447
5551
9939
8479
4155
197
1026
2558
9617
7144
3390
4423
1934
7682
5387
2731
412
102
4353
7264
8643
791
1110
7615
764
9041
8680
6918
8339
2771
3718
6519
8887
3904
7535
380
2827
5822
6893
5535
6780
7462
7021
2455
6368
284
9081
503
6542
2185
2145
5076
8248
7190
276
9285
3657
5407
4474
1189
343
7592
4159
307
5703
5670
8013
654
5118
3178
386
9529
6396
8586
9204
1374
1033
7637
7912
6397
3597
8661
1131
6522
961
351
9565
1774
2362
9752
2404
1151
7018
3903
192
6461
382
6632
3615
2145
9896
8542
3166
1557
9360
4337
423
5517
8102
5776
7089
2194
9011
8996
4302
9639
4839
4920
4555
947
1739
9839
5527
4908
4864
4573
4909
7114
8450
8420
7145
1467
1736
6097
6268
5516
3540
5527
8139
2899
3457
5048
7479
1999
4375
8222
2801
8198
8538
834
5472
1212
239
3655
5453
3425
1979
4579
1013
6497
8444
1135
7283
3887
915
2133
8377
1243
1361
7201
7963
2018
7290
8340
5896
7055
634
4601
5756
4470
9880
6767
7521
1114
201
5912
9681
2701
8213
8406
3888
9856
5702
3619
2097
8144
6326
7621
724
3473
4656
1417
8633
1202
477
5947
364
8986
6353
1059
9281
8982
8133
487
6094
5535
9622
9579
5677
2123
9417
4465
1562
9663
3372
4180
7955
229
7627
2437
342
6091
6600
410
2615
2249
2225
1273
3667
667
6592
8634
9946
8244
3025
9000
6514
7971
5645
3110
2919
3300
474
1259
564
5490
3358
3570
3365
3554
2119
7041
7166
2541
5750
7581
9299
3260
3891
6239
6434
8281
7714
9514
8122
2459
600
9120
8611
3084
56
7365
3398
7558
6321
9238
5379
7632
5621
8928
9157
7780
2043
3821
878
7507
5316
1721
9838
1064
3433
7476
7429
241
6995
1380
5810
4564
9930
3337
794
8725
7834
5049
2603
3200
2048
3935
2988
4838
1927
516
7842
2442
7214
7643
1531
2049
7932
2232
3917
219
5928
9811
1070
9969
8950
560
6668
9112
1822
2051
6287
3024
6328
2924
7248
5813
5712
5463
8796
8488
9465
2382
8145
8976
2580
8483
1880
2951
1815
4673
7972
9018
1492
2499
2621
8974
3586
7732
1083
592
3270
7447
7855
9039
6249
9890
7081
6109
6163
6817
364
692
4047
4482
2662
4171
2091
9527
4497
7020
1597
5570
8588
212
4141
1454
8245
2498
7089
1419
9865
5074
8874
3057
4892
8883
191
1189
9535
4770
7721
8506
3701
4694
2549
3000
2724
4709
2280
2712
4155
2749
3872
2444
600
810
6606
4222
8851
7417
8639
9526
7673
8930
9469
610
9455
1391
1177
4156
4534
7837
9151
7324
7020
1316
4771
198
3437
2507
9051
7772
8839
825
7854
9600
5440
429
6187
5467
6616
1903
9895
5580
1195
2711
3555
6276
8115
1416
206
4106
3698
2035
9581
5241
2281
2336
4393
306
991
7520
104
3819
6489
2926
1086
786
1793
770
4742
5518
6338
8961
2772
6173
8713
56
9402
7069
3761
9740
615
3106
8958
3070
8806
2960
5836
9519
1619
8106
5612
4647
5171
8519
5717
2729
918
6996
2531
3868
8125
7524
595
9005
1004
6715
154
2411
3740
132
5514
8200
916
5000
4390
6364
4968
9192
5308
9808
822
5966
368
4540
6344
1489
9968
3136
535
3580
3995
8357
8206
9374
2127
1543
5795
3002
2406
38
3606
9113
920
6064
5895
2857
1468
9630
990
3705
1398
8041
5217
8
5063
7356
3257
4179
9553
7896
9350
8577
5554
8915
2276
5618
8804
5162
144
5478
267
2753
7859
8722
6994
1719
4422
4927
2631
21
6228
1041
1856
9260
4486
3755
5958
6128
5109
4126
4894
220
2202
2312
2583
932
8965
5125
9998
8797
8035
6764
2358
9126
6630
5387
2766
414
8372
8590
2351
4721
5422
8192
6573
7577
5733
6463
9080
9446
1118
7723
6996
8128
8208
3
2896
5434
9520
6417
4811
2061
5177
3923
9963
5657
6689
8532
4999
5890
9526
4636
2874
2932
7418
8436
516
6620
8508
8415
3450
8906
3476
8332
4781
2981
3663
6071
1324
411
9574
240
2232
851
826
3597
8315
9199
9820
634
4262
2933
4671
8360
1339
6586
6528
2138
3905
1689
1454
7626
5750
6783
7633
6665
6992
2386
1104
1341
1679
5845
8002
9971
4681
5055
3407
4891
5549
9077
5681
5677
7325
1499
429
745
6791
3128
5970
8699
8654
377
8393
1853
6284
5453
1721
4197
8890
1970
3148
6747
6107
3154
8709
2400
8031
5531
206
3494
2826
278
3743
4525
6934
6764
8728
8256
2692
1987
5438
429
336
2277
1613
3709
5670
5298
6391
5883
3823
4159
6681
995
3360
9258
4158
6117
9239
9476
1576
3767
6019
5730
4814
2542
113
3330
7752
1421
4502
9463
1114
5593
5370
31
57
3855
9887
4050
7472
9417
4478
6932
2369
6290
9764
5181
3195
442
29
6681
58
4335
7434
1337
3761
575
9798
3048
3440
958
4867
2222
2148
7886
7410
4572
219
7988
4626
2978
1178
4904
1449
3308
9513
6951
5270
2939
4579
4936
1180
1040
4231
438
7917
3451
5255
8123
5399
9003
9661
1791
8492
9608
8164
9629
838
5412
2953
6712
412
946
5674
5616
3627
6729
1843
7507
2558
3886
1967
3715
5039
5932
191
7498
7981
2491
6924
9514
8337
4353
2128
1756
3258
3663
4509
3860
2652
9177
1507
9482
9755
6727
6958
5726
4807
2792
2804
6352
7676
9668
788
9490
4347
7081
1609
965
7077
5931
6271
545
8639
6585
5525
6013
1012
7045
5951
8496
1863
2931
7411
2254
5990
5470
4474
1502
5283
9560
565
1391
5220
7526
5495
4950
3096
9014
9360
4060
6177
7306
2008
8918
6167
6641
1588
1965
5809
3326
7569
6825
8149
6578
9064
7173
3312
7040
8298
641
7568
3504
1291
1123
8879
126
4534
2611
6550
4775
2424
8226
9049
9906
4322
302
3689
905
3887
3284
2977
4592
2673
6321
7705
5688
8953
9485
5543
2706
5627
5178
6366
8021
9042
2304
6969
7974
9404
6925
7324
6712
7804
8233
1938
6538
9944
592
8544
6021
2749
1370
7545
2294
951
2995
1064
7737
1471
9521
9909
1432
969
4959
1904
8099
6514
830
9119
3753
2861
8966
464
7813
3418
7960
8071
5756
1734
7387
6352
2711
1519
1736
8490
4252
7129
1521
8754
7832
9058
8313
4499
3852
3916
7403
6353
5422
3900
7908
6112
9279
4838
3498
7801
5006
2147
4065
4806
9375
5606
4679
4204
4768
2139
1235
4354
9702
9546
782
90
1479
7096
2801
8642
3716
9603
1091
2562
680
7367
1087
9226
5531
3951
5427
2607
6665
5719
307
7702
6104
494
5608
3479
8583
6887
4453
5319
8982
1458
4093
745
1985
2735
4047
8623
5808
203
841
2188
4413
4894
9091
8795
5643
5903
4328
8421
6197
5704
8880
7570
3998
8218
4485
8283
6327
2949
2950
237
9198
7998
6924
8151
1473
636
3240
1299
9939
2911
3060
7383
9299
8691
1903
6618
5439
3142
5564
6774
9001
6584
2009
9225
2990
4425
331
3838
6777
7228
8141
7368
9511
9360
6595
8717
4625
2470
7032
8506
8705
9225
426
8482
34
250
6830
1678
1712
7409
1595
5257
3800
4776
5877
7447
9454
6074
536
6467
4266
7936
694
4552
2273
6656
8914
9829
6097
6669
6242
4225
5670
3244
9385
9895
5608
8779
6060
350
9053
14
2097
1231
3301
3429
8750
3737
9474
1209
7323
208
9474
4127
3200
3258
9499
2876
6516
4967
2768
6131
9114
8902
8912
9341
6841
473
4762
3303
4961
3962
3826
8541
3665
1300
9486
3735
490
3509
9031
7483
2313
9783
7659
7277
4589
998
1805
2043
6286
7856
6210
4191
9169
597
8914
9020
7735
6339
2780
7898
6046
5874
8042
6330
6139
7195
3728
4559
3987
1084
4696
9912
3697
7267
642
4338
3461
6145
2218
6292
8139
7501
11
8513
8723
1784
856
3726
7181
3263
5133
8705
6860
7297
8557
6939
2080
5717
9331
1952
797
7857
9788
4830
4243
9367
9329
3470
8990
3705
2053
2351
7431
7260
173
5575
8801
4853
3440
4086
8280
7784
5836
6698
3554
3816
4420
2252
5289
5760
7458
6759
9959
5529
4026
5472
1159
4961
1258
5526
204
5329
3456
4723
9929
2233
4947
6710
7510
3877
6319
8573
9701
6122
6399
5212
4869
3107
5221
4531
3183
4388
5079
2440
2897
7247
4194
4392
6940
7491
9482
769
2514
986
7267
4094
7242
2597
5050
8860
237
3116
7086
9699
9109
1118
4159
7755
1146
3327
5869
5958
6439
7505
4637
798
9007
4275
8167
5123
1434
3484
1752
882
2015
2076
7378
9594
637
9475
8503
4284
6483
4691
9241
9741
5910
1424
1384
9622
8513
4414
2712
3382
711
2392
6436
2069
8468
5613
4165
1112
2723
1511
1630
1328
2467
7232
1484
230
9795
8607
8951
7039
1247
3796
5301
551
8081
1190
5656
5444
3338
2600
6854
8847
163
1634
3804
8826
5038
5326
5731
2574
4645
783
2369
7951
7179
4311
5173
627
1338
297
418
6445
7414
8420
581
7102
4082
9869
6229
136
4923
9253
4517
4318
3849
1066
4492
1757
5901
7157
6760
7714
5924
3878
6958
717
2138
7732
6244
9661
1219
2348
3516
4288
4842
4189
8624
9547
8798
8998
6560
5232
9624
8606
5815
2886
561
8269
8959
2140
42
8830
6990
7003
3585
8728
5372
4083
5654
3961
6450
7071
695
7946
3398
4949
2370
3836
5858
402
5948
9365
7694
8045
4295
1397
5012
1594
8490
2411
9461
3628
8775
6823
4608
9353
6734
519
8618
6552
4617
1401
7519
9808
1075
2140
7938
2063
261
6254
9214
1926
5318
3870
366
1301
3808
8467
7138
6864
2292
7580
7337
2521
203
8356
5505
3354
4125
6773
663
47
6192
8183
7477
6745
4147
4713
6682
6997
8329
4575
8763
7887
334
4866
6554
2501
9639
9373
6835
4335
1318
9959
7464
5414
5806
8276
8530
4911
5110
5565
8363
5744
5109
7972
6221
7167
1635
6632
1326
83
2893
5521
8595
7314
7779
1013
8193
6560
5829
8784
5304
7183
3306
9897
6019
6561
3492
1631
252
1131
6441
1160
4740
7490
228
1564
4483
3116
1569
4984
8911
1852
1409
7167
1920
3249
7012
7830
5734
163
1552
3347
7858
9558
382
7360
9838
2272
482
3956
1623
1619
718
6552
956
8982
5831
9356
7515
8203
6210
6440
6651
7052
7449
9659
5695
7407
4077
9581
8342
150
651
5163
1982
3476
1294
7196
3885
3417
9709
5277
3957
2206
2527
5447
8631
1521
8133
6407
6485
7167
4977
9382
3596
8815
3301
4616
9785
5848
3482
964
5170
8272
590
9808
281
4222
2424
8147
2331
8434
8362
6687
6296
6036
3834
1841
8791
5349
2196
9531
6743
3719
4737
3527
7054
4948
1355
3168
7285
8757
6898
7037
5550
1564
8178
6221
8813
7934
8325
1000
7002
2773
2799
2997
4369
9004
2097
8796
6306
7708
7776
1615
3346
9628
2187
1848
1742
5610
7983
7921
498
3575
9763
8125
3097
7496
9272
5799
827
2864
9859
1090
4733
2688
8668
6814
3674
9891
965
800
6448
3435
1988
5403
8049
8539
2363
3737
3067
2000
5574
3461
6711
4652
8021
52
8734
6702
7366
5605
6034
7072
3488
1962
4802
8959
8362
8184
9296
4416
3426
7932
1865
5402
6727
3220
9702
2642
146
1979
7607
3241
9909
5807
700
9376
394
8865
5107
4136
5087
4794
1825
3074
5744
939
7764
4725
5377
185
4679
1903
7166
9312
7860
6625
1079
250
9215
897
7436
6506
2128
5204
3952
1378
494
3473
2372
9998
5687
5905
1540
237
5415
9205
508
7901
8598
6042
8192
6812
6995
3021
5974
7371
3578
2683
4477
9229
7700
835
912
7015
5984
8811
4008
6964
7482
4280
2289
1558
6291
9977
6911
8167
3005
1541
6158
9704
2088
9964
2269
1210
8978
9817
9187
1804
1478
2575
2179
3157
4585
7292
9033
5953
9980
9953
1894
1234
5440
8440
3052
2198
5580
8038
4880
6175
3667
2815
3121
5349
636
5437
3456
9808
1908
2390
3095
8252
6107
6371
2261
8615
9734
3659
4872
9845
8178
5913
5750
2804
4432
9906
8784
6859
6820
3069
161
7790
5243
8285
2
2657
3860
1277
1356
7382
5339
7317
6536
3993
4216
7887
5908
4155
4279
4691
9120
8075
786
2053
8351
1721
3854
9361
3257
8178
4610
465
9643
3533
9567
5428
1205
7053
1000
2224
8474
5400
1904
2241
231
1408
7910
2968
2928
5870
7667
3902
9026
8701
7249
1596
2941
7414
939
4715
8940
133
5578
5266
6587
8175
4860
6896
2313
7384
6487
9473
9613
9209
6483
188
2599
2517
1852
6593
7488
9633
132
3093
7616
2962
3243
3736
8986
1574
6329
5468
5642
8501
6725
3749
4601
9638
3143
2199
4511
4809
7077
7521
8155
3520
3894
4996
3202
9740
6468
1591
8955
2700
1189
6692
4129
2512
2433
8752
5508
5658
6559
4467
4191
7519
1571
4915
2135
5589
4175
2913
4885
8244
2535
252
9981
3305
8364
1547
2452
6092
3374
6017
2426
7901
980
2113
3902
352
879
2812
8056
4828
6076
5622
6389
3514
5977
3727
555
6795
1578
6679
5487
6309
6125
3311
2378
6658
1166
4108
8208
3051
8258
7884
4237
7843
1224
6112
5748
438
2336
1502
991
1489
6947
4506
6769
7991
1268
2112
5951
6083
6090
1852
9280
7563
2389
6139
1629
7413
7067
6610
5738
829
7247
1893
7726
7223
8792
159
2462
3595
8430
1064
5486
7779
3725
2766
3938
6552
3039
9316
5634
804
3616
3390
990
7125
6733
7499
1977
1681
2094
2679
6844
5481
883
2190
2716
627
1472
7156
8857
9601
4876
567
9509
4241
9108
7796
9494
9207
9637
5516
6071
6403
9751
7727
381
7989
9484
7230
4451
292
345
2693
4871
1631
7087
5218
8229
1346
9087
5312
3615
1047
8081
796
1031
683
7356
2478
7810
8333
6125
8226
8333
2713
7368
7363
8823
5857
3239
36
8476
7342
2518
7153
5586
8879
1902
5021
4644
3266
1655
311
31
9930
5098
9780
4751
3663
5932
1983
9404
3552
4495
5976
797
6802
8353
7811
9722
1653
8510
5349
5025
9430
9587
5373
9162
8839
1533
9875
3536
4070
3487
5986
3618
1945
6749
5854
7597
8999
317
374
3937
4754
6312
9523
3549
5681
8666
9705
404
5930
5122
910
6755
7021
4995
2779
2022
9101
3159
7448
9065
7512
6498
1911
1480
1697
1199
2809
9701
5997
1043
666
1116
6847
6356
2746
3304
438
3706
6262
6803
8118
8691
3365
1663
215
4080
5812
6239
1676
8115
962
9742
2135
136
9919
8740
457
8962
9534
2522
4288
9263
4
8467
8158
403
8942
6717
1236
6155
5055
9189
1981
7739
6716
2474
7108
7341
6272
4996
4209
5424
3628
2075
4337
2198
3357
7014
821
1389
6524
518
5800
7439
8707
4154
4936
5878
9123
9561
466
3416
7667
3965
9691
5970
3355
6910
5577
3131
5529
6288
8979
5960
575
6436
5669
1585
9084
9444
1503
5804
5048
3579
7116
9467
8149
6150
1649
8243
1664
9588
9603
2762
7809
4426
6893
1026
7671
2166
3451
8196
4572
7727
2942
4540
9020
5002
5887
474
9907
4710
9228
4609
3621
149
7276
4578
8416
5914
7528
5487
4924
2041
2426
7850
8185
4583
3472
2522
1830
482
5998
4997
4118
334
7129
270
7939
6988
5470
4658
485
5693
6785
6815
162
2409
3380
9547
504
5802
2490
4673
9756
9844
8568
7471
7347
2030
1540
2656
5326
6966
8003
1594
2308
3463
6706
2536
296
3409
9320
7176
5076
8265
1902
5926
4123
1121
8542
7436
154
9409
9998
6831
1895
557
7475
6123
2021
5540
7925
3
9949
1902
6959
4051
9368
2851
9213
7749
8136
6323
5753
373
7720
7888
9938
3028
4824
3529
6275
3501
3150
1498
8724
8915
5152
3436
2512
5703
9270
6464
5610
1240
3524
2903
3387
6331
222
1396
4797
8867
9110
3977
5491
4599
1629
88
6808
4376
2465
9119
1289
7042
1099
6685
7376
7808
5135
4832
4225
2357
4387
8716
2859
3038
364
9716
7107
1230
8896
9981
877
9180
4043
1020
3184
6911
1080
2566
481
5334
7083
9275
2258
2626
5697
9925
936
2348
2795
4901
2524
8038
595
1061
1197
1838
512
2115
4921
7192
1804
141
5811
9196
509
3730
434
3716
4109
7417
7176
6921
3671
8505
770
1582
2595
9218
8232
147
5888
3190
5869
4360
7436
2556
9905
6190
9360
6257
6583
491
5401
328
7545
6762
1520
6164
1591
7381
6919
1555
1261
8424
8840
7069
3384
9989
1036
9825
726
2034
6716
494
2613
7997
4153
2308
1710
9778
5651
7783
9810
1566
5831
7561
5621
8392
8444
4744
3026
8133
493
5229
513
3896
3195
5148
9606
5294
9438
448
8219
4562
3209
4922
496
352
6074
6581
9636
4941
9156
8914
1355
8694
318
8616
1595
4831
6627
9376
8438
6253
8326
6405
3672
7051
5764
2579
7368
1506
7844
2790
4783
6737
8426
1299
6608
7960
9919
1136
3908
6735
6761
2347
3932
3511
1964
2501
9219
5382
7271
3034
9734
6401
4024
531
4489
366
3924
4460
5753
6541
4304
1057
2460
3379
2478
2618
8411
3874
194
4405
9679
3202
2850
4251
9886
3954
633
3707
4855
6648
9592
4290
9002
6035
3751
7225
9689
1902
3870
9997
9314
253
3213
2095
8951
9785
715
7321
5773
6304
5505
8951
3134
266
9025
1540
7657
4992
3322
2262
644
3900
8407
7660
2524
4222
4863
9852
9651
782
6682
9715
6763
4845
1408
5278
6347
3130
9051
6264
5863
36
1356
1072
7546
4701
866
3368
1201
8808
6387
1549
9031
9587
7877
8243
789
3085
6942
8790
2208
757
2197
7269
8326
3320
8395
4427
5446
3272
7705
1492
4300
3353
3022
9759
1585
3476
8620
1207
5274
8936
1942
5357
3029
6583
9046
6409
2891
1966
240
6387
9100
3664
885
6190
2125
5873
93
5222
1820
2348
1830
7082
5392
7618
4929
4888
9175
7938
6431
3266
8568
9429
796
1951
9000
9781
9690
6543
5997
6173
4005
342
2754
4342
4729
2559
4410
6837
516
4765
1165
2080
232
1684
373
7715
5662
575
624
5709
6465
4152
1934
8586
4523
761
2057
9347
446
6880
798
2854
8706
8527
4832
6792
5387
9539
807
9227
2059
3834
9024
9776
9333
7913
8157
996
6394
3801
350
1262
4916
2098
5428
2542
1742
4139
2917
4761
9442
5881
4277
6948
5222
7020
4935
7557
5690
1638
5736
1424
2957
1928
8498
9219
3616
6865
2292
7646
4145
2234
4472
3678
8446
9275
4241
7463
4644
8844
5385
176
3864
7515
2991
9625
3396
4671
3621
8807
1433
3841
1162
8536
2090
3041
7747
8447
8868
9505
7089
7399
6100
137
5237
5340
1587
1015
8721
6396
6989
3159
2249
4829
8014
529
3445
6720
7208
2144
7532
5985
9477
4493
663
2277
9657
