6967,6016,3899
9498,7394,5544
1661,9835,8955
2407,7540,6915
9814,5542,4716
4146,6939,2077
2381,4316,3196
4836,9414,2252
248,9589,2800
2080,4006,2166
4533,7227,3731
3210,5286,2212
5940,7967,2878
7350,8841,1469
2245,6459,1408
9589,3492,1555
5889,4384,2177
5764,6446,4359
5201,8133,1167
1584,5345,127
1099,6311,3225
8318,8293,403
5086,8967,3951
2736,6652,2219
7354,2364,1905
2409,9412,1521
4711,8400,6753
295,4437,3452
1486,7167,4570
3980,9883,3497
7978,6627,255
1736,9499,390
7022,7899,2504
758,9085,1549
2710,9827,1444
2957,9015,1852
6526,2342,1414
9951,8499,8033
6732,2753,67
4476,8067,689
5504,9923,4608
2156,6899,6607
9249,8529,5275
1783,9056,74
4994,5720,2939
1701,8060,6018
3065,4327,3249
411,6205,1781
7761,8852,5390
4924,9447,6332
8650,6681,2953
2547,6276,2999
1900,4357,989
3663,6787,4296
734,5244,2251
167,7677,7249
3032,5446,555
5664,6845,4746
4590,6894,1068
5667,6422,5325
5535,7338,4795
327,9697,5280
9974,8500,8190
1415,4128,2835
7774,8396,6019
3680,6851,237
2364,5504,3584
6236,9510,6262
348,5946,1804
9027,9818,1238
272,6293,1975
2494,2671,252
2703,5151,4443
4507,7820,6277
4092,3085,1762
894,9905,9254
5687,8150,5932
2380,6196,1311
275,9082,8982
4867,9389,5428
243,9501,9114
8929,6978,4053
3709,7787,7748
1112,1585,540
9264,5247,3358
372,6014,82
7880,4973,2532
4932,5684,5150
1738,6668,3224
9194,9722,131
5005,8452,605
1903,9281,408
6482,3041,1238
5449,5379,5322
9655,7563,7044
6166,4909,4222
9247,4560,3184
7395,8648,2064
8564,8101,2497
3808,9476,4993
7253,5879,121
1660,5358,4573
6401,2863,2324
461,9814,6309
3031,9687,5225
6305,7915,910
4565,9900,1756
6476,4312,943
9725,6217,1721
8419,8310,5386
5960,8384,3839
9316,8039,3685
8699,8727,4519
8777,3205,2988
9314,6084,131
8405,6862,4282
2159,3802,301
5319,5171,3280
7417,2203,1923
4313,6689,1492
4288,3255,38
8652,9278,1371
9915,6572,2368
201,4958,959
8190,8952,8455
8305,5749,4462
9846,2110,1115
1524,8012,748
1140,8806,2006
3482,5220,3325
4980,4505,1236
68,7386,2309
8408,7861,3742
5976,5325,786
9633,6018,2874
3951,2643,921
1883,9889,8060
5879,4935,579
567,3201,2306
552,6072,1628
1410,7195,554
6903,7119,5580
9877,5609,4211
8707,2261,1033
7075,7071,2425
8198,5278,4676
4526,3279,2950
188,8955,2929
6167,2804,942
9226,7279,1221
4945,9668,8080
619,7608,5032
8028,9134,8413
6279,5087,1447
1738,7356,2750
1648,9640,7335
7215,8070,1660
748,9060,4622
5400,8951,1903
9275,7238,5451
6659,7829,5106
8075,9007,8514
7524,8063,3878
2280,6691,4417
811,6837,6182
4461,1058,727
6977,2832,2594
4560,7827,1434
7194,7302,267
401,6978,2880
6013,4006,3501
3000,3437,3079
5015,9948,5051
5771,7414,5647
6501,5456,3534
9629,9378,4125
5250,5944,2230
4701,8622,2428
9378,3843,353
5477,5669,147
3410,8518,6061
3204,6790,1956
3321,8700,5183
2558,4416,339
1419,2709,721
855,6479,1657
1037,9251,5180
8369,8083,4445
1249,6820,5871
5522,5617,3603
7338,1952,343
3587,1715,602
1913,4806,2852
3863,9473,4118
8728,6179,3397
6767,2899,2817
7393,5693,147
4727,6622,174
3398,298,88
8611,2934,240
7709,6094,5132
9964,4277,2934
815,9246,7735
5689,6368,5536
8983,8108,3413
162,446,209
6171,9892,6090
4792,8309,3759
7308,5684,5475
1044,7103,6224
7762,3935,382
1577,9396,238
4097,4405,4287
1073,5710,2471
5415,8602,1854
2048,9995,2847
7075,9301,3756
5066,8457,241
1424,3560,2792
7194,7820,6022
8498,1306,516
3931,9332,3274
6959,9602,7004
6476,4568,3139
8250,8488,5877
4315,4268,3760
2052,9747,4691
9142,5009,4311
116,6600,5865
8986,4584,3240
8907,6376,318
6945,9747,3236
5547,7837,3818
3555,6445,3717
3293,5345,2280
1262,4247,669
9848,4550,644
1156,5260,2180
1618,4131,3146
2256,6668,30
4229,9173,7132
1349,9293,7663
881,9918,4726
8137,9631,5537
5102,3426,2454
7315,7971,1605
6779,9366,6901
9314,8533,1877
1541,8783,6257
2528,8285,4402
4265,9622,9471
2747,5920,2030
7868,4730,3340
8519,9687,2017
814,7023,6676
9849,8518,6528
2518,7786,6596
2533,8614,7573
5857,6501,2033
932,8786,4908
6273,9819,7677
2623,9968,5986
841,5502,3032
5336,8296,7193
861,9456,2951
5100,8891,8321
8316,2527,1927
6066,2993,2701
7277,7772,1038
7531,8150,5238
3603,4218,1610
8062,4831,1917
89,6460,6455
5977,8852,1797
9816,7528,3978
1333,6577,3085
3134,2439,11
5430,5334,829
1725,9215,3548
9746,4780,1418
7243,8121,6405
980,3747,460
5116,5097,1268
869,7200,3002
566,6766,713
4473,9243,9063
753,2529,1134
2642,4629,4547
3,9406,1086
5355,3167,451
9835,1639,1286
4008,8655,7496
179,7556,97
5370,8316,3289
9845,7471,5716
5624,8615,7920
474,6850,5063
3554,8345,8078
5027,8060,3688
4263,6476,5175
3147,8586,4649
8075,9972,956
4144,8987,8136
7744,6322,5105
1688,6959,2983
9220,9158,1458
8223,9501,6601
2539,9209,7866
7303,6493,1937
1358,9913,4479
2047,9325,4077
2524,10000,8960
2826,9562,1690
9876,2703,1742
1710,2716,76
9105,7772,3505
6353,7289,3754
9867,7119,214
5616,7879,4780
3230,8392,5799
6869,6605,5868
5920,8911,434
5966,9009,1288
8935,9908,1793
2787,8726,5828
9053,7663,6847
8314,1078,939
9901,2657,962
9348,7770,6858
5245,8932,5596
4886,4049,3587
7317,6670,3683
2432,4540,3132
3463,8592,663
7323,2893,1828
4664,7602,3839
5138,9720,6414
5931,8999,2006
6848,5865,3788
5321,8547,3131
9824,6817,1663
3306,7103,2903
8410,7980,6414
9497,5249,1304
4851,4489,1246
404,9183,7813
6182,2042,94
2967,6467,1933
5284,8010,2658
1251,4520,2423
938,5513,5153
5637,3402,2488
3246,7209,5712
6778,7215,3447
6580,2766,1517
9488,1696,993
9087,7703,7025
4619,9505,1780
3366,1912,837
2545,6860,5157
8981,9305,8592
2315,5632,1338
1485,5818,3553
7377,8186,5447
2282,9075,724
125,6325,238
6030,8767,5224
623,3770,1468
9603,7755,3861
3082,9087,3438
8226,4643,2128
9605,9501,3197
8852,4041,1059
7424,7638,5394
6843,6722,4259
3601,5014,2772
5344,6697,3771
5891,9766,9234
361,2155,41
3790,9552,6805
9285,6831,6664
1217,6797,3227
2579,7833,2639
5875,6651,718
8070,6943,2979
5358,7757,5351
9135,7554,3069
4498,3625,1816
5479,7478,4320
7402,4608,1046
1580,9940,3636
4545,6519,6238
3122,6270,1064
5995,8747,7409
6450,8025,5545
9499,4993,2333
2117,6084,2745
4101,9787,8249
3968,9823,1985
4335,3833,3099
1681,7188,5658
7411,4516,3298
7127,8021,2654
1160,8761,1672
8684,6294,660
6497,7914,5178
4200,6650,3305
1872,2975,1313
260,8799,4240
8132,9061,8075
5628,9502,3096
2757,3187,507
5063,3334,1424
5675,9295,2139
2487,7810,3290
4282,6375,4430
4014,2404,2255
657,8187,7597
5967,4333,396
5584,5766,1193
5127,5999,1119
8097,7706,1336
4699,7685,540
1821,9044,2784
7716,4829,2001
2597,5973,5472
5510,3832,3469
7850,5740,3266
5463,8324,3501
9191,8616,4243
9252,7232,1311
4058,9194,5226
8499,7671,4180
496,7133,2756
5613,9127,1015
3797,9998,4695
5675,9914,9280
2121,7351,4661
7963,4536,3838
166,6738,3442
7844,9619,1285
2381,7991,3819
496,7494,3260
1532,9338,4279
6812,8697,743
3087,8160,155
4612,6794,1708
5530,9981,4205
4331,9077,6250
9553,5217,5062
4225,9175,2781
5235,6565,5037
1833,9851,3627
6855,7943,5367
7040,7127,5408
1201,6608,841
7424,8239,3902
7823,1232,266
5933,8760,761
5455,9364,6273
7071,1904,688
46,6557,1427
2041,8055,6685
5114,9432,9290
283,6403,4377
5762,9899,833
5454,8228,7446
196,9142,2444
9425,9829,2689
9574,4461,292
7243,6119,4519
8656,5034,4075
8383,8493,1629
1094,7454,1341
8532,5192,5172
6013,4779,3165
616,5003,3429
1516,6989,1298
8281,6782,1950
2867,8529,1369
2035,8873,3014
4443,8244,5621
7436,7963,494
8499,3501,2250
5541,3072,2875
1071,7323,3274
1504,9502,6787
6251,6514,4637
6087,9140,5659
7723,7112,3527
1963,2633,2464
3223,7001,194
8470,9147,1679
251,9938,534
6063,9418,5694
6920,6442,676
3418,8253,1879
6728,5882,3887
1614,4409,1336
5867,9230,7849
7410,7525,7023
1345,7007,2229
725,7053,4020
254,2694,1127
1782,6131,5367
6816,3505,132
6997,9020,8593
3279,8581,7462
628,9134,8752
6598,6834,829
959,6562,3176
6464,5974,3779
4576,3687,3161
2624,7604,5664
4891,8995,8162
9012,9259,3954
9156,4269,2102
5370,9169,140
9892,3454,1476
7578,4992,2414
3791,9801,9664
7613,9938,92
6535,6809,2392
3539,3696,47
5375,8775,7673
3988,7224,3107
1606,6843,591
1280,9723,762
7393,2820,1857
7292,7506,4764
1803,6373,879
3537,7922,7373
2435,1903,324
4381,7759,3889
5631,7814,3521
8431,8307,5652
9720,5166,4663
8403,9469,1875
5188,7760,5119
772,5683,664
4641,6474,499
2557,8525,1089
5896,5446,3615
5951,4549,628
7973,9776,4863
3695,8378,3509
2856,5867,182
7006,5147,555
4757,6580,3297
9695,8179,3303
7537,9591,607
2290,7119,30
6186,3518,1752
1304,5672,4783
879,2781,1317
1409,8449,2920
7449,5893,4076
3412,9761,771
9719,7600,4362
947,9043,8887
6500,4739,153
2387,4041,1991
9476,6520,5131
2007,5683,887
814,7990,1109
6001,7933,5195
7527,8628,1307
1869,6685,6265
826,8528,5847
2719,8668,7128
9729,3333,2948
8722,9612,5947
2887,4563,1463
3351,9878,882
9600,8113,4504
9417,3940,2444
7235,7315,2645
3682,3122,2918
660,2626,796
8760,3957,1400
1409,7376,6221
6182,7003,6520
9640,7827,6007
6031,8684,2022
1824,1344,283
5956,9132,5391
3837,7297,3347
8796,4967,3679
8578,3357,744
7468,4462,1678
2474,9227,1077
7540,8092,4527
474,5577,3532
1209,7408,2068
3091,3927,1767
9482,8776,689
4831,8514,6598
2741,6823,6265
2380,8626,2029
7036,7078,3089
2862,6832,1483
9940,4505,3281
4678,5394,4740
3842,8070,6833
9141,5492,1155
5381,9440,4494
8037,5469,2697
7315,1747,1379
1150,5904,3210
1857,9875,4153
1437,2931,93
2905,7570,4900
3272,6592,573
9937,4996,4777
5499,6151,4430
4895,7703,6392
7217,6157,1431
783,6803,708
3571,980,489
9325,3005,1159
8910,8740,3950
6881,9500,986
5051,8500,4803
763,6989,6659
933,5146,3097
7061,7421,4082
657,3617,2059
4338,6875,1306
9883,9583,1364
2260,6899,1322
5340,9652,2871
5840,7520,308
5428,5921,3954
62,5266,4643
2725,7367,4528
5407,9035,6493
2585,9620,9533
9927,8465,5420
8603,5052,2377
9671,7144,551
3474,9748,9238
9124,7510,5569
4871,7372,844
8593,5664,4099
4660,6460,1390
1734,8646,3674
7193,7495,6465
3704,8894,8604
9814,8816,4765
7715,8865,3434
1802,4831,4714
6375,8782,597
7408,2672,2668
5700,2919,1913
9482,6755,2743
7502,3762,2371
1478,5003,4393
7963,7646,4413
2816,9652,3015
3114,2570,1175
2401,8667,5947
345,6803,1350
2763,8163,6411
5537,5173,2795
9301,9962,1566
5755,1146,453
9310,5524,4660
6918,9084,8758
3979,8190,5654
6506,9135,5563
2853,1633,1226
8410,2126,359
9615,8815,6056
7293,7186,6991
4912,7945,2707
4671,2561,389
8311,6107,535
1487,6434,6287
8822,840,222
2249,4745,1855
1358,6568,2210
2698,5278,1001
3411,8531,7484
2340,4387,1752
8763,8915,3031
7178,5211,2309
8230,3129,157
5121,7620,2335
3199,8535,6150
5746,4005,1169
9205,2081,1280
6857,1469,979
794,7885,3016
6814,9519,4717
3649,4760,957
4868,8338,2092
1365,4021,3276
2389,8828,1134
3861,5327,3717
2898,9045,9001
2373,8449,6526
8129,8165,1408
148,9089,5872
3719,9690,8426
3851,5885,5223
5208,4626,4105
1697,9752,7907
6416,7078,6244
7187,6109,4523
7937,8442,2025
3102,5044,3942
2180,8897,8529
776,6066,1922
8536,8762,3437
7945,5302,2011
5147,6880,1553
9631,3503,1700
7487,9925,3321
1318,7972,1366
9192,2694,1588
1653,7657,3644
3876,7927,2866
4890,1851,1655
5675,3544,59
808,6210,815
8138,6416,2395
1483,8540,8028
8050,8049,2125
6673,1438,1315
3930,9532,8806
2461,8782,8030
5648,9344,5589
6845,7305,2277
8554,6739,3819
4883,6573,2947
7918,9174,6759
4349,8275,842
8011,8433,6473
3334,9432,2015
5818,6180,1180
2202,1024,915
2704,7837,2961
7857,7814,5926
5891,8924,2316
7911,4193,2435
2257,5528,430
3063,7223,2959
5468,6892,6579
469,4122,3371
707,6386,3850
2348,8565,4242
4501,7863,2308
2932,3821,2088
9872,8105,3169
3230,2256,885
6293,4533,288
7611,5857,1164
1127,9588,3326
6803,9489,5315
3569,8794,5843
9609,9321,3947
1646,8112,2541
9794,5286,4108
3563,869,640
6793,4212,144
6771,7809,6235
4086,9656,2370
2916,6780,6569
5076,8148,1646
6025,6590,2035
3680,4429,2526
2811,7725,7037
5404,1998,1897
1025,5683,2694
6900,8081,5498
9167,6935,6828
7511,9296,4711
1092,9199,8538
64,4665,1213
4398,8912,8762
2586,3876,1836
5271,7732,850
1505,8327,7086
4184,6068,2411
1984,8123,3199
2899,4247,566
8225,2903,388
2509,9524,4506
7991,9653,1761
752,7176,3681
2318,7978,3838
4112,8796,6504
7200,3279,2639
6686,9577,5470
5671,2470,181
2013,8653,2922
2025,8501,5035
2926,2239,540
5963,3396,1705
2160,7201,5176
6615,2733,2560
5630,7716,5614
391,8136,6325
9000,8246,4661
5793,7977,4729
7890,3334,3123
5457,7953,328
8124,8627,6135
800,7027,5844
6760,9897,784
5461,5672,3568
1225,8589,6079
8583,9074,2460
2939,7691,840
8716,9952,7711
138,4966,1721
2539,6568,3834
3320,7390,6433
994,5023,1227
2808,6402,6134
5315,6933,6125
8818,5356,2488
3672,7138,3295
6916,1718,1450
3808,9290,2330
7446,7494,3555
9257,9455,4520
7694,6295,1186
9839,6222,990
7970,6561,281
1306,6572,4758
499,6970,6734
9369,9925,6448
3335,8944,4621
4738,9866,1092
548,6331,5418
448,7420,1240
4777,8438,2679
8797,8214,5062
2922,9929,1874
1316,7337,6941
1503,2282,1649
1569,9060,1707
5826,6925,1391
3745,7856,2601
5922,8569,961
7093,5955,507
2245,9213,4731
202,8091,1786
5689,3120,1497
2987,8987,1002
4550,9901,544
2368,6279,5176
8590,7663,2051
9523,5040,735
6415,9456,3117
2319,4059,1670
7410,5557,74
3121,9133,5399
1202,5344,3167
8108,7929,4517
177,8260,7599
6536,9197,6169
2117,3743,2359
4419,1297,158
9887,3343,1895
1572,9612,4007
118,6553,5453
9810,5636,2818
497,9141,6579
1545,4603,2063
3033,3763,3273
6853,9813,5136
5473,8110,6138
1858,5031,4773
2915,3900,3343
3532,9444,8614
2940,7744,5910
9970,6529,875
719,9752,6573
657,5469,3364
5890,6750,2127
4636,7992,6649
5911,7625,3694
5484,9938,1216
1765,8259,6291
3890,7113,3343
9697,5293,2676
8799,7708,5253
542,8524,8277
6331,1660,1533
4950,8198,96
8857,8978,8359
8619,6925,6842
9835,7773,602
4770,884,850
1800,4333,1148
8692,5587,3463
4110,685,617
1452,8512,3451
1256,8975,3010
8426,2744,1573
7963,9977,3371
6433,3554,3482
5744,8178,5306
7495,3556,1990
2825,4324,3823
9989,1392,537
2301,6241,5955
8270,9831,9336
7021,7532,6103
1720,9014,2036
8474,7317,2106
3961,4615,3817
4470,9794,5449
7497,6335,5313
8431,5925,4196
4297,9446,8213
3699,7119,6829
5063,7187,1543
6722,7702,299
7340,9754,6869
584,9680,8822
6406,8951,1869
9382,8116,4901
2762,8432,3399
7667,3321,2926
8980,9045,8235
7718,4028,1523
2000,4076,3403
1120,8684,2242
794,9055,5320
4744,8119,1068
6469,2240,276
5164,6439,5784
9565,7455,5226
6277,9361,5764
8721,6224,1935
7475,4851,3479
8603,5070,4705
63,6425,3535
8715,9925,5162
3557,9765,6505
931,6329,6125
4230,5025,77
7276,4276,3058
3158,4637,157
9491,8735,8030
1905,3485,1050
5988,8081,5386
4688,9891,2041
9016,4911,1388
9903,9795,413
8202,9287,3395
6509,6071,3952
9356,1704,246
8539,9596,4203
8042,6429,1475
8023,6400,1467
7517,8220,528
8611,9219,530
5475,6450,1547
2972,6943,5396
7370,8946,7703
4199,3240,3189
1283,5497,4556
1376,5654,1353
9213,9275,6368
5034,9165,1089
4976,7879,2969
4386,8551,2779
8749,7298,2834
7271,9818,6031
9772,7039,4487
2528,3546,1529
5379,3641,1328
4539,7607,5482
697,7119,4149
2233,9651,2146
4928,8065,1233
6116,6674,5002
743,8595,8543
2025,8472,4976
6566,7147,6929
4609,7854,5069
8395,7313,590
1819,7796,1113
7681,8948,2679
6735,5954,2420
6245,3867,2288
475,9776,3424
2486,9776,6987
2707,7463,4141
8861,5908,274
3175,8872,577
5795,7965,7065
185,9722,466
7489,9779,3437
2008,4662,3094
8968,5665,4268
9288,6553,1820
4807,7557,4748
7319,8973,789
2533,7094,5484
2067,9899,1647
6778,7866,5098
2182,7329,5559
8587,7595,763
9140,5304,56
5904,8716,6185
6594,8273,4381
7181,9474,8196
1992,7691,445
2398,6929,4278
2039,5559,2493
6205,3935,1860
4848,5210,24
5089,5759,4176
9599,9293,6513
4534,7462,892
1648,7049,5735
3797,9075,4682
615,3828,910
22,8720,8053
3391,9433,7173
1188,6985,6692
1758,5447,18
4796,7725,2136
3622,4267,388
6629,6533,2971
7655,3423,1520
7851,3519,1789
3591,7876,6459
1046,9128,5448
1966,6455,4921
9581,6518,958
5349,9781,1173
7593,7148,6243
4038,7326,1204
1267,7247,1542
3695,9728,4154
8087,6427,4271
8117,5271,4706
7169,7684,1935
4978,6947,4031
7198,9063,3222
3941,7520,5915
5972,8203,4229
1803,4301,1214
1122,2478,1924
7171,9827,9737
8466,5636,3339
4122,7921,2052
9324,4817,2492
9670,6831,1725
9039,8005,2030
1122,7241,2064
2249,7692,4066
1216,8292,5785
6848,8280,2084
812,9629,6307
5700,9884,9356
2913,6512,2752
3834,4205,2828
6470,8318,5739
10000,8661,5994
5846,8136,5235
8060,7554,853
2513,6619,1312
2388,5455,1389
5650,9678,6521
8978,8543,5928
5695,7680,6585
5931,8964,6424
1132,7016,3512
2512,7533,5232
3819,4929,477
56,7049,1713
5473,9534,5594
2473,9347,5881
3459,7150,269
9429,9901,7349
3344,1825,1384
9173,9583,111
1051,9973,582
4718,6398,3025
5626,8304,359
9895,6390,4453
2008,5161,2070
27,6633,659
9994,8743,2045
3883,3968,2732
2050,9957,8859
2351,8247,2607
4369,7851,1528
5606,5612,4504
2907,8219,3764
9979,9548,5506
6910,3821,319
4310,5860,3022
2246,1676,12
6120,9549,3067
1657,4942,2778
286,6800,6390
3183,8587,122
7759,5940,5183
4301,9305,4033
3400,9956,4164
4440,7002,2002
7074,5622,5319
320,9905,4017
5201,2305,980
2581,2850,89
6657,7808,7348
962,9530,518
9501,7609,7450
5369,6060,1823
416,1285,884
4030,4328,472
7529,6099,2767
498,8204,1149
2214,7449,3618
2298,8826,4742
7562,2412,2355
8390,9989,1308
8598,2194,612
8995,6134,3610
2897,8413,5597
471,6702,2475
983,3833,456
6348,6466,2952
6763,9861,1786
6006,9810,7464
3470,4933,4220
3152,9229,1881
7869,3966,2880
7041,7920,5866
9187,4098,1459
3814,3021,2790
1522,8671,6015
2945,2677,2562
296,678,520
7776,3888,3200
9430,6688,1827
3787,4053,1655
5592,5698,39
7341,1676,467
3840,5974,2723
9739,4505,4019
1735,7989,2882
1074,7401,6220
6956,4140,3581
2502,5146,4851
7557,8361,8241
5509,6355,1647
2231,3823,993
4555,4990,4223
7240,5239,4690
5418,1362,933
1496,3416,1598
7846,9763,3204
599,2754,827
7172,2968,2094
3945,5484,2847
909,9097,5598
384,5848,3736
7148,8815,1320
8329,9925,2637
7501,8510,1828
1440,9822,9496
8903,3748,741
570,9440,6722
7350,6595,5062
1819,8997,4961
5655,3448,2598
7908,3397,2403
7653,4997,4150
8966,3252,3189
568,9812,6704
5111,1968,144
3175,9174,6433
534,5473,1261
4651,9941,9010
7866,8619,7104
2352,7900,6945
892,7094,5281
4750,9635,3099
6361,8785,7870
1681,3668,2346
2405,9520,192
1249,7643,7481
9800,8019,6854
3908,5065,1651
8496,3885,2894
4929,8418,4431
4358,8646,7463
712,8552,1988
427,7429,5804
3503,8294,3728
4009,7938,7672
5873,4175,3598
4437,6996,5104
818,7565,6142
4949,6593,19
1307,7038,6416
2327,8178,6605
7460,8793,8688
7767,5904,1741
7982,8421,7584
5072,7835,3315
6212,7404,4126
7265,9221,5984
7967,3059,49
8197,9393,5374
5183,6129,2630
9698,4411,520
2397,8718,1447
2899,7116,2998
500,4773,1394
8517,9022,8065
8518,5807,3677
6629,9747,1877
4569,4977,2691
7445,9254,2404
7235,6235,2592
2252,6803,899
4978,7140,2269
5431,9440,6952
6712,1195,48
4665,9323,2001
460,7729,2841
468,5005,3487
4999,8486,4129
346,5235,4261
740,8056,4426
3372,4094,2437
9380,6711,4935
4826,6733,5077
2627,4308,1392
7616,9008,5988
7427,4590,2824
3676,8674,6072
4457,8426,1385
786,7875,3928
6143,5964,4082
2956,5330,3284
5494,5630,810
2693,4112,3235
2659,9719,5305
8671,9909,69
1655,9164,3904
7137,8238,4394
2808,6731,3344
7015,8421,362
4176,8100,4690
2984,948,774
9503,5553,4212
5825,6877,6783
9641,5681,4819
1739,3723,212
4610,7042,1711
72,9862,513
8818,2035,1588
7391,3103,1603
2051,9829,638
4331,9225,1849
8397,5719,5439
6594,9090,3718
6180,7545,144
433,9340,6604
6458,7557,1247
1176,9732,2686
2322,6048,1686
5755,3154,873
7755,5394,590
5223,9611,5121
2019,3456,2171
7068,2118,931
1719,6793,1989
1606,9448,4652
2416,7537,6461
6836,6738,3590
3486,6386,5928
6181,1674,1240
6110,8663,2494
3400,6972,2974
6520,4413,4311
7546,3205,2996
8238,7019,675
3241,7483,491
7155,5192,2568
8416,7437,3126
7569,7186,6082
5394,2750,2203
2841,6158,4294
2373,6030,5811
2778,9906,5102
6683,9793,4982
2116,7569,5184
3394,6621,4461
5048,9111,7727
1173,5904,2941
6717,9048,2842
6584,8287,953
6578,8187,7966
9265,2525,1643
1497,7873,4174
1182,8312,5899
6855,8221,567
4789,3229,3197
9038,8573,6060
4171,8590,4315
5740,5960,3411
9498,3608,2432
9396,3640,1630
7054,6726,1216
65,9163,4945
8681,9615,5614
5749,8277,4871
3876,9656,8504
2602,3388,1440
662,8020,7986
7483,8376,3727
8273,5483,4894
2078,9840,3741
8629,1546,145
8458,2604,842
6485,8527,7281
7526,6208,1161
4241,9158,5293
6548,8754,1054
9564,9886,8727
6207,7677,4656
411,9107,6998
7921,7445,4810
659,6631,2404
621,3845,2209
4905,6568,4839
5719,6754,2877
863,7911,7886
5088,8332,5537
1003,8541,2656
519,8214,450
7847,7432,818
6135,8625,4944
7356,3126,2777
7228,2589,1839
1984,5512,426
7400,9001,7656
9192,5015,2133
1098,4787,2240
1770,2799,921
1075,7154,282
5042,8944,6168
206,7186,1627
6435,9796,6073
7882,5746,264
3919,2133,1649
7458,7090,6991
3938,6147,5278
9516,4511,1233
980,6216,4130
3530,6737,5299
7133,6461,3764
116,3659,1221
3306,3678,2801
3009,7271,3611
3779,5660,3257
1290,8330,3431
2182,2444,2409
3581,7737,840
3679,7167,7044
1909,3465,3290
316,8866,7944
9331,2370,1030
584,6380,2251
2098,8046,5755
7341,3581,811
9044,7029,4694
3632,8188,4292
6689,4564,4034
4312,9591,2057
9542,6919,5905
2097,9992,8740
3498,8747,5767
2920,8533,8297
1615,6207,3946
5233,4425,3091
6971,9868,6353
6554,4892,2741
3168,6720,411
2449,7423,1800
3090,9996,8979
8163,3788,2689
4087,4560,2951
2721,7106,4891
6771,8738,4272
4338,7223,2535
5694,9125,4663
970,9572,644
82,8926,2017
9691,7370,3914
9931,9028,486
7209,9263,3463
5636,7611,2441
9755,5580,4815
1879,3333,1329
825,5431,3459
991,9721,2904
3488,7173,1438
1217,7486,217
5319,8363,6118
7639,8725,4569
1225,5242,1234
72,6976,5254
200,4434,3423
3508,3448,2609
2794,6518,4090
5062,9204,1182
8825,5590,3360
7266,4667,781
8672,5379,4643
7166,7407,527
2944,6691,4920
5388,6069,1923
6540,4572,3548
6898,6266,1604
8552,7721,1973
7182,9038,2820
6237,6149,5042
9164,9018,1427
6077,9249,1613
8979,2836,2495
6090,9743,1133
275,7162,1349
1511,1175,1094
4965,3355,1901
6033,3558,3305
1200,5124,1647
1305,2941,1962
6937,9428,5213
5605,4247,3135
6256,1183,235
5651,7489,1768
4896,8032,1632
6131,9165,6741
8155,6847,5603
8786,6170,790
7934,9253,6681
4580,9069,6844
3199,9451,4250
6776,4786,1842
9877,4140,790
6995,5326,2379
5171,5116,2830
4164,7885,2185
5856,8399,2662
2120,7183,5519
7160,8915,4957
665,5950,2541
6076,9462,4823
7012,5004,567
5232,8222,7275
5371,6906,748
2315,8380,3280
3636,6896,3513
1839,1074,849
2996,6171,563
4219,6421,4217
5522,6104,935
3033,3353,2554
5662,5490,3206
2471,9843,7363
8918,8406,2696
7464,8015,6214
726,5059,2808
9061,8231,6129
907,8505,3053
6121,2510,831
783,2276,1836
942,5581,1910
8802,6590,1454
7573,2168,2080
6000,3143,1793
6071,8672,608
7726,6223,6089
9083,7929,6296
4823,1654,58
5674,6380,5365
1424,5802,5681
7119,1545,278
108,9795,6659
9585,8301,2444
573,5913,4647
6040,9595,1692
6274,7782,5355
8696,9274,3589
5822,8345,7781
7928,3139,667
7496,9333,7627
9460,8416,1400
6329,5886,4330
1785,3319,2892
4090,7631,5242
4812,6634,5571
5848,5181,1312
8110,4562,366
6737,2953,476
6110,3583,625
4640,9427,7675
1458,9708,9436
2372,9820,8307
8190,6534,2296
3060,4986,3909
8181,8467,3348
2798,4352,448
2486,6484,4326
8137,4525,1119
1875,8881,7828
1914,4933,1993
2456,2017,651
5298,8786,4415
5449,9158,5436
6039,5429,4521
4785,4341,2358
1346,5318,581
6577,7788,7785
6652,5804,4284
2619,6440,5709
1062,3528,615
140,9061,8176
7224,5270,4817
5051,7116,4818
6209,5020,2
4429,7966,1746
1659,7740,6055
3929,9335,7565
6588,8139,65
9734,9581,3729
2003,6463,5279
6806,9010,4781
6314,5313,1547
5380,5731,1348
9407,1463,167
9290,9945,2119
9777,6360,843
7665,3216,2392
4028,9865,2965
5041,3919,2350
8148,8720,8
7713,7430,5219
7536,6961,1712
5786,7200,3446
6447,7028,6689
416,8298,4963
7140,3122,726
5240,4015,1805
286,9725,3160
9250,6544,2089
7548,9620,6269
5536,6116,3125
4803,4660,1429
7897,3896,2534
9708,9455,4807
5325,3148,1058
1125,5959,1319
7459,7023,5622
7290,8884,6129
6055,8523,416
4320,8001,1885
4734,4519,2037
6800,7191,5699
9065,5300,615
1022,2767,1959
1074,7299,757
9106,8542,2602
2754,9762,5793
3569,8437,4269
475,7765,7493
6960,9546,5882
9001,6597,840
9957,9298,7512
7813,8819,1387
461,839,470
5438,5708,3008
1776,7620,6451
6466,3236,1665
4148,7933,3990
1093,9486,5486
6877,7681,4974
9083,3021,2091
3779,5034,315
738,9602,8381
8004,4314,569
9532,4680,825
3032,8927,727
1765,9525,7693
1640,3622,3469
5608,4070,1374
3224,9686,2808
1701,9540,1292
6952,9507,1223
1246,8562,6961
7720,9977,7044
6418,8159,7964
3726,6638,3821
190,8533,3195
5566,2748,400
6550,4343,1376
453,5368,426
5938,7874,7016
614,9871,1273
6574,8334,2013
7876,2046,1155
2469,7833,3160
3039,7847,609
1028,6760,217
8264,9271,8609
1556,8251,6873
5354,8976,4900
3169,8797,2544
6712,9861,1489
5006,2368,1967
5325,7163,390
7491,4100,61
5348,8421,3630
2879,3662,394
4227,9264,5866
3619,6015,1008
6710,6039,1994
5191,7510,5943
5705,8244,2796
5881,4349,1194
484,6439,5959
9451,6257,988
3947,3941,28
2842,4442,2301
5054,8089,2024
9228,9931,8295
8929,2801,290
7267,8282,5886
8033,8839,1722
7616,9405,5893
3645,4391,4005
9771,7159,332
8864,3919,765
2097,7971,4103
58,8482,7971
5116,6493,4674
9334,9516,5886
4496,9411,5508
3574,8306,8
5611,9985,9894
1798,9598,8781
7916,7100,300
8816,3696,45
3349,8647,7511
6234,6180,4814
8537,6352,1324
568,4336,2105
1443,7663,2572
84,3008,1997
4608,9581,3405
260,6997,1108
6357,7282,5279
968,6772,4599
1393,1563,1191
6100,4384,3955
6320,384,75
4179,1068,740
3593,5878,1345
3488,3621,1520
890,8819,3500
9162,8006,399
1253,6369,12
6677,6820,3247
5636,9778,7988
9053,5772,2954
9252,5915,1842
8165,8952,469
1602,8741,6857
9025,6943,72
3118,9475,6816
8224,8619,3174
5326,4925,4005
8848,9542,2775
4497,6167,4428
1722,6222,1846
6126,5854,2567
272,5526,283
5250,7027,5004
5557,9630,8164
2267,4277,4224
9599,8431,5466
9623,9417,5517
8318,8632,3097
6268,8984,1005
720,5228,5051
9027,7294,2656
8161,4342,3475
9889,2059,389
4216,9250,5378
796,2668,107
8507,5690,3698
8231,3865,416
543,9407,3838
2935,7244,738
7775,6762,2789
1007,3456,382
2551,7699,563
1795,8872,5728
7189,8797,1650
1730,8188,423
8918,8888,6277
4538,9619,2008
6255,5309,265
2938,3267,2182
1193,9479,9091
1775,8443,1584
3963,9682,1850
755,7636,5998
8605,1726,1128
751,7381,4815
8748,6159,3151
1966,9282,2840
726,3344,3225
1464,2865,2166
1102,7960,3446
1060,9375,7806
8841,9297,3037
3013,1426,1088
2971,7794,7119
4504,6210,1438
999,9664,8520
4092,8305,7725
9455,8263,3745
4521,7270,3517
1915,9872,2824
3501,8411,7081
7207,4776,2957
8423,5258,3340
4251,4546,1535
4635,9307,3866
7254,3717,2222
49,6552,448
1036,7770,1788
8517,3423,1378
3337,3745,2818
6020,5148,2826
6585,2385,1380
3379,7957,1390
7334,8497,1039
2047,9466,7554
8949,3882,14
9643,3925,1720
6387,9171,7123
4129,4804,669
8545,2297,1945
9113,7155,6431
1259,8739,1351
5463,9657,5130
8857,5393,4210
2804,334,194
5289,7990,518
6923,5462,2753
1864,5658,4011
4060,7421,6668
3914,4461,2228
96,5257,2766
9293,4107,435
5319,6694,5416
2848,5878,5498
5045,4905,3133
5720,7563,72
7572,3591,262
3301,5912,2998
9224,3931,1565
8473,7212,4849
8268,6857,5742
9698,5571,1683
7887,7691,546
3494,7803,5197
1709,9728,1343
5088,7010,2567
6974,5768,5125
8422,7260,522
7018,9157,8958
2964,5316,3004
1694,7866,2125
2352,9306,513
1137,8250,5357
8313,4048,3532
3729,7519,2321
154,4717,1125
1983,8722,3131
1711,2592,1030
7126,8327,1428
1898,3940,1813
3989,4578,3108
9742,6322,5191
3977,8834,2685
6623,9925,2957
4819,9819,7823
2123,4955,1613
4339,6940,1944
3245,6754,1548
1818,7973,6467
3395,5742,3542
4531,6110,3103
6494,7067,354
4401,9321,5539
7315,4884,1540
8021,2090,125
1423,5313,172
7052,7388,6649
4174,6671,160
925,4808,2259
5085,9432,1210
2404,7400,1590
197,9991,3899
1620,5590,3043
2200,4756,271
8,4437,838
4380,8716,6316
2672,8133,6780
971,6471,2252
5907,7377,5510
9697,6946,4281
282,8181,940
5346,5713,2694
2933,6975,6202
5471,7346,2147
1288,9735,6276
7403,5433,3523
4229,1812,167
3846,9809,289
5939,5083,392
7014,4414,1513
8420,9832,5774
3792,7407,639
7406,9390,6310
1396,9915,8910
3731,7795,812
6392,8348,600
5999,4178,3496
3241,6524,5231
7366,8999,6415
4704,5210,1502
535,8162,6375
1944,7165,2770
7243,9664,2983
7257,8887,3418
7647,7978,1468
8621,9491,7592
9152,4506,4037
8582,8611,683
7472,6808,1496
2913,9479,7255
7188,2351,563
7615,3008,641
5826,4347,2776
5278,3923,1863
6137,5978,3473
7499,8155,3985
6358,3121,710
524,8151,5327
7298,4565,811
6993,7562,3818
2946,4588,3925
6000,7277,6033
5282,5852,602
6618,6174,2700
9328,5732,3456
7401,8941,4665
2190,3427,1222
2591,7039,407
6144,8871,676
8370,3963,1818
9841,7454,5298
7117,8819,6305
6575,7951,2063
576,6841,5851
2629,4090,2412
8096,7716,6381
7725,9698,6557
9369,6148,2204
4425,3976,2245
7097,2370,530
4162,8364,3724
1219,9931,7062
1447,9984,5864
5551,5844,2566
9939,2893,2345
8479,2473,1124
4155,6569,8
197,9433,542
1026,6628,2841
2558,6715,5136
9617,5627,2724
7144,8510,6230
3390,9422,1355
4423,1353,723
1934,9748,1751
7682,5105,4226
5387,9380,3759
2731,6677,917
412,6459,865
102,1917,838
4353,3903,1419
7264,3180,815
8643,9062,398
791,4228,229
1110,9909,9867
7615,9500,3273
764,3467,3032
9041,9386,7399
8680,5116,29
6918,4635,1905
8339,4634,2678
2771,8706,7428
3718,9494,7314
6519,8962,5097
8887,6153,1768
3904,6696,4880
7535,6731,581
380,8666,6577
2827,9326,322
5822,9593,6022
6893,7566,6574
5535,6944,3841
6780,3688,1162
7462,7346,5355
7021,8875,2205
2455,8398,2859
6368,9284,4920
284,9890,3676
9081,9521,5271
503,4718,3450
6542,9463,3459
2185,2519,1289
2145,2651,190
5076,9160,117
8248,4020,1520
7190,9123,222
276,8299,4863
9285,9512,8499
3657,4561,402
5407,5734,4337
4474,8679,696
1189,9757,9454
343,7820,3756
7592,7276,2405
4159,1689,1140
307,5431,1691
5703,5830,2619
5670,9964,3518
8013,7468,1868
654,8421,3927
5118,9942,5392
3178,4725,818
386,7022,4542
9529,2390,2083
6396,9641,3038
8586,8708,5800
9204,4616,3697
1374,5505,2139
1033,5998,1958
7637,4482,1412
7912,2567,202
6397,9398,5635
3597,9687,4633
8661,4627,2539
1131,7077,1528
6522,3011,1758
961,561,117
351,9109,6183
9565,8705,4113
1774,4731,715
2362,8092,6547
9752,9785,2567
2404,4676,2094
1151,7008,2551
7018,2048,1220
3903,8869,6090
192,8502,611
6461,9335,5937
382,2315,1564
6632,9429,3988
3615,7149,2542
2145,6558,5136
9896,9185,1099
8542,8638,6302
3166,8073,1014
1557,9212,6417
9360,6138,2611
4337,6578,872
423,9008,1325
5517,4833,4732
8102,9869,7311
5776,6517,2715
7089,3023,497
2194,6277,3235
9011,9776,8499
8996,8971,1756
4302,9949,2743
9639,6698,5925
4839,5866,2018
4920,5992,5018
4555,9329,837
947,5507,4790
1739,8794,562
9839,7935,1893
5527,4873,3218
4908,1568,948
4864,1838,411
4573,7355,975
4909,7251,4807
7114,9330,3517
8450,6730,781
8420,5800,2282
7145,4562,2644
1467,2051,1574
1736,5918,5261
6097,700,364
6268,8124,3996
5516,6375,4250
3540,4556,3732
5527,3605,1400
8139,6063,3599
2899,9150,6267
3457,8869,3018
5048,5512,1970
7479,3212,726
1999,9979,8128
4375,3251,1507
8222,5534,2442
2801,8191,2173
8198,9296,2923
8538,9871,4436
834,6295,5790
5472,9440,1394
1212,8197,191
239,4052,1071
3655,6920,2259
5453,7517,4710
3425,8717,7391
1979,9676,6422
4579,7976,212
1013,4206,504
6497,8134,1409
8444,3602,206
1135,3224,732
7283,5692,164
3887,4397,3843
915,9600,6270
2133,8350,6023
8377,3499,1375
1243,3739,3086
1361,7174,1216
7201,7484,3165
7963,7239,4651
2018,6806,1442
7290,7430,3362
8340,997,757
5896,9302,6193
7055,7995,749
634,7030,6004
4601,4917,1490
5756,9167,805
4470,6825,3516
9880,8952,7557
6767,3016,1432
7521,2916,2911
1114,9896,4876
201,9924,1729
5912,4997,1471
9681,6956,6007
2701,6371,1515
8213,7286,5662
8406,9638,5941
3888,7900,6990
9856,5851,1908
5702,2312,35
3619,7606,6024
2097,8003,7057
8144,3873,99
6326,7750,7011
7621,5566,3818
724,7733,2232
3473,7845,2385
4656,3031,2506
1417,6432,1760
8633,6708,3002
1202,6335,4968
477,4982,3057
5947,9996,2426
364,7541,5699
8986,7656,1621
6353,2524,2365
1059,4836,374
9281,5576,2693
8982,4899,2232
8133,1828,1288
487,1582,931
6094,6897,2765
5535,6561,5892
9622,6979,1878
9579,8049,457
5677,9795,1553
2123,7073,3560
9417,8085,2715
4465,9399,4315
1562,5176,3955
9663,1898,200
3372,9356,2167
4180,6089,43
7955,3187,217
229,4233,131
7627,5627,2230
2437,9110,687
342,4634,839
6091,9303,2096
6600,1874,1576
410,5384,417
2615,9363,3218
2249,7552,6024
2225,9040,6772
1273,10000,9748
3667,8698,7410
667,7244,1989
6592,6965,3195
8634,7764,1563
9946,9524,3123
8244,8412,5164
3025,9488,8341
9000,4369,2200
6514,6005,2495
7971,8346,2045
5645,6096,1854
3110,6022,2777
2919,7354,4348
3300,9382,6363
474,6081,3787
1259,7427,1836
564,9108,7453
5490,7115,3495
3358,6313,882
3570,4686,4217
3365,2302,1388
3554,5363,2812
2119,4587,1559
7041,8736,8569
7166,7727,3672
2541,4609,1136
5750,932,900
7581,8076,2325
9299,6265,1429
3260,2057,174
3891,8359,5567
6239,6387,6282
6434,5103,835
8281,7677,2912
7714,7213,6400
9514,4874,4377
8122,2120,1131
2459,5166,3574
600,428,278
9120,4199,142
8611,9485,35
3084,9332,8636
56,3822,368
7365,3462,2033
3398,6988,4277
7558,7211,6440
6321,3602,157
9238,6389,1022
5379,9207,8089
7632,8978,4530
5621,7279,491
8928,564,207
9157,6343,5025
7780,1217,740
2043,4013,3837
3821,8224,1474
878,9067,1598
7507,5801,1325
5316,9124,7216
1721,6333,3619
9838,8654,5963
1064,9927,7297
3433,5488,4603
7476,8845,3987
7429,6183,5161
241,4208,2286
6995,4460,3140
1380,9373,865
5810,9766,7675
4564,1994,472
9930,8415,6377
3337,8784,274
794,3565,3562
8725,6886,2768
7834,8237,4004
5049,5169,924
2603,2124,477
3200,9969,3250
2048,5269,664
3935,5742,829
2988,7946,6922
4838,2967,1042
1927,1112,210
516,7434,3573
7842,6478,5281
2442,6786,5429
7214,8607,4956
7643,3683,3108
1531,6843,3471
2049,7740,3963
7932,9971,3033
2232,4281,2989
3917,8898,7038
219,1150,835
5928,2108,1485
9811,357,233
1070,9365,5911
9969,4693,1671
8950,5541,340
560,7486,2547
6668,6546,5872
9112,3251,3202
1822,8548,3638
2051,6591,2584
6287,8957,651
3024,9129,2759
6328,8737,7465
2924,6870,77
7248,4192,1113
5813,8367,868
5712,5589,2462
5463,6360,5459
8796,7813,7564
8488,7373,149
9465,6682,2253
2382,6306,5591
8145,7275,5382
8976,9265,683
2580,7567,807
8483,6277,3847
1880,8373,946
2951,9710,5088
1815,9131,9004
4673,6091,4522
7972,6275,5850
9018,8338,6048
1492,6042,2976
2499,8279,5697
2621,9306,6856
8974,1092,895
3586,2275,1947
7732,3932,3283
1083,8252,2913
592,9260,5408
3270,4786,1811
7447,7440,4086
7855,6620,5837
9039,7054,6827
6249,5856,2218
9890,9385,7064
7081,9710,7634
6109,2397,54
6163,9904,6460
6817,6708,3282
364,5054,1859
692,7613,3478
4047,9668,3296
4482,4510,701
2662,1689,186
4171,7921,2674
2091,8866,7397
9527,5002,1441
4497,5810,3304
7020,8608,8057
1597,6461,5147
5570,8714,8419
8588,4487,224
212,2570,858
4141,4508,621
1454,6676,5766
8245,8609,6210
2498,5845,4142
7089,9827,8464
1419,6240,268
9865,6988,1457
5074,7266,3175
8874,1545,466
3057,314,50
4892,4206,3960
8883,9538,8762
191,8091,63
1189,7759,5506
9535,2423,1600
4770,6596,6293
7721,3398,1213
8506,8885,2240
3701,6189,3962
4694,5995,5531
2549,9985,2041
3000,6358,3822
2724,6664,3468
4709,7145,178
2280,2958,2262
2712,9564,5364
4155,4091,3770
2749,8692,6975
3872,4297,3357
2444,8643,6881
600,3025,1005
810,8499,1259
6606,7807,1815
4222,6111,5797
8851,9903,3993
7417,8073,5022
8639,9830,7623
9526,5229,3454
7673,7794,5333
8930,5700,1687
9469,8019,996
610,9081,154
9455,3498,1496
1391,8788,8550
1177,8328,6184
4156,5887,593
4534,2980,2938
7837,9343,1452
9151,9476,78
7324,8790,6658
7020,4506,242
1316,9838,2268
4771,9295,4562
198,8007,5366
3437,6250,3931
2507,8710,7668
9051,4190,3624
7772,1655,1439
8839,9949,5900
825,8055,3966
7854,9625,8861
9600,8728,2870
5440,6463,2818
429,9119,7788
6187,9643,8825
5467,9078,3123
6616,8848,2202
1903,3313,2189
9895,9641,7418
5580,7852,4600
1195,7212,2003
2711,3949,907
3555,7840,3266
6276,5410,2017
8115,4374,1962
1416,8560,3673
206,6578,5046
4106,3247,2912
3698,5928,4203
2035,2708,1844
9581,9155,4068
5241,5326,4703
2281,2844,100
2336,9453,3764
4393,9859,2032
306,7321,484
991,4976,1716
7520,2760,15
104,3867,445
3819,3932,634
6489,9170,2521
2926,9321,2982
1086,3870,547
786,8237,1994
1793,2639,108
770,9447,266
4742,5575,1812
5518,9156,612
6338,2117,919
8961,4315,1897
2772,9234,5613
6173,7249,419
8713,3324,174
56,6932,1290
9402,6408,4954
7069,1905,464
3761,1693,508
9740,4006,2960
615,9792,7318
3106,4117,1697
8958,9566,3546
3070,7799,511
8806,7640,6946
2960,9172,4586
5836,7616,5973
9519,3388,1464
1619,7694,1790
8106,9025,7190
5612,8253,7025
4647,9522,8578
5171,3960,3557
8519,8910,7613
5717,8555,6608
2729,3162,1364
918,5853,787
6996,2964,2411
2531,8961,190
3868,7856,7248
8125,3223,1514
7524,9108,3599
595,8207,1858
9005,2389,1158
1004,9950,9740
6715,5828,1093
154,9598,3286
2411,6996,6530
3740,7783,4427
132,9656,7225
5514,1811,1153
8200,1223,1222
916,8938,6993
5000,6823,4341
4390,2964,306
6364,7441,5324
4968,8562,2181
9192,3645,2394
5308,9598,5420
9808,7139,3103
822,1961,1375
5966,8034,1867
368,3416,1006
4540,5306,5144
6344,7538,6763
1489,4738,618
9968,8034,1231
3136,6376,5079
535,9025,5428
3580,5745,946
3995,6696,146
8357,5920,3565
8206,9565,8356
9374,5077,1918
2127,5133,2997
1543,8055,2751
5795,6890,6146
3002,9380,304
2406,6535,48
38,9712,9406
3606,7876,6394
9113,3476,1571
920,8024,7369
6064,9970,7438
5895,3250,1051
2857,7792,4580
1468,8874,7696
9630,7522,2409
990,7772,3758
3705,5752,1097
1398,3835,1452
8041,5269,3604
5217,9462,6708
8,7260,262
5063,8200,2952
7356,5139,736
3257,9159,464
4179,4931,3916
9553,8767,1430
7896,4662,1018
9350,7195,5073
8577,9831,8596
5554,6158,3198
8915,2953,2041
2276,8373,4735
5618,9084,3988
8804,8501,3967
5162,5836,3560
144,9777,4740
5478,5101,3455
267,5849,4561
2753,9741,4081
7859,9597,4041
8722,4657,1032
6994,5780,1696
1719,4804,2863
4422,4605,997
4927,2407,2245
2631,7589,2107
21,8634,4898
6228,2880,1748
1041,6560,556
1856,9944,6772
9260,3743,1632
4486,5407,5328
3755,8054,3999
5958,2813,211
6128,1232,1135
5109,1536,130
4126,7662,5370
4894,3713,3659
220,8584,2397
2202,3411,243
2312,9057,3520
2583,9037,2635
932,4911,3809
8965,6251,2567
5125,8145,397
9998,7078,3156
8797,7809,3405
8035,2598,1173
6764,2089,790
2358,3155,665
9126,2504,115
6630,6505,4655
5387,7102,1539
2766,5317,1280
414,8074,7444
8372,6069,2551
8590,3259,1712
2351,7403,5270
4721,3741,2177
5422,7439,4869
8192,5369,4766
6573,8109,332
7577,4184,3147
5733,6538,5219
6463,3057,2140
9080,4522,3434
9446,9005,839
1118,2173,1528
7723,6278,3955
6996,953,780
8128,9677,9434
8208,9971,7721
3,7984,781
2896,9304,603
5434,6288,5585
9520,4440,4386
6417,4794,402
4811,8065,6761
2061,7739,7048
5177,2039,1635
3923,4424,92
9963,5473,799
5657,6414,3229
6689,8261,1087
8532,9687,8683
4999,8644,4897
5890,4787,3165
9526,9810,6871
4636,9566,2346
2874,6720,3871
2932,7995,3748
7418,7807,5979
8436,7305,1992
516,8793,8524
6620,9392,7206
8508,1129,5
8415,5907,3217
3450,9384,3544
8906,9881,1426
3476,8130,5850
8332,8152,1241
4781,6520,508
2981,6348,553
3663,5661,4419
6071,6531,1345
1324,9256,5882
411,2643,49
9574,6511,6477
240,7917,4678
2232,8660,4982
851,9091,2045
826,7732,3552
3597,6362,612
8315,6450,2540
9199,6627,4082
9820,9646,6599
634,8729,2020
4262,9062,5840
2933,9521,4255
4671,9490,7593
8360,9491,2889
1339,9978,7470
6586,5804,4873
6528,8858,8535
2138,8951,4981
3905,6359,3347
1689,8142,6253
1454,7025,2947
7626,6230,3043
5750,4739,242
6783,6868,3102
7633,6011,1232
6665,3507,2000
6992,6123,4859
2386,7069,2178
1104,6221,5209
1341,8501,2594
1679,8418,1353
5845,7058,5367
8002,4961,1242
9971,3293,3173
4681,6049,240
5055,8898,1326
3407,9298,5336
4891,9613,2399
5549,6391,2584
9077,9758,3480
5681,2901,301
5677,3090,531
7325,7486,2435
1499,6764,4082
429,3245,256
745,9422,4316
6791,8304,7890
3128,8854,6997
5970,8907,1567
8699,6346,1610
8654,9163,6359
377,4826,1562
8393,5443,3252
1853,7127,3044
6284,7106,2229
5453,2255,62
1721,8123,6742
4197,4481,2228
8890,5804,1472
1970,6391,5016
3148,4634,1860
6747,7641,1887
6107,5258,2687
3154,3884,1752
8709,9938,5812
2400,5309,1439
8031,5517,2209
5531,5580,745
206,5844,4959
3494,4252,1598
2826,9817,8594
278,2671,2085
3743,3890,2681
4525,7877,7635
6934,5782,1131
6764,5138,2263
8728,8154,832
8256,9592,1263
2692,8311,5520
1987,3091,3075
5438,4153,3848
429,9002,8022
336,8491,2612
2277,4223,1903
1613,7911,2323
3709,7230,6414
5670,4516,3243
5298,5362,4183
6391,7824,5231
5883,6418,802
3823,8730,7519
4159,6876,6362
6681,8237,3778
995,5433,3737
3360,5165,4899
9258,7679,7622
4158,6822,2234
6117,8749,7997
9239,5478,168
9476,8860,5082
1576,7086,2980
3767,8087,1711
6019,9529,4370
5730,7090,1166
4814,9362,2482
2542,1713,351
113,9103,1931
3330,9963,1610
7752,5767,3490
1421,2316,1998
4502,9689,7682
9463,4901,1814
1114,9171,1680
5593,8049,2913
5370,5106,1559
31,5471,950
57,4744,2351
3855,2929,2728
9887,6519,173
4050,7046,2322
7472,4877,1633
9417,6982,3472
4478,7625,2717
6932,1111,217
2369,7504,6277
6290,4769,1235
9764,9075,2405
5181,6464,2796
3195,8355,3027
442,6917,3158
29,7893,5463
6681,7537,2827
58,7825,5111
4335,9150,1385
7434,8570,7017
1337,9633,7483
3761,4520,4137
575,9728,4012
9798,3414,2659
3048,9107,2231
3440,7636,2295
958,4721,2356
4867,8349,6214
2222,9317,4749
2148,4402,4062
7886,9982,584
7410,4475,791
4572,9920,4204
219,4710,1754
7988,7163,3049
4626,8809,7620
2978,3155,789
1178,9275,3695
4904,7287,5449
1449,8493,4446
3308,6059,839
9513,2455,224
6951,2616,102
5270,9794,2046
2939,7643,6496
4579,8677,6191
4936,2486,550
1180,4341,1717
1040,4481,1344
4231,5247,1483
438,4446,2227
7917,8993,3292
3451,5394,3570
5255,8619,706
8123,3650,3530
5399,8168,3249
9003,5954,2246
9661,6606,5816
1791,9483,7630
8492,8315,222
9608,3963,3768
8164,7997,1509
9629,9071,4500
838,4248,604
5412,9169,5716
2953,7690,7017
6712,8050,2811
412,4352,2639
946,5868,2995
5674,9934,3669
5616,5667,4574
3627,9895,8889
6729,9231,4849
1843,6358,4205
7507,8886,513
2558,8194,6685
3886,3915,615
1967,9809,831
3715,9293,3692
5039,7362,3794
5932,9217,7112
191,4064,3086
7498,3848,1780
7981,735,84
2491,4780,1433
6924,4668,1643
9514,4478,4107
8337,4937,98
4353,9386,7073
2128,5660,2072
1756,7922,6462
3258,8675,2483
3663,6638,3230
4509,6338,3737
3860,9827,793
2652,9195,7442
9177,9890,2117
1507,7480,3962
9482,7673,7146
9755,4239,1446
6727,9908,2512
6958,9146,5381
5726,6053,3746
4807,9737,1591
2792,9862,5964
2804,6985,876
6352,7009,4317
7676,9933,1609
9668,9577,4761
788,5975,4250
9490,9462,445
4347,9957,3731
7081,6407,25
1609,7804,4808
965,8836,1351
7077,4087,550
5931,7812,4058
6271,3266,427
545,5334,4459
8639,8270,1246
6585,4141,3920
5525,3991,3939
6013,9258,115
1012,7749,6609
7045,9503,3150
5951,7505,2349
8496,8907,5490
1863,4308,290
2931,4004,1444
7411,6790,3578
2254,7152,1466
5990,4511,587
5470,9640,6233
4474,9947,510
1502,8841,6700
5283,3829,3647
9560,9792,9208
565,5932,3629
1391,8723,6984
5220,7611,661
7526,3628,538
5495,9616,9283
4950,2977,1605
3096,6836,1327
9014,9462,204
9360,1421,174
4060,7705,1905
6177,7458,1397
7306,8094,1413
2008,8691,6032
8918,4180,1616
6167,9187,3680
6641,9780,789
1588,9844,9840
1965,8365,3221
5809,3375,3014
3326,4989,4096
7569,4786,4547
6825,6265,5795
8149,9779,4255
6578,2427,528
9064,5735,2458
7173,7167,946
3312,8220,2395
7040,4561,526
8298,7952,804
641,7836,6575
7568,660,218
3504,4897,950
1291,9079,2923
1123,9463,4598
8879,7510,1398
126,9658,6462
4534,9174,1561
2611,9350,1637
6550,6476,2500
4775,4756,485
2424,7446,816
8226,4286,3156
9049,2744,1934
9906,9495,7717
4322,9982,2733
302,8534,8296
3689,1476,1361
905,7218,6887
3887,8715,5660
3284,9215,2009
2977,8117,3263
4592,5886,3162
2673,7462,5874
6321,5285,4137
7705,6234,452
5688,8083,3949
8953,4352,2181
9485,9230,5520
5543,6984,3665
2706,9365,8077
5627,7660,1018
5178,9163,2011
6366,4449,2322
8021,9596,113
9042,8857,3924
2304,5119,1468
6969,3954,2690
7974,9524,2478
9404,9550,5818
6925,4257,4022
7324,9047,4198
6712,3961,3387
7804,7205,5266
8233,7179,5678
1938,9280,1583
6538,9936,1306
9944,9368,7957
592,9073,5189
8544,6607,4652
6021,5112,3254
2749,8635,5153
1370,4680,4160
7545,6403,3048
2294,9758,6602
951,6580,3550
2995,8169,737
1064,6326,2704
7737,9784,7689
1471,7857,3852
9521,8268,3248
9909,7222,474
1432,3455,2615
969,645,300
4959,4771,4753
1904,9497,4714
8099,4875,4153
6514,910,91
830,9795,3266
9119,4886,3026
3753,1872,1771
2861,6084,5429
8966,7524,733
464,7795,860
7813,5997,5645
3418,7967,3880
7960,1271,97
8071,3839,3297
5756,9370,3341
1734,9213,4756
7387,9568,9006
6352,8662,1649
2711,6142,181
1519,9849,3978
1736,7705,84
8490,7503,4348
4252,6660,2271
7129,8020,1369
1521,6855,545
8754,5202,2145
7832,7178,5691
9058,7044,2805
8313,1680,1621
4499,8503,861
3852,7064,5263
3916,9575,8669
7403,8578,905
6353,4306,3682
5422,6658,2312
3900,8574,5543
7908,7642,1780
6112,9705,2358
9279,6153,4917
4838,7365,1697
3498,7854,1259
7801,6176,277
5006,4630,3078
2147,9540,3549
4065,1507,412
4806,6900,6391
9375,7328,176
5606,3561,3146
4679,3283,573
4204,1916,571
4768,3285,2170
2139,8845,4697
1235,2227,534
4354,5487,4828
9702,6187,2337
9546,6476,1880
782,8929,2013
90,1047,64
1479,8076,68
7096,6981,4259
2801,3739,2769
8642,9633,7154
3716,8944,2856
9603,7879,1249
1091,8036,5284
2562,2231,787
680,3088,751
7367,7931,5291
1087,9401,415
9226,7874,5988
5531,4751,3549
3951,4463,4338
5427,7911,4388
2607,2051,1069
6665,4035,1766
5719,7799,5789
307,3512,3231
7702,7683,5383
6104,8278,4032
494,9501,9165
5608,7916,1812
3479,2892,573
8583,4116,2051
6887,9564,189
4453,7897,6903
5319,7361,7102
8982,4883,2621
1458,6315,4042
4093,7585,858
745,7267,1875
1985,461,381
2735,6025,5661
4047,7242,817
8623,8894,5279
5808,3824,348
203,3223,1155
841,7792,1293
2188,223,71
4413,9775,4130
4894,9574,9122
9091,8198,3526
8795,6210,3750
5643,8866,3592
5903,9371,4379
4328,2419,2304
8421,9944,4906
6197,4013,2648
5704,4277,1654
8880,5401,3983
7570,9936,8397
3998,9454,2141
8218,8869,4980
4485,5592,4330
8283,7812,4045
6327,3457,3131
2949,2639,825
2950,8494,2811
237,2878,494
9198,5049,3905
7998,6579,1991
6924,8197,5329
8151,7223,5336
1473,1874,1588
636,5531,4336
3240,9592,544
1299,2541,197
9939,6157,1793
2911,7609,2880
3060,4467,2029
7383,7732,5401
9299,6640,4238
8691,5583,4418
1903,2898,1406
6618,7249,47
5439,6093,146
3142,7209,6111
5564,2503,1667
6774,3391,1192
9001,5317,4082
6584,8319,451
2009,9637,433
9225,5427,1360
2990,3895,419
4425,8323,533
331,9103,4144
3838,9341,1154
6777,6242,2369
7228,6283,1833
8141,6940,5782
7368,7161,6881
9511,2727,1786
9360,7176,3062
6595,5490,2147
8717,7817,6858
4625,8656,7505
2470,6794,5285
7032,7468,1105
8506,9872,8384
8705,9542,4818
9225,8301,6888
426,9482,4372
8482,3688,2777
34,9804,5955
250,1760,317
6830,7590,3561
1678,5644,4958
1712,7003,3007
7409,8409,6387
1595,7608,23
5257,6741,1475
3800,4387,892
4776,9629,8359
5877,4632,2745
7447,8997,6842
9454,7382,7069
6074,5589,236
536,6681,5772
6467,5599,4266
4266,8984,6333
7936,1731,70
694,9853,1002
4552,8829,7951
2273,1214,940
6656,3988,1361
8914,5960,4433
9829,5838,4543
6097,4657,490
6669,9952,534
6242,8553,7967
4225,9496,1743
5670,1654,545
3244,4518,3306
9385,4563,2877
9895,6107,1858
5608,6457,1470
8779,9411,1308
6060,9397,239
350,9918,1333
9053,6199,1164
14,8771,5892
2097,4027,2404
1231,9715,5442
3301,8169,235
3429,2825,2156
8750,7517,5624
3737,5125,1644
9474,4782,4197
1209,5553,4456
7323,8623,1812
208,4504,3294
9474,3735,194
4127,9329,8564
3200,5095,4120
3258,5717,3172
9499,7627,6090
2876,6331,4834
6516,5857,5001
4967,4744,1405
2768,5988,3324
6131,9268,2202
9114,2874,1698
8902,6575,728
8912,8665,6291
9341,7669,2728
6841,3148,1150
473,341,331
4762,7506,399
3303,7393,6371
4961,1800,603
3962,8463,3238
3826,5747,1762
8541,7510,3864
3665,9908,8968
1300,5047,1512
9486,1607,1258
3735,9250,5327
490,2518,1286
3509,3513,2027
9031,5881,1343
7483,3997,2719
2313,4514,1164
9783,2577,582
7659,4698,476
7277,3801,1587
4589,4791,3378
998,5312,1391
1805,7058,6973
2043,7936,4528
6286,7118,5952
7856,7119,2976
6210,5249,1127
4191,9533,298
9169,5104,3272
597,3000,2849
8914,3112,655
9020,9561,2944
7735,5209,87
6339,6179,5765
2780,2293,795
7898,4075,3403
6046,3975,1008
5874,8696,6071
8042,7515,4081
6330,7438,1960
6139,4753,2137
7195,5272,2585
3728,8294,5464
4559,5833,4898
3987,2352,818
1084,4738,2003
4696,2119,1726
9912,3945,3472
3697,2846,692
7267,7900,6601
642,9081,5199
4338,7343,952
3461,6981,2641
6145,9329,5733
2218,3541,473
6292,4908,1180
8139,9110,810
7501,2677,805
11,3823,1524
8513,4858,3488
8723,9961,5192
1784,9425,3805
856,8551,2663
3726,7289,2579
7181,6530,2383
3263,9061,4325
5133,6153,1226
8705,2026,1488
6860,3365,2541
7297,7601,6130
8557,2246,2067
6939,4602,1799
2080,9730,9417
5717,9331,6759
9331,9091,6621
1952,6632,1978
797,7510,3210
7857,5346,1703
9788,8218,4520
4830,7932,6090
4243,6239,3441
9367,5017,2712
9329,6089,3401
3470,9402,8022
8990,9998,9174
3705,5171,1302
2053,6715,926
2351,7126,4598
7431,8407,2089
7260,7306,3339
173,9037,4442
5575,7942,4768
8801,9189,3098
4853,9526,2919
3440,9207,3742
4086,5748,1797
8280,7916,4392
7784,5694,2709
5836,6460,3393
6698,7360,1254
3554,5756,5303
3816,2619,2263
4420,4865,2412
2252,5769,1687
5289,9351,1063
5760,5884,1631
7458,4453,1013
6759,7680,5417
9959,4633,3959
5529,5178,116
4026,9503,6451
5472,7810,5098
1159,1336,308
4961,3225,68
1258,5990,5362
5526,8208,333
204,8512,2145
5329,6780,410
3456,4555,4159
4723,3953,757
9929,8816,3917
2233,868,815
4947,9147,1930
6710,5430,3758
7510,7293,6899
3877,6675,6255
6319,6516,5894
8573,8920,6322
9701,4154,370
6122,4562,1491
6399,3606,1534
5212,7996,6078
4869,1691,448
3107,5866,4346
5221,4837,4644
4531,6211,698
3183,5215,4809
4388,8664,1637
5079,3765,3008
2440,7887,5873
2897,4911,2889
7247,1564,900
4194,7892,1872
4392,2732,2637
6940,2503,1515
7491,9433,6757
9482,9737,363
769,5694,90
2514,8833,4567
986,2768,1545
7267,9951,2997
4094,8760,6335
7242,6732,105
2597,6741,4534
5050,4320,3939
8860,2992,2635
237,1404,189
3116,8904,2933
7086,5205,149
9699,4795,4335
9109,6546,3803
1118,4942,1931
4159,7798,6701
7755,6926,4158
1146,9755,7170
3327,9004,1777
5869,6694,4186
5958,8164,3559
6439,2226,1994
7505,2781,66
4637,7412,1973
798,4842,1453
9007,7123,3129
4275,8319,4894
8167,6693,3098
5123,6595,4861
1434,8866,4771
3484,2839,1096
1752,6064,2280
882,6373,5182
2015,7454,1902
2076,4467,527
7378,6905,5656
9594,9299,3026
637,5582,5112
9475,4387,3206
8503,8466,4321
4284,8173,7377
6483,3838,1698
4691,7724,6842
9241,7877,6445
9741,7430,2023
5910,6448,229
1424,6246,5975
1384,7421,4794
9622,8767,6285
8513,3307,1716
4414,3867,253
2712,5305,1926
3382,5885,827
711,8969,487
2392,9183,3157
6436,6559,2628
2069,7508,7395
8468,7712,4556
5613,6959,4417
4165,7812,3643
1112,4524,4258
2723,5737,2040
1511,8315,3421
1630,8264,5516
1328,8859,2397
2467,2030,897
7232,8934,6327
1484,9577,558
230,9659,3745
9795,3551,1799
8607,2036,276
8951,6361,4161
7039,8300,6847
1247,8372,2432
3796,5628,2865
5301,7124,3032
551,7831,5366
8081,8724,1044
1190,7499,694
5656,7020,4799
5444,2416,956
3338,757,28
2600,7707,7562
6854,5823,3092
8847,7244,2619
163,9023,4714
1634,1658,1068
3804,7042,4468
8826,9066,966
5038,9213,4568
5326,2788,1740
5731,2748,142
2574,8940,1541
4645,8221,2980
783,8693,5379
2369,7484,3645
7951,9349,242
7179,5765,735
4311,6506,4892
5173,2537,556
627,5807,2545
1338,6421,1529
297,7848,6278
418,2151,395
6445,2346,1244
7414,8464,790
8420,9675,5299
581,9550,8476
7102,7600,7103
4082,8623,1185
9869,5441,2663
6229,3274,2249
136,5465,979
4923,9403,3570
9253,759,315
4517,7629,4645
4318,3874,2645
3849,6373,1466
1066,7616,6513
4492,9551,4749
1757,5907,3378
5901,7629,4565
7157,5487,4795
6760,4942,3938
7714,9451,8104
5924,8968,2872
3878,4987,1640
6958,6598,846
717,6504,2426
2138,8110,2843
7732,8463,2898
6244,2250,455
9661,3221,658
1219,8759,118
2348,6156,3962
3516,9350,8062
4288,6120,2439
4842,3632,111
4189,9726,3341
8624,8836,697
9547,8416,4797
8798,9151,2128
8998,7980,2680
6560,8415,1515
5232,8286,5250
9624,5033,3721
8606,6067,4215
5815,9443,8886
2886,3429,1023
561,9605,7341
8269,5964,5264
8959,4184,1460
2140,9705,6464
42,6643,6481
8830,7263,1840
6990,6800,3284
7003,6616,3798
3585,5209,4131
8728,9963,9687
5372,2721,1423
4083,7489,2558
5654,3838,208
3961,6959,4532
6450,5633,4184
7071,1791,569
695,6588,5023
7946,5717,1879
3398,9705,2577
4949,8771,6843
2370,8134,3335
3836,6815,3700
5858,8476,551
402,9214,3052
5948,7477,1194
9365,9026,2035
7694,8143,2985
8045,4436,2718
4295,4869,4422
1397,1879,702
5012,9784,3730
1594,8147,6373
8490,8957,6468
2411,4280,782
9461,8630,5329
3628,5913,3010
8775,9668,4640
6823,6148,5216
4608,1415,101
9353,5069,1537
6734,9710,1930
519,7429,2443
8618,5197,4749
6552,7345,54
4617,9617,4467
1401,5474,4710
7519,7363,3682
9808,8547,7764
1075,5411,1925
2140,7794,1272
7938,7416,7249
2063,3169,1136
261,9431,3744
6254,3839,2441
9214,4631,3488
1926,3810,2035
5318,6426,5605
3870,4597,1176
366,9692,2932
1301,3588,1683
3808,8258,3526
8467,2237,1466
7138,8428,3017
6864,9561,8754
2292,1257,1076
7580,6688,3051
7337,4230,4097
2521,9189,1330
203,5841,1422
8356,9408,6943
5505,6873,2417
3354,7330,810
4125,8944,2246
6773,8304,2457
663,5331,996
47,8461,1818
6192,7724,1733
8183,9800,1953
7477,7189,6963
6745,8292,7375
4147,7967,6826
4713,8627,682
6682,6997,2029
6997,9810,783
8329,1754,1068
4575,4386,2368
8763,9273,6877
7887,6933,5983
334,9358,5779
4866,4511,3215
6554,8425,8403
2501,7453,2723
9639,3040,45
9373,3371,3305
6835,9022,6363
4335,7091,1393
1318,8397,1648
9959,7096,3707
7464,916,682
5414,5830,2603
5806,6275,2606
8276,6160,164
8530,9148,3019
4911,1670,610
5110,4005,2003
5565,9924,2861
8363,3436,2993
5744,3796,2572
5109,7707,4809
7972,9178,7083
6221,7602,4864
7167,8814,1740
1635,7772,5516
6632,9563,420
1326,8756,7245
83,902,374
2893,9978,20
5521,3246,2330
8595,7962,890
7314,7605,914
7779,9270,1861
1013,7325,4493
8193,6488,1947
6560,9485,4493
5829,7613,2690
8784,2595,843
5304,8022,7734
7183,7145,3909
3306,9646,1772
9897,9558,876
6019,9181,6759
6561,7834,7030
3492,6179,5233
1631,8046,4612
252,8676,7343
1131,2684,1759
6441,5516,3209
1160,6375,178
4740,7694,672
7490,8056,7661
228,7280,2631
1564,9281,8535
4483,9895,8406
3116,2610,483
1569,9854,5803
4984,5252,3833
8911,9467,9417
1852,3833,3101
1409,8353,6152
7167,9593,1160
1920,9422,5974
3249,6300,3749
7012,6306,1253
7830,8312,2434
5734,4685,1535
163,7545,1856
1552,8838,4397
3347,5065,2173
7858,3417,433
9558,3230,430
382,5209,3662
7360,6224,570
9838,2574,331
2272,4078,2569
482,3124,13
3956,9798,5331
1623,8673,348
1619,5330,813
718,4192,1788
6552,6137,5345
956,6226,4771
8982,8265,7935
5831,929,336
9356,8897,4351
7515,9997,206
8203,7197,3640
6210,8441,7593
6440,4364,2526
6651,6432,3955
7052,1410,1060
7449,6076,4674
9659,8508,4356
5695,2206,1374
7407,9764,8828
4077,8271,7856
9581,7056,1968
8342,9647,5879
150,5971,4662
651,7209,6433
5163,4089,2453
1982,8615,6016
3476,5144,5089
1294,6617,1675
7196,9137,7495
3885,8859,8141
3417,4010,2889
9709,8183,7077
5277,8097,2664
3957,6732,5754
2206,9757,7635
2527,4366,1127
5447,3438,1444
8631,6257,831
1521,7270,1854
8133,2655,363
6407,5779,2082
6485,6867,765
7167,2257,438
4977,8131,683
9382,1756,1107
3596,5782,3950
8815,1182,581
3301,8104,6913
4616,8460,6911
9785,3654,2121
5848,9770,154
3482,8018,4518
964,4907,4132
5170,4834,4336
8272,7135,3749
590,9170,8863
9808,8421,1045
281,4743,2749
4222,7019,6262
2424,8239,7222
8147,9649,8230
2331,8749,6996
8434,2343,1537
8362,5419,4879
6687,7341,2966
6296,5703,1773
6036,9858,7039
3834,9437,408
1841,7911,1313
8791,2846,2139
5349,9695,1715
2196,8338,3376
9531,8761,6784
6743,8770,8216
3719,7416,2602
4737,1030,665
3527,5134,4771
7054,7148,4047
4948,9964,4997
1355,8867,1961
3168,9263,5575
7285,5238,5160
8757,5144,2557
6898,7828,252
7037,2321,952
5550,3476,279
1564,4280,2334
8178,5237,2487
6221,7312,6306
8813,8839,3592
7934,7392,1037
8325,2055,1070
1000,9671,5044
7002,8852,5231
2773,3717,208
2799,2786,826
2997,5920,4042
4369,3074,2444
9004,5593,1406
2097,8068,6560
8796,9449,8545
6306,1179,137
7708,8688,448
7776,4470,4053
1615,2750,96
3346,8357,236
9628,1793,270
2187,9104,6928
1848,3315,1648
1742,1116,609
5610,9608,2655
7983,8456,7415
7921,5737,4280
498,9647,3696
3575,9986,5481
9763,8041,5995
8125,6447,3573
3097,9652,5068
7496,5889,4240
9272,9599,7701
5799,5982,2453
827,8485,3827
2864,9748,6400
9859,3814,496
1090,8872,8642
4733,7873,7093
2688,4719,3971
8668,4496,1939
6814,5883,3979
3674,9598,4217
9891,7535,6585
965,8797,4765
800,9771,1378
6448,7164,6529
3435,7391,1492
1988,9396,839
5403,2872,1050
8049,9067,515
8539,8699,4944
2363,1710,813
3737,6926,280
3067,9600,6471
2000,3982,1277
5574,6273,22
3461,8472,4874
6711,2736,872
4652,2990,197
8021,8009,7112
52,3213,2082
8734,5921,1175
6702,6792,5913
7366,2022,550
5605,6276,5159
6034,1382,554
7072,9463,4143
3488,3943,1272
1962,8284,5373
4802,6245,2950
8959,7431,6632
8362,3160,469
8184,541,307
9296,6747,5888
4416,7981,7864
3426,3665,1375
7932,1652,387
1865,9690,9199
5402,7952,4747
6727,8814,7009
3220,5104,3600
9702,9230,8447
2642,6645,5164
146,4587,4159
1979,5104,78
7607,8702,4537
3241,7592,2989
9909,9616,6141
5807,4149,3204
700,9823,3714
9376,9354,2451
394,7553,4833
8865,9950,2162
5107,2241,840
4136,6746,5363
5087,6439,4536
4794,9834,922
1825,5649,1129
3074,8729,8476
5744,9679,4451
939,9598,7604
7764,3023,1725
4725,4511,4215
5377,7839,6640
185,1997,221
4679,2130,430
1903,4994,297
7166,4634,1178
9312,6186,1583
7860,8553,495
6625,9163,7237
1079,8428,6552
250,8186,4994
9215,3271,1785
897,7079,5690
7436,7548,5001
6506,767,285
2128,8312,5121
5204,3357,710
3952,1053,804
1378,3381,868
494,5483,4496
3473,5347,2415
2372,8701,3593
9998,9702,728
5687,5886,948
5905,9061,5218
1540,8708,7214
237,8711,2197
5415,9702,4950
9205,907,422
508,5718,4384
7901,9430,4164
8598,9800,6952
6042,4511,4290
8192,7012,5841
6812,7859,4280
6995,9890,3449
3021,7385,2644
5974,6504,4975
7371,6069,3355
3578,8686,3403
2683,3333,900
4477,8873,2230
9229,7851,6265
7700,3420,404
835,6376,6093
912,6444,5029
7015,5093,229
5984,3651,1231
8811,5772,3668
4008,8517,1738
6964,8545,4804
7482,8810,8039
4280,9196,1781
2289,8502,5469
1558,6566,5923
6291,6355,5130
9977,8531,5426
6911,8113,1953
8167,9021,5030
3005,5350,3602
1541,4708,1986
6158,4853,861
9704,3070,1285
2088,5254,766
9964,7138,4280
2269,1121,1004
1210,9024,1142
8978,6500,437
9817,7279,2658
9187,9522,8595
1804,4050,2150
1478,7366,4730
2575,8737,1127
2179,8632,2314
3157,5256,4477
4585,4726,4496
7292,8167,3190
9033,8637,5472
5953,6603,5571
9980,8138,261
9953,4432,4098
1894,7337,4865
1234,5114,981
5440,6782,3121
8440,9804,9057
3052,9865,7382
2198,6532,998
5580,1685,179
8038,8135,3520
4880,7793,6179
6175,9138,5331
3667,4283,1527
2815,8645,6204
3121,8000,6521
5349,8770,3826
636,7856,459
5437,9909,5521
3456,8688,6085
9808,9776,4815
1908,8969,6765
2390,8960,2724
3095,9972,3926
8252,6298,4370
6107,6017,3227
6371,5980,4096
2261,4562,4261
8615,7768,1509
9734,7181,6593
3659,5787,3741
4872,4333,3444
9845,2932,2214
8178,4998,3815
5913,1379,1377
5750,5444,1905
2804,2819,2720
4432,7713,3736
9906,8781,1039
8784,5449,2217
6859,2975,2907
6820,7078,4429
3069,5438,551
161,7973,4251
7790,5781,3857
5243,9140,6123
8285,9697,3398
2,9310,7776
2657,5927,4826
3860,5295,3666
1277,5412,4379
1356,8084,4539
7382,9469,9005
5339,7882,3018
7317,8118,6201
6536,9685,877
3993,9265,541
4216,7291,4518
7887,9175,4554
5908,7700,6477
4155,10000,5551
4279,5483,2069
4691,6624,5599
9120,6806,1464
8075,7647,7240
786,8291,2981
2053,7615,3797
8351,5502,1710
1721,8444,3294
3854,8559,3073
9361,3897,2166
3257,3869,590
8178,1059,706
4610,8435,4777
465,3501,1498
9643,7183,4409
3533,8003,4588
9567,8233,5662
5428,7402,1200
1205,9126,5630
7053,7288,3758
1000,8294,324
2224,8429,5147
8474,7249,6996
5400,7300,865
1904,2596,342
2241,6634,2916
231,7385,5719
1408,3635,3626
7910,8085,7122
2968,8256,7215
2928,8773,3050
5870,4137,3951
7667,6163,4722
3902,4264,2005
9026,6193,5899
8701,2575,889
7249,5194,4757
1596,8078,4100
2941,7333,3515
7414,3767,308
939,6306,8
4715,5681,4187
8940,8196,1992
133,8859,3633
5578,9638,2396
5266,9150,5714
6587,6220,4498
8175,8411,5898
4860,9126,7846
6896,1747,1587
2313,9519,2567
7384,8626,2039
6487,2913,966
9473,6141,5617
9613,4954,2616
9209,9949,5391
6483,8032,51
188,6006,2860
2599,6373,2964
2517,6278,1258
1852,8469,5852
6593,9791,4548
7488,9933,3948
9633,8761,7701
132,8845,8260
3093,9333,5647
7616,7434,1706
2962,3383,93
3243,6175,1633
3736,9409,7353
8986,6316,1309
1574,4363,605
6329,6650,3540
5468,9466,2526
5642,4373,4051
8501,6131,1108
6725,5627,153
3749,2096,1023
4601,9949,9618
9638,8453,8292
3143,4503,2716
2199,6215,373
4511,7933,4308
4809,8389,314
7077,8331,2049
7521,5009,3795
8155,9025,3944
3520,9150,3209
3894,4506,3423
4996,5689,2288
3202,5970,5460
9740,9290,4439
6468,9843,9242
1591,2408,894
8955,7619,7363
2700,6579,5846
1189,5436,983
6692,6961,3155
4129,7232,60
2512,6796,5420
2433,8472,891
8752,9944,7154
5508,8929,2052
5658,9257,6419
6559,4119,1329
4467,8030,5373
4191,3334,2075
7519,4728,1211
1571,8961,3082
4915,9212,6566
2135,9176,6138
5589,4102,2698
4175,8439,2407
2913,9168,4449
4885,2497,2043
8244,5851,4507
2535,4104,3368
252,2017,1428
9981,6635,2143
3305,6263,393
8364,7673,7365
1547,9074,8844
2452,7638,2322
6092,7826,4370
3374,4845,2336
6017,4909,3303
2426,4677,4620
7901,8145,7514
980,9868,3723
2113,8283,6297
3902,8264,3398
352,7879,4990
879,4684,4664
2812,2085,2081
8056,5199,3053
4828,1855,1699
6076,5861,2783
5622,7287,5475
6389,2067,211
3514,4826,2984
5977,9892,8968
3727,9744,2586
555,7454,5350
6795,9294,5425
1578,9719,8313
6679,4959,1267
5487,5338,4078
6309,2605,2268
6125,8903,7819
3311,5032,1744
2378,1965,1445
6658,5723,2233
1166,3478,2326
4108,8374,2118
8208,9053,917
3051,6330,3997
8258,9920,1346
7884,9329,7024
4237,9865,3437
7843,5268,1522
1224,478,320
6112,5349,1397
5748,3354,1145
438,9573,4262
2336,7438,4097
1502,981,973
991,2082,1983
1489,7538,1335
6947,7511,763
4506,8265,3483
6769,8361,4805
7991,8345,6361
1268,7409,2006
2112,5900,2861
5951,9079,4442
6083,3782,1715
6090,9672,8473
1852,7404,2136
9280,5765,5698
7563,7265,6215
2389,9211,3043
6139,8307,6182
1629,2944,1327
7413,6865,3391
7067,8272,1796
6610,409,407
5738,3249,1768
829,8576,3135
7247,3182,2264
1893,8034,6793
7726,6575,3230
7223,5718,2347
8792,7920,4413
159,5489,2739
2462,6426,1811
3595,8599,6634
8430,7701,135
1064,3553,1233
5486,2557,1998
7779,8565,2810
3725,8374,6790
2766,7113,796
3938,7154,4370
6552,7871,5147
3039,7198,4011
9316,8829,617
5634,5830,4093
804,5841,1031
3616,2381,2236
3390,9820,2669
990,8114,937
7125,4545,2183
6733,9280,893
7499,5831,293
1977,9038,465
1681,8250,6980
2094,8645,5586
2679,9600,6476
6844,7873,2723
5481,3898,691
883,9649,8203
2190,8730,4767
2716,9684,928
627,5913,3613
1472,7003,3367
7156,8757,45
8857,9930,3681
9601,4277,2249
4876,4161,384
567,5509,2257
9509,6652,4541
4241,5929,3117
9108,9160,8977
7796,2713,1417
9494,6380,4335
9207,1656,1060
9637,7113,811
5516,7866,1706
6071,8084,3156
6403,3503,1841
9751,6564,1451
7727,9914,2725
381,9838,6987
7989,9909,6482
9484,6666,6613
7230,4976,2815
4451,9364,2464
292,5955,4517
345,9384,6665
2693,4380,3847
4871,3887,1139
1631,9204,7786
7087,5225,2027
5218,7035,6632
8229,8930,5596
1346,9397,4556
9087,9215,8115
5312,8192,2135
3615,8107,3831
1047,7187,3786
8081,9320,5404
796,6759,5199
1031,4281,42
683,5580,1794
7356,4706,4321
2478,9012,5557
7810,9386,2867
8333,6158,4915
6125,3594,2354
8226,5354,1893
8333,8025,988
2713,9602,6989
7368,5516,799
7363,5712,1691
8823,5520,3014
5857,7823,6772
3239,5377,46
36,7984,2602
8476,8353,7309
7342,7695,7118
2518,6239,2303
7153,7154,6969
5586,4950,3432
8879,5353,3186
1902,4205,1332
5021,8387,3639
4644,2644,2194
3266,7560,4115
1655,4734,2073
311,8067,7510
31,5075,385
9930,9150,536
5098,6022,5207
9780,2369,823
4751,9312,1800
3663,7658,3817
5932,5443,1070
1983,7555,1550
9404,7069,4885
3552,2998,795
4495,3163,1341
5976,4717,1969
797,9656,7845
6802,9868,6451
8353,6300,2823
7811,9636,3168
9722,3031,2836
1653,9235,1205
8510,8239,6486
5349,7535,746
5025,5344,951
9430,8120,4572
9587,9290,5410
5373,5961,5626
9162,9569,9209
8839,8694,1696
1533,4011,1977
9875,6934,6142
3536,4988,4659
4070,3771,3573
3487,4685,1782
5986,4825,4183
3618,5403,3822
1945,7304,3856
6749,7196,1454
5854,2452,2176
7597,9304,7542
8999,7289,7117
317,4956,3273
374,7826,3539
3937,9008,2296
4754,8262,6680
6312,7848,5485
9523,8239,7783
3549,7767,5464
5681,7890,4938
8666,8636,330
9705,9277,1661
404,2420,2065
5930,9035,3085
5122,8776,4961
910,9650,8798
6755,7082,5240
7021,2983,84
4995,7700,5402
2779,7548,3191
2022,9413,5262
9101,4878,2785
3159,2088,1786
7448,7759,2595
9065,5970,2708
7512,3178,641
6498,9244,4301
1911,6291,730
1480,7811,4567
1697,5695,5580
1199,2240,373
2809,7496,6122
9701,8375,2781
5997,1485,1356
1043,9805,3462
666,2221,1446
1116,9698,5920
6847,7773,1518
6356,8796,4425
2746,6841,5461
3304,4711,2425
438,4493,3238
3706,4011,3271
6262,5191,2922
6803,8038,6014
8118,4171,6
8691,1490,206
3365,2281,2279
1663,8059,6862
215,8063,5411
4080,7467,5033
5812,4747,1814
6239,8508,3739
1676,7581,6163
8115,6770,1072
962,8208,3860
9742,9285,5318
2135,5309,2319
136,2716,1506
9919,8134,2426
8740,8980,6048
457,980,704
8962,6454,4547
9534,2332,2284
2522,7300,881
4288,9225,6975
9263,5336,1943
4,4005,1168
8467,4866,4048
8158,8061,694
403,3716,2053
8942,7564,5327
6717,8493,8445
1236,9534,2939
6155,7295,2056
5055,9667,9638
9189,2862,821
1981,7536,1983
7739,7884,5468
6716,9346,8813
2474,7857,3565
7108,6934,2536
7341,8943,5159
6272,7402,6508
4996,8706,8581
4209,5442,1993
5424,9355,625
3628,9164,8837
2075,1192,474
4337,9817,7753
2198,8684,7758
3357,7023,4877
7014,9667,4962
821,2730,1141
1389,5482,5189
6524,8090,5271
518,4689,2064
5800,4818,3793
7439,8665,3432
8707,8162,7993
4154,6960,6905
4936,3183,1482
5878,8981,187
9123,9142,5389
9561,5045,2127
466,5801,54
3416,9818,3332
7667,8363,2051
3965,8805,141
9691,4893,1027
5970,2339,404
3355,9696,2422
6910,5380,3700
5577,9863,6407
3131,8870,3443
5529,3844,2789
6288,2224,1680
8979,2963,741
5960,4897,2953
575,7523,6781
6436,1926,1149
5669,2179,890
1585,8126,1880
9084,4696,1453
9444,9808,6296
1503,3754,2832
5804,4202,3736
5048,4539,3500
3579,9622,6800
7116,4724,4643
9467,3313,746
8149,3444,3248
6150,7795,6139
1649,9567,6770
8243,6523,2266
1664,6412,3321
9588,2756,1112
9603,9833,2677
2762,2295,501
7809,6239,5801
4426,8738,7118
6893,6473,6376
1026,7260,2131
7671,2663,570
2166,8424,6478
3451,2590,624
8196,6391,1607
4572,8777,1628
7727,8573,7526
2942,5583,5508
4540,9419,3379
9020,6189,4146
5002,7311,3898
5887,3852,1537
474,9345,9334
9907,5169,751
4710,6239,833
9228,9625,2501
4609,9627,3686
3621,4209,4040
149,8289,1435
7276,4409,1563
4578,8281,7714
8416,9293,3727
5914,4519,691
7528,4100,2521
5487,9403,364
4924,9314,3676
2041,6577,5730
2426,5943,4218
7850,3439,408
8185,8300,8273
4583,9879,5800
3472,7225,5264
2522,1838,1124
1830,3697,2040
482,4953,982
5998,5069,1486
4997,6853,692
4118,5550,3640
334,5870,597
7129,9516,3464
270,6043,3483
7939,9783,2551
6988,2001,1788
5470,4324,1713
4658,963,838
485,7586,2406
5693,7607,1744
6785,5493,5042
6815,8383,527
162,1885,1629
2409,8979,2332
3380,5200,2096
9547,8864,3324
504,9020,7922
5802,7433,5541
2490,6426,375
4673,8421,7582
9756,5917,3596
9844,2446,1099
8568,4866,1172
7471,4469,2846
7347,8413,1294
2030,2324,1872
1540,4489,150
2656,7647,1408
5326,9971,1499
6966,6838,1404
8003,8107,6283
1594,9560,6897
2308,9549,2856
3463,9950,9009
6706,7244,4190
2536,9855,2084
296,3198,748
3409,7037,16
9320,8438,7717
7176,5912,494
5076,9976,9321
8265,6927,46
1902,9805,1707
5926,8366,3804
4123,2305,1081
1121,8824,6330
8542,9681,8880
7436,9190,7022
154,7666,5942
9409,9460,4086
9998,9268,9155
6831,6583,1759
1895,9274,8540
557,1317,367
7475,6271,1732
6123,1849,529
2021,9034,176
5540,8753,8485
7925,6851,6155
3,9901,4977
9949,3923,1304
1902,4381,435
6959,3942,1318
4051,2672,1426
9368,9511,5083
2851,1900,822
9213,9861,6710
7749,6920,2861
8136,7391,5585
6323,9065,7647
5753,4687,2069
373,4636,1312
7720,7603,6066
7888,8775,7823
9938,7854,6235
3028,9454,128
4824,8754,7795
3529,4170,902
6275,2776,1743
3501,9317,6193
3150,2958,1839
1498,4135,3837
8724,5567,3640
8915,6338,1230
5152,9301,7680
3436,7445,1904
2512,5204,1668
5703,8465,4983
9270,6791,2421
6464,7673,370
5610,9400,585
1240,5836,4508
3524,8337,2857
2903,5376,635
3387,9526,6200
6331,6098,3490
222,8763,6429
1396,8426,2078
4797,6315,1241
8867,6746,711
9110,1317,96
3977,8458,2600
5491,4491,2259
4599,6499,6440
1629,8737,6613
88,8809,523
6808,3447,638
4376,7967,951
2465,9820,465
9119,3402,1440
1289,6625,5827
7042,6033,4692
1099,7408,1467
6685,8330,3412
7376,9362,1096
7808,6349,5351
5135,4227,2403
4832,2948,2795
4225,2022,70
2357,8259,4475
4387,8190,7544
8716,7928,3284
2859,5282,650
3038,2707,2627
364,9590,6962
9716,9607,7
7107,8342,4387
1230,8683,5539
8896,6796,5707
9981,9390,4731
877,3328,1802
9180,4208,317
4043,9898,8451
1020,4321,2994
3184,3368,2465
6911,3568,1173
1080,4135,300
2566,8793,1826
481,3816,897
5334,6759,2390
7083,9609,2317
9275,9054,8597
2258,3969,109
2626,7175,2441
5697,9449,60
9925,8946,7650
936,714,37
2348,5537,715
2795,8404,612
4901,9733,2068
2524,7261,2827
8038,5646,1032
595,4007,2160
1061,8577,7211
1197,8164,1463
1838,7582,1747
512,7483,1492
2115,7275,4386
4921,7828,3203
7192,8496,3761
1804,8596,4360
141,2147,508
5811,7960,2357
9196,3738,1465
509,7653,6548
3730,4362,1090
434,7513,6528
3716,8032,6376
4109,9390,1801
7417,6596,6357
7176,7022,4574
6921,9221,4646
3671,5211,1843
8505,5646,2150
770,7365,757
1582,4336,3585
2595,9404,259
9218,6813,4021
8232,6121,4811
147,8105,5355
5888,2963,2802
3190,5466,276
5869,9766,4318
4360,6243,329
7436,4755,1333
2556,5655,777
9905,8481,4525
6190,9355,3948
9360,6256,4286
6257,4131,3374
6583,5972,2463
491,3377,2928
5401,7273,6856
328,9461,9358
7545,9389,4799
6762,2969,2245
1520,6316,2387
6164,2645,669
1591,3080,2386
7381,3535,2427
6919,5993,1330
1555,1120,1112
1261,7745,2682
8424,4433,2639
8840,6305,1456
7069,9529,1073
3384,9556,2473
9989,5892,4375
1036,9202,6202
9825,5347,2066
726,7058,793
2034,6120,5159
6716,9481,1014
494,7513,659
2613,5165,1945
7997,8122,5624
4153,9710,8945
2308,9024,5633
1710,9985,3158
9778,5619,2682
5651,9003,4221
7783,7309,3705
9810,1902,424
1566,4500,37
5831,7389,4716
7561,8501,3907
5621,1416,187
8392,2106,701
8444,4764,1619
4744,7410,6179
3026,5333,2796
8133,2853,2489
493,6940,4405
5229,9004,5054
513,4788,4634
3896,5824,2248
3195,9485,7085
5148,9577,4365
9606,9368,9073
5294,7278,3255
9438,9945,5423
448,5177,1113
8219,3547,1152
4562,4531,3197
3209,7028,3379
4922,6391,4456
496,5600,170
352,1275,302
6074,6494,2322
6581,7279,6681
9636,7193,355
4941,7468,6999
9156,7455,706
8914,6688,405
1355,1712,994
8694,2665,513
318,8676,5495
8616,5471,1694
1595,6296,2431
4831,6887,1927
6627,3325,1822
9376,9465,3325
8438,8802,3471
6253,8262,1465
8326,8897,4969
6405,6251,2221
3672,8157,7926
7051,9714,6746
5764,2926,1023
2579,9760,5622
7368,7415,128
1506,4745,678
7844,3850,581
2790,8190,2086
4783,8365,5717
6737,7032,4580
8426,5044,2352
1299,1251,887
6608,1751,766
7960,2755,2292
9919,6618,6432
1136,8018,2343
3908,6354,3169
6735,4533,1395
6761,8856,3284
2347,8008,3001
3932,5541,2316
3511,6685,2898
1964,2715,45
2501,4216,2176
9219,9545,951
5382,7495,1047
7271,8360,2966
3034,8176,2617
9734,7087,5194
6401,3865,1657
4024,7592,1164
531,6229,2655
4489,9960,1570
366,3820,1825
3924,7767,1542
4460,8907,665
5753,9731,8260
6541,7529,1842
4304,7463,2071
1057,9375,9316
2460,9145,811
3379,9587,4943
2478,5115,2419
2618,7655,6502
8411,7744,6735
3874,2027,2027
194,4959,1238
4405,3376,1686
9679,6453,4181
3202,9232,9137
2850,3610,976
4251,3105,613
9886,5157,1755
3954,7242,2228
633,4702,2398
3707,6735,4699
4855,5262,2127
6648,7720,7207
9592,3317,3304
4290,4857,2766
9002,4226,452
6035,8727,3833
3751,3710,3093
7225,9641,257
9689,9940,8213
1902,9058,8897
3870,6359,3254
9997,9654,1765
9314,7612,5079
253,7012,4631
3213,9123,2100
2095,3786,491
8951,6858,1819
9785,5115,3897
715,8721,6131
7321,2057,1065
5773,8369,5968
6304,6379,6183
5505,5209,3119
8951,6039,4984
3134,9814,8694
266,4166,2549
9025,1871,1541
1540,4855,3732
7657,6447,1808
4992,3754,764
3322,8257,3644
2262,7716,3340
644,9716,1028
3900,9747,181
8407,7176,6208
7660,6348,3404
2524,9811,1463
4222,7411,6316
4863,9180,8535
9852,1966,22
9651,9006,5647
782,356,251
6682,7899,73
9715,5896,2289
6763,9434,5898
4845,8183,3461
1408,9775,6263
5278,7861,5756
6347,7022,1059
3130,6247,4875
9051,6266,738
6264,3816,1710
5863,6397,317
36,8379,4819
1356,8266,1675
1072,9975,4754
7546,4862,1445
4701,6906,4022
866,5795,5575
3368,8665,5757
1201,7221,6037
8808,9412,4793
6387,6459,895
1549,5070,1314
9031,8910,8763
9587,8141,4085
7877,7207,5107
8243,3135,1379
789,5454,1848
3085,3651,2858
6942,6077,455
8790,9814,6493
2208,1654,988
757,8679,6325
2197,9259,1967
7269,9908,7894
8326,7402,3177
3320,9058,7606
8395,5795,3412
4427,7718,2071
5446,8200,1982
3272,9255,8286
7705,9179,8169
1492,6750,5644
4300,9372,5742
3353,8094,5685
3022,9376,1518
9759,5346,346
1585,9185,8731
3476,6148,2689
8620,1740,1436
1207,5210,823
5274,3109,2641
8936,8267,7005
1942,9385,1521
5357,7704,1794
3029,9763,4504
6583,3459,594
9046,9426,7387
6409,4538,915
2891,6357,1146
1966,6384,2378
240,7738,1533
6387,7632,5163
9100,7508,105
3664,9404,3510
885,5531,5039
6190,3742,142
2125,9669,518
5873,9571,7671
93,6939,6285
5222,4682,920
1820,8769,2075
2348,6541,1631
1830,1986,1754
7082,5672,5106
5392,1037,417
7618,8036,3684
4929,5269,1795
4888,6180,2984
9175,9722,8657
7938,8998,5190
6431,3199,444
3266,8418,4003
8568,3835,3501
9429,8953,1259
796,3105,2973
1951,8038,1036
9000,5462,4617
9781,8235,7572
9690,9913,7558
6543,7948,5602
5997,5323,3338
6173,7249,6399
4005,9866,4393
342,8553,1759
2754,7791,3892
4342,9216,6601
4729,9242,8311
2559,860,476
4410,9444,2360
6837,2481,2344
516,9161,1939
4765,7252,4235
1165,3417,1226
2080,9746,8361
232,9744,4651
1684,6351,847
373,2529,940
7715,3437,3175
5662,8631,8088
575,9733,6571
624,9556,3097
5709,4827,1292
6465,7538,6492
4152,8396,1118
1934,4136,3570
8586,7040,495
4523,7028,550
761,8945,5779
2057,7052,5295
9347,6789,6245
446,6989,6270
6880,6065,5782
798,7505,2104
2854,4165,1149
8706,9674,5882
8527,3575,739
4832,9362,7337
6792,6575,3751
5387,8699,1344
9539,4860,2528
807,4713,2760
9227,3195,3055
2059,7914,5541
3834,6327,5468
9024,7993,5551
9776,4999,516
9333,3437,1058
7913,8793,4695
8157,7988,1519
996,9121,1096
6394,9889,3451
3801,6598,5916
350,5077,4950
1262,5992,5590
4916,6828,256
2098,9629,7677
5428,9876,1621
2542,3728,210
1742,2901,1582
4139,7802,6958
2917,7882,473
4761,4820,3425
9442,3305,1915
5881,7185,5298
4277,6997,2629
6948,9175,2809
5222,5239,4950
7020,9723,4624
4935,9925,8627
7557,6516,1588
5690,9814,2998
1638,5251,4860
5736,9302,8408
1424,9500,3985
2957,5306,4559
1928,8944,6754
8498,4773,1496
9219,4143,889
3616,7160,3372
6865,826,507
2292,8625,4971
7646,8195,5966
4145,6971,5084
2234,1377,952
4472,4994,4039
3678,4419,4064
8446,6117,5445
9275,1428,1368
4241,5558,3760
7463,9364,1156
4644,7757,5836
8844,1323,227
5385,5658,3736
176,5521,2534
3864,7034,6692
7515,4276,3151
2991,5599,1979
9625,9744,2905
3396,9207,5936
4671,9653,7998
3621,5846,3076
8807,7478,7021
1433,3812,2121
3841,2935,437
1162,6885,4900
8536,5476,2516
2090,5478,4486
3041,9811,8963
7747,3668,333
8447,6637,5733
8868,9951,6610
9505,5173,4994
7089,9686,9466
7399,4317,749
6100,6737,3331
137,5942,5807
5237,5061,2902
5340,5753,3108
1587,4123,2882
1015,6696,2572
8721,9551,4533
6396,9746,280
6989,2649,2141
3159,7400,1573
2249,9614,9367
4829,7510,564
8014,8149,7317
529,8610,6313
3445,7026,2563
6720,4834,3563
7208,3101,459
2144,9973,4221
7532,9386,3906
5985,9913,3954
9477,6087,2837
4493,8595,5743
663,5190,1378
2277,8337,1836
9657,7623,5792
