2514,16,570,28,205,49,45,11
2514,16,570,28,205,49,159,11
2514,16,570,28,205,49,272,11
2514,16,570,28,205,49,338,11
2514,16,570,28,205,49,390,11
2514,16,570,28,205,49,457,11
2514,16,570,28,205,49,463,11
2514,16,570,28,205,49,620,11
2514,16,570,28,205,49,700,11
2514,16,570,28,205,49,742,11
2514,16,570,28,205,49,758,11
2514,16,570,28,205,49,879,11
2514,16,570,28,205,49,927,11
2514,16,570,28,205,49,979,11
2514,16,570,28,205,49,1003,11
2514,16,570,28,205,49,1044,11
2514,16,570,28,205,49,1068,11
2514,16,570,28,205,49,1153,11
2514,16,570,28,205,49,1186,11
2514,16,570,28,205,49,1194,11
2514,16,570,28,205,49,1259,11
2514,16,570,28,205,49,1260,11
2514,16,570,28,205,49,1312,11
2514,16,570,28,205,49,1388,11
2514,16,570,28,205,49,1391,11
2514,16,570,28,205,49,1422,11
2514,16,570,28,205,49,1556,11
2514,16,570,28,205,49,1568,11
2514,16,570,28,205,49,1599,11
2514,16,570,28,205,49,1747,11
2514,16,570,28,205,49,1773,11
2514,16,570,28,205,49,1799,11
2514,16,570,28,205,49,1818,11
2514,16,570,28,205,49,1873,11
2514,16,570,28,205,49,1940,11
2514,16,570,28,205,49,1956,11
2514,16,570,28,205,49,1997,11
2514,16,570,28,205,49,2068,11
2514,16,570,28,205,49,2079,11
2514,16,570,28,205,49,2123,11
2514,16,570,28,205,49,2196,11
2514,16,570,28,205,49,2206,11
2514,16,570,28,205,49,2216,11
2514,16,570,28,205,49,2244,11
2514,16,570,28,205,49,2259,11
2514,16,570,28,205,49,2261,11
2514,16,570,28,205,49,2289,11
2514,16,570,28,205,49,2359,11
2514,16,570,28,205,49,2370,11
2514,16,570,28,205,49,2405,11
2514,16,570,28,403,24,45,11
2514,16,570,28,403,24,159,11
2514,16,570,28,403,24,272,11
2514,16,570,28,403,24,338,11
2514,16,570,28,403,24,390,11
2514,16,570,28,403,24,457,11
2514,16,570,28,403,24,463,11
2514,16,570,28,403,24,620,11
2514,16,570,28,403,24,700,11
2514,16,570,28,403,24,742,11
2514,16,570,28,403,24,758,11
2514,16,570,28,403,24,879,11
2514,16,570,28,403,24,927,11
2514,16,570,28,403,24,979,11
2514,16,570,28,403,24,1003,11
2514,16,570,28,403,24,1044,11
2514,16,570,28,403,24,1068,11
2514,16,570,28,403,24,1153,11
2514,16,570,28,403,24,1186,11
2514,16,570,28,403,24,1194,11
2514,16,570,28,403,24,1259,11
2514,16,570,28,403,24,1260,11
2514,16,570,28,403,24,1312,11
2514,16,570,28,403,24,1388,11
2514,16,570,28,403,24,1391,11
2514,16,570,28,403,24,1422,11
2514,16,570,28,403,24,1556,11
2514,16,570,28,403,24,1568,11
2514,16,570,28,403,24,1599,11
2514,16,570,28,403,24,1747,11
2514,16,570,28,403,24,1773,11
2514,16,570,28,403,24,1799,11
2514,16,570,28,403,24,1818,11
2514,16,570,28,403,24,1873,11
2514,16,570,28,403,24,1940,11
2514,16,570,28,403,24,1956,11
2514,16,570,28,403,24,1997,11
2514,16,570,28,403,24,2068,11
2514,16,570,28,403,24,2079,11
2514,16,570,28,403,24,2123,11
2514,16,570,28,403,24,2196,11
2514,16,570,28,403,24,2206,11
2514,16,570,28,403,24,2216,11
2514,16,570,28,403,24,2244,11
2514,16,570,28,403,24,2259,11
2514,16,570,28,403,24,2261,11
2514,16,570,28,403,24,2289,11
2514,16,570,28,403,24,2359,11
2514,16,570,28,403,24,2370,11
2514,16,570,28,403,24,2405,11
2514,16,570,28,414,31,45,11
2514,16,570,28,414,31,159,11
2514,16,570,28,414,31,272,11
2514,16,570,28,414,31,338,11
2514,16,570,28,414,31,390,11
2514,16,570,28,414,31,457,11
2514,16,570,28,414,31,463,11
2514,16,570,28,414,31,620,11
2514,16,570,28,414,31,700,11
2514,16,570,28,414,31,742,11
2514,16,570,28,414,31,758,11
2514,16,570,28,414,31,879,11
2514,16,570,28,414,31,927,11
2514,16,570,28,414,31,979,11
2514,16,570,28,414,31,1003,11
2514,16,570,28,414,31,1044,11
2514,16,570,28,414,31,1068,11
2514,16,570,28,414,31,1153,11
2514,16,570,28,414,31,1186,11
2514,16,570,28,414,31,1194,11
2514,16,570,28,414,31,1259,11
2514,16,570,28,414,31,1260,11
2514,16,570,28,414,31,1312,11
2514,16,570,28,414,31,1388,11
2514,16,570,28,414,31,1391,11
2514,16,570,28,414,31,1422,11
2514,16,570,28,414,31,1556,11
2514,16,570,28,414,31,1568,11
2514,16,570,28,414,31,1599,11
2514,16,570,28,414,31,1747,11
2514,16,570,28,414,31,1773,11
2514,16,570,28,414,31,1799,11
2514,16,570,28,414,31,1818,11
2514,16,570,28,414,31,1873,11
2514,16,570,28,414,31,1940,11
2514,16,570,28,414,31,1956,11
2514,16,570,28,414,31,1997,11
2514,16,570,28,414,31,2068,11
2514,16,570,28,414,31,2079,11
2514,16,570,28,414,31,2123,11
2514,16,570,28,414,31,2196,11
2514,16,570,28,414,31,2206,11
2514,16,570,28,414,31,2216,11
2514,16,570,28,414,31,2244,11
2514,16,570,28,414,31,2259,11
2514,16,570,28,414,31,2261,11
2514,16,570,28,414,31,2289,11
2514,16,570,28,414,31,2359,11
2514,16,570,28,414,31,2370,11
2514,16,570,28,414,31,2405,11
2514,16,570,28,464,29,45,11
2514,16,570,28,464,29,159,11
2514,16,570,28,464,29,272,11
2514,16,570,28,464,29,338,11
2514,16,570,28,464,29,390,11
2514,16,570,28,464,29,457,11
2514,16,570,28,464,29,463,11
2514,16,570,28,464,29,620,11
2514,16,570,28,464,29,700,11
2514,16,570,28,464,29,742,11
2514,16,570,28,464,29,758,11
2514,16,570,28,464,29,879,11
2514,16,570,28,464,29,927,11
2514,16,570,28,464,29,979,11
2514,16,570,28,464,29,1003,11
2514,16,570,28,464,29,1044,11
2514,16,570,28,464,29,1068,11
2514,16,570,28,464,29,1153,11
2514,16,570,28,464,29,1186,11
2514,16,570,28,464,29,1194,11
2514,16,570,28,464,29,1259,11
2514,16,570,28,464,29,1260,11
2514,16,570,28,464,29,1312,11
2514,16,570,28,464,29,1388,11
2514,16,570,28,464,29,1391,11
2514,16,570,28,464,29,1422,11
2514,16,570,28,464,29,1556,11
2514,16,570,28,464,29,1568,11
2514,16,570,28,464,29,1599,11
2514,16,570,28,464,29,1747,11
2514,16,570,28,464,29,1773,11
2514,16,570,28,464,29,1799,11
2514,16,570,28,464,29,1818,11
2514,16,570,28,464,29,1873,11
2514,16,570,28,464,29,1940,11
2514,16,570,28,464,29,1956,11
2514,16,570,28,464,29,1997,11
2514,16,570,28,464,29,2068,11
2514,16,570,28,464,29,2079,11
2514,16,570,28,464,29,2123,11
2514,16,570,28,464,29,2196,11
2514,16,570,28,464,29,2206,11
2514,16,570,28,464,29,2216,11
2514,16,570,28,464,29,2244,11
2514,16,570,28,464,29,2259,11
2514,16,570,28,464,29,2261,11
2514,16,570,28,464,29,2289,11
2514,16,570,28,464,29,2359,11
2514,16,570,28,464,29,2370,11
2514,16,570,28,464,29,2405,11
2514,16,570,28,606,48,45,11
2514,16,570,28,606,48,159,11
2514,16,570,28,606,48,272,11
2514,16,570,28,606,48,338,11
2514,16,570,28,606,48,390,11
2514,16,570,28,606,48,457,11
2514,16,570,28,606,48,463,11
2514,16,570,28,606,48,620,11
2514,16,570,28,606,48,700,11
2514,16,570,28,606,48,742,11
2514,16,570,28,606,48,758,11
2514,16,570,28,606,48,879,11
2514,16,570,28,606,48,927,11
2514,16,570,28,606,48,979,11
2514,16,570,28,606,48,1003,11
2514,16,570,28,606,48,1044,11
2514,16,570,28,606,48,1068,11
2514,16,570,28,606,48,1153,11
2514,16,570,28,606,48,1186,11
2514,16,570,28,606,48,1194,11
2514,16,570,28,606,48,1259,11
2514,16,570,28,606,48,1260,11
2514,16,570,28,606,48,1312,11
2514,16,570,28,606,48,1388,11
2514,16,570,28,606,48,1391,11
2514,16,570,28,606,48,1422,11
2514,16,570,28,606,48,1556,11
2514,16,570,28,606,48,1568,11
2514,16,570,28,606,48,1599,11
2514,16,570,28,606,48,1747,11
2514,16,570,28,606,48,1773,11
2514,16,570,28,606,48,1799,11
2514,16,570,28,606,48,1818,11
2514,16,570,28,606,48,1873,11
2514,16,570,28,606,48,1940,11
2514,16,570,28,606,48,1956,11
2514,16,570,28,606,48,1997,11
2514,16,570,28,606,48,2068,11
2514,16,570,28,606,48,2079,11
2514,16,570,28,606,48,2123,11
2514,16,570,28,606,48,2196,11
2514,16,570,28,606,48,2206,11
2514,16,570,28,606,48,2216,11
2514,16,570,28,606,48,2244,11
2514,16,570,28,606,48,2259,11
2514,16,570,28,606,48,2261,11
2514,16,570,28,606,48,2289,11
2514,16,570,28,606,48,2359,11
2514,16,570,28,606,48,2370,11
2514,16,570,28,606,48,2405,11
2514,16,570,28,886,39,45,11
2514,16,570,28,886,39,159,11
2514,16,570,28,886,39,272,11
2514,16,570,28,886,39,338,11
2514,16,570,28,886,39,390,11
2514,16,570,28,886,39,457,11
2514,16,570,28,886,39,463,11
2514,16,570,28,886,39,620,11
2514,16,570,28,886,39,700,11
2514,16,570,28,886,39,742,11
2514,16,570,28,886,39,758,11
2514,16,570,28,886,39,879,11
2514,16,570,28,886,39,927,11
2514,16,570,28,886,39,979,11
2514,16,570,28,886,39,1003,11
2514,16,570,28,886,39,1044,11
2514,16,570,28,886,39,1068,11
2514,16,570,28,886,39,1153,11
2514,16,570,28,886,39,1186,11
2514,16,570,28,886,39,1194,11
2514,16,570,28,886,39,1259,11
2514,16,570,28,886,39,1260,11
2514,16,570,28,886,39,1312,11
2514,16,570,28,886,39,1388,11
2514,16,570,28,886,39,1391,11
2514,16,570,28,886,39,1422,11
2514,16,570,28,886,39,1556,11
2514,16,570,28,886,39,1568,11
2514,16,570,28,886,39,1599,11
2514,16,570,28,886,39,1747,11
2514,16,570,28,886,39,1773,11
2514,16,570,28,886,39,1799,11
2514,16,570,28,886,39,1818,11
2514,16,570,28,886,39,1873,11
2514,16,570,28,886,39,1940,11
2514,16,570,28,886,39,1956,11
2514,16,570,28,886,39,1997,11
2514,16,570,28,886,39,2068,11
2514,16,570,28,886,39,2079,11
2514,16,570,28,886,39,2123,11
2514,16,570,28,886,39,2196,11
2514,16,570,28,886,39,2206,11
2514,16,570,28,886,39,2216,11
2514,16,570,28,886,39,2244,11
2514,16,570,28,886,39,2259,11
2514,16,570,28,886,39,2261,11
2514,16,570,28,886,39,2289,11
2514,16,570,28,886,39,2359,11
2514,16,570,28,886,39,2370,11
2514,16,570,28,886,39,2405,11
2514,16,570,28,945,44,45,11
2514,16,570,28,945,44,159,11
2514,16,570,28,945,44,272,11
2514,16,570,28,945,44,338,11
2514,16,570,28,945,44,390,11
2514,16,570,28,945,44,457,11
2514,16,570,28,945,44,463,11
2514,16,570,28,945,44,620,11
2514,16,570,28,945,44,700,11
2514,16,570,28,945,44,742,11
2514,16,570,28,945,44,758,11
2514,16,570,28,945,44,879,11
2514,16,570,28,945,44,927,11
2514,16,570,28,945,44,979,11
2514,16,570,28,945,44,1003,11
2514,16,570,28,945,44,1044,11
2514,16,570,28,945,44,1068,11
2514,16,570,28,945,44,1153,11
2514,16,570,28,945,44,1186,11
2514,16,570,28,945,44,1194,11
2514,16,570,28,945,44,1259,11
2514,16,570,28,945,44,1260,11
2514,16,570,28,945,44,1312,11
2514,16,570,28,945,44,1388,11
2514,16,570,28,945,44,1391,11
2514,16,570,28,945,44,1422,11
2514,16,570,28,945,44,1556,11
2514,16,570,28,945,44,1568,11
2514,16,570,28,945,44,1599,11
2514,16,570,28,945,44,1747,11
2514,16,570,28,945,44,1773,11
2514,16,570,28,945,44,1799,11
2514,16,570,28,945,44,1818,11
2514,16,570,28,945,44,1873,11
2514,16,570,28,945,44,1940,11
2514,16,570,28,945,44,1956,11
2514,16,570,28,945,44,1997,11
2514,16,570,28,945,44,2068,11
2514,16,570,28,945,44,2079,11
2514,16,570,28,945,44,2123,11
2514,16,570,28,945,44,2196,11
2514,16,570,28,945,44,2206,11
2514,16,570,28,945,44,2216,11
2514,16,570,28,945,44,2244,11
2514,16,570,28,945,44,2259,11
2514,16,570,28,945,44,2261,11
2514,16,570,28,945,44,2289,11
2514,16,570,28,945,44,2359,11
2514,16,570,28,945,44,2370,11
2514,16,570,28,945,44,2405,11
2514,16,570,28,980,19,45,11
2514,16,570,28,980,19,159,11
2514,16,570,28,980,19,272,11
2514,16,570,28,980,19,338,11
2514,16,570,28,980,19,390,11
2514,16,570,28,980,19,457,11
2514,16,570,28,980,19,463,11
2514,16,570,28,980,19,620,11
2514,16,570,28,980,19,700,11
2514,16,570,28,980,19,742,11
2514,16,570,28,980,19,758,11
2514,16,570,28,980,19,879,11
2514,16,570,28,980,19,927,11
2514,16,570,28,980,19,979,11
2514,16,570,28,980,19,1003,11
2514,16,570,28,980,19,1044,11
2514,16,570,28,980,19,1068,11
2514,16,570,28,980,19,1153,11
2514,16,570,28,980,19,1186,11
2514,16,570,28,980,19,1194,11
2514,16,570,28,980,19,1259,11
2514,16,570,28,980,19,1260,11
2514,16,570,28,980,19,1312,11
2514,16,570,28,980,19,1388,11
2514,16,570,28,980,19,1391,11
2514,16,570,28,980,19,1422,11
2514,16,570,28,980,19,1556,11
2514,16,570,28,980,19,1568,11
2514,16,570,28,980,19,1599,11
2514,16,570,28,980,19,1747,11
2514,16,570,28,980,19,1773,11
2514,16,570,28,980,19,1799,11
2514,16,570,28,980,19,1818,11
2514,16,570,28,980,19,1873,11
2514,16,570,28,980,19,1940,11
2514,16,570,28,980,19,1956,11
2514,16,570,28,980,19,1997,11
2514,16,570,28,980,19,2068,11
2514,16,570,28,980,19,2079,11
2514,16,570,28,980,19,2123,11
2514,16,570,28,980,19,2196,11
2514,16,570,28,980,19,2206,11
2514,16,570,28,980,19,2216,11
2514,16,570,28,980,19,2244,11
2514,16,570,28,980,19,2259,11
2514,16,570,28,980,19,2261,11
2514,16,570,28,980,19,2289,11
2514,16,570,28,980,19,2359,11
2514,16,570,28,980,19,2370,11
2514,16,570,28,980,19,2405,11
2514,16,570,28,1152,46,45,11
2514,16,570,28,1152,46,159,11
2514,16,570,28,1152,46,272,11
2514,16,570,28,1152,46,338,11
2514,16,570,28,1152,46,390,11
2514,16,570,28,1152,46,457,11
2514,16,570,28,1152,46,463,11
2514,16,570,28,1152,46,620,11
2514,16,570,28,1152,46,700,11
2514,16,570,28,1152,46,742,11
2514,16,570,28,1152,46,758,11
2514,16,570,28,1152,46,879,11
2514,16,570,28,1152,46,927,11
2514,16,570,28,1152,46,979,11
2514,16,570,28,1152,46,1003,11
2514,16,570,28,1152,46,1044,11
2514,16,570,28,1152,46,1068,11
2514,16,570,28,1152,46,1153,11
2514,16,570,28,1152,46,1186,11
2514,16,570,28,1152,46,1194,11
2514,16,570,28,1152,46,1259,11
2514,16,570,28,1152,46,1260,11
2514,16,570,28,1152,46,1312,11
2514,16,570,28,1152,46,1388,11
2514,16,570,28,1152,46,1391,11
2514,16,570,28,1152,46,1422,11
2514,16,570,28,1152,46,1556,11
2514,16,570,28,1152,46,1568,11
2514,16,570,28,1152,46,1599,11
2514,16,570,28,1152,46,1747,11
2514,16,570,28,1152,46,1773,11
2514,16,570,28,1152,46,1799,11
2514,16,570,28,1152,46,1818,11
2514,16,570,28,1152,46,1873,11
2514,16,570,28,1152,46,1940,11
2514,16,570,28,1152,46,1956,11
2514,16,570,28,1152,46,1997,11
2514,16,570,28,1152,46,2068,11
2514,16,570,28,1152,46,2079,11
2514,16,570,28,1152,46,2123,11
2514,16,570,28,1152,46,2196,11
2514,16,570,28,1152,46,2206,11
2514,16,570,28,1152,46,2216,11
2514,16,570,28,1152,46,2244,11
2514,16,570,28,1152,46,2259,11
2514,16,570,28,1152,46,2261,11
2514,16,570,28,1152,46,2289,11
2514,16,570,28,1152,46,2359,11
2514,16,570,28,1152,46,2370,11
2514,16,570,28,1152,46,2405,11
2514,16,570,28,1265,21,45,11
2514,16,570,28,1265,21,338,11
2514,16,570,28,1265,21,390,11
2514,16,570,28,1265,21,620,11
2514,16,570,28,1265,21,742,11
2514,16,570,28,1265,21,758,11
2514,16,570,28,1265,21,979,11
2514,16,570,28,1265,21,1044,11
2514,16,570,28,1265,21,1186,11
2514,16,570,28,1265,21,1259,11
2514,16,570,28,1265,21,1312,11
2514,16,570,28,1265,21,1773,11
2514,16,570,28,1265,21,1799,11
2514,16,570,28,1265,21,1956,11
2514,16,570,28,1265,21,1997,11
2514,16,570,28,1265,21,2206,11
2514,16,570,28,1265,21,2244,11
2514,16,570,28,1265,21,2261,11
2514,16,570,28,1265,21,2289,11
2514,16,570,28,1265,21,2359,11
2514,16,570,28,1322,36,159,11
2514,16,570,28,1322,36,457,11
2514,16,570,28,1322,36,463,11
2514,16,570,28,1322,36,700,11
2514,16,570,28,1322,36,879,11
2514,16,570,28,1322,36,927,11
2514,16,570,28,1322,36,1003,11
2514,16,570,28,1322,36,1153,11
2514,16,570,28,1322,36,1194,11
2514,16,570,28,1322,36,1388,11
2514,16,570,28,1322,36,1556,11
2514,16,570,28,1322,36,1568,11
2514,16,570,28,1322,36,1599,11
2514,16,570,28,1322,36,1818,11
2514,16,570,28,1322,36,1873,11
2514,16,570,28,1322,36,1940,11
2514,16,570,28,1322,36,2123,11
2514,16,570,28,1322,36,2196,11
2514,16,570,28,1322,36,2216,11
2514,16,570,28,1322,36,2370,11
2514,16,570,28,1492,21,45,11
2514,16,570,28,1492,21,159,11
2514,16,570,28,1492,21,272,11
2514,16,570,28,1492,21,338,11
2514,16,570,28,1492,21,390,11
2514,16,570,28,1492,21,457,11
2514,16,570,28,1492,21,463,11
2514,16,570,28,1492,21,620,11
2514,16,570,28,1492,21,700,11
2514,16,570,28,1492,21,742,11
2514,16,570,28,1492,21,758,11
2514,16,570,28,1492,21,879,11
2514,16,570,28,1492,21,927,11
2514,16,570,28,1492,21,979,11
2514,16,570,28,1492,21,1003,11
2514,16,570,28,1492,21,1044,11
2514,16,570,28,1492,21,1068,11
2514,16,570,28,1492,21,1153,11
2514,16,570,28,1492,21,1186,11
2514,16,570,28,1492,21,1194,11
2514,16,570,28,1492,21,1259,11
2514,16,570,28,1492,21,1260,11
2514,16,570,28,1492,21,1312,11
2514,16,570,28,1492,21,1388,11
2514,16,570,28,1492,21,1391,11
2514,16,570,28,1492,21,1422,11
2514,16,570,28,1492,21,1556,11
2514,16,570,28,1492,21,1568,11
2514,16,570,28,1492,21,1599,11
2514,16,570,28,1492,21,1747,11
2514,16,570,28,1492,21,1773,11
2514,16,570,28,1492,21,1799,11
2514,16,570,28,1492,21,1818,11
2514,16,570,28,1492,21,1873,11
2514,16,570,28,1492,21,1940,11
2514,16,570,28,1492,21,1956,11
2514,16,570,28,1492,21,1997,11
2514,16,570,28,1492,21,2068,11
2514,16,570,28,1492,21,2079,11
2514,16,570,28,1492,21,2123,11
2514,16,570,28,1492,21,2196,11
2514,16,570,28,1492,21,2206,11
2514,16,570,28,1492,21,2216,11
2514,16,570,28,1492,21,2244,11
2514,16,570,28,1492,21,2259,11
2514,16,570,28,1492,21,2261,11
2514,16,570,28,1492,21,2289,11
2514,16,570,28,1492,21,2359,11
2514,16,570,28,1492,21,2370,11
2514,16,570,28,1492,21,2405,11
2514,16,570,28,1728,10,45,11
2514,16,570,28,1728,10,159,11
2514,16,570,28,1728,10,272,11
2514,16,570,28,1728,10,338,11
2514,16,570,28,1728,10,390,11
2514,16,570,28,1728,10,457,11
2514,16,570,28,1728,10,463,11
2514,16,570,28,1728,10,620,11
2514,16,570,28,1728,10,700,11
2514,16,570,28,1728,10,742,11
2514,16,570,28,1728,10,758,11
2514,16,570,28,1728,10,879,11
2514,16,570,28,1728,10,927,11
2514,16,570,28,1728,10,979,11
2514,16,570,28,1728,10,1003,11
2514,16,570,28,1728,10,1044,11
2514,16,570,28,1728,10,1068,11
2514,16,570,28,1728,10,1153,11
2514,16,570,28,1728,10,1186,11
2514,16,570,28,1728,10,1194,11
2514,16,570,28,1728,10,1259,11
2514,16,570,28,1728,10,1260,11
2514,16,570,28,1728,10,1312,11
2514,16,570,28,1728,10,1388,11
2514,16,570,28,1728,10,1391,11
2514,16,570,28,1728,10,1422,11
2514,16,570,28,1728,10,1556,11
2514,16,570,28,1728,10,1568,11
2514,16,570,28,1728,10,1599,11
2514,16,570,28,1728,10,1747,11
2514,16,570,28,1728,10,1773,11
2514,16,570,28,1728,10,1799,11
2514,16,570,28,1728,10,1818,11
2514,16,570,28,1728,10,1873,11
2514,16,570,28,1728,10,1940,11
2514,16,570,28,1728,10,1956,11
2514,16,570,28,1728,10,1997,11
2514,16,570,28,1728,10,2068,11
2514,16,570,28,1728,10,2079,11
2514,16,570,28,1728,10,2123,11
2514,16,570,28,1728,10,2196,11
2514,16,570,28,1728,10,2206,11
2514,16,570,28,1728,10,2216,11
2514,16,570,28,1728,10,2244,11
2514,16,570,28,1728,10,2259,11
2514,16,570,28,1728,10,2261,11
2514,16,570,28,1728,10,2289,11
2514,16,570,28,1728,10,2359,11
2514,16,570,28,1728,10,2370,11
2514,16,570,28,1728,10,2405,11
2514,16,570,28,1832,21,45,11
2514,16,570,28,1832,21,159,11
2514,16,570,28,1832,21,272,11
2514,16,570,28,1832,21,338,11
2514,16,570,28,1832,21,390,11
2514,16,570,28,1832,21,457,11
2514,16,570,28,1832,21,463,11
2514,16,570,28,1832,21,620,11
2514,16,570,28,1832,21,700,11
2514,16,570,28,1832,21,742,11
2514,16,570,28,1832,21,758,11
2514,16,570,28,1832,21,879,11
2514,16,570,28,1832,21,927,11
2514,16,570,28,1832,21,979,11
2514,16,570,28,1832,21,1003,11
2514,16,570,28,1832,21,1044,11
2514,16,570,28,1832,21,1068,11
2514,16,570,28,1832,21,1153,11
2514,16,570,28,1832,21,1186,11
2514,16,570,28,1832,21,1194,11
2514,16,570,28,1832,21,1259,11
2514,16,570,28,1832,21,1260,11
2514,16,570,28,1832,21,1312,11
2514,16,570,28,1832,21,1388,11
2514,16,570,28,1832,21,1391,11
2514,16,570,28,1832,21,1422,11
2514,16,570,28,1832,21,1556,11
2514,16,570,28,1832,21,1568,11
2514,16,570,28,1832,21,1599,11
2514,16,570,28,1832,21,1747,11
2514,16,570,28,1832,21,1773,11
2514,16,570,28,1832,21,1799,11
2514,16,570,28,1832,21,1818,11
2514,16,570,28,1832,21,1873,11
2514,16,570,28,1832,21,1940,11
2514,16,570,28,1832,21,1956,11
2514,16,570,28,1832,21,1997,11
2514,16,570,28,1832,21,2068,11
2514,16,570,28,1832,21,2079,11
2514,16,570,28,1832,21,2123,11
2514,16,570,28,1832,21,2196,11
2514,16,570,28,1832,21,2206,11
2514,16,570,28,1832,21,2216,11
2514,16,570,28,1832,21,2244,11
2514,16,570,28,1832,21,2259,11
2514,16,570,28,1832,21,2261,11
2514,16,570,28,1832,21,2289,11
2514,16,570,28,1832,21,2359,11
2514,16,570,28,1832,21,2370,11
2514,16,570,28,1832,21,2405,11
