2514,16,267,38,123,34,45,11
2514,16,267,38,123,34,159,11
2514,16,267,38,123,34,272,11
2514,16,267,38,123,34,338,11
2514,16,267,38,123,34,390,11
2514,16,267,38,123,34,457,11
2514,16,267,38,123,34,463,11
2514,16,267,38,123,34,620,11
2514,16,267,38,123,34,700,11
2514,16,267,38,123,34,742,11
2514,16,267,38,123,34,758,11
2514,16,267,38,123,34,879,11
2514,16,267,38,123,34,927,11
2514,16,267,38,123,34,979,11
2514,16,267,38,123,34,1003,11
2514,16,267,38,123,34,1044,11
2514,16,267,38,123,34,1068,11
2514,16,267,38,123,34,1153,11
2514,16,267,38,123,34,1186,11
2514,16,267,38,123,34,1194,11
2514,16,267,38,123,34,1259,11
2514,16,267,38,123,34,1260,11
2514,16,267,38,123,34,1312,11
2514,16,267,38,123,34,1388,11
2514,16,267,38,123,34,1391,11
2514,16,267,38,123,34,1422,11
2514,16,267,38,123,34,1556,11
2514,16,267,38,123,34,1568,11
2514,16,267,38,123,34,1599,11
2514,16,267,38,123,34,1747,11
2514,16,267,38,123,34,1773,11
2514,16,267,38,123,34,1799,11
2514,16,267,38,123,34,1818,11
2514,16,267,38,123,34,1873,11
2514,16,267,38,123,34,1940,11
2514,16,267,38,123,34,1956,11
2514,16,267,38,123,34,1997,11
2514,16,267,38,123,34,2068,11
2514,16,267,38,123,34,2079,11
2514,16,267,38,123,34,2123,11
2514,16,267,38,123,34,2196,11
2514,16,267,38,123,34,2206,11
2514,16,267,38,123,34,2216,11
2514,16,267,38,123,34,2244,11
2514,16,267,38,123,34,2259,11
2514,16,267,38,123,34,2261,11
2514,16,267,38,123,34,2289,11
2514,16,267,38,123,34,2359,11
2514,16,267,38,123,34,2370,11
2514,16,267,38,123,34,2405,11
2514,16,267,38,372,16,159,11
2514,16,267,38,372,16,457,11
2514,16,267,38,372,16,463,11
2514,16,267,38,372,16,700,11
2514,16,267,38,372,16,879,11
2514,16,267,38,372,16,927,11
2514,16,267,38,372,16,1003,11
2514,16,267,38,372,16,1153,11
2514,16,267,38,372,16,1194,11
2514,16,267,38,372,16,1388,11
2514,16,267,38,372,16,1556,11
2514,16,267,38,372,16,1568,11
2514,16,267,38,372,16,1599,11
2514,16,267,38,372,16,1818,11
2514,16,267,38,372,16,1873,11
2514,16,267,38,372,16,1940,11
2514,16,267,38,372,16,2123,11
2514,16,267,38,372,16,2196,11
2514,16,267,38,372,16,2216,11
2514,16,267,38,372,16,2370,11
2514,16,267,38,446,35,45,11
2514,16,267,38,446,35,159,11
2514,16,267,38,446,35,272,11
2514,16,267,38,446,35,338,11
2514,16,267,38,446,35,390,11
2514,16,267,38,446,35,457,11
2514,16,267,38,446,35,463,11
2514,16,267,38,446,35,620,11
2514,16,267,38,446,35,700,11
2514,16,267,38,446,35,742,11
2514,16,267,38,446,35,758,11
2514,16,267,38,446,35,879,11
2514,16,267,38,446,35,927,11
2514,16,267,38,446,35,979,11
2514,16,267,38,446,35,1003,11
2514,16,267,38,446,35,1044,11
2514,16,267,38,446,35,1068,11
2514,16,267,38,446,35,1153,11
2514,16,267,38,446,35,1186,11
2514,16,267,38,446,35,1194,11
2514,16,267,38,446,35,1259,11
2514,16,267,38,446,35,1260,11
2514,16,267,38,446,35,1312,11
2514,16,267,38,446,35,1388,11
2514,16,267,38,446,35,1391,11
2514,16,267,38,446,35,1422,11
2514,16,267,38,446,35,1556,11
2514,16,267,38,446,35,1568,11
2514,16,267,38,446,35,1599,11
2514,16,267,38,446,35,1747,11
2514,16,267,38,446,35,1773,11
2514,16,267,38,446,35,1799,11
2514,16,267,38,446,35,1818,11
2514,16,267,38,446,35,1873,11
2514,16,267,38,446,35,1940,11
2514,16,267,38,446,35,1956,11
2514,16,267,38,446,35,1997,11
2514,16,267,38,446,35,2068,11
2514,16,267,38,446,35,2079,11
2514,16,267,38,446,35,2123,11
2514,16,267,38,446,35,2196,11
2514,16,267,38,446,35,2206,11
2514,16,267,38,446,35,2216,11
2514,16,267,38,446,35,2244,11
2514,16,267,38,446,35,2259,11
2514,16,267,38,446,35,2261,11
2514,16,267,38,446,35,2289,11
2514,16,267,38,446,35,2359,11
2514,16,267,38,446,35,2370,11
2514,16,267,38,446,35,2405,11
2514,16,267,38,565,39,45,11
2514,16,267,38,565,39,338,11
2514,16,267,38,565,39,390,11
2514,16,267,38,565,39,620,11
2514,16,267,38,565,39,742,11
2514,16,267,38,565,39,758,11
2514,16,267,38,565,39,979,11
2514,16,267,38,565,39,1044,11
2514,16,267,38,565,39,1186,11
2514,16,267,38,565,39,1259,11
2514,16,267,38,565,39,1312,11
2514,16,267,38,565,39,1773,11
2514,16,267,38,565,39,1799,11
2514,16,267,38,565,39,1956,11
2514,16,267,38,565,39,1997,11
2514,16,267,38,565,39,2206,11
2514,16,267,38,565,39,2244,11
2514,16,267,38,565,39,2261,11
2514,16,267,38,565,39,2289,11
2514,16,267,38,565,39,2359,11
2514,16,267,38,643,50,45,11
2514,16,267,38,643,50,159,11
2514,16,267,38,643,50,272,11
2514,16,267,38,643,50,338,11
2514,16,267,38,643,50,390,11
2514,16,267,38,643,50,457,11
2514,16,267,38,643,50,463,11
2514,16,267,38,643,50,620,11
2514,16,267,38,643,50,700,11
2514,16,267,38,643,50,742,11
2514,16,267,38,643,50,758,11
2514,16,267,38,643,50,879,11
2514,16,267,38,643,50,927,11
2514,16,267,38,643,50,979,11
2514,16,267,38,643,50,1003,11
2514,16,267,38,643,50,1044,11
2514,16,267,38,643,50,1068,11
2514,16,267,38,643,50,1153,11
2514,16,267,38,643,50,1186,11
2514,16,267,38,643,50,1194,11
2514,16,267,38,643,50,1259,11
2514,16,267,38,643,50,1260,11
2514,16,267,38,643,50,1312,11
2514,16,267,38,643,50,1388,11
2514,16,267,38,643,50,1391,11
2514,16,267,38,643,50,1422,11
2514,16,267,38,643,50,1556,11
2514,16,267,38,643,50,1568,11
2514,16,267,38,643,50,1599,11
2514,16,267,38,643,50,1747,11
2514,16,267,38,643,50,1773,11
2514,16,267,38,643,50,1799,11
2514,16,267,38,643,50,1818,11
2514,16,267,38,643,50,1873,11
2514,16,267,38,643,50,1940,11
2514,16,267,38,643,50,1956,11
2514,16,267,38,643,50,1997,11
2514,16,267,38,643,50,2068,11
2514,16,267,38,643,50,2079,11
2514,16,267,38,643,50,2123,11
2514,16,267,38,643,50,2196,11
2514,16,267,38,643,50,2206,11
2514,16,267,38,643,50,2216,11
2514,16,267,38,643,50,2244,11
2514,16,267,38,643,50,2259,11
2514,16,267,38,643,50,2261,11
2514,16,267,38,643,50,2289,11
2514,16,267,38,643,50,2359,11
2514,16,267,38,643,50,2370,11
2514,16,267,38,643,50,2405,11
2514,16,267,38,1035,17,45,11
2514,16,267,38,1035,17,159,11
2514,16,267,38,1035,17,272,11
2514,16,267,38,1035,17,338,11
2514,16,267,38,1035,17,390,11
2514,16,267,38,1035,17,457,11
2514,16,267,38,1035,17,463,11
2514,16,267,38,1035,17,620,11
2514,16,267,38,1035,17,700,11
2514,16,267,38,1035,17,742,11
2514,16,267,38,1035,17,758,11
2514,16,267,38,1035,17,879,11
2514,16,267,38,1035,17,927,11
2514,16,267,38,1035,17,979,11
2514,16,267,38,1035,17,1003,11
2514,16,267,38,1035,17,1044,11
2514,16,267,38,1035,17,1068,11
2514,16,267,38,1035,17,1153,11
2514,16,267,38,1035,17,1186,11
2514,16,267,38,1035,17,1194,11
2514,16,267,38,1035,17,1259,11
2514,16,267,38,1035,17,1260,11
2514,16,267,38,1035,17,1312,11
2514,16,267,38,1035,17,1388,11
2514,16,267,38,1035,17,1391,11
2514,16,267,38,1035,17,1422,11
2514,16,267,38,1035,17,1556,11
2514,16,267,38,1035,17,1568,11
2514,16,267,38,1035,17,1599,11
2514,16,267,38,1035,17,1747,11
2514,16,267,38,1035,17,1773,11
2514,16,267,38,1035,17,1799,11
2514,16,267,38,1035,17,1818,11
2514,16,267,38,1035,17,1873,11
2514,16,267,38,1035,17,1940,11
2514,16,267,38,1035,17,1956,11
2514,16,267,38,1035,17,1997,11
2514,16,267,38,1035,17,2068,11
2514,16,267,38,1035,17,2079,11
2514,16,267,38,1035,17,2123,11
2514,16,267,38,1035,17,2196,11
2514,16,267,38,1035,17,2206,11
2514,16,267,38,1035,17,2216,11
2514,16,267,38,1035,17,2244,11
2514,16,267,38,1035,17,2259,11
2514,16,267,38,1035,17,2261,11
2514,16,267,38,1035,17,2289,11
2514,16,267,38,1035,17,2359,11
2514,16,267,38,1035,17,2370,11
2514,16,267,38,1035,17,2405,11
2514,16,267,38,1340,39,45,11
2514,16,267,38,1340,39,159,11
2514,16,267,38,1340,39,272,11
2514,16,267,38,1340,39,338,11
2514,16,267,38,1340,39,390,11
2514,16,267,38,1340,39,457,11
2514,16,267,38,1340,39,463,11
2514,16,267,38,1340,39,620,11
2514,16,267,38,1340,39,700,11
2514,16,267,38,1340,39,742,11
2514,16,267,38,1340,39,758,11
2514,16,267,38,1340,39,879,11
2514,16,267,38,1340,39,927,11
2514,16,267,38,1340,39,979,11
2514,16,267,38,1340,39,1003,11
2514,16,267,38,1340,39,1044,11
2514,16,267,38,1340,39,1068,11
2514,16,267,38,1340,39,1153,11
2514,16,267,38,1340,39,1186,11
2514,16,267,38,1340,39,1194,11
2514,16,267,38,1340,39,1259,11
2514,16,267,38,1340,39,1260,11
2514,16,267,38,1340,39,1312,11
2514,16,267,38,1340,39,1388,11
2514,16,267,38,1340,39,1391,11
2514,16,267,38,1340,39,1422,11
2514,16,267,38,1340,39,1556,11
2514,16,267,38,1340,39,1568,11
2514,16,267,38,1340,39,1599,11
2514,16,267,38,1340,39,1747,11
2514,16,267,38,1340,39,1773,11
2514,16,267,38,1340,39,1799,11
2514,16,267,38,1340,39,1818,11
2514,16,267,38,1340,39,1873,11
2514,16,267,38,1340,39,1940,11
2514,16,267,38,1340,39,1956,11
2514,16,267,38,1340,39,1997,11
2514,16,267,38,1340,39,2068,11
2514,16,267,38,1340,39,2079,11
2514,16,267,38,1340,39,2123,11
2514,16,267,38,1340,39,2196,11
2514,16,267,38,1340,39,2206,11
2514,16,267,38,1340,39,2216,11
2514,16,267,38,1340,39,2244,11
2514,16,267,38,1340,39,2259,11
2514,16,267,38,1340,39,2261,11
2514,16,267,38,1340,39,2289,11
2514,16,267,38,1340,39,2359,11
2514,16,267,38,1340,39,2370,11
2514,16,267,38,1340,39,2405,11
2514,16,267,38,1489,35,45,11
2514,16,267,38,1489,35,159,11
2514,16,267,38,1489,35,272,11
2514,16,267,38,1489,35,338,11
2514,16,267,38,1489,35,390,11
2514,16,267,38,1489,35,457,11
2514,16,267,38,1489,35,463,11
2514,16,267,38,1489,35,620,11
2514,16,267,38,1489,35,700,11
2514,16,267,38,1489,35,742,11
2514,16,267,38,1489,35,758,11
2514,16,267,38,1489,35,879,11
2514,16,267,38,1489,35,927,11
2514,16,267,38,1489,35,979,11
2514,16,267,38,1489,35,1003,11
2514,16,267,38,1489,35,1044,11
2514,16,267,38,1489,35,1068,11
2514,16,267,38,1489,35,1153,11
2514,16,267,38,1489,35,1186,11
2514,16,267,38,1489,35,1194,11
2514,16,267,38,1489,35,1259,11
2514,16,267,38,1489,35,1260,11
2514,16,267,38,1489,35,1312,11
2514,16,267,38,1489,35,1388,11
2514,16,267,38,1489,35,1391,11
2514,16,267,38,1489,35,1422,11
2514,16,267,38,1489,35,1556,11
2514,16,267,38,1489,35,1568,11
2514,16,267,38,1489,35,1599,11
2514,16,267,38,1489,35,1747,11
2514,16,267,38,1489,35,1773,11
2514,16,267,38,1489,35,1799,11
2514,16,267,38,1489,35,1818,11
2514,16,267,38,1489,35,1873,11
2514,16,267,38,1489,35,1940,11
2514,16,267,38,1489,35,1956,11
2514,16,267,38,1489,35,1997,11
2514,16,267,38,1489,35,2068,11
2514,16,267,38,1489,35,2079,11
2514,16,267,38,1489,35,2123,11
2514,16,267,38,1489,35,2196,11
2514,16,267,38,1489,35,2206,11
2514,16,267,38,1489,35,2216,11
2514,16,267,38,1489,35,2244,11
2514,16,267,38,1489,35,2259,11
2514,16,267,38,1489,35,2261,11
2514,16,267,38,1489,35,2289,11
2514,16,267,38,1489,35,2359,11
2514,16,267,38,1489,35,2370,11
2514,16,267,38,1489,35,2405,11
2514,16,267,38,1525,24,45,11
2514,16,267,38,1525,24,159,11
2514,16,267,38,1525,24,272,11
2514,16,267,38,1525,24,338,11
2514,16,267,38,1525,24,390,11
2514,16,267,38,1525,24,457,11
2514,16,267,38,1525,24,463,11
2514,16,267,38,1525,24,620,11
2514,16,267,38,1525,24,700,11
2514,16,267,38,1525,24,742,11
2514,16,267,38,1525,24,758,11
2514,16,267,38,1525,24,879,11
2514,16,267,38,1525,24,927,11
2514,16,267,38,1525,24,979,11
2514,16,267,38,1525,24,1003,11
2514,16,267,38,1525,24,1044,11
2514,16,267,38,1525,24,1068,11
2514,16,267,38,1525,24,1153,11
2514,16,267,38,1525,24,1186,11
2514,16,267,38,1525,24,1194,11
2514,16,267,38,1525,24,1259,11
2514,16,267,38,1525,24,1260,11
2514,16,267,38,1525,24,1312,11
2514,16,267,38,1525,24,1388,11
2514,16,267,38,1525,24,1391,11
2514,16,267,38,1525,24,1422,11
2514,16,267,38,1525,24,1556,11
2514,16,267,38,1525,24,1568,11
2514,16,267,38,1525,24,1599,11
2514,16,267,38,1525,24,1747,11
2514,16,267,38,1525,24,1773,11
2514,16,267,38,1525,24,1799,11
2514,16,267,38,1525,24,1818,11
2514,16,267,38,1525,24,1873,11
2514,16,267,38,1525,24,1940,11
2514,16,267,38,1525,24,1956,11
2514,16,267,38,1525,24,1997,11
2514,16,267,38,1525,24,2068,11
2514,16,267,38,1525,24,2079,11
2514,16,267,38,1525,24,2123,11
2514,16,267,38,1525,24,2196,11
2514,16,267,38,1525,24,2206,11
2514,16,267,38,1525,24,2216,11
2514,16,267,38,1525,24,2244,11
2514,16,267,38,1525,24,2259,11
2514,16,267,38,1525,24,2261,11
2514,16,267,38,1525,24,2289,11
2514,16,267,38,1525,24,2359,11
2514,16,267,38,1525,24,2370,11
2514,16,267,38,1525,24,2405,11
2514,16,267,38,1571,28,45,11
2514,16,267,38,1571,28,159,11
2514,16,267,38,1571,28,272,11
2514,16,267,38,1571,28,338,11
2514,16,267,38,1571,28,390,11
2514,16,267,38,1571,28,457,11
2514,16,267,38,1571,28,463,11
2514,16,267,38,1571,28,620,11
2514,16,267,38,1571,28,700,11
2514,16,267,38,1571,28,742,11
2514,16,267,38,1571,28,758,11
2514,16,267,38,1571,28,879,11
2514,16,267,38,1571,28,927,11
2514,16,267,38,1571,28,979,11
2514,16,267,38,1571,28,1003,11
2514,16,267,38,1571,28,1044,11
2514,16,267,38,1571,28,1068,11
2514,16,267,38,1571,28,1153,11
2514,16,267,38,1571,28,1186,11
2514,16,267,38,1571,28,1194,11
2514,16,267,38,1571,28,1259,11
2514,16,267,38,1571,28,1260,11
2514,16,267,38,1571,28,1312,11
2514,16,267,38,1571,28,1388,11
2514,16,267,38,1571,28,1391,11
2514,16,267,38,1571,28,1422,11
2514,16,267,38,1571,28,1556,11
2514,16,267,38,1571,28,1568,11
2514,16,267,38,1571,28,1599,11
2514,16,267,38,1571,28,1747,11
2514,16,267,38,1571,28,1773,11
2514,16,267,38,1571,28,1799,11
2514,16,267,38,1571,28,1818,11
2514,16,267,38,1571,28,1873,11
2514,16,267,38,1571,28,1940,11
2514,16,267,38,1571,28,1956,11
2514,16,267,38,1571,28,1997,11
2514,16,267,38,1571,28,2068,11
2514,16,267,38,1571,28,2079,11
2514,16,267,38,1571,28,2123,11
2514,16,267,38,1571,28,2196,11
2514,16,267,38,1571,28,2206,11
2514,16,267,38,1571,28,2216,11
2514,16,267,38,1571,28,2244,11
2514,16,267,38,1571,28,2259,11
2514,16,267,38,1571,28,2261,11
2514,16,267,38,1571,28,2289,11
2514,16,267,38,1571,28,2359,11
2514,16,267,38,1571,28,2370,11
2514,16,267,38,1571,28,2405,11
2514,16,267,38,1585,12,45,11
2514,16,267,38,1585,12,159,11
2514,16,267,38,1585,12,272,11
2514,16,267,38,1585,12,338,11
2514,16,267,38,1585,12,390,11
2514,16,267,38,1585,12,457,11
2514,16,267,38,1585,12,463,11
2514,16,267,38,1585,12,620,11
2514,16,267,38,1585,12,700,11
2514,16,267,38,1585,12,742,11
2514,16,267,38,1585,12,758,11
2514,16,267,38,1585,12,879,11
2514,16,267,38,1585,12,927,11
2514,16,267,38,1585,12,979,11
2514,16,267,38,1585,12,1003,11
2514,16,267,38,1585,12,1044,11
2514,16,267,38,1585,12,1068,11
2514,16,267,38,1585,12,1153,11
2514,16,267,38,1585,12,1186,11
2514,16,267,38,1585,12,1194,11
2514,16,267,38,1585,12,1259,11
2514,16,267,38,1585,12,1260,11
2514,16,267,38,1585,12,1312,11
2514,16,267,38,1585,12,1388,11
2514,16,267,38,1585,12,1391,11
2514,16,267,38,1585,12,1422,11
2514,16,267,38,1585,12,1556,11
2514,16,267,38,1585,12,1568,11
2514,16,267,38,1585,12,1599,11
2514,16,267,38,1585,12,1747,11
2514,16,267,38,1585,12,1773,11
2514,16,267,38,1585,12,1799,11
2514,16,267,38,1585,12,1818,11
2514,16,267,38,1585,12,1873,11
2514,16,267,38,1585,12,1940,11
2514,16,267,38,1585,12,1956,11
2514,16,267,38,1585,12,1997,11
2514,16,267,38,1585,12,2068,11
2514,16,267,38,1585,12,2079,11
2514,16,267,38,1585,12,2123,11
2514,16,267,38,1585,12,2196,11
2514,16,267,38,1585,12,2206,11
2514,16,267,38,1585,12,2216,11
2514,16,267,38,1585,12,2244,11
2514,16,267,38,1585,12,2259,11
2514,16,267,38,1585,12,2261,11
2514,16,267,38,1585,12,2289,11
2514,16,267,38,1585,12,2359,11
2514,16,267,38,1585,12,2370,11
2514,16,267,38,1585,12,2405,11
2514,16,267,38,1603,27,45,11
2514,16,267,38,1603,27,159,11
2514,16,267,38,1603,27,272,11
2514,16,267,38,1603,27,338,11
2514,16,267,38,1603,27,390,11
2514,16,267,38,1603,27,457,11
2514,16,267,38,1603,27,463,11
2514,16,267,38,1603,27,620,11
2514,16,267,38,1603,27,700,11
2514,16,267,38,1603,27,742,11
2514,16,267,38,1603,27,758,11
2514,16,267,38,1603,27,879,11
2514,16,267,38,1603,27,927,11
2514,16,267,38,1603,27,979,11
2514,16,267,38,1603,27,1003,11
2514,16,267,38,1603,27,1044,11
2514,16,267,38,1603,27,1068,11
2514,16,267,38,1603,27,1153,11
2514,16,267,38,1603,27,1186,11
2514,16,267,38,1603,27,1194,11
2514,16,267,38,1603,27,1259,11
2514,16,267,38,1603,27,1260,11
2514,16,267,38,1603,27,1312,11
2514,16,267,38,1603,27,1388,11
2514,16,267,38,1603,27,1391,11
2514,16,267,38,1603,27,1422,11
2514,16,267,38,1603,27,1556,11
2514,16,267,38,1603,27,1568,11
2514,16,267,38,1603,27,1599,11
2514,16,267,38,1603,27,1747,11
2514,16,267,38,1603,27,1773,11
2514,16,267,38,1603,27,1799,11
2514,16,267,38,1603,27,1818,11
2514,16,267,38,1603,27,1873,11
2514,16,267,38,1603,27,1940,11
2514,16,267,38,1603,27,1956,11
2514,16,267,38,1603,27,1997,11
2514,16,267,38,1603,27,2068,11
2514,16,267,38,1603,27,2079,11
2514,16,267,38,1603,27,2123,11
2514,16,267,38,1603,27,2196,11
2514,16,267,38,1603,27,2206,11
2514,16,267,38,1603,27,2216,11
2514,16,267,38,1603,27,2244,11
2514,16,267,38,1603,27,2259,11
2514,16,267,38,1603,27,2261,11
2514,16,267,38,1603,27,2289,11
2514,16,267,38,1603,27,2359,11
2514,16,267,38,1603,27,2370,11
2514,16,267,38,1603,27,2405,11
2514,16,267,38,1891,14,45,11
2514,16,267,38,1891,14,159,11
2514,16,267,38,1891,14,272,11
2514,16,267,38,1891,14,338,11
2514,16,267,38,1891,14,390,11
2514,16,267,38,1891,14,457,11
2514,16,267,38,1891,14,463,11
2514,16,267,38,1891,14,620,11
2514,16,267,38,1891,14,700,11
2514,16,267,38,1891,14,742,11
2514,16,267,38,1891,14,758,11
2514,16,267,38,1891,14,879,11
2514,16,267,38,1891,14,927,11
2514,16,267,38,1891,14,979,11
2514,16,267,38,1891,14,1003,11
2514,16,267,38,1891,14,1044,11
2514,16,267,38,1891,14,1068,11
2514,16,267,38,1891,14,1153,11
2514,16,267,38,1891,14,1186,11
2514,16,267,38,1891,14,1194,11
2514,16,267,38,1891,14,1259,11
2514,16,267,38,1891,14,1260,11
2514,16,267,38,1891,14,1312,11
2514,16,267,38,1891,14,1388,11
2514,16,267,38,1891,14,1391,11
2514,16,267,38,1891,14,1422,11
2514,16,267,38,1891,14,1556,11
2514,16,267,38,1891,14,1568,11
2514,16,267,38,1891,14,1599,11
2514,16,267,38,1891,14,1747,11
2514,16,267,38,1891,14,1773,11
2514,16,267,38,1891,14,1799,11
2514,16,267,38,1891,14,1818,11
2514,16,267,38,1891,14,1873,11
2514,16,267,38,1891,14,1940,11
2514,16,267,38,1891,14,1956,11
2514,16,267,38,1891,14,1997,11
2514,16,267,38,1891,14,2068,11
2514,16,267,38,1891,14,2079,11
2514,16,267,38,1891,14,2123,11
2514,16,267,38,1891,14,2196,11
2514,16,267,38,1891,14,2206,11
2514,16,267,38,1891,14,2216,11
2514,16,267,38,1891,14,2244,11
2514,16,267,38,1891,14,2259,11
2514,16,267,38,1891,14,2261,11
2514,16,267,38,1891,14,2289,11
2514,16,267,38,1891,14,2359,11
2514,16,267,38,1891,14,2370,11
2514,16,267,38,1891,14,2405,11
2514,16,267,38,1967,15,45,11
2514,16,267,38,1967,15,159,11
2514,16,267,38,1967,15,272,11
2514,16,267,38,1967,15,338,11
2514,16,267,38,1967,15,390,11
2514,16,267,38,1967,15,457,11
2514,16,267,38,1967,15,463,11
2514,16,267,38,1967,15,620,11
2514,16,267,38,1967,15,700,11
2514,16,267,38,1967,15,742,11
2514,16,267,38,1967,15,758,11
2514,16,267,38,1967,15,879,11
2514,16,267,38,1967,15,927,11
2514,16,267,38,1967,15,979,11
2514,16,267,38,1967,15,1003,11
2514,16,267,38,1967,15,1044,11
2514,16,267,38,1967,15,1068,11
2514,16,267,38,1967,15,1153,11
2514,16,267,38,1967,15,1186,11
2514,16,267,38,1967,15,1194,11
2514,16,267,38,1967,15,1259,11
2514,16,267,38,1967,15,1260,11
2514,16,267,38,1967,15,1312,11
2514,16,267,38,1967,15,1388,11
2514,16,267,38,1967,15,1391,11
2514,16,267,38,1967,15,1422,11
2514,16,267,38,1967,15,1556,11
2514,16,267,38,1967,15,1568,11
2514,16,267,38,1967,15,1599,11
2514,16,267,38,1967,15,1747,11
2514,16,267,38,1967,15,1773,11
2514,16,267,38,1967,15,1799,11
2514,16,267,38,1967,15,1818,11
2514,16,267,38,1967,15,1873,11
2514,16,267,38,1967,15,1940,11
2514,16,267,38,1967,15,1956,11
2514,16,267,38,1967,15,1997,11
2514,16,267,38,1967,15,2068,11
2514,16,267,38,1967,15,2079,11
2514,16,267,38,1967,15,2123,11
2514,16,267,38,1967,15,2196,11
2514,16,267,38,1967,15,2206,11
2514,16,267,38,1967,15,2216,11
2514,16,267,38,1967,15,2244,11
2514,16,267,38,1967,15,2259,11
2514,16,267,38,1967,15,2261,11
2514,16,267,38,1967,15,2289,11
2514,16,267,38,1967,15,2359,11
2514,16,267,38,1967,15,2370,11
2514,16,267,38,1967,15,2405,11
