2514,16,1833,14,5,44,45,11
2514,16,1833,14,5,44,159,11
2514,16,1833,14,5,44,272,11
2514,16,1833,14,5,44,338,11
2514,16,1833,14,5,44,390,11
2514,16,1833,14,5,44,457,11
2514,16,1833,14,5,44,463,11
2514,16,1833,14,5,44,620,11
2514,16,1833,14,5,44,700,11
2514,16,1833,14,5,44,742,11
2514,16,1833,14,5,44,758,11
2514,16,1833,14,5,44,879,11
2514,16,1833,14,5,44,927,11
2514,16,1833,14,5,44,979,11
2514,16,1833,14,5,44,1003,11
2514,16,1833,14,5,44,1044,11
2514,16,1833,14,5,44,1068,11
2514,16,1833,14,5,44,1153,11
2514,16,1833,14,5,44,1186,11
2514,16,1833,14,5,44,1194,11
2514,16,1833,14,5,44,1259,11
2514,16,1833,14,5,44,1260,11
2514,16,1833,14,5,44,1312,11
2514,16,1833,14,5,44,1388,11
2514,16,1833,14,5,44,1391,11
2514,16,1833,14,5,44,1422,11
2514,16,1833,14,5,44,1556,11
2514,16,1833,14,5,44,1568,11
2514,16,1833,14,5,44,1599,11
2514,16,1833,14,5,44,1747,11
2514,16,1833,14,5,44,1773,11
2514,16,1833,14,5,44,1799,11
2514,16,1833,14,5,44,1818,11
2514,16,1833,14,5,44,1873,11
2514,16,1833,14,5,44,1940,11
2514,16,1833,14,5,44,1956,11
2514,16,1833,14,5,44,1997,11
2514,16,1833,14,5,44,2068,11
2514,16,1833,14,5,44,2079,11
2514,16,1833,14,5,44,2123,11
2514,16,1833,14,5,44,2196,11
2514,16,1833,14,5,44,2206,11
2514,16,1833,14,5,44,2216,11
2514,16,1833,14,5,44,2244,11
2514,16,1833,14,5,44,2259,11
2514,16,1833,14,5,44,2261,11
2514,16,1833,14,5,44,2289,11
2514,16,1833,14,5,44,2359,11
2514,16,1833,14,5,44,2370,11
2514,16,1833,14,5,44,2405,11
2514,16,1833,14,30,27,45,11
2514,16,1833,14,30,27,159,11
2514,16,1833,14,30,27,272,11
2514,16,1833,14,30,27,338,11
2514,16,1833,14,30,27,390,11
2514,16,1833,14,30,27,457,11
2514,16,1833,14,30,27,463,11
2514,16,1833,14,30,27,620,11
2514,16,1833,14,30,27,700,11
2514,16,1833,14,30,27,742,11
2514,16,1833,14,30,27,758,11
2514,16,1833,14,30,27,879,11
2514,16,1833,14,30,27,927,11
2514,16,1833,14,30,27,979,11
2514,16,1833,14,30,27,1003,11
2514,16,1833,14,30,27,1044,11
2514,16,1833,14,30,27,1068,11
2514,16,1833,14,30,27,1153,11
2514,16,1833,14,30,27,1186,11
2514,16,1833,14,30,27,1194,11
2514,16,1833,14,30,27,1259,11
2514,16,1833,14,30,27,1260,11
2514,16,1833,14,30,27,1312,11
2514,16,1833,14,30,27,1388,11
2514,16,1833,14,30,27,1391,11
2514,16,1833,14,30,27,1422,11
2514,16,1833,14,30,27,1556,11
2514,16,1833,14,30,27,1568,11
2514,16,1833,14,30,27,1599,11
2514,16,1833,14,30,27,1747,11
2514,16,1833,14,30,27,1773,11
2514,16,1833,14,30,27,1799,11
2514,16,1833,14,30,27,1818,11
2514,16,1833,14,30,27,1873,11
2514,16,1833,14,30,27,1940,11
2514,16,1833,14,30,27,1956,11
2514,16,1833,14,30,27,1997,11
2514,16,1833,14,30,27,2068,11
2514,16,1833,14,30,27,2079,11
2514,16,1833,14,30,27,2123,11
2514,16,1833,14,30,27,2196,11
2514,16,1833,14,30,27,2206,11
2514,16,1833,14,30,27,2216,11
2514,16,1833,14,30,27,2244,11
2514,16,1833,14,30,27,2259,11
2514,16,1833,14,30,27,2261,11
2514,16,1833,14,30,27,2289,11
2514,16,1833,14,30,27,2359,11
2514,16,1833,14,30,27,2370,11
2514,16,1833,14,30,27,2405,11
2514,16,1833,14,55,15,45,11
2514,16,1833,14,55,15,159,11
2514,16,1833,14,55,15,272,11
2514,16,1833,14,55,15,338,11
2514,16,1833,14,55,15,390,11
2514,16,1833,14,55,15,457,11
2514,16,1833,14,55,15,463,11
2514,16,1833,14,55,15,620,11
2514,16,1833,14,55,15,700,11
2514,16,1833,14,55,15,742,11
2514,16,1833,14,55,15,758,11
2514,16,1833,14,55,15,879,11
2514,16,1833,14,55,15,927,11
2514,16,1833,14,55,15,979,11
2514,16,1833,14,55,15,1003,11
2514,16,1833,14,55,15,1044,11
2514,16,1833,14,55,15,1068,11
2514,16,1833,14,55,15,1153,11
2514,16,1833,14,55,15,1186,11
2514,16,1833,14,55,15,1194,11
2514,16,1833,14,55,15,1259,11
2514,16,1833,14,55,15,1260,11
2514,16,1833,14,55,15,1312,11
2514,16,1833,14,55,15,1388,11
2514,16,1833,14,55,15,1391,11
2514,16,1833,14,55,15,1422,11
2514,16,1833,14,55,15,1556,11
2514,16,1833,14,55,15,1568,11
2514,16,1833,14,55,15,1599,11
2514,16,1833,14,55,15,1747,11
2514,16,1833,14,55,15,1773,11
2514,16,1833,14,55,15,1799,11
2514,16,1833,14,55,15,1818,11
2514,16,1833,14,55,15,1873,11
2514,16,1833,14,55,15,1940,11
2514,16,1833,14,55,15,1956,11
2514,16,1833,14,55,15,1997,11
2514,16,1833,14,55,15,2068,11
2514,16,1833,14,55,15,2079,11
2514,16,1833,14,55,15,2123,11
2514,16,1833,14,55,15,2196,11
2514,16,1833,14,55,15,2206,11
2514,16,1833,14,55,15,2216,11
2514,16,1833,14,55,15,2244,11
2514,16,1833,14,55,15,2259,11
2514,16,1833,14,55,15,2261,11
2514,16,1833,14,55,15,2289,11
2514,16,1833,14,55,15,2359,11
2514,16,1833,14,55,15,2370,11
2514,16,1833,14,55,15,2405,11
2514,16,1833,14,72,18,45,11
2514,16,1833,14,72,18,159,11
2514,16,1833,14,72,18,272,11
2514,16,1833,14,72,18,338,11
2514,16,1833,14,72,18,390,11
2514,16,1833,14,72,18,457,11
2514,16,1833,14,72,18,463,11
2514,16,1833,14,72,18,620,11
2514,16,1833,14,72,18,700,11
2514,16,1833,14,72,18,742,11
2514,16,1833,14,72,18,758,11
2514,16,1833,14,72,18,879,11
2514,16,1833,14,72,18,927,11
2514,16,1833,14,72,18,979,11
2514,16,1833,14,72,18,1003,11
2514,16,1833,14,72,18,1044,11
2514,16,1833,14,72,18,1068,11
2514,16,1833,14,72,18,1153,11
2514,16,1833,14,72,18,1186,11
2514,16,1833,14,72,18,1194,11
2514,16,1833,14,72,18,1259,11
2514,16,1833,14,72,18,1260,11
2514,16,1833,14,72,18,1312,11
2514,16,1833,14,72,18,1388,11
2514,16,1833,14,72,18,1391,11
2514,16,1833,14,72,18,1422,11
2514,16,1833,14,72,18,1556,11
2514,16,1833,14,72,18,1568,11
2514,16,1833,14,72,18,1599,11
2514,16,1833,14,72,18,1747,11
2514,16,1833,14,72,18,1773,11
2514,16,1833,14,72,18,1799,11
2514,16,1833,14,72,18,1818,11
2514,16,1833,14,72,18,1873,11
2514,16,1833,14,72,18,1940,11
2514,16,1833,14,72,18,1956,11
2514,16,1833,14,72,18,1997,11
2514,16,1833,14,72,18,2068,11
2514,16,1833,14,72,18,2079,11
2514,16,1833,14,72,18,2123,11
2514,16,1833,14,72,18,2196,11
2514,16,1833,14,72,18,2206,11
2514,16,1833,14,72,18,2216,11
2514,16,1833,14,72,18,2244,11
2514,16,1833,14,72,18,2259,11
2514,16,1833,14,72,18,2261,11
2514,16,1833,14,72,18,2289,11
2514,16,1833,14,72,18,2359,11
2514,16,1833,14,72,18,2370,11
2514,16,1833,14,72,18,2405,11
2514,16,1833,14,105,13,45,11
2514,16,1833,14,105,13,159,11
2514,16,1833,14,105,13,272,11
2514,16,1833,14,105,13,338,11
2514,16,1833,14,105,13,390,11
2514,16,1833,14,105,13,457,11
2514,16,1833,14,105,13,463,11
2514,16,1833,14,105,13,620,11
2514,16,1833,14,105,13,700,11
2514,16,1833,14,105,13,742,11
2514,16,1833,14,105,13,758,11
2514,16,1833,14,105,13,879,11
2514,16,1833,14,105,13,927,11
2514,16,1833,14,105,13,979,11
2514,16,1833,14,105,13,1003,11
2514,16,1833,14,105,13,1044,11
2514,16,1833,14,105,13,1068,11
2514,16,1833,14,105,13,1153,11
2514,16,1833,14,105,13,1186,11
2514,16,1833,14,105,13,1194,11
2514,16,1833,14,105,13,1259,11
2514,16,1833,14,105,13,1260,11
2514,16,1833,14,105,13,1312,11
2514,16,1833,14,105,13,1388,11
2514,16,1833,14,105,13,1391,11
2514,16,1833,14,105,13,1422,11
2514,16,1833,14,105,13,1556,11
2514,16,1833,14,105,13,1568,11
2514,16,1833,14,105,13,1599,11
2514,16,1833,14,105,13,1747,11
2514,16,1833,14,105,13,1773,11
2514,16,1833,14,105,13,1799,11
2514,16,1833,14,105,13,1818,11
2514,16,1833,14,105,13,1873,11
2514,16,1833,14,105,13,1940,11
2514,16,1833,14,105,13,1956,11
2514,16,1833,14,105,13,1997,11
2514,16,1833,14,105,13,2068,11
2514,16,1833,14,105,13,2079,11
2514,16,1833,14,105,13,2123,11
2514,16,1833,14,105,13,2196,11
2514,16,1833,14,105,13,2206,11
2514,16,1833,14,105,13,2216,11
2514,16,1833,14,105,13,2244,11
2514,16,1833,14,105,13,2259,11
2514,16,1833,14,105,13,2261,11
2514,16,1833,14,105,13,2289,11
2514,16,1833,14,105,13,2359,11
2514,16,1833,14,105,13,2370,11
2514,16,1833,14,105,13,2405,11
2514,16,1833,14,398,15,159,11
2514,16,1833,14,398,15,272,11
2514,16,1833,14,398,15,338,11
2514,16,1833,14,398,15,457,11
2514,16,1833,14,398,15,463,11
2514,16,1833,14,398,15,700,11
2514,16,1833,14,398,15,742,11
2514,16,1833,14,398,15,758,11
2514,16,1833,14,398,15,879,11
2514,16,1833,14,398,15,927,11
2514,16,1833,14,398,15,1003,11
2514,16,1833,14,398,15,1044,11
2514,16,1833,14,398,15,1068,11
2514,16,1833,14,398,15,1153,11
2514,16,1833,14,398,15,1186,11
2514,16,1833,14,398,15,1194,11
2514,16,1833,14,398,15,1259,11
2514,16,1833,14,398,15,1260,11
2514,16,1833,14,398,15,1312,11
2514,16,1833,14,398,15,1388,11
2514,16,1833,14,398,15,1391,11
2514,16,1833,14,398,15,1422,11
2514,16,1833,14,398,15,1556,11
2514,16,1833,14,398,15,1568,11
2514,16,1833,14,398,15,1599,11
2514,16,1833,14,398,15,1747,11
2514,16,1833,14,398,15,1773,11
2514,16,1833,14,398,15,1818,11
2514,16,1833,14,398,15,1873,11
2514,16,1833,14,398,15,1940,11
2514,16,1833,14,398,15,1997,11
2514,16,1833,14,398,15,2068,11
2514,16,1833,14,398,15,2079,11
2514,16,1833,14,398,15,2123,11
2514,16,1833,14,398,15,2196,11
2514,16,1833,14,398,15,2216,11
2514,16,1833,14,398,15,2259,11
2514,16,1833,14,398,15,2289,11
2514,16,1833,14,398,15,2370,11
2514,16,1833,14,398,15,2405,11
2514,16,1833,14,450,11,45,11
2514,16,1833,14,450,11,159,11
2514,16,1833,14,450,11,272,11
2514,16,1833,14,450,11,338,11
2514,16,1833,14,450,11,390,11
2514,16,1833,14,450,11,457,11
2514,16,1833,14,450,11,463,11
2514,16,1833,14,450,11,620,11
2514,16,1833,14,450,11,700,11
2514,16,1833,14,450,11,742,11
2514,16,1833,14,450,11,758,11
2514,16,1833,14,450,11,879,11
2514,16,1833,14,450,11,927,11
2514,16,1833,14,450,11,979,11
2514,16,1833,14,450,11,1003,11
2514,16,1833,14,450,11,1044,11
2514,16,1833,14,450,11,1068,11
2514,16,1833,14,450,11,1153,11
2514,16,1833,14,450,11,1186,11
2514,16,1833,14,450,11,1194,11
2514,16,1833,14,450,11,1259,11
2514,16,1833,14,450,11,1260,11
2514,16,1833,14,450,11,1312,11
2514,16,1833,14,450,11,1388,11
2514,16,1833,14,450,11,1391,11
2514,16,1833,14,450,11,1422,11
2514,16,1833,14,450,11,1556,11
2514,16,1833,14,450,11,1568,11
2514,16,1833,14,450,11,1599,11
2514,16,1833,14,450,11,1747,11
2514,16,1833,14,450,11,1773,11
2514,16,1833,14,450,11,1799,11
2514,16,1833,14,450,11,1818,11
2514,16,1833,14,450,11,1873,11
2514,16,1833,14,450,11,1940,11
2514,16,1833,14,450,11,1956,11
2514,16,1833,14,450,11,1997,11
2514,16,1833,14,450,11,2068,11
2514,16,1833,14,450,11,2079,11
2514,16,1833,14,450,11,2123,11
2514,16,1833,14,450,11,2196,11
2514,16,1833,14,450,11,2206,11
2514,16,1833,14,450,11,2216,11
2514,16,1833,14,450,11,2244,11
2514,16,1833,14,450,11,2259,11
2514,16,1833,14,450,11,2261,11
2514,16,1833,14,450,11,2289,11
2514,16,1833,14,450,11,2359,11
2514,16,1833,14,450,11,2370,11
2514,16,1833,14,450,11,2405,11
2514,16,1833,14,677,40,45,11
2514,16,1833,14,677,40,159,11
2514,16,1833,14,677,40,272,11
2514,16,1833,14,677,40,338,11
2514,16,1833,14,677,40,390,11
2514,16,1833,14,677,40,457,11
2514,16,1833,14,677,40,463,11
2514,16,1833,14,677,40,620,11
2514,16,1833,14,677,40,700,11
2514,16,1833,14,677,40,742,11
2514,16,1833,14,677,40,758,11
2514,16,1833,14,677,40,879,11
2514,16,1833,14,677,40,927,11
2514,16,1833,14,677,40,979,11
2514,16,1833,14,677,40,1003,11
2514,16,1833,14,677,40,1044,11
2514,16,1833,14,677,40,1068,11
2514,16,1833,14,677,40,1153,11
2514,16,1833,14,677,40,1186,11
2514,16,1833,14,677,40,1194,11
2514,16,1833,14,677,40,1259,11
2514,16,1833,14,677,40,1260,11
2514,16,1833,14,677,40,1312,11
2514,16,1833,14,677,40,1388,11
2514,16,1833,14,677,40,1391,11
2514,16,1833,14,677,40,1422,11
2514,16,1833,14,677,40,1556,11
2514,16,1833,14,677,40,1568,11
2514,16,1833,14,677,40,1599,11
2514,16,1833,14,677,40,1747,11
2514,16,1833,14,677,40,1773,11
2514,16,1833,14,677,40,1799,11
2514,16,1833,14,677,40,1818,11
2514,16,1833,14,677,40,1873,11
2514,16,1833,14,677,40,1940,11
2514,16,1833,14,677,40,1956,11
2514,16,1833,14,677,40,1997,11
2514,16,1833,14,677,40,2068,11
2514,16,1833,14,677,40,2079,11
2514,16,1833,14,677,40,2123,11
2514,16,1833,14,677,40,2196,11
2514,16,1833,14,677,40,2206,11
2514,16,1833,14,677,40,2216,11
2514,16,1833,14,677,40,2244,11
2514,16,1833,14,677,40,2259,11
2514,16,1833,14,677,40,2261,11
2514,16,1833,14,677,40,2289,11
2514,16,1833,14,677,40,2359,11
2514,16,1833,14,677,40,2370,11
2514,16,1833,14,677,40,2405,11
2514,16,1833,14,769,49,45,11
2514,16,1833,14,769,49,159,11
2514,16,1833,14,769,49,272,11
2514,16,1833,14,769,49,338,11
2514,16,1833,14,769,49,390,11
2514,16,1833,14,769,49,457,11
2514,16,1833,14,769,49,463,11
2514,16,1833,14,769,49,620,11
2514,16,1833,14,769,49,700,11
2514,16,1833,14,769,49,742,11
2514,16,1833,14,769,49,758,11
2514,16,1833,14,769,49,879,11
2514,16,1833,14,769,49,927,11
2514,16,1833,14,769,49,979,11
2514,16,1833,14,769,49,1003,11
2514,16,1833,14,769,49,1044,11
2514,16,1833,14,769,49,1068,11
2514,16,1833,14,769,49,1153,11
2514,16,1833,14,769,49,1186,11
2514,16,1833,14,769,49,1194,11
2514,16,1833,14,769,49,1259,11
2514,16,1833,14,769,49,1260,11
2514,16,1833,14,769,49,1312,11
2514,16,1833,14,769,49,1388,11
2514,16,1833,14,769,49,1391,11
2514,16,1833,14,769,49,1422,11
2514,16,1833,14,769,49,1556,11
2514,16,1833,14,769,49,1568,11
2514,16,1833,14,769,49,1599,11
2514,16,1833,14,769,49,1747,11
2514,16,1833,14,769,49,1773,11
2514,16,1833,14,769,49,1799,11
2514,16,1833,14,769,49,1818,11
2514,16,1833,14,769,49,1873,11
2514,16,1833,14,769,49,1940,11
2514,16,1833,14,769,49,1956,11
2514,16,1833,14,769,49,1997,11
2514,16,1833,14,769,49,2068,11
2514,16,1833,14,769,49,2079,11
2514,16,1833,14,769,49,2123,11
2514,16,1833,14,769,49,2196,11
2514,16,1833,14,769,49,2206,11
2514,16,1833,14,769,49,2216,11
2514,16,1833,14,769,49,2244,11
2514,16,1833,14,769,49,2259,11
2514,16,1833,14,769,49,2261,11
2514,16,1833,14,769,49,2289,11
2514,16,1833,14,769,49,2359,11
2514,16,1833,14,769,49,2370,11
2514,16,1833,14,769,49,2405,11
2514,16,1833,14,1068,33,45,11
2514,16,1833,14,1068,33,159,11
2514,16,1833,14,1068,33,272,11
2514,16,1833,14,1068,33,338,11
2514,16,1833,14,1068,33,390,11
2514,16,1833,14,1068,33,457,11
2514,16,1833,14,1068,33,463,11
2514,16,1833,14,1068,33,620,11
2514,16,1833,14,1068,33,700,11
2514,16,1833,14,1068,33,742,11
2514,16,1833,14,1068,33,758,11
2514,16,1833,14,1068,33,879,11
2514,16,1833,14,1068,33,927,11
2514,16,1833,14,1068,33,979,11
2514,16,1833,14,1068,33,1003,11
2514,16,1833,14,1068,33,1044,11
2514,16,1833,14,1068,33,1068,11
2514,16,1833,14,1068,33,1153,11
2514,16,1833,14,1068,33,1186,11
2514,16,1833,14,1068,33,1194,11
2514,16,1833,14,1068,33,1259,11
2514,16,1833,14,1068,33,1260,11
2514,16,1833,14,1068,33,1312,11
2514,16,1833,14,1068,33,1388,11
2514,16,1833,14,1068,33,1391,11
2514,16,1833,14,1068,33,1422,11
2514,16,1833,14,1068,33,1556,11
2514,16,1833,14,1068,33,1568,11
2514,16,1833,14,1068,33,1599,11
2514,16,1833,14,1068,33,1747,11
2514,16,1833,14,1068,33,1773,11
2514,16,1833,14,1068,33,1799,11
2514,16,1833,14,1068,33,1818,11
2514,16,1833,14,1068,33,1873,11
2514,16,1833,14,1068,33,1940,11
2514,16,1833,14,1068,33,1956,11
2514,16,1833,14,1068,33,1997,11
2514,16,1833,14,1068,33,2068,11
2514,16,1833,14,1068,33,2079,11
2514,16,1833,14,1068,33,2123,11
2514,16,1833,14,1068,33,2196,11
2514,16,1833,14,1068,33,2206,11
2514,16,1833,14,1068,33,2216,11
2514,16,1833,14,1068,33,2244,11
2514,16,1833,14,1068,33,2259,11
2514,16,1833,14,1068,33,2261,11
2514,16,1833,14,1068,33,2289,11
2514,16,1833,14,1068,33,2359,11
2514,16,1833,14,1068,33,2370,11
2514,16,1833,14,1068,33,2405,11
2514,16,1833,14,1102,11,45,11
2514,16,1833,14,1102,11,159,11
2514,16,1833,14,1102,11,272,11
2514,16,1833,14,1102,11,338,11
2514,16,1833,14,1102,11,390,11
2514,16,1833,14,1102,11,457,11
2514,16,1833,14,1102,11,463,11
2514,16,1833,14,1102,11,620,11
2514,16,1833,14,1102,11,700,11
2514,16,1833,14,1102,11,742,11
2514,16,1833,14,1102,11,758,11
2514,16,1833,14,1102,11,879,11
2514,16,1833,14,1102,11,927,11
2514,16,1833,14,1102,11,979,11
2514,16,1833,14,1102,11,1003,11
2514,16,1833,14,1102,11,1044,11
2514,16,1833,14,1102,11,1068,11
2514,16,1833,14,1102,11,1153,11
2514,16,1833,14,1102,11,1186,11
2514,16,1833,14,1102,11,1194,11
2514,16,1833,14,1102,11,1259,11
2514,16,1833,14,1102,11,1260,11
2514,16,1833,14,1102,11,1312,11
2514,16,1833,14,1102,11,1388,11
2514,16,1833,14,1102,11,1391,11
2514,16,1833,14,1102,11,1422,11
2514,16,1833,14,1102,11,1556,11
2514,16,1833,14,1102,11,1568,11
2514,16,1833,14,1102,11,1599,11
2514,16,1833,14,1102,11,1747,11
2514,16,1833,14,1102,11,1773,11
2514,16,1833,14,1102,11,1799,11
2514,16,1833,14,1102,11,1818,11
2514,16,1833,14,1102,11,1873,11
2514,16,1833,14,1102,11,1940,11
2514,16,1833,14,1102,11,1956,11
2514,16,1833,14,1102,11,1997,11
2514,16,1833,14,1102,11,2068,11
2514,16,1833,14,1102,11,2079,11
2514,16,1833,14,1102,11,2123,11
2514,16,1833,14,1102,11,2196,11
2514,16,1833,14,1102,11,2206,11
2514,16,1833,14,1102,11,2216,11
2514,16,1833,14,1102,11,2244,11
2514,16,1833,14,1102,11,2259,11
2514,16,1833,14,1102,11,2261,11
2514,16,1833,14,1102,11,2289,11
2514,16,1833,14,1102,11,2359,11
2514,16,1833,14,1102,11,2370,11
2514,16,1833,14,1102,11,2405,11
2514,16,1833,14,1499,40,45,11
2514,16,1833,14,1499,40,159,11
2514,16,1833,14,1499,40,272,11
2514,16,1833,14,1499,40,338,11
2514,16,1833,14,1499,40,390,11
2514,16,1833,14,1499,40,457,11
2514,16,1833,14,1499,40,463,11
2514,16,1833,14,1499,40,620,11
2514,16,1833,14,1499,40,700,11
2514,16,1833,14,1499,40,742,11
2514,16,1833,14,1499,40,758,11
2514,16,1833,14,1499,40,879,11
2514,16,1833,14,1499,40,927,11
2514,16,1833,14,1499,40,979,11
2514,16,1833,14,1499,40,1003,11
2514,16,1833,14,1499,40,1044,11
2514,16,1833,14,1499,40,1068,11
2514,16,1833,14,1499,40,1153,11
2514,16,1833,14,1499,40,1186,11
2514,16,1833,14,1499,40,1194,11
2514,16,1833,14,1499,40,1259,11
2514,16,1833,14,1499,40,1260,11
2514,16,1833,14,1499,40,1312,11
2514,16,1833,14,1499,40,1388,11
2514,16,1833,14,1499,40,1391,11
2514,16,1833,14,1499,40,1422,11
2514,16,1833,14,1499,40,1556,11
2514,16,1833,14,1499,40,1568,11
2514,16,1833,14,1499,40,1599,11
2514,16,1833,14,1499,40,1747,11
2514,16,1833,14,1499,40,1773,11
2514,16,1833,14,1499,40,1799,11
2514,16,1833,14,1499,40,1818,11
2514,16,1833,14,1499,40,1873,11
2514,16,1833,14,1499,40,1940,11
2514,16,1833,14,1499,40,1956,11
2514,16,1833,14,1499,40,1997,11
2514,16,1833,14,1499,40,2068,11
2514,16,1833,14,1499,40,2079,11
2514,16,1833,14,1499,40,2123,11
2514,16,1833,14,1499,40,2196,11
2514,16,1833,14,1499,40,2206,11
2514,16,1833,14,1499,40,2216,11
2514,16,1833,14,1499,40,2244,11
2514,16,1833,14,1499,40,2259,11
2514,16,1833,14,1499,40,2261,11
2514,16,1833,14,1499,40,2289,11
2514,16,1833,14,1499,40,2359,11
2514,16,1833,14,1499,40,2370,11
2514,16,1833,14,1499,40,2405,11
2514,16,1833,14,1896,18,45,11
2514,16,1833,14,1896,18,159,11
2514,16,1833,14,1896,18,272,11
2514,16,1833,14,1896,18,338,11
2514,16,1833,14,1896,18,390,11
2514,16,1833,14,1896,18,457,11
2514,16,1833,14,1896,18,463,11
2514,16,1833,14,1896,18,620,11
2514,16,1833,14,1896,18,700,11
2514,16,1833,14,1896,18,742,11
2514,16,1833,14,1896,18,758,11
2514,16,1833,14,1896,18,879,11
2514,16,1833,14,1896,18,927,11
2514,16,1833,14,1896,18,979,11
2514,16,1833,14,1896,18,1003,11
2514,16,1833,14,1896,18,1044,11
2514,16,1833,14,1896,18,1068,11
2514,16,1833,14,1896,18,1153,11
2514,16,1833,14,1896,18,1186,11
2514,16,1833,14,1896,18,1194,11
2514,16,1833,14,1896,18,1259,11
2514,16,1833,14,1896,18,1260,11
2514,16,1833,14,1896,18,1312,11
2514,16,1833,14,1896,18,1388,11
2514,16,1833,14,1896,18,1391,11
2514,16,1833,14,1896,18,1422,11
2514,16,1833,14,1896,18,1556,11
2514,16,1833,14,1896,18,1568,11
2514,16,1833,14,1896,18,1599,11
2514,16,1833,14,1896,18,1747,11
2514,16,1833,14,1896,18,1773,11
2514,16,1833,14,1896,18,1799,11
2514,16,1833,14,1896,18,1818,11
2514,16,1833,14,1896,18,1873,11
2514,16,1833,14,1896,18,1940,11
2514,16,1833,14,1896,18,1956,11
2514,16,1833,14,1896,18,1997,11
2514,16,1833,14,1896,18,2068,11
2514,16,1833,14,1896,18,2079,11
2514,16,1833,14,1896,18,2123,11
2514,16,1833,14,1896,18,2196,11
2514,16,1833,14,1896,18,2206,11
2514,16,1833,14,1896,18,2216,11
2514,16,1833,14,1896,18,2244,11
2514,16,1833,14,1896,18,2259,11
2514,16,1833,14,1896,18,2261,11
2514,16,1833,14,1896,18,2289,11
2514,16,1833,14,1896,18,2359,11
2514,16,1833,14,1896,18,2370,11
2514,16,1833,14,1896,18,2405,11
