2514,16,1448,50,226,18,45,11
2514,16,1448,50,226,18,159,11
2514,16,1448,50,226,18,272,11
2514,16,1448,50,226,18,338,11
2514,16,1448,50,226,18,390,11
2514,16,1448,50,226,18,457,11
2514,16,1448,50,226,18,463,11
2514,16,1448,50,226,18,620,11
2514,16,1448,50,226,18,700,11
2514,16,1448,50,226,18,742,11
2514,16,1448,50,226,18,758,11
2514,16,1448,50,226,18,879,11
2514,16,1448,50,226,18,927,11
2514,16,1448,50,226,18,979,11
2514,16,1448,50,226,18,1003,11
2514,16,1448,50,226,18,1044,11
2514,16,1448,50,226,18,1068,11
2514,16,1448,50,226,18,1153,11
2514,16,1448,50,226,18,1186,11
2514,16,1448,50,226,18,1194,11
2514,16,1448,50,226,18,1259,11
2514,16,1448,50,226,18,1260,11
2514,16,1448,50,226,18,1312,11
2514,16,1448,50,226,18,1388,11
2514,16,1448,50,226,18,1391,11
2514,16,1448,50,226,18,1422,11
2514,16,1448,50,226,18,1556,11
2514,16,1448,50,226,18,1568,11
2514,16,1448,50,226,18,1599,11
2514,16,1448,50,226,18,1747,11
2514,16,1448,50,226,18,1773,11
2514,16,1448,50,226,18,1799,11
2514,16,1448,50,226,18,1818,11
2514,16,1448,50,226,18,1873,11
2514,16,1448,50,226,18,1940,11
2514,16,1448,50,226,18,1956,11
2514,16,1448,50,226,18,1997,11
2514,16,1448,50,226,18,2068,11
2514,16,1448,50,226,18,2079,11
2514,16,1448,50,226,18,2123,11
2514,16,1448,50,226,18,2196,11
2514,16,1448,50,226,18,2206,11
2514,16,1448,50,226,18,2216,11
2514,16,1448,50,226,18,2244,11
2514,16,1448,50,226,18,2259,11
2514,16,1448,50,226,18,2261,11
2514,16,1448,50,226,18,2289,11
2514,16,1448,50,226,18,2359,11
2514,16,1448,50,226,18,2370,11
2514,16,1448,50,226,18,2405,11
2514,16,1448,50,289,10,45,11
2514,16,1448,50,289,10,159,11
2514,16,1448,50,289,10,272,11
2514,16,1448,50,289,10,338,11
2514,16,1448,50,289,10,390,11
2514,16,1448,50,289,10,457,11
2514,16,1448,50,289,10,463,11
2514,16,1448,50,289,10,620,11
2514,16,1448,50,289,10,700,11
2514,16,1448,50,289,10,742,11
2514,16,1448,50,289,10,758,11
2514,16,1448,50,289,10,879,11
2514,16,1448,50,289,10,927,11
2514,16,1448,50,289,10,979,11
2514,16,1448,50,289,10,1003,11
2514,16,1448,50,289,10,1044,11
2514,16,1448,50,289,10,1068,11
2514,16,1448,50,289,10,1153,11
2514,16,1448,50,289,10,1186,11
2514,16,1448,50,289,10,1194,11
2514,16,1448,50,289,10,1259,11
2514,16,1448,50,289,10,1260,11
2514,16,1448,50,289,10,1312,11
2514,16,1448,50,289,10,1388,11
2514,16,1448,50,289,10,1391,11
2514,16,1448,50,289,10,1422,11
2514,16,1448,50,289,10,1556,11
2514,16,1448,50,289,10,1568,11
2514,16,1448,50,289,10,1599,11
2514,16,1448,50,289,10,1747,11
2514,16,1448,50,289,10,1773,11
2514,16,1448,50,289,10,1799,11
2514,16,1448,50,289,10,1818,11
2514,16,1448,50,289,10,1873,11
2514,16,1448,50,289,10,1940,11
2514,16,1448,50,289,10,1956,11
2514,16,1448,50,289,10,1997,11
2514,16,1448,50,289,10,2068,11
2514,16,1448,50,289,10,2079,11
2514,16,1448,50,289,10,2123,11
2514,16,1448,50,289,10,2196,11
2514,16,1448,50,289,10,2206,11
2514,16,1448,50,289,10,2216,11
2514,16,1448,50,289,10,2244,11
2514,16,1448,50,289,10,2259,11
2514,16,1448,50,289,10,2261,11
2514,16,1448,50,289,10,2289,11
2514,16,1448,50,289,10,2359,11
2514,16,1448,50,289,10,2370,11
2514,16,1448,50,289,10,2405,11
2514,16,1448,50,370,40,45,11
2514,16,1448,50,370,40,159,11
2514,16,1448,50,370,40,272,11
2514,16,1448,50,370,40,338,11
2514,16,1448,50,370,40,390,11
2514,16,1448,50,370,40,457,11
2514,16,1448,50,370,40,463,11
2514,16,1448,50,370,40,620,11
2514,16,1448,50,370,40,700,11
2514,16,1448,50,370,40,742,11
2514,16,1448,50,370,40,758,11
2514,16,1448,50,370,40,879,11
2514,16,1448,50,370,40,927,11
2514,16,1448,50,370,40,979,11
2514,16,1448,50,370,40,1003,11
2514,16,1448,50,370,40,1044,11
2514,16,1448,50,370,40,1068,11
2514,16,1448,50,370,40,1153,11
2514,16,1448,50,370,40,1186,11
2514,16,1448,50,370,40,1194,11
2514,16,1448,50,370,40,1259,11
2514,16,1448,50,370,40,1260,11
2514,16,1448,50,370,40,1312,11
2514,16,1448,50,370,40,1388,11
2514,16,1448,50,370,40,1391,11
2514,16,1448,50,370,40,1422,11
2514,16,1448,50,370,40,1556,11
2514,16,1448,50,370,40,1568,11
2514,16,1448,50,370,40,1599,11
2514,16,1448,50,370,40,1747,11
2514,16,1448,50,370,40,1773,11
2514,16,1448,50,370,40,1799,11
2514,16,1448,50,370,40,1818,11
2514,16,1448,50,370,40,1873,11
2514,16,1448,50,370,40,1940,11
2514,16,1448,50,370,40,1956,11
2514,16,1448,50,370,40,1997,11
2514,16,1448,50,370,40,2068,11
2514,16,1448,50,370,40,2079,11
2514,16,1448,50,370,40,2123,11
2514,16,1448,50,370,40,2196,11
2514,16,1448,50,370,40,2206,11
2514,16,1448,50,370,40,2216,11
2514,16,1448,50,370,40,2244,11
2514,16,1448,50,370,40,2259,11
2514,16,1448,50,370,40,2261,11
2514,16,1448,50,370,40,2289,11
2514,16,1448,50,370,40,2359,11
2514,16,1448,50,370,40,2370,11
2514,16,1448,50,370,40,2405,11
2514,16,1448,50,432,18,45,11
2514,16,1448,50,432,18,159,11
2514,16,1448,50,432,18,272,11
2514,16,1448,50,432,18,338,11
2514,16,1448,50,432,18,390,11
2514,16,1448,50,432,18,457,11
2514,16,1448,50,432,18,463,11
2514,16,1448,50,432,18,620,11
2514,16,1448,50,432,18,700,11
2514,16,1448,50,432,18,742,11
2514,16,1448,50,432,18,758,11
2514,16,1448,50,432,18,879,11
2514,16,1448,50,432,18,927,11
2514,16,1448,50,432,18,979,11
2514,16,1448,50,432,18,1003,11
2514,16,1448,50,432,18,1044,11
2514,16,1448,50,432,18,1068,11
2514,16,1448,50,432,18,1153,11
2514,16,1448,50,432,18,1186,11
2514,16,1448,50,432,18,1194,11
2514,16,1448,50,432,18,1259,11
2514,16,1448,50,432,18,1260,11
2514,16,1448,50,432,18,1312,11
2514,16,1448,50,432,18,1388,11
2514,16,1448,50,432,18,1391,11
2514,16,1448,50,432,18,1422,11
2514,16,1448,50,432,18,1556,11
2514,16,1448,50,432,18,1568,11
2514,16,1448,50,432,18,1599,11
2514,16,1448,50,432,18,1747,11
2514,16,1448,50,432,18,1773,11
2514,16,1448,50,432,18,1799,11
2514,16,1448,50,432,18,1818,11
2514,16,1448,50,432,18,1873,11
2514,16,1448,50,432,18,1940,11
2514,16,1448,50,432,18,1956,11
2514,16,1448,50,432,18,1997,11
2514,16,1448,50,432,18,2068,11
2514,16,1448,50,432,18,2079,11
2514,16,1448,50,432,18,2123,11
2514,16,1448,50,432,18,2196,11
2514,16,1448,50,432,18,2206,11
2514,16,1448,50,432,18,2216,11
2514,16,1448,50,432,18,2244,11
2514,16,1448,50,432,18,2259,11
2514,16,1448,50,432,18,2261,11
2514,16,1448,50,432,18,2289,11
2514,16,1448,50,432,18,2359,11
2514,16,1448,50,432,18,2370,11
2514,16,1448,50,432,18,2405,11
2514,16,1448,50,441,23,45,11
2514,16,1448,50,441,23,159,11
2514,16,1448,50,441,23,272,11
2514,16,1448,50,441,23,338,11
2514,16,1448,50,441,23,390,11
2514,16,1448,50,441,23,457,11
2514,16,1448,50,441,23,463,11
2514,16,1448,50,441,23,620,11
2514,16,1448,50,441,23,700,11
2514,16,1448,50,441,23,742,11
2514,16,1448,50,441,23,758,11
2514,16,1448,50,441,23,879,11
2514,16,1448,50,441,23,927,11
2514,16,1448,50,441,23,979,11
2514,16,1448,50,441,23,1003,11
2514,16,1448,50,441,23,1044,11
2514,16,1448,50,441,23,1068,11
2514,16,1448,50,441,23,1153,11
2514,16,1448,50,441,23,1186,11
2514,16,1448,50,441,23,1194,11
2514,16,1448,50,441,23,1259,11
2514,16,1448,50,441,23,1260,11
2514,16,1448,50,441,23,1312,11
2514,16,1448,50,441,23,1388,11
2514,16,1448,50,441,23,1391,11
2514,16,1448,50,441,23,1422,11
2514,16,1448,50,441,23,1556,11
2514,16,1448,50,441,23,1568,11
2514,16,1448,50,441,23,1599,11
2514,16,1448,50,441,23,1747,11
2514,16,1448,50,441,23,1773,11
2514,16,1448,50,441,23,1799,11
2514,16,1448,50,441,23,1818,11
2514,16,1448,50,441,23,1873,11
2514,16,1448,50,441,23,1940,11
2514,16,1448,50,441,23,1956,11
2514,16,1448,50,441,23,1997,11
2514,16,1448,50,441,23,2068,11
2514,16,1448,50,441,23,2079,11
2514,16,1448,50,441,23,2123,11
2514,16,1448,50,441,23,2196,11
2514,16,1448,50,441,23,2206,11
2514,16,1448,50,441,23,2216,11
2514,16,1448,50,441,23,2244,11
2514,16,1448,50,441,23,2259,11
2514,16,1448,50,441,23,2261,11
2514,16,1448,50,441,23,2289,11
2514,16,1448,50,441,23,2359,11
2514,16,1448,50,441,23,2370,11
2514,16,1448,50,441,23,2405,11
2514,16,1448,50,463,24,45,11
2514,16,1448,50,463,24,159,11
2514,16,1448,50,463,24,272,11
2514,16,1448,50,463,24,338,11
2514,16,1448,50,463,24,390,11
2514,16,1448,50,463,24,463,11
2514,16,1448,50,463,24,620,11
2514,16,1448,50,463,24,742,11
2514,16,1448,50,463,24,758,11
2514,16,1448,50,463,24,879,11
2514,16,1448,50,463,24,979,11
2514,16,1448,50,463,24,1044,11
2514,16,1448,50,463,24,1068,11
2514,16,1448,50,463,24,1186,11
2514,16,1448,50,463,24,1259,11
2514,16,1448,50,463,24,1260,11
2514,16,1448,50,463,24,1312,11
2514,16,1448,50,463,24,1388,11
2514,16,1448,50,463,24,1391,11
2514,16,1448,50,463,24,1422,11
2514,16,1448,50,463,24,1556,11
2514,16,1448,50,463,24,1747,11
2514,16,1448,50,463,24,1773,11
2514,16,1448,50,463,24,1799,11
2514,16,1448,50,463,24,1873,11
2514,16,1448,50,463,24,1956,11
2514,16,1448,50,463,24,1997,11
2514,16,1448,50,463,24,2068,11
2514,16,1448,50,463,24,2079,11
2514,16,1448,50,463,24,2123,11
2514,16,1448,50,463,24,2196,11
2514,16,1448,50,463,24,2206,11
2514,16,1448,50,463,24,2216,11
2514,16,1448,50,463,24,2244,11
2514,16,1448,50,463,24,2259,11
2514,16,1448,50,463,24,2261,11
2514,16,1448,50,463,24,2289,11
2514,16,1448,50,463,24,2359,11
2514,16,1448,50,463,24,2370,11
2514,16,1448,50,463,24,2405,11
2514,16,1448,50,572,24,45,11
2514,16,1448,50,572,24,159,11
2514,16,1448,50,572,24,272,11
2514,16,1448,50,572,24,338,11
2514,16,1448,50,572,24,390,11
2514,16,1448,50,572,24,457,11
2514,16,1448,50,572,24,463,11
2514,16,1448,50,572,24,620,11
2514,16,1448,50,572,24,700,11
2514,16,1448,50,572,24,742,11
2514,16,1448,50,572,24,758,11
2514,16,1448,50,572,24,879,11
2514,16,1448,50,572,24,927,11
2514,16,1448,50,572,24,979,11
2514,16,1448,50,572,24,1003,11
2514,16,1448,50,572,24,1044,11
2514,16,1448,50,572,24,1068,11
2514,16,1448,50,572,24,1153,11
2514,16,1448,50,572,24,1186,11
2514,16,1448,50,572,24,1194,11
2514,16,1448,50,572,24,1259,11
2514,16,1448,50,572,24,1260,11
2514,16,1448,50,572,24,1312,11
2514,16,1448,50,572,24,1388,11
2514,16,1448,50,572,24,1391,11
2514,16,1448,50,572,24,1422,11
2514,16,1448,50,572,24,1556,11
2514,16,1448,50,572,24,1568,11
2514,16,1448,50,572,24,1599,11
2514,16,1448,50,572,24,1747,11
2514,16,1448,50,572,24,1773,11
2514,16,1448,50,572,24,1799,11
2514,16,1448,50,572,24,1818,11
2514,16,1448,50,572,24,1873,11
2514,16,1448,50,572,24,1940,11
2514,16,1448,50,572,24,1956,11
2514,16,1448,50,572,24,1997,11
2514,16,1448,50,572,24,2068,11
2514,16,1448,50,572,24,2079,11
2514,16,1448,50,572,24,2123,11
2514,16,1448,50,572,24,2196,11
2514,16,1448,50,572,24,2206,11
2514,16,1448,50,572,24,2216,11
2514,16,1448,50,572,24,2244,11
2514,16,1448,50,572,24,2259,11
2514,16,1448,50,572,24,2261,11
2514,16,1448,50,572,24,2289,11
2514,16,1448,50,572,24,2359,11
2514,16,1448,50,572,24,2370,11
2514,16,1448,50,572,24,2405,11
2514,16,1448,50,573,27,45,11
2514,16,1448,50,573,27,159,11
2514,16,1448,50,573,27,272,11
2514,16,1448,50,573,27,338,11
2514,16,1448,50,573,27,390,11
2514,16,1448,50,573,27,457,11
2514,16,1448,50,573,27,463,11
2514,16,1448,50,573,27,620,11
2514,16,1448,50,573,27,700,11
2514,16,1448,50,573,27,742,11
2514,16,1448,50,573,27,758,11
2514,16,1448,50,573,27,879,11
2514,16,1448,50,573,27,927,11
2514,16,1448,50,573,27,979,11
2514,16,1448,50,573,27,1003,11
2514,16,1448,50,573,27,1044,11
2514,16,1448,50,573,27,1068,11
2514,16,1448,50,573,27,1153,11
2514,16,1448,50,573,27,1186,11
2514,16,1448,50,573,27,1194,11
2514,16,1448,50,573,27,1259,11
2514,16,1448,50,573,27,1260,11
2514,16,1448,50,573,27,1312,11
2514,16,1448,50,573,27,1388,11
2514,16,1448,50,573,27,1391,11
2514,16,1448,50,573,27,1422,11
2514,16,1448,50,573,27,1556,11
2514,16,1448,50,573,27,1568,11
2514,16,1448,50,573,27,1599,11
2514,16,1448,50,573,27,1747,11
2514,16,1448,50,573,27,1773,11
2514,16,1448,50,573,27,1799,11
2514,16,1448,50,573,27,1818,11
2514,16,1448,50,573,27,1873,11
2514,16,1448,50,573,27,1940,11
2514,16,1448,50,573,27,1956,11
2514,16,1448,50,573,27,1997,11
2514,16,1448,50,573,27,2068,11
2514,16,1448,50,573,27,2079,11
2514,16,1448,50,573,27,2123,11
2514,16,1448,50,573,27,2196,11
2514,16,1448,50,573,27,2206,11
2514,16,1448,50,573,27,2216,11
2514,16,1448,50,573,27,2244,11
2514,16,1448,50,573,27,2259,11
2514,16,1448,50,573,27,2261,11
2514,16,1448,50,573,27,2289,11
2514,16,1448,50,573,27,2359,11
2514,16,1448,50,573,27,2370,11
2514,16,1448,50,573,27,2405,11
2514,16,1448,50,1431,23,45,11
2514,16,1448,50,1431,23,159,11
2514,16,1448,50,1431,23,272,11
2514,16,1448,50,1431,23,338,11
2514,16,1448,50,1431,23,390,11
2514,16,1448,50,1431,23,457,11
2514,16,1448,50,1431,23,463,11
2514,16,1448,50,1431,23,620,11
2514,16,1448,50,1431,23,700,11
2514,16,1448,50,1431,23,742,11
2514,16,1448,50,1431,23,758,11
2514,16,1448,50,1431,23,879,11
2514,16,1448,50,1431,23,927,11
2514,16,1448,50,1431,23,979,11
2514,16,1448,50,1431,23,1003,11
2514,16,1448,50,1431,23,1044,11
2514,16,1448,50,1431,23,1068,11
2514,16,1448,50,1431,23,1153,11
2514,16,1448,50,1431,23,1186,11
2514,16,1448,50,1431,23,1194,11
2514,16,1448,50,1431,23,1259,11
2514,16,1448,50,1431,23,1260,11
2514,16,1448,50,1431,23,1312,11
2514,16,1448,50,1431,23,1388,11
2514,16,1448,50,1431,23,1391,11
2514,16,1448,50,1431,23,1422,11
2514,16,1448,50,1431,23,1556,11
2514,16,1448,50,1431,23,1568,11
2514,16,1448,50,1431,23,1599,11
2514,16,1448,50,1431,23,1747,11
2514,16,1448,50,1431,23,1773,11
2514,16,1448,50,1431,23,1799,11
2514,16,1448,50,1431,23,1818,11
2514,16,1448,50,1431,23,1873,11
2514,16,1448,50,1431,23,1940,11
2514,16,1448,50,1431,23,1956,11
2514,16,1448,50,1431,23,1997,11
2514,16,1448,50,1431,23,2068,11
2514,16,1448,50,1431,23,2079,11
2514,16,1448,50,1431,23,2123,11
2514,16,1448,50,1431,23,2196,11
2514,16,1448,50,1431,23,2206,11
2514,16,1448,50,1431,23,2216,11
2514,16,1448,50,1431,23,2244,11
2514,16,1448,50,1431,23,2259,11
2514,16,1448,50,1431,23,2261,11
2514,16,1448,50,1431,23,2289,11
2514,16,1448,50,1431,23,2359,11
2514,16,1448,50,1431,23,2370,11
2514,16,1448,50,1431,23,2405,11
2514,16,1448,50,1557,20,45,11
2514,16,1448,50,1557,20,159,11
2514,16,1448,50,1557,20,272,11
2514,16,1448,50,1557,20,338,11
2514,16,1448,50,1557,20,390,11
2514,16,1448,50,1557,20,457,11
2514,16,1448,50,1557,20,463,11
2514,16,1448,50,1557,20,620,11
2514,16,1448,50,1557,20,700,11
2514,16,1448,50,1557,20,742,11
2514,16,1448,50,1557,20,758,11
2514,16,1448,50,1557,20,879,11
2514,16,1448,50,1557,20,927,11
2514,16,1448,50,1557,20,979,11
2514,16,1448,50,1557,20,1003,11
2514,16,1448,50,1557,20,1044,11
2514,16,1448,50,1557,20,1068,11
2514,16,1448,50,1557,20,1153,11
2514,16,1448,50,1557,20,1186,11
2514,16,1448,50,1557,20,1194,11
2514,16,1448,50,1557,20,1259,11
2514,16,1448,50,1557,20,1260,11
2514,16,1448,50,1557,20,1312,11
2514,16,1448,50,1557,20,1388,11
2514,16,1448,50,1557,20,1391,11
2514,16,1448,50,1557,20,1422,11
2514,16,1448,50,1557,20,1556,11
2514,16,1448,50,1557,20,1568,11
2514,16,1448,50,1557,20,1599,11
2514,16,1448,50,1557,20,1747,11
2514,16,1448,50,1557,20,1773,11
2514,16,1448,50,1557,20,1799,11
2514,16,1448,50,1557,20,1818,11
2514,16,1448,50,1557,20,1873,11
2514,16,1448,50,1557,20,1940,11
2514,16,1448,50,1557,20,1956,11
2514,16,1448,50,1557,20,1997,11
2514,16,1448,50,1557,20,2068,11
2514,16,1448,50,1557,20,2079,11
2514,16,1448,50,1557,20,2123,11
2514,16,1448,50,1557,20,2196,11
2514,16,1448,50,1557,20,2206,11
2514,16,1448,50,1557,20,2216,11
2514,16,1448,50,1557,20,2244,11
2514,16,1448,50,1557,20,2259,11
2514,16,1448,50,1557,20,2261,11
2514,16,1448,50,1557,20,2289,11
2514,16,1448,50,1557,20,2359,11
2514,16,1448,50,1557,20,2370,11
2514,16,1448,50,1557,20,2405,11
2514,16,1448,50,1599,38,45,11
2514,16,1448,50,1599,38,159,11
2514,16,1448,50,1599,38,272,11
2514,16,1448,50,1599,38,338,11
2514,16,1448,50,1599,38,390,11
2514,16,1448,50,1599,38,457,11
2514,16,1448,50,1599,38,463,11
2514,16,1448,50,1599,38,620,11
2514,16,1448,50,1599,38,700,11
2514,16,1448,50,1599,38,742,11
2514,16,1448,50,1599,38,758,11
2514,16,1448,50,1599,38,879,11
2514,16,1448,50,1599,38,927,11
2514,16,1448,50,1599,38,979,11
2514,16,1448,50,1599,38,1003,11
2514,16,1448,50,1599,38,1044,11
2514,16,1448,50,1599,38,1068,11
2514,16,1448,50,1599,38,1153,11
2514,16,1448,50,1599,38,1186,11
2514,16,1448,50,1599,38,1194,11
2514,16,1448,50,1599,38,1259,11
2514,16,1448,50,1599,38,1260,11
2514,16,1448,50,1599,38,1312,11
2514,16,1448,50,1599,38,1388,11
2514,16,1448,50,1599,38,1391,11
2514,16,1448,50,1599,38,1422,11
2514,16,1448,50,1599,38,1556,11
2514,16,1448,50,1599,38,1568,11
2514,16,1448,50,1599,38,1599,11
2514,16,1448,50,1599,38,1747,11
2514,16,1448,50,1599,38,1773,11
2514,16,1448,50,1599,38,1799,11
2514,16,1448,50,1599,38,1818,11
2514,16,1448,50,1599,38,1873,11
2514,16,1448,50,1599,38,1940,11
2514,16,1448,50,1599,38,1956,11
2514,16,1448,50,1599,38,1997,11
2514,16,1448,50,1599,38,2068,11
2514,16,1448,50,1599,38,2079,11
2514,16,1448,50,1599,38,2123,11
2514,16,1448,50,1599,38,2196,11
2514,16,1448,50,1599,38,2206,11
2514,16,1448,50,1599,38,2216,11
2514,16,1448,50,1599,38,2244,11
2514,16,1448,50,1599,38,2259,11
2514,16,1448,50,1599,38,2261,11
2514,16,1448,50,1599,38,2289,11
2514,16,1448,50,1599,38,2359,11
2514,16,1448,50,1599,38,2370,11
2514,16,1448,50,1599,38,2405,11
2514,16,1448,50,1789,22,45,11
2514,16,1448,50,1789,22,159,11
2514,16,1448,50,1789,22,272,11
2514,16,1448,50,1789,22,338,11
2514,16,1448,50,1789,22,390,11
2514,16,1448,50,1789,22,457,11
2514,16,1448,50,1789,22,463,11
2514,16,1448,50,1789,22,620,11
2514,16,1448,50,1789,22,700,11
2514,16,1448,50,1789,22,742,11
2514,16,1448,50,1789,22,758,11
2514,16,1448,50,1789,22,879,11
2514,16,1448,50,1789,22,927,11
2514,16,1448,50,1789,22,979,11
2514,16,1448,50,1789,22,1003,11
2514,16,1448,50,1789,22,1044,11
2514,16,1448,50,1789,22,1068,11
2514,16,1448,50,1789,22,1153,11
2514,16,1448,50,1789,22,1186,11
2514,16,1448,50,1789,22,1194,11
2514,16,1448,50,1789,22,1259,11
2514,16,1448,50,1789,22,1260,11
2514,16,1448,50,1789,22,1312,11
2514,16,1448,50,1789,22,1388,11
2514,16,1448,50,1789,22,1391,11
2514,16,1448,50,1789,22,1422,11
2514,16,1448,50,1789,22,1556,11
2514,16,1448,50,1789,22,1568,11
2514,16,1448,50,1789,22,1599,11
2514,16,1448,50,1789,22,1747,11
2514,16,1448,50,1789,22,1773,11
2514,16,1448,50,1789,22,1799,11
2514,16,1448,50,1789,22,1818,11
2514,16,1448,50,1789,22,1873,11
2514,16,1448,50,1789,22,1940,11
2514,16,1448,50,1789,22,1956,11
2514,16,1448,50,1789,22,1997,11
2514,16,1448,50,1789,22,2068,11
2514,16,1448,50,1789,22,2079,11
2514,16,1448,50,1789,22,2123,11
2514,16,1448,50,1789,22,2196,11
2514,16,1448,50,1789,22,2206,11
2514,16,1448,50,1789,22,2216,11
2514,16,1448,50,1789,22,2244,11
2514,16,1448,50,1789,22,2259,11
2514,16,1448,50,1789,22,2261,11
2514,16,1448,50,1789,22,2289,11
2514,16,1448,50,1789,22,2359,11
2514,16,1448,50,1789,22,2370,11
2514,16,1448,50,1789,22,2405,11
2514,16,1448,50,1997,38,45,11
2514,16,1448,50,1997,38,159,11
2514,16,1448,50,1997,38,272,11
2514,16,1448,50,1997,38,338,11
2514,16,1448,50,1997,38,390,11
2514,16,1448,50,1997,38,457,11
2514,16,1448,50,1997,38,463,11
2514,16,1448,50,1997,38,620,11
2514,16,1448,50,1997,38,700,11
2514,16,1448,50,1997,38,742,11
2514,16,1448,50,1997,38,758,11
2514,16,1448,50,1997,38,879,11
2514,16,1448,50,1997,38,927,11
2514,16,1448,50,1997,38,979,11
2514,16,1448,50,1997,38,1003,11
2514,16,1448,50,1997,38,1044,11
2514,16,1448,50,1997,38,1068,11
2514,16,1448,50,1997,38,1153,11
2514,16,1448,50,1997,38,1186,11
2514,16,1448,50,1997,38,1194,11
2514,16,1448,50,1997,38,1259,11
2514,16,1448,50,1997,38,1260,11
2514,16,1448,50,1997,38,1312,11
2514,16,1448,50,1997,38,1388,11
2514,16,1448,50,1997,38,1391,11
2514,16,1448,50,1997,38,1422,11
2514,16,1448,50,1997,38,1556,11
2514,16,1448,50,1997,38,1568,11
2514,16,1448,50,1997,38,1599,11
2514,16,1448,50,1997,38,1747,11
2514,16,1448,50,1997,38,1773,11
2514,16,1448,50,1997,38,1799,11
2514,16,1448,50,1997,38,1818,11
2514,16,1448,50,1997,38,1873,11
2514,16,1448,50,1997,38,1940,11
2514,16,1448,50,1997,38,1956,11
2514,16,1448,50,1997,38,1997,11
2514,16,1448,50,1997,38,2068,11
2514,16,1448,50,1997,38,2079,11
2514,16,1448,50,1997,38,2123,11
2514,16,1448,50,1997,38,2196,11
2514,16,1448,50,1997,38,2206,11
2514,16,1448,50,1997,38,2216,11
2514,16,1448,50,1997,38,2244,11
2514,16,1448,50,1997,38,2259,11
2514,16,1448,50,1997,38,2261,11
2514,16,1448,50,1997,38,2289,11
2514,16,1448,50,1997,38,2359,11
2514,16,1448,50,1997,38,2370,11
2514,16,1448,50,1997,38,2405,11
