2514,16,1242,43,298,35,45,11
2514,16,1242,43,298,35,159,11
2514,16,1242,43,298,35,272,11
2514,16,1242,43,298,35,338,11
2514,16,1242,43,298,35,390,11
2514,16,1242,43,298,35,457,11
2514,16,1242,43,298,35,463,11
2514,16,1242,43,298,35,620,11
2514,16,1242,43,298,35,700,11
2514,16,1242,43,298,35,742,11
2514,16,1242,43,298,35,758,11
2514,16,1242,43,298,35,879,11
2514,16,1242,43,298,35,927,11
2514,16,1242,43,298,35,979,11
2514,16,1242,43,298,35,1003,11
2514,16,1242,43,298,35,1044,11
2514,16,1242,43,298,35,1068,11
2514,16,1242,43,298,35,1153,11
2514,16,1242,43,298,35,1186,11
2514,16,1242,43,298,35,1194,11
2514,16,1242,43,298,35,1259,11
2514,16,1242,43,298,35,1260,11
2514,16,1242,43,298,35,1312,11
2514,16,1242,43,298,35,1388,11
2514,16,1242,43,298,35,1391,11
2514,16,1242,43,298,35,1422,11
2514,16,1242,43,298,35,1556,11
2514,16,1242,43,298,35,1568,11
2514,16,1242,43,298,35,1599,11
2514,16,1242,43,298,35,1747,11
2514,16,1242,43,298,35,1773,11
2514,16,1242,43,298,35,1799,11
2514,16,1242,43,298,35,1818,11
2514,16,1242,43,298,35,1873,11
2514,16,1242,43,298,35,1940,11
2514,16,1242,43,298,35,1956,11
2514,16,1242,43,298,35,1997,11
2514,16,1242,43,298,35,2068,11
2514,16,1242,43,298,35,2079,11
2514,16,1242,43,298,35,2123,11
2514,16,1242,43,298,35,2196,11
2514,16,1242,43,298,35,2206,11
2514,16,1242,43,298,35,2216,11
2514,16,1242,43,298,35,2244,11
2514,16,1242,43,298,35,2259,11
2514,16,1242,43,298,35,2261,11
2514,16,1242,43,298,35,2289,11
2514,16,1242,43,298,35,2359,11
2514,16,1242,43,298,35,2370,11
2514,16,1242,43,298,35,2405,11
2514,16,1457,9,373,46,45,11
2514,16,1457,9,373,46,159,11
2514,16,1457,9,373,46,272,11
2514,16,1457,9,373,46,338,11
2514,16,1457,9,373,46,390,11
2514,16,1457,9,373,46,457,11
2514,16,1457,9,373,46,463,11
2514,16,1457,9,373,46,620,11
2514,16,1457,9,373,46,700,11
2514,16,1457,9,373,46,742,11
2514,16,1457,9,373,46,758,11
2514,16,1457,9,373,46,879,11
2514,16,1457,9,373,46,927,11
2514,16,1457,9,373,46,979,11
2514,16,1457,9,373,46,1003,11
2514,16,1457,9,373,46,1044,11
2514,16,1457,9,373,46,1068,11
2514,16,1457,9,373,46,1153,11
2514,16,1457,9,373,46,1186,11
2514,16,1457,9,373,46,1194,11
2514,16,1457,9,373,46,1259,11
2514,16,1457,9,373,46,1260,11
2514,16,1457,9,373,46,1312,11
2514,16,1457,9,373,46,1388,11
2514,16,1457,9,373,46,1391,11
2514,16,1457,9,373,46,1422,11
2514,16,1457,9,373,46,1556,11
2514,16,1457,9,373,46,1568,11
2514,16,1457,9,373,46,1599,11
2514,16,1457,9,373,46,1747,11
2514,16,1457,9,373,46,1773,11
2514,16,1457,9,373,46,1799,11
2514,16,1457,9,373,46,1818,11
2514,16,1457,9,373,46,1873,11
2514,16,1457,9,373,46,1940,11
2514,16,1457,9,373,46,1956,11
2514,16,1457,9,373,46,1997,11
2514,16,1457,9,373,46,2068,11
2514,16,1457,9,373,46,2079,11
2514,16,1457,9,373,46,2123,11
2514,16,1457,9,373,46,2196,11
2514,16,1457,9,373,46,2206,11
2514,16,1457,9,373,46,2216,11
2514,16,1457,9,373,46,2244,11
2514,16,1457,9,373,46,2259,11
2514,16,1457,9,373,46,2261,11
2514,16,1457,9,373,46,2289,11
2514,16,1457,9,373,46,2359,11
2514,16,1457,9,373,46,2370,11
2514,16,1457,9,373,46,2405,11
2514,16,1457,9,435,39,45,11
2514,16,1457,9,435,39,159,11
2514,16,1457,9,435,39,272,11
2514,16,1457,9,435,39,338,11
2514,16,1457,9,435,39,390,11
2514,16,1457,9,435,39,457,11
2514,16,1457,9,435,39,463,11
2514,16,1457,9,435,39,620,11
2514,16,1457,9,435,39,700,11
2514,16,1457,9,435,39,742,11
2514,16,1457,9,435,39,758,11
2514,16,1457,9,435,39,879,11
2514,16,1457,9,435,39,927,11
2514,16,1457,9,435,39,979,11
2514,16,1457,9,435,39,1003,11
2514,16,1457,9,435,39,1044,11
2514,16,1457,9,435,39,1068,11
2514,16,1457,9,435,39,1153,11
2514,16,1457,9,435,39,1186,11
2514,16,1457,9,435,39,1194,11
2514,16,1457,9,435,39,1259,11
2514,16,1457,9,435,39,1260,11
2514,16,1457,9,435,39,1312,11
2514,16,1457,9,435,39,1388,11
2514,16,1457,9,435,39,1391,11
2514,16,1457,9,435,39,1422,11
2514,16,1457,9,435,39,1556,11
2514,16,1457,9,435,39,1568,11
2514,16,1457,9,435,39,1599,11
2514,16,1457,9,435,39,1747,11
2514,16,1457,9,435,39,1773,11
2514,16,1457,9,435,39,1799,11
2514,16,1457,9,435,39,1818,11
2514,16,1457,9,435,39,1873,11
2514,16,1457,9,435,39,1940,11
2514,16,1457,9,435,39,1956,11
2514,16,1457,9,435,39,1997,11
2514,16,1457,9,435,39,2068,11
2514,16,1457,9,435,39,2079,11
2514,16,1457,9,435,39,2123,11
2514,16,1457,9,435,39,2196,11
2514,16,1457,9,435,39,2206,11
2514,16,1457,9,435,39,2216,11
2514,16,1457,9,435,39,2244,11
2514,16,1457,9,435,39,2259,11
2514,16,1457,9,435,39,2261,11
2514,16,1457,9,435,39,2289,11
2514,16,1457,9,435,39,2359,11
2514,16,1457,9,435,39,2370,11
2514,16,1457,9,435,39,2405,11
2514,16,1242,43,547,47,45,11
2514,16,1242,43,547,47,159,11
2514,16,1242,43,547,47,272,11
2514,16,1242,43,547,47,338,11
2514,16,1242,43,547,47,390,11
2514,16,1242,43,547,47,463,11
2514,16,1242,43,547,47,620,11
2514,16,1242,43,547,47,742,11
2514,16,1242,43,547,47,758,11
2514,16,1242,43,547,47,879,11
2514,16,1242,43,547,47,979,11
2514,16,1242,43,547,47,1044,11
2514,16,1242,43,547,47,1068,11
2514,16,1242,43,547,47,1186,11
2514,16,1242,43,547,47,1259,11
2514,16,1242,43,547,47,1260,11
2514,16,1242,43,547,47,1312,11
2514,16,1242,43,547,47,1388,11
2514,16,1242,43,547,47,1391,11
2514,16,1242,43,547,47,1422,11
2514,16,1242,43,547,47,1556,11
2514,16,1242,43,547,47,1747,11
2514,16,1242,43,547,47,1773,11
2514,16,1242,43,547,47,1799,11
2514,16,1242,43,547,47,1873,11
2514,16,1242,43,547,47,1956,11
2514,16,1242,43,547,47,1997,11
2514,16,1242,43,547,47,2068,11
2514,16,1242,43,547,47,2079,11
2514,16,1242,43,547,47,2123,11
2514,16,1242,43,547,47,2196,11
2514,16,1242,43,547,47,2206,11
2514,16,1242,43,547,47,2216,11
2514,16,1242,43,547,47,2244,11
2514,16,1242,43,547,47,2259,11
2514,16,1242,43,547,47,2261,11
2514,16,1242,43,547,47,2289,11
2514,16,1242,43,547,47,2359,11
2514,16,1242,43,547,47,2370,11
2514,16,1242,43,547,47,2405,11
2514,16,1457,9,775,46,45,11
2514,16,1457,9,775,46,159,11
2514,16,1457,9,775,46,272,11
2514,16,1457,9,775,46,338,11
2514,16,1457,9,775,46,390,11
2514,16,1457,9,775,46,457,11
2514,16,1457,9,775,46,463,11
2514,16,1457,9,775,46,620,11
2514,16,1457,9,775,46,700,11
2514,16,1457,9,775,46,742,11
2514,16,1457,9,775,46,758,11
2514,16,1457,9,775,46,879,11
2514,16,1457,9,775,46,927,11
2514,16,1457,9,775,46,979,11
2514,16,1457,9,775,46,1003,11
2514,16,1457,9,775,46,1044,11
2514,16,1457,9,775,46,1068,11
2514,16,1457,9,775,46,1153,11
2514,16,1457,9,775,46,1186,11
2514,16,1457,9,775,46,1194,11
2514,16,1457,9,775,46,1259,11
2514,16,1457,9,775,46,1260,11
2514,16,1457,9,775,46,1312,11
2514,16,1457,9,775,46,1388,11
2514,16,1457,9,775,46,1391,11
2514,16,1457,9,775,46,1422,11
2514,16,1457,9,775,46,1556,11
2514,16,1457,9,775,46,1568,11
2514,16,1457,9,775,46,1599,11
2514,16,1457,9,775,46,1747,11
2514,16,1457,9,775,46,1773,11
2514,16,1457,9,775,46,1799,11
2514,16,1457,9,775,46,1818,11
2514,16,1457,9,775,46,1873,11
2514,16,1457,9,775,46,1940,11
2514,16,1457,9,775,46,1956,11
2514,16,1457,9,775,46,1997,11
2514,16,1457,9,775,46,2068,11
2514,16,1457,9,775,46,2079,11
2514,16,1457,9,775,46,2123,11
2514,16,1457,9,775,46,2196,11
2514,16,1457,9,775,46,2206,11
2514,16,1457,9,775,46,2216,11
2514,16,1457,9,775,46,2244,11
2514,16,1457,9,775,46,2259,11
2514,16,1457,9,775,46,2261,11
2514,16,1457,9,775,46,2289,11
2514,16,1457,9,775,46,2359,11
2514,16,1457,9,775,46,2370,11
2514,16,1457,9,775,46,2405,11
2514,16,1242,43,841,27,45,11
2514,16,1242,43,841,27,159,11
2514,16,1242,43,841,27,272,11
2514,16,1242,43,841,27,338,11
2514,16,1242,43,841,27,390,11
2514,16,1242,43,841,27,457,11
2514,16,1242,43,841,27,463,11
2514,16,1242,43,841,27,620,11
2514,16,1242,43,841,27,700,11
2514,16,1242,43,841,27,742,11
2514,16,1242,43,841,27,758,11
2514,16,1242,43,841,27,879,11
2514,16,1242,43,841,27,927,11
2514,16,1242,43,841,27,979,11
2514,16,1242,43,841,27,1003,11
2514,16,1242,43,841,27,1044,11
2514,16,1242,43,841,27,1068,11
2514,16,1242,43,841,27,1153,11
2514,16,1242,43,841,27,1186,11
2514,16,1242,43,841,27,1194,11
2514,16,1242,43,841,27,1259,11
2514,16,1242,43,841,27,1260,11
2514,16,1242,43,841,27,1312,11
2514,16,1242,43,841,27,1388,11
2514,16,1242,43,841,27,1391,11
2514,16,1242,43,841,27,1422,11
2514,16,1242,43,841,27,1556,11
2514,16,1242,43,841,27,1568,11
2514,16,1242,43,841,27,1599,11
2514,16,1242,43,841,27,1747,11
2514,16,1242,43,841,27,1773,11
2514,16,1242,43,841,27,1799,11
2514,16,1242,43,841,27,1818,11
2514,16,1242,43,841,27,1873,11
2514,16,1242,43,841,27,1940,11
2514,16,1242,43,841,27,1956,11
2514,16,1242,43,841,27,1997,11
2514,16,1242,43,841,27,2068,11
2514,16,1242,43,841,27,2079,11
2514,16,1242,43,841,27,2123,11
2514,16,1242,43,841,27,2196,11
2514,16,1242,43,841,27,2206,11
2514,16,1242,43,841,27,2216,11
2514,16,1242,43,841,27,2244,11
2514,16,1242,43,841,27,2259,11
2514,16,1242,43,841,27,2261,11
2514,16,1242,43,841,27,2289,11
2514,16,1242,43,841,27,2359,11
2514,16,1242,43,841,27,2370,11
2514,16,1242,43,841,27,2405,11
2514,16,1457,9,855,48,45,11
2514,16,1457,9,855,48,159,11
2514,16,1457,9,855,48,272,11
2514,16,1457,9,855,48,338,11
2514,16,1457,9,855,48,390,11
2514,16,1457,9,855,48,457,11
2514,16,1457,9,855,48,463,11
2514,16,1457,9,855,48,620,11
2514,16,1457,9,855,48,700,11
2514,16,1457,9,855,48,742,11
2514,16,1457,9,855,48,758,11
2514,16,1457,9,855,48,879,11
2514,16,1457,9,855,48,927,11
2514,16,1457,9,855,48,979,11
2514,16,1457,9,855,48,1003,11
2514,16,1457,9,855,48,1044,11
2514,16,1457,9,855,48,1068,11
2514,16,1457,9,855,48,1153,11
2514,16,1457,9,855,48,1186,11
2514,16,1457,9,855,48,1194,11
2514,16,1457,9,855,48,1259,11
2514,16,1457,9,855,48,1260,11
2514,16,1457,9,855,48,1312,11
2514,16,1457,9,855,48,1388,11
2514,16,1457,9,855,48,1391,11
2514,16,1457,9,855,48,1422,11
2514,16,1457,9,855,48,1556,11
2514,16,1457,9,855,48,1568,11
2514,16,1457,9,855,48,1599,11
2514,16,1457,9,855,48,1747,11
2514,16,1457,9,855,48,1773,11
2514,16,1457,9,855,48,1799,11
2514,16,1457,9,855,48,1818,11
2514,16,1457,9,855,48,1873,11
2514,16,1457,9,855,48,1940,11
2514,16,1457,9,855,48,1956,11
2514,16,1457,9,855,48,1997,11
2514,16,1457,9,855,48,2068,11
2514,16,1457,9,855,48,2079,11
2514,16,1457,9,855,48,2123,11
2514,16,1457,9,855,48,2196,11
2514,16,1457,9,855,48,2206,11
2514,16,1457,9,855,48,2216,11
2514,16,1457,9,855,48,2244,11
2514,16,1457,9,855,48,2259,11
2514,16,1457,9,855,48,2261,11
2514,16,1457,9,855,48,2289,11
2514,16,1457,9,855,48,2359,11
2514,16,1457,9,855,48,2370,11
2514,16,1457,9,855,48,2405,11
2514,16,1457,9,976,41,45,11
2514,16,1457,9,976,41,159,11
2514,16,1457,9,976,41,272,11
2514,16,1457,9,976,41,338,11
2514,16,1457,9,976,41,390,11
2514,16,1457,9,976,41,457,11
2514,16,1457,9,976,41,463,11
2514,16,1457,9,976,41,620,11
2514,16,1457,9,976,41,700,11
2514,16,1457,9,976,41,742,11
2514,16,1457,9,976,41,758,11
2514,16,1457,9,976,41,879,11
2514,16,1457,9,976,41,927,11
2514,16,1457,9,976,41,979,11
2514,16,1457,9,976,41,1003,11
2514,16,1457,9,976,41,1044,11
2514,16,1457,9,976,41,1068,11
2514,16,1457,9,976,41,1153,11
2514,16,1457,9,976,41,1186,11
2514,16,1457,9,976,41,1194,11
2514,16,1457,9,976,41,1259,11
2514,16,1457,9,976,41,1260,11
2514,16,1457,9,976,41,1312,11
2514,16,1457,9,976,41,1388,11
2514,16,1457,9,976,41,1391,11
2514,16,1457,9,976,41,1422,11
2514,16,1457,9,976,41,1556,11
2514,16,1457,9,976,41,1568,11
2514,16,1457,9,976,41,1599,11
2514,16,1457,9,976,41,1747,11
2514,16,1457,9,976,41,1773,11
2514,16,1457,9,976,41,1799,11
2514,16,1457,9,976,41,1818,11
2514,16,1457,9,976,41,1873,11
2514,16,1457,9,976,41,1940,11
2514,16,1457,9,976,41,1956,11
2514,16,1457,9,976,41,1997,11
2514,16,1457,9,976,41,2068,11
2514,16,1457,9,976,41,2079,11
2514,16,1457,9,976,41,2123,11
2514,16,1457,9,976,41,2196,11
2514,16,1457,9,976,41,2206,11
2514,16,1457,9,976,41,2216,11
2514,16,1457,9,976,41,2244,11
2514,16,1457,9,976,41,2259,11
2514,16,1457,9,976,41,2261,11
2514,16,1457,9,976,41,2289,11
2514,16,1457,9,976,41,2359,11
2514,16,1457,9,976,41,2370,11
2514,16,1457,9,976,41,2405,11
2514,16,1242,43,1025,45,45,11
2514,16,1242,43,1025,45,159,11
2514,16,1242,43,1025,45,272,11
2514,16,1242,43,1025,45,338,11
2514,16,1242,43,1025,45,390,11
2514,16,1242,43,1025,45,457,11
2514,16,1242,43,1025,45,463,11
2514,16,1242,43,1025,45,620,11
2514,16,1242,43,1025,45,700,11
2514,16,1242,43,1025,45,742,11
2514,16,1242,43,1025,45,758,11
2514,16,1242,43,1025,45,879,11
2514,16,1242,43,1025,45,927,11
2514,16,1242,43,1025,45,979,11
2514,16,1242,43,1025,45,1003,11
2514,16,1242,43,1025,45,1044,11
2514,16,1242,43,1025,45,1068,11
2514,16,1242,43,1025,45,1153,11
2514,16,1242,43,1025,45,1186,11
2514,16,1242,43,1025,45,1194,11
2514,16,1242,43,1025,45,1259,11
2514,16,1242,43,1025,45,1260,11
2514,16,1242,43,1025,45,1312,11
2514,16,1242,43,1025,45,1388,11
2514,16,1242,43,1025,45,1391,11
2514,16,1242,43,1025,45,1422,11
2514,16,1242,43,1025,45,1556,11
2514,16,1242,43,1025,45,1568,11
2514,16,1242,43,1025,45,1599,11
2514,16,1242,43,1025,45,1747,11
2514,16,1242,43,1025,45,1773,11
2514,16,1242,43,1025,45,1799,11
2514,16,1242,43,1025,45,1818,11
2514,16,1242,43,1025,45,1873,11
2514,16,1242,43,1025,45,1940,11
2514,16,1242,43,1025,45,1956,11
2514,16,1242,43,1025,45,1997,11
2514,16,1242,43,1025,45,2068,11
2514,16,1242,43,1025,45,2079,11
2514,16,1242,43,1025,45,2123,11
2514,16,1242,43,1025,45,2196,11
2514,16,1242,43,1025,45,2206,11
2514,16,1242,43,1025,45,2216,11
2514,16,1242,43,1025,45,2244,11
2514,16,1242,43,1025,45,2259,11
2514,16,1242,43,1025,45,2261,11
2514,16,1242,43,1025,45,2289,11
2514,16,1242,43,1025,45,2359,11
2514,16,1242,43,1025,45,2370,11
2514,16,1242,43,1025,45,2405,11
2514,16,1457,9,1183,37,45,11
2514,16,1457,9,1183,37,159,11
2514,16,1457,9,1183,37,272,11
2514,16,1457,9,1183,37,338,11
2514,16,1457,9,1183,37,390,11
2514,16,1457,9,1183,37,457,11
2514,16,1457,9,1183,37,463,11
2514,16,1457,9,1183,37,620,11
2514,16,1457,9,1183,37,700,11
2514,16,1457,9,1183,37,742,11
2514,16,1457,9,1183,37,758,11
2514,16,1457,9,1183,37,879,11
2514,16,1457,9,1183,37,927,11
2514,16,1457,9,1183,37,979,11
2514,16,1457,9,1183,37,1003,11
2514,16,1457,9,1183,37,1044,11
2514,16,1457,9,1183,37,1068,11
2514,16,1457,9,1183,37,1153,11
2514,16,1457,9,1183,37,1186,11
2514,16,1457,9,1183,37,1194,11
2514,16,1457,9,1183,37,1259,11
2514,16,1457,9,1183,37,1260,11
2514,16,1457,9,1183,37,1312,11
2514,16,1457,9,1183,37,1388,11
2514,16,1457,9,1183,37,1391,11
2514,16,1457,9,1183,37,1422,11
2514,16,1457,9,1183,37,1556,11
2514,16,1457,9,1183,37,1568,11
2514,16,1457,9,1183,37,1599,11
2514,16,1457,9,1183,37,1747,11
2514,16,1457,9,1183,37,1773,11
2514,16,1457,9,1183,37,1799,11
2514,16,1457,9,1183,37,1818,11
2514,16,1457,9,1183,37,1873,11
2514,16,1457,9,1183,37,1940,11
2514,16,1457,9,1183,37,1956,11
2514,16,1457,9,1183,37,1997,11
2514,16,1457,9,1183,37,2068,11
2514,16,1457,9,1183,37,2079,11
2514,16,1457,9,1183,37,2123,11
2514,16,1457,9,1183,37,2196,11
2514,16,1457,9,1183,37,2206,11
2514,16,1457,9,1183,37,2216,11
2514,16,1457,9,1183,37,2244,11
2514,16,1457,9,1183,37,2259,11
2514,16,1457,9,1183,37,2261,11
2514,16,1457,9,1183,37,2289,11
2514,16,1457,9,1183,37,2359,11
2514,16,1457,9,1183,37,2370,11
2514,16,1457,9,1183,37,2405,11
2514,16,1242,43,1370,33,45,11
2514,16,1242,43,1370,33,159,11
2514,16,1242,43,1370,33,272,11
2514,16,1242,43,1370,33,338,11
2514,16,1242,43,1370,33,390,11
2514,16,1242,43,1370,33,457,11
2514,16,1242,43,1370,33,463,11
2514,16,1242,43,1370,33,620,11
2514,16,1242,43,1370,33,700,11
2514,16,1242,43,1370,33,742,11
2514,16,1242,43,1370,33,758,11
2514,16,1242,43,1370,33,879,11
2514,16,1242,43,1370,33,927,11
2514,16,1242,43,1370,33,979,11
2514,16,1242,43,1370,33,1003,11
2514,16,1242,43,1370,33,1044,11
2514,16,1242,43,1370,33,1068,11
2514,16,1242,43,1370,33,1153,11
2514,16,1242,43,1370,33,1186,11
2514,16,1242,43,1370,33,1194,11
2514,16,1242,43,1370,33,1259,11
2514,16,1242,43,1370,33,1260,11
2514,16,1242,43,1370,33,1312,11
2514,16,1242,43,1370,33,1388,11
2514,16,1242,43,1370,33,1391,11
2514,16,1242,43,1370,33,1422,11
2514,16,1242,43,1370,33,1556,11
2514,16,1242,43,1370,33,1568,11
2514,16,1242,43,1370,33,1599,11
2514,16,1242,43,1370,33,1747,11
2514,16,1242,43,1370,33,1773,11
2514,16,1242,43,1370,33,1799,11
2514,16,1242,43,1370,33,1818,11
2514,16,1242,43,1370,33,1873,11
2514,16,1242,43,1370,33,1940,11
2514,16,1242,43,1370,33,1956,11
2514,16,1242,43,1370,33,1997,11
2514,16,1242,43,1370,33,2068,11
2514,16,1242,43,1370,33,2079,11
2514,16,1242,43,1370,33,2123,11
2514,16,1242,43,1370,33,2196,11
2514,16,1242,43,1370,33,2206,11
2514,16,1242,43,1370,33,2216,11
2514,16,1242,43,1370,33,2244,11
2514,16,1242,43,1370,33,2259,11
2514,16,1242,43,1370,33,2261,11
2514,16,1242,43,1370,33,2289,11
2514,16,1242,43,1370,33,2359,11
2514,16,1242,43,1370,33,2370,11
2514,16,1242,43,1370,33,2405,11
2514,16,1457,9,1554,48,45,11
2514,16,1457,9,1554,48,159,11
2514,16,1457,9,1554,48,272,11
2514,16,1457,9,1554,48,338,11
2514,16,1457,9,1554,48,390,11
2514,16,1457,9,1554,48,457,11
2514,16,1457,9,1554,48,463,11
2514,16,1457,9,1554,48,620,11
2514,16,1457,9,1554,48,700,11
2514,16,1457,9,1554,48,742,11
2514,16,1457,9,1554,48,758,11
2514,16,1457,9,1554,48,879,11
2514,16,1457,9,1554,48,927,11
2514,16,1457,9,1554,48,979,11
2514,16,1457,9,1554,48,1003,11
2514,16,1457,9,1554,48,1044,11
2514,16,1457,9,1554,48,1068,11
2514,16,1457,9,1554,48,1153,11
2514,16,1457,9,1554,48,1186,11
2514,16,1457,9,1554,48,1194,11
2514,16,1457,9,1554,48,1259,11
2514,16,1457,9,1554,48,1260,11
2514,16,1457,9,1554,48,1312,11
2514,16,1457,9,1554,48,1388,11
2514,16,1457,9,1554,48,1391,11
2514,16,1457,9,1554,48,1422,11
2514,16,1457,9,1554,48,1556,11
2514,16,1457,9,1554,48,1568,11
2514,16,1457,9,1554,48,1599,11
2514,16,1457,9,1554,48,1747,11
2514,16,1457,9,1554,48,1773,11
2514,16,1457,9,1554,48,1799,11
2514,16,1457,9,1554,48,1818,11
2514,16,1457,9,1554,48,1873,11
2514,16,1457,9,1554,48,1940,11
2514,16,1457,9,1554,48,1956,11
2514,16,1457,9,1554,48,1997,11
2514,16,1457,9,1554,48,2068,11
2514,16,1457,9,1554,48,2079,11
2514,16,1457,9,1554,48,2123,11
2514,16,1457,9,1554,48,2196,11
2514,16,1457,9,1554,48,2206,11
2514,16,1457,9,1554,48,2216,11
2514,16,1457,9,1554,48,2244,11
2514,16,1457,9,1554,48,2259,11
2514,16,1457,9,1554,48,2261,11
2514,16,1457,9,1554,48,2289,11
2514,16,1457,9,1554,48,2359,11
2514,16,1457,9,1554,48,2370,11
2514,16,1457,9,1554,48,2405,11
2514,16,1457,9,1851,44,45,11
2514,16,1457,9,1851,44,159,11
2514,16,1457,9,1851,44,272,11
2514,16,1457,9,1851,44,338,11
2514,16,1457,9,1851,44,390,11
2514,16,1457,9,1851,44,457,11
2514,16,1457,9,1851,44,463,11
2514,16,1457,9,1851,44,620,11
2514,16,1457,9,1851,44,700,11
2514,16,1457,9,1851,44,742,11
2514,16,1457,9,1851,44,758,11
2514,16,1457,9,1851,44,879,11
2514,16,1457,9,1851,44,927,11
2514,16,1457,9,1851,44,979,11
2514,16,1457,9,1851,44,1003,11
2514,16,1457,9,1851,44,1044,11
2514,16,1457,9,1851,44,1068,11
2514,16,1457,9,1851,44,1153,11
2514,16,1457,9,1851,44,1186,11
2514,16,1457,9,1851,44,1194,11
2514,16,1457,9,1851,44,1259,11
2514,16,1457,9,1851,44,1260,11
2514,16,1457,9,1851,44,1312,11
2514,16,1457,9,1851,44,1388,11
2514,16,1457,9,1851,44,1391,11
2514,16,1457,9,1851,44,1422,11
2514,16,1457,9,1851,44,1556,11
2514,16,1457,9,1851,44,1568,11
2514,16,1457,9,1851,44,1599,11
2514,16,1457,9,1851,44,1747,11
2514,16,1457,9,1851,44,1773,11
2514,16,1457,9,1851,44,1799,11
2514,16,1457,9,1851,44,1818,11
2514,16,1457,9,1851,44,1873,11
2514,16,1457,9,1851,44,1940,11
2514,16,1457,9,1851,44,1956,11
2514,16,1457,9,1851,44,1997,11
2514,16,1457,9,1851,44,2068,11
2514,16,1457,9,1851,44,2079,11
2514,16,1457,9,1851,44,2123,11
2514,16,1457,9,1851,44,2196,11
2514,16,1457,9,1851,44,2206,11
2514,16,1457,9,1851,44,2216,11
2514,16,1457,9,1851,44,2244,11
2514,16,1457,9,1851,44,2259,11
2514,16,1457,9,1851,44,2261,11
2514,16,1457,9,1851,44,2289,11
2514,16,1457,9,1851,44,2359,11
2514,16,1457,9,1851,44,2370,11
2514,16,1457,9,1851,44,2405,11
