2514,16,1529,29,139,26,45,11
2514,16,1529,29,139,26,159,11
2514,16,1529,29,139,26,272,11
2514,16,1529,29,139,26,338,11
2514,16,1529,29,139,26,390,11
2514,16,1529,29,139,26,457,11
2514,16,1529,29,139,26,463,11
2514,16,1529,29,139,26,620,11
2514,16,1529,29,139,26,700,11
2514,16,1529,29,139,26,742,11
2514,16,1529,29,139,26,758,11
2514,16,1529,29,139,26,879,11
2514,16,1529,29,139,26,927,11
2514,16,1529,29,139,26,979,11
2514,16,1529,29,139,26,1003,11
2514,16,1529,29,139,26,1044,11
2514,16,1529,29,139,26,1068,11
2514,16,1529,29,139,26,1153,11
2514,16,1529,29,139,26,1186,11
2514,16,1529,29,139,26,1194,11
2514,16,1529,29,139,26,1259,11
2514,16,1529,29,139,26,1260,11
2514,16,1529,29,139,26,1312,11
2514,16,1529,29,139,26,1388,11
2514,16,1529,29,139,26,1391,11
2514,16,1529,29,139,26,1422,11
2514,16,1529,29,139,26,1556,11
2514,16,1529,29,139,26,1568,11
2514,16,1529,29,139,26,1599,11
2514,16,1529,29,139,26,1747,11
2514,16,1529,29,139,26,1773,11
2514,16,1529,29,139,26,1799,11
2514,16,1529,29,139,26,1818,11
2514,16,1529,29,139,26,1873,11
2514,16,1529,29,139,26,1940,11
2514,16,1529,29,139,26,1956,11
2514,16,1529,29,139,26,1997,11
2514,16,1529,29,139,26,2068,11
2514,16,1529,29,139,26,2079,11
2514,16,1529,29,139,26,2123,11
2514,16,1529,29,139,26,2196,11
2514,16,1529,29,139,26,2206,11
2514,16,1529,29,139,26,2216,11
2514,16,1529,29,139,26,2244,11
2514,16,1529,29,139,26,2259,11
2514,16,1529,29,139,26,2261,11
2514,16,1529,29,139,26,2289,11
2514,16,1529,29,139,26,2359,11
2514,16,1529,29,139,26,2370,11
2514,16,1529,29,139,26,2405,11
2514,16,1529,29,169,38,45,11
2514,16,1529,29,169,38,159,11
2514,16,1529,29,169,38,272,11
2514,16,1529,29,169,38,338,11
2514,16,1529,29,169,38,390,11
2514,16,1529,29,169,38,457,11
2514,16,1529,29,169,38,463,11
2514,16,1529,29,169,38,620,11
2514,16,1529,29,169,38,700,11
2514,16,1529,29,169,38,742,11
2514,16,1529,29,169,38,758,11
2514,16,1529,29,169,38,879,11
2514,16,1529,29,169,38,927,11
2514,16,1529,29,169,38,979,11
2514,16,1529,29,169,38,1003,11
2514,16,1529,29,169,38,1044,11
2514,16,1529,29,169,38,1068,11
2514,16,1529,29,169,38,1153,11
2514,16,1529,29,169,38,1186,11
2514,16,1529,29,169,38,1194,11
2514,16,1529,29,169,38,1259,11
2514,16,1529,29,169,38,1260,11
2514,16,1529,29,169,38,1312,11
2514,16,1529,29,169,38,1388,11
2514,16,1529,29,169,38,1391,11
2514,16,1529,29,169,38,1422,11
2514,16,1529,29,169,38,1556,11
2514,16,1529,29,169,38,1568,11
2514,16,1529,29,169,38,1599,11
2514,16,1529,29,169,38,1747,11
2514,16,1529,29,169,38,1773,11
2514,16,1529,29,169,38,1799,11
2514,16,1529,29,169,38,1818,11
2514,16,1529,29,169,38,1873,11
2514,16,1529,29,169,38,1940,11
2514,16,1529,29,169,38,1956,11
2514,16,1529,29,169,38,1997,11
2514,16,1529,29,169,38,2068,11
2514,16,1529,29,169,38,2079,11
2514,16,1529,29,169,38,2123,11
2514,16,1529,29,169,38,2196,11
2514,16,1529,29,169,38,2206,11
2514,16,1529,29,169,38,2216,11
2514,16,1529,29,169,38,2244,11
2514,16,1529,29,169,38,2259,11
2514,16,1529,29,169,38,2261,11
2514,16,1529,29,169,38,2289,11
2514,16,1529,29,169,38,2359,11
2514,16,1529,29,169,38,2370,11
2514,16,1529,29,169,38,2405,11
2514,16,1529,29,209,9,45,11
2514,16,1529,29,209,9,159,11
2514,16,1529,29,209,9,272,11
2514,16,1529,29,209,9,338,11
2514,16,1529,29,209,9,390,11
2514,16,1529,29,209,9,457,11
2514,16,1529,29,209,9,463,11
2514,16,1529,29,209,9,620,11
2514,16,1529,29,209,9,700,11
2514,16,1529,29,209,9,742,11
2514,16,1529,29,209,9,758,11
2514,16,1529,29,209,9,879,11
2514,16,1529,29,209,9,927,11
2514,16,1529,29,209,9,979,11
2514,16,1529,29,209,9,1003,11
2514,16,1529,29,209,9,1044,11
2514,16,1529,29,209,9,1068,11
2514,16,1529,29,209,9,1153,11
2514,16,1529,29,209,9,1186,11
2514,16,1529,29,209,9,1194,11
2514,16,1529,29,209,9,1259,11
2514,16,1529,29,209,9,1260,11
2514,16,1529,29,209,9,1312,11
2514,16,1529,29,209,9,1388,11
2514,16,1529,29,209,9,1391,11
2514,16,1529,29,209,9,1422,11
2514,16,1529,29,209,9,1556,11
2514,16,1529,29,209,9,1568,11
2514,16,1529,29,209,9,1599,11
2514,16,1529,29,209,9,1747,11
2514,16,1529,29,209,9,1773,11
2514,16,1529,29,209,9,1799,11
2514,16,1529,29,209,9,1818,11
2514,16,1529,29,209,9,1873,11
2514,16,1529,29,209,9,1940,11
2514,16,1529,29,209,9,1956,11
2514,16,1529,29,209,9,1997,11
2514,16,1529,29,209,9,2068,11
2514,16,1529,29,209,9,2079,11
2514,16,1529,29,209,9,2123,11
2514,16,1529,29,209,9,2196,11
2514,16,1529,29,209,9,2206,11
2514,16,1529,29,209,9,2216,11
2514,16,1529,29,209,9,2244,11
2514,16,1529,29,209,9,2259,11
2514,16,1529,29,209,9,2261,11
2514,16,1529,29,209,9,2289,11
2514,16,1529,29,209,9,2359,11
2514,16,1529,29,209,9,2370,11
2514,16,1529,29,209,9,2405,11
2514,16,1529,29,443,23,45,11
2514,16,1529,29,443,23,159,11
2514,16,1529,29,443,23,272,11
2514,16,1529,29,443,23,338,11
2514,16,1529,29,443,23,390,11
2514,16,1529,29,443,23,457,11
2514,16,1529,29,443,23,463,11
2514,16,1529,29,443,23,620,11
2514,16,1529,29,443,23,700,11
2514,16,1529,29,443,23,742,11
2514,16,1529,29,443,23,758,11
2514,16,1529,29,443,23,879,11
2514,16,1529,29,443,23,927,11
2514,16,1529,29,443,23,979,11
2514,16,1529,29,443,23,1003,11
2514,16,1529,29,443,23,1044,11
2514,16,1529,29,443,23,1068,11
2514,16,1529,29,443,23,1153,11
2514,16,1529,29,443,23,1186,11
2514,16,1529,29,443,23,1194,11
2514,16,1529,29,443,23,1259,11
2514,16,1529,29,443,23,1260,11
2514,16,1529,29,443,23,1312,11
2514,16,1529,29,443,23,1388,11
2514,16,1529,29,443,23,1391,11
2514,16,1529,29,443,23,1422,11
2514,16,1529,29,443,23,1556,11
2514,16,1529,29,443,23,1568,11
2514,16,1529,29,443,23,1599,11
2514,16,1529,29,443,23,1747,11
2514,16,1529,29,443,23,1773,11
2514,16,1529,29,443,23,1799,11
2514,16,1529,29,443,23,1818,11
2514,16,1529,29,443,23,1873,11
2514,16,1529,29,443,23,1940,11
2514,16,1529,29,443,23,1956,11
2514,16,1529,29,443,23,1997,11
2514,16,1529,29,443,23,2068,11
2514,16,1529,29,443,23,2079,11
2514,16,1529,29,443,23,2123,11
2514,16,1529,29,443,23,2196,11
2514,16,1529,29,443,23,2206,11
2514,16,1529,29,443,23,2216,11
2514,16,1529,29,443,23,2244,11
2514,16,1529,29,443,23,2259,11
2514,16,1529,29,443,23,2261,11
2514,16,1529,29,443,23,2289,11
2514,16,1529,29,443,23,2359,11
2514,16,1529,29,443,23,2370,11
2514,16,1529,29,443,23,2405,11
2514,16,1529,29,460,31,45,11
2514,16,1529,29,460,31,159,11
2514,16,1529,29,460,31,272,11
2514,16,1529,29,460,31,338,11
2514,16,1529,29,460,31,390,11
2514,16,1529,29,460,31,457,11
2514,16,1529,29,460,31,463,11
2514,16,1529,29,460,31,620,11
2514,16,1529,29,460,31,700,11
2514,16,1529,29,460,31,742,11
2514,16,1529,29,460,31,758,11
2514,16,1529,29,460,31,879,11
2514,16,1529,29,460,31,927,11
2514,16,1529,29,460,31,979,11
2514,16,1529,29,460,31,1003,11
2514,16,1529,29,460,31,1044,11
2514,16,1529,29,460,31,1068,11
2514,16,1529,29,460,31,1153,11
2514,16,1529,29,460,31,1186,11
2514,16,1529,29,460,31,1194,11
2514,16,1529,29,460,31,1259,11
2514,16,1529,29,460,31,1260,11
2514,16,1529,29,460,31,1312,11
2514,16,1529,29,460,31,1388,11
2514,16,1529,29,460,31,1391,11
2514,16,1529,29,460,31,1422,11
2514,16,1529,29,460,31,1556,11
2514,16,1529,29,460,31,1568,11
2514,16,1529,29,460,31,1599,11
2514,16,1529,29,460,31,1747,11
2514,16,1529,29,460,31,1773,11
2514,16,1529,29,460,31,1799,11
2514,16,1529,29,460,31,1818,11
2514,16,1529,29,460,31,1873,11
2514,16,1529,29,460,31,1940,11
2514,16,1529,29,460,31,1956,11
2514,16,1529,29,460,31,1997,11
2514,16,1529,29,460,31,2068,11
2514,16,1529,29,460,31,2079,11
2514,16,1529,29,460,31,2123,11
2514,16,1529,29,460,31,2196,11
2514,16,1529,29,460,31,2206,11
2514,16,1529,29,460,31,2216,11
2514,16,1529,29,460,31,2244,11
2514,16,1529,29,460,31,2259,11
2514,16,1529,29,460,31,2261,11
2514,16,1529,29,460,31,2289,11
2514,16,1529,29,460,31,2359,11
2514,16,1529,29,460,31,2370,11
2514,16,1529,29,460,31,2405,11
2514,16,1529,29,684,9,457,11
2514,16,1529,29,684,9,700,11
2514,16,1529,29,684,9,927,11
2514,16,1529,29,684,9,1003,11
2514,16,1529,29,684,9,1153,11
2514,16,1529,29,684,9,1194,11
2514,16,1529,29,684,9,1568,11
2514,16,1529,29,684,9,1599,11
2514,16,1529,29,684,9,1818,11
2514,16,1529,29,684,9,1940,11
2514,16,1529,29,1045,45,45,11
2514,16,1529,29,1045,45,272,11
2514,16,1529,29,1045,45,338,11
2514,16,1529,29,1045,45,390,11
2514,16,1529,29,1045,45,620,11
2514,16,1529,29,1045,45,742,11
2514,16,1529,29,1045,45,758,11
2514,16,1529,29,1045,45,979,11
2514,16,1529,29,1045,45,1044,11
2514,16,1529,29,1045,45,1068,11
2514,16,1529,29,1045,45,1186,11
2514,16,1529,29,1045,45,1259,11
2514,16,1529,29,1045,45,1260,11
2514,16,1529,29,1045,45,1312,11
2514,16,1529,29,1045,45,1391,11
2514,16,1529,29,1045,45,1422,11
2514,16,1529,29,1045,45,1747,11
2514,16,1529,29,1045,45,1773,11
2514,16,1529,29,1045,45,1799,11
2514,16,1529,29,1045,45,1956,11
2514,16,1529,29,1045,45,1997,11
2514,16,1529,29,1045,45,2068,11
2514,16,1529,29,1045,45,2079,11
2514,16,1529,29,1045,45,2206,11
2514,16,1529,29,1045,45,2244,11
2514,16,1529,29,1045,45,2259,11
2514,16,1529,29,1045,45,2261,11
2514,16,1529,29,1045,45,2289,11
2514,16,1529,29,1045,45,2359,11
2514,16,1529,29,1045,45,2405,11
2514,16,1529,29,1104,17,45,11
2514,16,1529,29,1104,17,159,11
2514,16,1529,29,1104,17,272,11
2514,16,1529,29,1104,17,338,11
2514,16,1529,29,1104,17,390,11
2514,16,1529,29,1104,17,457,11
2514,16,1529,29,1104,17,463,11
2514,16,1529,29,1104,17,620,11
2514,16,1529,29,1104,17,700,11
2514,16,1529,29,1104,17,742,11
2514,16,1529,29,1104,17,758,11
2514,16,1529,29,1104,17,879,11
2514,16,1529,29,1104,17,927,11
2514,16,1529,29,1104,17,979,11
2514,16,1529,29,1104,17,1003,11
2514,16,1529,29,1104,17,1044,11
2514,16,1529,29,1104,17,1068,11
2514,16,1529,29,1104,17,1153,11
2514,16,1529,29,1104,17,1186,11
2514,16,1529,29,1104,17,1194,11
2514,16,1529,29,1104,17,1259,11
2514,16,1529,29,1104,17,1260,11
2514,16,1529,29,1104,17,1312,11
2514,16,1529,29,1104,17,1388,11
2514,16,1529,29,1104,17,1391,11
2514,16,1529,29,1104,17,1422,11
2514,16,1529,29,1104,17,1556,11
2514,16,1529,29,1104,17,1568,11
2514,16,1529,29,1104,17,1599,11
2514,16,1529,29,1104,17,1747,11
2514,16,1529,29,1104,17,1773,11
2514,16,1529,29,1104,17,1799,11
2514,16,1529,29,1104,17,1818,11
2514,16,1529,29,1104,17,1873,11
2514,16,1529,29,1104,17,1940,11
2514,16,1529,29,1104,17,1956,11
2514,16,1529,29,1104,17,1997,11
2514,16,1529,29,1104,17,2068,11
2514,16,1529,29,1104,17,2079,11
2514,16,1529,29,1104,17,2123,11
2514,16,1529,29,1104,17,2196,11
2514,16,1529,29,1104,17,2206,11
2514,16,1529,29,1104,17,2216,11
2514,16,1529,29,1104,17,2244,11
2514,16,1529,29,1104,17,2259,11
2514,16,1529,29,1104,17,2261,11
2514,16,1529,29,1104,17,2289,11
2514,16,1529,29,1104,17,2359,11
2514,16,1529,29,1104,17,2370,11
2514,16,1529,29,1104,17,2405,11
2514,16,1529,29,1363,31,45,11
2514,16,1529,29,1363,31,159,11
2514,16,1529,29,1363,31,272,11
2514,16,1529,29,1363,31,338,11
2514,16,1529,29,1363,31,390,11
2514,16,1529,29,1363,31,457,11
2514,16,1529,29,1363,31,463,11
2514,16,1529,29,1363,31,620,11
2514,16,1529,29,1363,31,700,11
2514,16,1529,29,1363,31,742,11
2514,16,1529,29,1363,31,758,11
2514,16,1529,29,1363,31,879,11
2514,16,1529,29,1363,31,927,11
2514,16,1529,29,1363,31,979,11
2514,16,1529,29,1363,31,1003,11
2514,16,1529,29,1363,31,1044,11
2514,16,1529,29,1363,31,1068,11
2514,16,1529,29,1363,31,1153,11
2514,16,1529,29,1363,31,1186,11
2514,16,1529,29,1363,31,1194,11
2514,16,1529,29,1363,31,1259,11
2514,16,1529,29,1363,31,1260,11
2514,16,1529,29,1363,31,1312,11
2514,16,1529,29,1363,31,1388,11
2514,16,1529,29,1363,31,1391,11
2514,16,1529,29,1363,31,1422,11
2514,16,1529,29,1363,31,1556,11
2514,16,1529,29,1363,31,1568,11
2514,16,1529,29,1363,31,1599,11
2514,16,1529,29,1363,31,1747,11
2514,16,1529,29,1363,31,1773,11
2514,16,1529,29,1363,31,1799,11
2514,16,1529,29,1363,31,1818,11
2514,16,1529,29,1363,31,1873,11
2514,16,1529,29,1363,31,1940,11
2514,16,1529,29,1363,31,1956,11
2514,16,1529,29,1363,31,1997,11
2514,16,1529,29,1363,31,2068,11
2514,16,1529,29,1363,31,2079,11
2514,16,1529,29,1363,31,2123,11
2514,16,1529,29,1363,31,2196,11
2514,16,1529,29,1363,31,2206,11
2514,16,1529,29,1363,31,2216,11
2514,16,1529,29,1363,31,2244,11
2514,16,1529,29,1363,31,2259,11
2514,16,1529,29,1363,31,2261,11
2514,16,1529,29,1363,31,2289,11
2514,16,1529,29,1363,31,2359,11
2514,16,1529,29,1363,31,2370,11
2514,16,1529,29,1363,31,2405,11
2514,16,1529,29,1568,31,45,11
2514,16,1529,29,1568,31,159,11
2514,16,1529,29,1568,31,272,11
2514,16,1529,29,1568,31,338,11
2514,16,1529,29,1568,31,390,11
2514,16,1529,29,1568,31,457,11
2514,16,1529,29,1568,31,463,11
2514,16,1529,29,1568,31,620,11
2514,16,1529,29,1568,31,700,11
2514,16,1529,29,1568,31,742,11
2514,16,1529,29,1568,31,758,11
2514,16,1529,29,1568,31,879,11
2514,16,1529,29,1568,31,927,11
2514,16,1529,29,1568,31,979,11
2514,16,1529,29,1568,31,1003,11
2514,16,1529,29,1568,31,1044,11
2514,16,1529,29,1568,31,1068,11
2514,16,1529,29,1568,31,1153,11
2514,16,1529,29,1568,31,1186,11
2514,16,1529,29,1568,31,1194,11
2514,16,1529,29,1568,31,1259,11
2514,16,1529,29,1568,31,1260,11
2514,16,1529,29,1568,31,1312,11
2514,16,1529,29,1568,31,1388,11
2514,16,1529,29,1568,31,1391,11
2514,16,1529,29,1568,31,1422,11
2514,16,1529,29,1568,31,1556,11
2514,16,1529,29,1568,31,1568,11
2514,16,1529,29,1568,31,1599,11
2514,16,1529,29,1568,31,1747,11
2514,16,1529,29,1568,31,1773,11
2514,16,1529,29,1568,31,1799,11
2514,16,1529,29,1568,31,1818,11
2514,16,1529,29,1568,31,1873,11
2514,16,1529,29,1568,31,1940,11
2514,16,1529,29,1568,31,1956,11
2514,16,1529,29,1568,31,1997,11
2514,16,1529,29,1568,31,2068,11
2514,16,1529,29,1568,31,2079,11
2514,16,1529,29,1568,31,2123,11
2514,16,1529,29,1568,31,2196,11
2514,16,1529,29,1568,31,2206,11
2514,16,1529,29,1568,31,2216,11
2514,16,1529,29,1568,31,2244,11
2514,16,1529,29,1568,31,2259,11
2514,16,1529,29,1568,31,2261,11
2514,16,1529,29,1568,31,2289,11
2514,16,1529,29,1568,31,2359,11
2514,16,1529,29,1568,31,2370,11
2514,16,1529,29,1568,31,2405,11
2514,16,1529,29,1758,36,45,11
2514,16,1529,29,1758,36,159,11
2514,16,1529,29,1758,36,272,11
2514,16,1529,29,1758,36,338,11
2514,16,1529,29,1758,36,390,11
2514,16,1529,29,1758,36,457,11
2514,16,1529,29,1758,36,463,11
2514,16,1529,29,1758,36,620,11
2514,16,1529,29,1758,36,700,11
2514,16,1529,29,1758,36,742,11
2514,16,1529,29,1758,36,758,11
2514,16,1529,29,1758,36,879,11
2514,16,1529,29,1758,36,927,11
2514,16,1529,29,1758,36,979,11
2514,16,1529,29,1758,36,1003,11
2514,16,1529,29,1758,36,1044,11
2514,16,1529,29,1758,36,1068,11
2514,16,1529,29,1758,36,1153,11
2514,16,1529,29,1758,36,1186,11
2514,16,1529,29,1758,36,1194,11
2514,16,1529,29,1758,36,1259,11
2514,16,1529,29,1758,36,1260,11
2514,16,1529,29,1758,36,1312,11
2514,16,1529,29,1758,36,1388,11
2514,16,1529,29,1758,36,1391,11
2514,16,1529,29,1758,36,1422,11
2514,16,1529,29,1758,36,1556,11
2514,16,1529,29,1758,36,1568,11
2514,16,1529,29,1758,36,1599,11
2514,16,1529,29,1758,36,1747,11
2514,16,1529,29,1758,36,1773,11
2514,16,1529,29,1758,36,1799,11
2514,16,1529,29,1758,36,1818,11
2514,16,1529,29,1758,36,1873,11
2514,16,1529,29,1758,36,1940,11
2514,16,1529,29,1758,36,1956,11
2514,16,1529,29,1758,36,1997,11
2514,16,1529,29,1758,36,2068,11
2514,16,1529,29,1758,36,2079,11
2514,16,1529,29,1758,36,2123,11
2514,16,1529,29,1758,36,2196,11
2514,16,1529,29,1758,36,2206,11
2514,16,1529,29,1758,36,2216,11
2514,16,1529,29,1758,36,2244,11
2514,16,1529,29,1758,36,2259,11
2514,16,1529,29,1758,36,2261,11
2514,16,1529,29,1758,36,2289,11
2514,16,1529,29,1758,36,2359,11
2514,16,1529,29,1758,36,2370,11
2514,16,1529,29,1758,36,2405,11
2514,16,1529,29,1812,13,45,11
2514,16,1529,29,1812,13,159,11
2514,16,1529,29,1812,13,272,11
2514,16,1529,29,1812,13,338,11
2514,16,1529,29,1812,13,390,11
2514,16,1529,29,1812,13,457,11
2514,16,1529,29,1812,13,463,11
2514,16,1529,29,1812,13,620,11
2514,16,1529,29,1812,13,700,11
2514,16,1529,29,1812,13,742,11
2514,16,1529,29,1812,13,758,11
2514,16,1529,29,1812,13,879,11
2514,16,1529,29,1812,13,927,11
2514,16,1529,29,1812,13,979,11
2514,16,1529,29,1812,13,1003,11
2514,16,1529,29,1812,13,1044,11
2514,16,1529,29,1812,13,1068,11
2514,16,1529,29,1812,13,1153,11
2514,16,1529,29,1812,13,1186,11
2514,16,1529,29,1812,13,1194,11
2514,16,1529,29,1812,13,1259,11
2514,16,1529,29,1812,13,1260,11
2514,16,1529,29,1812,13,1312,11
2514,16,1529,29,1812,13,1388,11
2514,16,1529,29,1812,13,1391,11
2514,16,1529,29,1812,13,1422,11
2514,16,1529,29,1812,13,1556,11
2514,16,1529,29,1812,13,1568,11
2514,16,1529,29,1812,13,1599,11
2514,16,1529,29,1812,13,1747,11
2514,16,1529,29,1812,13,1773,11
2514,16,1529,29,1812,13,1799,11
2514,16,1529,29,1812,13,1818,11
2514,16,1529,29,1812,13,1873,11
2514,16,1529,29,1812,13,1940,11
2514,16,1529,29,1812,13,1956,11
2514,16,1529,29,1812,13,1997,11
2514,16,1529,29,1812,13,2068,11
2514,16,1529,29,1812,13,2079,11
2514,16,1529,29,1812,13,2123,11
2514,16,1529,29,1812,13,2196,11
2514,16,1529,29,1812,13,2206,11
2514,16,1529,29,1812,13,2216,11
2514,16,1529,29,1812,13,2244,11
2514,16,1529,29,1812,13,2259,11
2514,16,1529,29,1812,13,2261,11
2514,16,1529,29,1812,13,2289,11
2514,16,1529,29,1812,13,2359,11
2514,16,1529,29,1812,13,2370,11
2514,16,1529,29,1812,13,2405,11
2514,16,1529,29,1864,36,45,11
2514,16,1529,29,1864,36,159,11
2514,16,1529,29,1864,36,272,11
2514,16,1529,29,1864,36,338,11
2514,16,1529,29,1864,36,390,11
2514,16,1529,29,1864,36,457,11
2514,16,1529,29,1864,36,463,11
2514,16,1529,29,1864,36,620,11
2514,16,1529,29,1864,36,700,11
2514,16,1529,29,1864,36,742,11
2514,16,1529,29,1864,36,758,11
2514,16,1529,29,1864,36,879,11
2514,16,1529,29,1864,36,927,11
2514,16,1529,29,1864,36,979,11
2514,16,1529,29,1864,36,1003,11
2514,16,1529,29,1864,36,1044,11
2514,16,1529,29,1864,36,1068,11
2514,16,1529,29,1864,36,1153,11
2514,16,1529,29,1864,36,1186,11
2514,16,1529,29,1864,36,1194,11
2514,16,1529,29,1864,36,1259,11
2514,16,1529,29,1864,36,1260,11
2514,16,1529,29,1864,36,1312,11
2514,16,1529,29,1864,36,1388,11
2514,16,1529,29,1864,36,1391,11
2514,16,1529,29,1864,36,1422,11
2514,16,1529,29,1864,36,1556,11
2514,16,1529,29,1864,36,1568,11
2514,16,1529,29,1864,36,1599,11
2514,16,1529,29,1864,36,1747,11
2514,16,1529,29,1864,36,1773,11
2514,16,1529,29,1864,36,1799,11
2514,16,1529,29,1864,36,1818,11
2514,16,1529,29,1864,36,1873,11
2514,16,1529,29,1864,36,1940,11
2514,16,1529,29,1864,36,1956,11
2514,16,1529,29,1864,36,1997,11
2514,16,1529,29,1864,36,2068,11
2514,16,1529,29,1864,36,2079,11
2514,16,1529,29,1864,36,2123,11
2514,16,1529,29,1864,36,2196,11
2514,16,1529,29,1864,36,2206,11
2514,16,1529,29,1864,36,2216,11
2514,16,1529,29,1864,36,2244,11
2514,16,1529,29,1864,36,2259,11
2514,16,1529,29,1864,36,2261,11
2514,16,1529,29,1864,36,2289,11
2514,16,1529,29,1864,36,2359,11
2514,16,1529,29,1864,36,2370,11
2514,16,1529,29,1864,36,2405,11
2514,16,1529,29,1946,17,45,11
2514,16,1529,29,1946,17,159,11
2514,16,1529,29,1946,17,272,11
2514,16,1529,29,1946,17,338,11
2514,16,1529,29,1946,17,390,11
2514,16,1529,29,1946,17,457,11
2514,16,1529,29,1946,17,463,11
2514,16,1529,29,1946,17,620,11
2514,16,1529,29,1946,17,700,11
2514,16,1529,29,1946,17,742,11
2514,16,1529,29,1946,17,758,11
2514,16,1529,29,1946,17,879,11
2514,16,1529,29,1946,17,927,11
2514,16,1529,29,1946,17,979,11
2514,16,1529,29,1946,17,1003,11
2514,16,1529,29,1946,17,1044,11
2514,16,1529,29,1946,17,1068,11
2514,16,1529,29,1946,17,1153,11
2514,16,1529,29,1946,17,1186,11
2514,16,1529,29,1946,17,1194,11
2514,16,1529,29,1946,17,1259,11
2514,16,1529,29,1946,17,1260,11
2514,16,1529,29,1946,17,1312,11
2514,16,1529,29,1946,17,1388,11
2514,16,1529,29,1946,17,1391,11
2514,16,1529,29,1946,17,1422,11
2514,16,1529,29,1946,17,1556,11
2514,16,1529,29,1946,17,1568,11
2514,16,1529,29,1946,17,1599,11
2514,16,1529,29,1946,17,1747,11
2514,16,1529,29,1946,17,1773,11
2514,16,1529,29,1946,17,1799,11
2514,16,1529,29,1946,17,1818,11
2514,16,1529,29,1946,17,1873,11
2514,16,1529,29,1946,17,1940,11
2514,16,1529,29,1946,17,1956,11
2514,16,1529,29,1946,17,1997,11
2514,16,1529,29,1946,17,2068,11
2514,16,1529,29,1946,17,2079,11
2514,16,1529,29,1946,17,2123,11
2514,16,1529,29,1946,17,2196,11
2514,16,1529,29,1946,17,2206,11
2514,16,1529,29,1946,17,2216,11
2514,16,1529,29,1946,17,2244,11
2514,16,1529,29,1946,17,2259,11
2514,16,1529,29,1946,17,2261,11
2514,16,1529,29,1946,17,2289,11
2514,16,1529,29,1946,17,2359,11
2514,16,1529,29,1946,17,2370,11
2514,16,1529,29,1946,17,2405,11
