2514,16,1953,44,23,21,45,11
2514,16,1953,44,23,21,159,11
2514,16,1953,44,23,21,272,11
2514,16,1953,44,23,21,338,11
2514,16,1953,44,23,21,390,11
2514,16,1953,44,23,21,457,11
2514,16,1953,44,23,21,463,11
2514,16,1953,44,23,21,620,11
2514,16,1953,44,23,21,700,11
2514,16,1953,44,23,21,742,11
2514,16,1953,44,23,21,758,11
2514,16,1953,44,23,21,879,11
2514,16,1953,44,23,21,927,11
2514,16,1953,44,23,21,979,11
2514,16,1953,44,23,21,1003,11
2514,16,1953,44,23,21,1044,11
2514,16,1953,44,23,21,1068,11
2514,16,1953,44,23,21,1153,11
2514,16,1953,44,23,21,1186,11
2514,16,1953,44,23,21,1194,11
2514,16,1953,44,23,21,1259,11
2514,16,1953,44,23,21,1260,11
2514,16,1953,44,23,21,1312,11
2514,16,1953,44,23,21,1388,11
2514,16,1953,44,23,21,1391,11
2514,16,1953,44,23,21,1422,11
2514,16,1953,44,23,21,1556,11
2514,16,1953,44,23,21,1568,11
2514,16,1953,44,23,21,1599,11
2514,16,1953,44,23,21,1747,11
2514,16,1953,44,23,21,1773,11
2514,16,1953,44,23,21,1799,11
2514,16,1953,44,23,21,1818,11
2514,16,1953,44,23,21,1873,11
2514,16,1953,44,23,21,1940,11
2514,16,1953,44,23,21,1956,11
2514,16,1953,44,23,21,1997,11
2514,16,1953,44,23,21,2068,11
2514,16,1953,44,23,21,2079,11
2514,16,1953,44,23,21,2123,11
2514,16,1953,44,23,21,2196,11
2514,16,1953,44,23,21,2206,11
2514,16,1953,44,23,21,2216,11
2514,16,1953,44,23,21,2244,11
2514,16,1953,44,23,21,2259,11
2514,16,1953,44,23,21,2261,11
2514,16,1953,44,23,21,2289,11
2514,16,1953,44,23,21,2359,11
2514,16,1953,44,23,21,2370,11
2514,16,1953,44,23,21,2405,11
2514,16,1953,44,39,48,45,11
2514,16,1953,44,39,48,159,11
2514,16,1953,44,39,48,272,11
2514,16,1953,44,39,48,338,11
2514,16,1953,44,39,48,390,11
2514,16,1953,44,39,48,457,11
2514,16,1953,44,39,48,463,11
2514,16,1953,44,39,48,620,11
2514,16,1953,44,39,48,700,11
2514,16,1953,44,39,48,742,11
2514,16,1953,44,39,48,758,11
2514,16,1953,44,39,48,879,11
2514,16,1953,44,39,48,927,11
2514,16,1953,44,39,48,979,11
2514,16,1953,44,39,48,1003,11
2514,16,1953,44,39,48,1044,11
2514,16,1953,44,39,48,1068,11
2514,16,1953,44,39,48,1153,11
2514,16,1953,44,39,48,1186,11
2514,16,1953,44,39,48,1194,11
2514,16,1953,44,39,48,1259,11
2514,16,1953,44,39,48,1260,11
2514,16,1953,44,39,48,1312,11
2514,16,1953,44,39,48,1388,11
2514,16,1953,44,39,48,1391,11
2514,16,1953,44,39,48,1422,11
2514,16,1953,44,39,48,1556,11
2514,16,1953,44,39,48,1568,11
2514,16,1953,44,39,48,1599,11
2514,16,1953,44,39,48,1747,11
2514,16,1953,44,39,48,1773,11
2514,16,1953,44,39,48,1799,11
2514,16,1953,44,39,48,1818,11
2514,16,1953,44,39,48,1873,11
2514,16,1953,44,39,48,1940,11
2514,16,1953,44,39,48,1956,11
2514,16,1953,44,39,48,1997,11
2514,16,1953,44,39,48,2068,11
2514,16,1953,44,39,48,2079,11
2514,16,1953,44,39,48,2123,11
2514,16,1953,44,39,48,2196,11
2514,16,1953,44,39,48,2206,11
2514,16,1953,44,39,48,2216,11
2514,16,1953,44,39,48,2244,11
2514,16,1953,44,39,48,2259,11
2514,16,1953,44,39,48,2261,11
2514,16,1953,44,39,48,2289,11
2514,16,1953,44,39,48,2359,11
2514,16,1953,44,39,48,2370,11
2514,16,1953,44,39,48,2405,11
2514,16,1953,44,150,26,45,11
2514,16,1953,44,150,26,159,11
2514,16,1953,44,150,26,272,11
2514,16,1953,44,150,26,338,11
2514,16,1953,44,150,26,390,11
2514,16,1953,44,150,26,457,11
2514,16,1953,44,150,26,463,11
2514,16,1953,44,150,26,620,11
2514,16,1953,44,150,26,700,11
2514,16,1953,44,150,26,742,11
2514,16,1953,44,150,26,758,11
2514,16,1953,44,150,26,879,11
2514,16,1953,44,150,26,927,11
2514,16,1953,44,150,26,979,11
2514,16,1953,44,150,26,1003,11
2514,16,1953,44,150,26,1044,11
2514,16,1953,44,150,26,1068,11
2514,16,1953,44,150,26,1153,11
2514,16,1953,44,150,26,1186,11
2514,16,1953,44,150,26,1194,11
2514,16,1953,44,150,26,1259,11
2514,16,1953,44,150,26,1260,11
2514,16,1953,44,150,26,1312,11
2514,16,1953,44,150,26,1388,11
2514,16,1953,44,150,26,1391,11
2514,16,1953,44,150,26,1422,11
2514,16,1953,44,150,26,1556,11
2514,16,1953,44,150,26,1568,11
2514,16,1953,44,150,26,1599,11
2514,16,1953,44,150,26,1747,11
2514,16,1953,44,150,26,1773,11
2514,16,1953,44,150,26,1799,11
2514,16,1953,44,150,26,1818,11
2514,16,1953,44,150,26,1873,11
2514,16,1953,44,150,26,1940,11
2514,16,1953,44,150,26,1956,11
2514,16,1953,44,150,26,1997,11
2514,16,1953,44,150,26,2068,11
2514,16,1953,44,150,26,2079,11
2514,16,1953,44,150,26,2123,11
2514,16,1953,44,150,26,2196,11
2514,16,1953,44,150,26,2206,11
2514,16,1953,44,150,26,2216,11
2514,16,1953,44,150,26,2244,11
2514,16,1953,44,150,26,2259,11
2514,16,1953,44,150,26,2261,11
2514,16,1953,44,150,26,2289,11
2514,16,1953,44,150,26,2359,11
2514,16,1953,44,150,26,2370,11
2514,16,1953,44,150,26,2405,11
2514,16,1953,44,188,28,45,11
2514,16,1953,44,188,28,159,11
2514,16,1953,44,188,28,272,11
2514,16,1953,44,188,28,338,11
2514,16,1953,44,188,28,390,11
2514,16,1953,44,188,28,457,11
2514,16,1953,44,188,28,463,11
2514,16,1953,44,188,28,620,11
2514,16,1953,44,188,28,700,11
2514,16,1953,44,188,28,742,11
2514,16,1953,44,188,28,758,11
2514,16,1953,44,188,28,879,11
2514,16,1953,44,188,28,927,11
2514,16,1953,44,188,28,979,11
2514,16,1953,44,188,28,1003,11
2514,16,1953,44,188,28,1044,11
2514,16,1953,44,188,28,1068,11
2514,16,1953,44,188,28,1153,11
2514,16,1953,44,188,28,1186,11
2514,16,1953,44,188,28,1194,11
2514,16,1953,44,188,28,1259,11
2514,16,1953,44,188,28,1260,11
2514,16,1953,44,188,28,1312,11
2514,16,1953,44,188,28,1388,11
2514,16,1953,44,188,28,1391,11
2514,16,1953,44,188,28,1422,11
2514,16,1953,44,188,28,1556,11
2514,16,1953,44,188,28,1568,11
2514,16,1953,44,188,28,1599,11
2514,16,1953,44,188,28,1747,11
2514,16,1953,44,188,28,1773,11
2514,16,1953,44,188,28,1799,11
2514,16,1953,44,188,28,1818,11
2514,16,1953,44,188,28,1873,11
2514,16,1953,44,188,28,1940,11
2514,16,1953,44,188,28,1956,11
2514,16,1953,44,188,28,1997,11
2514,16,1953,44,188,28,2068,11
2514,16,1953,44,188,28,2079,11
2514,16,1953,44,188,28,2123,11
2514,16,1953,44,188,28,2196,11
2514,16,1953,44,188,28,2206,11
2514,16,1953,44,188,28,2216,11
2514,16,1953,44,188,28,2244,11
2514,16,1953,44,188,28,2259,11
2514,16,1953,44,188,28,2261,11
2514,16,1953,44,188,28,2289,11
2514,16,1953,44,188,28,2359,11
2514,16,1953,44,188,28,2370,11
2514,16,1953,44,188,28,2405,11
2514,16,1953,44,260,20,45,11
2514,16,1953,44,260,20,159,11
2514,16,1953,44,260,20,272,11
2514,16,1953,44,260,20,338,11
2514,16,1953,44,260,20,390,11
2514,16,1953,44,260,20,457,11
2514,16,1953,44,260,20,463,11
2514,16,1953,44,260,20,620,11
2514,16,1953,44,260,20,700,11
2514,16,1953,44,260,20,742,11
2514,16,1953,44,260,20,758,11
2514,16,1953,44,260,20,879,11
2514,16,1953,44,260,20,927,11
2514,16,1953,44,260,20,979,11
2514,16,1953,44,260,20,1003,11
2514,16,1953,44,260,20,1044,11
2514,16,1953,44,260,20,1068,11
2514,16,1953,44,260,20,1153,11
2514,16,1953,44,260,20,1186,11
2514,16,1953,44,260,20,1194,11
2514,16,1953,44,260,20,1259,11
2514,16,1953,44,260,20,1260,11
2514,16,1953,44,260,20,1312,11
2514,16,1953,44,260,20,1388,11
2514,16,1953,44,260,20,1391,11
2514,16,1953,44,260,20,1422,11
2514,16,1953,44,260,20,1556,11
2514,16,1953,44,260,20,1568,11
2514,16,1953,44,260,20,1599,11
2514,16,1953,44,260,20,1747,11
2514,16,1953,44,260,20,1773,11
2514,16,1953,44,260,20,1799,11
2514,16,1953,44,260,20,1818,11
2514,16,1953,44,260,20,1873,11
2514,16,1953,44,260,20,1940,11
2514,16,1953,44,260,20,1956,11
2514,16,1953,44,260,20,1997,11
2514,16,1953,44,260,20,2068,11
2514,16,1953,44,260,20,2079,11
2514,16,1953,44,260,20,2123,11
2514,16,1953,44,260,20,2196,11
2514,16,1953,44,260,20,2206,11
2514,16,1953,44,260,20,2216,11
2514,16,1953,44,260,20,2244,11
2514,16,1953,44,260,20,2259,11
2514,16,1953,44,260,20,2261,11
2514,16,1953,44,260,20,2289,11
2514,16,1953,44,260,20,2359,11
2514,16,1953,44,260,20,2370,11
2514,16,1953,44,260,20,2405,11
2514,16,1953,44,647,45,45,11
2514,16,1953,44,647,45,159,11
2514,16,1953,44,647,45,272,11
2514,16,1953,44,647,45,338,11
2514,16,1953,44,647,45,390,11
2514,16,1953,44,647,45,457,11
2514,16,1953,44,647,45,463,11
2514,16,1953,44,647,45,620,11
2514,16,1953,44,647,45,700,11
2514,16,1953,44,647,45,742,11
2514,16,1953,44,647,45,758,11
2514,16,1953,44,647,45,879,11
2514,16,1953,44,647,45,927,11
2514,16,1953,44,647,45,979,11
2514,16,1953,44,647,45,1003,11
2514,16,1953,44,647,45,1044,11
2514,16,1953,44,647,45,1068,11
2514,16,1953,44,647,45,1153,11
2514,16,1953,44,647,45,1186,11
2514,16,1953,44,647,45,1194,11
2514,16,1953,44,647,45,1259,11
2514,16,1953,44,647,45,1260,11
2514,16,1953,44,647,45,1312,11
2514,16,1953,44,647,45,1388,11
2514,16,1953,44,647,45,1391,11
2514,16,1953,44,647,45,1422,11
2514,16,1953,44,647,45,1556,11
2514,16,1953,44,647,45,1568,11
2514,16,1953,44,647,45,1599,11
2514,16,1953,44,647,45,1747,11
2514,16,1953,44,647,45,1773,11
2514,16,1953,44,647,45,1799,11
2514,16,1953,44,647,45,1818,11
2514,16,1953,44,647,45,1873,11
2514,16,1953,44,647,45,1940,11
2514,16,1953,44,647,45,1956,11
2514,16,1953,44,647,45,1997,11
2514,16,1953,44,647,45,2068,11
2514,16,1953,44,647,45,2079,11
2514,16,1953,44,647,45,2123,11
2514,16,1953,44,647,45,2196,11
2514,16,1953,44,647,45,2206,11
2514,16,1953,44,647,45,2216,11
2514,16,1953,44,647,45,2244,11
2514,16,1953,44,647,45,2259,11
2514,16,1953,44,647,45,2261,11
2514,16,1953,44,647,45,2289,11
2514,16,1953,44,647,45,2359,11
2514,16,1953,44,647,45,2370,11
2514,16,1953,44,647,45,2405,11
2514,16,1953,44,782,37,45,11
2514,16,1953,44,782,37,159,11
2514,16,1953,44,782,37,272,11
2514,16,1953,44,782,37,338,11
2514,16,1953,44,782,37,390,11
2514,16,1953,44,782,37,457,11
2514,16,1953,44,782,37,463,11
2514,16,1953,44,782,37,620,11
2514,16,1953,44,782,37,700,11
2514,16,1953,44,782,37,742,11
2514,16,1953,44,782,37,758,11
2514,16,1953,44,782,37,879,11
2514,16,1953,44,782,37,927,11
2514,16,1953,44,782,37,979,11
2514,16,1953,44,782,37,1003,11
2514,16,1953,44,782,37,1044,11
2514,16,1953,44,782,37,1068,11
2514,16,1953,44,782,37,1153,11
2514,16,1953,44,782,37,1186,11
2514,16,1953,44,782,37,1194,11
2514,16,1953,44,782,37,1259,11
2514,16,1953,44,782,37,1260,11
2514,16,1953,44,782,37,1312,11
2514,16,1953,44,782,37,1388,11
2514,16,1953,44,782,37,1391,11
2514,16,1953,44,782,37,1422,11
2514,16,1953,44,782,37,1556,11
2514,16,1953,44,782,37,1568,11
2514,16,1953,44,782,37,1599,11
2514,16,1953,44,782,37,1747,11
2514,16,1953,44,782,37,1773,11
2514,16,1953,44,782,37,1799,11
2514,16,1953,44,782,37,1818,11
2514,16,1953,44,782,37,1873,11
2514,16,1953,44,782,37,1940,11
2514,16,1953,44,782,37,1956,11
2514,16,1953,44,782,37,1997,11
2514,16,1953,44,782,37,2068,11
2514,16,1953,44,782,37,2079,11
2514,16,1953,44,782,37,2123,11
2514,16,1953,44,782,37,2196,11
2514,16,1953,44,782,37,2206,11
2514,16,1953,44,782,37,2216,11
2514,16,1953,44,782,37,2244,11
2514,16,1953,44,782,37,2259,11
2514,16,1953,44,782,37,2261,11
2514,16,1953,44,782,37,2289,11
2514,16,1953,44,782,37,2359,11
2514,16,1953,44,782,37,2370,11
2514,16,1953,44,782,37,2405,11
2514,16,1953,44,1000,11,45,11
2514,16,1953,44,1000,11,159,11
2514,16,1953,44,1000,11,272,11
2514,16,1953,44,1000,11,338,11
2514,16,1953,44,1000,11,390,11
2514,16,1953,44,1000,11,457,11
2514,16,1953,44,1000,11,463,11
2514,16,1953,44,1000,11,620,11
2514,16,1953,44,1000,11,700,11
2514,16,1953,44,1000,11,742,11
2514,16,1953,44,1000,11,758,11
2514,16,1953,44,1000,11,879,11
2514,16,1953,44,1000,11,927,11
2514,16,1953,44,1000,11,979,11
2514,16,1953,44,1000,11,1003,11
2514,16,1953,44,1000,11,1044,11
2514,16,1953,44,1000,11,1068,11
2514,16,1953,44,1000,11,1153,11
2514,16,1953,44,1000,11,1186,11
2514,16,1953,44,1000,11,1194,11
2514,16,1953,44,1000,11,1259,11
2514,16,1953,44,1000,11,1260,11
2514,16,1953,44,1000,11,1312,11
2514,16,1953,44,1000,11,1388,11
2514,16,1953,44,1000,11,1391,11
2514,16,1953,44,1000,11,1422,11
2514,16,1953,44,1000,11,1556,11
2514,16,1953,44,1000,11,1568,11
2514,16,1953,44,1000,11,1599,11
2514,16,1953,44,1000,11,1747,11
2514,16,1953,44,1000,11,1773,11
2514,16,1953,44,1000,11,1799,11
2514,16,1953,44,1000,11,1818,11
2514,16,1953,44,1000,11,1873,11
2514,16,1953,44,1000,11,1940,11
2514,16,1953,44,1000,11,1956,11
2514,16,1953,44,1000,11,1997,11
2514,16,1953,44,1000,11,2068,11
2514,16,1953,44,1000,11,2079,11
2514,16,1953,44,1000,11,2123,11
2514,16,1953,44,1000,11,2196,11
2514,16,1953,44,1000,11,2206,11
2514,16,1953,44,1000,11,2216,11
2514,16,1953,44,1000,11,2244,11
2514,16,1953,44,1000,11,2259,11
2514,16,1953,44,1000,11,2261,11
2514,16,1953,44,1000,11,2289,11
2514,16,1953,44,1000,11,2359,11
2514,16,1953,44,1000,11,2370,11
2514,16,1953,44,1000,11,2405,11
2514,16,1953,44,1049,19,45,11
2514,16,1953,44,1049,19,159,11
2514,16,1953,44,1049,19,272,11
2514,16,1953,44,1049,19,338,11
2514,16,1953,44,1049,19,390,11
2514,16,1953,44,1049,19,457,11
2514,16,1953,44,1049,19,463,11
2514,16,1953,44,1049,19,620,11
2514,16,1953,44,1049,19,700,11
2514,16,1953,44,1049,19,742,11
2514,16,1953,44,1049,19,758,11
2514,16,1953,44,1049,19,879,11
2514,16,1953,44,1049,19,927,11
2514,16,1953,44,1049,19,979,11
2514,16,1953,44,1049,19,1003,11
2514,16,1953,44,1049,19,1044,11
2514,16,1953,44,1049,19,1068,11
2514,16,1953,44,1049,19,1153,11
2514,16,1953,44,1049,19,1186,11
2514,16,1953,44,1049,19,1194,11
2514,16,1953,44,1049,19,1259,11
2514,16,1953,44,1049,19,1260,11
2514,16,1953,44,1049,19,1312,11
2514,16,1953,44,1049,19,1388,11
2514,16,1953,44,1049,19,1391,11
2514,16,1953,44,1049,19,1422,11
2514,16,1953,44,1049,19,1556,11
2514,16,1953,44,1049,19,1568,11
2514,16,1953,44,1049,19,1599,11
2514,16,1953,44,1049,19,1747,11
2514,16,1953,44,1049,19,1773,11
2514,16,1953,44,1049,19,1799,11
2514,16,1953,44,1049,19,1818,11
2514,16,1953,44,1049,19,1873,11
2514,16,1953,44,1049,19,1940,11
2514,16,1953,44,1049,19,1956,11
2514,16,1953,44,1049,19,1997,11
2514,16,1953,44,1049,19,2068,11
2514,16,1953,44,1049,19,2079,11
2514,16,1953,44,1049,19,2123,11
2514,16,1953,44,1049,19,2196,11
2514,16,1953,44,1049,19,2206,11
2514,16,1953,44,1049,19,2216,11
2514,16,1953,44,1049,19,2244,11
2514,16,1953,44,1049,19,2259,11
2514,16,1953,44,1049,19,2261,11
2514,16,1953,44,1049,19,2289,11
2514,16,1953,44,1049,19,2359,11
2514,16,1953,44,1049,19,2370,11
2514,16,1953,44,1049,19,2405,11
2514,16,1953,44,1077,45,45,11
2514,16,1953,44,1077,45,159,11
2514,16,1953,44,1077,45,272,11
2514,16,1953,44,1077,45,338,11
2514,16,1953,44,1077,45,390,11
2514,16,1953,44,1077,45,457,11
2514,16,1953,44,1077,45,463,11
2514,16,1953,44,1077,45,620,11
2514,16,1953,44,1077,45,700,11
2514,16,1953,44,1077,45,742,11
2514,16,1953,44,1077,45,758,11
2514,16,1953,44,1077,45,879,11
2514,16,1953,44,1077,45,927,11
2514,16,1953,44,1077,45,979,11
2514,16,1953,44,1077,45,1003,11
2514,16,1953,44,1077,45,1044,11
2514,16,1953,44,1077,45,1068,11
2514,16,1953,44,1077,45,1153,11
2514,16,1953,44,1077,45,1186,11
2514,16,1953,44,1077,45,1194,11
2514,16,1953,44,1077,45,1259,11
2514,16,1953,44,1077,45,1260,11
2514,16,1953,44,1077,45,1312,11
2514,16,1953,44,1077,45,1388,11
2514,16,1953,44,1077,45,1391,11
2514,16,1953,44,1077,45,1422,11
2514,16,1953,44,1077,45,1556,11
2514,16,1953,44,1077,45,1568,11
2514,16,1953,44,1077,45,1599,11
2514,16,1953,44,1077,45,1747,11
2514,16,1953,44,1077,45,1773,11
2514,16,1953,44,1077,45,1799,11
2514,16,1953,44,1077,45,1818,11
2514,16,1953,44,1077,45,1873,11
2514,16,1953,44,1077,45,1940,11
2514,16,1953,44,1077,45,1956,11
2514,16,1953,44,1077,45,1997,11
2514,16,1953,44,1077,45,2068,11
2514,16,1953,44,1077,45,2079,11
2514,16,1953,44,1077,45,2123,11
2514,16,1953,44,1077,45,2196,11
2514,16,1953,44,1077,45,2206,11
2514,16,1953,44,1077,45,2216,11
2514,16,1953,44,1077,45,2244,11
2514,16,1953,44,1077,45,2259,11
2514,16,1953,44,1077,45,2261,11
2514,16,1953,44,1077,45,2289,11
2514,16,1953,44,1077,45,2359,11
2514,16,1953,44,1077,45,2370,11
2514,16,1953,44,1077,45,2405,11
2514,16,1953,44,1096,44,45,11
2514,16,1953,44,1096,44,159,11
2514,16,1953,44,1096,44,272,11
2514,16,1953,44,1096,44,338,11
2514,16,1953,44,1096,44,390,11
2514,16,1953,44,1096,44,457,11
2514,16,1953,44,1096,44,463,11
2514,16,1953,44,1096,44,620,11
2514,16,1953,44,1096,44,700,11
2514,16,1953,44,1096,44,742,11
2514,16,1953,44,1096,44,758,11
2514,16,1953,44,1096,44,879,11
2514,16,1953,44,1096,44,927,11
2514,16,1953,44,1096,44,979,11
2514,16,1953,44,1096,44,1003,11
2514,16,1953,44,1096,44,1044,11
2514,16,1953,44,1096,44,1068,11
2514,16,1953,44,1096,44,1153,11
2514,16,1953,44,1096,44,1186,11
2514,16,1953,44,1096,44,1194,11
2514,16,1953,44,1096,44,1259,11
2514,16,1953,44,1096,44,1260,11
2514,16,1953,44,1096,44,1312,11
2514,16,1953,44,1096,44,1388,11
2514,16,1953,44,1096,44,1391,11
2514,16,1953,44,1096,44,1422,11
2514,16,1953,44,1096,44,1556,11
2514,16,1953,44,1096,44,1568,11
2514,16,1953,44,1096,44,1599,11
2514,16,1953,44,1096,44,1747,11
2514,16,1953,44,1096,44,1773,11
2514,16,1953,44,1096,44,1799,11
2514,16,1953,44,1096,44,1818,11
2514,16,1953,44,1096,44,1873,11
2514,16,1953,44,1096,44,1940,11
2514,16,1953,44,1096,44,1956,11
2514,16,1953,44,1096,44,1997,11
2514,16,1953,44,1096,44,2068,11
2514,16,1953,44,1096,44,2079,11
2514,16,1953,44,1096,44,2123,11
2514,16,1953,44,1096,44,2196,11
2514,16,1953,44,1096,44,2206,11
2514,16,1953,44,1096,44,2216,11
2514,16,1953,44,1096,44,2244,11
2514,16,1953,44,1096,44,2259,11
2514,16,1953,44,1096,44,2261,11
2514,16,1953,44,1096,44,2289,11
2514,16,1953,44,1096,44,2359,11
2514,16,1953,44,1096,44,2370,11
2514,16,1953,44,1096,44,2405,11
2514,16,1953,44,1146,50,457,11
2514,16,1953,44,1146,50,700,11
2514,16,1953,44,1146,50,927,11
2514,16,1953,44,1146,50,1003,11
2514,16,1953,44,1146,50,1153,11
2514,16,1953,44,1146,50,1194,11
2514,16,1953,44,1146,50,1568,11
2514,16,1953,44,1146,50,1599,11
2514,16,1953,44,1146,50,1818,11
2514,16,1953,44,1146,50,1940,11
2514,16,1953,44,1479,11,45,11
2514,16,1953,44,1479,11,159,11
2514,16,1953,44,1479,11,272,11
2514,16,1953,44,1479,11,338,11
2514,16,1953,44,1479,11,390,11
2514,16,1953,44,1479,11,457,11
2514,16,1953,44,1479,11,463,11
2514,16,1953,44,1479,11,620,11
2514,16,1953,44,1479,11,700,11
2514,16,1953,44,1479,11,742,11
2514,16,1953,44,1479,11,758,11
2514,16,1953,44,1479,11,879,11
2514,16,1953,44,1479,11,927,11
2514,16,1953,44,1479,11,979,11
2514,16,1953,44,1479,11,1003,11
2514,16,1953,44,1479,11,1044,11
2514,16,1953,44,1479,11,1068,11
2514,16,1953,44,1479,11,1153,11
2514,16,1953,44,1479,11,1186,11
2514,16,1953,44,1479,11,1194,11
2514,16,1953,44,1479,11,1259,11
2514,16,1953,44,1479,11,1260,11
2514,16,1953,44,1479,11,1312,11
2514,16,1953,44,1479,11,1388,11
2514,16,1953,44,1479,11,1391,11
2514,16,1953,44,1479,11,1422,11
2514,16,1953,44,1479,11,1556,11
2514,16,1953,44,1479,11,1568,11
2514,16,1953,44,1479,11,1599,11
2514,16,1953,44,1479,11,1747,11
2514,16,1953,44,1479,11,1773,11
2514,16,1953,44,1479,11,1799,11
2514,16,1953,44,1479,11,1818,11
2514,16,1953,44,1479,11,1873,11
2514,16,1953,44,1479,11,1940,11
2514,16,1953,44,1479,11,1956,11
2514,16,1953,44,1479,11,1997,11
2514,16,1953,44,1479,11,2068,11
2514,16,1953,44,1479,11,2079,11
2514,16,1953,44,1479,11,2123,11
2514,16,1953,44,1479,11,2196,11
2514,16,1953,44,1479,11,2206,11
2514,16,1953,44,1479,11,2216,11
2514,16,1953,44,1479,11,2244,11
2514,16,1953,44,1479,11,2259,11
2514,16,1953,44,1479,11,2261,11
2514,16,1953,44,1479,11,2289,11
2514,16,1953,44,1479,11,2359,11
2514,16,1953,44,1479,11,2370,11
2514,16,1953,44,1479,11,2405,11
2514,16,1953,44,1838,14,45,11
2514,16,1953,44,1838,14,272,11
2514,16,1953,44,1838,14,338,11
2514,16,1953,44,1838,14,390,11
2514,16,1953,44,1838,14,620,11
2514,16,1953,44,1838,14,742,11
2514,16,1953,44,1838,14,758,11
2514,16,1953,44,1838,14,979,11
2514,16,1953,44,1838,14,1044,11
2514,16,1953,44,1838,14,1068,11
2514,16,1953,44,1838,14,1186,11
2514,16,1953,44,1838,14,1259,11
2514,16,1953,44,1838,14,1260,11
2514,16,1953,44,1838,14,1312,11
2514,16,1953,44,1838,14,1391,11
2514,16,1953,44,1838,14,1422,11
2514,16,1953,44,1838,14,1747,11
2514,16,1953,44,1838,14,1773,11
2514,16,1953,44,1838,14,1799,11
2514,16,1953,44,1838,14,1956,11
2514,16,1953,44,1838,14,1997,11
2514,16,1953,44,1838,14,2068,11
2514,16,1953,44,1838,14,2079,11
2514,16,1953,44,1838,14,2206,11
2514,16,1953,44,1838,14,2244,11
2514,16,1953,44,1838,14,2259,11
2514,16,1953,44,1838,14,2261,11
2514,16,1953,44,1838,14,2289,11
2514,16,1953,44,1838,14,2359,11
2514,16,1953,44,1838,14,2405,11
