2514,16,290,44,86,45,45,11
2514,16,290,44,86,45,159,11
2514,16,290,44,86,45,272,11
2514,16,290,44,86,45,338,11
2514,16,290,44,86,45,390,11
2514,16,290,44,86,45,457,11
2514,16,290,44,86,45,463,11
2514,16,290,44,86,45,620,11
2514,16,290,44,86,45,700,11
2514,16,290,44,86,45,742,11
2514,16,290,44,86,45,758,11
2514,16,290,44,86,45,879,11
2514,16,290,44,86,45,927,11
2514,16,290,44,86,45,979,11
2514,16,290,44,86,45,1003,11
2514,16,290,44,86,45,1044,11
2514,16,290,44,86,45,1068,11
2514,16,290,44,86,45,1153,11
2514,16,290,44,86,45,1186,11
2514,16,290,44,86,45,1194,11
2514,16,290,44,86,45,1259,11
2514,16,290,44,86,45,1260,11
2514,16,290,44,86,45,1312,11
2514,16,290,44,86,45,1388,11
2514,16,290,44,86,45,1391,11
2514,16,290,44,86,45,1422,11
2514,16,290,44,86,45,1556,11
2514,16,290,44,86,45,1568,11
2514,16,290,44,86,45,1599,11
2514,16,290,44,86,45,1747,11
2514,16,290,44,86,45,1773,11
2514,16,290,44,86,45,1799,11
2514,16,290,44,86,45,1818,11
2514,16,290,44,86,45,1873,11
2514,16,290,44,86,45,1940,11
2514,16,290,44,86,45,1956,11
2514,16,290,44,86,45,1997,11
2514,16,290,44,86,45,2068,11
2514,16,290,44,86,45,2079,11
2514,16,290,44,86,45,2123,11
2514,16,290,44,86,45,2196,11
2514,16,290,44,86,45,2206,11
2514,16,290,44,86,45,2216,11
2514,16,290,44,86,45,2244,11
2514,16,290,44,86,45,2259,11
2514,16,290,44,86,45,2261,11
2514,16,290,44,86,45,2289,11
2514,16,290,44,86,45,2359,11
2514,16,290,44,86,45,2370,11
2514,16,290,44,86,45,2405,11
2514,16,290,44,155,22,45,11
2514,16,290,44,155,22,159,11
2514,16,290,44,155,22,272,11
2514,16,290,44,155,22,338,11
2514,16,290,44,155,22,390,11
2514,16,290,44,155,22,457,11
2514,16,290,44,155,22,463,11
2514,16,290,44,155,22,620,11
2514,16,290,44,155,22,700,11
2514,16,290,44,155,22,742,11
2514,16,290,44,155,22,758,11
2514,16,290,44,155,22,879,11
2514,16,290,44,155,22,927,11
2514,16,290,44,155,22,979,11
2514,16,290,44,155,22,1003,11
2514,16,290,44,155,22,1044,11
2514,16,290,44,155,22,1068,11
2514,16,290,44,155,22,1153,11
2514,16,290,44,155,22,1186,11
2514,16,290,44,155,22,1194,11
2514,16,290,44,155,22,1259,11
2514,16,290,44,155,22,1260,11
2514,16,290,44,155,22,1312,11
2514,16,290,44,155,22,1388,11
2514,16,290,44,155,22,1391,11
2514,16,290,44,155,22,1422,11
2514,16,290,44,155,22,1556,11
2514,16,290,44,155,22,1568,11
2514,16,290,44,155,22,1599,11
2514,16,290,44,155,22,1747,11
2514,16,290,44,155,22,1773,11
2514,16,290,44,155,22,1799,11
2514,16,290,44,155,22,1818,11
2514,16,290,44,155,22,1873,11
2514,16,290,44,155,22,1940,11
2514,16,290,44,155,22,1956,11
2514,16,290,44,155,22,1997,11
2514,16,290,44,155,22,2068,11
2514,16,290,44,155,22,2079,11
2514,16,290,44,155,22,2123,11
2514,16,290,44,155,22,2196,11
2514,16,290,44,155,22,2206,11
2514,16,290,44,155,22,2216,11
2514,16,290,44,155,22,2244,11
2514,16,290,44,155,22,2259,11
2514,16,290,44,155,22,2261,11
2514,16,290,44,155,22,2289,11
2514,16,290,44,155,22,2359,11
2514,16,290,44,155,22,2370,11
2514,16,290,44,155,22,2405,11
2514,16,290,44,272,26,45,11
2514,16,290,44,272,26,159,11
2514,16,290,44,272,26,272,11
2514,16,290,44,272,26,338,11
2514,16,290,44,272,26,390,11
2514,16,290,44,272,26,457,11
2514,16,290,44,272,26,463,11
2514,16,290,44,272,26,620,11
2514,16,290,44,272,26,700,11
2514,16,290,44,272,26,742,11
2514,16,290,44,272,26,758,11
2514,16,290,44,272,26,879,11
2514,16,290,44,272,26,927,11
2514,16,290,44,272,26,979,11
2514,16,290,44,272,26,1003,11
2514,16,290,44,272,26,1044,11
2514,16,290,44,272,26,1068,11
2514,16,290,44,272,26,1153,11
2514,16,290,44,272,26,1186,11
2514,16,290,44,272,26,1194,11
2514,16,290,44,272,26,1259,11
2514,16,290,44,272,26,1260,11
2514,16,290,44,272,26,1312,11
2514,16,290,44,272,26,1388,11
2514,16,290,44,272,26,1391,11
2514,16,290,44,272,26,1422,11
2514,16,290,44,272,26,1556,11
2514,16,290,44,272,26,1568,11
2514,16,290,44,272,26,1599,11
2514,16,290,44,272,26,1747,11
2514,16,290,44,272,26,1773,11
2514,16,290,44,272,26,1799,11
2514,16,290,44,272,26,1818,11
2514,16,290,44,272,26,1873,11
2514,16,290,44,272,26,1940,11
2514,16,290,44,272,26,1956,11
2514,16,290,44,272,26,1997,11
2514,16,290,44,272,26,2068,11
2514,16,290,44,272,26,2079,11
2514,16,290,44,272,26,2123,11
2514,16,290,44,272,26,2196,11
2514,16,290,44,272,26,2206,11
2514,16,290,44,272,26,2216,11
2514,16,290,44,272,26,2244,11
2514,16,290,44,272,26,2259,11
2514,16,290,44,272,26,2261,11
2514,16,290,44,272,26,2289,11
2514,16,290,44,272,26,2359,11
2514,16,290,44,272,26,2370,11
2514,16,290,44,272,26,2405,11
2514,16,290,44,337,28,159,11
2514,16,290,44,337,28,272,11
2514,16,290,44,337,28,338,11
2514,16,290,44,337,28,457,11
2514,16,290,44,337,28,463,11
2514,16,290,44,337,28,700,11
2514,16,290,44,337,28,742,11
2514,16,290,44,337,28,758,11
2514,16,290,44,337,28,879,11
2514,16,290,44,337,28,927,11
2514,16,290,44,337,28,1003,11
2514,16,290,44,337,28,1044,11
2514,16,290,44,337,28,1068,11
2514,16,290,44,337,28,1153,11
2514,16,290,44,337,28,1186,11
2514,16,290,44,337,28,1194,11
2514,16,290,44,337,28,1259,11
2514,16,290,44,337,28,1260,11
2514,16,290,44,337,28,1312,11
2514,16,290,44,337,28,1388,11
2514,16,290,44,337,28,1391,11
2514,16,290,44,337,28,1422,11
2514,16,290,44,337,28,1556,11
2514,16,290,44,337,28,1568,11
2514,16,290,44,337,28,1599,11
2514,16,290,44,337,28,1747,11
2514,16,290,44,337,28,1773,11
2514,16,290,44,337,28,1818,11
2514,16,290,44,337,28,1873,11
2514,16,290,44,337,28,1940,11
2514,16,290,44,337,28,1997,11
2514,16,290,44,337,28,2068,11
2514,16,290,44,337,28,2079,11
2514,16,290,44,337,28,2123,11
2514,16,290,44,337,28,2196,11
2514,16,290,44,337,28,2216,11
2514,16,290,44,337,28,2259,11
2514,16,290,44,337,28,2289,11
2514,16,290,44,337,28,2370,11
2514,16,290,44,337,28,2405,11
2514,16,290,44,341,29,45,11
2514,16,290,44,341,29,159,11
2514,16,290,44,341,29,272,11
2514,16,290,44,341,29,338,11
2514,16,290,44,341,29,390,11
2514,16,290,44,341,29,457,11
2514,16,290,44,341,29,463,11
2514,16,290,44,341,29,620,11
2514,16,290,44,341,29,700,11
2514,16,290,44,341,29,742,11
2514,16,290,44,341,29,758,11
2514,16,290,44,341,29,879,11
2514,16,290,44,341,29,927,11
2514,16,290,44,341,29,979,11
2514,16,290,44,341,29,1003,11
2514,16,290,44,341,29,1044,11
2514,16,290,44,341,29,1068,11
2514,16,290,44,341,29,1153,11
2514,16,290,44,341,29,1186,11
2514,16,290,44,341,29,1194,11
2514,16,290,44,341,29,1259,11
2514,16,290,44,341,29,1260,11
2514,16,290,44,341,29,1312,11
2514,16,290,44,341,29,1388,11
2514,16,290,44,341,29,1391,11
2514,16,290,44,341,29,1422,11
2514,16,290,44,341,29,1556,11
2514,16,290,44,341,29,1568,11
2514,16,290,44,341,29,1599,11
2514,16,290,44,341,29,1747,11
2514,16,290,44,341,29,1773,11
2514,16,290,44,341,29,1799,11
2514,16,290,44,341,29,1818,11
2514,16,290,44,341,29,1873,11
2514,16,290,44,341,29,1940,11
2514,16,290,44,341,29,1956,11
2514,16,290,44,341,29,1997,11
2514,16,290,44,341,29,2068,11
2514,16,290,44,341,29,2079,11
2514,16,290,44,341,29,2123,11
2514,16,290,44,341,29,2196,11
2514,16,290,44,341,29,2206,11
2514,16,290,44,341,29,2216,11
2514,16,290,44,341,29,2244,11
2514,16,290,44,341,29,2259,11
2514,16,290,44,341,29,2261,11
2514,16,290,44,341,29,2289,11
2514,16,290,44,341,29,2359,11
2514,16,290,44,341,29,2370,11
2514,16,290,44,341,29,2405,11
2514,16,290,44,433,49,45,11
2514,16,290,44,433,49,159,11
2514,16,290,44,433,49,272,11
2514,16,290,44,433,49,338,11
2514,16,290,44,433,49,390,11
2514,16,290,44,433,49,457,11
2514,16,290,44,433,49,463,11
2514,16,290,44,433,49,620,11
2514,16,290,44,433,49,700,11
2514,16,290,44,433,49,742,11
2514,16,290,44,433,49,758,11
2514,16,290,44,433,49,879,11
2514,16,290,44,433,49,927,11
2514,16,290,44,433,49,979,11
2514,16,290,44,433,49,1003,11
2514,16,290,44,433,49,1044,11
2514,16,290,44,433,49,1068,11
2514,16,290,44,433,49,1153,11
2514,16,290,44,433,49,1186,11
2514,16,290,44,433,49,1194,11
2514,16,290,44,433,49,1259,11
2514,16,290,44,433,49,1260,11
2514,16,290,44,433,49,1312,11
2514,16,290,44,433,49,1388,11
2514,16,290,44,433,49,1391,11
2514,16,290,44,433,49,1422,11
2514,16,290,44,433,49,1556,11
2514,16,290,44,433,49,1568,11
2514,16,290,44,433,49,1599,11
2514,16,290,44,433,49,1747,11
2514,16,290,44,433,49,1773,11
2514,16,290,44,433,49,1799,11
2514,16,290,44,433,49,1818,11
2514,16,290,44,433,49,1873,11
2514,16,290,44,433,49,1940,11
2514,16,290,44,433,49,1956,11
2514,16,290,44,433,49,1997,11
2514,16,290,44,433,49,2068,11
2514,16,290,44,433,49,2079,11
2514,16,290,44,433,49,2123,11
2514,16,290,44,433,49,2196,11
2514,16,290,44,433,49,2206,11
2514,16,290,44,433,49,2216,11
2514,16,290,44,433,49,2244,11
2514,16,290,44,433,49,2259,11
2514,16,290,44,433,49,2261,11
2514,16,290,44,433,49,2289,11
2514,16,290,44,433,49,2359,11
2514,16,290,44,433,49,2370,11
2514,16,290,44,433,49,2405,11
2514,16,290,44,470,45,45,11
2514,16,290,44,470,45,159,11
2514,16,290,44,470,45,272,11
2514,16,290,44,470,45,338,11
2514,16,290,44,470,45,390,11
2514,16,290,44,470,45,457,11
2514,16,290,44,470,45,463,11
2514,16,290,44,470,45,620,11
2514,16,290,44,470,45,700,11
2514,16,290,44,470,45,742,11
2514,16,290,44,470,45,758,11
2514,16,290,44,470,45,879,11
2514,16,290,44,470,45,927,11
2514,16,290,44,470,45,979,11
2514,16,290,44,470,45,1003,11
2514,16,290,44,470,45,1044,11
2514,16,290,44,470,45,1068,11
2514,16,290,44,470,45,1153,11
2514,16,290,44,470,45,1186,11
2514,16,290,44,470,45,1194,11
2514,16,290,44,470,45,1259,11
2514,16,290,44,470,45,1260,11
2514,16,290,44,470,45,1312,11
2514,16,290,44,470,45,1388,11
2514,16,290,44,470,45,1391,11
2514,16,290,44,470,45,1422,11
2514,16,290,44,470,45,1556,11
2514,16,290,44,470,45,1568,11
2514,16,290,44,470,45,1599,11
2514,16,290,44,470,45,1747,11
2514,16,290,44,470,45,1773,11
2514,16,290,44,470,45,1799,11
2514,16,290,44,470,45,1818,11
2514,16,290,44,470,45,1873,11
2514,16,290,44,470,45,1940,11
2514,16,290,44,470,45,1956,11
2514,16,290,44,470,45,1997,11
2514,16,290,44,470,45,2068,11
2514,16,290,44,470,45,2079,11
2514,16,290,44,470,45,2123,11
2514,16,290,44,470,45,2196,11
2514,16,290,44,470,45,2206,11
2514,16,290,44,470,45,2216,11
2514,16,290,44,470,45,2244,11
2514,16,290,44,470,45,2259,11
2514,16,290,44,470,45,2261,11
2514,16,290,44,470,45,2289,11
2514,16,290,44,470,45,2359,11
2514,16,290,44,470,45,2370,11
2514,16,290,44,470,45,2405,11
2514,16,290,44,507,22,45,11
2514,16,290,44,507,22,159,11
2514,16,290,44,507,22,272,11
2514,16,290,44,507,22,338,11
2514,16,290,44,507,22,390,11
2514,16,290,44,507,22,457,11
2514,16,290,44,507,22,463,11
2514,16,290,44,507,22,620,11
2514,16,290,44,507,22,700,11
2514,16,290,44,507,22,742,11
2514,16,290,44,507,22,758,11
2514,16,290,44,507,22,879,11
2514,16,290,44,507,22,927,11
2514,16,290,44,507,22,979,11
2514,16,290,44,507,22,1003,11
2514,16,290,44,507,22,1044,11
2514,16,290,44,507,22,1068,11
2514,16,290,44,507,22,1153,11
2514,16,290,44,507,22,1186,11
2514,16,290,44,507,22,1194,11
2514,16,290,44,507,22,1259,11
2514,16,290,44,507,22,1260,11
2514,16,290,44,507,22,1312,11
2514,16,290,44,507,22,1388,11
2514,16,290,44,507,22,1391,11
2514,16,290,44,507,22,1422,11
2514,16,290,44,507,22,1556,11
2514,16,290,44,507,22,1568,11
2514,16,290,44,507,22,1599,11
2514,16,290,44,507,22,1747,11
2514,16,290,44,507,22,1773,11
2514,16,290,44,507,22,1799,11
2514,16,290,44,507,22,1818,11
2514,16,290,44,507,22,1873,11
2514,16,290,44,507,22,1940,11
2514,16,290,44,507,22,1956,11
2514,16,290,44,507,22,1997,11
2514,16,290,44,507,22,2068,11
2514,16,290,44,507,22,2079,11
2514,16,290,44,507,22,2123,11
2514,16,290,44,507,22,2196,11
2514,16,290,44,507,22,2206,11
2514,16,290,44,507,22,2216,11
2514,16,290,44,507,22,2244,11
2514,16,290,44,507,22,2259,11
2514,16,290,44,507,22,2261,11
2514,16,290,44,507,22,2289,11
2514,16,290,44,507,22,2359,11
2514,16,290,44,507,22,2370,11
2514,16,290,44,507,22,2405,11
2514,16,290,44,754,10,45,11
2514,16,290,44,754,10,159,11
2514,16,290,44,754,10,272,11
2514,16,290,44,754,10,338,11
2514,16,290,44,754,10,390,11
2514,16,290,44,754,10,457,11
2514,16,290,44,754,10,463,11
2514,16,290,44,754,10,620,11
2514,16,290,44,754,10,700,11
2514,16,290,44,754,10,742,11
2514,16,290,44,754,10,758,11
2514,16,290,44,754,10,879,11
2514,16,290,44,754,10,927,11
2514,16,290,44,754,10,979,11
2514,16,290,44,754,10,1003,11
2514,16,290,44,754,10,1044,11
2514,16,290,44,754,10,1068,11
2514,16,290,44,754,10,1153,11
2514,16,290,44,754,10,1186,11
2514,16,290,44,754,10,1194,11
2514,16,290,44,754,10,1259,11
2514,16,290,44,754,10,1260,11
2514,16,290,44,754,10,1312,11
2514,16,290,44,754,10,1388,11
2514,16,290,44,754,10,1391,11
2514,16,290,44,754,10,1422,11
2514,16,290,44,754,10,1556,11
2514,16,290,44,754,10,1568,11
2514,16,290,44,754,10,1599,11
2514,16,290,44,754,10,1747,11
2514,16,290,44,754,10,1773,11
2514,16,290,44,754,10,1799,11
2514,16,290,44,754,10,1818,11
2514,16,290,44,754,10,1873,11
2514,16,290,44,754,10,1940,11
2514,16,290,44,754,10,1956,11
2514,16,290,44,754,10,1997,11
2514,16,290,44,754,10,2068,11
2514,16,290,44,754,10,2079,11
2514,16,290,44,754,10,2123,11
2514,16,290,44,754,10,2196,11
2514,16,290,44,754,10,2206,11
2514,16,290,44,754,10,2216,11
2514,16,290,44,754,10,2244,11
2514,16,290,44,754,10,2259,11
2514,16,290,44,754,10,2261,11
2514,16,290,44,754,10,2289,11
2514,16,290,44,754,10,2359,11
2514,16,290,44,754,10,2370,11
2514,16,290,44,754,10,2405,11
2514,16,290,44,923,38,45,11
2514,16,290,44,923,38,159,11
2514,16,290,44,923,38,272,11
2514,16,290,44,923,38,338,11
2514,16,290,44,923,38,390,11
2514,16,290,44,923,38,457,11
2514,16,290,44,923,38,463,11
2514,16,290,44,923,38,620,11
2514,16,290,44,923,38,700,11
2514,16,290,44,923,38,742,11
2514,16,290,44,923,38,758,11
2514,16,290,44,923,38,879,11
2514,16,290,44,923,38,927,11
2514,16,290,44,923,38,979,11
2514,16,290,44,923,38,1003,11
2514,16,290,44,923,38,1044,11
2514,16,290,44,923,38,1068,11
2514,16,290,44,923,38,1153,11
2514,16,290,44,923,38,1186,11
2514,16,290,44,923,38,1194,11
2514,16,290,44,923,38,1259,11
2514,16,290,44,923,38,1260,11
2514,16,290,44,923,38,1312,11
2514,16,290,44,923,38,1388,11
2514,16,290,44,923,38,1391,11
2514,16,290,44,923,38,1422,11
2514,16,290,44,923,38,1556,11
2514,16,290,44,923,38,1568,11
2514,16,290,44,923,38,1599,11
2514,16,290,44,923,38,1747,11
2514,16,290,44,923,38,1773,11
2514,16,290,44,923,38,1799,11
2514,16,290,44,923,38,1818,11
2514,16,290,44,923,38,1873,11
2514,16,290,44,923,38,1940,11
2514,16,290,44,923,38,1956,11
2514,16,290,44,923,38,1997,11
2514,16,290,44,923,38,2068,11
2514,16,290,44,923,38,2079,11
2514,16,290,44,923,38,2123,11
2514,16,290,44,923,38,2196,11
2514,16,290,44,923,38,2206,11
2514,16,290,44,923,38,2216,11
2514,16,290,44,923,38,2244,11
2514,16,290,44,923,38,2259,11
2514,16,290,44,923,38,2261,11
2514,16,290,44,923,38,2289,11
2514,16,290,44,923,38,2359,11
2514,16,290,44,923,38,2370,11
2514,16,290,44,923,38,2405,11
2514,16,290,44,1034,26,45,11
2514,16,290,44,1034,26,159,11
2514,16,290,44,1034,26,272,11
2514,16,290,44,1034,26,338,11
2514,16,290,44,1034,26,390,11
2514,16,290,44,1034,26,457,11
2514,16,290,44,1034,26,463,11
2514,16,290,44,1034,26,620,11
2514,16,290,44,1034,26,700,11
2514,16,290,44,1034,26,742,11
2514,16,290,44,1034,26,758,11
2514,16,290,44,1034,26,879,11
2514,16,290,44,1034,26,927,11
2514,16,290,44,1034,26,979,11
2514,16,290,44,1034,26,1003,11
2514,16,290,44,1034,26,1044,11
2514,16,290,44,1034,26,1068,11
2514,16,290,44,1034,26,1153,11
2514,16,290,44,1034,26,1186,11
2514,16,290,44,1034,26,1194,11
2514,16,290,44,1034,26,1259,11
2514,16,290,44,1034,26,1260,11
2514,16,290,44,1034,26,1312,11
2514,16,290,44,1034,26,1388,11
2514,16,290,44,1034,26,1391,11
2514,16,290,44,1034,26,1422,11
2514,16,290,44,1034,26,1556,11
2514,16,290,44,1034,26,1568,11
2514,16,290,44,1034,26,1599,11
2514,16,290,44,1034,26,1747,11
2514,16,290,44,1034,26,1773,11
2514,16,290,44,1034,26,1799,11
2514,16,290,44,1034,26,1818,11
2514,16,290,44,1034,26,1873,11
2514,16,290,44,1034,26,1940,11
2514,16,290,44,1034,26,1956,11
2514,16,290,44,1034,26,1997,11
2514,16,290,44,1034,26,2068,11
2514,16,290,44,1034,26,2079,11
2514,16,290,44,1034,26,2123,11
2514,16,290,44,1034,26,2196,11
2514,16,290,44,1034,26,2206,11
2514,16,290,44,1034,26,2216,11
2514,16,290,44,1034,26,2244,11
2514,16,290,44,1034,26,2259,11
2514,16,290,44,1034,26,2261,11
2514,16,290,44,1034,26,2289,11
2514,16,290,44,1034,26,2359,11
2514,16,290,44,1034,26,2370,11
2514,16,290,44,1034,26,2405,11
2514,16,290,44,1740,36,45,11
2514,16,290,44,1740,36,159,11
2514,16,290,44,1740,36,272,11
2514,16,290,44,1740,36,338,11
2514,16,290,44,1740,36,390,11
2514,16,290,44,1740,36,457,11
2514,16,290,44,1740,36,463,11
2514,16,290,44,1740,36,620,11
2514,16,290,44,1740,36,700,11
2514,16,290,44,1740,36,742,11
2514,16,290,44,1740,36,758,11
2514,16,290,44,1740,36,879,11
2514,16,290,44,1740,36,927,11
2514,16,290,44,1740,36,979,11
2514,16,290,44,1740,36,1003,11
2514,16,290,44,1740,36,1044,11
2514,16,290,44,1740,36,1068,11
2514,16,290,44,1740,36,1153,11
2514,16,290,44,1740,36,1186,11
2514,16,290,44,1740,36,1194,11
2514,16,290,44,1740,36,1259,11
2514,16,290,44,1740,36,1260,11
2514,16,290,44,1740,36,1312,11
2514,16,290,44,1740,36,1388,11
2514,16,290,44,1740,36,1391,11
2514,16,290,44,1740,36,1422,11
2514,16,290,44,1740,36,1556,11
2514,16,290,44,1740,36,1568,11
2514,16,290,44,1740,36,1599,11
2514,16,290,44,1740,36,1747,11
2514,16,290,44,1740,36,1773,11
2514,16,290,44,1740,36,1799,11
2514,16,290,44,1740,36,1818,11
2514,16,290,44,1740,36,1873,11
2514,16,290,44,1740,36,1940,11
2514,16,290,44,1740,36,1956,11
2514,16,290,44,1740,36,1997,11
2514,16,290,44,1740,36,2068,11
2514,16,290,44,1740,36,2079,11
2514,16,290,44,1740,36,2123,11
2514,16,290,44,1740,36,2196,11
2514,16,290,44,1740,36,2206,11
2514,16,290,44,1740,36,2216,11
2514,16,290,44,1740,36,2244,11
2514,16,290,44,1740,36,2259,11
2514,16,290,44,1740,36,2261,11
2514,16,290,44,1740,36,2289,11
2514,16,290,44,1740,36,2359,11
2514,16,290,44,1740,36,2370,11
2514,16,290,44,1740,36,2405,11
2514,16,290,44,1811,34,45,11
2514,16,290,44,1811,34,159,11
2514,16,290,44,1811,34,272,11
2514,16,290,44,1811,34,338,11
2514,16,290,44,1811,34,390,11
2514,16,290,44,1811,34,457,11
2514,16,290,44,1811,34,463,11
2514,16,290,44,1811,34,620,11
2514,16,290,44,1811,34,700,11
2514,16,290,44,1811,34,742,11
2514,16,290,44,1811,34,758,11
2514,16,290,44,1811,34,879,11
2514,16,290,44,1811,34,927,11
2514,16,290,44,1811,34,979,11
2514,16,290,44,1811,34,1003,11
2514,16,290,44,1811,34,1044,11
2514,16,290,44,1811,34,1068,11
2514,16,290,44,1811,34,1153,11
2514,16,290,44,1811,34,1186,11
2514,16,290,44,1811,34,1194,11
2514,16,290,44,1811,34,1259,11
2514,16,290,44,1811,34,1260,11
2514,16,290,44,1811,34,1312,11
2514,16,290,44,1811,34,1388,11
2514,16,290,44,1811,34,1391,11
2514,16,290,44,1811,34,1422,11
2514,16,290,44,1811,34,1556,11
2514,16,290,44,1811,34,1568,11
2514,16,290,44,1811,34,1599,11
2514,16,290,44,1811,34,1747,11
2514,16,290,44,1811,34,1773,11
2514,16,290,44,1811,34,1799,11
2514,16,290,44,1811,34,1818,11
2514,16,290,44,1811,34,1873,11
2514,16,290,44,1811,34,1940,11
2514,16,290,44,1811,34,1956,11
2514,16,290,44,1811,34,1997,11
2514,16,290,44,1811,34,2068,11
2514,16,290,44,1811,34,2079,11
2514,16,290,44,1811,34,2123,11
2514,16,290,44,1811,34,2196,11
2514,16,290,44,1811,34,2206,11
2514,16,290,44,1811,34,2216,11
2514,16,290,44,1811,34,2244,11
2514,16,290,44,1811,34,2259,11
2514,16,290,44,1811,34,2261,11
2514,16,290,44,1811,34,2289,11
2514,16,290,44,1811,34,2359,11
2514,16,290,44,1811,34,2370,11
2514,16,290,44,1811,34,2405,11
