2514,16,1126,28,61,16,45,11
2514,16,1126,28,61,16,159,11
2514,16,1126,28,61,16,272,11
2514,16,1126,28,61,16,338,11
2514,16,1126,28,61,16,390,11
2514,16,1126,28,61,16,457,11
2514,16,1126,28,61,16,463,11
2514,16,1126,28,61,16,620,11
2514,16,1126,28,61,16,700,11
2514,16,1126,28,61,16,742,11
2514,16,1126,28,61,16,758,11
2514,16,1126,28,61,16,879,11
2514,16,1126,28,61,16,927,11
2514,16,1126,28,61,16,979,11
2514,16,1126,28,61,16,1003,11
2514,16,1126,28,61,16,1044,11
2514,16,1126,28,61,16,1068,11
2514,16,1126,28,61,16,1153,11
2514,16,1126,28,61,16,1186,11
2514,16,1126,28,61,16,1194,11
2514,16,1126,28,61,16,1259,11
2514,16,1126,28,61,16,1260,11
2514,16,1126,28,61,16,1312,11
2514,16,1126,28,61,16,1388,11
2514,16,1126,28,61,16,1391,11
2514,16,1126,28,61,16,1422,11
2514,16,1126,28,61,16,1556,11
2514,16,1126,28,61,16,1568,11
2514,16,1126,28,61,16,1599,11
2514,16,1126,28,61,16,1747,11
2514,16,1126,28,61,16,1773,11
2514,16,1126,28,61,16,1799,11
2514,16,1126,28,61,16,1818,11
2514,16,1126,28,61,16,1873,11
2514,16,1126,28,61,16,1940,11
2514,16,1126,28,61,16,1956,11
2514,16,1126,28,61,16,1997,11
2514,16,1126,28,61,16,2068,11
2514,16,1126,28,61,16,2079,11
2514,16,1126,28,61,16,2123,11
2514,16,1126,28,61,16,2196,11
2514,16,1126,28,61,16,2206,11
2514,16,1126,28,61,16,2216,11
2514,16,1126,28,61,16,2244,11
2514,16,1126,28,61,16,2259,11
2514,16,1126,28,61,16,2261,11
2514,16,1126,28,61,16,2289,11
2514,16,1126,28,61,16,2359,11
2514,16,1126,28,61,16,2370,11
2514,16,1126,28,61,16,2405,11
2514,16,1126,28,130,18,45,11
2514,16,1126,28,130,18,159,11
2514,16,1126,28,130,18,272,11
2514,16,1126,28,130,18,338,11
2514,16,1126,28,130,18,390,11
2514,16,1126,28,130,18,457,11
2514,16,1126,28,130,18,463,11
2514,16,1126,28,130,18,620,11
2514,16,1126,28,130,18,700,11
2514,16,1126,28,130,18,742,11
2514,16,1126,28,130,18,758,11
2514,16,1126,28,130,18,879,11
2514,16,1126,28,130,18,927,11
2514,16,1126,28,130,18,979,11
2514,16,1126,28,130,18,1003,11
2514,16,1126,28,130,18,1044,11
2514,16,1126,28,130,18,1068,11
2514,16,1126,28,130,18,1153,11
2514,16,1126,28,130,18,1186,11
2514,16,1126,28,130,18,1194,11
2514,16,1126,28,130,18,1259,11
2514,16,1126,28,130,18,1260,11
2514,16,1126,28,130,18,1312,11
2514,16,1126,28,130,18,1388,11
2514,16,1126,28,130,18,1391,11
2514,16,1126,28,130,18,1422,11
2514,16,1126,28,130,18,1556,11
2514,16,1126,28,130,18,1568,11
2514,16,1126,28,130,18,1599,11
2514,16,1126,28,130,18,1747,11
2514,16,1126,28,130,18,1773,11
2514,16,1126,28,130,18,1799,11
2514,16,1126,28,130,18,1818,11
2514,16,1126,28,130,18,1873,11
2514,16,1126,28,130,18,1940,11
2514,16,1126,28,130,18,1956,11
2514,16,1126,28,130,18,1997,11
2514,16,1126,28,130,18,2068,11
2514,16,1126,28,130,18,2079,11
2514,16,1126,28,130,18,2123,11
2514,16,1126,28,130,18,2196,11
2514,16,1126,28,130,18,2206,11
2514,16,1126,28,130,18,2216,11
2514,16,1126,28,130,18,2244,11
2514,16,1126,28,130,18,2259,11
2514,16,1126,28,130,18,2261,11
2514,16,1126,28,130,18,2289,11
2514,16,1126,28,130,18,2359,11
2514,16,1126,28,130,18,2370,11
2514,16,1126,28,130,18,2405,11
2514,16,1126,28,713,15,159,11
2514,16,1126,28,713,15,272,11
2514,16,1126,28,713,15,338,11
2514,16,1126,28,713,15,457,11
2514,16,1126,28,713,15,463,11
2514,16,1126,28,713,15,700,11
2514,16,1126,28,713,15,742,11
2514,16,1126,28,713,15,758,11
2514,16,1126,28,713,15,879,11
2514,16,1126,28,713,15,927,11
2514,16,1126,28,713,15,1003,11
2514,16,1126,28,713,15,1044,11
2514,16,1126,28,713,15,1068,11
2514,16,1126,28,713,15,1153,11
2514,16,1126,28,713,15,1186,11
2514,16,1126,28,713,15,1194,11
2514,16,1126,28,713,15,1259,11
2514,16,1126,28,713,15,1260,11
2514,16,1126,28,713,15,1312,11
2514,16,1126,28,713,15,1388,11
2514,16,1126,28,713,15,1391,11
2514,16,1126,28,713,15,1422,11
2514,16,1126,28,713,15,1556,11
2514,16,1126,28,713,15,1568,11
2514,16,1126,28,713,15,1599,11
2514,16,1126,28,713,15,1747,11
2514,16,1126,28,713,15,1773,11
2514,16,1126,28,713,15,1818,11
2514,16,1126,28,713,15,1873,11
2514,16,1126,28,713,15,1940,11
2514,16,1126,28,713,15,1997,11
2514,16,1126,28,713,15,2068,11
2514,16,1126,28,713,15,2079,11
2514,16,1126,28,713,15,2123,11
2514,16,1126,28,713,15,2196,11
2514,16,1126,28,713,15,2216,11
2514,16,1126,28,713,15,2259,11
2514,16,1126,28,713,15,2289,11
2514,16,1126,28,713,15,2370,11
2514,16,1126,28,713,15,2405,11
2514,16,1126,28,1015,14,45,11
2514,16,1126,28,1015,14,159,11
2514,16,1126,28,1015,14,272,11
2514,16,1126,28,1015,14,338,11
2514,16,1126,28,1015,14,390,11
2514,16,1126,28,1015,14,457,11
2514,16,1126,28,1015,14,463,11
2514,16,1126,28,1015,14,620,11
2514,16,1126,28,1015,14,700,11
2514,16,1126,28,1015,14,742,11
2514,16,1126,28,1015,14,758,11
2514,16,1126,28,1015,14,879,11
2514,16,1126,28,1015,14,927,11
2514,16,1126,28,1015,14,979,11
2514,16,1126,28,1015,14,1003,11
2514,16,1126,28,1015,14,1044,11
2514,16,1126,28,1015,14,1068,11
2514,16,1126,28,1015,14,1153,11
2514,16,1126,28,1015,14,1186,11
2514,16,1126,28,1015,14,1194,11
2514,16,1126,28,1015,14,1259,11
2514,16,1126,28,1015,14,1260,11
2514,16,1126,28,1015,14,1312,11
2514,16,1126,28,1015,14,1388,11
2514,16,1126,28,1015,14,1391,11
2514,16,1126,28,1015,14,1422,11
2514,16,1126,28,1015,14,1556,11
2514,16,1126,28,1015,14,1568,11
2514,16,1126,28,1015,14,1599,11
2514,16,1126,28,1015,14,1747,11
2514,16,1126,28,1015,14,1773,11
2514,16,1126,28,1015,14,1799,11
2514,16,1126,28,1015,14,1818,11
2514,16,1126,28,1015,14,1873,11
2514,16,1126,28,1015,14,1940,11
2514,16,1126,28,1015,14,1956,11
2514,16,1126,28,1015,14,1997,11
2514,16,1126,28,1015,14,2068,11
2514,16,1126,28,1015,14,2079,11
2514,16,1126,28,1015,14,2123,11
2514,16,1126,28,1015,14,2196,11
2514,16,1126,28,1015,14,2206,11
2514,16,1126,28,1015,14,2216,11
2514,16,1126,28,1015,14,2244,11
2514,16,1126,28,1015,14,2259,11
2514,16,1126,28,1015,14,2261,11
2514,16,1126,28,1015,14,2289,11
2514,16,1126,28,1015,14,2359,11
2514,16,1126,28,1015,14,2370,11
2514,16,1126,28,1015,14,2405,11
2514,16,1126,28,1099,28,45,11
2514,16,1126,28,1099,28,159,11
2514,16,1126,28,1099,28,272,11
2514,16,1126,28,1099,28,338,11
2514,16,1126,28,1099,28,390,11
2514,16,1126,28,1099,28,457,11
2514,16,1126,28,1099,28,463,11
2514,16,1126,28,1099,28,620,11
2514,16,1126,28,1099,28,700,11
2514,16,1126,28,1099,28,742,11
2514,16,1126,28,1099,28,758,11
2514,16,1126,28,1099,28,879,11
2514,16,1126,28,1099,28,927,11
2514,16,1126,28,1099,28,979,11
2514,16,1126,28,1099,28,1003,11
2514,16,1126,28,1099,28,1044,11
2514,16,1126,28,1099,28,1068,11
2514,16,1126,28,1099,28,1153,11
2514,16,1126,28,1099,28,1186,11
2514,16,1126,28,1099,28,1194,11
2514,16,1126,28,1099,28,1259,11
2514,16,1126,28,1099,28,1260,11
2514,16,1126,28,1099,28,1312,11
2514,16,1126,28,1099,28,1388,11
2514,16,1126,28,1099,28,1391,11
2514,16,1126,28,1099,28,1422,11
2514,16,1126,28,1099,28,1556,11
2514,16,1126,28,1099,28,1568,11
2514,16,1126,28,1099,28,1599,11
2514,16,1126,28,1099,28,1747,11
2514,16,1126,28,1099,28,1773,11
2514,16,1126,28,1099,28,1799,11
2514,16,1126,28,1099,28,1818,11
2514,16,1126,28,1099,28,1873,11
2514,16,1126,28,1099,28,1940,11
2514,16,1126,28,1099,28,1956,11
2514,16,1126,28,1099,28,1997,11
2514,16,1126,28,1099,28,2068,11
2514,16,1126,28,1099,28,2079,11
2514,16,1126,28,1099,28,2123,11
2514,16,1126,28,1099,28,2196,11
2514,16,1126,28,1099,28,2206,11
2514,16,1126,28,1099,28,2216,11
2514,16,1126,28,1099,28,2244,11
2514,16,1126,28,1099,28,2259,11
2514,16,1126,28,1099,28,2261,11
2514,16,1126,28,1099,28,2289,11
2514,16,1126,28,1099,28,2359,11
2514,16,1126,28,1099,28,2370,11
2514,16,1126,28,1099,28,2405,11
2514,16,1126,28,1171,28,45,11
2514,16,1126,28,1171,28,159,11
2514,16,1126,28,1171,28,272,11
2514,16,1126,28,1171,28,338,11
2514,16,1126,28,1171,28,390,11
2514,16,1126,28,1171,28,457,11
2514,16,1126,28,1171,28,463,11
2514,16,1126,28,1171,28,620,11
2514,16,1126,28,1171,28,700,11
2514,16,1126,28,1171,28,742,11
2514,16,1126,28,1171,28,758,11
2514,16,1126,28,1171,28,879,11
2514,16,1126,28,1171,28,927,11
2514,16,1126,28,1171,28,979,11
2514,16,1126,28,1171,28,1003,11
2514,16,1126,28,1171,28,1044,11
2514,16,1126,28,1171,28,1068,11
2514,16,1126,28,1171,28,1153,11
2514,16,1126,28,1171,28,1186,11
2514,16,1126,28,1171,28,1194,11
2514,16,1126,28,1171,28,1259,11
2514,16,1126,28,1171,28,1260,11
2514,16,1126,28,1171,28,1312,11
2514,16,1126,28,1171,28,1388,11
2514,16,1126,28,1171,28,1391,11
2514,16,1126,28,1171,28,1422,11
2514,16,1126,28,1171,28,1556,11
2514,16,1126,28,1171,28,1568,11
2514,16,1126,28,1171,28,1599,11
2514,16,1126,28,1171,28,1747,11
2514,16,1126,28,1171,28,1773,11
2514,16,1126,28,1171,28,1799,11
2514,16,1126,28,1171,28,1818,11
2514,16,1126,28,1171,28,1873,11
2514,16,1126,28,1171,28,1940,11
2514,16,1126,28,1171,28,1956,11
2514,16,1126,28,1171,28,1997,11
2514,16,1126,28,1171,28,2068,11
2514,16,1126,28,1171,28,2079,11
2514,16,1126,28,1171,28,2123,11
2514,16,1126,28,1171,28,2196,11
2514,16,1126,28,1171,28,2206,11
2514,16,1126,28,1171,28,2216,11
2514,16,1126,28,1171,28,2244,11
2514,16,1126,28,1171,28,2259,11
2514,16,1126,28,1171,28,2261,11
2514,16,1126,28,1171,28,2289,11
2514,16,1126,28,1171,28,2359,11
2514,16,1126,28,1171,28,2370,11
2514,16,1126,28,1171,28,2405,11
2514,16,1126,28,1305,42,45,11
2514,16,1126,28,1305,42,159,11
2514,16,1126,28,1305,42,272,11
2514,16,1126,28,1305,42,338,11
2514,16,1126,28,1305,42,390,11
2514,16,1126,28,1305,42,457,11
2514,16,1126,28,1305,42,463,11
2514,16,1126,28,1305,42,620,11
2514,16,1126,28,1305,42,700,11
2514,16,1126,28,1305,42,742,11
2514,16,1126,28,1305,42,758,11
2514,16,1126,28,1305,42,879,11
2514,16,1126,28,1305,42,927,11
2514,16,1126,28,1305,42,979,11
2514,16,1126,28,1305,42,1003,11
2514,16,1126,28,1305,42,1044,11
2514,16,1126,28,1305,42,1068,11
2514,16,1126,28,1305,42,1153,11
2514,16,1126,28,1305,42,1186,11
2514,16,1126,28,1305,42,1194,11
2514,16,1126,28,1305,42,1259,11
2514,16,1126,28,1305,42,1260,11
2514,16,1126,28,1305,42,1312,11
2514,16,1126,28,1305,42,1388,11
2514,16,1126,28,1305,42,1391,11
2514,16,1126,28,1305,42,1422,11
2514,16,1126,28,1305,42,1556,11
2514,16,1126,28,1305,42,1568,11
2514,16,1126,28,1305,42,1599,11
2514,16,1126,28,1305,42,1747,11
2514,16,1126,28,1305,42,1773,11
2514,16,1126,28,1305,42,1799,11
2514,16,1126,28,1305,42,1818,11
2514,16,1126,28,1305,42,1873,11
2514,16,1126,28,1305,42,1940,11
2514,16,1126,28,1305,42,1956,11
2514,16,1126,28,1305,42,1997,11
2514,16,1126,28,1305,42,2068,11
2514,16,1126,28,1305,42,2079,11
2514,16,1126,28,1305,42,2123,11
2514,16,1126,28,1305,42,2196,11
2514,16,1126,28,1305,42,2206,11
2514,16,1126,28,1305,42,2216,11
2514,16,1126,28,1305,42,2244,11
2514,16,1126,28,1305,42,2259,11
2514,16,1126,28,1305,42,2261,11
2514,16,1126,28,1305,42,2289,11
2514,16,1126,28,1305,42,2359,11
2514,16,1126,28,1305,42,2370,11
2514,16,1126,28,1305,42,2405,11
2514,16,1126,28,1366,35,45,11
2514,16,1126,28,1366,35,159,11
2514,16,1126,28,1366,35,272,11
2514,16,1126,28,1366,35,338,11
2514,16,1126,28,1366,35,390,11
2514,16,1126,28,1366,35,457,11
2514,16,1126,28,1366,35,463,11
2514,16,1126,28,1366,35,620,11
2514,16,1126,28,1366,35,700,11
2514,16,1126,28,1366,35,742,11
2514,16,1126,28,1366,35,758,11
2514,16,1126,28,1366,35,879,11
2514,16,1126,28,1366,35,927,11
2514,16,1126,28,1366,35,979,11
2514,16,1126,28,1366,35,1003,11
2514,16,1126,28,1366,35,1044,11
2514,16,1126,28,1366,35,1068,11
2514,16,1126,28,1366,35,1153,11
2514,16,1126,28,1366,35,1186,11
2514,16,1126,28,1366,35,1194,11
2514,16,1126,28,1366,35,1259,11
2514,16,1126,28,1366,35,1260,11
2514,16,1126,28,1366,35,1312,11
2514,16,1126,28,1366,35,1388,11
2514,16,1126,28,1366,35,1391,11
2514,16,1126,28,1366,35,1422,11
2514,16,1126,28,1366,35,1556,11
2514,16,1126,28,1366,35,1568,11
2514,16,1126,28,1366,35,1599,11
2514,16,1126,28,1366,35,1747,11
2514,16,1126,28,1366,35,1773,11
2514,16,1126,28,1366,35,1799,11
2514,16,1126,28,1366,35,1818,11
2514,16,1126,28,1366,35,1873,11
2514,16,1126,28,1366,35,1940,11
2514,16,1126,28,1366,35,1956,11
2514,16,1126,28,1366,35,1997,11
2514,16,1126,28,1366,35,2068,11
2514,16,1126,28,1366,35,2079,11
2514,16,1126,28,1366,35,2123,11
2514,16,1126,28,1366,35,2196,11
2514,16,1126,28,1366,35,2206,11
2514,16,1126,28,1366,35,2216,11
2514,16,1126,28,1366,35,2244,11
2514,16,1126,28,1366,35,2259,11
2514,16,1126,28,1366,35,2261,11
2514,16,1126,28,1366,35,2289,11
2514,16,1126,28,1366,35,2359,11
2514,16,1126,28,1366,35,2370,11
2514,16,1126,28,1366,35,2405,11
2514,16,1126,28,1753,26,45,11
2514,16,1126,28,1753,26,159,11
2514,16,1126,28,1753,26,272,11
2514,16,1126,28,1753,26,338,11
2514,16,1126,28,1753,26,390,11
2514,16,1126,28,1753,26,457,11
2514,16,1126,28,1753,26,463,11
2514,16,1126,28,1753,26,620,11
2514,16,1126,28,1753,26,700,11
2514,16,1126,28,1753,26,742,11
2514,16,1126,28,1753,26,758,11
2514,16,1126,28,1753,26,879,11
2514,16,1126,28,1753,26,927,11
2514,16,1126,28,1753,26,979,11
2514,16,1126,28,1753,26,1003,11
2514,16,1126,28,1753,26,1044,11
2514,16,1126,28,1753,26,1068,11
2514,16,1126,28,1753,26,1153,11
2514,16,1126,28,1753,26,1186,11
2514,16,1126,28,1753,26,1194,11
2514,16,1126,28,1753,26,1259,11
2514,16,1126,28,1753,26,1260,11
2514,16,1126,28,1753,26,1312,11
2514,16,1126,28,1753,26,1388,11
2514,16,1126,28,1753,26,1391,11
2514,16,1126,28,1753,26,1422,11
2514,16,1126,28,1753,26,1556,11
2514,16,1126,28,1753,26,1568,11
2514,16,1126,28,1753,26,1599,11
2514,16,1126,28,1753,26,1747,11
2514,16,1126,28,1753,26,1773,11
2514,16,1126,28,1753,26,1799,11
2514,16,1126,28,1753,26,1818,11
2514,16,1126,28,1753,26,1873,11
2514,16,1126,28,1753,26,1940,11
2514,16,1126,28,1753,26,1956,11
2514,16,1126,28,1753,26,1997,11
2514,16,1126,28,1753,26,2068,11
2514,16,1126,28,1753,26,2079,11
2514,16,1126,28,1753,26,2123,11
2514,16,1126,28,1753,26,2196,11
2514,16,1126,28,1753,26,2206,11
2514,16,1126,28,1753,26,2216,11
2514,16,1126,28,1753,26,2244,11
2514,16,1126,28,1753,26,2259,11
2514,16,1126,28,1753,26,2261,11
2514,16,1126,28,1753,26,2289,11
2514,16,1126,28,1753,26,2359,11
2514,16,1126,28,1753,26,2370,11
2514,16,1126,28,1753,26,2405,11
2514,16,1126,28,1837,33,45,11
2514,16,1126,28,1837,33,159,11
2514,16,1126,28,1837,33,272,11
2514,16,1126,28,1837,33,338,11
2514,16,1126,28,1837,33,390,11
2514,16,1126,28,1837,33,457,11
2514,16,1126,28,1837,33,463,11
2514,16,1126,28,1837,33,620,11
2514,16,1126,28,1837,33,700,11
2514,16,1126,28,1837,33,742,11
2514,16,1126,28,1837,33,758,11
2514,16,1126,28,1837,33,879,11
2514,16,1126,28,1837,33,927,11
2514,16,1126,28,1837,33,979,11
2514,16,1126,28,1837,33,1003,11
2514,16,1126,28,1837,33,1044,11
2514,16,1126,28,1837,33,1068,11
2514,16,1126,28,1837,33,1153,11
2514,16,1126,28,1837,33,1186,11
2514,16,1126,28,1837,33,1194,11
2514,16,1126,28,1837,33,1259,11
2514,16,1126,28,1837,33,1260,11
2514,16,1126,28,1837,33,1312,11
2514,16,1126,28,1837,33,1388,11
2514,16,1126,28,1837,33,1391,11
2514,16,1126,28,1837,33,1422,11
2514,16,1126,28,1837,33,1556,11
2514,16,1126,28,1837,33,1568,11
2514,16,1126,28,1837,33,1599,11
2514,16,1126,28,1837,33,1747,11
2514,16,1126,28,1837,33,1773,11
2514,16,1126,28,1837,33,1799,11
2514,16,1126,28,1837,33,1818,11
2514,16,1126,28,1837,33,1873,11
2514,16,1126,28,1837,33,1940,11
2514,16,1126,28,1837,33,1956,11
2514,16,1126,28,1837,33,1997,11
2514,16,1126,28,1837,33,2068,11
2514,16,1126,28,1837,33,2079,11
2514,16,1126,28,1837,33,2123,11
2514,16,1126,28,1837,33,2196,11
2514,16,1126,28,1837,33,2206,11
2514,16,1126,28,1837,33,2216,11
2514,16,1126,28,1837,33,2244,11
2514,16,1126,28,1837,33,2259,11
2514,16,1126,28,1837,33,2261,11
2514,16,1126,28,1837,33,2289,11
2514,16,1126,28,1837,33,2359,11
2514,16,1126,28,1837,33,2370,11
2514,16,1126,28,1837,33,2405,11
2514,16,1126,28,1840,45,45,11
2514,16,1126,28,1840,45,159,11
2514,16,1126,28,1840,45,272,11
2514,16,1126,28,1840,45,338,11
2514,16,1126,28,1840,45,390,11
2514,16,1126,28,1840,45,457,11
2514,16,1126,28,1840,45,463,11
2514,16,1126,28,1840,45,620,11
2514,16,1126,28,1840,45,700,11
2514,16,1126,28,1840,45,742,11
2514,16,1126,28,1840,45,758,11
2514,16,1126,28,1840,45,879,11
2514,16,1126,28,1840,45,927,11
2514,16,1126,28,1840,45,979,11
2514,16,1126,28,1840,45,1003,11
2514,16,1126,28,1840,45,1044,11
2514,16,1126,28,1840,45,1068,11
2514,16,1126,28,1840,45,1153,11
2514,16,1126,28,1840,45,1186,11
2514,16,1126,28,1840,45,1194,11
2514,16,1126,28,1840,45,1259,11
2514,16,1126,28,1840,45,1260,11
2514,16,1126,28,1840,45,1312,11
2514,16,1126,28,1840,45,1388,11
2514,16,1126,28,1840,45,1391,11
2514,16,1126,28,1840,45,1422,11
2514,16,1126,28,1840,45,1556,11
2514,16,1126,28,1840,45,1568,11
2514,16,1126,28,1840,45,1599,11
2514,16,1126,28,1840,45,1747,11
2514,16,1126,28,1840,45,1773,11
2514,16,1126,28,1840,45,1799,11
2514,16,1126,28,1840,45,1818,11
2514,16,1126,28,1840,45,1873,11
2514,16,1126,28,1840,45,1940,11
2514,16,1126,28,1840,45,1956,11
2514,16,1126,28,1840,45,1997,11
2514,16,1126,28,1840,45,2068,11
2514,16,1126,28,1840,45,2079,11
2514,16,1126,28,1840,45,2123,11
2514,16,1126,28,1840,45,2196,11
2514,16,1126,28,1840,45,2206,11
2514,16,1126,28,1840,45,2216,11
2514,16,1126,28,1840,45,2244,11
2514,16,1126,28,1840,45,2259,11
2514,16,1126,28,1840,45,2261,11
2514,16,1126,28,1840,45,2289,11
2514,16,1126,28,1840,45,2359,11
2514,16,1126,28,1840,45,2370,11
2514,16,1126,28,1840,45,2405,11
2514,16,1126,28,1927,18,45,11
2514,16,1126,28,1927,18,159,11
2514,16,1126,28,1927,18,272,11
2514,16,1126,28,1927,18,338,11
2514,16,1126,28,1927,18,390,11
2514,16,1126,28,1927,18,457,11
2514,16,1126,28,1927,18,463,11
2514,16,1126,28,1927,18,620,11
2514,16,1126,28,1927,18,700,11
2514,16,1126,28,1927,18,742,11
2514,16,1126,28,1927,18,758,11
2514,16,1126,28,1927,18,879,11
2514,16,1126,28,1927,18,927,11
2514,16,1126,28,1927,18,979,11
2514,16,1126,28,1927,18,1003,11
2514,16,1126,28,1927,18,1044,11
2514,16,1126,28,1927,18,1068,11
2514,16,1126,28,1927,18,1153,11
2514,16,1126,28,1927,18,1186,11
2514,16,1126,28,1927,18,1194,11
2514,16,1126,28,1927,18,1259,11
2514,16,1126,28,1927,18,1260,11
2514,16,1126,28,1927,18,1312,11
2514,16,1126,28,1927,18,1388,11
2514,16,1126,28,1927,18,1391,11
2514,16,1126,28,1927,18,1422,11
2514,16,1126,28,1927,18,1556,11
2514,16,1126,28,1927,18,1568,11
2514,16,1126,28,1927,18,1599,11
2514,16,1126,28,1927,18,1747,11
2514,16,1126,28,1927,18,1773,11
2514,16,1126,28,1927,18,1799,11
2514,16,1126,28,1927,18,1818,11
2514,16,1126,28,1927,18,1873,11
2514,16,1126,28,1927,18,1940,11
2514,16,1126,28,1927,18,1956,11
2514,16,1126,28,1927,18,1997,11
2514,16,1126,28,1927,18,2068,11
2514,16,1126,28,1927,18,2079,11
2514,16,1126,28,1927,18,2123,11
2514,16,1126,28,1927,18,2196,11
2514,16,1126,28,1927,18,2206,11
2514,16,1126,28,1927,18,2216,11
2514,16,1126,28,1927,18,2244,11
2514,16,1126,28,1927,18,2259,11
2514,16,1126,28,1927,18,2261,11
2514,16,1126,28,1927,18,2289,11
2514,16,1126,28,1927,18,2359,11
2514,16,1126,28,1927,18,2370,11
2514,16,1126,28,1927,18,2405,11
2514,16,1126,28,1978,19,45,11
2514,16,1126,28,1978,19,159,11
2514,16,1126,28,1978,19,272,11
2514,16,1126,28,1978,19,338,11
2514,16,1126,28,1978,19,390,11
2514,16,1126,28,1978,19,457,11
2514,16,1126,28,1978,19,463,11
2514,16,1126,28,1978,19,620,11
2514,16,1126,28,1978,19,700,11
2514,16,1126,28,1978,19,742,11
2514,16,1126,28,1978,19,758,11
2514,16,1126,28,1978,19,879,11
2514,16,1126,28,1978,19,927,11
2514,16,1126,28,1978,19,979,11
2514,16,1126,28,1978,19,1003,11
2514,16,1126,28,1978,19,1044,11
2514,16,1126,28,1978,19,1068,11
2514,16,1126,28,1978,19,1153,11
2514,16,1126,28,1978,19,1186,11
2514,16,1126,28,1978,19,1194,11
2514,16,1126,28,1978,19,1259,11
2514,16,1126,28,1978,19,1260,11
2514,16,1126,28,1978,19,1312,11
2514,16,1126,28,1978,19,1388,11
2514,16,1126,28,1978,19,1391,11
2514,16,1126,28,1978,19,1422,11
2514,16,1126,28,1978,19,1556,11
2514,16,1126,28,1978,19,1568,11
2514,16,1126,28,1978,19,1599,11
2514,16,1126,28,1978,19,1747,11
2514,16,1126,28,1978,19,1773,11
2514,16,1126,28,1978,19,1799,11
2514,16,1126,28,1978,19,1818,11
2514,16,1126,28,1978,19,1873,11
2514,16,1126,28,1978,19,1940,11
2514,16,1126,28,1978,19,1956,11
2514,16,1126,28,1978,19,1997,11
2514,16,1126,28,1978,19,2068,11
2514,16,1126,28,1978,19,2079,11
2514,16,1126,28,1978,19,2123,11
2514,16,1126,28,1978,19,2196,11
2514,16,1126,28,1978,19,2206,11
2514,16,1126,28,1978,19,2216,11
2514,16,1126,28,1978,19,2244,11
2514,16,1126,28,1978,19,2259,11
2514,16,1126,28,1978,19,2261,11
2514,16,1126,28,1978,19,2289,11
2514,16,1126,28,1978,19,2359,11
2514,16,1126,28,1978,19,2370,11
2514,16,1126,28,1978,19,2405,11
