2514,16,1823,19,60,36,45,11
2514,16,1823,19,60,36,159,11
2514,16,1823,19,60,36,272,11
2514,16,1823,19,60,36,338,11
2514,16,1823,19,60,36,390,11
2514,16,1823,19,60,36,457,11
2514,16,1823,19,60,36,463,11
2514,16,1823,19,60,36,620,11
2514,16,1823,19,60,36,700,11
2514,16,1823,19,60,36,742,11
2514,16,1823,19,60,36,758,11
2514,16,1823,19,60,36,879,11
2514,16,1823,19,60,36,927,11
2514,16,1823,19,60,36,979,11
2514,16,1823,19,60,36,1003,11
2514,16,1823,19,60,36,1044,11
2514,16,1823,19,60,36,1068,11
2514,16,1823,19,60,36,1153,11
2514,16,1823,19,60,36,1186,11
2514,16,1823,19,60,36,1194,11
2514,16,1823,19,60,36,1259,11
2514,16,1823,19,60,36,1260,11
2514,16,1823,19,60,36,1312,11
2514,16,1823,19,60,36,1388,11
2514,16,1823,19,60,36,1391,11
2514,16,1823,19,60,36,1422,11
2514,16,1823,19,60,36,1556,11
2514,16,1823,19,60,36,1568,11
2514,16,1823,19,60,36,1599,11
2514,16,1823,19,60,36,1747,11
2514,16,1823,19,60,36,1773,11
2514,16,1823,19,60,36,1799,11
2514,16,1823,19,60,36,1818,11
2514,16,1823,19,60,36,1873,11
2514,16,1823,19,60,36,1940,11
2514,16,1823,19,60,36,1956,11
2514,16,1823,19,60,36,1997,11
2514,16,1823,19,60,36,2068,11
2514,16,1823,19,60,36,2079,11
2514,16,1823,19,60,36,2123,11
2514,16,1823,19,60,36,2196,11
2514,16,1823,19,60,36,2206,11
2514,16,1823,19,60,36,2216,11
2514,16,1823,19,60,36,2244,11
2514,16,1823,19,60,36,2259,11
2514,16,1823,19,60,36,2261,11
2514,16,1823,19,60,36,2289,11
2514,16,1823,19,60,36,2359,11
2514,16,1823,19,60,36,2370,11
2514,16,1823,19,60,36,2405,11
2514,16,1823,19,357,17,45,11
2514,16,1823,19,357,17,159,11
2514,16,1823,19,357,17,272,11
2514,16,1823,19,357,17,338,11
2514,16,1823,19,357,17,390,11
2514,16,1823,19,357,17,457,11
2514,16,1823,19,357,17,463,11
2514,16,1823,19,357,17,620,11
2514,16,1823,19,357,17,700,11
2514,16,1823,19,357,17,742,11
2514,16,1823,19,357,17,758,11
2514,16,1823,19,357,17,879,11
2514,16,1823,19,357,17,927,11
2514,16,1823,19,357,17,979,11
2514,16,1823,19,357,17,1003,11
2514,16,1823,19,357,17,1044,11
2514,16,1823,19,357,17,1068,11
2514,16,1823,19,357,17,1153,11
2514,16,1823,19,357,17,1186,11
2514,16,1823,19,357,17,1194,11
2514,16,1823,19,357,17,1259,11
2514,16,1823,19,357,17,1260,11
2514,16,1823,19,357,17,1312,11
2514,16,1823,19,357,17,1388,11
2514,16,1823,19,357,17,1391,11
2514,16,1823,19,357,17,1422,11
2514,16,1823,19,357,17,1556,11
2514,16,1823,19,357,17,1568,11
2514,16,1823,19,357,17,1599,11
2514,16,1823,19,357,17,1747,11
2514,16,1823,19,357,17,1773,11
2514,16,1823,19,357,17,1799,11
2514,16,1823,19,357,17,1818,11
2514,16,1823,19,357,17,1873,11
2514,16,1823,19,357,17,1940,11
2514,16,1823,19,357,17,1956,11
2514,16,1823,19,357,17,1997,11
2514,16,1823,19,357,17,2068,11
2514,16,1823,19,357,17,2079,11
2514,16,1823,19,357,17,2123,11
2514,16,1823,19,357,17,2196,11
2514,16,1823,19,357,17,2206,11
2514,16,1823,19,357,17,2216,11
2514,16,1823,19,357,17,2244,11
2514,16,1823,19,357,17,2259,11
2514,16,1823,19,357,17,2261,11
2514,16,1823,19,357,17,2289,11
2514,16,1823,19,357,17,2359,11
2514,16,1823,19,357,17,2370,11
2514,16,1823,19,357,17,2405,11
2514,16,1823,19,461,10,45,11
2514,16,1823,19,461,10,159,11
2514,16,1823,19,461,10,272,11
2514,16,1823,19,461,10,338,11
2514,16,1823,19,461,10,390,11
2514,16,1823,19,461,10,457,11
2514,16,1823,19,461,10,463,11
2514,16,1823,19,461,10,620,11
2514,16,1823,19,461,10,700,11
2514,16,1823,19,461,10,742,11
2514,16,1823,19,461,10,758,11
2514,16,1823,19,461,10,879,11
2514,16,1823,19,461,10,927,11
2514,16,1823,19,461,10,979,11
2514,16,1823,19,461,10,1003,11
2514,16,1823,19,461,10,1044,11
2514,16,1823,19,461,10,1068,11
2514,16,1823,19,461,10,1153,11
2514,16,1823,19,461,10,1186,11
2514,16,1823,19,461,10,1194,11
2514,16,1823,19,461,10,1259,11
2514,16,1823,19,461,10,1260,11
2514,16,1823,19,461,10,1312,11
2514,16,1823,19,461,10,1388,11
2514,16,1823,19,461,10,1391,11
2514,16,1823,19,461,10,1422,11
2514,16,1823,19,461,10,1556,11
2514,16,1823,19,461,10,1568,11
2514,16,1823,19,461,10,1599,11
2514,16,1823,19,461,10,1747,11
2514,16,1823,19,461,10,1773,11
2514,16,1823,19,461,10,1799,11
2514,16,1823,19,461,10,1818,11
2514,16,1823,19,461,10,1873,11
2514,16,1823,19,461,10,1940,11
2514,16,1823,19,461,10,1956,11
2514,16,1823,19,461,10,1997,11
2514,16,1823,19,461,10,2068,11
2514,16,1823,19,461,10,2079,11
2514,16,1823,19,461,10,2123,11
2514,16,1823,19,461,10,2196,11
2514,16,1823,19,461,10,2206,11
2514,16,1823,19,461,10,2216,11
2514,16,1823,19,461,10,2244,11
2514,16,1823,19,461,10,2259,11
2514,16,1823,19,461,10,2261,11
2514,16,1823,19,461,10,2289,11
2514,16,1823,19,461,10,2359,11
2514,16,1823,19,461,10,2370,11
2514,16,1823,19,461,10,2405,11
2514,16,1823,19,596,16,45,11
2514,16,1823,19,596,16,159,11
2514,16,1823,19,596,16,272,11
2514,16,1823,19,596,16,338,11
2514,16,1823,19,596,16,390,11
2514,16,1823,19,596,16,457,11
2514,16,1823,19,596,16,463,11
2514,16,1823,19,596,16,620,11
2514,16,1823,19,596,16,700,11
2514,16,1823,19,596,16,742,11
2514,16,1823,19,596,16,758,11
2514,16,1823,19,596,16,879,11
2514,16,1823,19,596,16,927,11
2514,16,1823,19,596,16,979,11
2514,16,1823,19,596,16,1003,11
2514,16,1823,19,596,16,1044,11
2514,16,1823,19,596,16,1068,11
2514,16,1823,19,596,16,1153,11
2514,16,1823,19,596,16,1186,11
2514,16,1823,19,596,16,1194,11
2514,16,1823,19,596,16,1259,11
2514,16,1823,19,596,16,1260,11
2514,16,1823,19,596,16,1312,11
2514,16,1823,19,596,16,1388,11
2514,16,1823,19,596,16,1391,11
2514,16,1823,19,596,16,1422,11
2514,16,1823,19,596,16,1556,11
2514,16,1823,19,596,16,1568,11
2514,16,1823,19,596,16,1599,11
2514,16,1823,19,596,16,1747,11
2514,16,1823,19,596,16,1773,11
2514,16,1823,19,596,16,1799,11
2514,16,1823,19,596,16,1818,11
2514,16,1823,19,596,16,1873,11
2514,16,1823,19,596,16,1940,11
2514,16,1823,19,596,16,1956,11
2514,16,1823,19,596,16,1997,11
2514,16,1823,19,596,16,2068,11
2514,16,1823,19,596,16,2079,11
2514,16,1823,19,596,16,2123,11
2514,16,1823,19,596,16,2196,11
2514,16,1823,19,596,16,2206,11
2514,16,1823,19,596,16,2216,11
2514,16,1823,19,596,16,2244,11
2514,16,1823,19,596,16,2259,11
2514,16,1823,19,596,16,2261,11
2514,16,1823,19,596,16,2289,11
2514,16,1823,19,596,16,2359,11
2514,16,1823,19,596,16,2370,11
2514,16,1823,19,596,16,2405,11
2514,16,1823,19,602,35,45,11
2514,16,1823,19,602,35,159,11
2514,16,1823,19,602,35,272,11
2514,16,1823,19,602,35,338,11
2514,16,1823,19,602,35,390,11
2514,16,1823,19,602,35,457,11
2514,16,1823,19,602,35,463,11
2514,16,1823,19,602,35,620,11
2514,16,1823,19,602,35,700,11
2514,16,1823,19,602,35,742,11
2514,16,1823,19,602,35,758,11
2514,16,1823,19,602,35,879,11
2514,16,1823,19,602,35,927,11
2514,16,1823,19,602,35,979,11
2514,16,1823,19,602,35,1003,11
2514,16,1823,19,602,35,1044,11
2514,16,1823,19,602,35,1068,11
2514,16,1823,19,602,35,1153,11
2514,16,1823,19,602,35,1186,11
2514,16,1823,19,602,35,1194,11
2514,16,1823,19,602,35,1259,11
2514,16,1823,19,602,35,1260,11
2514,16,1823,19,602,35,1312,11
2514,16,1823,19,602,35,1388,11
2514,16,1823,19,602,35,1391,11
2514,16,1823,19,602,35,1422,11
2514,16,1823,19,602,35,1556,11
2514,16,1823,19,602,35,1568,11
2514,16,1823,19,602,35,1599,11
2514,16,1823,19,602,35,1747,11
2514,16,1823,19,602,35,1773,11
2514,16,1823,19,602,35,1799,11
2514,16,1823,19,602,35,1818,11
2514,16,1823,19,602,35,1873,11
2514,16,1823,19,602,35,1940,11
2514,16,1823,19,602,35,1956,11
2514,16,1823,19,602,35,1997,11
2514,16,1823,19,602,35,2068,11
2514,16,1823,19,602,35,2079,11
2514,16,1823,19,602,35,2123,11
2514,16,1823,19,602,35,2196,11
2514,16,1823,19,602,35,2206,11
2514,16,1823,19,602,35,2216,11
2514,16,1823,19,602,35,2244,11
2514,16,1823,19,602,35,2259,11
2514,16,1823,19,602,35,2261,11
2514,16,1823,19,602,35,2289,11
2514,16,1823,19,602,35,2359,11
2514,16,1823,19,602,35,2370,11
2514,16,1823,19,602,35,2405,11
2514,16,1823,19,685,28,45,11
2514,16,1823,19,685,28,159,11
2514,16,1823,19,685,28,272,11
2514,16,1823,19,685,28,338,11
2514,16,1823,19,685,28,390,11
2514,16,1823,19,685,28,457,11
2514,16,1823,19,685,28,463,11
2514,16,1823,19,685,28,620,11
2514,16,1823,19,685,28,700,11
2514,16,1823,19,685,28,742,11
2514,16,1823,19,685,28,758,11
2514,16,1823,19,685,28,879,11
2514,16,1823,19,685,28,927,11
2514,16,1823,19,685,28,979,11
2514,16,1823,19,685,28,1003,11
2514,16,1823,19,685,28,1044,11
2514,16,1823,19,685,28,1068,11
2514,16,1823,19,685,28,1153,11
2514,16,1823,19,685,28,1186,11
2514,16,1823,19,685,28,1194,11
2514,16,1823,19,685,28,1259,11
2514,16,1823,19,685,28,1260,11
2514,16,1823,19,685,28,1312,11
2514,16,1823,19,685,28,1388,11
2514,16,1823,19,685,28,1391,11
2514,16,1823,19,685,28,1422,11
2514,16,1823,19,685,28,1556,11
2514,16,1823,19,685,28,1568,11
2514,16,1823,19,685,28,1599,11
2514,16,1823,19,685,28,1747,11
2514,16,1823,19,685,28,1773,11
2514,16,1823,19,685,28,1799,11
2514,16,1823,19,685,28,1818,11
2514,16,1823,19,685,28,1873,11
2514,16,1823,19,685,28,1940,11
2514,16,1823,19,685,28,1956,11
2514,16,1823,19,685,28,1997,11
2514,16,1823,19,685,28,2068,11
2514,16,1823,19,685,28,2079,11
2514,16,1823,19,685,28,2123,11
2514,16,1823,19,685,28,2196,11
2514,16,1823,19,685,28,2206,11
2514,16,1823,19,685,28,2216,11
2514,16,1823,19,685,28,2244,11
2514,16,1823,19,685,28,2259,11
2514,16,1823,19,685,28,2261,11
2514,16,1823,19,685,28,2289,11
2514,16,1823,19,685,28,2359,11
2514,16,1823,19,685,28,2370,11
2514,16,1823,19,685,28,2405,11
2514,16,1823,19,719,30,45,11
2514,16,1823,19,719,30,159,11
2514,16,1823,19,719,30,272,11
2514,16,1823,19,719,30,338,11
2514,16,1823,19,719,30,390,11
2514,16,1823,19,719,30,457,11
2514,16,1823,19,719,30,463,11
2514,16,1823,19,719,30,620,11
2514,16,1823,19,719,30,700,11
2514,16,1823,19,719,30,742,11
2514,16,1823,19,719,30,758,11
2514,16,1823,19,719,30,879,11
2514,16,1823,19,719,30,927,11
2514,16,1823,19,719,30,979,11
2514,16,1823,19,719,30,1003,11
2514,16,1823,19,719,30,1044,11
2514,16,1823,19,719,30,1068,11
2514,16,1823,19,719,30,1153,11
2514,16,1823,19,719,30,1186,11
2514,16,1823,19,719,30,1194,11
2514,16,1823,19,719,30,1259,11
2514,16,1823,19,719,30,1260,11
2514,16,1823,19,719,30,1312,11
2514,16,1823,19,719,30,1388,11
2514,16,1823,19,719,30,1391,11
2514,16,1823,19,719,30,1422,11
2514,16,1823,19,719,30,1556,11
2514,16,1823,19,719,30,1568,11
2514,16,1823,19,719,30,1599,11
2514,16,1823,19,719,30,1747,11
2514,16,1823,19,719,30,1773,11
2514,16,1823,19,719,30,1799,11
2514,16,1823,19,719,30,1818,11
2514,16,1823,19,719,30,1873,11
2514,16,1823,19,719,30,1940,11
2514,16,1823,19,719,30,1956,11
2514,16,1823,19,719,30,1997,11
2514,16,1823,19,719,30,2068,11
2514,16,1823,19,719,30,2079,11
2514,16,1823,19,719,30,2123,11
2514,16,1823,19,719,30,2196,11
2514,16,1823,19,719,30,2206,11
2514,16,1823,19,719,30,2216,11
2514,16,1823,19,719,30,2244,11
2514,16,1823,19,719,30,2259,11
2514,16,1823,19,719,30,2261,11
2514,16,1823,19,719,30,2289,11
2514,16,1823,19,719,30,2359,11
2514,16,1823,19,719,30,2370,11
2514,16,1823,19,719,30,2405,11
2514,16,1823,19,757,43,45,11
2514,16,1823,19,757,43,159,11
2514,16,1823,19,757,43,272,11
2514,16,1823,19,757,43,338,11
2514,16,1823,19,757,43,390,11
2514,16,1823,19,757,43,457,11
2514,16,1823,19,757,43,463,11
2514,16,1823,19,757,43,620,11
2514,16,1823,19,757,43,700,11
2514,16,1823,19,757,43,742,11
2514,16,1823,19,757,43,758,11
2514,16,1823,19,757,43,879,11
2514,16,1823,19,757,43,927,11
2514,16,1823,19,757,43,979,11
2514,16,1823,19,757,43,1003,11
2514,16,1823,19,757,43,1044,11
2514,16,1823,19,757,43,1068,11
2514,16,1823,19,757,43,1153,11
2514,16,1823,19,757,43,1186,11
2514,16,1823,19,757,43,1194,11
2514,16,1823,19,757,43,1259,11
2514,16,1823,19,757,43,1260,11
2514,16,1823,19,757,43,1312,11
2514,16,1823,19,757,43,1388,11
2514,16,1823,19,757,43,1391,11
2514,16,1823,19,757,43,1422,11
2514,16,1823,19,757,43,1556,11
2514,16,1823,19,757,43,1568,11
2514,16,1823,19,757,43,1599,11
2514,16,1823,19,757,43,1747,11
2514,16,1823,19,757,43,1773,11
2514,16,1823,19,757,43,1799,11
2514,16,1823,19,757,43,1818,11
2514,16,1823,19,757,43,1873,11
2514,16,1823,19,757,43,1940,11
2514,16,1823,19,757,43,1956,11
2514,16,1823,19,757,43,1997,11
2514,16,1823,19,757,43,2068,11
2514,16,1823,19,757,43,2079,11
2514,16,1823,19,757,43,2123,11
2514,16,1823,19,757,43,2196,11
2514,16,1823,19,757,43,2206,11
2514,16,1823,19,757,43,2216,11
2514,16,1823,19,757,43,2244,11
2514,16,1823,19,757,43,2259,11
2514,16,1823,19,757,43,2261,11
2514,16,1823,19,757,43,2289,11
2514,16,1823,19,757,43,2359,11
2514,16,1823,19,757,43,2370,11
2514,16,1823,19,757,43,2405,11
2514,16,1823,19,995,25,45,11
2514,16,1823,19,995,25,159,11
2514,16,1823,19,995,25,272,11
2514,16,1823,19,995,25,338,11
2514,16,1823,19,995,25,390,11
2514,16,1823,19,995,25,463,11
2514,16,1823,19,995,25,620,11
2514,16,1823,19,995,25,742,11
2514,16,1823,19,995,25,758,11
2514,16,1823,19,995,25,879,11
2514,16,1823,19,995,25,979,11
2514,16,1823,19,995,25,1044,11
2514,16,1823,19,995,25,1068,11
2514,16,1823,19,995,25,1186,11
2514,16,1823,19,995,25,1259,11
2514,16,1823,19,995,25,1260,11
2514,16,1823,19,995,25,1312,11
2514,16,1823,19,995,25,1388,11
2514,16,1823,19,995,25,1391,11
2514,16,1823,19,995,25,1422,11
2514,16,1823,19,995,25,1556,11
2514,16,1823,19,995,25,1747,11
2514,16,1823,19,995,25,1773,11
2514,16,1823,19,995,25,1799,11
2514,16,1823,19,995,25,1873,11
2514,16,1823,19,995,25,1956,11
2514,16,1823,19,995,25,1997,11
2514,16,1823,19,995,25,2068,11
2514,16,1823,19,995,25,2079,11
2514,16,1823,19,995,25,2123,11
2514,16,1823,19,995,25,2196,11
2514,16,1823,19,995,25,2206,11
2514,16,1823,19,995,25,2216,11
2514,16,1823,19,995,25,2244,11
2514,16,1823,19,995,25,2259,11
2514,16,1823,19,995,25,2261,11
2514,16,1823,19,995,25,2289,11
2514,16,1823,19,995,25,2359,11
2514,16,1823,19,995,25,2370,11
2514,16,1823,19,995,25,2405,11
2514,16,1823,19,1014,10,45,11
2514,16,1823,19,1014,10,159,11
2514,16,1823,19,1014,10,272,11
2514,16,1823,19,1014,10,338,11
2514,16,1823,19,1014,10,390,11
2514,16,1823,19,1014,10,457,11
2514,16,1823,19,1014,10,463,11
2514,16,1823,19,1014,10,620,11
2514,16,1823,19,1014,10,700,11
2514,16,1823,19,1014,10,742,11
2514,16,1823,19,1014,10,758,11
2514,16,1823,19,1014,10,879,11
2514,16,1823,19,1014,10,927,11
2514,16,1823,19,1014,10,979,11
2514,16,1823,19,1014,10,1003,11
2514,16,1823,19,1014,10,1044,11
2514,16,1823,19,1014,10,1068,11
2514,16,1823,19,1014,10,1153,11
2514,16,1823,19,1014,10,1186,11
2514,16,1823,19,1014,10,1194,11
2514,16,1823,19,1014,10,1259,11
2514,16,1823,19,1014,10,1260,11
2514,16,1823,19,1014,10,1312,11
2514,16,1823,19,1014,10,1388,11
2514,16,1823,19,1014,10,1391,11
2514,16,1823,19,1014,10,1422,11
2514,16,1823,19,1014,10,1556,11
2514,16,1823,19,1014,10,1568,11
2514,16,1823,19,1014,10,1599,11
2514,16,1823,19,1014,10,1747,11
2514,16,1823,19,1014,10,1773,11
2514,16,1823,19,1014,10,1799,11
2514,16,1823,19,1014,10,1818,11
2514,16,1823,19,1014,10,1873,11
2514,16,1823,19,1014,10,1940,11
2514,16,1823,19,1014,10,1956,11
2514,16,1823,19,1014,10,1997,11
2514,16,1823,19,1014,10,2068,11
2514,16,1823,19,1014,10,2079,11
2514,16,1823,19,1014,10,2123,11
2514,16,1823,19,1014,10,2196,11
2514,16,1823,19,1014,10,2206,11
2514,16,1823,19,1014,10,2216,11
2514,16,1823,19,1014,10,2244,11
2514,16,1823,19,1014,10,2259,11
2514,16,1823,19,1014,10,2261,11
2514,16,1823,19,1014,10,2289,11
2514,16,1823,19,1014,10,2359,11
2514,16,1823,19,1014,10,2370,11
2514,16,1823,19,1014,10,2405,11
2514,16,1823,19,1530,22,45,11
2514,16,1823,19,1530,22,159,11
2514,16,1823,19,1530,22,272,11
2514,16,1823,19,1530,22,338,11
2514,16,1823,19,1530,22,390,11
2514,16,1823,19,1530,22,457,11
2514,16,1823,19,1530,22,463,11
2514,16,1823,19,1530,22,620,11
2514,16,1823,19,1530,22,700,11
2514,16,1823,19,1530,22,742,11
2514,16,1823,19,1530,22,758,11
2514,16,1823,19,1530,22,879,11
2514,16,1823,19,1530,22,927,11
2514,16,1823,19,1530,22,979,11
2514,16,1823,19,1530,22,1003,11
2514,16,1823,19,1530,22,1044,11
2514,16,1823,19,1530,22,1068,11
2514,16,1823,19,1530,22,1153,11
2514,16,1823,19,1530,22,1186,11
2514,16,1823,19,1530,22,1194,11
2514,16,1823,19,1530,22,1259,11
2514,16,1823,19,1530,22,1260,11
2514,16,1823,19,1530,22,1312,11
2514,16,1823,19,1530,22,1388,11
2514,16,1823,19,1530,22,1391,11
2514,16,1823,19,1530,22,1422,11
2514,16,1823,19,1530,22,1556,11
2514,16,1823,19,1530,22,1568,11
2514,16,1823,19,1530,22,1599,11
2514,16,1823,19,1530,22,1747,11
2514,16,1823,19,1530,22,1773,11
2514,16,1823,19,1530,22,1799,11
2514,16,1823,19,1530,22,1818,11
2514,16,1823,19,1530,22,1873,11
2514,16,1823,19,1530,22,1940,11
2514,16,1823,19,1530,22,1956,11
2514,16,1823,19,1530,22,1997,11
2514,16,1823,19,1530,22,2068,11
2514,16,1823,19,1530,22,2079,11
2514,16,1823,19,1530,22,2123,11
2514,16,1823,19,1530,22,2196,11
2514,16,1823,19,1530,22,2206,11
2514,16,1823,19,1530,22,2216,11
2514,16,1823,19,1530,22,2244,11
2514,16,1823,19,1530,22,2259,11
2514,16,1823,19,1530,22,2261,11
2514,16,1823,19,1530,22,2289,11
2514,16,1823,19,1530,22,2359,11
2514,16,1823,19,1530,22,2370,11
2514,16,1823,19,1530,22,2405,11
2514,16,1823,19,1583,34,45,11
2514,16,1823,19,1583,34,159,11
2514,16,1823,19,1583,34,272,11
2514,16,1823,19,1583,34,338,11
2514,16,1823,19,1583,34,390,11
2514,16,1823,19,1583,34,457,11
2514,16,1823,19,1583,34,463,11
2514,16,1823,19,1583,34,620,11
2514,16,1823,19,1583,34,700,11
2514,16,1823,19,1583,34,742,11
2514,16,1823,19,1583,34,758,11
2514,16,1823,19,1583,34,879,11
2514,16,1823,19,1583,34,927,11
2514,16,1823,19,1583,34,979,11
2514,16,1823,19,1583,34,1003,11
2514,16,1823,19,1583,34,1044,11
2514,16,1823,19,1583,34,1068,11
2514,16,1823,19,1583,34,1153,11
2514,16,1823,19,1583,34,1186,11
2514,16,1823,19,1583,34,1194,11
2514,16,1823,19,1583,34,1259,11
2514,16,1823,19,1583,34,1260,11
2514,16,1823,19,1583,34,1312,11
2514,16,1823,19,1583,34,1388,11
2514,16,1823,19,1583,34,1391,11
2514,16,1823,19,1583,34,1422,11
2514,16,1823,19,1583,34,1556,11
2514,16,1823,19,1583,34,1568,11
2514,16,1823,19,1583,34,1599,11
2514,16,1823,19,1583,34,1747,11
2514,16,1823,19,1583,34,1773,11
2514,16,1823,19,1583,34,1799,11
2514,16,1823,19,1583,34,1818,11
2514,16,1823,19,1583,34,1873,11
2514,16,1823,19,1583,34,1940,11
2514,16,1823,19,1583,34,1956,11
2514,16,1823,19,1583,34,1997,11
2514,16,1823,19,1583,34,2068,11
2514,16,1823,19,1583,34,2079,11
2514,16,1823,19,1583,34,2123,11
2514,16,1823,19,1583,34,2196,11
2514,16,1823,19,1583,34,2206,11
2514,16,1823,19,1583,34,2216,11
2514,16,1823,19,1583,34,2244,11
2514,16,1823,19,1583,34,2259,11
2514,16,1823,19,1583,34,2261,11
2514,16,1823,19,1583,34,2289,11
2514,16,1823,19,1583,34,2359,11
2514,16,1823,19,1583,34,2370,11
2514,16,1823,19,1583,34,2405,11
2514,16,1823,19,1691,41,45,11
2514,16,1823,19,1691,41,159,11
2514,16,1823,19,1691,41,272,11
2514,16,1823,19,1691,41,338,11
2514,16,1823,19,1691,41,390,11
2514,16,1823,19,1691,41,457,11
2514,16,1823,19,1691,41,463,11
2514,16,1823,19,1691,41,620,11
2514,16,1823,19,1691,41,700,11
2514,16,1823,19,1691,41,742,11
2514,16,1823,19,1691,41,758,11
2514,16,1823,19,1691,41,879,11
2514,16,1823,19,1691,41,927,11
2514,16,1823,19,1691,41,979,11
2514,16,1823,19,1691,41,1003,11
2514,16,1823,19,1691,41,1044,11
2514,16,1823,19,1691,41,1068,11
2514,16,1823,19,1691,41,1153,11
2514,16,1823,19,1691,41,1186,11
2514,16,1823,19,1691,41,1194,11
2514,16,1823,19,1691,41,1259,11
2514,16,1823,19,1691,41,1260,11
2514,16,1823,19,1691,41,1312,11
2514,16,1823,19,1691,41,1388,11
2514,16,1823,19,1691,41,1391,11
2514,16,1823,19,1691,41,1422,11
2514,16,1823,19,1691,41,1556,11
2514,16,1823,19,1691,41,1568,11
2514,16,1823,19,1691,41,1599,11
2514,16,1823,19,1691,41,1747,11
2514,16,1823,19,1691,41,1773,11
2514,16,1823,19,1691,41,1799,11
2514,16,1823,19,1691,41,1818,11
2514,16,1823,19,1691,41,1873,11
2514,16,1823,19,1691,41,1940,11
2514,16,1823,19,1691,41,1956,11
2514,16,1823,19,1691,41,1997,11
2514,16,1823,19,1691,41,2068,11
2514,16,1823,19,1691,41,2079,11
2514,16,1823,19,1691,41,2123,11
2514,16,1823,19,1691,41,2196,11
2514,16,1823,19,1691,41,2206,11
2514,16,1823,19,1691,41,2216,11
2514,16,1823,19,1691,41,2244,11
2514,16,1823,19,1691,41,2259,11
2514,16,1823,19,1691,41,2261,11
2514,16,1823,19,1691,41,2289,11
2514,16,1823,19,1691,41,2359,11
2514,16,1823,19,1691,41,2370,11
2514,16,1823,19,1691,41,2405,11
