2514,16,1764,1,160,38,45,11
2514,16,1764,1,160,38,159,11
2514,16,1764,1,160,38,272,11
2514,16,1764,1,160,38,338,11
2514,16,1764,1,160,38,390,11
2514,16,1764,1,160,38,457,11
2514,16,1764,1,160,38,463,11
2514,16,1764,1,160,38,620,11
2514,16,1764,1,160,38,700,11
2514,16,1764,1,160,38,742,11
2514,16,1764,1,160,38,758,11
2514,16,1764,1,160,38,879,11
2514,16,1764,1,160,38,927,11
2514,16,1764,1,160,38,979,11
2514,16,1764,1,160,38,1003,11
2514,16,1764,1,160,38,1044,11
2514,16,1764,1,160,38,1068,11
2514,16,1764,1,160,38,1153,11
2514,16,1764,1,160,38,1186,11
2514,16,1764,1,160,38,1194,11
2514,16,1764,1,160,38,1259,11
2514,16,1764,1,160,38,1260,11
2514,16,1764,1,160,38,1312,11
2514,16,1764,1,160,38,1388,11
2514,16,1764,1,160,38,1391,11
2514,16,1764,1,160,38,1422,11
2514,16,1764,1,160,38,1556,11
2514,16,1764,1,160,38,1568,11
2514,16,1764,1,160,38,1599,11
2514,16,1764,1,160,38,1747,11
2514,16,1764,1,160,38,1773,11
2514,16,1764,1,160,38,1799,11
2514,16,1764,1,160,38,1818,11
2514,16,1764,1,160,38,1873,11
2514,16,1764,1,160,38,1940,11
2514,16,1764,1,160,38,1956,11
2514,16,1764,1,160,38,1997,11
2514,16,1764,1,160,38,2068,11
2514,16,1764,1,160,38,2079,11
2514,16,1764,1,160,38,2123,11
2514,16,1764,1,160,38,2196,11
2514,16,1764,1,160,38,2206,11
2514,16,1764,1,160,38,2216,11
2514,16,1764,1,160,38,2244,11
2514,16,1764,1,160,38,2259,11
2514,16,1764,1,160,38,2261,11
2514,16,1764,1,160,38,2289,11
2514,16,1764,1,160,38,2359,11
2514,16,1764,1,160,38,2370,11
2514,16,1764,1,160,38,2405,11
2514,16,1764,1,731,25,159,11
2514,16,1764,1,731,25,272,11
2514,16,1764,1,731,25,457,11
2514,16,1764,1,731,25,463,11
2514,16,1764,1,731,25,700,11
2514,16,1764,1,731,25,879,11
2514,16,1764,1,731,25,927,11
2514,16,1764,1,731,25,1003,11
2514,16,1764,1,731,25,1068,11
2514,16,1764,1,731,25,1153,11
2514,16,1764,1,731,25,1194,11
2514,16,1764,1,731,25,1260,11
2514,16,1764,1,731,25,1388,11
2514,16,1764,1,731,25,1391,11
2514,16,1764,1,731,25,1422,11
2514,16,1764,1,731,25,1556,11
2514,16,1764,1,731,25,1568,11
2514,16,1764,1,731,25,1599,11
2514,16,1764,1,731,25,1747,11
2514,16,1764,1,731,25,1818,11
2514,16,1764,1,731,25,1873,11
2514,16,1764,1,731,25,1940,11
2514,16,1764,1,731,25,2068,11
2514,16,1764,1,731,25,2079,11
2514,16,1764,1,731,25,2123,11
2514,16,1764,1,731,25,2196,11
2514,16,1764,1,731,25,2216,11
2514,16,1764,1,731,25,2259,11
2514,16,1764,1,731,25,2370,11
2514,16,1764,1,731,25,2405,11
2514,16,1764,1,735,20,45,11
2514,16,1764,1,735,20,159,11
2514,16,1764,1,735,20,272,11
2514,16,1764,1,735,20,338,11
2514,16,1764,1,735,20,390,11
2514,16,1764,1,735,20,457,11
2514,16,1764,1,735,20,463,11
2514,16,1764,1,735,20,620,11
2514,16,1764,1,735,20,700,11
2514,16,1764,1,735,20,742,11
2514,16,1764,1,735,20,758,11
2514,16,1764,1,735,20,879,11
2514,16,1764,1,735,20,927,11
2514,16,1764,1,735,20,979,11
2514,16,1764,1,735,20,1003,11
2514,16,1764,1,735,20,1044,11
2514,16,1764,1,735,20,1068,11
2514,16,1764,1,735,20,1153,11
2514,16,1764,1,735,20,1186,11
2514,16,1764,1,735,20,1194,11
2514,16,1764,1,735,20,1259,11
2514,16,1764,1,735,20,1260,11
2514,16,1764,1,735,20,1312,11
2514,16,1764,1,735,20,1388,11
2514,16,1764,1,735,20,1391,11
2514,16,1764,1,735,20,1422,11
2514,16,1764,1,735,20,1556,11
2514,16,1764,1,735,20,1568,11
2514,16,1764,1,735,20,1599,11
2514,16,1764,1,735,20,1747,11
2514,16,1764,1,735,20,1773,11
2514,16,1764,1,735,20,1799,11
2514,16,1764,1,735,20,1818,11
2514,16,1764,1,735,20,1873,11
2514,16,1764,1,735,20,1940,11
2514,16,1764,1,735,20,1956,11
2514,16,1764,1,735,20,1997,11
2514,16,1764,1,735,20,2068,11
2514,16,1764,1,735,20,2079,11
2514,16,1764,1,735,20,2123,11
2514,16,1764,1,735,20,2196,11
2514,16,1764,1,735,20,2206,11
2514,16,1764,1,735,20,2216,11
2514,16,1764,1,735,20,2244,11
2514,16,1764,1,735,20,2259,11
2514,16,1764,1,735,20,2261,11
2514,16,1764,1,735,20,2289,11
2514,16,1764,1,735,20,2359,11
2514,16,1764,1,735,20,2370,11
2514,16,1764,1,735,20,2405,11
2514,16,1764,1,978,25,45,11
2514,16,1764,1,978,25,159,11
2514,16,1764,1,978,25,272,11
2514,16,1764,1,978,25,338,11
2514,16,1764,1,978,25,390,11
2514,16,1764,1,978,25,457,11
2514,16,1764,1,978,25,463,11
2514,16,1764,1,978,25,620,11
2514,16,1764,1,978,25,700,11
2514,16,1764,1,978,25,742,11
2514,16,1764,1,978,25,758,11
2514,16,1764,1,978,25,879,11
2514,16,1764,1,978,25,927,11
2514,16,1764,1,978,25,979,11
2514,16,1764,1,978,25,1003,11
2514,16,1764,1,978,25,1044,11
2514,16,1764,1,978,25,1068,11
2514,16,1764,1,978,25,1153,11
2514,16,1764,1,978,25,1186,11
2514,16,1764,1,978,25,1194,11
2514,16,1764,1,978,25,1259,11
2514,16,1764,1,978,25,1260,11
2514,16,1764,1,978,25,1312,11
2514,16,1764,1,978,25,1388,11
2514,16,1764,1,978,25,1391,11
2514,16,1764,1,978,25,1422,11
2514,16,1764,1,978,25,1556,11
2514,16,1764,1,978,25,1568,11
2514,16,1764,1,978,25,1599,11
2514,16,1764,1,978,25,1747,11
2514,16,1764,1,978,25,1773,11
2514,16,1764,1,978,25,1799,11
2514,16,1764,1,978,25,1818,11
2514,16,1764,1,978,25,1873,11
2514,16,1764,1,978,25,1940,11
2514,16,1764,1,978,25,1956,11
2514,16,1764,1,978,25,1997,11
2514,16,1764,1,978,25,2068,11
2514,16,1764,1,978,25,2079,11
2514,16,1764,1,978,25,2123,11
2514,16,1764,1,978,25,2196,11
2514,16,1764,1,978,25,2206,11
2514,16,1764,1,978,25,2216,11
2514,16,1764,1,978,25,2244,11
2514,16,1764,1,978,25,2259,11
2514,16,1764,1,978,25,2261,11
2514,16,1764,1,978,25,2289,11
2514,16,1764,1,978,25,2359,11
2514,16,1764,1,978,25,2370,11
2514,16,1764,1,978,25,2405,11
2514,16,1764,1,1047,34,45,11
2514,16,1764,1,1047,34,159,11
2514,16,1764,1,1047,34,272,11
2514,16,1764,1,1047,34,338,11
2514,16,1764,1,1047,34,390,11
2514,16,1764,1,1047,34,457,11
2514,16,1764,1,1047,34,463,11
2514,16,1764,1,1047,34,620,11
2514,16,1764,1,1047,34,700,11
2514,16,1764,1,1047,34,742,11
2514,16,1764,1,1047,34,758,11
2514,16,1764,1,1047,34,879,11
2514,16,1764,1,1047,34,927,11
2514,16,1764,1,1047,34,979,11
2514,16,1764,1,1047,34,1003,11
2514,16,1764,1,1047,34,1044,11
2514,16,1764,1,1047,34,1068,11
2514,16,1764,1,1047,34,1153,11
2514,16,1764,1,1047,34,1186,11
2514,16,1764,1,1047,34,1194,11
2514,16,1764,1,1047,34,1259,11
2514,16,1764,1,1047,34,1260,11
2514,16,1764,1,1047,34,1312,11
2514,16,1764,1,1047,34,1388,11
2514,16,1764,1,1047,34,1391,11
2514,16,1764,1,1047,34,1422,11
2514,16,1764,1,1047,34,1556,11
2514,16,1764,1,1047,34,1568,11
2514,16,1764,1,1047,34,1599,11
2514,16,1764,1,1047,34,1747,11
2514,16,1764,1,1047,34,1773,11
2514,16,1764,1,1047,34,1799,11
2514,16,1764,1,1047,34,1818,11
2514,16,1764,1,1047,34,1873,11
2514,16,1764,1,1047,34,1940,11
2514,16,1764,1,1047,34,1956,11
2514,16,1764,1,1047,34,1997,11
2514,16,1764,1,1047,34,2068,11
2514,16,1764,1,1047,34,2079,11
2514,16,1764,1,1047,34,2123,11
2514,16,1764,1,1047,34,2196,11
2514,16,1764,1,1047,34,2206,11
2514,16,1764,1,1047,34,2216,11
2514,16,1764,1,1047,34,2244,11
2514,16,1764,1,1047,34,2259,11
2514,16,1764,1,1047,34,2261,11
2514,16,1764,1,1047,34,2289,11
2514,16,1764,1,1047,34,2359,11
2514,16,1764,1,1047,34,2370,11
2514,16,1764,1,1047,34,2405,11
2514,16,1764,1,1060,44,45,11
2514,16,1764,1,1060,44,159,11
2514,16,1764,1,1060,44,272,11
2514,16,1764,1,1060,44,338,11
2514,16,1764,1,1060,44,390,11
2514,16,1764,1,1060,44,457,11
2514,16,1764,1,1060,44,463,11
2514,16,1764,1,1060,44,620,11
2514,16,1764,1,1060,44,700,11
2514,16,1764,1,1060,44,742,11
2514,16,1764,1,1060,44,758,11
2514,16,1764,1,1060,44,879,11
2514,16,1764,1,1060,44,927,11
2514,16,1764,1,1060,44,979,11
2514,16,1764,1,1060,44,1003,11
2514,16,1764,1,1060,44,1044,11
2514,16,1764,1,1060,44,1068,11
2514,16,1764,1,1060,44,1153,11
2514,16,1764,1,1060,44,1186,11
2514,16,1764,1,1060,44,1194,11
2514,16,1764,1,1060,44,1259,11
2514,16,1764,1,1060,44,1260,11
2514,16,1764,1,1060,44,1312,11
2514,16,1764,1,1060,44,1388,11
2514,16,1764,1,1060,44,1391,11
2514,16,1764,1,1060,44,1422,11
2514,16,1764,1,1060,44,1556,11
2514,16,1764,1,1060,44,1568,11
2514,16,1764,1,1060,44,1599,11
2514,16,1764,1,1060,44,1747,11
2514,16,1764,1,1060,44,1773,11
2514,16,1764,1,1060,44,1799,11
2514,16,1764,1,1060,44,1818,11
2514,16,1764,1,1060,44,1873,11
2514,16,1764,1,1060,44,1940,11
2514,16,1764,1,1060,44,1956,11
2514,16,1764,1,1060,44,1997,11
2514,16,1764,1,1060,44,2068,11
2514,16,1764,1,1060,44,2079,11
2514,16,1764,1,1060,44,2123,11
2514,16,1764,1,1060,44,2196,11
2514,16,1764,1,1060,44,2206,11
2514,16,1764,1,1060,44,2216,11
2514,16,1764,1,1060,44,2244,11
2514,16,1764,1,1060,44,2259,11
2514,16,1764,1,1060,44,2261,11
2514,16,1764,1,1060,44,2289,11
2514,16,1764,1,1060,44,2359,11
2514,16,1764,1,1060,44,2370,11
2514,16,1764,1,1060,44,2405,11
2514,16,1764,1,1081,10,45,11
2514,16,1764,1,1081,10,390,11
2514,16,1764,1,1081,10,620,11
2514,16,1764,1,1081,10,979,11
2514,16,1764,1,1081,10,1799,11
2514,16,1764,1,1081,10,1956,11
2514,16,1764,1,1081,10,2206,11
2514,16,1764,1,1081,10,2244,11
2514,16,1764,1,1081,10,2261,11
2514,16,1764,1,1081,10,2359,11
2514,16,1764,1,1106,16,45,11
2514,16,1764,1,1106,16,159,11
2514,16,1764,1,1106,16,272,11
2514,16,1764,1,1106,16,338,11
2514,16,1764,1,1106,16,390,11
2514,16,1764,1,1106,16,457,11
2514,16,1764,1,1106,16,463,11
2514,16,1764,1,1106,16,620,11
2514,16,1764,1,1106,16,700,11
2514,16,1764,1,1106,16,742,11
2514,16,1764,1,1106,16,758,11
2514,16,1764,1,1106,16,879,11
2514,16,1764,1,1106,16,927,11
2514,16,1764,1,1106,16,979,11
2514,16,1764,1,1106,16,1003,11
2514,16,1764,1,1106,16,1044,11
2514,16,1764,1,1106,16,1068,11
2514,16,1764,1,1106,16,1153,11
2514,16,1764,1,1106,16,1186,11
2514,16,1764,1,1106,16,1194,11
2514,16,1764,1,1106,16,1259,11
2514,16,1764,1,1106,16,1260,11
2514,16,1764,1,1106,16,1312,11
2514,16,1764,1,1106,16,1388,11
2514,16,1764,1,1106,16,1391,11
2514,16,1764,1,1106,16,1422,11
2514,16,1764,1,1106,16,1556,11
2514,16,1764,1,1106,16,1568,11
2514,16,1764,1,1106,16,1599,11
2514,16,1764,1,1106,16,1747,11
2514,16,1764,1,1106,16,1773,11
2514,16,1764,1,1106,16,1799,11
2514,16,1764,1,1106,16,1818,11
2514,16,1764,1,1106,16,1873,11
2514,16,1764,1,1106,16,1940,11
2514,16,1764,1,1106,16,1956,11
2514,16,1764,1,1106,16,1997,11
2514,16,1764,1,1106,16,2068,11
2514,16,1764,1,1106,16,2079,11
2514,16,1764,1,1106,16,2123,11
2514,16,1764,1,1106,16,2196,11
2514,16,1764,1,1106,16,2206,11
2514,16,1764,1,1106,16,2216,11
2514,16,1764,1,1106,16,2244,11
2514,16,1764,1,1106,16,2259,11
2514,16,1764,1,1106,16,2261,11
2514,16,1764,1,1106,16,2289,11
2514,16,1764,1,1106,16,2359,11
2514,16,1764,1,1106,16,2370,11
2514,16,1764,1,1106,16,2405,11
2514,16,1764,1,1226,24,45,11
2514,16,1764,1,1226,24,159,11
2514,16,1764,1,1226,24,272,11
2514,16,1764,1,1226,24,338,11
2514,16,1764,1,1226,24,390,11
2514,16,1764,1,1226,24,457,11
2514,16,1764,1,1226,24,463,11
2514,16,1764,1,1226,24,620,11
2514,16,1764,1,1226,24,700,11
2514,16,1764,1,1226,24,742,11
2514,16,1764,1,1226,24,758,11
2514,16,1764,1,1226,24,879,11
2514,16,1764,1,1226,24,927,11
2514,16,1764,1,1226,24,979,11
2514,16,1764,1,1226,24,1003,11
2514,16,1764,1,1226,24,1044,11
2514,16,1764,1,1226,24,1068,11
2514,16,1764,1,1226,24,1153,11
2514,16,1764,1,1226,24,1186,11
2514,16,1764,1,1226,24,1194,11
2514,16,1764,1,1226,24,1259,11
2514,16,1764,1,1226,24,1260,11
2514,16,1764,1,1226,24,1312,11
2514,16,1764,1,1226,24,1388,11
2514,16,1764,1,1226,24,1391,11
2514,16,1764,1,1226,24,1422,11
2514,16,1764,1,1226,24,1556,11
2514,16,1764,1,1226,24,1568,11
2514,16,1764,1,1226,24,1599,11
2514,16,1764,1,1226,24,1747,11
2514,16,1764,1,1226,24,1773,11
2514,16,1764,1,1226,24,1799,11
2514,16,1764,1,1226,24,1818,11
2514,16,1764,1,1226,24,1873,11
2514,16,1764,1,1226,24,1940,11
2514,16,1764,1,1226,24,1956,11
2514,16,1764,1,1226,24,1997,11
2514,16,1764,1,1226,24,2068,11
2514,16,1764,1,1226,24,2079,11
2514,16,1764,1,1226,24,2123,11
2514,16,1764,1,1226,24,2196,11
2514,16,1764,1,1226,24,2206,11
2514,16,1764,1,1226,24,2216,11
2514,16,1764,1,1226,24,2244,11
2514,16,1764,1,1226,24,2259,11
2514,16,1764,1,1226,24,2261,11
2514,16,1764,1,1226,24,2289,11
2514,16,1764,1,1226,24,2359,11
2514,16,1764,1,1226,24,2370,11
2514,16,1764,1,1226,24,2405,11
2514,16,1764,1,1326,21,45,11
2514,16,1764,1,1326,21,159,11
2514,16,1764,1,1326,21,272,11
2514,16,1764,1,1326,21,338,11
2514,16,1764,1,1326,21,390,11
2514,16,1764,1,1326,21,457,11
2514,16,1764,1,1326,21,463,11
2514,16,1764,1,1326,21,620,11
2514,16,1764,1,1326,21,700,11
2514,16,1764,1,1326,21,742,11
2514,16,1764,1,1326,21,758,11
2514,16,1764,1,1326,21,879,11
2514,16,1764,1,1326,21,927,11
2514,16,1764,1,1326,21,979,11
2514,16,1764,1,1326,21,1003,11
2514,16,1764,1,1326,21,1044,11
2514,16,1764,1,1326,21,1068,11
2514,16,1764,1,1326,21,1153,11
2514,16,1764,1,1326,21,1186,11
2514,16,1764,1,1326,21,1194,11
2514,16,1764,1,1326,21,1259,11
2514,16,1764,1,1326,21,1260,11
2514,16,1764,1,1326,21,1312,11
2514,16,1764,1,1326,21,1388,11
2514,16,1764,1,1326,21,1391,11
2514,16,1764,1,1326,21,1422,11
2514,16,1764,1,1326,21,1556,11
2514,16,1764,1,1326,21,1568,11
2514,16,1764,1,1326,21,1599,11
2514,16,1764,1,1326,21,1747,11
2514,16,1764,1,1326,21,1773,11
2514,16,1764,1,1326,21,1799,11
2514,16,1764,1,1326,21,1818,11
2514,16,1764,1,1326,21,1873,11
2514,16,1764,1,1326,21,1940,11
2514,16,1764,1,1326,21,1956,11
2514,16,1764,1,1326,21,1997,11
2514,16,1764,1,1326,21,2068,11
2514,16,1764,1,1326,21,2079,11
2514,16,1764,1,1326,21,2123,11
2514,16,1764,1,1326,21,2196,11
2514,16,1764,1,1326,21,2206,11
2514,16,1764,1,1326,21,2216,11
2514,16,1764,1,1326,21,2244,11
2514,16,1764,1,1326,21,2259,11
2514,16,1764,1,1326,21,2261,11
2514,16,1764,1,1326,21,2289,11
2514,16,1764,1,1326,21,2359,11
2514,16,1764,1,1326,21,2370,11
2514,16,1764,1,1326,21,2405,11
2514,16,1764,1,1386,23,45,11
2514,16,1764,1,1386,23,159,11
2514,16,1764,1,1386,23,272,11
2514,16,1764,1,1386,23,338,11
2514,16,1764,1,1386,23,390,11
2514,16,1764,1,1386,23,457,11
2514,16,1764,1,1386,23,463,11
2514,16,1764,1,1386,23,620,11
2514,16,1764,1,1386,23,700,11
2514,16,1764,1,1386,23,742,11
2514,16,1764,1,1386,23,758,11
2514,16,1764,1,1386,23,879,11
2514,16,1764,1,1386,23,927,11
2514,16,1764,1,1386,23,979,11
2514,16,1764,1,1386,23,1003,11
2514,16,1764,1,1386,23,1044,11
2514,16,1764,1,1386,23,1068,11
2514,16,1764,1,1386,23,1153,11
2514,16,1764,1,1386,23,1186,11
2514,16,1764,1,1386,23,1194,11
2514,16,1764,1,1386,23,1259,11
2514,16,1764,1,1386,23,1260,11
2514,16,1764,1,1386,23,1312,11
2514,16,1764,1,1386,23,1388,11
2514,16,1764,1,1386,23,1391,11
2514,16,1764,1,1386,23,1422,11
2514,16,1764,1,1386,23,1556,11
2514,16,1764,1,1386,23,1568,11
2514,16,1764,1,1386,23,1599,11
2514,16,1764,1,1386,23,1747,11
2514,16,1764,1,1386,23,1773,11
2514,16,1764,1,1386,23,1799,11
2514,16,1764,1,1386,23,1818,11
2514,16,1764,1,1386,23,1873,11
2514,16,1764,1,1386,23,1940,11
2514,16,1764,1,1386,23,1956,11
2514,16,1764,1,1386,23,1997,11
2514,16,1764,1,1386,23,2068,11
2514,16,1764,1,1386,23,2079,11
2514,16,1764,1,1386,23,2123,11
2514,16,1764,1,1386,23,2196,11
2514,16,1764,1,1386,23,2206,11
2514,16,1764,1,1386,23,2216,11
2514,16,1764,1,1386,23,2244,11
2514,16,1764,1,1386,23,2259,11
2514,16,1764,1,1386,23,2261,11
2514,16,1764,1,1386,23,2289,11
2514,16,1764,1,1386,23,2359,11
2514,16,1764,1,1386,23,2370,11
2514,16,1764,1,1386,23,2405,11
2514,16,1764,1,1538,47,45,11
2514,16,1764,1,1538,47,159,11
2514,16,1764,1,1538,47,272,11
2514,16,1764,1,1538,47,338,11
2514,16,1764,1,1538,47,390,11
2514,16,1764,1,1538,47,457,11
2514,16,1764,1,1538,47,463,11
2514,16,1764,1,1538,47,620,11
2514,16,1764,1,1538,47,700,11
2514,16,1764,1,1538,47,742,11
2514,16,1764,1,1538,47,758,11
2514,16,1764,1,1538,47,879,11
2514,16,1764,1,1538,47,927,11
2514,16,1764,1,1538,47,979,11
2514,16,1764,1,1538,47,1003,11
2514,16,1764,1,1538,47,1044,11
2514,16,1764,1,1538,47,1068,11
2514,16,1764,1,1538,47,1153,11
2514,16,1764,1,1538,47,1186,11
2514,16,1764,1,1538,47,1194,11
2514,16,1764,1,1538,47,1259,11
2514,16,1764,1,1538,47,1260,11
2514,16,1764,1,1538,47,1312,11
2514,16,1764,1,1538,47,1388,11
2514,16,1764,1,1538,47,1391,11
2514,16,1764,1,1538,47,1422,11
2514,16,1764,1,1538,47,1556,11
2514,16,1764,1,1538,47,1568,11
2514,16,1764,1,1538,47,1599,11
2514,16,1764,1,1538,47,1747,11
2514,16,1764,1,1538,47,1773,11
2514,16,1764,1,1538,47,1799,11
2514,16,1764,1,1538,47,1818,11
2514,16,1764,1,1538,47,1873,11
2514,16,1764,1,1538,47,1940,11
2514,16,1764,1,1538,47,1956,11
2514,16,1764,1,1538,47,1997,11
2514,16,1764,1,1538,47,2068,11
2514,16,1764,1,1538,47,2079,11
2514,16,1764,1,1538,47,2123,11
2514,16,1764,1,1538,47,2196,11
2514,16,1764,1,1538,47,2206,11
2514,16,1764,1,1538,47,2216,11
2514,16,1764,1,1538,47,2244,11
2514,16,1764,1,1538,47,2259,11
2514,16,1764,1,1538,47,2261,11
2514,16,1764,1,1538,47,2289,11
2514,16,1764,1,1538,47,2359,11
2514,16,1764,1,1538,47,2370,11
2514,16,1764,1,1538,47,2405,11
2514,16,1764,1,1791,10,45,11
2514,16,1764,1,1791,10,159,11
2514,16,1764,1,1791,10,272,11
2514,16,1764,1,1791,10,338,11
2514,16,1764,1,1791,10,390,11
2514,16,1764,1,1791,10,457,11
2514,16,1764,1,1791,10,463,11
2514,16,1764,1,1791,10,620,11
2514,16,1764,1,1791,10,700,11
2514,16,1764,1,1791,10,742,11
2514,16,1764,1,1791,10,758,11
2514,16,1764,1,1791,10,879,11
2514,16,1764,1,1791,10,927,11
2514,16,1764,1,1791,10,979,11
2514,16,1764,1,1791,10,1003,11
2514,16,1764,1,1791,10,1044,11
2514,16,1764,1,1791,10,1068,11
2514,16,1764,1,1791,10,1153,11
2514,16,1764,1,1791,10,1186,11
2514,16,1764,1,1791,10,1194,11
2514,16,1764,1,1791,10,1259,11
2514,16,1764,1,1791,10,1260,11
2514,16,1764,1,1791,10,1312,11
2514,16,1764,1,1791,10,1388,11
2514,16,1764,1,1791,10,1391,11
2514,16,1764,1,1791,10,1422,11
2514,16,1764,1,1791,10,1556,11
2514,16,1764,1,1791,10,1568,11
2514,16,1764,1,1791,10,1599,11
2514,16,1764,1,1791,10,1747,11
2514,16,1764,1,1791,10,1773,11
2514,16,1764,1,1791,10,1799,11
2514,16,1764,1,1791,10,1818,11
2514,16,1764,1,1791,10,1873,11
2514,16,1764,1,1791,10,1940,11
2514,16,1764,1,1791,10,1956,11
2514,16,1764,1,1791,10,1997,11
2514,16,1764,1,1791,10,2068,11
2514,16,1764,1,1791,10,2079,11
2514,16,1764,1,1791,10,2123,11
2514,16,1764,1,1791,10,2196,11
2514,16,1764,1,1791,10,2206,11
2514,16,1764,1,1791,10,2216,11
2514,16,1764,1,1791,10,2244,11
2514,16,1764,1,1791,10,2259,11
2514,16,1764,1,1791,10,2261,11
2514,16,1764,1,1791,10,2289,11
2514,16,1764,1,1791,10,2359,11
2514,16,1764,1,1791,10,2370,11
2514,16,1764,1,1791,10,2405,11
2514,16,1764,1,1979,10,45,11
2514,16,1764,1,1979,10,159,11
2514,16,1764,1,1979,10,272,11
2514,16,1764,1,1979,10,338,11
2514,16,1764,1,1979,10,390,11
2514,16,1764,1,1979,10,457,11
2514,16,1764,1,1979,10,463,11
2514,16,1764,1,1979,10,620,11
2514,16,1764,1,1979,10,700,11
2514,16,1764,1,1979,10,742,11
2514,16,1764,1,1979,10,758,11
2514,16,1764,1,1979,10,879,11
2514,16,1764,1,1979,10,927,11
2514,16,1764,1,1979,10,979,11
2514,16,1764,1,1979,10,1003,11
2514,16,1764,1,1979,10,1044,11
2514,16,1764,1,1979,10,1068,11
2514,16,1764,1,1979,10,1153,11
2514,16,1764,1,1979,10,1186,11
2514,16,1764,1,1979,10,1194,11
2514,16,1764,1,1979,10,1259,11
2514,16,1764,1,1979,10,1260,11
2514,16,1764,1,1979,10,1312,11
2514,16,1764,1,1979,10,1388,11
2514,16,1764,1,1979,10,1391,11
2514,16,1764,1,1979,10,1422,11
2514,16,1764,1,1979,10,1556,11
2514,16,1764,1,1979,10,1568,11
2514,16,1764,1,1979,10,1599,11
2514,16,1764,1,1979,10,1747,11
2514,16,1764,1,1979,10,1773,11
2514,16,1764,1,1979,10,1799,11
2514,16,1764,1,1979,10,1818,11
2514,16,1764,1,1979,10,1873,11
2514,16,1764,1,1979,10,1940,11
2514,16,1764,1,1979,10,1956,11
2514,16,1764,1,1979,10,1997,11
2514,16,1764,1,1979,10,2068,11
2514,16,1764,1,1979,10,2079,11
2514,16,1764,1,1979,10,2123,11
2514,16,1764,1,1979,10,2196,11
2514,16,1764,1,1979,10,2206,11
2514,16,1764,1,1979,10,2216,11
2514,16,1764,1,1979,10,2244,11
2514,16,1764,1,1979,10,2259,11
2514,16,1764,1,1979,10,2261,11
2514,16,1764,1,1979,10,2289,11
2514,16,1764,1,1979,10,2359,11
2514,16,1764,1,1979,10,2370,11
2514,16,1764,1,1979,10,2405,11
