2514,16,596,3,44,39,45,11
2514,16,596,3,44,39,338,11
2514,16,596,3,44,39,390,11
2514,16,596,3,44,39,620,11
2514,16,596,3,44,39,742,11
2514,16,596,3,44,39,758,11
2514,16,596,3,44,39,979,11
2514,16,596,3,44,39,1044,11
2514,16,596,3,44,39,1186,11
2514,16,596,3,44,39,1259,11
2514,16,596,3,44,39,1312,11
2514,16,596,3,44,39,1773,11
2514,16,596,3,44,39,1799,11
2514,16,596,3,44,39,1956,11
2514,16,596,3,44,39,1997,11
2514,16,596,3,44,39,2206,11
2514,16,596,3,44,39,2244,11
2514,16,596,3,44,39,2261,11
2514,16,596,3,44,39,2289,11
2514,16,596,3,44,39,2359,11
2514,16,596,3,65,34,159,11
2514,16,596,3,65,34,457,11
2514,16,596,3,65,34,463,11
2514,16,596,3,65,34,700,11
2514,16,596,3,65,34,879,11
2514,16,596,3,65,34,927,11
2514,16,596,3,65,34,1003,11
2514,16,596,3,65,34,1153,11
2514,16,596,3,65,34,1194,11
2514,16,596,3,65,34,1388,11
2514,16,596,3,65,34,1556,11
2514,16,596,3,65,34,1568,11
2514,16,596,3,65,34,1599,11
2514,16,596,3,65,34,1818,11
2514,16,596,3,65,34,1873,11
2514,16,596,3,65,34,1940,11
2514,16,596,3,65,34,2123,11
2514,16,596,3,65,34,2196,11
2514,16,596,3,65,34,2216,11
2514,16,596,3,65,34,2370,11
2514,16,596,3,74,23,45,11
2514,16,596,3,74,23,159,11
2514,16,596,3,74,23,272,11
2514,16,596,3,74,23,338,11
2514,16,596,3,74,23,390,11
2514,16,596,3,74,23,457,11
2514,16,596,3,74,23,463,11
2514,16,596,3,74,23,620,11
2514,16,596,3,74,23,700,11
2514,16,596,3,74,23,742,11
2514,16,596,3,74,23,758,11
2514,16,596,3,74,23,879,11
2514,16,596,3,74,23,927,11
2514,16,596,3,74,23,979,11
2514,16,596,3,74,23,1003,11
2514,16,596,3,74,23,1044,11
2514,16,596,3,74,23,1068,11
2514,16,596,3,74,23,1153,11
2514,16,596,3,74,23,1186,11
2514,16,596,3,74,23,1194,11
2514,16,596,3,74,23,1259,11
2514,16,596,3,74,23,1260,11
2514,16,596,3,74,23,1312,11
2514,16,596,3,74,23,1388,11
2514,16,596,3,74,23,1391,11
2514,16,596,3,74,23,1422,11
2514,16,596,3,74,23,1556,11
2514,16,596,3,74,23,1568,11
2514,16,596,3,74,23,1599,11
2514,16,596,3,74,23,1747,11
2514,16,596,3,74,23,1773,11
2514,16,596,3,74,23,1799,11
2514,16,596,3,74,23,1818,11
2514,16,596,3,74,23,1873,11
2514,16,596,3,74,23,1940,11
2514,16,596,3,74,23,1956,11
2514,16,596,3,74,23,1997,11
2514,16,596,3,74,23,2068,11
2514,16,596,3,74,23,2079,11
2514,16,596,3,74,23,2123,11
2514,16,596,3,74,23,2196,11
2514,16,596,3,74,23,2206,11
2514,16,596,3,74,23,2216,11
2514,16,596,3,74,23,2244,11
2514,16,596,3,74,23,2259,11
2514,16,596,3,74,23,2261,11
2514,16,596,3,74,23,2289,11
2514,16,596,3,74,23,2359,11
2514,16,596,3,74,23,2370,11
2514,16,596,3,74,23,2405,11
2514,16,596,3,174,35,45,11
2514,16,596,3,174,35,159,11
2514,16,596,3,174,35,272,11
2514,16,596,3,174,35,338,11
2514,16,596,3,174,35,390,11
2514,16,596,3,174,35,457,11
2514,16,596,3,174,35,463,11
2514,16,596,3,174,35,620,11
2514,16,596,3,174,35,700,11
2514,16,596,3,174,35,742,11
2514,16,596,3,174,35,758,11
2514,16,596,3,174,35,879,11
2514,16,596,3,174,35,927,11
2514,16,596,3,174,35,979,11
2514,16,596,3,174,35,1003,11
2514,16,596,3,174,35,1044,11
2514,16,596,3,174,35,1068,11
2514,16,596,3,174,35,1153,11
2514,16,596,3,174,35,1186,11
2514,16,596,3,174,35,1194,11
2514,16,596,3,174,35,1259,11
2514,16,596,3,174,35,1260,11
2514,16,596,3,174,35,1312,11
2514,16,596,3,174,35,1388,11
2514,16,596,3,174,35,1391,11
2514,16,596,3,174,35,1422,11
2514,16,596,3,174,35,1556,11
2514,16,596,3,174,35,1568,11
2514,16,596,3,174,35,1599,11
2514,16,596,3,174,35,1747,11
2514,16,596,3,174,35,1773,11
2514,16,596,3,174,35,1799,11
2514,16,596,3,174,35,1818,11
2514,16,596,3,174,35,1873,11
2514,16,596,3,174,35,1940,11
2514,16,596,3,174,35,1956,11
2514,16,596,3,174,35,1997,11
2514,16,596,3,174,35,2068,11
2514,16,596,3,174,35,2079,11
2514,16,596,3,174,35,2123,11
2514,16,596,3,174,35,2196,11
2514,16,596,3,174,35,2206,11
2514,16,596,3,174,35,2216,11
2514,16,596,3,174,35,2244,11
2514,16,596,3,174,35,2259,11
2514,16,596,3,174,35,2261,11
2514,16,596,3,174,35,2289,11
2514,16,596,3,174,35,2359,11
2514,16,596,3,174,35,2370,11
2514,16,596,3,174,35,2405,11
2514,16,596,3,286,26,45,11
2514,16,596,3,286,26,159,11
2514,16,596,3,286,26,272,11
2514,16,596,3,286,26,338,11
2514,16,596,3,286,26,390,11
2514,16,596,3,286,26,457,11
2514,16,596,3,286,26,463,11
2514,16,596,3,286,26,620,11
2514,16,596,3,286,26,700,11
2514,16,596,3,286,26,742,11
2514,16,596,3,286,26,758,11
2514,16,596,3,286,26,879,11
2514,16,596,3,286,26,927,11
2514,16,596,3,286,26,979,11
2514,16,596,3,286,26,1003,11
2514,16,596,3,286,26,1044,11
2514,16,596,3,286,26,1068,11
2514,16,596,3,286,26,1153,11
2514,16,596,3,286,26,1186,11
2514,16,596,3,286,26,1194,11
2514,16,596,3,286,26,1259,11
2514,16,596,3,286,26,1260,11
2514,16,596,3,286,26,1312,11
2514,16,596,3,286,26,1388,11
2514,16,596,3,286,26,1391,11
2514,16,596,3,286,26,1422,11
2514,16,596,3,286,26,1556,11
2514,16,596,3,286,26,1568,11
2514,16,596,3,286,26,1599,11
2514,16,596,3,286,26,1747,11
2514,16,596,3,286,26,1773,11
2514,16,596,3,286,26,1799,11
2514,16,596,3,286,26,1818,11
2514,16,596,3,286,26,1873,11
2514,16,596,3,286,26,1940,11
2514,16,596,3,286,26,1956,11
2514,16,596,3,286,26,1997,11
2514,16,596,3,286,26,2068,11
2514,16,596,3,286,26,2079,11
2514,16,596,3,286,26,2123,11
2514,16,596,3,286,26,2196,11
2514,16,596,3,286,26,2206,11
2514,16,596,3,286,26,2216,11
2514,16,596,3,286,26,2244,11
2514,16,596,3,286,26,2259,11
2514,16,596,3,286,26,2261,11
2514,16,596,3,286,26,2289,11
2514,16,596,3,286,26,2359,11
2514,16,596,3,286,26,2370,11
2514,16,596,3,286,26,2405,11
2514,16,596,3,479,13,45,11
2514,16,596,3,479,13,159,11
2514,16,596,3,479,13,272,11
2514,16,596,3,479,13,338,11
2514,16,596,3,479,13,390,11
2514,16,596,3,479,13,457,11
2514,16,596,3,479,13,463,11
2514,16,596,3,479,13,620,11
2514,16,596,3,479,13,700,11
2514,16,596,3,479,13,742,11
2514,16,596,3,479,13,758,11
2514,16,596,3,479,13,879,11
2514,16,596,3,479,13,927,11
2514,16,596,3,479,13,979,11
2514,16,596,3,479,13,1003,11
2514,16,596,3,479,13,1044,11
2514,16,596,3,479,13,1068,11
2514,16,596,3,479,13,1153,11
2514,16,596,3,479,13,1186,11
2514,16,596,3,479,13,1194,11
2514,16,596,3,479,13,1259,11
2514,16,596,3,479,13,1260,11
2514,16,596,3,479,13,1312,11
2514,16,596,3,479,13,1388,11
2514,16,596,3,479,13,1391,11
2514,16,596,3,479,13,1422,11
2514,16,596,3,479,13,1556,11
2514,16,596,3,479,13,1568,11
2514,16,596,3,479,13,1599,11
2514,16,596,3,479,13,1747,11
2514,16,596,3,479,13,1773,11
2514,16,596,3,479,13,1799,11
2514,16,596,3,479,13,1818,11
2514,16,596,3,479,13,1873,11
2514,16,596,3,479,13,1940,11
2514,16,596,3,479,13,1956,11
2514,16,596,3,479,13,1997,11
2514,16,596,3,479,13,2068,11
2514,16,596,3,479,13,2079,11
2514,16,596,3,479,13,2123,11
2514,16,596,3,479,13,2196,11
2514,16,596,3,479,13,2206,11
2514,16,596,3,479,13,2216,11
2514,16,596,3,479,13,2244,11
2514,16,596,3,479,13,2259,11
2514,16,596,3,479,13,2261,11
2514,16,596,3,479,13,2289,11
2514,16,596,3,479,13,2359,11
2514,16,596,3,479,13,2370,11
2514,16,596,3,479,13,2405,11
2514,16,596,3,844,12,45,11
2514,16,596,3,844,12,159,11
2514,16,596,3,844,12,272,11
2514,16,596,3,844,12,338,11
2514,16,596,3,844,12,390,11
2514,16,596,3,844,12,457,11
2514,16,596,3,844,12,463,11
2514,16,596,3,844,12,620,11
2514,16,596,3,844,12,700,11
2514,16,596,3,844,12,742,11
2514,16,596,3,844,12,758,11
2514,16,596,3,844,12,879,11
2514,16,596,3,844,12,927,11
2514,16,596,3,844,12,979,11
2514,16,596,3,844,12,1003,11
2514,16,596,3,844,12,1044,11
2514,16,596,3,844,12,1068,11
2514,16,596,3,844,12,1153,11
2514,16,596,3,844,12,1186,11
2514,16,596,3,844,12,1194,11
2514,16,596,3,844,12,1259,11
2514,16,596,3,844,12,1260,11
2514,16,596,3,844,12,1312,11
2514,16,596,3,844,12,1388,11
2514,16,596,3,844,12,1391,11
2514,16,596,3,844,12,1422,11
2514,16,596,3,844,12,1556,11
2514,16,596,3,844,12,1568,11
2514,16,596,3,844,12,1599,11
2514,16,596,3,844,12,1747,11
2514,16,596,3,844,12,1773,11
2514,16,596,3,844,12,1799,11
2514,16,596,3,844,12,1818,11
2514,16,596,3,844,12,1873,11
2514,16,596,3,844,12,1940,11
2514,16,596,3,844,12,1956,11
2514,16,596,3,844,12,1997,11
2514,16,596,3,844,12,2068,11
2514,16,596,3,844,12,2079,11
2514,16,596,3,844,12,2123,11
2514,16,596,3,844,12,2196,11
2514,16,596,3,844,12,2206,11
2514,16,596,3,844,12,2216,11
2514,16,596,3,844,12,2244,11
2514,16,596,3,844,12,2259,11
2514,16,596,3,844,12,2261,11
2514,16,596,3,844,12,2289,11
2514,16,596,3,844,12,2359,11
2514,16,596,3,844,12,2370,11
2514,16,596,3,844,12,2405,11
2514,16,596,3,1137,24,45,11
2514,16,596,3,1137,24,159,11
2514,16,596,3,1137,24,272,11
2514,16,596,3,1137,24,338,11
2514,16,596,3,1137,24,390,11
2514,16,596,3,1137,24,457,11
2514,16,596,3,1137,24,463,11
2514,16,596,3,1137,24,620,11
2514,16,596,3,1137,24,700,11
2514,16,596,3,1137,24,742,11
2514,16,596,3,1137,24,758,11
2514,16,596,3,1137,24,879,11
2514,16,596,3,1137,24,927,11
2514,16,596,3,1137,24,979,11
2514,16,596,3,1137,24,1003,11
2514,16,596,3,1137,24,1044,11
2514,16,596,3,1137,24,1068,11
2514,16,596,3,1137,24,1153,11
2514,16,596,3,1137,24,1186,11
2514,16,596,3,1137,24,1194,11
2514,16,596,3,1137,24,1259,11
2514,16,596,3,1137,24,1260,11
2514,16,596,3,1137,24,1312,11
2514,16,596,3,1137,24,1388,11
2514,16,596,3,1137,24,1391,11
2514,16,596,3,1137,24,1422,11
2514,16,596,3,1137,24,1556,11
2514,16,596,3,1137,24,1568,11
2514,16,596,3,1137,24,1599,11
2514,16,596,3,1137,24,1747,11
2514,16,596,3,1137,24,1773,11
2514,16,596,3,1137,24,1799,11
2514,16,596,3,1137,24,1818,11
2514,16,596,3,1137,24,1873,11
2514,16,596,3,1137,24,1940,11
2514,16,596,3,1137,24,1956,11
2514,16,596,3,1137,24,1997,11
2514,16,596,3,1137,24,2068,11
2514,16,596,3,1137,24,2079,11
2514,16,596,3,1137,24,2123,11
2514,16,596,3,1137,24,2196,11
2514,16,596,3,1137,24,2206,11
2514,16,596,3,1137,24,2216,11
2514,16,596,3,1137,24,2244,11
2514,16,596,3,1137,24,2259,11
2514,16,596,3,1137,24,2261,11
2514,16,596,3,1137,24,2289,11
2514,16,596,3,1137,24,2359,11
2514,16,596,3,1137,24,2370,11
2514,16,596,3,1137,24,2405,11
2514,16,596,3,1377,30,45,11
2514,16,596,3,1377,30,159,11
2514,16,596,3,1377,30,272,11
2514,16,596,3,1377,30,338,11
2514,16,596,3,1377,30,390,11
2514,16,596,3,1377,30,457,11
2514,16,596,3,1377,30,463,11
2514,16,596,3,1377,30,620,11
2514,16,596,3,1377,30,700,11
2514,16,596,3,1377,30,742,11
2514,16,596,3,1377,30,758,11
2514,16,596,3,1377,30,879,11
2514,16,596,3,1377,30,927,11
2514,16,596,3,1377,30,979,11
2514,16,596,3,1377,30,1003,11
2514,16,596,3,1377,30,1044,11
2514,16,596,3,1377,30,1068,11
2514,16,596,3,1377,30,1153,11
2514,16,596,3,1377,30,1186,11
2514,16,596,3,1377,30,1194,11
2514,16,596,3,1377,30,1259,11
2514,16,596,3,1377,30,1260,11
2514,16,596,3,1377,30,1312,11
2514,16,596,3,1377,30,1388,11
2514,16,596,3,1377,30,1391,11
2514,16,596,3,1377,30,1422,11
2514,16,596,3,1377,30,1556,11
2514,16,596,3,1377,30,1568,11
2514,16,596,3,1377,30,1599,11
2514,16,596,3,1377,30,1747,11
2514,16,596,3,1377,30,1773,11
2514,16,596,3,1377,30,1799,11
2514,16,596,3,1377,30,1818,11
2514,16,596,3,1377,30,1873,11
2514,16,596,3,1377,30,1940,11
2514,16,596,3,1377,30,1956,11
2514,16,596,3,1377,30,1997,11
2514,16,596,3,1377,30,2068,11
2514,16,596,3,1377,30,2079,11
2514,16,596,3,1377,30,2123,11
2514,16,596,3,1377,30,2196,11
2514,16,596,3,1377,30,2206,11
2514,16,596,3,1377,30,2216,11
2514,16,596,3,1377,30,2244,11
2514,16,596,3,1377,30,2259,11
2514,16,596,3,1377,30,2261,11
2514,16,596,3,1377,30,2289,11
2514,16,596,3,1377,30,2359,11
2514,16,596,3,1377,30,2370,11
2514,16,596,3,1377,30,2405,11
2514,16,596,3,1385,12,45,11
2514,16,596,3,1385,12,159,11
2514,16,596,3,1385,12,272,11
2514,16,596,3,1385,12,338,11
2514,16,596,3,1385,12,390,11
2514,16,596,3,1385,12,457,11
2514,16,596,3,1385,12,463,11
2514,16,596,3,1385,12,620,11
2514,16,596,3,1385,12,700,11
2514,16,596,3,1385,12,742,11
2514,16,596,3,1385,12,758,11
2514,16,596,3,1385,12,879,11
2514,16,596,3,1385,12,927,11
2514,16,596,3,1385,12,979,11
2514,16,596,3,1385,12,1003,11
2514,16,596,3,1385,12,1044,11
2514,16,596,3,1385,12,1068,11
2514,16,596,3,1385,12,1153,11
2514,16,596,3,1385,12,1186,11
2514,16,596,3,1385,12,1194,11
2514,16,596,3,1385,12,1259,11
2514,16,596,3,1385,12,1260,11
2514,16,596,3,1385,12,1312,11
2514,16,596,3,1385,12,1388,11
2514,16,596,3,1385,12,1391,11
2514,16,596,3,1385,12,1422,11
2514,16,596,3,1385,12,1556,11
2514,16,596,3,1385,12,1568,11
2514,16,596,3,1385,12,1599,11
2514,16,596,3,1385,12,1747,11
2514,16,596,3,1385,12,1773,11
2514,16,596,3,1385,12,1799,11
2514,16,596,3,1385,12,1818,11
2514,16,596,3,1385,12,1873,11
2514,16,596,3,1385,12,1940,11
2514,16,596,3,1385,12,1956,11
2514,16,596,3,1385,12,1997,11
2514,16,596,3,1385,12,2068,11
2514,16,596,3,1385,12,2079,11
2514,16,596,3,1385,12,2123,11
2514,16,596,3,1385,12,2196,11
2514,16,596,3,1385,12,2206,11
2514,16,596,3,1385,12,2216,11
2514,16,596,3,1385,12,2244,11
2514,16,596,3,1385,12,2259,11
2514,16,596,3,1385,12,2261,11
2514,16,596,3,1385,12,2289,11
2514,16,596,3,1385,12,2359,11
2514,16,596,3,1385,12,2370,11
2514,16,596,3,1385,12,2405,11
2514,16,596,3,1494,49,45,11
2514,16,596,3,1494,49,159,11
2514,16,596,3,1494,49,272,11
2514,16,596,3,1494,49,338,11
2514,16,596,3,1494,49,390,11
2514,16,596,3,1494,49,457,11
2514,16,596,3,1494,49,463,11
2514,16,596,3,1494,49,620,11
2514,16,596,3,1494,49,700,11
2514,16,596,3,1494,49,742,11
2514,16,596,3,1494,49,758,11
2514,16,596,3,1494,49,879,11
2514,16,596,3,1494,49,927,11
2514,16,596,3,1494,49,979,11
2514,16,596,3,1494,49,1003,11
2514,16,596,3,1494,49,1044,11
2514,16,596,3,1494,49,1068,11
2514,16,596,3,1494,49,1153,11
2514,16,596,3,1494,49,1186,11
2514,16,596,3,1494,49,1194,11
2514,16,596,3,1494,49,1259,11
2514,16,596,3,1494,49,1260,11
2514,16,596,3,1494,49,1312,11
2514,16,596,3,1494,49,1388,11
2514,16,596,3,1494,49,1391,11
2514,16,596,3,1494,49,1422,11
2514,16,596,3,1494,49,1556,11
2514,16,596,3,1494,49,1568,11
2514,16,596,3,1494,49,1599,11
2514,16,596,3,1494,49,1747,11
2514,16,596,3,1494,49,1773,11
2514,16,596,3,1494,49,1799,11
2514,16,596,3,1494,49,1818,11
2514,16,596,3,1494,49,1873,11
2514,16,596,3,1494,49,1940,11
2514,16,596,3,1494,49,1956,11
2514,16,596,3,1494,49,1997,11
2514,16,596,3,1494,49,2068,11
2514,16,596,3,1494,49,2079,11
2514,16,596,3,1494,49,2123,11
2514,16,596,3,1494,49,2196,11
2514,16,596,3,1494,49,2206,11
2514,16,596,3,1494,49,2216,11
2514,16,596,3,1494,49,2244,11
2514,16,596,3,1494,49,2259,11
2514,16,596,3,1494,49,2261,11
2514,16,596,3,1494,49,2289,11
2514,16,596,3,1494,49,2359,11
2514,16,596,3,1494,49,2370,11
2514,16,596,3,1494,49,2405,11
2514,16,596,3,1509,34,45,11
2514,16,596,3,1509,34,159,11
2514,16,596,3,1509,34,272,11
2514,16,596,3,1509,34,338,11
2514,16,596,3,1509,34,390,11
2514,16,596,3,1509,34,457,11
2514,16,596,3,1509,34,463,11
2514,16,596,3,1509,34,620,11
2514,16,596,3,1509,34,700,11
2514,16,596,3,1509,34,742,11
2514,16,596,3,1509,34,758,11
2514,16,596,3,1509,34,879,11
2514,16,596,3,1509,34,927,11
2514,16,596,3,1509,34,979,11
2514,16,596,3,1509,34,1003,11
2514,16,596,3,1509,34,1044,11
2514,16,596,3,1509,34,1068,11
2514,16,596,3,1509,34,1153,11
2514,16,596,3,1509,34,1186,11
2514,16,596,3,1509,34,1194,11
2514,16,596,3,1509,34,1259,11
2514,16,596,3,1509,34,1260,11
2514,16,596,3,1509,34,1312,11
2514,16,596,3,1509,34,1388,11
2514,16,596,3,1509,34,1391,11
2514,16,596,3,1509,34,1422,11
2514,16,596,3,1509,34,1556,11
2514,16,596,3,1509,34,1568,11
2514,16,596,3,1509,34,1599,11
2514,16,596,3,1509,34,1747,11
2514,16,596,3,1509,34,1773,11
2514,16,596,3,1509,34,1799,11
2514,16,596,3,1509,34,1818,11
2514,16,596,3,1509,34,1873,11
2514,16,596,3,1509,34,1940,11
2514,16,596,3,1509,34,1956,11
2514,16,596,3,1509,34,1997,11
2514,16,596,3,1509,34,2068,11
2514,16,596,3,1509,34,2079,11
2514,16,596,3,1509,34,2123,11
2514,16,596,3,1509,34,2196,11
2514,16,596,3,1509,34,2206,11
2514,16,596,3,1509,34,2216,11
2514,16,596,3,1509,34,2244,11
2514,16,596,3,1509,34,2259,11
2514,16,596,3,1509,34,2261,11
2514,16,596,3,1509,34,2289,11
2514,16,596,3,1509,34,2359,11
2514,16,596,3,1509,34,2370,11
2514,16,596,3,1509,34,2405,11
2514,16,596,3,1690,16,45,11
2514,16,596,3,1690,16,159,11
2514,16,596,3,1690,16,272,11
2514,16,596,3,1690,16,338,11
2514,16,596,3,1690,16,390,11
2514,16,596,3,1690,16,457,11
2514,16,596,3,1690,16,463,11
2514,16,596,3,1690,16,620,11
2514,16,596,3,1690,16,700,11
2514,16,596,3,1690,16,742,11
2514,16,596,3,1690,16,758,11
2514,16,596,3,1690,16,879,11
2514,16,596,3,1690,16,927,11
2514,16,596,3,1690,16,979,11
2514,16,596,3,1690,16,1003,11
2514,16,596,3,1690,16,1044,11
2514,16,596,3,1690,16,1068,11
2514,16,596,3,1690,16,1153,11
2514,16,596,3,1690,16,1186,11
2514,16,596,3,1690,16,1194,11
2514,16,596,3,1690,16,1259,11
2514,16,596,3,1690,16,1260,11
2514,16,596,3,1690,16,1312,11
2514,16,596,3,1690,16,1388,11
2514,16,596,3,1690,16,1391,11
2514,16,596,3,1690,16,1422,11
2514,16,596,3,1690,16,1556,11
2514,16,596,3,1690,16,1568,11
2514,16,596,3,1690,16,1599,11
2514,16,596,3,1690,16,1747,11
2514,16,596,3,1690,16,1773,11
2514,16,596,3,1690,16,1799,11
2514,16,596,3,1690,16,1818,11
2514,16,596,3,1690,16,1873,11
2514,16,596,3,1690,16,1940,11
2514,16,596,3,1690,16,1956,11
2514,16,596,3,1690,16,1997,11
2514,16,596,3,1690,16,2068,11
2514,16,596,3,1690,16,2079,11
2514,16,596,3,1690,16,2123,11
2514,16,596,3,1690,16,2196,11
2514,16,596,3,1690,16,2206,11
2514,16,596,3,1690,16,2216,11
2514,16,596,3,1690,16,2244,11
2514,16,596,3,1690,16,2259,11
2514,16,596,3,1690,16,2261,11
2514,16,596,3,1690,16,2289,11
2514,16,596,3,1690,16,2359,11
2514,16,596,3,1690,16,2370,11
2514,16,596,3,1690,16,2405,11
2514,16,596,3,1719,20,45,11
2514,16,596,3,1719,20,159,11
2514,16,596,3,1719,20,272,11
2514,16,596,3,1719,20,338,11
2514,16,596,3,1719,20,390,11
2514,16,596,3,1719,20,457,11
2514,16,596,3,1719,20,463,11
2514,16,596,3,1719,20,620,11
2514,16,596,3,1719,20,700,11
2514,16,596,3,1719,20,742,11
2514,16,596,3,1719,20,758,11
2514,16,596,3,1719,20,879,11
2514,16,596,3,1719,20,927,11
2514,16,596,3,1719,20,979,11
2514,16,596,3,1719,20,1003,11
2514,16,596,3,1719,20,1044,11
2514,16,596,3,1719,20,1068,11
2514,16,596,3,1719,20,1153,11
2514,16,596,3,1719,20,1186,11
2514,16,596,3,1719,20,1194,11
2514,16,596,3,1719,20,1259,11
2514,16,596,3,1719,20,1260,11
2514,16,596,3,1719,20,1312,11
2514,16,596,3,1719,20,1388,11
2514,16,596,3,1719,20,1391,11
2514,16,596,3,1719,20,1422,11
2514,16,596,3,1719,20,1556,11
2514,16,596,3,1719,20,1568,11
2514,16,596,3,1719,20,1599,11
2514,16,596,3,1719,20,1747,11
2514,16,596,3,1719,20,1773,11
2514,16,596,3,1719,20,1799,11
2514,16,596,3,1719,20,1818,11
2514,16,596,3,1719,20,1873,11
2514,16,596,3,1719,20,1940,11
2514,16,596,3,1719,20,1956,11
2514,16,596,3,1719,20,1997,11
2514,16,596,3,1719,20,2068,11
2514,16,596,3,1719,20,2079,11
2514,16,596,3,1719,20,2123,11
2514,16,596,3,1719,20,2196,11
2514,16,596,3,1719,20,2206,11
2514,16,596,3,1719,20,2216,11
2514,16,596,3,1719,20,2244,11
2514,16,596,3,1719,20,2259,11
2514,16,596,3,1719,20,2261,11
2514,16,596,3,1719,20,2289,11
2514,16,596,3,1719,20,2359,11
2514,16,596,3,1719,20,2370,11
2514,16,596,3,1719,20,2405,11
