2514,16,904,32,29,31,45,11
2514,16,904,32,29,31,159,11
2514,16,904,32,29,31,272,11
2514,16,904,32,29,31,338,11
2514,16,904,32,29,31,390,11
2514,16,904,32,29,31,457,11
2514,16,904,32,29,31,463,11
2514,16,904,32,29,31,620,11
2514,16,904,32,29,31,700,11
2514,16,904,32,29,31,742,11
2514,16,904,32,29,31,758,11
2514,16,904,32,29,31,879,11
2514,16,904,32,29,31,927,11
2514,16,904,32,29,31,979,11
2514,16,904,32,29,31,1003,11
2514,16,904,32,29,31,1044,11
2514,16,904,32,29,31,1068,11
2514,16,904,32,29,31,1153,11
2514,16,904,32,29,31,1186,11
2514,16,904,32,29,31,1194,11
2514,16,904,32,29,31,1259,11
2514,16,904,32,29,31,1260,11
2514,16,904,32,29,31,1312,11
2514,16,904,32,29,31,1388,11
2514,16,904,32,29,31,1391,11
2514,16,904,32,29,31,1422,11
2514,16,904,32,29,31,1556,11
2514,16,904,32,29,31,1568,11
2514,16,904,32,29,31,1599,11
2514,16,904,32,29,31,1747,11
2514,16,904,32,29,31,1773,11
2514,16,904,32,29,31,1799,11
2514,16,904,32,29,31,1818,11
2514,16,904,32,29,31,1873,11
2514,16,904,32,29,31,1940,11
2514,16,904,32,29,31,1956,11
2514,16,904,32,29,31,1997,11
2514,16,904,32,29,31,2068,11
2514,16,904,32,29,31,2079,11
2514,16,904,32,29,31,2123,11
2514,16,904,32,29,31,2196,11
2514,16,904,32,29,31,2206,11
2514,16,904,32,29,31,2216,11
2514,16,904,32,29,31,2244,11
2514,16,904,32,29,31,2259,11
2514,16,904,32,29,31,2261,11
2514,16,904,32,29,31,2289,11
2514,16,904,32,29,31,2359,11
2514,16,904,32,29,31,2370,11
2514,16,904,32,29,31,2405,11
2514,16,904,32,64,38,45,11
2514,16,904,32,64,38,159,11
2514,16,904,32,64,38,272,11
2514,16,904,32,64,38,338,11
2514,16,904,32,64,38,390,11
2514,16,904,32,64,38,457,11
2514,16,904,32,64,38,463,11
2514,16,904,32,64,38,620,11
2514,16,904,32,64,38,700,11
2514,16,904,32,64,38,742,11
2514,16,904,32,64,38,758,11
2514,16,904,32,64,38,879,11
2514,16,904,32,64,38,927,11
2514,16,904,32,64,38,979,11
2514,16,904,32,64,38,1003,11
2514,16,904,32,64,38,1044,11
2514,16,904,32,64,38,1068,11
2514,16,904,32,64,38,1153,11
2514,16,904,32,64,38,1186,11
2514,16,904,32,64,38,1194,11
2514,16,904,32,64,38,1259,11
2514,16,904,32,64,38,1260,11
2514,16,904,32,64,38,1312,11
2514,16,904,32,64,38,1388,11
2514,16,904,32,64,38,1391,11
2514,16,904,32,64,38,1422,11
2514,16,904,32,64,38,1556,11
2514,16,904,32,64,38,1568,11
2514,16,904,32,64,38,1599,11
2514,16,904,32,64,38,1747,11
2514,16,904,32,64,38,1773,11
2514,16,904,32,64,38,1799,11
2514,16,904,32,64,38,1818,11
2514,16,904,32,64,38,1873,11
2514,16,904,32,64,38,1940,11
2514,16,904,32,64,38,1956,11
2514,16,904,32,64,38,1997,11
2514,16,904,32,64,38,2068,11
2514,16,904,32,64,38,2079,11
2514,16,904,32,64,38,2123,11
2514,16,904,32,64,38,2196,11
2514,16,904,32,64,38,2206,11
2514,16,904,32,64,38,2216,11
2514,16,904,32,64,38,2244,11
2514,16,904,32,64,38,2259,11
2514,16,904,32,64,38,2261,11
2514,16,904,32,64,38,2289,11
2514,16,904,32,64,38,2359,11
2514,16,904,32,64,38,2370,11
2514,16,904,32,64,38,2405,11
2514,16,904,32,73,38,45,11
2514,16,904,32,73,38,159,11
2514,16,904,32,73,38,272,11
2514,16,904,32,73,38,338,11
2514,16,904,32,73,38,390,11
2514,16,904,32,73,38,457,11
2514,16,904,32,73,38,463,11
2514,16,904,32,73,38,620,11
2514,16,904,32,73,38,700,11
2514,16,904,32,73,38,742,11
2514,16,904,32,73,38,758,11
2514,16,904,32,73,38,879,11
2514,16,904,32,73,38,927,11
2514,16,904,32,73,38,979,11
2514,16,904,32,73,38,1003,11
2514,16,904,32,73,38,1044,11
2514,16,904,32,73,38,1068,11
2514,16,904,32,73,38,1153,11
2514,16,904,32,73,38,1186,11
2514,16,904,32,73,38,1194,11
2514,16,904,32,73,38,1259,11
2514,16,904,32,73,38,1260,11
2514,16,904,32,73,38,1312,11
2514,16,904,32,73,38,1388,11
2514,16,904,32,73,38,1391,11
2514,16,904,32,73,38,1422,11
2514,16,904,32,73,38,1556,11
2514,16,904,32,73,38,1568,11
2514,16,904,32,73,38,1599,11
2514,16,904,32,73,38,1747,11
2514,16,904,32,73,38,1773,11
2514,16,904,32,73,38,1799,11
2514,16,904,32,73,38,1818,11
2514,16,904,32,73,38,1873,11
2514,16,904,32,73,38,1940,11
2514,16,904,32,73,38,1956,11
2514,16,904,32,73,38,1997,11
2514,16,904,32,73,38,2068,11
2514,16,904,32,73,38,2079,11
2514,16,904,32,73,38,2123,11
2514,16,904,32,73,38,2196,11
2514,16,904,32,73,38,2206,11
2514,16,904,32,73,38,2216,11
2514,16,904,32,73,38,2244,11
2514,16,904,32,73,38,2259,11
2514,16,904,32,73,38,2261,11
2514,16,904,32,73,38,2289,11
2514,16,904,32,73,38,2359,11
2514,16,904,32,73,38,2370,11
2514,16,904,32,73,38,2405,11
2514,16,904,32,247,9,45,11
2514,16,904,32,247,9,159,11
2514,16,904,32,247,9,272,11
2514,16,904,32,247,9,338,11
2514,16,904,32,247,9,390,11
2514,16,904,32,247,9,457,11
2514,16,904,32,247,9,463,11
2514,16,904,32,247,9,620,11
2514,16,904,32,247,9,700,11
2514,16,904,32,247,9,742,11
2514,16,904,32,247,9,758,11
2514,16,904,32,247,9,879,11
2514,16,904,32,247,9,927,11
2514,16,904,32,247,9,979,11
2514,16,904,32,247,9,1003,11
2514,16,904,32,247,9,1044,11
2514,16,904,32,247,9,1068,11
2514,16,904,32,247,9,1153,11
2514,16,904,32,247,9,1186,11
2514,16,904,32,247,9,1194,11
2514,16,904,32,247,9,1259,11
2514,16,904,32,247,9,1260,11
2514,16,904,32,247,9,1312,11
2514,16,904,32,247,9,1388,11
2514,16,904,32,247,9,1391,11
2514,16,904,32,247,9,1422,11
2514,16,904,32,247,9,1556,11
2514,16,904,32,247,9,1568,11
2514,16,904,32,247,9,1599,11
2514,16,904,32,247,9,1747,11
2514,16,904,32,247,9,1773,11
2514,16,904,32,247,9,1799,11
2514,16,904,32,247,9,1818,11
2514,16,904,32,247,9,1873,11
2514,16,904,32,247,9,1940,11
2514,16,904,32,247,9,1956,11
2514,16,904,32,247,9,1997,11
2514,16,904,32,247,9,2068,11
2514,16,904,32,247,9,2079,11
2514,16,904,32,247,9,2123,11
2514,16,904,32,247,9,2196,11
2514,16,904,32,247,9,2206,11
2514,16,904,32,247,9,2216,11
2514,16,904,32,247,9,2244,11
2514,16,904,32,247,9,2259,11
2514,16,904,32,247,9,2261,11
2514,16,904,32,247,9,2289,11
2514,16,904,32,247,9,2359,11
2514,16,904,32,247,9,2370,11
2514,16,904,32,247,9,2405,11
2514,16,904,32,393,9,45,11
2514,16,904,32,393,9,159,11
2514,16,904,32,393,9,272,11
2514,16,904,32,393,9,338,11
2514,16,904,32,393,9,390,11
2514,16,904,32,393,9,457,11
2514,16,904,32,393,9,463,11
2514,16,904,32,393,9,620,11
2514,16,904,32,393,9,700,11
2514,16,904,32,393,9,742,11
2514,16,904,32,393,9,758,11
2514,16,904,32,393,9,879,11
2514,16,904,32,393,9,927,11
2514,16,904,32,393,9,979,11
2514,16,904,32,393,9,1003,11
2514,16,904,32,393,9,1044,11
2514,16,904,32,393,9,1068,11
2514,16,904,32,393,9,1153,11
2514,16,904,32,393,9,1186,11
2514,16,904,32,393,9,1194,11
2514,16,904,32,393,9,1259,11
2514,16,904,32,393,9,1260,11
2514,16,904,32,393,9,1312,11
2514,16,904,32,393,9,1388,11
2514,16,904,32,393,9,1391,11
2514,16,904,32,393,9,1422,11
2514,16,904,32,393,9,1556,11
2514,16,904,32,393,9,1568,11
2514,16,904,32,393,9,1599,11
2514,16,904,32,393,9,1747,11
2514,16,904,32,393,9,1773,11
2514,16,904,32,393,9,1799,11
2514,16,904,32,393,9,1818,11
2514,16,904,32,393,9,1873,11
2514,16,904,32,393,9,1940,11
2514,16,904,32,393,9,1956,11
2514,16,904,32,393,9,1997,11
2514,16,904,32,393,9,2068,11
2514,16,904,32,393,9,2079,11
2514,16,904,32,393,9,2123,11
2514,16,904,32,393,9,2196,11
2514,16,904,32,393,9,2206,11
2514,16,904,32,393,9,2216,11
2514,16,904,32,393,9,2244,11
2514,16,904,32,393,9,2259,11
2514,16,904,32,393,9,2261,11
2514,16,904,32,393,9,2289,11
2514,16,904,32,393,9,2359,11
2514,16,904,32,393,9,2370,11
2514,16,904,32,393,9,2405,11
2514,16,904,32,493,16,45,11
2514,16,904,32,493,16,159,11
2514,16,904,32,493,16,272,11
2514,16,904,32,493,16,338,11
2514,16,904,32,493,16,390,11
2514,16,904,32,493,16,457,11
2514,16,904,32,493,16,463,11
2514,16,904,32,493,16,620,11
2514,16,904,32,493,16,700,11
2514,16,904,32,493,16,742,11
2514,16,904,32,493,16,758,11
2514,16,904,32,493,16,879,11
2514,16,904,32,493,16,927,11
2514,16,904,32,493,16,979,11
2514,16,904,32,493,16,1003,11
2514,16,904,32,493,16,1044,11
2514,16,904,32,493,16,1068,11
2514,16,904,32,493,16,1153,11
2514,16,904,32,493,16,1186,11
2514,16,904,32,493,16,1194,11
2514,16,904,32,493,16,1259,11
2514,16,904,32,493,16,1260,11
2514,16,904,32,493,16,1312,11
2514,16,904,32,493,16,1388,11
2514,16,904,32,493,16,1391,11
2514,16,904,32,493,16,1422,11
2514,16,904,32,493,16,1556,11
2514,16,904,32,493,16,1568,11
2514,16,904,32,493,16,1599,11
2514,16,904,32,493,16,1747,11
2514,16,904,32,493,16,1773,11
2514,16,904,32,493,16,1799,11
2514,16,904,32,493,16,1818,11
2514,16,904,32,493,16,1873,11
2514,16,904,32,493,16,1940,11
2514,16,904,32,493,16,1956,11
2514,16,904,32,493,16,1997,11
2514,16,904,32,493,16,2068,11
2514,16,904,32,493,16,2079,11
2514,16,904,32,493,16,2123,11
2514,16,904,32,493,16,2196,11
2514,16,904,32,493,16,2206,11
2514,16,904,32,493,16,2216,11
2514,16,904,32,493,16,2244,11
2514,16,904,32,493,16,2259,11
2514,16,904,32,493,16,2261,11
2514,16,904,32,493,16,2289,11
2514,16,904,32,493,16,2359,11
2514,16,904,32,493,16,2370,11
2514,16,904,32,493,16,2405,11
2514,16,904,32,554,29,45,11
2514,16,904,32,554,29,159,11
2514,16,904,32,554,29,272,11
2514,16,904,32,554,29,338,11
2514,16,904,32,554,29,390,11
2514,16,904,32,554,29,457,11
2514,16,904,32,554,29,463,11
2514,16,904,32,554,29,620,11
2514,16,904,32,554,29,700,11
2514,16,904,32,554,29,742,11
2514,16,904,32,554,29,758,11
2514,16,904,32,554,29,879,11
2514,16,904,32,554,29,927,11
2514,16,904,32,554,29,979,11
2514,16,904,32,554,29,1003,11
2514,16,904,32,554,29,1044,11
2514,16,904,32,554,29,1068,11
2514,16,904,32,554,29,1153,11
2514,16,904,32,554,29,1186,11
2514,16,904,32,554,29,1194,11
2514,16,904,32,554,29,1259,11
2514,16,904,32,554,29,1260,11
2514,16,904,32,554,29,1312,11
2514,16,904,32,554,29,1388,11
2514,16,904,32,554,29,1391,11
2514,16,904,32,554,29,1422,11
2514,16,904,32,554,29,1556,11
2514,16,904,32,554,29,1568,11
2514,16,904,32,554,29,1599,11
2514,16,904,32,554,29,1747,11
2514,16,904,32,554,29,1773,11
2514,16,904,32,554,29,1799,11
2514,16,904,32,554,29,1818,11
2514,16,904,32,554,29,1873,11
2514,16,904,32,554,29,1940,11
2514,16,904,32,554,29,1956,11
2514,16,904,32,554,29,1997,11
2514,16,904,32,554,29,2068,11
2514,16,904,32,554,29,2079,11
2514,16,904,32,554,29,2123,11
2514,16,904,32,554,29,2196,11
2514,16,904,32,554,29,2206,11
2514,16,904,32,554,29,2216,11
2514,16,904,32,554,29,2244,11
2514,16,904,32,554,29,2259,11
2514,16,904,32,554,29,2261,11
2514,16,904,32,554,29,2289,11
2514,16,904,32,554,29,2359,11
2514,16,904,32,554,29,2370,11
2514,16,904,32,554,29,2405,11
2514,16,904,32,572,24,45,11
2514,16,904,32,572,24,159,11
2514,16,904,32,572,24,272,11
2514,16,904,32,572,24,338,11
2514,16,904,32,572,24,390,11
2514,16,904,32,572,24,457,11
2514,16,904,32,572,24,463,11
2514,16,904,32,572,24,620,11
2514,16,904,32,572,24,700,11
2514,16,904,32,572,24,742,11
2514,16,904,32,572,24,758,11
2514,16,904,32,572,24,879,11
2514,16,904,32,572,24,927,11
2514,16,904,32,572,24,979,11
2514,16,904,32,572,24,1003,11
2514,16,904,32,572,24,1044,11
2514,16,904,32,572,24,1068,11
2514,16,904,32,572,24,1153,11
2514,16,904,32,572,24,1186,11
2514,16,904,32,572,24,1194,11
2514,16,904,32,572,24,1259,11
2514,16,904,32,572,24,1260,11
2514,16,904,32,572,24,1312,11
2514,16,904,32,572,24,1388,11
2514,16,904,32,572,24,1391,11
2514,16,904,32,572,24,1422,11
2514,16,904,32,572,24,1556,11
2514,16,904,32,572,24,1568,11
2514,16,904,32,572,24,1599,11
2514,16,904,32,572,24,1747,11
2514,16,904,32,572,24,1773,11
2514,16,904,32,572,24,1799,11
2514,16,904,32,572,24,1818,11
2514,16,904,32,572,24,1873,11
2514,16,904,32,572,24,1940,11
2514,16,904,32,572,24,1956,11
2514,16,904,32,572,24,1997,11
2514,16,904,32,572,24,2068,11
2514,16,904,32,572,24,2079,11
2514,16,904,32,572,24,2123,11
2514,16,904,32,572,24,2196,11
2514,16,904,32,572,24,2206,11
2514,16,904,32,572,24,2216,11
2514,16,904,32,572,24,2244,11
2514,16,904,32,572,24,2259,11
2514,16,904,32,572,24,2261,11
2514,16,904,32,572,24,2289,11
2514,16,904,32,572,24,2359,11
2514,16,904,32,572,24,2370,11
2514,16,904,32,572,24,2405,11
2514,16,904,32,809,19,45,11
2514,16,904,32,809,19,159,11
2514,16,904,32,809,19,272,11
2514,16,904,32,809,19,338,11
2514,16,904,32,809,19,390,11
2514,16,904,32,809,19,457,11
2514,16,904,32,809,19,463,11
2514,16,904,32,809,19,620,11
2514,16,904,32,809,19,700,11
2514,16,904,32,809,19,742,11
2514,16,904,32,809,19,758,11
2514,16,904,32,809,19,879,11
2514,16,904,32,809,19,927,11
2514,16,904,32,809,19,979,11
2514,16,904,32,809,19,1003,11
2514,16,904,32,809,19,1044,11
2514,16,904,32,809,19,1068,11
2514,16,904,32,809,19,1153,11
2514,16,904,32,809,19,1186,11
2514,16,904,32,809,19,1194,11
2514,16,904,32,809,19,1259,11
2514,16,904,32,809,19,1260,11
2514,16,904,32,809,19,1312,11
2514,16,904,32,809,19,1388,11
2514,16,904,32,809,19,1391,11
2514,16,904,32,809,19,1422,11
2514,16,904,32,809,19,1556,11
2514,16,904,32,809,19,1568,11
2514,16,904,32,809,19,1599,11
2514,16,904,32,809,19,1747,11
2514,16,904,32,809,19,1773,11
2514,16,904,32,809,19,1799,11
2514,16,904,32,809,19,1818,11
2514,16,904,32,809,19,1873,11
2514,16,904,32,809,19,1940,11
2514,16,904,32,809,19,1956,11
2514,16,904,32,809,19,1997,11
2514,16,904,32,809,19,2068,11
2514,16,904,32,809,19,2079,11
2514,16,904,32,809,19,2123,11
2514,16,904,32,809,19,2196,11
2514,16,904,32,809,19,2206,11
2514,16,904,32,809,19,2216,11
2514,16,904,32,809,19,2244,11
2514,16,904,32,809,19,2259,11
2514,16,904,32,809,19,2261,11
2514,16,904,32,809,19,2289,11
2514,16,904,32,809,19,2359,11
2514,16,904,32,809,19,2370,11
2514,16,904,32,809,19,2405,11
2514,16,904,32,857,14,457,11
2514,16,904,32,857,14,700,11
2514,16,904,32,857,14,927,11
2514,16,904,32,857,14,1003,11
2514,16,904,32,857,14,1153,11
2514,16,904,32,857,14,1194,11
2514,16,904,32,857,14,1568,11
2514,16,904,32,857,14,1599,11
2514,16,904,32,857,14,1818,11
2514,16,904,32,857,14,1940,11
2514,16,904,32,1001,22,45,11
2514,16,904,32,1001,22,159,11
2514,16,904,32,1001,22,272,11
2514,16,904,32,1001,22,338,11
2514,16,904,32,1001,22,390,11
2514,16,904,32,1001,22,457,11
2514,16,904,32,1001,22,463,11
2514,16,904,32,1001,22,620,11
2514,16,904,32,1001,22,700,11
2514,16,904,32,1001,22,742,11
2514,16,904,32,1001,22,758,11
2514,16,904,32,1001,22,879,11
2514,16,904,32,1001,22,927,11
2514,16,904,32,1001,22,979,11
2514,16,904,32,1001,22,1003,11
2514,16,904,32,1001,22,1044,11
2514,16,904,32,1001,22,1068,11
2514,16,904,32,1001,22,1153,11
2514,16,904,32,1001,22,1186,11
2514,16,904,32,1001,22,1194,11
2514,16,904,32,1001,22,1259,11
2514,16,904,32,1001,22,1260,11
2514,16,904,32,1001,22,1312,11
2514,16,904,32,1001,22,1388,11
2514,16,904,32,1001,22,1391,11
2514,16,904,32,1001,22,1422,11
2514,16,904,32,1001,22,1556,11
2514,16,904,32,1001,22,1568,11
2514,16,904,32,1001,22,1599,11
2514,16,904,32,1001,22,1747,11
2514,16,904,32,1001,22,1773,11
2514,16,904,32,1001,22,1799,11
2514,16,904,32,1001,22,1818,11
2514,16,904,32,1001,22,1873,11
2514,16,904,32,1001,22,1940,11
2514,16,904,32,1001,22,1956,11
2514,16,904,32,1001,22,1997,11
2514,16,904,32,1001,22,2068,11
2514,16,904,32,1001,22,2079,11
2514,16,904,32,1001,22,2123,11
2514,16,904,32,1001,22,2196,11
2514,16,904,32,1001,22,2206,11
2514,16,904,32,1001,22,2216,11
2514,16,904,32,1001,22,2244,11
2514,16,904,32,1001,22,2259,11
2514,16,904,32,1001,22,2261,11
2514,16,904,32,1001,22,2289,11
2514,16,904,32,1001,22,2359,11
2514,16,904,32,1001,22,2370,11
2514,16,904,32,1001,22,2405,11
2514,16,904,32,1228,37,45,11
2514,16,904,32,1228,37,159,11
2514,16,904,32,1228,37,272,11
2514,16,904,32,1228,37,338,11
2514,16,904,32,1228,37,390,11
2514,16,904,32,1228,37,457,11
2514,16,904,32,1228,37,463,11
2514,16,904,32,1228,37,620,11
2514,16,904,32,1228,37,700,11
2514,16,904,32,1228,37,742,11
2514,16,904,32,1228,37,758,11
2514,16,904,32,1228,37,879,11
2514,16,904,32,1228,37,927,11
2514,16,904,32,1228,37,979,11
2514,16,904,32,1228,37,1003,11
2514,16,904,32,1228,37,1044,11
2514,16,904,32,1228,37,1068,11
2514,16,904,32,1228,37,1153,11
2514,16,904,32,1228,37,1186,11
2514,16,904,32,1228,37,1194,11
2514,16,904,32,1228,37,1259,11
2514,16,904,32,1228,37,1260,11
2514,16,904,32,1228,37,1312,11
2514,16,904,32,1228,37,1388,11
2514,16,904,32,1228,37,1391,11
2514,16,904,32,1228,37,1422,11
2514,16,904,32,1228,37,1556,11
2514,16,904,32,1228,37,1568,11
2514,16,904,32,1228,37,1599,11
2514,16,904,32,1228,37,1747,11
2514,16,904,32,1228,37,1773,11
2514,16,904,32,1228,37,1799,11
2514,16,904,32,1228,37,1818,11
2514,16,904,32,1228,37,1873,11
2514,16,904,32,1228,37,1940,11
2514,16,904,32,1228,37,1956,11
2514,16,904,32,1228,37,1997,11
2514,16,904,32,1228,37,2068,11
2514,16,904,32,1228,37,2079,11
2514,16,904,32,1228,37,2123,11
2514,16,904,32,1228,37,2196,11
2514,16,904,32,1228,37,2206,11
2514,16,904,32,1228,37,2216,11
2514,16,904,32,1228,37,2244,11
2514,16,904,32,1228,37,2259,11
2514,16,904,32,1228,37,2261,11
2514,16,904,32,1228,37,2289,11
2514,16,904,32,1228,37,2359,11
2514,16,904,32,1228,37,2370,11
2514,16,904,32,1228,37,2405,11
2514,16,904,32,1534,23,45,11
2514,16,904,32,1534,23,159,11
2514,16,904,32,1534,23,272,11
2514,16,904,32,1534,23,338,11
2514,16,904,32,1534,23,390,11
2514,16,904,32,1534,23,457,11
2514,16,904,32,1534,23,463,11
2514,16,904,32,1534,23,620,11
2514,16,904,32,1534,23,700,11
2514,16,904,32,1534,23,742,11
2514,16,904,32,1534,23,758,11
2514,16,904,32,1534,23,879,11
2514,16,904,32,1534,23,927,11
2514,16,904,32,1534,23,979,11
2514,16,904,32,1534,23,1003,11
2514,16,904,32,1534,23,1044,11
2514,16,904,32,1534,23,1068,11
2514,16,904,32,1534,23,1153,11
2514,16,904,32,1534,23,1186,11
2514,16,904,32,1534,23,1194,11
2514,16,904,32,1534,23,1259,11
2514,16,904,32,1534,23,1260,11
2514,16,904,32,1534,23,1312,11
2514,16,904,32,1534,23,1388,11
2514,16,904,32,1534,23,1391,11
2514,16,904,32,1534,23,1422,11
2514,16,904,32,1534,23,1556,11
2514,16,904,32,1534,23,1568,11
2514,16,904,32,1534,23,1599,11
2514,16,904,32,1534,23,1747,11
2514,16,904,32,1534,23,1773,11
2514,16,904,32,1534,23,1799,11
2514,16,904,32,1534,23,1818,11
2514,16,904,32,1534,23,1873,11
2514,16,904,32,1534,23,1940,11
2514,16,904,32,1534,23,1956,11
2514,16,904,32,1534,23,1997,11
2514,16,904,32,1534,23,2068,11
2514,16,904,32,1534,23,2079,11
2514,16,904,32,1534,23,2123,11
2514,16,904,32,1534,23,2196,11
2514,16,904,32,1534,23,2206,11
2514,16,904,32,1534,23,2216,11
2514,16,904,32,1534,23,2244,11
2514,16,904,32,1534,23,2259,11
2514,16,904,32,1534,23,2261,11
2514,16,904,32,1534,23,2289,11
2514,16,904,32,1534,23,2359,11
2514,16,904,32,1534,23,2370,11
2514,16,904,32,1534,23,2405,11
2514,16,904,32,1997,38,45,11
2514,16,904,32,1997,38,272,11
2514,16,904,32,1997,38,338,11
2514,16,904,32,1997,38,390,11
2514,16,904,32,1997,38,620,11
2514,16,904,32,1997,38,742,11
2514,16,904,32,1997,38,758,11
2514,16,904,32,1997,38,979,11
2514,16,904,32,1997,38,1044,11
2514,16,904,32,1997,38,1068,11
2514,16,904,32,1997,38,1186,11
2514,16,904,32,1997,38,1259,11
2514,16,904,32,1997,38,1260,11
2514,16,904,32,1997,38,1312,11
2514,16,904,32,1997,38,1391,11
2514,16,904,32,1997,38,1422,11
2514,16,904,32,1997,38,1747,11
2514,16,904,32,1997,38,1773,11
2514,16,904,32,1997,38,1799,11
2514,16,904,32,1997,38,1956,11
2514,16,904,32,1997,38,1997,11
2514,16,904,32,1997,38,2068,11
2514,16,904,32,1997,38,2079,11
2514,16,904,32,1997,38,2206,11
2514,16,904,32,1997,38,2244,11
2514,16,904,32,1997,38,2259,11
2514,16,904,32,1997,38,2261,11
2514,16,904,32,1997,38,2289,11
2514,16,904,32,1997,38,2359,11
2514,16,904,32,1997,38,2405,11
