2514,16,1126,28,47,15,159,11
2514,16,1126,28,47,15,272,11
2514,16,1126,28,47,15,338,11
2514,16,1126,28,47,15,457,11
2514,16,1126,28,47,15,463,11
2514,16,1126,28,47,15,700,11
2514,16,1126,28,47,15,742,11
2514,16,1126,28,47,15,758,11
2514,16,1126,28,47,15,879,11
2514,16,1126,28,47,15,927,11
2514,16,1126,28,47,15,1003,11
2514,16,1126,28,47,15,1044,11
2514,16,1126,28,47,15,1068,11
2514,16,1126,28,47,15,1153,11
2514,16,1126,28,47,15,1186,11
2514,16,1126,28,47,15,1194,11
2514,16,1126,28,47,15,1259,11
2514,16,1126,28,47,15,1260,11
2514,16,1126,28,47,15,1312,11
2514,16,1126,28,47,15,1388,11
2514,16,1126,28,47,15,1391,11
2514,16,1126,28,47,15,1422,11
2514,16,1126,28,47,15,1556,11
2514,16,1126,28,47,15,1568,11
2514,16,1126,28,47,15,1599,11
2514,16,1126,28,47,15,1747,11
2514,16,1126,28,47,15,1773,11
2514,16,1126,28,47,15,1818,11
2514,16,1126,28,47,15,1873,11
2514,16,1126,28,47,15,1940,11
2514,16,1126,28,47,15,1997,11
2514,16,1126,28,47,15,2068,11
2514,16,1126,28,47,15,2079,11
2514,16,1126,28,47,15,2123,11
2514,16,1126,28,47,15,2196,11
2514,16,1126,28,47,15,2216,11
2514,16,1126,28,47,15,2259,11
2514,16,1126,28,47,15,2289,11
2514,16,1126,28,47,15,2370,11
2514,16,1126,28,47,15,2405,11
2514,16,1126,28,49,29,45,11
2514,16,1126,28,49,29,159,11
2514,16,1126,28,49,29,272,11
2514,16,1126,28,49,29,338,11
2514,16,1126,28,49,29,390,11
2514,16,1126,28,49,29,457,11
2514,16,1126,28,49,29,463,11
2514,16,1126,28,49,29,620,11
2514,16,1126,28,49,29,700,11
2514,16,1126,28,49,29,742,11
2514,16,1126,28,49,29,758,11
2514,16,1126,28,49,29,879,11
2514,16,1126,28,49,29,927,11
2514,16,1126,28,49,29,979,11
2514,16,1126,28,49,29,1003,11
2514,16,1126,28,49,29,1044,11
2514,16,1126,28,49,29,1068,11
2514,16,1126,28,49,29,1153,11
2514,16,1126,28,49,29,1186,11
2514,16,1126,28,49,29,1194,11
2514,16,1126,28,49,29,1259,11
2514,16,1126,28,49,29,1260,11
2514,16,1126,28,49,29,1312,11
2514,16,1126,28,49,29,1388,11
2514,16,1126,28,49,29,1391,11
2514,16,1126,28,49,29,1422,11
2514,16,1126,28,49,29,1556,11
2514,16,1126,28,49,29,1568,11
2514,16,1126,28,49,29,1599,11
2514,16,1126,28,49,29,1747,11
2514,16,1126,28,49,29,1773,11
2514,16,1126,28,49,29,1799,11
2514,16,1126,28,49,29,1818,11
2514,16,1126,28,49,29,1873,11
2514,16,1126,28,49,29,1940,11
2514,16,1126,28,49,29,1956,11
2514,16,1126,28,49,29,1997,11
2514,16,1126,28,49,29,2068,11
2514,16,1126,28,49,29,2079,11
2514,16,1126,28,49,29,2123,11
2514,16,1126,28,49,29,2196,11
2514,16,1126,28,49,29,2206,11
2514,16,1126,28,49,29,2216,11
2514,16,1126,28,49,29,2244,11
2514,16,1126,28,49,29,2259,11
2514,16,1126,28,49,29,2261,11
2514,16,1126,28,49,29,2289,11
2514,16,1126,28,49,29,2359,11
2514,16,1126,28,49,29,2370,11
2514,16,1126,28,49,29,2405,11
2514,16,1126,28,431,20,45,11
2514,16,1126,28,431,20,159,11
2514,16,1126,28,431,20,272,11
2514,16,1126,28,431,20,338,11
2514,16,1126,28,431,20,390,11
2514,16,1126,28,431,20,457,11
2514,16,1126,28,431,20,463,11
2514,16,1126,28,431,20,620,11
2514,16,1126,28,431,20,700,11
2514,16,1126,28,431,20,742,11
2514,16,1126,28,431,20,758,11
2514,16,1126,28,431,20,879,11
2514,16,1126,28,431,20,927,11
2514,16,1126,28,431,20,979,11
2514,16,1126,28,431,20,1003,11
2514,16,1126,28,431,20,1044,11
2514,16,1126,28,431,20,1068,11
2514,16,1126,28,431,20,1153,11
2514,16,1126,28,431,20,1186,11
2514,16,1126,28,431,20,1194,11
2514,16,1126,28,431,20,1259,11
2514,16,1126,28,431,20,1260,11
2514,16,1126,28,431,20,1312,11
2514,16,1126,28,431,20,1388,11
2514,16,1126,28,431,20,1391,11
2514,16,1126,28,431,20,1422,11
2514,16,1126,28,431,20,1556,11
2514,16,1126,28,431,20,1568,11
2514,16,1126,28,431,20,1599,11
2514,16,1126,28,431,20,1747,11
2514,16,1126,28,431,20,1773,11
2514,16,1126,28,431,20,1799,11
2514,16,1126,28,431,20,1818,11
2514,16,1126,28,431,20,1873,11
2514,16,1126,28,431,20,1940,11
2514,16,1126,28,431,20,1956,11
2514,16,1126,28,431,20,1997,11
2514,16,1126,28,431,20,2068,11
2514,16,1126,28,431,20,2079,11
2514,16,1126,28,431,20,2123,11
2514,16,1126,28,431,20,2196,11
2514,16,1126,28,431,20,2206,11
2514,16,1126,28,431,20,2216,11
2514,16,1126,28,431,20,2244,11
2514,16,1126,28,431,20,2259,11
2514,16,1126,28,431,20,2261,11
2514,16,1126,28,431,20,2289,11
2514,16,1126,28,431,20,2359,11
2514,16,1126,28,431,20,2370,11
2514,16,1126,28,431,20,2405,11
2514,16,1126,28,517,22,45,11
2514,16,1126,28,517,22,159,11
2514,16,1126,28,517,22,272,11
2514,16,1126,28,517,22,338,11
2514,16,1126,28,517,22,390,11
2514,16,1126,28,517,22,457,11
2514,16,1126,28,517,22,463,11
2514,16,1126,28,517,22,620,11
2514,16,1126,28,517,22,700,11
2514,16,1126,28,517,22,742,11
2514,16,1126,28,517,22,758,11
2514,16,1126,28,517,22,879,11
2514,16,1126,28,517,22,927,11
2514,16,1126,28,517,22,979,11
2514,16,1126,28,517,22,1003,11
2514,16,1126,28,517,22,1044,11
2514,16,1126,28,517,22,1068,11
2514,16,1126,28,517,22,1153,11
2514,16,1126,28,517,22,1186,11
2514,16,1126,28,517,22,1194,11
2514,16,1126,28,517,22,1259,11
2514,16,1126,28,517,22,1260,11
2514,16,1126,28,517,22,1312,11
2514,16,1126,28,517,22,1388,11
2514,16,1126,28,517,22,1391,11
2514,16,1126,28,517,22,1422,11
2514,16,1126,28,517,22,1556,11
2514,16,1126,28,517,22,1568,11
2514,16,1126,28,517,22,1599,11
2514,16,1126,28,517,22,1747,11
2514,16,1126,28,517,22,1773,11
2514,16,1126,28,517,22,1799,11
2514,16,1126,28,517,22,1818,11
2514,16,1126,28,517,22,1873,11
2514,16,1126,28,517,22,1940,11
2514,16,1126,28,517,22,1956,11
2514,16,1126,28,517,22,1997,11
2514,16,1126,28,517,22,2068,11
2514,16,1126,28,517,22,2079,11
2514,16,1126,28,517,22,2123,11
2514,16,1126,28,517,22,2196,11
2514,16,1126,28,517,22,2206,11
2514,16,1126,28,517,22,2216,11
2514,16,1126,28,517,22,2244,11
2514,16,1126,28,517,22,2259,11
2514,16,1126,28,517,22,2261,11
2514,16,1126,28,517,22,2289,11
2514,16,1126,28,517,22,2359,11
2514,16,1126,28,517,22,2370,11
2514,16,1126,28,517,22,2405,11
2514,16,1126,28,559,24,45,11
2514,16,1126,28,559,24,159,11
2514,16,1126,28,559,24,272,11
2514,16,1126,28,559,24,338,11
2514,16,1126,28,559,24,390,11
2514,16,1126,28,559,24,457,11
2514,16,1126,28,559,24,463,11
2514,16,1126,28,559,24,620,11
2514,16,1126,28,559,24,700,11
2514,16,1126,28,559,24,742,11
2514,16,1126,28,559,24,758,11
2514,16,1126,28,559,24,879,11
2514,16,1126,28,559,24,927,11
2514,16,1126,28,559,24,979,11
2514,16,1126,28,559,24,1003,11
2514,16,1126,28,559,24,1044,11
2514,16,1126,28,559,24,1068,11
2514,16,1126,28,559,24,1153,11
2514,16,1126,28,559,24,1186,11
2514,16,1126,28,559,24,1194,11
2514,16,1126,28,559,24,1259,11
2514,16,1126,28,559,24,1260,11
2514,16,1126,28,559,24,1312,11
2514,16,1126,28,559,24,1388,11
2514,16,1126,28,559,24,1391,11
2514,16,1126,28,559,24,1422,11
2514,16,1126,28,559,24,1556,11
2514,16,1126,28,559,24,1568,11
2514,16,1126,28,559,24,1599,11
2514,16,1126,28,559,24,1747,11
2514,16,1126,28,559,24,1773,11
2514,16,1126,28,559,24,1799,11
2514,16,1126,28,559,24,1818,11
2514,16,1126,28,559,24,1873,11
2514,16,1126,28,559,24,1940,11
2514,16,1126,28,559,24,1956,11
2514,16,1126,28,559,24,1997,11
2514,16,1126,28,559,24,2068,11
2514,16,1126,28,559,24,2079,11
2514,16,1126,28,559,24,2123,11
2514,16,1126,28,559,24,2196,11
2514,16,1126,28,559,24,2206,11
2514,16,1126,28,559,24,2216,11
2514,16,1126,28,559,24,2244,11
2514,16,1126,28,559,24,2259,11
2514,16,1126,28,559,24,2261,11
2514,16,1126,28,559,24,2289,11
2514,16,1126,28,559,24,2359,11
2514,16,1126,28,559,24,2370,11
2514,16,1126,28,559,24,2405,11
2514,16,1126,28,942,19,45,11
2514,16,1126,28,942,19,159,11
2514,16,1126,28,942,19,272,11
2514,16,1126,28,942,19,338,11
2514,16,1126,28,942,19,390,11
2514,16,1126,28,942,19,457,11
2514,16,1126,28,942,19,463,11
2514,16,1126,28,942,19,620,11
2514,16,1126,28,942,19,700,11
2514,16,1126,28,942,19,742,11
2514,16,1126,28,942,19,758,11
2514,16,1126,28,942,19,879,11
2514,16,1126,28,942,19,927,11
2514,16,1126,28,942,19,979,11
2514,16,1126,28,942,19,1003,11
2514,16,1126,28,942,19,1044,11
2514,16,1126,28,942,19,1068,11
2514,16,1126,28,942,19,1153,11
2514,16,1126,28,942,19,1186,11
2514,16,1126,28,942,19,1194,11
2514,16,1126,28,942,19,1259,11
2514,16,1126,28,942,19,1260,11
2514,16,1126,28,942,19,1312,11
2514,16,1126,28,942,19,1388,11
2514,16,1126,28,942,19,1391,11
2514,16,1126,28,942,19,1422,11
2514,16,1126,28,942,19,1556,11
2514,16,1126,28,942,19,1568,11
2514,16,1126,28,942,19,1599,11
2514,16,1126,28,942,19,1747,11
2514,16,1126,28,942,19,1773,11
2514,16,1126,28,942,19,1799,11
2514,16,1126,28,942,19,1818,11
2514,16,1126,28,942,19,1873,11
2514,16,1126,28,942,19,1940,11
2514,16,1126,28,942,19,1956,11
2514,16,1126,28,942,19,1997,11
2514,16,1126,28,942,19,2068,11
2514,16,1126,28,942,19,2079,11
2514,16,1126,28,942,19,2123,11
2514,16,1126,28,942,19,2196,11
2514,16,1126,28,942,19,2206,11
2514,16,1126,28,942,19,2216,11
2514,16,1126,28,942,19,2244,11
2514,16,1126,28,942,19,2259,11
2514,16,1126,28,942,19,2261,11
2514,16,1126,28,942,19,2289,11
2514,16,1126,28,942,19,2359,11
2514,16,1126,28,942,19,2370,11
2514,16,1126,28,942,19,2405,11
2514,16,1126,28,1011,14,45,11
2514,16,1126,28,1011,14,159,11
2514,16,1126,28,1011,14,272,11
2514,16,1126,28,1011,14,338,11
2514,16,1126,28,1011,14,390,11
2514,16,1126,28,1011,14,457,11
2514,16,1126,28,1011,14,463,11
2514,16,1126,28,1011,14,620,11
2514,16,1126,28,1011,14,700,11
2514,16,1126,28,1011,14,742,11
2514,16,1126,28,1011,14,758,11
2514,16,1126,28,1011,14,879,11
2514,16,1126,28,1011,14,927,11
2514,16,1126,28,1011,14,979,11
2514,16,1126,28,1011,14,1003,11
2514,16,1126,28,1011,14,1044,11
2514,16,1126,28,1011,14,1068,11
2514,16,1126,28,1011,14,1153,11
2514,16,1126,28,1011,14,1186,11
2514,16,1126,28,1011,14,1194,11
2514,16,1126,28,1011,14,1259,11
2514,16,1126,28,1011,14,1260,11
2514,16,1126,28,1011,14,1312,11
2514,16,1126,28,1011,14,1388,11
2514,16,1126,28,1011,14,1391,11
2514,16,1126,28,1011,14,1422,11
2514,16,1126,28,1011,14,1556,11
2514,16,1126,28,1011,14,1568,11
2514,16,1126,28,1011,14,1599,11
2514,16,1126,28,1011,14,1747,11
2514,16,1126,28,1011,14,1773,11
2514,16,1126,28,1011,14,1799,11
2514,16,1126,28,1011,14,1818,11
2514,16,1126,28,1011,14,1873,11
2514,16,1126,28,1011,14,1940,11
2514,16,1126,28,1011,14,1956,11
2514,16,1126,28,1011,14,1997,11
2514,16,1126,28,1011,14,2068,11
2514,16,1126,28,1011,14,2079,11
2514,16,1126,28,1011,14,2123,11
2514,16,1126,28,1011,14,2196,11
2514,16,1126,28,1011,14,2206,11
2514,16,1126,28,1011,14,2216,11
2514,16,1126,28,1011,14,2244,11
2514,16,1126,28,1011,14,2259,11
2514,16,1126,28,1011,14,2261,11
2514,16,1126,28,1011,14,2289,11
2514,16,1126,28,1011,14,2359,11
2514,16,1126,28,1011,14,2370,11
2514,16,1126,28,1011,14,2405,11
2514,16,1126,28,1036,46,45,11
2514,16,1126,28,1036,46,159,11
2514,16,1126,28,1036,46,272,11
2514,16,1126,28,1036,46,338,11
2514,16,1126,28,1036,46,390,11
2514,16,1126,28,1036,46,457,11
2514,16,1126,28,1036,46,463,11
2514,16,1126,28,1036,46,620,11
2514,16,1126,28,1036,46,700,11
2514,16,1126,28,1036,46,742,11
2514,16,1126,28,1036,46,758,11
2514,16,1126,28,1036,46,879,11
2514,16,1126,28,1036,46,927,11
2514,16,1126,28,1036,46,979,11
2514,16,1126,28,1036,46,1003,11
2514,16,1126,28,1036,46,1044,11
2514,16,1126,28,1036,46,1068,11
2514,16,1126,28,1036,46,1153,11
2514,16,1126,28,1036,46,1186,11
2514,16,1126,28,1036,46,1194,11
2514,16,1126,28,1036,46,1259,11
2514,16,1126,28,1036,46,1260,11
2514,16,1126,28,1036,46,1312,11
2514,16,1126,28,1036,46,1388,11
2514,16,1126,28,1036,46,1391,11
2514,16,1126,28,1036,46,1422,11
2514,16,1126,28,1036,46,1556,11
2514,16,1126,28,1036,46,1568,11
2514,16,1126,28,1036,46,1599,11
2514,16,1126,28,1036,46,1747,11
2514,16,1126,28,1036,46,1773,11
2514,16,1126,28,1036,46,1799,11
2514,16,1126,28,1036,46,1818,11
2514,16,1126,28,1036,46,1873,11
2514,16,1126,28,1036,46,1940,11
2514,16,1126,28,1036,46,1956,11
2514,16,1126,28,1036,46,1997,11
2514,16,1126,28,1036,46,2068,11
2514,16,1126,28,1036,46,2079,11
2514,16,1126,28,1036,46,2123,11
2514,16,1126,28,1036,46,2196,11
2514,16,1126,28,1036,46,2206,11
2514,16,1126,28,1036,46,2216,11
2514,16,1126,28,1036,46,2244,11
2514,16,1126,28,1036,46,2259,11
2514,16,1126,28,1036,46,2261,11
2514,16,1126,28,1036,46,2289,11
2514,16,1126,28,1036,46,2359,11
2514,16,1126,28,1036,46,2370,11
2514,16,1126,28,1036,46,2405,11
2514,16,1126,28,1101,19,45,11
2514,16,1126,28,1101,19,159,11
2514,16,1126,28,1101,19,272,11
2514,16,1126,28,1101,19,338,11
2514,16,1126,28,1101,19,390,11
2514,16,1126,28,1101,19,457,11
2514,16,1126,28,1101,19,463,11
2514,16,1126,28,1101,19,620,11
2514,16,1126,28,1101,19,700,11
2514,16,1126,28,1101,19,742,11
2514,16,1126,28,1101,19,758,11
2514,16,1126,28,1101,19,879,11
2514,16,1126,28,1101,19,927,11
2514,16,1126,28,1101,19,979,11
2514,16,1126,28,1101,19,1003,11
2514,16,1126,28,1101,19,1044,11
2514,16,1126,28,1101,19,1068,11
2514,16,1126,28,1101,19,1153,11
2514,16,1126,28,1101,19,1186,11
2514,16,1126,28,1101,19,1194,11
2514,16,1126,28,1101,19,1259,11
2514,16,1126,28,1101,19,1260,11
2514,16,1126,28,1101,19,1312,11
2514,16,1126,28,1101,19,1388,11
2514,16,1126,28,1101,19,1391,11
2514,16,1126,28,1101,19,1422,11
2514,16,1126,28,1101,19,1556,11
2514,16,1126,28,1101,19,1568,11
2514,16,1126,28,1101,19,1599,11
2514,16,1126,28,1101,19,1747,11
2514,16,1126,28,1101,19,1773,11
2514,16,1126,28,1101,19,1799,11
2514,16,1126,28,1101,19,1818,11
2514,16,1126,28,1101,19,1873,11
2514,16,1126,28,1101,19,1940,11
2514,16,1126,28,1101,19,1956,11
2514,16,1126,28,1101,19,1997,11
2514,16,1126,28,1101,19,2068,11
2514,16,1126,28,1101,19,2079,11
2514,16,1126,28,1101,19,2123,11
2514,16,1126,28,1101,19,2196,11
2514,16,1126,28,1101,19,2206,11
2514,16,1126,28,1101,19,2216,11
2514,16,1126,28,1101,19,2244,11
2514,16,1126,28,1101,19,2259,11
2514,16,1126,28,1101,19,2261,11
2514,16,1126,28,1101,19,2289,11
2514,16,1126,28,1101,19,2359,11
2514,16,1126,28,1101,19,2370,11
2514,16,1126,28,1101,19,2405,11
2514,16,1126,28,1132,10,45,11
2514,16,1126,28,1132,10,159,11
2514,16,1126,28,1132,10,272,11
2514,16,1126,28,1132,10,338,11
2514,16,1126,28,1132,10,390,11
2514,16,1126,28,1132,10,457,11
2514,16,1126,28,1132,10,463,11
2514,16,1126,28,1132,10,620,11
2514,16,1126,28,1132,10,700,11
2514,16,1126,28,1132,10,742,11
2514,16,1126,28,1132,10,758,11
2514,16,1126,28,1132,10,879,11
2514,16,1126,28,1132,10,927,11
2514,16,1126,28,1132,10,979,11
2514,16,1126,28,1132,10,1003,11
2514,16,1126,28,1132,10,1044,11
2514,16,1126,28,1132,10,1068,11
2514,16,1126,28,1132,10,1153,11
2514,16,1126,28,1132,10,1186,11
2514,16,1126,28,1132,10,1194,11
2514,16,1126,28,1132,10,1259,11
2514,16,1126,28,1132,10,1260,11
2514,16,1126,28,1132,10,1312,11
2514,16,1126,28,1132,10,1388,11
2514,16,1126,28,1132,10,1391,11
2514,16,1126,28,1132,10,1422,11
2514,16,1126,28,1132,10,1556,11
2514,16,1126,28,1132,10,1568,11
2514,16,1126,28,1132,10,1599,11
2514,16,1126,28,1132,10,1747,11
2514,16,1126,28,1132,10,1773,11
2514,16,1126,28,1132,10,1799,11
2514,16,1126,28,1132,10,1818,11
2514,16,1126,28,1132,10,1873,11
2514,16,1126,28,1132,10,1940,11
2514,16,1126,28,1132,10,1956,11
2514,16,1126,28,1132,10,1997,11
2514,16,1126,28,1132,10,2068,11
2514,16,1126,28,1132,10,2079,11
2514,16,1126,28,1132,10,2123,11
2514,16,1126,28,1132,10,2196,11
2514,16,1126,28,1132,10,2206,11
2514,16,1126,28,1132,10,2216,11
2514,16,1126,28,1132,10,2244,11
2514,16,1126,28,1132,10,2259,11
2514,16,1126,28,1132,10,2261,11
2514,16,1126,28,1132,10,2289,11
2514,16,1126,28,1132,10,2359,11
2514,16,1126,28,1132,10,2370,11
2514,16,1126,28,1132,10,2405,11
2514,16,1126,28,1470,41,45,11
2514,16,1126,28,1470,41,159,11
2514,16,1126,28,1470,41,272,11
2514,16,1126,28,1470,41,338,11
2514,16,1126,28,1470,41,390,11
2514,16,1126,28,1470,41,457,11
2514,16,1126,28,1470,41,463,11
2514,16,1126,28,1470,41,620,11
2514,16,1126,28,1470,41,700,11
2514,16,1126,28,1470,41,742,11
2514,16,1126,28,1470,41,758,11
2514,16,1126,28,1470,41,879,11
2514,16,1126,28,1470,41,927,11
2514,16,1126,28,1470,41,979,11
2514,16,1126,28,1470,41,1003,11
2514,16,1126,28,1470,41,1044,11
2514,16,1126,28,1470,41,1068,11
2514,16,1126,28,1470,41,1153,11
2514,16,1126,28,1470,41,1186,11
2514,16,1126,28,1470,41,1194,11
2514,16,1126,28,1470,41,1259,11
2514,16,1126,28,1470,41,1260,11
2514,16,1126,28,1470,41,1312,11
2514,16,1126,28,1470,41,1388,11
2514,16,1126,28,1470,41,1391,11
2514,16,1126,28,1470,41,1422,11
2514,16,1126,28,1470,41,1556,11
2514,16,1126,28,1470,41,1568,11
2514,16,1126,28,1470,41,1599,11
2514,16,1126,28,1470,41,1747,11
2514,16,1126,28,1470,41,1773,11
2514,16,1126,28,1470,41,1799,11
2514,16,1126,28,1470,41,1818,11
2514,16,1126,28,1470,41,1873,11
2514,16,1126,28,1470,41,1940,11
2514,16,1126,28,1470,41,1956,11
2514,16,1126,28,1470,41,1997,11
2514,16,1126,28,1470,41,2068,11
2514,16,1126,28,1470,41,2079,11
2514,16,1126,28,1470,41,2123,11
2514,16,1126,28,1470,41,2196,11
2514,16,1126,28,1470,41,2206,11
2514,16,1126,28,1470,41,2216,11
2514,16,1126,28,1470,41,2244,11
2514,16,1126,28,1470,41,2259,11
2514,16,1126,28,1470,41,2261,11
2514,16,1126,28,1470,41,2289,11
2514,16,1126,28,1470,41,2359,11
2514,16,1126,28,1470,41,2370,11
2514,16,1126,28,1470,41,2405,11
2514,16,1126,28,1752,29,45,11
2514,16,1126,28,1752,29,159,11
2514,16,1126,28,1752,29,272,11
2514,16,1126,28,1752,29,338,11
2514,16,1126,28,1752,29,390,11
2514,16,1126,28,1752,29,457,11
2514,16,1126,28,1752,29,463,11
2514,16,1126,28,1752,29,620,11
2514,16,1126,28,1752,29,700,11
2514,16,1126,28,1752,29,742,11
2514,16,1126,28,1752,29,758,11
2514,16,1126,28,1752,29,879,11
2514,16,1126,28,1752,29,927,11
2514,16,1126,28,1752,29,979,11
2514,16,1126,28,1752,29,1003,11
2514,16,1126,28,1752,29,1044,11
2514,16,1126,28,1752,29,1068,11
2514,16,1126,28,1752,29,1153,11
2514,16,1126,28,1752,29,1186,11
2514,16,1126,28,1752,29,1194,11
2514,16,1126,28,1752,29,1259,11
2514,16,1126,28,1752,29,1260,11
2514,16,1126,28,1752,29,1312,11
2514,16,1126,28,1752,29,1388,11
2514,16,1126,28,1752,29,1391,11
2514,16,1126,28,1752,29,1422,11
2514,16,1126,28,1752,29,1556,11
2514,16,1126,28,1752,29,1568,11
2514,16,1126,28,1752,29,1599,11
2514,16,1126,28,1752,29,1747,11
2514,16,1126,28,1752,29,1773,11
2514,16,1126,28,1752,29,1799,11
2514,16,1126,28,1752,29,1818,11
2514,16,1126,28,1752,29,1873,11
2514,16,1126,28,1752,29,1940,11
2514,16,1126,28,1752,29,1956,11
2514,16,1126,28,1752,29,1997,11
2514,16,1126,28,1752,29,2068,11
2514,16,1126,28,1752,29,2079,11
2514,16,1126,28,1752,29,2123,11
2514,16,1126,28,1752,29,2196,11
2514,16,1126,28,1752,29,2206,11
2514,16,1126,28,1752,29,2216,11
2514,16,1126,28,1752,29,2244,11
2514,16,1126,28,1752,29,2259,11
2514,16,1126,28,1752,29,2261,11
2514,16,1126,28,1752,29,2289,11
2514,16,1126,28,1752,29,2359,11
2514,16,1126,28,1752,29,2370,11
2514,16,1126,28,1752,29,2405,11
2514,16,1126,28,1977,14,45,11
2514,16,1126,28,1977,14,159,11
2514,16,1126,28,1977,14,272,11
2514,16,1126,28,1977,14,338,11
2514,16,1126,28,1977,14,390,11
2514,16,1126,28,1977,14,457,11
2514,16,1126,28,1977,14,463,11
2514,16,1126,28,1977,14,620,11
2514,16,1126,28,1977,14,700,11
2514,16,1126,28,1977,14,742,11
2514,16,1126,28,1977,14,758,11
2514,16,1126,28,1977,14,879,11
2514,16,1126,28,1977,14,927,11
2514,16,1126,28,1977,14,979,11
2514,16,1126,28,1977,14,1003,11
2514,16,1126,28,1977,14,1044,11
2514,16,1126,28,1977,14,1068,11
2514,16,1126,28,1977,14,1153,11
2514,16,1126,28,1977,14,1186,11
2514,16,1126,28,1977,14,1194,11
2514,16,1126,28,1977,14,1259,11
2514,16,1126,28,1977,14,1260,11
2514,16,1126,28,1977,14,1312,11
2514,16,1126,28,1977,14,1388,11
2514,16,1126,28,1977,14,1391,11
2514,16,1126,28,1977,14,1422,11
2514,16,1126,28,1977,14,1556,11
2514,16,1126,28,1977,14,1568,11
2514,16,1126,28,1977,14,1599,11
2514,16,1126,28,1977,14,1747,11
2514,16,1126,28,1977,14,1773,11
2514,16,1126,28,1977,14,1799,11
2514,16,1126,28,1977,14,1818,11
2514,16,1126,28,1977,14,1873,11
2514,16,1126,28,1977,14,1940,11
2514,16,1126,28,1977,14,1956,11
2514,16,1126,28,1977,14,1997,11
2514,16,1126,28,1977,14,2068,11
2514,16,1126,28,1977,14,2079,11
2514,16,1126,28,1977,14,2123,11
2514,16,1126,28,1977,14,2196,11
2514,16,1126,28,1977,14,2206,11
2514,16,1126,28,1977,14,2216,11
2514,16,1126,28,1977,14,2244,11
2514,16,1126,28,1977,14,2259,11
2514,16,1126,28,1977,14,2261,11
2514,16,1126,28,1977,14,2289,11
2514,16,1126,28,1977,14,2359,11
2514,16,1126,28,1977,14,2370,11
2514,16,1126,28,1977,14,2405,11
