2514,16,331,25,14,37,45,11
2514,16,331,25,14,37,159,11
2514,16,331,25,14,37,272,11
2514,16,331,25,14,37,338,11
2514,16,331,25,14,37,390,11
2514,16,331,25,14,37,457,11
2514,16,331,25,14,37,463,11
2514,16,331,25,14,37,620,11
2514,16,331,25,14,37,700,11
2514,16,331,25,14,37,742,11
2514,16,331,25,14,37,758,11
2514,16,331,25,14,37,879,11
2514,16,331,25,14,37,927,11
2514,16,331,25,14,37,979,11
2514,16,331,25,14,37,1003,11
2514,16,331,25,14,37,1044,11
2514,16,331,25,14,37,1068,11
2514,16,331,25,14,37,1153,11
2514,16,331,25,14,37,1186,11
2514,16,331,25,14,37,1194,11
2514,16,331,25,14,37,1259,11
2514,16,331,25,14,37,1260,11
2514,16,331,25,14,37,1312,11
2514,16,331,25,14,37,1388,11
2514,16,331,25,14,37,1391,11
2514,16,331,25,14,37,1422,11
2514,16,331,25,14,37,1556,11
2514,16,331,25,14,37,1568,11
2514,16,331,25,14,37,1599,11
2514,16,331,25,14,37,1747,11
2514,16,331,25,14,37,1773,11
2514,16,331,25,14,37,1799,11
2514,16,331,25,14,37,1818,11
2514,16,331,25,14,37,1873,11
2514,16,331,25,14,37,1940,11
2514,16,331,25,14,37,1956,11
2514,16,331,25,14,37,1997,11
2514,16,331,25,14,37,2068,11
2514,16,331,25,14,37,2079,11
2514,16,331,25,14,37,2123,11
2514,16,331,25,14,37,2196,11
2514,16,331,25,14,37,2206,11
2514,16,331,25,14,37,2216,11
2514,16,331,25,14,37,2244,11
2514,16,331,25,14,37,2259,11
2514,16,331,25,14,37,2261,11
2514,16,331,25,14,37,2289,11
2514,16,331,25,14,37,2359,11
2514,16,331,25,14,37,2370,11
2514,16,331,25,14,37,2405,11
2514,16,331,25,125,19,45,11
2514,16,331,25,125,19,159,11
2514,16,331,25,125,19,272,11
2514,16,331,25,125,19,338,11
2514,16,331,25,125,19,390,11
2514,16,331,25,125,19,457,11
2514,16,331,25,125,19,463,11
2514,16,331,25,125,19,620,11
2514,16,331,25,125,19,700,11
2514,16,331,25,125,19,742,11
2514,16,331,25,125,19,758,11
2514,16,331,25,125,19,879,11
2514,16,331,25,125,19,927,11
2514,16,331,25,125,19,979,11
2514,16,331,25,125,19,1003,11
2514,16,331,25,125,19,1044,11
2514,16,331,25,125,19,1068,11
2514,16,331,25,125,19,1153,11
2514,16,331,25,125,19,1186,11
2514,16,331,25,125,19,1194,11
2514,16,331,25,125,19,1259,11
2514,16,331,25,125,19,1260,11
2514,16,331,25,125,19,1312,11
2514,16,331,25,125,19,1388,11
2514,16,331,25,125,19,1391,11
2514,16,331,25,125,19,1422,11
2514,16,331,25,125,19,1556,11
2514,16,331,25,125,19,1568,11
2514,16,331,25,125,19,1599,11
2514,16,331,25,125,19,1747,11
2514,16,331,25,125,19,1773,11
2514,16,331,25,125,19,1799,11
2514,16,331,25,125,19,1818,11
2514,16,331,25,125,19,1873,11
2514,16,331,25,125,19,1940,11
2514,16,331,25,125,19,1956,11
2514,16,331,25,125,19,1997,11
2514,16,331,25,125,19,2068,11
2514,16,331,25,125,19,2079,11
2514,16,331,25,125,19,2123,11
2514,16,331,25,125,19,2196,11
2514,16,331,25,125,19,2206,11
2514,16,331,25,125,19,2216,11
2514,16,331,25,125,19,2244,11
2514,16,331,25,125,19,2259,11
2514,16,331,25,125,19,2261,11
2514,16,331,25,125,19,2289,11
2514,16,331,25,125,19,2359,11
2514,16,331,25,125,19,2370,11
2514,16,331,25,125,19,2405,11
2514,16,331,25,157,9,159,11
2514,16,331,25,157,9,457,11
2514,16,331,25,157,9,463,11
2514,16,331,25,157,9,700,11
2514,16,331,25,157,9,879,11
2514,16,331,25,157,9,927,11
2514,16,331,25,157,9,1003,11
2514,16,331,25,157,9,1153,11
2514,16,331,25,157,9,1194,11
2514,16,331,25,157,9,1388,11
2514,16,331,25,157,9,1556,11
2514,16,331,25,157,9,1568,11
2514,16,331,25,157,9,1599,11
2514,16,331,25,157,9,1818,11
2514,16,331,25,157,9,1873,11
2514,16,331,25,157,9,1940,11
2514,16,331,25,157,9,2123,11
2514,16,331,25,157,9,2196,11
2514,16,331,25,157,9,2216,11
2514,16,331,25,157,9,2370,11
2514,16,331,25,267,27,45,11
2514,16,331,25,267,27,159,11
2514,16,331,25,267,27,272,11
2514,16,331,25,267,27,338,11
2514,16,331,25,267,27,390,11
2514,16,331,25,267,27,457,11
2514,16,331,25,267,27,463,11
2514,16,331,25,267,27,620,11
2514,16,331,25,267,27,700,11
2514,16,331,25,267,27,742,11
2514,16,331,25,267,27,758,11
2514,16,331,25,267,27,879,11
2514,16,331,25,267,27,927,11
2514,16,331,25,267,27,979,11
2514,16,331,25,267,27,1003,11
2514,16,331,25,267,27,1044,11
2514,16,331,25,267,27,1068,11
2514,16,331,25,267,27,1153,11
2514,16,331,25,267,27,1186,11
2514,16,331,25,267,27,1194,11
2514,16,331,25,267,27,1259,11
2514,16,331,25,267,27,1260,11
2514,16,331,25,267,27,1312,11
2514,16,331,25,267,27,1388,11
2514,16,331,25,267,27,1391,11
2514,16,331,25,267,27,1422,11
2514,16,331,25,267,27,1556,11
2514,16,331,25,267,27,1568,11
2514,16,331,25,267,27,1599,11
2514,16,331,25,267,27,1747,11
2514,16,331,25,267,27,1773,11
2514,16,331,25,267,27,1799,11
2514,16,331,25,267,27,1818,11
2514,16,331,25,267,27,1873,11
2514,16,331,25,267,27,1940,11
2514,16,331,25,267,27,1956,11
2514,16,331,25,267,27,1997,11
2514,16,331,25,267,27,2068,11
2514,16,331,25,267,27,2079,11
2514,16,331,25,267,27,2123,11
2514,16,331,25,267,27,2196,11
2514,16,331,25,267,27,2206,11
2514,16,331,25,267,27,2216,11
2514,16,331,25,267,27,2244,11
2514,16,331,25,267,27,2259,11
2514,16,331,25,267,27,2261,11
2514,16,331,25,267,27,2289,11
2514,16,331,25,267,27,2359,11
2514,16,331,25,267,27,2370,11
2514,16,331,25,267,27,2405,11
2514,16,331,25,348,41,45,11
2514,16,331,25,348,41,159,11
2514,16,331,25,348,41,272,11
2514,16,331,25,348,41,338,11
2514,16,331,25,348,41,390,11
2514,16,331,25,348,41,457,11
2514,16,331,25,348,41,463,11
2514,16,331,25,348,41,620,11
2514,16,331,25,348,41,700,11
2514,16,331,25,348,41,742,11
2514,16,331,25,348,41,758,11
2514,16,331,25,348,41,879,11
2514,16,331,25,348,41,927,11
2514,16,331,25,348,41,979,11
2514,16,331,25,348,41,1003,11
2514,16,331,25,348,41,1044,11
2514,16,331,25,348,41,1068,11
2514,16,331,25,348,41,1153,11
2514,16,331,25,348,41,1186,11
2514,16,331,25,348,41,1194,11
2514,16,331,25,348,41,1259,11
2514,16,331,25,348,41,1260,11
2514,16,331,25,348,41,1312,11
2514,16,331,25,348,41,1388,11
2514,16,331,25,348,41,1391,11
2514,16,331,25,348,41,1422,11
2514,16,331,25,348,41,1556,11
2514,16,331,25,348,41,1568,11
2514,16,331,25,348,41,1599,11
2514,16,331,25,348,41,1747,11
2514,16,331,25,348,41,1773,11
2514,16,331,25,348,41,1799,11
2514,16,331,25,348,41,1818,11
2514,16,331,25,348,41,1873,11
2514,16,331,25,348,41,1940,11
2514,16,331,25,348,41,1956,11
2514,16,331,25,348,41,1997,11
2514,16,331,25,348,41,2068,11
2514,16,331,25,348,41,2079,11
2514,16,331,25,348,41,2123,11
2514,16,331,25,348,41,2196,11
2514,16,331,25,348,41,2206,11
2514,16,331,25,348,41,2216,11
2514,16,331,25,348,41,2244,11
2514,16,331,25,348,41,2259,11
2514,16,331,25,348,41,2261,11
2514,16,331,25,348,41,2289,11
2514,16,331,25,348,41,2359,11
2514,16,331,25,348,41,2370,11
2514,16,331,25,348,41,2405,11
2514,16,331,25,522,11,45,11
2514,16,331,25,522,11,159,11
2514,16,331,25,522,11,272,11
2514,16,331,25,522,11,338,11
2514,16,331,25,522,11,390,11
2514,16,331,25,522,11,457,11
2514,16,331,25,522,11,463,11
2514,16,331,25,522,11,620,11
2514,16,331,25,522,11,700,11
2514,16,331,25,522,11,742,11
2514,16,331,25,522,11,758,11
2514,16,331,25,522,11,879,11
2514,16,331,25,522,11,927,11
2514,16,331,25,522,11,979,11
2514,16,331,25,522,11,1003,11
2514,16,331,25,522,11,1044,11
2514,16,331,25,522,11,1068,11
2514,16,331,25,522,11,1153,11
2514,16,331,25,522,11,1186,11
2514,16,331,25,522,11,1194,11
2514,16,331,25,522,11,1259,11
2514,16,331,25,522,11,1260,11
2514,16,331,25,522,11,1312,11
2514,16,331,25,522,11,1388,11
2514,16,331,25,522,11,1391,11
2514,16,331,25,522,11,1422,11
2514,16,331,25,522,11,1556,11
2514,16,331,25,522,11,1568,11
2514,16,331,25,522,11,1599,11
2514,16,331,25,522,11,1747,11
2514,16,331,25,522,11,1773,11
2514,16,331,25,522,11,1799,11
2514,16,331,25,522,11,1818,11
2514,16,331,25,522,11,1873,11
2514,16,331,25,522,11,1940,11
2514,16,331,25,522,11,1956,11
2514,16,331,25,522,11,1997,11
2514,16,331,25,522,11,2068,11
2514,16,331,25,522,11,2079,11
2514,16,331,25,522,11,2123,11
2514,16,331,25,522,11,2196,11
2514,16,331,25,522,11,2206,11
2514,16,331,25,522,11,2216,11
2514,16,331,25,522,11,2244,11
2514,16,331,25,522,11,2259,11
2514,16,331,25,522,11,2261,11
2514,16,331,25,522,11,2289,11
2514,16,331,25,522,11,2359,11
2514,16,331,25,522,11,2370,11
2514,16,331,25,522,11,2405,11
2514,16,331,25,605,38,45,11
2514,16,331,25,605,38,159,11
2514,16,331,25,605,38,272,11
2514,16,331,25,605,38,338,11
2514,16,331,25,605,38,390,11
2514,16,331,25,605,38,457,11
2514,16,331,25,605,38,463,11
2514,16,331,25,605,38,620,11
2514,16,331,25,605,38,700,11
2514,16,331,25,605,38,742,11
2514,16,331,25,605,38,758,11
2514,16,331,25,605,38,879,11
2514,16,331,25,605,38,927,11
2514,16,331,25,605,38,979,11
2514,16,331,25,605,38,1003,11
2514,16,331,25,605,38,1044,11
2514,16,331,25,605,38,1068,11
2514,16,331,25,605,38,1153,11
2514,16,331,25,605,38,1186,11
2514,16,331,25,605,38,1194,11
2514,16,331,25,605,38,1259,11
2514,16,331,25,605,38,1260,11
2514,16,331,25,605,38,1312,11
2514,16,331,25,605,38,1388,11
2514,16,331,25,605,38,1391,11
2514,16,331,25,605,38,1422,11
2514,16,331,25,605,38,1556,11
2514,16,331,25,605,38,1568,11
2514,16,331,25,605,38,1599,11
2514,16,331,25,605,38,1747,11
2514,16,331,25,605,38,1773,11
2514,16,331,25,605,38,1799,11
2514,16,331,25,605,38,1818,11
2514,16,331,25,605,38,1873,11
2514,16,331,25,605,38,1940,11
2514,16,331,25,605,38,1956,11
2514,16,331,25,605,38,1997,11
2514,16,331,25,605,38,2068,11
2514,16,331,25,605,38,2079,11
2514,16,331,25,605,38,2123,11
2514,16,331,25,605,38,2196,11
2514,16,331,25,605,38,2206,11
2514,16,331,25,605,38,2216,11
2514,16,331,25,605,38,2244,11
2514,16,331,25,605,38,2259,11
2514,16,331,25,605,38,2261,11
2514,16,331,25,605,38,2289,11
2514,16,331,25,605,38,2359,11
2514,16,331,25,605,38,2370,11
2514,16,331,25,605,38,2405,11
2514,16,331,25,860,32,45,11
2514,16,331,25,860,32,159,11
2514,16,331,25,860,32,272,11
2514,16,331,25,860,32,338,11
2514,16,331,25,860,32,390,11
2514,16,331,25,860,32,457,11
2514,16,331,25,860,32,463,11
2514,16,331,25,860,32,620,11
2514,16,331,25,860,32,700,11
2514,16,331,25,860,32,742,11
2514,16,331,25,860,32,758,11
2514,16,331,25,860,32,879,11
2514,16,331,25,860,32,927,11
2514,16,331,25,860,32,979,11
2514,16,331,25,860,32,1003,11
2514,16,331,25,860,32,1044,11
2514,16,331,25,860,32,1068,11
2514,16,331,25,860,32,1153,11
2514,16,331,25,860,32,1186,11
2514,16,331,25,860,32,1194,11
2514,16,331,25,860,32,1259,11
2514,16,331,25,860,32,1260,11
2514,16,331,25,860,32,1312,11
2514,16,331,25,860,32,1388,11
2514,16,331,25,860,32,1391,11
2514,16,331,25,860,32,1422,11
2514,16,331,25,860,32,1556,11
2514,16,331,25,860,32,1568,11
2514,16,331,25,860,32,1599,11
2514,16,331,25,860,32,1747,11
2514,16,331,25,860,32,1773,11
2514,16,331,25,860,32,1799,11
2514,16,331,25,860,32,1818,11
2514,16,331,25,860,32,1873,11
2514,16,331,25,860,32,1940,11
2514,16,331,25,860,32,1956,11
2514,16,331,25,860,32,1997,11
2514,16,331,25,860,32,2068,11
2514,16,331,25,860,32,2079,11
2514,16,331,25,860,32,2123,11
2514,16,331,25,860,32,2196,11
2514,16,331,25,860,32,2206,11
2514,16,331,25,860,32,2216,11
2514,16,331,25,860,32,2244,11
2514,16,331,25,860,32,2259,11
2514,16,331,25,860,32,2261,11
2514,16,331,25,860,32,2289,11
2514,16,331,25,860,32,2359,11
2514,16,331,25,860,32,2370,11
2514,16,331,25,860,32,2405,11
2514,16,331,25,958,29,45,11
2514,16,331,25,958,29,159,11
2514,16,331,25,958,29,272,11
2514,16,331,25,958,29,338,11
2514,16,331,25,958,29,390,11
2514,16,331,25,958,29,457,11
2514,16,331,25,958,29,463,11
2514,16,331,25,958,29,620,11
2514,16,331,25,958,29,700,11
2514,16,331,25,958,29,742,11
2514,16,331,25,958,29,758,11
2514,16,331,25,958,29,879,11
2514,16,331,25,958,29,927,11
2514,16,331,25,958,29,979,11
2514,16,331,25,958,29,1003,11
2514,16,331,25,958,29,1044,11
2514,16,331,25,958,29,1068,11
2514,16,331,25,958,29,1153,11
2514,16,331,25,958,29,1186,11
2514,16,331,25,958,29,1194,11
2514,16,331,25,958,29,1259,11
2514,16,331,25,958,29,1260,11
2514,16,331,25,958,29,1312,11
2514,16,331,25,958,29,1388,11
2514,16,331,25,958,29,1391,11
2514,16,331,25,958,29,1422,11
2514,16,331,25,958,29,1556,11
2514,16,331,25,958,29,1568,11
2514,16,331,25,958,29,1599,11
2514,16,331,25,958,29,1747,11
2514,16,331,25,958,29,1773,11
2514,16,331,25,958,29,1799,11
2514,16,331,25,958,29,1818,11
2514,16,331,25,958,29,1873,11
2514,16,331,25,958,29,1940,11
2514,16,331,25,958,29,1956,11
2514,16,331,25,958,29,1997,11
2514,16,331,25,958,29,2068,11
2514,16,331,25,958,29,2079,11
2514,16,331,25,958,29,2123,11
2514,16,331,25,958,29,2196,11
2514,16,331,25,958,29,2206,11
2514,16,331,25,958,29,2216,11
2514,16,331,25,958,29,2244,11
2514,16,331,25,958,29,2259,11
2514,16,331,25,958,29,2261,11
2514,16,331,25,958,29,2289,11
2514,16,331,25,958,29,2359,11
2514,16,331,25,958,29,2370,11
2514,16,331,25,958,29,2405,11
2514,16,331,25,982,46,45,11
2514,16,331,25,982,46,159,11
2514,16,331,25,982,46,272,11
2514,16,331,25,982,46,338,11
2514,16,331,25,982,46,390,11
2514,16,331,25,982,46,457,11
2514,16,331,25,982,46,463,11
2514,16,331,25,982,46,620,11
2514,16,331,25,982,46,700,11
2514,16,331,25,982,46,742,11
2514,16,331,25,982,46,758,11
2514,16,331,25,982,46,879,11
2514,16,331,25,982,46,927,11
2514,16,331,25,982,46,979,11
2514,16,331,25,982,46,1003,11
2514,16,331,25,982,46,1044,11
2514,16,331,25,982,46,1068,11
2514,16,331,25,982,46,1153,11
2514,16,331,25,982,46,1186,11
2514,16,331,25,982,46,1194,11
2514,16,331,25,982,46,1259,11
2514,16,331,25,982,46,1260,11
2514,16,331,25,982,46,1312,11
2514,16,331,25,982,46,1388,11
2514,16,331,25,982,46,1391,11
2514,16,331,25,982,46,1422,11
2514,16,331,25,982,46,1556,11
2514,16,331,25,982,46,1568,11
2514,16,331,25,982,46,1599,11
2514,16,331,25,982,46,1747,11
2514,16,331,25,982,46,1773,11
2514,16,331,25,982,46,1799,11
2514,16,331,25,982,46,1818,11
2514,16,331,25,982,46,1873,11
2514,16,331,25,982,46,1940,11
2514,16,331,25,982,46,1956,11
2514,16,331,25,982,46,1997,11
2514,16,331,25,982,46,2068,11
2514,16,331,25,982,46,2079,11
2514,16,331,25,982,46,2123,11
2514,16,331,25,982,46,2196,11
2514,16,331,25,982,46,2206,11
2514,16,331,25,982,46,2216,11
2514,16,331,25,982,46,2244,11
2514,16,331,25,982,46,2259,11
2514,16,331,25,982,46,2261,11
2514,16,331,25,982,46,2289,11
2514,16,331,25,982,46,2359,11
2514,16,331,25,982,46,2370,11
2514,16,331,25,982,46,2405,11
2514,16,331,25,1002,50,45,11
2514,16,331,25,1002,50,159,11
2514,16,331,25,1002,50,272,11
2514,16,331,25,1002,50,338,11
2514,16,331,25,1002,50,390,11
2514,16,331,25,1002,50,457,11
2514,16,331,25,1002,50,463,11
2514,16,331,25,1002,50,620,11
2514,16,331,25,1002,50,700,11
2514,16,331,25,1002,50,742,11
2514,16,331,25,1002,50,758,11
2514,16,331,25,1002,50,879,11
2514,16,331,25,1002,50,927,11
2514,16,331,25,1002,50,979,11
2514,16,331,25,1002,50,1003,11
2514,16,331,25,1002,50,1044,11
2514,16,331,25,1002,50,1068,11
2514,16,331,25,1002,50,1153,11
2514,16,331,25,1002,50,1186,11
2514,16,331,25,1002,50,1194,11
2514,16,331,25,1002,50,1259,11
2514,16,331,25,1002,50,1260,11
2514,16,331,25,1002,50,1312,11
2514,16,331,25,1002,50,1388,11
2514,16,331,25,1002,50,1391,11
2514,16,331,25,1002,50,1422,11
2514,16,331,25,1002,50,1556,11
2514,16,331,25,1002,50,1568,11
2514,16,331,25,1002,50,1599,11
2514,16,331,25,1002,50,1747,11
2514,16,331,25,1002,50,1773,11
2514,16,331,25,1002,50,1799,11
2514,16,331,25,1002,50,1818,11
2514,16,331,25,1002,50,1873,11
2514,16,331,25,1002,50,1940,11
2514,16,331,25,1002,50,1956,11
2514,16,331,25,1002,50,1997,11
2514,16,331,25,1002,50,2068,11
2514,16,331,25,1002,50,2079,11
2514,16,331,25,1002,50,2123,11
2514,16,331,25,1002,50,2196,11
2514,16,331,25,1002,50,2206,11
2514,16,331,25,1002,50,2216,11
2514,16,331,25,1002,50,2244,11
2514,16,331,25,1002,50,2259,11
2514,16,331,25,1002,50,2261,11
2514,16,331,25,1002,50,2289,11
2514,16,331,25,1002,50,2359,11
2514,16,331,25,1002,50,2370,11
2514,16,331,25,1002,50,2405,11
2514,16,331,25,1180,33,45,11
2514,16,331,25,1180,33,159,11
2514,16,331,25,1180,33,272,11
2514,16,331,25,1180,33,338,11
2514,16,331,25,1180,33,390,11
2514,16,331,25,1180,33,457,11
2514,16,331,25,1180,33,463,11
2514,16,331,25,1180,33,620,11
2514,16,331,25,1180,33,700,11
2514,16,331,25,1180,33,742,11
2514,16,331,25,1180,33,758,11
2514,16,331,25,1180,33,879,11
2514,16,331,25,1180,33,927,11
2514,16,331,25,1180,33,979,11
2514,16,331,25,1180,33,1003,11
2514,16,331,25,1180,33,1044,11
2514,16,331,25,1180,33,1068,11
2514,16,331,25,1180,33,1153,11
2514,16,331,25,1180,33,1186,11
2514,16,331,25,1180,33,1194,11
2514,16,331,25,1180,33,1259,11
2514,16,331,25,1180,33,1260,11
2514,16,331,25,1180,33,1312,11
2514,16,331,25,1180,33,1388,11
2514,16,331,25,1180,33,1391,11
2514,16,331,25,1180,33,1422,11
2514,16,331,25,1180,33,1556,11
2514,16,331,25,1180,33,1568,11
2514,16,331,25,1180,33,1599,11
2514,16,331,25,1180,33,1747,11
2514,16,331,25,1180,33,1773,11
2514,16,331,25,1180,33,1799,11
2514,16,331,25,1180,33,1818,11
2514,16,331,25,1180,33,1873,11
2514,16,331,25,1180,33,1940,11
2514,16,331,25,1180,33,1956,11
2514,16,331,25,1180,33,1997,11
2514,16,331,25,1180,33,2068,11
2514,16,331,25,1180,33,2079,11
2514,16,331,25,1180,33,2123,11
2514,16,331,25,1180,33,2196,11
2514,16,331,25,1180,33,2206,11
2514,16,331,25,1180,33,2216,11
2514,16,331,25,1180,33,2244,11
2514,16,331,25,1180,33,2259,11
2514,16,331,25,1180,33,2261,11
2514,16,331,25,1180,33,2289,11
2514,16,331,25,1180,33,2359,11
2514,16,331,25,1180,33,2370,11
2514,16,331,25,1180,33,2405,11
2514,16,331,25,1224,31,45,11
2514,16,331,25,1224,31,338,11
2514,16,331,25,1224,31,390,11
2514,16,331,25,1224,31,620,11
2514,16,331,25,1224,31,742,11
2514,16,331,25,1224,31,758,11
2514,16,331,25,1224,31,979,11
2514,16,331,25,1224,31,1044,11
2514,16,331,25,1224,31,1186,11
2514,16,331,25,1224,31,1259,11
2514,16,331,25,1224,31,1312,11
2514,16,331,25,1224,31,1773,11
2514,16,331,25,1224,31,1799,11
2514,16,331,25,1224,31,1956,11
2514,16,331,25,1224,31,1997,11
2514,16,331,25,1224,31,2206,11
2514,16,331,25,1224,31,2244,11
2514,16,331,25,1224,31,2261,11
2514,16,331,25,1224,31,2289,11
2514,16,331,25,1224,31,2359,11
2514,16,331,25,1656,23,45,11
2514,16,331,25,1656,23,159,11
2514,16,331,25,1656,23,272,11
2514,16,331,25,1656,23,338,11
2514,16,331,25,1656,23,390,11
2514,16,331,25,1656,23,457,11
2514,16,331,25,1656,23,463,11
2514,16,331,25,1656,23,620,11
2514,16,331,25,1656,23,700,11
2514,16,331,25,1656,23,742,11
2514,16,331,25,1656,23,758,11
2514,16,331,25,1656,23,879,11
2514,16,331,25,1656,23,927,11
2514,16,331,25,1656,23,979,11
2514,16,331,25,1656,23,1003,11
2514,16,331,25,1656,23,1044,11
2514,16,331,25,1656,23,1068,11
2514,16,331,25,1656,23,1153,11
2514,16,331,25,1656,23,1186,11
2514,16,331,25,1656,23,1194,11
2514,16,331,25,1656,23,1259,11
2514,16,331,25,1656,23,1260,11
2514,16,331,25,1656,23,1312,11
2514,16,331,25,1656,23,1388,11
2514,16,331,25,1656,23,1391,11
2514,16,331,25,1656,23,1422,11
2514,16,331,25,1656,23,1556,11
2514,16,331,25,1656,23,1568,11
2514,16,331,25,1656,23,1599,11
2514,16,331,25,1656,23,1747,11
2514,16,331,25,1656,23,1773,11
2514,16,331,25,1656,23,1799,11
2514,16,331,25,1656,23,1818,11
2514,16,331,25,1656,23,1873,11
2514,16,331,25,1656,23,1940,11
2514,16,331,25,1656,23,1956,11
2514,16,331,25,1656,23,1997,11
2514,16,331,25,1656,23,2068,11
2514,16,331,25,1656,23,2079,11
2514,16,331,25,1656,23,2123,11
2514,16,331,25,1656,23,2196,11
2514,16,331,25,1656,23,2206,11
2514,16,331,25,1656,23,2216,11
2514,16,331,25,1656,23,2244,11
2514,16,331,25,1656,23,2259,11
2514,16,331,25,1656,23,2261,11
2514,16,331,25,1656,23,2289,11
2514,16,331,25,1656,23,2359,11
2514,16,331,25,1656,23,2370,11
2514,16,331,25,1656,23,2405,11
