2514,16,1405,24,1,46,45,11
2514,16,1405,24,1,46,159,11
2514,16,1405,24,1,46,272,11
2514,16,1405,24,1,46,338,11
2514,16,1405,24,1,46,390,11
2514,16,1405,24,1,46,457,11
2514,16,1405,24,1,46,463,11
2514,16,1405,24,1,46,620,11
2514,16,1405,24,1,46,700,11
2514,16,1405,24,1,46,742,11
2514,16,1405,24,1,46,758,11
2514,16,1405,24,1,46,879,11
2514,16,1405,24,1,46,927,11
2514,16,1405,24,1,46,979,11
2514,16,1405,24,1,46,1003,11
2514,16,1405,24,1,46,1044,11
2514,16,1405,24,1,46,1068,11
2514,16,1405,24,1,46,1153,11
2514,16,1405,24,1,46,1186,11
2514,16,1405,24,1,46,1194,11
2514,16,1405,24,1,46,1259,11
2514,16,1405,24,1,46,1260,11
2514,16,1405,24,1,46,1312,11
2514,16,1405,24,1,46,1388,11
2514,16,1405,24,1,46,1391,11
2514,16,1405,24,1,46,1422,11
2514,16,1405,24,1,46,1556,11
2514,16,1405,24,1,46,1568,11
2514,16,1405,24,1,46,1599,11
2514,16,1405,24,1,46,1747,11
2514,16,1405,24,1,46,1773,11
2514,16,1405,24,1,46,1799,11
2514,16,1405,24,1,46,1818,11
2514,16,1405,24,1,46,1873,11
2514,16,1405,24,1,46,1940,11
2514,16,1405,24,1,46,1956,11
2514,16,1405,24,1,46,1997,11
2514,16,1405,24,1,46,2068,11
2514,16,1405,24,1,46,2079,11
2514,16,1405,24,1,46,2123,11
2514,16,1405,24,1,46,2196,11
2514,16,1405,24,1,46,2206,11
2514,16,1405,24,1,46,2216,11
2514,16,1405,24,1,46,2244,11
2514,16,1405,24,1,46,2259,11
2514,16,1405,24,1,46,2261,11
2514,16,1405,24,1,46,2289,11
2514,16,1405,24,1,46,2359,11
2514,16,1405,24,1,46,2370,11
2514,16,1405,24,1,46,2405,11
2514,16,1405,24,266,40,45,11
2514,16,1405,24,266,40,159,11
2514,16,1405,24,266,40,272,11
2514,16,1405,24,266,40,338,11
2514,16,1405,24,266,40,390,11
2514,16,1405,24,266,40,457,11
2514,16,1405,24,266,40,463,11
2514,16,1405,24,266,40,620,11
2514,16,1405,24,266,40,700,11
2514,16,1405,24,266,40,742,11
2514,16,1405,24,266,40,758,11
2514,16,1405,24,266,40,879,11
2514,16,1405,24,266,40,927,11
2514,16,1405,24,266,40,979,11
2514,16,1405,24,266,40,1003,11
2514,16,1405,24,266,40,1044,11
2514,16,1405,24,266,40,1068,11
2514,16,1405,24,266,40,1153,11
2514,16,1405,24,266,40,1186,11
2514,16,1405,24,266,40,1194,11
2514,16,1405,24,266,40,1259,11
2514,16,1405,24,266,40,1260,11
2514,16,1405,24,266,40,1312,11
2514,16,1405,24,266,40,1388,11
2514,16,1405,24,266,40,1391,11
2514,16,1405,24,266,40,1422,11
2514,16,1405,24,266,40,1556,11
2514,16,1405,24,266,40,1568,11
2514,16,1405,24,266,40,1599,11
2514,16,1405,24,266,40,1747,11
2514,16,1405,24,266,40,1773,11
2514,16,1405,24,266,40,1799,11
2514,16,1405,24,266,40,1818,11
2514,16,1405,24,266,40,1873,11
2514,16,1405,24,266,40,1940,11
2514,16,1405,24,266,40,1956,11
2514,16,1405,24,266,40,1997,11
2514,16,1405,24,266,40,2068,11
2514,16,1405,24,266,40,2079,11
2514,16,1405,24,266,40,2123,11
2514,16,1405,24,266,40,2196,11
2514,16,1405,24,266,40,2206,11
2514,16,1405,24,266,40,2216,11
2514,16,1405,24,266,40,2244,11
2514,16,1405,24,266,40,2259,11
2514,16,1405,24,266,40,2261,11
2514,16,1405,24,266,40,2289,11
2514,16,1405,24,266,40,2359,11
2514,16,1405,24,266,40,2370,11
2514,16,1405,24,266,40,2405,11
2514,16,1405,24,328,24,45,11
2514,16,1405,24,328,24,159,11
2514,16,1405,24,328,24,272,11
2514,16,1405,24,328,24,338,11
2514,16,1405,24,328,24,390,11
2514,16,1405,24,328,24,457,11
2514,16,1405,24,328,24,463,11
2514,16,1405,24,328,24,620,11
2514,16,1405,24,328,24,700,11
2514,16,1405,24,328,24,742,11
2514,16,1405,24,328,24,758,11
2514,16,1405,24,328,24,879,11
2514,16,1405,24,328,24,927,11
2514,16,1405,24,328,24,979,11
2514,16,1405,24,328,24,1003,11
2514,16,1405,24,328,24,1044,11
2514,16,1405,24,328,24,1068,11
2514,16,1405,24,328,24,1153,11
2514,16,1405,24,328,24,1186,11
2514,16,1405,24,328,24,1194,11
2514,16,1405,24,328,24,1259,11
2514,16,1405,24,328,24,1260,11
2514,16,1405,24,328,24,1312,11
2514,16,1405,24,328,24,1388,11
2514,16,1405,24,328,24,1391,11
2514,16,1405,24,328,24,1422,11
2514,16,1405,24,328,24,1556,11
2514,16,1405,24,328,24,1568,11
2514,16,1405,24,328,24,1599,11
2514,16,1405,24,328,24,1747,11
2514,16,1405,24,328,24,1773,11
2514,16,1405,24,328,24,1799,11
2514,16,1405,24,328,24,1818,11
2514,16,1405,24,328,24,1873,11
2514,16,1405,24,328,24,1940,11
2514,16,1405,24,328,24,1956,11
2514,16,1405,24,328,24,1997,11
2514,16,1405,24,328,24,2068,11
2514,16,1405,24,328,24,2079,11
2514,16,1405,24,328,24,2123,11
2514,16,1405,24,328,24,2196,11
2514,16,1405,24,328,24,2206,11
2514,16,1405,24,328,24,2216,11
2514,16,1405,24,328,24,2244,11
2514,16,1405,24,328,24,2259,11
2514,16,1405,24,328,24,2261,11
2514,16,1405,24,328,24,2289,11
2514,16,1405,24,328,24,2359,11
2514,16,1405,24,328,24,2370,11
2514,16,1405,24,328,24,2405,11
2514,16,1405,24,439,29,45,11
2514,16,1405,24,439,29,159,11
2514,16,1405,24,439,29,272,11
2514,16,1405,24,439,29,338,11
2514,16,1405,24,439,29,390,11
2514,16,1405,24,439,29,457,11
2514,16,1405,24,439,29,463,11
2514,16,1405,24,439,29,620,11
2514,16,1405,24,439,29,700,11
2514,16,1405,24,439,29,742,11
2514,16,1405,24,439,29,758,11
2514,16,1405,24,439,29,879,11
2514,16,1405,24,439,29,927,11
2514,16,1405,24,439,29,979,11
2514,16,1405,24,439,29,1003,11
2514,16,1405,24,439,29,1044,11
2514,16,1405,24,439,29,1068,11
2514,16,1405,24,439,29,1153,11
2514,16,1405,24,439,29,1186,11
2514,16,1405,24,439,29,1194,11
2514,16,1405,24,439,29,1259,11
2514,16,1405,24,439,29,1260,11
2514,16,1405,24,439,29,1312,11
2514,16,1405,24,439,29,1388,11
2514,16,1405,24,439,29,1391,11
2514,16,1405,24,439,29,1422,11
2514,16,1405,24,439,29,1556,11
2514,16,1405,24,439,29,1568,11
2514,16,1405,24,439,29,1599,11
2514,16,1405,24,439,29,1747,11
2514,16,1405,24,439,29,1773,11
2514,16,1405,24,439,29,1799,11
2514,16,1405,24,439,29,1818,11
2514,16,1405,24,439,29,1873,11
2514,16,1405,24,439,29,1940,11
2514,16,1405,24,439,29,1956,11
2514,16,1405,24,439,29,1997,11
2514,16,1405,24,439,29,2068,11
2514,16,1405,24,439,29,2079,11
2514,16,1405,24,439,29,2123,11
2514,16,1405,24,439,29,2196,11
2514,16,1405,24,439,29,2206,11
2514,16,1405,24,439,29,2216,11
2514,16,1405,24,439,29,2244,11
2514,16,1405,24,439,29,2259,11
2514,16,1405,24,439,29,2261,11
2514,16,1405,24,439,29,2289,11
2514,16,1405,24,439,29,2359,11
2514,16,1405,24,439,29,2370,11
2514,16,1405,24,439,29,2405,11
2514,16,1405,24,577,32,45,11
2514,16,1405,24,577,32,159,11
2514,16,1405,24,577,32,272,11
2514,16,1405,24,577,32,338,11
2514,16,1405,24,577,32,390,11
2514,16,1405,24,577,32,457,11
2514,16,1405,24,577,32,463,11
2514,16,1405,24,577,32,620,11
2514,16,1405,24,577,32,700,11
2514,16,1405,24,577,32,742,11
2514,16,1405,24,577,32,758,11
2514,16,1405,24,577,32,879,11
2514,16,1405,24,577,32,927,11
2514,16,1405,24,577,32,979,11
2514,16,1405,24,577,32,1003,11
2514,16,1405,24,577,32,1044,11
2514,16,1405,24,577,32,1068,11
2514,16,1405,24,577,32,1153,11
2514,16,1405,24,577,32,1186,11
2514,16,1405,24,577,32,1194,11
2514,16,1405,24,577,32,1259,11
2514,16,1405,24,577,32,1260,11
2514,16,1405,24,577,32,1312,11
2514,16,1405,24,577,32,1388,11
2514,16,1405,24,577,32,1391,11
2514,16,1405,24,577,32,1422,11
2514,16,1405,24,577,32,1556,11
2514,16,1405,24,577,32,1568,11
2514,16,1405,24,577,32,1599,11
2514,16,1405,24,577,32,1747,11
2514,16,1405,24,577,32,1773,11
2514,16,1405,24,577,32,1799,11
2514,16,1405,24,577,32,1818,11
2514,16,1405,24,577,32,1873,11
2514,16,1405,24,577,32,1940,11
2514,16,1405,24,577,32,1956,11
2514,16,1405,24,577,32,1997,11
2514,16,1405,24,577,32,2068,11
2514,16,1405,24,577,32,2079,11
2514,16,1405,24,577,32,2123,11
2514,16,1405,24,577,32,2196,11
2514,16,1405,24,577,32,2206,11
2514,16,1405,24,577,32,2216,11
2514,16,1405,24,577,32,2244,11
2514,16,1405,24,577,32,2259,11
2514,16,1405,24,577,32,2261,11
2514,16,1405,24,577,32,2289,11
2514,16,1405,24,577,32,2359,11
2514,16,1405,24,577,32,2370,11
2514,16,1405,24,577,32,2405,11
2514,16,1405,24,817,45,159,11
2514,16,1405,24,817,45,457,11
2514,16,1405,24,817,45,463,11
2514,16,1405,24,817,45,700,11
2514,16,1405,24,817,45,879,11
2514,16,1405,24,817,45,927,11
2514,16,1405,24,817,45,1003,11
2514,16,1405,24,817,45,1153,11
2514,16,1405,24,817,45,1194,11
2514,16,1405,24,817,45,1388,11
2514,16,1405,24,817,45,1556,11
2514,16,1405,24,817,45,1568,11
2514,16,1405,24,817,45,1599,11
2514,16,1405,24,817,45,1818,11
2514,16,1405,24,817,45,1873,11
2514,16,1405,24,817,45,1940,11
2514,16,1405,24,817,45,2123,11
2514,16,1405,24,817,45,2196,11
2514,16,1405,24,817,45,2216,11
2514,16,1405,24,817,45,2370,11
2514,16,1405,24,908,44,45,11
2514,16,1405,24,908,44,159,11
2514,16,1405,24,908,44,272,11
2514,16,1405,24,908,44,338,11
2514,16,1405,24,908,44,390,11
2514,16,1405,24,908,44,457,11
2514,16,1405,24,908,44,463,11
2514,16,1405,24,908,44,620,11
2514,16,1405,24,908,44,700,11
2514,16,1405,24,908,44,742,11
2514,16,1405,24,908,44,758,11
2514,16,1405,24,908,44,879,11
2514,16,1405,24,908,44,927,11
2514,16,1405,24,908,44,979,11
2514,16,1405,24,908,44,1003,11
2514,16,1405,24,908,44,1044,11
2514,16,1405,24,908,44,1068,11
2514,16,1405,24,908,44,1153,11
2514,16,1405,24,908,44,1186,11
2514,16,1405,24,908,44,1194,11
2514,16,1405,24,908,44,1259,11
2514,16,1405,24,908,44,1260,11
2514,16,1405,24,908,44,1312,11
2514,16,1405,24,908,44,1388,11
2514,16,1405,24,908,44,1391,11
2514,16,1405,24,908,44,1422,11
2514,16,1405,24,908,44,1556,11
2514,16,1405,24,908,44,1568,11
2514,16,1405,24,908,44,1599,11
2514,16,1405,24,908,44,1747,11
2514,16,1405,24,908,44,1773,11
2514,16,1405,24,908,44,1799,11
2514,16,1405,24,908,44,1818,11
2514,16,1405,24,908,44,1873,11
2514,16,1405,24,908,44,1940,11
2514,16,1405,24,908,44,1956,11
2514,16,1405,24,908,44,1997,11
2514,16,1405,24,908,44,2068,11
2514,16,1405,24,908,44,2079,11
2514,16,1405,24,908,44,2123,11
2514,16,1405,24,908,44,2196,11
2514,16,1405,24,908,44,2206,11
2514,16,1405,24,908,44,2216,11
2514,16,1405,24,908,44,2244,11
2514,16,1405,24,908,44,2259,11
2514,16,1405,24,908,44,2261,11
2514,16,1405,24,908,44,2289,11
2514,16,1405,24,908,44,2359,11
2514,16,1405,24,908,44,2370,11
2514,16,1405,24,908,44,2405,11
2514,16,1405,24,1062,35,45,11
2514,16,1405,24,1062,35,159,11
2514,16,1405,24,1062,35,272,11
2514,16,1405,24,1062,35,338,11
2514,16,1405,24,1062,35,390,11
2514,16,1405,24,1062,35,457,11
2514,16,1405,24,1062,35,463,11
2514,16,1405,24,1062,35,620,11
2514,16,1405,24,1062,35,700,11
2514,16,1405,24,1062,35,742,11
2514,16,1405,24,1062,35,758,11
2514,16,1405,24,1062,35,879,11
2514,16,1405,24,1062,35,927,11
2514,16,1405,24,1062,35,979,11
2514,16,1405,24,1062,35,1003,11
2514,16,1405,24,1062,35,1044,11
2514,16,1405,24,1062,35,1068,11
2514,16,1405,24,1062,35,1153,11
2514,16,1405,24,1062,35,1186,11
2514,16,1405,24,1062,35,1194,11
2514,16,1405,24,1062,35,1259,11
2514,16,1405,24,1062,35,1260,11
2514,16,1405,24,1062,35,1312,11
2514,16,1405,24,1062,35,1388,11
2514,16,1405,24,1062,35,1391,11
2514,16,1405,24,1062,35,1422,11
2514,16,1405,24,1062,35,1556,11
2514,16,1405,24,1062,35,1568,11
2514,16,1405,24,1062,35,1599,11
2514,16,1405,24,1062,35,1747,11
2514,16,1405,24,1062,35,1773,11
2514,16,1405,24,1062,35,1799,11
2514,16,1405,24,1062,35,1818,11
2514,16,1405,24,1062,35,1873,11
2514,16,1405,24,1062,35,1940,11
2514,16,1405,24,1062,35,1956,11
2514,16,1405,24,1062,35,1997,11
2514,16,1405,24,1062,35,2068,11
2514,16,1405,24,1062,35,2079,11
2514,16,1405,24,1062,35,2123,11
2514,16,1405,24,1062,35,2196,11
2514,16,1405,24,1062,35,2206,11
2514,16,1405,24,1062,35,2216,11
2514,16,1405,24,1062,35,2244,11
2514,16,1405,24,1062,35,2259,11
2514,16,1405,24,1062,35,2261,11
2514,16,1405,24,1062,35,2289,11
2514,16,1405,24,1062,35,2359,11
2514,16,1405,24,1062,35,2370,11
2514,16,1405,24,1062,35,2405,11
2514,16,1405,24,1253,11,45,11
2514,16,1405,24,1253,11,338,11
2514,16,1405,24,1253,11,390,11
2514,16,1405,24,1253,11,620,11
2514,16,1405,24,1253,11,742,11
2514,16,1405,24,1253,11,758,11
2514,16,1405,24,1253,11,979,11
2514,16,1405,24,1253,11,1044,11
2514,16,1405,24,1253,11,1186,11
2514,16,1405,24,1253,11,1259,11
2514,16,1405,24,1253,11,1312,11
2514,16,1405,24,1253,11,1773,11
2514,16,1405,24,1253,11,1799,11
2514,16,1405,24,1253,11,1956,11
2514,16,1405,24,1253,11,1997,11
2514,16,1405,24,1253,11,2206,11
2514,16,1405,24,1253,11,2244,11
2514,16,1405,24,1253,11,2261,11
2514,16,1405,24,1253,11,2289,11
2514,16,1405,24,1253,11,2359,11
2514,16,1405,24,1642,15,45,11
2514,16,1405,24,1642,15,159,11
2514,16,1405,24,1642,15,272,11
2514,16,1405,24,1642,15,338,11
2514,16,1405,24,1642,15,390,11
2514,16,1405,24,1642,15,457,11
2514,16,1405,24,1642,15,463,11
2514,16,1405,24,1642,15,620,11
2514,16,1405,24,1642,15,700,11
2514,16,1405,24,1642,15,742,11
2514,16,1405,24,1642,15,758,11
2514,16,1405,24,1642,15,879,11
2514,16,1405,24,1642,15,927,11
2514,16,1405,24,1642,15,979,11
2514,16,1405,24,1642,15,1003,11
2514,16,1405,24,1642,15,1044,11
2514,16,1405,24,1642,15,1068,11
2514,16,1405,24,1642,15,1153,11
2514,16,1405,24,1642,15,1186,11
2514,16,1405,24,1642,15,1194,11
2514,16,1405,24,1642,15,1259,11
2514,16,1405,24,1642,15,1260,11
2514,16,1405,24,1642,15,1312,11
2514,16,1405,24,1642,15,1388,11
2514,16,1405,24,1642,15,1391,11
2514,16,1405,24,1642,15,1422,11
2514,16,1405,24,1642,15,1556,11
2514,16,1405,24,1642,15,1568,11
2514,16,1405,24,1642,15,1599,11
2514,16,1405,24,1642,15,1747,11
2514,16,1405,24,1642,15,1773,11
2514,16,1405,24,1642,15,1799,11
2514,16,1405,24,1642,15,1818,11
2514,16,1405,24,1642,15,1873,11
2514,16,1405,24,1642,15,1940,11
2514,16,1405,24,1642,15,1956,11
2514,16,1405,24,1642,15,1997,11
2514,16,1405,24,1642,15,2068,11
2514,16,1405,24,1642,15,2079,11
2514,16,1405,24,1642,15,2123,11
2514,16,1405,24,1642,15,2196,11
2514,16,1405,24,1642,15,2206,11
2514,16,1405,24,1642,15,2216,11
2514,16,1405,24,1642,15,2244,11
2514,16,1405,24,1642,15,2259,11
2514,16,1405,24,1642,15,2261,11
2514,16,1405,24,1642,15,2289,11
2514,16,1405,24,1642,15,2359,11
2514,16,1405,24,1642,15,2370,11
2514,16,1405,24,1642,15,2405,11
2514,16,1405,24,1645,29,45,11
2514,16,1405,24,1645,29,159,11
2514,16,1405,24,1645,29,272,11
2514,16,1405,24,1645,29,338,11
2514,16,1405,24,1645,29,390,11
2514,16,1405,24,1645,29,457,11
2514,16,1405,24,1645,29,463,11
2514,16,1405,24,1645,29,620,11
2514,16,1405,24,1645,29,700,11
2514,16,1405,24,1645,29,742,11
2514,16,1405,24,1645,29,758,11
2514,16,1405,24,1645,29,879,11
2514,16,1405,24,1645,29,927,11
2514,16,1405,24,1645,29,979,11
2514,16,1405,24,1645,29,1003,11
2514,16,1405,24,1645,29,1044,11
2514,16,1405,24,1645,29,1068,11
2514,16,1405,24,1645,29,1153,11
2514,16,1405,24,1645,29,1186,11
2514,16,1405,24,1645,29,1194,11
2514,16,1405,24,1645,29,1259,11
2514,16,1405,24,1645,29,1260,11
2514,16,1405,24,1645,29,1312,11
2514,16,1405,24,1645,29,1388,11
2514,16,1405,24,1645,29,1391,11
2514,16,1405,24,1645,29,1422,11
2514,16,1405,24,1645,29,1556,11
2514,16,1405,24,1645,29,1568,11
2514,16,1405,24,1645,29,1599,11
2514,16,1405,24,1645,29,1747,11
2514,16,1405,24,1645,29,1773,11
2514,16,1405,24,1645,29,1799,11
2514,16,1405,24,1645,29,1818,11
2514,16,1405,24,1645,29,1873,11
2514,16,1405,24,1645,29,1940,11
2514,16,1405,24,1645,29,1956,11
2514,16,1405,24,1645,29,1997,11
2514,16,1405,24,1645,29,2068,11
2514,16,1405,24,1645,29,2079,11
2514,16,1405,24,1645,29,2123,11
2514,16,1405,24,1645,29,2196,11
2514,16,1405,24,1645,29,2206,11
2514,16,1405,24,1645,29,2216,11
2514,16,1405,24,1645,29,2244,11
2514,16,1405,24,1645,29,2259,11
2514,16,1405,24,1645,29,2261,11
2514,16,1405,24,1645,29,2289,11
2514,16,1405,24,1645,29,2359,11
2514,16,1405,24,1645,29,2370,11
2514,16,1405,24,1645,29,2405,11
2514,16,1405,24,1698,41,45,11
2514,16,1405,24,1698,41,159,11
2514,16,1405,24,1698,41,272,11
2514,16,1405,24,1698,41,338,11
2514,16,1405,24,1698,41,390,11
2514,16,1405,24,1698,41,457,11
2514,16,1405,24,1698,41,463,11
2514,16,1405,24,1698,41,620,11
2514,16,1405,24,1698,41,700,11
2514,16,1405,24,1698,41,742,11
2514,16,1405,24,1698,41,758,11
2514,16,1405,24,1698,41,879,11
2514,16,1405,24,1698,41,927,11
2514,16,1405,24,1698,41,979,11
2514,16,1405,24,1698,41,1003,11
2514,16,1405,24,1698,41,1044,11
2514,16,1405,24,1698,41,1068,11
2514,16,1405,24,1698,41,1153,11
2514,16,1405,24,1698,41,1186,11
2514,16,1405,24,1698,41,1194,11
2514,16,1405,24,1698,41,1259,11
2514,16,1405,24,1698,41,1260,11
2514,16,1405,24,1698,41,1312,11
2514,16,1405,24,1698,41,1388,11
2514,16,1405,24,1698,41,1391,11
2514,16,1405,24,1698,41,1422,11
2514,16,1405,24,1698,41,1556,11
2514,16,1405,24,1698,41,1568,11
2514,16,1405,24,1698,41,1599,11
2514,16,1405,24,1698,41,1747,11
2514,16,1405,24,1698,41,1773,11
2514,16,1405,24,1698,41,1799,11
2514,16,1405,24,1698,41,1818,11
2514,16,1405,24,1698,41,1873,11
2514,16,1405,24,1698,41,1940,11
2514,16,1405,24,1698,41,1956,11
2514,16,1405,24,1698,41,1997,11
2514,16,1405,24,1698,41,2068,11
2514,16,1405,24,1698,41,2079,11
2514,16,1405,24,1698,41,2123,11
2514,16,1405,24,1698,41,2196,11
2514,16,1405,24,1698,41,2206,11
2514,16,1405,24,1698,41,2216,11
2514,16,1405,24,1698,41,2244,11
2514,16,1405,24,1698,41,2259,11
2514,16,1405,24,1698,41,2261,11
2514,16,1405,24,1698,41,2289,11
2514,16,1405,24,1698,41,2359,11
2514,16,1405,24,1698,41,2370,11
2514,16,1405,24,1698,41,2405,11
2514,16,1405,24,1727,9,45,11
2514,16,1405,24,1727,9,159,11
2514,16,1405,24,1727,9,272,11
2514,16,1405,24,1727,9,338,11
2514,16,1405,24,1727,9,390,11
2514,16,1405,24,1727,9,457,11
2514,16,1405,24,1727,9,463,11
2514,16,1405,24,1727,9,620,11
2514,16,1405,24,1727,9,700,11
2514,16,1405,24,1727,9,742,11
2514,16,1405,24,1727,9,758,11
2514,16,1405,24,1727,9,879,11
2514,16,1405,24,1727,9,927,11
2514,16,1405,24,1727,9,979,11
2514,16,1405,24,1727,9,1003,11
2514,16,1405,24,1727,9,1044,11
2514,16,1405,24,1727,9,1068,11
2514,16,1405,24,1727,9,1153,11
2514,16,1405,24,1727,9,1186,11
2514,16,1405,24,1727,9,1194,11
2514,16,1405,24,1727,9,1259,11
2514,16,1405,24,1727,9,1260,11
2514,16,1405,24,1727,9,1312,11
2514,16,1405,24,1727,9,1388,11
2514,16,1405,24,1727,9,1391,11
2514,16,1405,24,1727,9,1422,11
2514,16,1405,24,1727,9,1556,11
2514,16,1405,24,1727,9,1568,11
2514,16,1405,24,1727,9,1599,11
2514,16,1405,24,1727,9,1747,11
2514,16,1405,24,1727,9,1773,11
2514,16,1405,24,1727,9,1799,11
2514,16,1405,24,1727,9,1818,11
2514,16,1405,24,1727,9,1873,11
2514,16,1405,24,1727,9,1940,11
2514,16,1405,24,1727,9,1956,11
2514,16,1405,24,1727,9,1997,11
2514,16,1405,24,1727,9,2068,11
2514,16,1405,24,1727,9,2079,11
2514,16,1405,24,1727,9,2123,11
2514,16,1405,24,1727,9,2196,11
2514,16,1405,24,1727,9,2206,11
2514,16,1405,24,1727,9,2216,11
2514,16,1405,24,1727,9,2244,11
2514,16,1405,24,1727,9,2259,11
2514,16,1405,24,1727,9,2261,11
2514,16,1405,24,1727,9,2289,11
2514,16,1405,24,1727,9,2359,11
2514,16,1405,24,1727,9,2370,11
2514,16,1405,24,1727,9,2405,11
2514,16,1405,24,1764,41,45,11
2514,16,1405,24,1764,41,159,11
2514,16,1405,24,1764,41,272,11
2514,16,1405,24,1764,41,338,11
2514,16,1405,24,1764,41,390,11
2514,16,1405,24,1764,41,457,11
2514,16,1405,24,1764,41,463,11
2514,16,1405,24,1764,41,620,11
2514,16,1405,24,1764,41,700,11
2514,16,1405,24,1764,41,742,11
2514,16,1405,24,1764,41,758,11
2514,16,1405,24,1764,41,879,11
2514,16,1405,24,1764,41,927,11
2514,16,1405,24,1764,41,979,11
2514,16,1405,24,1764,41,1003,11
2514,16,1405,24,1764,41,1044,11
2514,16,1405,24,1764,41,1068,11
2514,16,1405,24,1764,41,1153,11
2514,16,1405,24,1764,41,1186,11
2514,16,1405,24,1764,41,1194,11
2514,16,1405,24,1764,41,1259,11
2514,16,1405,24,1764,41,1260,11
2514,16,1405,24,1764,41,1312,11
2514,16,1405,24,1764,41,1388,11
2514,16,1405,24,1764,41,1391,11
2514,16,1405,24,1764,41,1422,11
2514,16,1405,24,1764,41,1556,11
2514,16,1405,24,1764,41,1568,11
2514,16,1405,24,1764,41,1599,11
2514,16,1405,24,1764,41,1747,11
2514,16,1405,24,1764,41,1773,11
2514,16,1405,24,1764,41,1799,11
2514,16,1405,24,1764,41,1818,11
2514,16,1405,24,1764,41,1873,11
2514,16,1405,24,1764,41,1940,11
2514,16,1405,24,1764,41,1956,11
2514,16,1405,24,1764,41,1997,11
2514,16,1405,24,1764,41,2068,11
2514,16,1405,24,1764,41,2079,11
2514,16,1405,24,1764,41,2123,11
2514,16,1405,24,1764,41,2196,11
2514,16,1405,24,1764,41,2206,11
2514,16,1405,24,1764,41,2216,11
2514,16,1405,24,1764,41,2244,11
2514,16,1405,24,1764,41,2259,11
2514,16,1405,24,1764,41,2261,11
2514,16,1405,24,1764,41,2289,11
2514,16,1405,24,1764,41,2359,11
2514,16,1405,24,1764,41,2370,11
2514,16,1405,24,1764,41,2405,11
