2514,16,1690,41,58,9,45,11
2514,16,1690,41,58,9,159,11
2514,16,1690,41,58,9,272,11
2514,16,1690,41,58,9,338,11
2514,16,1690,41,58,9,390,11
2514,16,1690,41,58,9,457,11
2514,16,1690,41,58,9,463,11
2514,16,1690,41,58,9,620,11
2514,16,1690,41,58,9,700,11
2514,16,1690,41,58,9,742,11
2514,16,1690,41,58,9,758,11
2514,16,1690,41,58,9,879,11
2514,16,1690,41,58,9,927,11
2514,16,1690,41,58,9,979,11
2514,16,1690,41,58,9,1003,11
2514,16,1690,41,58,9,1044,11
2514,16,1690,41,58,9,1068,11
2514,16,1690,41,58,9,1153,11
2514,16,1690,41,58,9,1186,11
2514,16,1690,41,58,9,1194,11
2514,16,1690,41,58,9,1259,11
2514,16,1690,41,58,9,1260,11
2514,16,1690,41,58,9,1312,11
2514,16,1690,41,58,9,1388,11
2514,16,1690,41,58,9,1391,11
2514,16,1690,41,58,9,1422,11
2514,16,1690,41,58,9,1556,11
2514,16,1690,41,58,9,1568,11
2514,16,1690,41,58,9,1599,11
2514,16,1690,41,58,9,1747,11
2514,16,1690,41,58,9,1773,11
2514,16,1690,41,58,9,1799,11
2514,16,1690,41,58,9,1818,11
2514,16,1690,41,58,9,1873,11
2514,16,1690,41,58,9,1940,11
2514,16,1690,41,58,9,1956,11
2514,16,1690,41,58,9,1997,11
2514,16,1690,41,58,9,2068,11
2514,16,1690,41,58,9,2079,11
2514,16,1690,41,58,9,2123,11
2514,16,1690,41,58,9,2196,11
2514,16,1690,41,58,9,2206,11
2514,16,1690,41,58,9,2216,11
2514,16,1690,41,58,9,2244,11
2514,16,1690,41,58,9,2259,11
2514,16,1690,41,58,9,2261,11
2514,16,1690,41,58,9,2289,11
2514,16,1690,41,58,9,2359,11
2514,16,1690,41,58,9,2370,11
2514,16,1690,41,58,9,2405,11
2514,16,1690,41,234,42,45,11
2514,16,1690,41,234,42,159,11
2514,16,1690,41,234,42,272,11
2514,16,1690,41,234,42,338,11
2514,16,1690,41,234,42,390,11
2514,16,1690,41,234,42,457,11
2514,16,1690,41,234,42,463,11
2514,16,1690,41,234,42,620,11
2514,16,1690,41,234,42,700,11
2514,16,1690,41,234,42,742,11
2514,16,1690,41,234,42,758,11
2514,16,1690,41,234,42,879,11
2514,16,1690,41,234,42,927,11
2514,16,1690,41,234,42,979,11
2514,16,1690,41,234,42,1003,11
2514,16,1690,41,234,42,1044,11
2514,16,1690,41,234,42,1068,11
2514,16,1690,41,234,42,1153,11
2514,16,1690,41,234,42,1186,11
2514,16,1690,41,234,42,1194,11
2514,16,1690,41,234,42,1259,11
2514,16,1690,41,234,42,1260,11
2514,16,1690,41,234,42,1312,11
2514,16,1690,41,234,42,1388,11
2514,16,1690,41,234,42,1391,11
2514,16,1690,41,234,42,1422,11
2514,16,1690,41,234,42,1556,11
2514,16,1690,41,234,42,1568,11
2514,16,1690,41,234,42,1599,11
2514,16,1690,41,234,42,1747,11
2514,16,1690,41,234,42,1773,11
2514,16,1690,41,234,42,1799,11
2514,16,1690,41,234,42,1818,11
2514,16,1690,41,234,42,1873,11
2514,16,1690,41,234,42,1940,11
2514,16,1690,41,234,42,1956,11
2514,16,1690,41,234,42,1997,11
2514,16,1690,41,234,42,2068,11
2514,16,1690,41,234,42,2079,11
2514,16,1690,41,234,42,2123,11
2514,16,1690,41,234,42,2196,11
2514,16,1690,41,234,42,2206,11
2514,16,1690,41,234,42,2216,11
2514,16,1690,41,234,42,2244,11
2514,16,1690,41,234,42,2259,11
2514,16,1690,41,234,42,2261,11
2514,16,1690,41,234,42,2289,11
2514,16,1690,41,234,42,2359,11
2514,16,1690,41,234,42,2370,11
2514,16,1690,41,234,42,2405,11
2514,16,1690,41,312,50,45,11
2514,16,1690,41,312,50,159,11
2514,16,1690,41,312,50,272,11
2514,16,1690,41,312,50,338,11
2514,16,1690,41,312,50,390,11
2514,16,1690,41,312,50,457,11
2514,16,1690,41,312,50,463,11
2514,16,1690,41,312,50,620,11
2514,16,1690,41,312,50,700,11
2514,16,1690,41,312,50,742,11
2514,16,1690,41,312,50,758,11
2514,16,1690,41,312,50,879,11
2514,16,1690,41,312,50,927,11
2514,16,1690,41,312,50,979,11
2514,16,1690,41,312,50,1003,11
2514,16,1690,41,312,50,1044,11
2514,16,1690,41,312,50,1068,11
2514,16,1690,41,312,50,1153,11
2514,16,1690,41,312,50,1186,11
2514,16,1690,41,312,50,1194,11
2514,16,1690,41,312,50,1259,11
2514,16,1690,41,312,50,1260,11
2514,16,1690,41,312,50,1312,11
2514,16,1690,41,312,50,1388,11
2514,16,1690,41,312,50,1391,11
2514,16,1690,41,312,50,1422,11
2514,16,1690,41,312,50,1556,11
2514,16,1690,41,312,50,1568,11
2514,16,1690,41,312,50,1599,11
2514,16,1690,41,312,50,1747,11
2514,16,1690,41,312,50,1773,11
2514,16,1690,41,312,50,1799,11
2514,16,1690,41,312,50,1818,11
2514,16,1690,41,312,50,1873,11
2514,16,1690,41,312,50,1940,11
2514,16,1690,41,312,50,1956,11
2514,16,1690,41,312,50,1997,11
2514,16,1690,41,312,50,2068,11
2514,16,1690,41,312,50,2079,11
2514,16,1690,41,312,50,2123,11
2514,16,1690,41,312,50,2196,11
2514,16,1690,41,312,50,2206,11
2514,16,1690,41,312,50,2216,11
2514,16,1690,41,312,50,2244,11
2514,16,1690,41,312,50,2259,11
2514,16,1690,41,312,50,2261,11
2514,16,1690,41,312,50,2289,11
2514,16,1690,41,312,50,2359,11
2514,16,1690,41,312,50,2370,11
2514,16,1690,41,312,50,2405,11
2514,16,1690,41,380,33,45,11
2514,16,1690,41,380,33,159,11
2514,16,1690,41,380,33,272,11
2514,16,1690,41,380,33,338,11
2514,16,1690,41,380,33,390,11
2514,16,1690,41,380,33,457,11
2514,16,1690,41,380,33,463,11
2514,16,1690,41,380,33,620,11
2514,16,1690,41,380,33,700,11
2514,16,1690,41,380,33,742,11
2514,16,1690,41,380,33,758,11
2514,16,1690,41,380,33,879,11
2514,16,1690,41,380,33,927,11
2514,16,1690,41,380,33,979,11
2514,16,1690,41,380,33,1003,11
2514,16,1690,41,380,33,1044,11
2514,16,1690,41,380,33,1068,11
2514,16,1690,41,380,33,1153,11
2514,16,1690,41,380,33,1186,11
2514,16,1690,41,380,33,1194,11
2514,16,1690,41,380,33,1259,11
2514,16,1690,41,380,33,1260,11
2514,16,1690,41,380,33,1312,11
2514,16,1690,41,380,33,1388,11
2514,16,1690,41,380,33,1391,11
2514,16,1690,41,380,33,1422,11
2514,16,1690,41,380,33,1556,11
2514,16,1690,41,380,33,1568,11
2514,16,1690,41,380,33,1599,11
2514,16,1690,41,380,33,1747,11
2514,16,1690,41,380,33,1773,11
2514,16,1690,41,380,33,1799,11
2514,16,1690,41,380,33,1818,11
2514,16,1690,41,380,33,1873,11
2514,16,1690,41,380,33,1940,11
2514,16,1690,41,380,33,1956,11
2514,16,1690,41,380,33,1997,11
2514,16,1690,41,380,33,2068,11
2514,16,1690,41,380,33,2079,11
2514,16,1690,41,380,33,2123,11
2514,16,1690,41,380,33,2196,11
2514,16,1690,41,380,33,2206,11
2514,16,1690,41,380,33,2216,11
2514,16,1690,41,380,33,2244,11
2514,16,1690,41,380,33,2259,11
2514,16,1690,41,380,33,2261,11
2514,16,1690,41,380,33,2289,11
2514,16,1690,41,380,33,2359,11
2514,16,1690,41,380,33,2370,11
2514,16,1690,41,380,33,2405,11
2514,16,1690,41,392,12,45,11
2514,16,1690,41,392,12,159,11
2514,16,1690,41,392,12,272,11
2514,16,1690,41,392,12,338,11
2514,16,1690,41,392,12,390,11
2514,16,1690,41,392,12,457,11
2514,16,1690,41,392,12,463,11
2514,16,1690,41,392,12,620,11
2514,16,1690,41,392,12,700,11
2514,16,1690,41,392,12,742,11
2514,16,1690,41,392,12,758,11
2514,16,1690,41,392,12,879,11
2514,16,1690,41,392,12,927,11
2514,16,1690,41,392,12,979,11
2514,16,1690,41,392,12,1003,11
2514,16,1690,41,392,12,1044,11
2514,16,1690,41,392,12,1068,11
2514,16,1690,41,392,12,1153,11
2514,16,1690,41,392,12,1186,11
2514,16,1690,41,392,12,1194,11
2514,16,1690,41,392,12,1259,11
2514,16,1690,41,392,12,1260,11
2514,16,1690,41,392,12,1312,11
2514,16,1690,41,392,12,1388,11
2514,16,1690,41,392,12,1391,11
2514,16,1690,41,392,12,1422,11
2514,16,1690,41,392,12,1556,11
2514,16,1690,41,392,12,1568,11
2514,16,1690,41,392,12,1599,11
2514,16,1690,41,392,12,1747,11
2514,16,1690,41,392,12,1773,11
2514,16,1690,41,392,12,1799,11
2514,16,1690,41,392,12,1818,11
2514,16,1690,41,392,12,1873,11
2514,16,1690,41,392,12,1940,11
2514,16,1690,41,392,12,1956,11
2514,16,1690,41,392,12,1997,11
2514,16,1690,41,392,12,2068,11
2514,16,1690,41,392,12,2079,11
2514,16,1690,41,392,12,2123,11
2514,16,1690,41,392,12,2196,11
2514,16,1690,41,392,12,2206,11
2514,16,1690,41,392,12,2216,11
2514,16,1690,41,392,12,2244,11
2514,16,1690,41,392,12,2259,11
2514,16,1690,41,392,12,2261,11
2514,16,1690,41,392,12,2289,11
2514,16,1690,41,392,12,2359,11
2514,16,1690,41,392,12,2370,11
2514,16,1690,41,392,12,2405,11
2514,16,1690,41,1078,23,45,11
2514,16,1690,41,1078,23,159,11
2514,16,1690,41,1078,23,272,11
2514,16,1690,41,1078,23,338,11
2514,16,1690,41,1078,23,390,11
2514,16,1690,41,1078,23,457,11
2514,16,1690,41,1078,23,463,11
2514,16,1690,41,1078,23,620,11
2514,16,1690,41,1078,23,700,11
2514,16,1690,41,1078,23,742,11
2514,16,1690,41,1078,23,758,11
2514,16,1690,41,1078,23,879,11
2514,16,1690,41,1078,23,927,11
2514,16,1690,41,1078,23,979,11
2514,16,1690,41,1078,23,1003,11
2514,16,1690,41,1078,23,1044,11
2514,16,1690,41,1078,23,1068,11
2514,16,1690,41,1078,23,1153,11
2514,16,1690,41,1078,23,1186,11
2514,16,1690,41,1078,23,1194,11
2514,16,1690,41,1078,23,1259,11
2514,16,1690,41,1078,23,1260,11
2514,16,1690,41,1078,23,1312,11
2514,16,1690,41,1078,23,1388,11
2514,16,1690,41,1078,23,1391,11
2514,16,1690,41,1078,23,1422,11
2514,16,1690,41,1078,23,1556,11
2514,16,1690,41,1078,23,1568,11
2514,16,1690,41,1078,23,1599,11
2514,16,1690,41,1078,23,1747,11
2514,16,1690,41,1078,23,1773,11
2514,16,1690,41,1078,23,1799,11
2514,16,1690,41,1078,23,1818,11
2514,16,1690,41,1078,23,1873,11
2514,16,1690,41,1078,23,1940,11
2514,16,1690,41,1078,23,1956,11
2514,16,1690,41,1078,23,1997,11
2514,16,1690,41,1078,23,2068,11
2514,16,1690,41,1078,23,2079,11
2514,16,1690,41,1078,23,2123,11
2514,16,1690,41,1078,23,2196,11
2514,16,1690,41,1078,23,2206,11
2514,16,1690,41,1078,23,2216,11
2514,16,1690,41,1078,23,2244,11
2514,16,1690,41,1078,23,2259,11
2514,16,1690,41,1078,23,2261,11
2514,16,1690,41,1078,23,2289,11
2514,16,1690,41,1078,23,2359,11
2514,16,1690,41,1078,23,2370,11
2514,16,1690,41,1078,23,2405,11
2514,16,1690,41,1426,23,159,11
2514,16,1690,41,1426,23,272,11
2514,16,1690,41,1426,23,457,11
2514,16,1690,41,1426,23,463,11
2514,16,1690,41,1426,23,700,11
2514,16,1690,41,1426,23,879,11
2514,16,1690,41,1426,23,927,11
2514,16,1690,41,1426,23,1003,11
2514,16,1690,41,1426,23,1068,11
2514,16,1690,41,1426,23,1153,11
2514,16,1690,41,1426,23,1194,11
2514,16,1690,41,1426,23,1260,11
2514,16,1690,41,1426,23,1388,11
2514,16,1690,41,1426,23,1391,11
2514,16,1690,41,1426,23,1422,11
2514,16,1690,41,1426,23,1556,11
2514,16,1690,41,1426,23,1568,11
2514,16,1690,41,1426,23,1599,11
2514,16,1690,41,1426,23,1747,11
2514,16,1690,41,1426,23,1818,11
2514,16,1690,41,1426,23,1873,11
2514,16,1690,41,1426,23,1940,11
2514,16,1690,41,1426,23,2068,11
2514,16,1690,41,1426,23,2079,11
2514,16,1690,41,1426,23,2123,11
2514,16,1690,41,1426,23,2196,11
2514,16,1690,41,1426,23,2216,11
2514,16,1690,41,1426,23,2259,11
2514,16,1690,41,1426,23,2370,11
2514,16,1690,41,1426,23,2405,11
2514,16,1690,41,1517,11,45,11
2514,16,1690,41,1517,11,159,11
2514,16,1690,41,1517,11,272,11
2514,16,1690,41,1517,11,338,11
2514,16,1690,41,1517,11,390,11
2514,16,1690,41,1517,11,457,11
2514,16,1690,41,1517,11,463,11
2514,16,1690,41,1517,11,620,11
2514,16,1690,41,1517,11,700,11
2514,16,1690,41,1517,11,742,11
2514,16,1690,41,1517,11,758,11
2514,16,1690,41,1517,11,879,11
2514,16,1690,41,1517,11,927,11
2514,16,1690,41,1517,11,979,11
2514,16,1690,41,1517,11,1003,11
2514,16,1690,41,1517,11,1044,11
2514,16,1690,41,1517,11,1068,11
2514,16,1690,41,1517,11,1153,11
2514,16,1690,41,1517,11,1186,11
2514,16,1690,41,1517,11,1194,11
2514,16,1690,41,1517,11,1259,11
2514,16,1690,41,1517,11,1260,11
2514,16,1690,41,1517,11,1312,11
2514,16,1690,41,1517,11,1388,11
2514,16,1690,41,1517,11,1391,11
2514,16,1690,41,1517,11,1422,11
2514,16,1690,41,1517,11,1556,11
2514,16,1690,41,1517,11,1568,11
2514,16,1690,41,1517,11,1599,11
2514,16,1690,41,1517,11,1747,11
2514,16,1690,41,1517,11,1773,11
2514,16,1690,41,1517,11,1799,11
2514,16,1690,41,1517,11,1818,11
2514,16,1690,41,1517,11,1873,11
2514,16,1690,41,1517,11,1940,11
2514,16,1690,41,1517,11,1956,11
2514,16,1690,41,1517,11,1997,11
2514,16,1690,41,1517,11,2068,11
2514,16,1690,41,1517,11,2079,11
2514,16,1690,41,1517,11,2123,11
2514,16,1690,41,1517,11,2196,11
2514,16,1690,41,1517,11,2206,11
2514,16,1690,41,1517,11,2216,11
2514,16,1690,41,1517,11,2244,11
2514,16,1690,41,1517,11,2259,11
2514,16,1690,41,1517,11,2261,11
2514,16,1690,41,1517,11,2289,11
2514,16,1690,41,1517,11,2359,11
2514,16,1690,41,1517,11,2370,11
2514,16,1690,41,1517,11,2405,11
2514,16,1690,41,1547,32,45,11
2514,16,1690,41,1547,32,159,11
2514,16,1690,41,1547,32,272,11
2514,16,1690,41,1547,32,338,11
2514,16,1690,41,1547,32,390,11
2514,16,1690,41,1547,32,457,11
2514,16,1690,41,1547,32,463,11
2514,16,1690,41,1547,32,620,11
2514,16,1690,41,1547,32,700,11
2514,16,1690,41,1547,32,742,11
2514,16,1690,41,1547,32,758,11
2514,16,1690,41,1547,32,879,11
2514,16,1690,41,1547,32,927,11
2514,16,1690,41,1547,32,979,11
2514,16,1690,41,1547,32,1003,11
2514,16,1690,41,1547,32,1044,11
2514,16,1690,41,1547,32,1068,11
2514,16,1690,41,1547,32,1153,11
2514,16,1690,41,1547,32,1186,11
2514,16,1690,41,1547,32,1194,11
2514,16,1690,41,1547,32,1259,11
2514,16,1690,41,1547,32,1260,11
2514,16,1690,41,1547,32,1312,11
2514,16,1690,41,1547,32,1388,11
2514,16,1690,41,1547,32,1391,11
2514,16,1690,41,1547,32,1422,11
2514,16,1690,41,1547,32,1556,11
2514,16,1690,41,1547,32,1568,11
2514,16,1690,41,1547,32,1599,11
2514,16,1690,41,1547,32,1747,11
2514,16,1690,41,1547,32,1773,11
2514,16,1690,41,1547,32,1799,11
2514,16,1690,41,1547,32,1818,11
2514,16,1690,41,1547,32,1873,11
2514,16,1690,41,1547,32,1940,11
2514,16,1690,41,1547,32,1956,11
2514,16,1690,41,1547,32,1997,11
2514,16,1690,41,1547,32,2068,11
2514,16,1690,41,1547,32,2079,11
2514,16,1690,41,1547,32,2123,11
2514,16,1690,41,1547,32,2196,11
2514,16,1690,41,1547,32,2206,11
2514,16,1690,41,1547,32,2216,11
2514,16,1690,41,1547,32,2244,11
2514,16,1690,41,1547,32,2259,11
2514,16,1690,41,1547,32,2261,11
2514,16,1690,41,1547,32,2289,11
2514,16,1690,41,1547,32,2359,11
2514,16,1690,41,1547,32,2370,11
2514,16,1690,41,1547,32,2405,11
2514,16,1690,41,1674,13,45,11
2514,16,1690,41,1674,13,159,11
2514,16,1690,41,1674,13,272,11
2514,16,1690,41,1674,13,338,11
2514,16,1690,41,1674,13,390,11
2514,16,1690,41,1674,13,457,11
2514,16,1690,41,1674,13,463,11
2514,16,1690,41,1674,13,620,11
2514,16,1690,41,1674,13,700,11
2514,16,1690,41,1674,13,742,11
2514,16,1690,41,1674,13,758,11
2514,16,1690,41,1674,13,879,11
2514,16,1690,41,1674,13,927,11
2514,16,1690,41,1674,13,979,11
2514,16,1690,41,1674,13,1003,11
2514,16,1690,41,1674,13,1044,11
2514,16,1690,41,1674,13,1068,11
2514,16,1690,41,1674,13,1153,11
2514,16,1690,41,1674,13,1186,11
2514,16,1690,41,1674,13,1194,11
2514,16,1690,41,1674,13,1259,11
2514,16,1690,41,1674,13,1260,11
2514,16,1690,41,1674,13,1312,11
2514,16,1690,41,1674,13,1388,11
2514,16,1690,41,1674,13,1391,11
2514,16,1690,41,1674,13,1422,11
2514,16,1690,41,1674,13,1556,11
2514,16,1690,41,1674,13,1568,11
2514,16,1690,41,1674,13,1599,11
2514,16,1690,41,1674,13,1747,11
2514,16,1690,41,1674,13,1773,11
2514,16,1690,41,1674,13,1799,11
2514,16,1690,41,1674,13,1818,11
2514,16,1690,41,1674,13,1873,11
2514,16,1690,41,1674,13,1940,11
2514,16,1690,41,1674,13,1956,11
2514,16,1690,41,1674,13,1997,11
2514,16,1690,41,1674,13,2068,11
2514,16,1690,41,1674,13,2079,11
2514,16,1690,41,1674,13,2123,11
2514,16,1690,41,1674,13,2196,11
2514,16,1690,41,1674,13,2206,11
2514,16,1690,41,1674,13,2216,11
2514,16,1690,41,1674,13,2244,11
2514,16,1690,41,1674,13,2259,11
2514,16,1690,41,1674,13,2261,11
2514,16,1690,41,1674,13,2289,11
2514,16,1690,41,1674,13,2359,11
2514,16,1690,41,1674,13,2370,11
2514,16,1690,41,1674,13,2405,11
2514,16,1690,41,1694,36,45,11
2514,16,1690,41,1694,36,159,11
2514,16,1690,41,1694,36,272,11
2514,16,1690,41,1694,36,338,11
2514,16,1690,41,1694,36,390,11
2514,16,1690,41,1694,36,457,11
2514,16,1690,41,1694,36,463,11
2514,16,1690,41,1694,36,620,11
2514,16,1690,41,1694,36,700,11
2514,16,1690,41,1694,36,742,11
2514,16,1690,41,1694,36,758,11
2514,16,1690,41,1694,36,879,11
2514,16,1690,41,1694,36,927,11
2514,16,1690,41,1694,36,979,11
2514,16,1690,41,1694,36,1003,11
2514,16,1690,41,1694,36,1044,11
2514,16,1690,41,1694,36,1068,11
2514,16,1690,41,1694,36,1153,11
2514,16,1690,41,1694,36,1186,11
2514,16,1690,41,1694,36,1194,11
2514,16,1690,41,1694,36,1259,11
2514,16,1690,41,1694,36,1260,11
2514,16,1690,41,1694,36,1312,11
2514,16,1690,41,1694,36,1388,11
2514,16,1690,41,1694,36,1391,11
2514,16,1690,41,1694,36,1422,11
2514,16,1690,41,1694,36,1556,11
2514,16,1690,41,1694,36,1568,11
2514,16,1690,41,1694,36,1599,11
2514,16,1690,41,1694,36,1747,11
2514,16,1690,41,1694,36,1773,11
2514,16,1690,41,1694,36,1799,11
2514,16,1690,41,1694,36,1818,11
2514,16,1690,41,1694,36,1873,11
2514,16,1690,41,1694,36,1940,11
2514,16,1690,41,1694,36,1956,11
2514,16,1690,41,1694,36,1997,11
2514,16,1690,41,1694,36,2068,11
2514,16,1690,41,1694,36,2079,11
2514,16,1690,41,1694,36,2123,11
2514,16,1690,41,1694,36,2196,11
2514,16,1690,41,1694,36,2206,11
2514,16,1690,41,1694,36,2216,11
2514,16,1690,41,1694,36,2244,11
2514,16,1690,41,1694,36,2259,11
2514,16,1690,41,1694,36,2261,11
2514,16,1690,41,1694,36,2289,11
2514,16,1690,41,1694,36,2359,11
2514,16,1690,41,1694,36,2370,11
2514,16,1690,41,1694,36,2405,11
2514,16,1690,41,1881,40,45,11
2514,16,1690,41,1881,40,390,11
2514,16,1690,41,1881,40,620,11
2514,16,1690,41,1881,40,979,11
2514,16,1690,41,1881,40,1799,11
2514,16,1690,41,1881,40,1956,11
2514,16,1690,41,1881,40,2206,11
2514,16,1690,41,1881,40,2244,11
2514,16,1690,41,1881,40,2261,11
2514,16,1690,41,1881,40,2359,11
2514,16,1690,41,1922,23,45,11
2514,16,1690,41,1922,23,159,11
2514,16,1690,41,1922,23,272,11
2514,16,1690,41,1922,23,338,11
2514,16,1690,41,1922,23,390,11
2514,16,1690,41,1922,23,457,11
2514,16,1690,41,1922,23,463,11
2514,16,1690,41,1922,23,620,11
2514,16,1690,41,1922,23,700,11
2514,16,1690,41,1922,23,742,11
2514,16,1690,41,1922,23,758,11
2514,16,1690,41,1922,23,879,11
2514,16,1690,41,1922,23,927,11
2514,16,1690,41,1922,23,979,11
2514,16,1690,41,1922,23,1003,11
2514,16,1690,41,1922,23,1044,11
2514,16,1690,41,1922,23,1068,11
2514,16,1690,41,1922,23,1153,11
2514,16,1690,41,1922,23,1186,11
2514,16,1690,41,1922,23,1194,11
2514,16,1690,41,1922,23,1259,11
2514,16,1690,41,1922,23,1260,11
2514,16,1690,41,1922,23,1312,11
2514,16,1690,41,1922,23,1388,11
2514,16,1690,41,1922,23,1391,11
2514,16,1690,41,1922,23,1422,11
2514,16,1690,41,1922,23,1556,11
2514,16,1690,41,1922,23,1568,11
2514,16,1690,41,1922,23,1599,11
2514,16,1690,41,1922,23,1747,11
2514,16,1690,41,1922,23,1773,11
2514,16,1690,41,1922,23,1799,11
2514,16,1690,41,1922,23,1818,11
2514,16,1690,41,1922,23,1873,11
2514,16,1690,41,1922,23,1940,11
2514,16,1690,41,1922,23,1956,11
2514,16,1690,41,1922,23,1997,11
2514,16,1690,41,1922,23,2068,11
2514,16,1690,41,1922,23,2079,11
2514,16,1690,41,1922,23,2123,11
2514,16,1690,41,1922,23,2196,11
2514,16,1690,41,1922,23,2206,11
2514,16,1690,41,1922,23,2216,11
2514,16,1690,41,1922,23,2244,11
2514,16,1690,41,1922,23,2259,11
2514,16,1690,41,1922,23,2261,11
2514,16,1690,41,1922,23,2289,11
2514,16,1690,41,1922,23,2359,11
2514,16,1690,41,1922,23,2370,11
2514,16,1690,41,1922,23,2405,11
2514,16,1690,41,1999,14,45,11
2514,16,1690,41,1999,14,159,11
2514,16,1690,41,1999,14,272,11
2514,16,1690,41,1999,14,338,11
2514,16,1690,41,1999,14,390,11
2514,16,1690,41,1999,14,457,11
2514,16,1690,41,1999,14,463,11
2514,16,1690,41,1999,14,620,11
2514,16,1690,41,1999,14,700,11
2514,16,1690,41,1999,14,742,11
2514,16,1690,41,1999,14,758,11
2514,16,1690,41,1999,14,879,11
2514,16,1690,41,1999,14,927,11
2514,16,1690,41,1999,14,979,11
2514,16,1690,41,1999,14,1003,11
2514,16,1690,41,1999,14,1044,11
2514,16,1690,41,1999,14,1068,11
2514,16,1690,41,1999,14,1153,11
2514,16,1690,41,1999,14,1186,11
2514,16,1690,41,1999,14,1194,11
2514,16,1690,41,1999,14,1259,11
2514,16,1690,41,1999,14,1260,11
2514,16,1690,41,1999,14,1312,11
2514,16,1690,41,1999,14,1388,11
2514,16,1690,41,1999,14,1391,11
2514,16,1690,41,1999,14,1422,11
2514,16,1690,41,1999,14,1556,11
2514,16,1690,41,1999,14,1568,11
2514,16,1690,41,1999,14,1599,11
2514,16,1690,41,1999,14,1747,11
2514,16,1690,41,1999,14,1773,11
2514,16,1690,41,1999,14,1799,11
2514,16,1690,41,1999,14,1818,11
2514,16,1690,41,1999,14,1873,11
2514,16,1690,41,1999,14,1940,11
2514,16,1690,41,1999,14,1956,11
2514,16,1690,41,1999,14,1997,11
2514,16,1690,41,1999,14,2068,11
2514,16,1690,41,1999,14,2079,11
2514,16,1690,41,1999,14,2123,11
2514,16,1690,41,1999,14,2196,11
2514,16,1690,41,1999,14,2206,11
2514,16,1690,41,1999,14,2216,11
2514,16,1690,41,1999,14,2244,11
2514,16,1690,41,1999,14,2259,11
2514,16,1690,41,1999,14,2261,11
2514,16,1690,41,1999,14,2289,11
2514,16,1690,41,1999,14,2359,11
2514,16,1690,41,1999,14,2370,11
2514,16,1690,41,1999,14,2405,11
