2514,16,1690,41,215,19,45,11
2514,16,1690,41,215,19,159,11
2514,16,1690,41,215,19,272,11
2514,16,1690,41,215,19,338,11
2514,16,1690,41,215,19,390,11
2514,16,1690,41,215,19,457,11
2514,16,1690,41,215,19,463,11
2514,16,1690,41,215,19,620,11
2514,16,1690,41,215,19,700,11
2514,16,1690,41,215,19,742,11
2514,16,1690,41,215,19,758,11
2514,16,1690,41,215,19,879,11
2514,16,1690,41,215,19,927,11
2514,16,1690,41,215,19,979,11
2514,16,1690,41,215,19,1003,11
2514,16,1690,41,215,19,1044,11
2514,16,1690,41,215,19,1068,11
2514,16,1690,41,215,19,1153,11
2514,16,1690,41,215,19,1186,11
2514,16,1690,41,215,19,1194,11
2514,16,1690,41,215,19,1259,11
2514,16,1690,41,215,19,1260,11
2514,16,1690,41,215,19,1312,11
2514,16,1690,41,215,19,1388,11
2514,16,1690,41,215,19,1391,11
2514,16,1690,41,215,19,1422,11
2514,16,1690,41,215,19,1556,11
2514,16,1690,41,215,19,1568,11
2514,16,1690,41,215,19,1599,11
2514,16,1690,41,215,19,1747,11
2514,16,1690,41,215,19,1773,11
2514,16,1690,41,215,19,1799,11
2514,16,1690,41,215,19,1818,11
2514,16,1690,41,215,19,1873,11
2514,16,1690,41,215,19,1940,11
2514,16,1690,41,215,19,1956,11
2514,16,1690,41,215,19,1997,11
2514,16,1690,41,215,19,2068,11
2514,16,1690,41,215,19,2079,11
2514,16,1690,41,215,19,2123,11
2514,16,1690,41,215,19,2196,11
2514,16,1690,41,215,19,2206,11
2514,16,1690,41,215,19,2216,11
2514,16,1690,41,215,19,2244,11
2514,16,1690,41,215,19,2259,11
2514,16,1690,41,215,19,2261,11
2514,16,1690,41,215,19,2289,11
2514,16,1690,41,215,19,2359,11
2514,16,1690,41,215,19,2370,11
2514,16,1690,41,215,19,2405,11
2514,16,1690,41,317,50,45,11
2514,16,1690,41,317,50,159,11
2514,16,1690,41,317,50,272,11
2514,16,1690,41,317,50,338,11
2514,16,1690,41,317,50,390,11
2514,16,1690,41,317,50,457,11
2514,16,1690,41,317,50,463,11
2514,16,1690,41,317,50,620,11
2514,16,1690,41,317,50,700,11
2514,16,1690,41,317,50,742,11
2514,16,1690,41,317,50,758,11
2514,16,1690,41,317,50,879,11
2514,16,1690,41,317,50,927,11
2514,16,1690,41,317,50,979,11
2514,16,1690,41,317,50,1003,11
2514,16,1690,41,317,50,1044,11
2514,16,1690,41,317,50,1068,11
2514,16,1690,41,317,50,1153,11
2514,16,1690,41,317,50,1186,11
2514,16,1690,41,317,50,1194,11
2514,16,1690,41,317,50,1259,11
2514,16,1690,41,317,50,1260,11
2514,16,1690,41,317,50,1312,11
2514,16,1690,41,317,50,1388,11
2514,16,1690,41,317,50,1391,11
2514,16,1690,41,317,50,1422,11
2514,16,1690,41,317,50,1556,11
2514,16,1690,41,317,50,1568,11
2514,16,1690,41,317,50,1599,11
2514,16,1690,41,317,50,1747,11
2514,16,1690,41,317,50,1773,11
2514,16,1690,41,317,50,1799,11
2514,16,1690,41,317,50,1818,11
2514,16,1690,41,317,50,1873,11
2514,16,1690,41,317,50,1940,11
2514,16,1690,41,317,50,1956,11
2514,16,1690,41,317,50,1997,11
2514,16,1690,41,317,50,2068,11
2514,16,1690,41,317,50,2079,11
2514,16,1690,41,317,50,2123,11
2514,16,1690,41,317,50,2196,11
2514,16,1690,41,317,50,2206,11
2514,16,1690,41,317,50,2216,11
2514,16,1690,41,317,50,2244,11
2514,16,1690,41,317,50,2259,11
2514,16,1690,41,317,50,2261,11
2514,16,1690,41,317,50,2289,11
2514,16,1690,41,317,50,2359,11
2514,16,1690,41,317,50,2370,11
2514,16,1690,41,317,50,2405,11
2514,16,1690,41,457,39,45,11
2514,16,1690,41,457,39,159,11
2514,16,1690,41,457,39,272,11
2514,16,1690,41,457,39,338,11
2514,16,1690,41,457,39,390,11
2514,16,1690,41,457,39,457,11
2514,16,1690,41,457,39,463,11
2514,16,1690,41,457,39,620,11
2514,16,1690,41,457,39,700,11
2514,16,1690,41,457,39,742,11
2514,16,1690,41,457,39,758,11
2514,16,1690,41,457,39,879,11
2514,16,1690,41,457,39,927,11
2514,16,1690,41,457,39,979,11
2514,16,1690,41,457,39,1003,11
2514,16,1690,41,457,39,1044,11
2514,16,1690,41,457,39,1068,11
2514,16,1690,41,457,39,1153,11
2514,16,1690,41,457,39,1186,11
2514,16,1690,41,457,39,1194,11
2514,16,1690,41,457,39,1259,11
2514,16,1690,41,457,39,1260,11
2514,16,1690,41,457,39,1312,11
2514,16,1690,41,457,39,1388,11
2514,16,1690,41,457,39,1391,11
2514,16,1690,41,457,39,1422,11
2514,16,1690,41,457,39,1556,11
2514,16,1690,41,457,39,1568,11
2514,16,1690,41,457,39,1599,11
2514,16,1690,41,457,39,1747,11
2514,16,1690,41,457,39,1773,11
2514,16,1690,41,457,39,1799,11
2514,16,1690,41,457,39,1818,11
2514,16,1690,41,457,39,1873,11
2514,16,1690,41,457,39,1940,11
2514,16,1690,41,457,39,1956,11
2514,16,1690,41,457,39,1997,11
2514,16,1690,41,457,39,2068,11
2514,16,1690,41,457,39,2079,11
2514,16,1690,41,457,39,2123,11
2514,16,1690,41,457,39,2196,11
2514,16,1690,41,457,39,2206,11
2514,16,1690,41,457,39,2216,11
2514,16,1690,41,457,39,2244,11
2514,16,1690,41,457,39,2259,11
2514,16,1690,41,457,39,2261,11
2514,16,1690,41,457,39,2289,11
2514,16,1690,41,457,39,2359,11
2514,16,1690,41,457,39,2370,11
2514,16,1690,41,457,39,2405,11
2514,16,1690,41,477,40,45,11
2514,16,1690,41,477,40,272,11
2514,16,1690,41,477,40,338,11
2514,16,1690,41,477,40,390,11
2514,16,1690,41,477,40,620,11
2514,16,1690,41,477,40,742,11
2514,16,1690,41,477,40,758,11
2514,16,1690,41,477,40,979,11
2514,16,1690,41,477,40,1044,11
2514,16,1690,41,477,40,1068,11
2514,16,1690,41,477,40,1186,11
2514,16,1690,41,477,40,1259,11
2514,16,1690,41,477,40,1260,11
2514,16,1690,41,477,40,1312,11
2514,16,1690,41,477,40,1391,11
2514,16,1690,41,477,40,1422,11
2514,16,1690,41,477,40,1747,11
2514,16,1690,41,477,40,1773,11
2514,16,1690,41,477,40,1799,11
2514,16,1690,41,477,40,1956,11
2514,16,1690,41,477,40,1997,11
2514,16,1690,41,477,40,2068,11
2514,16,1690,41,477,40,2079,11
2514,16,1690,41,477,40,2206,11
2514,16,1690,41,477,40,2244,11
2514,16,1690,41,477,40,2259,11
2514,16,1690,41,477,40,2261,11
2514,16,1690,41,477,40,2289,11
2514,16,1690,41,477,40,2359,11
2514,16,1690,41,477,40,2405,11
2514,16,1690,41,555,16,45,11
2514,16,1690,41,555,16,159,11
2514,16,1690,41,555,16,272,11
2514,16,1690,41,555,16,338,11
2514,16,1690,41,555,16,390,11
2514,16,1690,41,555,16,457,11
2514,16,1690,41,555,16,463,11
2514,16,1690,41,555,16,620,11
2514,16,1690,41,555,16,700,11
2514,16,1690,41,555,16,742,11
2514,16,1690,41,555,16,758,11
2514,16,1690,41,555,16,879,11
2514,16,1690,41,555,16,927,11
2514,16,1690,41,555,16,979,11
2514,16,1690,41,555,16,1003,11
2514,16,1690,41,555,16,1044,11
2514,16,1690,41,555,16,1068,11
2514,16,1690,41,555,16,1153,11
2514,16,1690,41,555,16,1186,11
2514,16,1690,41,555,16,1194,11
2514,16,1690,41,555,16,1259,11
2514,16,1690,41,555,16,1260,11
2514,16,1690,41,555,16,1312,11
2514,16,1690,41,555,16,1388,11
2514,16,1690,41,555,16,1391,11
2514,16,1690,41,555,16,1422,11
2514,16,1690,41,555,16,1556,11
2514,16,1690,41,555,16,1568,11
2514,16,1690,41,555,16,1599,11
2514,16,1690,41,555,16,1747,11
2514,16,1690,41,555,16,1773,11
2514,16,1690,41,555,16,1799,11
2514,16,1690,41,555,16,1818,11
2514,16,1690,41,555,16,1873,11
2514,16,1690,41,555,16,1940,11
2514,16,1690,41,555,16,1956,11
2514,16,1690,41,555,16,1997,11
2514,16,1690,41,555,16,2068,11
2514,16,1690,41,555,16,2079,11
2514,16,1690,41,555,16,2123,11
2514,16,1690,41,555,16,2196,11
2514,16,1690,41,555,16,2206,11
2514,16,1690,41,555,16,2216,11
2514,16,1690,41,555,16,2244,11
2514,16,1690,41,555,16,2259,11
2514,16,1690,41,555,16,2261,11
2514,16,1690,41,555,16,2289,11
2514,16,1690,41,555,16,2359,11
2514,16,1690,41,555,16,2370,11
2514,16,1690,41,555,16,2405,11
2514,16,1690,41,671,26,45,11
2514,16,1690,41,671,26,159,11
2514,16,1690,41,671,26,272,11
2514,16,1690,41,671,26,338,11
2514,16,1690,41,671,26,390,11
2514,16,1690,41,671,26,457,11
2514,16,1690,41,671,26,463,11
2514,16,1690,41,671,26,620,11
2514,16,1690,41,671,26,700,11
2514,16,1690,41,671,26,742,11
2514,16,1690,41,671,26,758,11
2514,16,1690,41,671,26,879,11
2514,16,1690,41,671,26,927,11
2514,16,1690,41,671,26,979,11
2514,16,1690,41,671,26,1003,11
2514,16,1690,41,671,26,1044,11
2514,16,1690,41,671,26,1068,11
2514,16,1690,41,671,26,1153,11
2514,16,1690,41,671,26,1186,11
2514,16,1690,41,671,26,1194,11
2514,16,1690,41,671,26,1259,11
2514,16,1690,41,671,26,1260,11
2514,16,1690,41,671,26,1312,11
2514,16,1690,41,671,26,1388,11
2514,16,1690,41,671,26,1391,11
2514,16,1690,41,671,26,1422,11
2514,16,1690,41,671,26,1556,11
2514,16,1690,41,671,26,1568,11
2514,16,1690,41,671,26,1599,11
2514,16,1690,41,671,26,1747,11
2514,16,1690,41,671,26,1773,11
2514,16,1690,41,671,26,1799,11
2514,16,1690,41,671,26,1818,11
2514,16,1690,41,671,26,1873,11
2514,16,1690,41,671,26,1940,11
2514,16,1690,41,671,26,1956,11
2514,16,1690,41,671,26,1997,11
2514,16,1690,41,671,26,2068,11
2514,16,1690,41,671,26,2079,11
2514,16,1690,41,671,26,2123,11
2514,16,1690,41,671,26,2196,11
2514,16,1690,41,671,26,2206,11
2514,16,1690,41,671,26,2216,11
2514,16,1690,41,671,26,2244,11
2514,16,1690,41,671,26,2259,11
2514,16,1690,41,671,26,2261,11
2514,16,1690,41,671,26,2289,11
2514,16,1690,41,671,26,2359,11
2514,16,1690,41,671,26,2370,11
2514,16,1690,41,671,26,2405,11
2514,16,1690,41,813,14,45,11
2514,16,1690,41,813,14,159,11
2514,16,1690,41,813,14,272,11
2514,16,1690,41,813,14,338,11
2514,16,1690,41,813,14,390,11
2514,16,1690,41,813,14,457,11
2514,16,1690,41,813,14,463,11
2514,16,1690,41,813,14,620,11
2514,16,1690,41,813,14,700,11
2514,16,1690,41,813,14,742,11
2514,16,1690,41,813,14,758,11
2514,16,1690,41,813,14,879,11
2514,16,1690,41,813,14,927,11
2514,16,1690,41,813,14,979,11
2514,16,1690,41,813,14,1003,11
2514,16,1690,41,813,14,1044,11
2514,16,1690,41,813,14,1068,11
2514,16,1690,41,813,14,1153,11
2514,16,1690,41,813,14,1186,11
2514,16,1690,41,813,14,1194,11
2514,16,1690,41,813,14,1259,11
2514,16,1690,41,813,14,1260,11
2514,16,1690,41,813,14,1312,11
2514,16,1690,41,813,14,1388,11
2514,16,1690,41,813,14,1391,11
2514,16,1690,41,813,14,1422,11
2514,16,1690,41,813,14,1556,11
2514,16,1690,41,813,14,1568,11
2514,16,1690,41,813,14,1599,11
2514,16,1690,41,813,14,1747,11
2514,16,1690,41,813,14,1773,11
2514,16,1690,41,813,14,1799,11
2514,16,1690,41,813,14,1818,11
2514,16,1690,41,813,14,1873,11
2514,16,1690,41,813,14,1940,11
2514,16,1690,41,813,14,1956,11
2514,16,1690,41,813,14,1997,11
2514,16,1690,41,813,14,2068,11
2514,16,1690,41,813,14,2079,11
2514,16,1690,41,813,14,2123,11
2514,16,1690,41,813,14,2196,11
2514,16,1690,41,813,14,2206,11
2514,16,1690,41,813,14,2216,11
2514,16,1690,41,813,14,2244,11
2514,16,1690,41,813,14,2259,11
2514,16,1690,41,813,14,2261,11
2514,16,1690,41,813,14,2289,11
2514,16,1690,41,813,14,2359,11
2514,16,1690,41,813,14,2370,11
2514,16,1690,41,813,14,2405,11
2514,16,1690,41,1131,43,45,11
2514,16,1690,41,1131,43,159,11
2514,16,1690,41,1131,43,272,11
2514,16,1690,41,1131,43,338,11
2514,16,1690,41,1131,43,390,11
2514,16,1690,41,1131,43,457,11
2514,16,1690,41,1131,43,463,11
2514,16,1690,41,1131,43,620,11
2514,16,1690,41,1131,43,700,11
2514,16,1690,41,1131,43,742,11
2514,16,1690,41,1131,43,758,11
2514,16,1690,41,1131,43,879,11
2514,16,1690,41,1131,43,927,11
2514,16,1690,41,1131,43,979,11
2514,16,1690,41,1131,43,1003,11
2514,16,1690,41,1131,43,1044,11
2514,16,1690,41,1131,43,1068,11
2514,16,1690,41,1131,43,1153,11
2514,16,1690,41,1131,43,1186,11
2514,16,1690,41,1131,43,1194,11
2514,16,1690,41,1131,43,1259,11
2514,16,1690,41,1131,43,1260,11
2514,16,1690,41,1131,43,1312,11
2514,16,1690,41,1131,43,1388,11
2514,16,1690,41,1131,43,1391,11
2514,16,1690,41,1131,43,1422,11
2514,16,1690,41,1131,43,1556,11
2514,16,1690,41,1131,43,1568,11
2514,16,1690,41,1131,43,1599,11
2514,16,1690,41,1131,43,1747,11
2514,16,1690,41,1131,43,1773,11
2514,16,1690,41,1131,43,1799,11
2514,16,1690,41,1131,43,1818,11
2514,16,1690,41,1131,43,1873,11
2514,16,1690,41,1131,43,1940,11
2514,16,1690,41,1131,43,1956,11
2514,16,1690,41,1131,43,1997,11
2514,16,1690,41,1131,43,2068,11
2514,16,1690,41,1131,43,2079,11
2514,16,1690,41,1131,43,2123,11
2514,16,1690,41,1131,43,2196,11
2514,16,1690,41,1131,43,2206,11
2514,16,1690,41,1131,43,2216,11
2514,16,1690,41,1131,43,2244,11
2514,16,1690,41,1131,43,2259,11
2514,16,1690,41,1131,43,2261,11
2514,16,1690,41,1131,43,2289,11
2514,16,1690,41,1131,43,2359,11
2514,16,1690,41,1131,43,2370,11
2514,16,1690,41,1131,43,2405,11
2514,16,1690,41,1297,28,45,11
2514,16,1690,41,1297,28,159,11
2514,16,1690,41,1297,28,272,11
2514,16,1690,41,1297,28,338,11
2514,16,1690,41,1297,28,390,11
2514,16,1690,41,1297,28,457,11
2514,16,1690,41,1297,28,463,11
2514,16,1690,41,1297,28,620,11
2514,16,1690,41,1297,28,700,11
2514,16,1690,41,1297,28,742,11
2514,16,1690,41,1297,28,758,11
2514,16,1690,41,1297,28,879,11
2514,16,1690,41,1297,28,927,11
2514,16,1690,41,1297,28,979,11
2514,16,1690,41,1297,28,1003,11
2514,16,1690,41,1297,28,1044,11
2514,16,1690,41,1297,28,1068,11
2514,16,1690,41,1297,28,1153,11
2514,16,1690,41,1297,28,1186,11
2514,16,1690,41,1297,28,1194,11
2514,16,1690,41,1297,28,1259,11
2514,16,1690,41,1297,28,1260,11
2514,16,1690,41,1297,28,1312,11
2514,16,1690,41,1297,28,1388,11
2514,16,1690,41,1297,28,1391,11
2514,16,1690,41,1297,28,1422,11
2514,16,1690,41,1297,28,1556,11
2514,16,1690,41,1297,28,1568,11
2514,16,1690,41,1297,28,1599,11
2514,16,1690,41,1297,28,1747,11
2514,16,1690,41,1297,28,1773,11
2514,16,1690,41,1297,28,1799,11
2514,16,1690,41,1297,28,1818,11
2514,16,1690,41,1297,28,1873,11
2514,16,1690,41,1297,28,1940,11
2514,16,1690,41,1297,28,1956,11
2514,16,1690,41,1297,28,1997,11
2514,16,1690,41,1297,28,2068,11
2514,16,1690,41,1297,28,2079,11
2514,16,1690,41,1297,28,2123,11
2514,16,1690,41,1297,28,2196,11
2514,16,1690,41,1297,28,2206,11
2514,16,1690,41,1297,28,2216,11
2514,16,1690,41,1297,28,2244,11
2514,16,1690,41,1297,28,2259,11
2514,16,1690,41,1297,28,2261,11
2514,16,1690,41,1297,28,2289,11
2514,16,1690,41,1297,28,2359,11
2514,16,1690,41,1297,28,2370,11
2514,16,1690,41,1297,28,2405,11
2514,16,1690,41,1414,15,45,11
2514,16,1690,41,1414,15,159,11
2514,16,1690,41,1414,15,272,11
2514,16,1690,41,1414,15,338,11
2514,16,1690,41,1414,15,390,11
2514,16,1690,41,1414,15,457,11
2514,16,1690,41,1414,15,463,11
2514,16,1690,41,1414,15,620,11
2514,16,1690,41,1414,15,700,11
2514,16,1690,41,1414,15,742,11
2514,16,1690,41,1414,15,758,11
2514,16,1690,41,1414,15,879,11
2514,16,1690,41,1414,15,927,11
2514,16,1690,41,1414,15,979,11
2514,16,1690,41,1414,15,1003,11
2514,16,1690,41,1414,15,1044,11
2514,16,1690,41,1414,15,1068,11
2514,16,1690,41,1414,15,1153,11
2514,16,1690,41,1414,15,1186,11
2514,16,1690,41,1414,15,1194,11
2514,16,1690,41,1414,15,1259,11
2514,16,1690,41,1414,15,1260,11
2514,16,1690,41,1414,15,1312,11
2514,16,1690,41,1414,15,1388,11
2514,16,1690,41,1414,15,1391,11
2514,16,1690,41,1414,15,1422,11
2514,16,1690,41,1414,15,1556,11
2514,16,1690,41,1414,15,1568,11
2514,16,1690,41,1414,15,1599,11
2514,16,1690,41,1414,15,1747,11
2514,16,1690,41,1414,15,1773,11
2514,16,1690,41,1414,15,1799,11
2514,16,1690,41,1414,15,1818,11
2514,16,1690,41,1414,15,1873,11
2514,16,1690,41,1414,15,1940,11
2514,16,1690,41,1414,15,1956,11
2514,16,1690,41,1414,15,1997,11
2514,16,1690,41,1414,15,2068,11
2514,16,1690,41,1414,15,2079,11
2514,16,1690,41,1414,15,2123,11
2514,16,1690,41,1414,15,2196,11
2514,16,1690,41,1414,15,2206,11
2514,16,1690,41,1414,15,2216,11
2514,16,1690,41,1414,15,2244,11
2514,16,1690,41,1414,15,2259,11
2514,16,1690,41,1414,15,2261,11
2514,16,1690,41,1414,15,2289,11
2514,16,1690,41,1414,15,2359,11
2514,16,1690,41,1414,15,2370,11
2514,16,1690,41,1414,15,2405,11
2514,16,1690,41,1454,9,45,11
2514,16,1690,41,1454,9,159,11
2514,16,1690,41,1454,9,272,11
2514,16,1690,41,1454,9,338,11
2514,16,1690,41,1454,9,390,11
2514,16,1690,41,1454,9,457,11
2514,16,1690,41,1454,9,463,11
2514,16,1690,41,1454,9,620,11
2514,16,1690,41,1454,9,700,11
2514,16,1690,41,1454,9,742,11
2514,16,1690,41,1454,9,758,11
2514,16,1690,41,1454,9,879,11
2514,16,1690,41,1454,9,927,11
2514,16,1690,41,1454,9,979,11
2514,16,1690,41,1454,9,1003,11
2514,16,1690,41,1454,9,1044,11
2514,16,1690,41,1454,9,1068,11
2514,16,1690,41,1454,9,1153,11
2514,16,1690,41,1454,9,1186,11
2514,16,1690,41,1454,9,1194,11
2514,16,1690,41,1454,9,1259,11
2514,16,1690,41,1454,9,1260,11
2514,16,1690,41,1454,9,1312,11
2514,16,1690,41,1454,9,1388,11
2514,16,1690,41,1454,9,1391,11
2514,16,1690,41,1454,9,1422,11
2514,16,1690,41,1454,9,1556,11
2514,16,1690,41,1454,9,1568,11
2514,16,1690,41,1454,9,1599,11
2514,16,1690,41,1454,9,1747,11
2514,16,1690,41,1454,9,1773,11
2514,16,1690,41,1454,9,1799,11
2514,16,1690,41,1454,9,1818,11
2514,16,1690,41,1454,9,1873,11
2514,16,1690,41,1454,9,1940,11
2514,16,1690,41,1454,9,1956,11
2514,16,1690,41,1454,9,1997,11
2514,16,1690,41,1454,9,2068,11
2514,16,1690,41,1454,9,2079,11
2514,16,1690,41,1454,9,2123,11
2514,16,1690,41,1454,9,2196,11
2514,16,1690,41,1454,9,2206,11
2514,16,1690,41,1454,9,2216,11
2514,16,1690,41,1454,9,2244,11
2514,16,1690,41,1454,9,2259,11
2514,16,1690,41,1454,9,2261,11
2514,16,1690,41,1454,9,2289,11
2514,16,1690,41,1454,9,2359,11
2514,16,1690,41,1454,9,2370,11
2514,16,1690,41,1454,9,2405,11
2514,16,1690,41,1680,49,457,11
2514,16,1690,41,1680,49,700,11
2514,16,1690,41,1680,49,927,11
2514,16,1690,41,1680,49,1003,11
2514,16,1690,41,1680,49,1153,11
2514,16,1690,41,1680,49,1194,11
2514,16,1690,41,1680,49,1568,11
2514,16,1690,41,1680,49,1599,11
2514,16,1690,41,1680,49,1818,11
2514,16,1690,41,1680,49,1940,11
2514,16,1690,41,1817,41,45,11
2514,16,1690,41,1817,41,159,11
2514,16,1690,41,1817,41,272,11
2514,16,1690,41,1817,41,338,11
2514,16,1690,41,1817,41,390,11
2514,16,1690,41,1817,41,457,11
2514,16,1690,41,1817,41,463,11
2514,16,1690,41,1817,41,620,11
2514,16,1690,41,1817,41,700,11
2514,16,1690,41,1817,41,742,11
2514,16,1690,41,1817,41,758,11
2514,16,1690,41,1817,41,879,11
2514,16,1690,41,1817,41,927,11
2514,16,1690,41,1817,41,979,11
2514,16,1690,41,1817,41,1003,11
2514,16,1690,41,1817,41,1044,11
2514,16,1690,41,1817,41,1068,11
2514,16,1690,41,1817,41,1153,11
2514,16,1690,41,1817,41,1186,11
2514,16,1690,41,1817,41,1194,11
2514,16,1690,41,1817,41,1259,11
2514,16,1690,41,1817,41,1260,11
2514,16,1690,41,1817,41,1312,11
2514,16,1690,41,1817,41,1388,11
2514,16,1690,41,1817,41,1391,11
2514,16,1690,41,1817,41,1422,11
2514,16,1690,41,1817,41,1556,11
2514,16,1690,41,1817,41,1568,11
2514,16,1690,41,1817,41,1599,11
2514,16,1690,41,1817,41,1747,11
2514,16,1690,41,1817,41,1773,11
2514,16,1690,41,1817,41,1799,11
2514,16,1690,41,1817,41,1818,11
2514,16,1690,41,1817,41,1873,11
2514,16,1690,41,1817,41,1940,11
2514,16,1690,41,1817,41,1956,11
2514,16,1690,41,1817,41,1997,11
2514,16,1690,41,1817,41,2068,11
2514,16,1690,41,1817,41,2079,11
2514,16,1690,41,1817,41,2123,11
2514,16,1690,41,1817,41,2196,11
2514,16,1690,41,1817,41,2206,11
2514,16,1690,41,1817,41,2216,11
2514,16,1690,41,1817,41,2244,11
2514,16,1690,41,1817,41,2259,11
2514,16,1690,41,1817,41,2261,11
2514,16,1690,41,1817,41,2289,11
2514,16,1690,41,1817,41,2359,11
2514,16,1690,41,1817,41,2370,11
2514,16,1690,41,1817,41,2405,11
2514,16,1690,41,1900,30,45,11
2514,16,1690,41,1900,30,159,11
2514,16,1690,41,1900,30,272,11
2514,16,1690,41,1900,30,338,11
2514,16,1690,41,1900,30,390,11
2514,16,1690,41,1900,30,457,11
2514,16,1690,41,1900,30,463,11
2514,16,1690,41,1900,30,620,11
2514,16,1690,41,1900,30,700,11
2514,16,1690,41,1900,30,742,11
2514,16,1690,41,1900,30,758,11
2514,16,1690,41,1900,30,879,11
2514,16,1690,41,1900,30,927,11
2514,16,1690,41,1900,30,979,11
2514,16,1690,41,1900,30,1003,11
2514,16,1690,41,1900,30,1044,11
2514,16,1690,41,1900,30,1068,11
2514,16,1690,41,1900,30,1153,11
2514,16,1690,41,1900,30,1186,11
2514,16,1690,41,1900,30,1194,11
2514,16,1690,41,1900,30,1259,11
2514,16,1690,41,1900,30,1260,11
2514,16,1690,41,1900,30,1312,11
2514,16,1690,41,1900,30,1388,11
2514,16,1690,41,1900,30,1391,11
2514,16,1690,41,1900,30,1422,11
2514,16,1690,41,1900,30,1556,11
2514,16,1690,41,1900,30,1568,11
2514,16,1690,41,1900,30,1599,11
2514,16,1690,41,1900,30,1747,11
2514,16,1690,41,1900,30,1773,11
2514,16,1690,41,1900,30,1799,11
2514,16,1690,41,1900,30,1818,11
2514,16,1690,41,1900,30,1873,11
2514,16,1690,41,1900,30,1940,11
2514,16,1690,41,1900,30,1956,11
2514,16,1690,41,1900,30,1997,11
2514,16,1690,41,1900,30,2068,11
2514,16,1690,41,1900,30,2079,11
2514,16,1690,41,1900,30,2123,11
2514,16,1690,41,1900,30,2196,11
2514,16,1690,41,1900,30,2206,11
2514,16,1690,41,1900,30,2216,11
2514,16,1690,41,1900,30,2244,11
2514,16,1690,41,1900,30,2259,11
2514,16,1690,41,1900,30,2261,11
2514,16,1690,41,1900,30,2289,11
2514,16,1690,41,1900,30,2359,11
2514,16,1690,41,1900,30,2370,11
2514,16,1690,41,1900,30,2405,11
