2514,16,5,27,65,34,45,11
2514,16,5,27,65,34,159,11
2514,16,5,27,65,34,272,11
2514,16,5,27,65,34,338,11
2514,16,5,27,65,34,390,11
2514,16,5,27,65,34,457,11
2514,16,5,27,65,34,463,11
2514,16,5,27,65,34,620,11
2514,16,5,27,65,34,700,11
2514,16,5,27,65,34,742,11
2514,16,5,27,65,34,758,11
2514,16,5,27,65,34,879,11
2514,16,5,27,65,34,927,11
2514,16,5,27,65,34,979,11
2514,16,5,27,65,34,1003,11
2514,16,5,27,65,34,1044,11
2514,16,5,27,65,34,1068,11
2514,16,5,27,65,34,1153,11
2514,16,5,27,65,34,1186,11
2514,16,5,27,65,34,1194,11
2514,16,5,27,65,34,1259,11
2514,16,5,27,65,34,1260,11
2514,16,5,27,65,34,1312,11
2514,16,5,27,65,34,1388,11
2514,16,5,27,65,34,1391,11
2514,16,5,27,65,34,1422,11
2514,16,5,27,65,34,1556,11
2514,16,5,27,65,34,1568,11
2514,16,5,27,65,34,1599,11
2514,16,5,27,65,34,1747,11
2514,16,5,27,65,34,1773,11
2514,16,5,27,65,34,1799,11
2514,16,5,27,65,34,1818,11
2514,16,5,27,65,34,1873,11
2514,16,5,27,65,34,1940,11
2514,16,5,27,65,34,1956,11
2514,16,5,27,65,34,1997,11
2514,16,5,27,65,34,2068,11
2514,16,5,27,65,34,2079,11
2514,16,5,27,65,34,2123,11
2514,16,5,27,65,34,2196,11
2514,16,5,27,65,34,2206,11
2514,16,5,27,65,34,2216,11
2514,16,5,27,65,34,2244,11
2514,16,5,27,65,34,2259,11
2514,16,5,27,65,34,2261,11
2514,16,5,27,65,34,2289,11
2514,16,5,27,65,34,2359,11
2514,16,5,27,65,34,2370,11
2514,16,5,27,65,34,2405,11
2514,16,5,27,174,35,45,11
2514,16,5,27,174,35,159,11
2514,16,5,27,174,35,272,11
2514,16,5,27,174,35,338,11
2514,16,5,27,174,35,390,11
2514,16,5,27,174,35,457,11
2514,16,5,27,174,35,463,11
2514,16,5,27,174,35,620,11
2514,16,5,27,174,35,700,11
2514,16,5,27,174,35,742,11
2514,16,5,27,174,35,758,11
2514,16,5,27,174,35,879,11
2514,16,5,27,174,35,927,11
2514,16,5,27,174,35,979,11
2514,16,5,27,174,35,1003,11
2514,16,5,27,174,35,1044,11
2514,16,5,27,174,35,1068,11
2514,16,5,27,174,35,1153,11
2514,16,5,27,174,35,1186,11
2514,16,5,27,174,35,1194,11
2514,16,5,27,174,35,1259,11
2514,16,5,27,174,35,1260,11
2514,16,5,27,174,35,1312,11
2514,16,5,27,174,35,1388,11
2514,16,5,27,174,35,1391,11
2514,16,5,27,174,35,1422,11
2514,16,5,27,174,35,1556,11
2514,16,5,27,174,35,1568,11
2514,16,5,27,174,35,1599,11
2514,16,5,27,174,35,1747,11
2514,16,5,27,174,35,1773,11
2514,16,5,27,174,35,1799,11
2514,16,5,27,174,35,1818,11
2514,16,5,27,174,35,1873,11
2514,16,5,27,174,35,1940,11
2514,16,5,27,174,35,1956,11
2514,16,5,27,174,35,1997,11
2514,16,5,27,174,35,2068,11
2514,16,5,27,174,35,2079,11
2514,16,5,27,174,35,2123,11
2514,16,5,27,174,35,2196,11
2514,16,5,27,174,35,2206,11
2514,16,5,27,174,35,2216,11
2514,16,5,27,174,35,2244,11
2514,16,5,27,174,35,2259,11
2514,16,5,27,174,35,2261,11
2514,16,5,27,174,35,2289,11
2514,16,5,27,174,35,2359,11
2514,16,5,27,174,35,2370,11
2514,16,5,27,174,35,2405,11
2514,16,5,27,204,39,45,11
2514,16,5,27,204,39,159,11
2514,16,5,27,204,39,272,11
2514,16,5,27,204,39,338,11
2514,16,5,27,204,39,390,11
2514,16,5,27,204,39,457,11
2514,16,5,27,204,39,463,11
2514,16,5,27,204,39,620,11
2514,16,5,27,204,39,700,11
2514,16,5,27,204,39,742,11
2514,16,5,27,204,39,758,11
2514,16,5,27,204,39,879,11
2514,16,5,27,204,39,927,11
2514,16,5,27,204,39,979,11
2514,16,5,27,204,39,1003,11
2514,16,5,27,204,39,1044,11
2514,16,5,27,204,39,1068,11
2514,16,5,27,204,39,1153,11
2514,16,5,27,204,39,1186,11
2514,16,5,27,204,39,1194,11
2514,16,5,27,204,39,1259,11
2514,16,5,27,204,39,1260,11
2514,16,5,27,204,39,1312,11
2514,16,5,27,204,39,1388,11
2514,16,5,27,204,39,1391,11
2514,16,5,27,204,39,1422,11
2514,16,5,27,204,39,1556,11
2514,16,5,27,204,39,1568,11
2514,16,5,27,204,39,1599,11
2514,16,5,27,204,39,1747,11
2514,16,5,27,204,39,1773,11
2514,16,5,27,204,39,1799,11
2514,16,5,27,204,39,1818,11
2514,16,5,27,204,39,1873,11
2514,16,5,27,204,39,1940,11
2514,16,5,27,204,39,1956,11
2514,16,5,27,204,39,1997,11
2514,16,5,27,204,39,2068,11
2514,16,5,27,204,39,2079,11
2514,16,5,27,204,39,2123,11
2514,16,5,27,204,39,2196,11
2514,16,5,27,204,39,2206,11
2514,16,5,27,204,39,2216,11
2514,16,5,27,204,39,2244,11
2514,16,5,27,204,39,2259,11
2514,16,5,27,204,39,2261,11
2514,16,5,27,204,39,2289,11
2514,16,5,27,204,39,2359,11
2514,16,5,27,204,39,2370,11
2514,16,5,27,204,39,2405,11
2514,16,5,27,231,41,45,11
2514,16,5,27,231,41,159,11
2514,16,5,27,231,41,272,11
2514,16,5,27,231,41,338,11
2514,16,5,27,231,41,390,11
2514,16,5,27,231,41,457,11
2514,16,5,27,231,41,463,11
2514,16,5,27,231,41,620,11
2514,16,5,27,231,41,700,11
2514,16,5,27,231,41,742,11
2514,16,5,27,231,41,758,11
2514,16,5,27,231,41,879,11
2514,16,5,27,231,41,927,11
2514,16,5,27,231,41,979,11
2514,16,5,27,231,41,1003,11
2514,16,5,27,231,41,1044,11
2514,16,5,27,231,41,1068,11
2514,16,5,27,231,41,1153,11
2514,16,5,27,231,41,1186,11
2514,16,5,27,231,41,1194,11
2514,16,5,27,231,41,1259,11
2514,16,5,27,231,41,1260,11
2514,16,5,27,231,41,1312,11
2514,16,5,27,231,41,1388,11
2514,16,5,27,231,41,1391,11
2514,16,5,27,231,41,1422,11
2514,16,5,27,231,41,1556,11
2514,16,5,27,231,41,1568,11
2514,16,5,27,231,41,1599,11
2514,16,5,27,231,41,1747,11
2514,16,5,27,231,41,1773,11
2514,16,5,27,231,41,1799,11
2514,16,5,27,231,41,1818,11
2514,16,5,27,231,41,1873,11
2514,16,5,27,231,41,1940,11
2514,16,5,27,231,41,1956,11
2514,16,5,27,231,41,1997,11
2514,16,5,27,231,41,2068,11
2514,16,5,27,231,41,2079,11
2514,16,5,27,231,41,2123,11
2514,16,5,27,231,41,2196,11
2514,16,5,27,231,41,2206,11
2514,16,5,27,231,41,2216,11
2514,16,5,27,231,41,2244,11
2514,16,5,27,231,41,2259,11
2514,16,5,27,231,41,2261,11
2514,16,5,27,231,41,2289,11
2514,16,5,27,231,41,2359,11
2514,16,5,27,231,41,2370,11
2514,16,5,27,231,41,2405,11
2514,16,5,27,286,26,45,11
2514,16,5,27,286,26,390,11
2514,16,5,27,286,26,620,11
2514,16,5,27,286,26,979,11
2514,16,5,27,286,26,1799,11
2514,16,5,27,286,26,1956,11
2514,16,5,27,286,26,2206,11
2514,16,5,27,286,26,2244,11
2514,16,5,27,286,26,2261,11
2514,16,5,27,286,26,2359,11
2514,16,5,27,449,19,45,11
2514,16,5,27,449,19,159,11
2514,16,5,27,449,19,272,11
2514,16,5,27,449,19,338,11
2514,16,5,27,449,19,390,11
2514,16,5,27,449,19,457,11
2514,16,5,27,449,19,463,11
2514,16,5,27,449,19,620,11
2514,16,5,27,449,19,700,11
2514,16,5,27,449,19,742,11
2514,16,5,27,449,19,758,11
2514,16,5,27,449,19,879,11
2514,16,5,27,449,19,927,11
2514,16,5,27,449,19,979,11
2514,16,5,27,449,19,1003,11
2514,16,5,27,449,19,1044,11
2514,16,5,27,449,19,1068,11
2514,16,5,27,449,19,1153,11
2514,16,5,27,449,19,1186,11
2514,16,5,27,449,19,1194,11
2514,16,5,27,449,19,1259,11
2514,16,5,27,449,19,1260,11
2514,16,5,27,449,19,1312,11
2514,16,5,27,449,19,1388,11
2514,16,5,27,449,19,1391,11
2514,16,5,27,449,19,1422,11
2514,16,5,27,449,19,1556,11
2514,16,5,27,449,19,1568,11
2514,16,5,27,449,19,1599,11
2514,16,5,27,449,19,1747,11
2514,16,5,27,449,19,1773,11
2514,16,5,27,449,19,1799,11
2514,16,5,27,449,19,1818,11
2514,16,5,27,449,19,1873,11
2514,16,5,27,449,19,1940,11
2514,16,5,27,449,19,1956,11
2514,16,5,27,449,19,1997,11
2514,16,5,27,449,19,2068,11
2514,16,5,27,449,19,2079,11
2514,16,5,27,449,19,2123,11
2514,16,5,27,449,19,2196,11
2514,16,5,27,449,19,2206,11
2514,16,5,27,449,19,2216,11
2514,16,5,27,449,19,2244,11
2514,16,5,27,449,19,2259,11
2514,16,5,27,449,19,2261,11
2514,16,5,27,449,19,2289,11
2514,16,5,27,449,19,2359,11
2514,16,5,27,449,19,2370,11
2514,16,5,27,449,19,2405,11
2514,16,5,27,472,16,45,11
2514,16,5,27,472,16,159,11
2514,16,5,27,472,16,272,11
2514,16,5,27,472,16,338,11
2514,16,5,27,472,16,390,11
2514,16,5,27,472,16,457,11
2514,16,5,27,472,16,463,11
2514,16,5,27,472,16,620,11
2514,16,5,27,472,16,700,11
2514,16,5,27,472,16,742,11
2514,16,5,27,472,16,758,11
2514,16,5,27,472,16,879,11
2514,16,5,27,472,16,927,11
2514,16,5,27,472,16,979,11
2514,16,5,27,472,16,1003,11
2514,16,5,27,472,16,1044,11
2514,16,5,27,472,16,1068,11
2514,16,5,27,472,16,1153,11
2514,16,5,27,472,16,1186,11
2514,16,5,27,472,16,1194,11
2514,16,5,27,472,16,1259,11
2514,16,5,27,472,16,1260,11
2514,16,5,27,472,16,1312,11
2514,16,5,27,472,16,1388,11
2514,16,5,27,472,16,1391,11
2514,16,5,27,472,16,1422,11
2514,16,5,27,472,16,1556,11
2514,16,5,27,472,16,1568,11
2514,16,5,27,472,16,1599,11
2514,16,5,27,472,16,1747,11
2514,16,5,27,472,16,1773,11
2514,16,5,27,472,16,1799,11
2514,16,5,27,472,16,1818,11
2514,16,5,27,472,16,1873,11
2514,16,5,27,472,16,1940,11
2514,16,5,27,472,16,1956,11
2514,16,5,27,472,16,1997,11
2514,16,5,27,472,16,2068,11
2514,16,5,27,472,16,2079,11
2514,16,5,27,472,16,2123,11
2514,16,5,27,472,16,2196,11
2514,16,5,27,472,16,2206,11
2514,16,5,27,472,16,2216,11
2514,16,5,27,472,16,2244,11
2514,16,5,27,472,16,2259,11
2514,16,5,27,472,16,2261,11
2514,16,5,27,472,16,2289,11
2514,16,5,27,472,16,2359,11
2514,16,5,27,472,16,2370,11
2514,16,5,27,472,16,2405,11
2514,16,5,27,952,38,45,11
2514,16,5,27,952,38,159,11
2514,16,5,27,952,38,272,11
2514,16,5,27,952,38,338,11
2514,16,5,27,952,38,390,11
2514,16,5,27,952,38,457,11
2514,16,5,27,952,38,463,11
2514,16,5,27,952,38,620,11
2514,16,5,27,952,38,700,11
2514,16,5,27,952,38,742,11
2514,16,5,27,952,38,758,11
2514,16,5,27,952,38,879,11
2514,16,5,27,952,38,927,11
2514,16,5,27,952,38,979,11
2514,16,5,27,952,38,1003,11
2514,16,5,27,952,38,1044,11
2514,16,5,27,952,38,1068,11
2514,16,5,27,952,38,1153,11
2514,16,5,27,952,38,1186,11
2514,16,5,27,952,38,1194,11
2514,16,5,27,952,38,1259,11
2514,16,5,27,952,38,1260,11
2514,16,5,27,952,38,1312,11
2514,16,5,27,952,38,1388,11
2514,16,5,27,952,38,1391,11
2514,16,5,27,952,38,1422,11
2514,16,5,27,952,38,1556,11
2514,16,5,27,952,38,1568,11
2514,16,5,27,952,38,1599,11
2514,16,5,27,952,38,1747,11
2514,16,5,27,952,38,1773,11
2514,16,5,27,952,38,1799,11
2514,16,5,27,952,38,1818,11
2514,16,5,27,952,38,1873,11
2514,16,5,27,952,38,1940,11
2514,16,5,27,952,38,1956,11
2514,16,5,27,952,38,1997,11
2514,16,5,27,952,38,2068,11
2514,16,5,27,952,38,2079,11
2514,16,5,27,952,38,2123,11
2514,16,5,27,952,38,2196,11
2514,16,5,27,952,38,2206,11
2514,16,5,27,952,38,2216,11
2514,16,5,27,952,38,2244,11
2514,16,5,27,952,38,2259,11
2514,16,5,27,952,38,2261,11
2514,16,5,27,952,38,2289,11
2514,16,5,27,952,38,2359,11
2514,16,5,27,952,38,2370,11
2514,16,5,27,952,38,2405,11
2514,16,5,27,1052,24,45,11
2514,16,5,27,1052,24,159,11
2514,16,5,27,1052,24,272,11
2514,16,5,27,1052,24,338,11
2514,16,5,27,1052,24,390,11
2514,16,5,27,1052,24,457,11
2514,16,5,27,1052,24,463,11
2514,16,5,27,1052,24,620,11
2514,16,5,27,1052,24,700,11
2514,16,5,27,1052,24,742,11
2514,16,5,27,1052,24,758,11
2514,16,5,27,1052,24,879,11
2514,16,5,27,1052,24,927,11
2514,16,5,27,1052,24,979,11
2514,16,5,27,1052,24,1003,11
2514,16,5,27,1052,24,1044,11
2514,16,5,27,1052,24,1068,11
2514,16,5,27,1052,24,1153,11
2514,16,5,27,1052,24,1186,11
2514,16,5,27,1052,24,1194,11
2514,16,5,27,1052,24,1259,11
2514,16,5,27,1052,24,1260,11
2514,16,5,27,1052,24,1312,11
2514,16,5,27,1052,24,1388,11
2514,16,5,27,1052,24,1391,11
2514,16,5,27,1052,24,1422,11
2514,16,5,27,1052,24,1556,11
2514,16,5,27,1052,24,1568,11
2514,16,5,27,1052,24,1599,11
2514,16,5,27,1052,24,1747,11
2514,16,5,27,1052,24,1773,11
2514,16,5,27,1052,24,1799,11
2514,16,5,27,1052,24,1818,11
2514,16,5,27,1052,24,1873,11
2514,16,5,27,1052,24,1940,11
2514,16,5,27,1052,24,1956,11
2514,16,5,27,1052,24,1997,11
2514,16,5,27,1052,24,2068,11
2514,16,5,27,1052,24,2079,11
2514,16,5,27,1052,24,2123,11
2514,16,5,27,1052,24,2196,11
2514,16,5,27,1052,24,2206,11
2514,16,5,27,1052,24,2216,11
2514,16,5,27,1052,24,2244,11
2514,16,5,27,1052,24,2259,11
2514,16,5,27,1052,24,2261,11
2514,16,5,27,1052,24,2289,11
2514,16,5,27,1052,24,2359,11
2514,16,5,27,1052,24,2370,11
2514,16,5,27,1052,24,2405,11
2514,16,5,27,1392,37,45,11
2514,16,5,27,1392,37,159,11
2514,16,5,27,1392,37,272,11
2514,16,5,27,1392,37,338,11
2514,16,5,27,1392,37,390,11
2514,16,5,27,1392,37,457,11
2514,16,5,27,1392,37,463,11
2514,16,5,27,1392,37,620,11
2514,16,5,27,1392,37,700,11
2514,16,5,27,1392,37,742,11
2514,16,5,27,1392,37,758,11
2514,16,5,27,1392,37,879,11
2514,16,5,27,1392,37,927,11
2514,16,5,27,1392,37,979,11
2514,16,5,27,1392,37,1003,11
2514,16,5,27,1392,37,1044,11
2514,16,5,27,1392,37,1068,11
2514,16,5,27,1392,37,1153,11
2514,16,5,27,1392,37,1186,11
2514,16,5,27,1392,37,1194,11
2514,16,5,27,1392,37,1259,11
2514,16,5,27,1392,37,1260,11
2514,16,5,27,1392,37,1312,11
2514,16,5,27,1392,37,1388,11
2514,16,5,27,1392,37,1391,11
2514,16,5,27,1392,37,1422,11
2514,16,5,27,1392,37,1556,11
2514,16,5,27,1392,37,1568,11
2514,16,5,27,1392,37,1599,11
2514,16,5,27,1392,37,1747,11
2514,16,5,27,1392,37,1773,11
2514,16,5,27,1392,37,1799,11
2514,16,5,27,1392,37,1818,11
2514,16,5,27,1392,37,1873,11
2514,16,5,27,1392,37,1940,11
2514,16,5,27,1392,37,1956,11
2514,16,5,27,1392,37,1997,11
2514,16,5,27,1392,37,2068,11
2514,16,5,27,1392,37,2079,11
2514,16,5,27,1392,37,2123,11
2514,16,5,27,1392,37,2196,11
2514,16,5,27,1392,37,2206,11
2514,16,5,27,1392,37,2216,11
2514,16,5,27,1392,37,2244,11
2514,16,5,27,1392,37,2259,11
2514,16,5,27,1392,37,2261,11
2514,16,5,27,1392,37,2289,11
2514,16,5,27,1392,37,2359,11
2514,16,5,27,1392,37,2370,11
2514,16,5,27,1392,37,2405,11
2514,16,5,27,1608,49,45,11
2514,16,5,27,1608,49,159,11
2514,16,5,27,1608,49,272,11
2514,16,5,27,1608,49,338,11
2514,16,5,27,1608,49,390,11
2514,16,5,27,1608,49,457,11
2514,16,5,27,1608,49,463,11
2514,16,5,27,1608,49,620,11
2514,16,5,27,1608,49,700,11
2514,16,5,27,1608,49,742,11
2514,16,5,27,1608,49,758,11
2514,16,5,27,1608,49,879,11
2514,16,5,27,1608,49,927,11
2514,16,5,27,1608,49,979,11
2514,16,5,27,1608,49,1003,11
2514,16,5,27,1608,49,1044,11
2514,16,5,27,1608,49,1068,11
2514,16,5,27,1608,49,1153,11
2514,16,5,27,1608,49,1186,11
2514,16,5,27,1608,49,1194,11
2514,16,5,27,1608,49,1259,11
2514,16,5,27,1608,49,1260,11
2514,16,5,27,1608,49,1312,11
2514,16,5,27,1608,49,1388,11
2514,16,5,27,1608,49,1391,11
2514,16,5,27,1608,49,1422,11
2514,16,5,27,1608,49,1556,11
2514,16,5,27,1608,49,1568,11
2514,16,5,27,1608,49,1599,11
2514,16,5,27,1608,49,1747,11
2514,16,5,27,1608,49,1773,11
2514,16,5,27,1608,49,1799,11
2514,16,5,27,1608,49,1818,11
2514,16,5,27,1608,49,1873,11
2514,16,5,27,1608,49,1940,11
2514,16,5,27,1608,49,1956,11
2514,16,5,27,1608,49,1997,11
2514,16,5,27,1608,49,2068,11
2514,16,5,27,1608,49,2079,11
2514,16,5,27,1608,49,2123,11
2514,16,5,27,1608,49,2196,11
2514,16,5,27,1608,49,2206,11
2514,16,5,27,1608,49,2216,11
2514,16,5,27,1608,49,2244,11
2514,16,5,27,1608,49,2259,11
2514,16,5,27,1608,49,2261,11
2514,16,5,27,1608,49,2289,11
2514,16,5,27,1608,49,2359,11
2514,16,5,27,1608,49,2370,11
2514,16,5,27,1608,49,2405,11
2514,16,5,27,1638,43,45,11
2514,16,5,27,1638,43,159,11
2514,16,5,27,1638,43,272,11
2514,16,5,27,1638,43,338,11
2514,16,5,27,1638,43,390,11
2514,16,5,27,1638,43,457,11
2514,16,5,27,1638,43,463,11
2514,16,5,27,1638,43,620,11
2514,16,5,27,1638,43,700,11
2514,16,5,27,1638,43,742,11
2514,16,5,27,1638,43,758,11
2514,16,5,27,1638,43,879,11
2514,16,5,27,1638,43,927,11
2514,16,5,27,1638,43,979,11
2514,16,5,27,1638,43,1003,11
2514,16,5,27,1638,43,1044,11
2514,16,5,27,1638,43,1068,11
2514,16,5,27,1638,43,1153,11
2514,16,5,27,1638,43,1186,11
2514,16,5,27,1638,43,1194,11
2514,16,5,27,1638,43,1259,11
2514,16,5,27,1638,43,1260,11
2514,16,5,27,1638,43,1312,11
2514,16,5,27,1638,43,1388,11
2514,16,5,27,1638,43,1391,11
2514,16,5,27,1638,43,1422,11
2514,16,5,27,1638,43,1556,11
2514,16,5,27,1638,43,1568,11
2514,16,5,27,1638,43,1599,11
2514,16,5,27,1638,43,1747,11
2514,16,5,27,1638,43,1773,11
2514,16,5,27,1638,43,1799,11
2514,16,5,27,1638,43,1818,11
2514,16,5,27,1638,43,1873,11
2514,16,5,27,1638,43,1940,11
2514,16,5,27,1638,43,1956,11
2514,16,5,27,1638,43,1997,11
2514,16,5,27,1638,43,2068,11
2514,16,5,27,1638,43,2079,11
2514,16,5,27,1638,43,2123,11
2514,16,5,27,1638,43,2196,11
2514,16,5,27,1638,43,2206,11
2514,16,5,27,1638,43,2216,11
2514,16,5,27,1638,43,2244,11
2514,16,5,27,1638,43,2259,11
2514,16,5,27,1638,43,2261,11
2514,16,5,27,1638,43,2289,11
2514,16,5,27,1638,43,2359,11
2514,16,5,27,1638,43,2370,11
2514,16,5,27,1638,43,2405,11
2514,16,5,27,1786,16,159,11
2514,16,5,27,1786,16,272,11
2514,16,5,27,1786,16,457,11
2514,16,5,27,1786,16,463,11
2514,16,5,27,1786,16,700,11
2514,16,5,27,1786,16,879,11
2514,16,5,27,1786,16,927,11
2514,16,5,27,1786,16,1003,11
2514,16,5,27,1786,16,1068,11
2514,16,5,27,1786,16,1153,11
2514,16,5,27,1786,16,1194,11
2514,16,5,27,1786,16,1260,11
2514,16,5,27,1786,16,1388,11
2514,16,5,27,1786,16,1391,11
2514,16,5,27,1786,16,1422,11
2514,16,5,27,1786,16,1556,11
2514,16,5,27,1786,16,1568,11
2514,16,5,27,1786,16,1599,11
2514,16,5,27,1786,16,1747,11
2514,16,5,27,1786,16,1818,11
2514,16,5,27,1786,16,1873,11
2514,16,5,27,1786,16,1940,11
2514,16,5,27,1786,16,2068,11
2514,16,5,27,1786,16,2079,11
2514,16,5,27,1786,16,2123,11
2514,16,5,27,1786,16,2196,11
2514,16,5,27,1786,16,2216,11
2514,16,5,27,1786,16,2259,11
2514,16,5,27,1786,16,2370,11
2514,16,5,27,1786,16,2405,11
2514,16,5,27,1906,28,45,11
2514,16,5,27,1906,28,159,11
2514,16,5,27,1906,28,272,11
2514,16,5,27,1906,28,338,11
2514,16,5,27,1906,28,390,11
2514,16,5,27,1906,28,457,11
2514,16,5,27,1906,28,463,11
2514,16,5,27,1906,28,620,11
2514,16,5,27,1906,28,700,11
2514,16,5,27,1906,28,742,11
2514,16,5,27,1906,28,758,11
2514,16,5,27,1906,28,879,11
2514,16,5,27,1906,28,927,11
2514,16,5,27,1906,28,979,11
2514,16,5,27,1906,28,1003,11
2514,16,5,27,1906,28,1044,11
2514,16,5,27,1906,28,1068,11
2514,16,5,27,1906,28,1153,11
2514,16,5,27,1906,28,1186,11
2514,16,5,27,1906,28,1194,11
2514,16,5,27,1906,28,1259,11
2514,16,5,27,1906,28,1260,11
2514,16,5,27,1906,28,1312,11
2514,16,5,27,1906,28,1388,11
2514,16,5,27,1906,28,1391,11
2514,16,5,27,1906,28,1422,11
2514,16,5,27,1906,28,1556,11
2514,16,5,27,1906,28,1568,11
2514,16,5,27,1906,28,1599,11
2514,16,5,27,1906,28,1747,11
2514,16,5,27,1906,28,1773,11
2514,16,5,27,1906,28,1799,11
2514,16,5,27,1906,28,1818,11
2514,16,5,27,1906,28,1873,11
2514,16,5,27,1906,28,1940,11
2514,16,5,27,1906,28,1956,11
2514,16,5,27,1906,28,1997,11
2514,16,5,27,1906,28,2068,11
2514,16,5,27,1906,28,2079,11
2514,16,5,27,1906,28,2123,11
2514,16,5,27,1906,28,2196,11
2514,16,5,27,1906,28,2206,11
2514,16,5,27,1906,28,2216,11
2514,16,5,27,1906,28,2244,11
2514,16,5,27,1906,28,2259,11
2514,16,5,27,1906,28,2261,11
2514,16,5,27,1906,28,2289,11
2514,16,5,27,1906,28,2359,11
2514,16,5,27,1906,28,2370,11
2514,16,5,27,1906,28,2405,11
