2514,16,250,39,33,49,45,11
2514,16,250,39,33,49,159,11
2514,16,250,39,33,49,272,11
2514,16,250,39,33,49,338,11
2514,16,250,39,33,49,390,11
2514,16,250,39,33,49,457,11
2514,16,250,39,33,49,463,11
2514,16,250,39,33,49,620,11
2514,16,250,39,33,49,700,11
2514,16,250,39,33,49,742,11
2514,16,250,39,33,49,758,11
2514,16,250,39,33,49,879,11
2514,16,250,39,33,49,927,11
2514,16,250,39,33,49,979,11
2514,16,250,39,33,49,1003,11
2514,16,250,39,33,49,1044,11
2514,16,250,39,33,49,1068,11
2514,16,250,39,33,49,1153,11
2514,16,250,39,33,49,1186,11
2514,16,250,39,33,49,1194,11
2514,16,250,39,33,49,1259,11
2514,16,250,39,33,49,1260,11
2514,16,250,39,33,49,1312,11
2514,16,250,39,33,49,1388,11
2514,16,250,39,33,49,1391,11
2514,16,250,39,33,49,1422,11
2514,16,250,39,33,49,1556,11
2514,16,250,39,33,49,1568,11
2514,16,250,39,33,49,1599,11
2514,16,250,39,33,49,1747,11
2514,16,250,39,33,49,1773,11
2514,16,250,39,33,49,1799,11
2514,16,250,39,33,49,1818,11
2514,16,250,39,33,49,1873,11
2514,16,250,39,33,49,1940,11
2514,16,250,39,33,49,1956,11
2514,16,250,39,33,49,1997,11
2514,16,250,39,33,49,2068,11
2514,16,250,39,33,49,2079,11
2514,16,250,39,33,49,2123,11
2514,16,250,39,33,49,2196,11
2514,16,250,39,33,49,2206,11
2514,16,250,39,33,49,2216,11
2514,16,250,39,33,49,2244,11
2514,16,250,39,33,49,2259,11
2514,16,250,39,33,49,2261,11
2514,16,250,39,33,49,2289,11
2514,16,250,39,33,49,2359,11
2514,16,250,39,33,49,2370,11
2514,16,250,39,33,49,2405,11
2514,16,250,39,185,26,45,11
2514,16,250,39,185,26,159,11
2514,16,250,39,185,26,272,11
2514,16,250,39,185,26,338,11
2514,16,250,39,185,26,390,11
2514,16,250,39,185,26,457,11
2514,16,250,39,185,26,463,11
2514,16,250,39,185,26,620,11
2514,16,250,39,185,26,700,11
2514,16,250,39,185,26,742,11
2514,16,250,39,185,26,758,11
2514,16,250,39,185,26,879,11
2514,16,250,39,185,26,927,11
2514,16,250,39,185,26,979,11
2514,16,250,39,185,26,1003,11
2514,16,250,39,185,26,1044,11
2514,16,250,39,185,26,1068,11
2514,16,250,39,185,26,1153,11
2514,16,250,39,185,26,1186,11
2514,16,250,39,185,26,1194,11
2514,16,250,39,185,26,1259,11
2514,16,250,39,185,26,1260,11
2514,16,250,39,185,26,1312,11
2514,16,250,39,185,26,1388,11
2514,16,250,39,185,26,1391,11
2514,16,250,39,185,26,1422,11
2514,16,250,39,185,26,1556,11
2514,16,250,39,185,26,1568,11
2514,16,250,39,185,26,1599,11
2514,16,250,39,185,26,1747,11
2514,16,250,39,185,26,1773,11
2514,16,250,39,185,26,1799,11
2514,16,250,39,185,26,1818,11
2514,16,250,39,185,26,1873,11
2514,16,250,39,185,26,1940,11
2514,16,250,39,185,26,1956,11
2514,16,250,39,185,26,1997,11
2514,16,250,39,185,26,2068,11
2514,16,250,39,185,26,2079,11
2514,16,250,39,185,26,2123,11
2514,16,250,39,185,26,2196,11
2514,16,250,39,185,26,2206,11
2514,16,250,39,185,26,2216,11
2514,16,250,39,185,26,2244,11
2514,16,250,39,185,26,2259,11
2514,16,250,39,185,26,2261,11
2514,16,250,39,185,26,2289,11
2514,16,250,39,185,26,2359,11
2514,16,250,39,185,26,2370,11
2514,16,250,39,185,26,2405,11
2514,16,250,39,207,49,45,11
2514,16,250,39,207,49,159,11
2514,16,250,39,207,49,272,11
2514,16,250,39,207,49,338,11
2514,16,250,39,207,49,390,11
2514,16,250,39,207,49,457,11
2514,16,250,39,207,49,463,11
2514,16,250,39,207,49,620,11
2514,16,250,39,207,49,700,11
2514,16,250,39,207,49,742,11
2514,16,250,39,207,49,758,11
2514,16,250,39,207,49,879,11
2514,16,250,39,207,49,927,11
2514,16,250,39,207,49,979,11
2514,16,250,39,207,49,1003,11
2514,16,250,39,207,49,1044,11
2514,16,250,39,207,49,1068,11
2514,16,250,39,207,49,1153,11
2514,16,250,39,207,49,1186,11
2514,16,250,39,207,49,1194,11
2514,16,250,39,207,49,1259,11
2514,16,250,39,207,49,1260,11
2514,16,250,39,207,49,1312,11
2514,16,250,39,207,49,1388,11
2514,16,250,39,207,49,1391,11
2514,16,250,39,207,49,1422,11
2514,16,250,39,207,49,1556,11
2514,16,250,39,207,49,1568,11
2514,16,250,39,207,49,1599,11
2514,16,250,39,207,49,1747,11
2514,16,250,39,207,49,1773,11
2514,16,250,39,207,49,1799,11
2514,16,250,39,207,49,1818,11
2514,16,250,39,207,49,1873,11
2514,16,250,39,207,49,1940,11
2514,16,250,39,207,49,1956,11
2514,16,250,39,207,49,1997,11
2514,16,250,39,207,49,2068,11
2514,16,250,39,207,49,2079,11
2514,16,250,39,207,49,2123,11
2514,16,250,39,207,49,2196,11
2514,16,250,39,207,49,2206,11
2514,16,250,39,207,49,2216,11
2514,16,250,39,207,49,2244,11
2514,16,250,39,207,49,2259,11
2514,16,250,39,207,49,2261,11
2514,16,250,39,207,49,2289,11
2514,16,250,39,207,49,2359,11
2514,16,250,39,207,49,2370,11
2514,16,250,39,207,49,2405,11
2514,16,250,39,261,38,45,11
2514,16,250,39,261,38,159,11
2514,16,250,39,261,38,272,11
2514,16,250,39,261,38,338,11
2514,16,250,39,261,38,390,11
2514,16,250,39,261,38,457,11
2514,16,250,39,261,38,463,11
2514,16,250,39,261,38,620,11
2514,16,250,39,261,38,700,11
2514,16,250,39,261,38,742,11
2514,16,250,39,261,38,758,11
2514,16,250,39,261,38,879,11
2514,16,250,39,261,38,927,11
2514,16,250,39,261,38,979,11
2514,16,250,39,261,38,1003,11
2514,16,250,39,261,38,1044,11
2514,16,250,39,261,38,1068,11
2514,16,250,39,261,38,1153,11
2514,16,250,39,261,38,1186,11
2514,16,250,39,261,38,1194,11
2514,16,250,39,261,38,1259,11
2514,16,250,39,261,38,1260,11
2514,16,250,39,261,38,1312,11
2514,16,250,39,261,38,1388,11
2514,16,250,39,261,38,1391,11
2514,16,250,39,261,38,1422,11
2514,16,250,39,261,38,1556,11
2514,16,250,39,261,38,1568,11
2514,16,250,39,261,38,1599,11
2514,16,250,39,261,38,1747,11
2514,16,250,39,261,38,1773,11
2514,16,250,39,261,38,1799,11
2514,16,250,39,261,38,1818,11
2514,16,250,39,261,38,1873,11
2514,16,250,39,261,38,1940,11
2514,16,250,39,261,38,1956,11
2514,16,250,39,261,38,1997,11
2514,16,250,39,261,38,2068,11
2514,16,250,39,261,38,2079,11
2514,16,250,39,261,38,2123,11
2514,16,250,39,261,38,2196,11
2514,16,250,39,261,38,2206,11
2514,16,250,39,261,38,2216,11
2514,16,250,39,261,38,2244,11
2514,16,250,39,261,38,2259,11
2514,16,250,39,261,38,2261,11
2514,16,250,39,261,38,2289,11
2514,16,250,39,261,38,2359,11
2514,16,250,39,261,38,2370,11
2514,16,250,39,261,38,2405,11
2514,16,250,39,557,46,45,11
2514,16,250,39,557,46,159,11
2514,16,250,39,557,46,272,11
2514,16,250,39,557,46,338,11
2514,16,250,39,557,46,390,11
2514,16,250,39,557,46,457,11
2514,16,250,39,557,46,463,11
2514,16,250,39,557,46,620,11
2514,16,250,39,557,46,700,11
2514,16,250,39,557,46,742,11
2514,16,250,39,557,46,758,11
2514,16,250,39,557,46,879,11
2514,16,250,39,557,46,927,11
2514,16,250,39,557,46,979,11
2514,16,250,39,557,46,1003,11
2514,16,250,39,557,46,1044,11
2514,16,250,39,557,46,1068,11
2514,16,250,39,557,46,1153,11
2514,16,250,39,557,46,1186,11
2514,16,250,39,557,46,1194,11
2514,16,250,39,557,46,1259,11
2514,16,250,39,557,46,1260,11
2514,16,250,39,557,46,1312,11
2514,16,250,39,557,46,1388,11
2514,16,250,39,557,46,1391,11
2514,16,250,39,557,46,1422,11
2514,16,250,39,557,46,1556,11
2514,16,250,39,557,46,1568,11
2514,16,250,39,557,46,1599,11
2514,16,250,39,557,46,1747,11
2514,16,250,39,557,46,1773,11
2514,16,250,39,557,46,1799,11
2514,16,250,39,557,46,1818,11
2514,16,250,39,557,46,1873,11
2514,16,250,39,557,46,1940,11
2514,16,250,39,557,46,1956,11
2514,16,250,39,557,46,1997,11
2514,16,250,39,557,46,2068,11
2514,16,250,39,557,46,2079,11
2514,16,250,39,557,46,2123,11
2514,16,250,39,557,46,2196,11
2514,16,250,39,557,46,2206,11
2514,16,250,39,557,46,2216,11
2514,16,250,39,557,46,2244,11
2514,16,250,39,557,46,2259,11
2514,16,250,39,557,46,2261,11
2514,16,250,39,557,46,2289,11
2514,16,250,39,557,46,2359,11
2514,16,250,39,557,46,2370,11
2514,16,250,39,557,46,2405,11
2514,16,250,39,787,10,159,11
2514,16,250,39,787,10,272,11
2514,16,250,39,787,10,338,11
2514,16,250,39,787,10,457,11
2514,16,250,39,787,10,463,11
2514,16,250,39,787,10,700,11
2514,16,250,39,787,10,742,11
2514,16,250,39,787,10,758,11
2514,16,250,39,787,10,879,11
2514,16,250,39,787,10,927,11
2514,16,250,39,787,10,1003,11
2514,16,250,39,787,10,1044,11
2514,16,250,39,787,10,1068,11
2514,16,250,39,787,10,1153,11
2514,16,250,39,787,10,1186,11
2514,16,250,39,787,10,1194,11
2514,16,250,39,787,10,1259,11
2514,16,250,39,787,10,1260,11
2514,16,250,39,787,10,1312,11
2514,16,250,39,787,10,1388,11
2514,16,250,39,787,10,1391,11
2514,16,250,39,787,10,1422,11
2514,16,250,39,787,10,1556,11
2514,16,250,39,787,10,1568,11
2514,16,250,39,787,10,1599,11
2514,16,250,39,787,10,1747,11
2514,16,250,39,787,10,1773,11
2514,16,250,39,787,10,1818,11
2514,16,250,39,787,10,1873,11
2514,16,250,39,787,10,1940,11
2514,16,250,39,787,10,1997,11
2514,16,250,39,787,10,2068,11
2514,16,250,39,787,10,2079,11
2514,16,250,39,787,10,2123,11
2514,16,250,39,787,10,2196,11
2514,16,250,39,787,10,2216,11
2514,16,250,39,787,10,2259,11
2514,16,250,39,787,10,2289,11
2514,16,250,39,787,10,2370,11
2514,16,250,39,787,10,2405,11
2514,16,250,39,797,32,45,11
2514,16,250,39,797,32,159,11
2514,16,250,39,797,32,272,11
2514,16,250,39,797,32,338,11
2514,16,250,39,797,32,390,11
2514,16,250,39,797,32,457,11
2514,16,250,39,797,32,463,11
2514,16,250,39,797,32,620,11
2514,16,250,39,797,32,700,11
2514,16,250,39,797,32,742,11
2514,16,250,39,797,32,758,11
2514,16,250,39,797,32,879,11
2514,16,250,39,797,32,927,11
2514,16,250,39,797,32,979,11
2514,16,250,39,797,32,1003,11
2514,16,250,39,797,32,1044,11
2514,16,250,39,797,32,1068,11
2514,16,250,39,797,32,1153,11
2514,16,250,39,797,32,1186,11
2514,16,250,39,797,32,1194,11
2514,16,250,39,797,32,1259,11
2514,16,250,39,797,32,1260,11
2514,16,250,39,797,32,1312,11
2514,16,250,39,797,32,1388,11
2514,16,250,39,797,32,1391,11
2514,16,250,39,797,32,1422,11
2514,16,250,39,797,32,1556,11
2514,16,250,39,797,32,1568,11
2514,16,250,39,797,32,1599,11
2514,16,250,39,797,32,1747,11
2514,16,250,39,797,32,1773,11
2514,16,250,39,797,32,1799,11
2514,16,250,39,797,32,1818,11
2514,16,250,39,797,32,1873,11
2514,16,250,39,797,32,1940,11
2514,16,250,39,797,32,1956,11
2514,16,250,39,797,32,1997,11
2514,16,250,39,797,32,2068,11
2514,16,250,39,797,32,2079,11
2514,16,250,39,797,32,2123,11
2514,16,250,39,797,32,2196,11
2514,16,250,39,797,32,2206,11
2514,16,250,39,797,32,2216,11
2514,16,250,39,797,32,2244,11
2514,16,250,39,797,32,2259,11
2514,16,250,39,797,32,2261,11
2514,16,250,39,797,32,2289,11
2514,16,250,39,797,32,2359,11
2514,16,250,39,797,32,2370,11
2514,16,250,39,797,32,2405,11
2514,16,250,39,1215,36,45,11
2514,16,250,39,1215,36,159,11
2514,16,250,39,1215,36,272,11
2514,16,250,39,1215,36,338,11
2514,16,250,39,1215,36,390,11
2514,16,250,39,1215,36,457,11
2514,16,250,39,1215,36,463,11
2514,16,250,39,1215,36,620,11
2514,16,250,39,1215,36,700,11
2514,16,250,39,1215,36,742,11
2514,16,250,39,1215,36,758,11
2514,16,250,39,1215,36,879,11
2514,16,250,39,1215,36,927,11
2514,16,250,39,1215,36,979,11
2514,16,250,39,1215,36,1003,11
2514,16,250,39,1215,36,1044,11
2514,16,250,39,1215,36,1068,11
2514,16,250,39,1215,36,1153,11
2514,16,250,39,1215,36,1186,11
2514,16,250,39,1215,36,1194,11
2514,16,250,39,1215,36,1259,11
2514,16,250,39,1215,36,1260,11
2514,16,250,39,1215,36,1312,11
2514,16,250,39,1215,36,1388,11
2514,16,250,39,1215,36,1391,11
2514,16,250,39,1215,36,1422,11
2514,16,250,39,1215,36,1556,11
2514,16,250,39,1215,36,1568,11
2514,16,250,39,1215,36,1599,11
2514,16,250,39,1215,36,1747,11
2514,16,250,39,1215,36,1773,11
2514,16,250,39,1215,36,1799,11
2514,16,250,39,1215,36,1818,11
2514,16,250,39,1215,36,1873,11
2514,16,250,39,1215,36,1940,11
2514,16,250,39,1215,36,1956,11
2514,16,250,39,1215,36,1997,11
2514,16,250,39,1215,36,2068,11
2514,16,250,39,1215,36,2079,11
2514,16,250,39,1215,36,2123,11
2514,16,250,39,1215,36,2196,11
2514,16,250,39,1215,36,2206,11
2514,16,250,39,1215,36,2216,11
2514,16,250,39,1215,36,2244,11
2514,16,250,39,1215,36,2259,11
2514,16,250,39,1215,36,2261,11
2514,16,250,39,1215,36,2289,11
2514,16,250,39,1215,36,2359,11
2514,16,250,39,1215,36,2370,11
2514,16,250,39,1215,36,2405,11
2514,16,250,39,1608,49,45,11
2514,16,250,39,1608,49,159,11
2514,16,250,39,1608,49,272,11
2514,16,250,39,1608,49,338,11
2514,16,250,39,1608,49,390,11
2514,16,250,39,1608,49,457,11
2514,16,250,39,1608,49,463,11
2514,16,250,39,1608,49,620,11
2514,16,250,39,1608,49,700,11
2514,16,250,39,1608,49,742,11
2514,16,250,39,1608,49,758,11
2514,16,250,39,1608,49,879,11
2514,16,250,39,1608,49,927,11
2514,16,250,39,1608,49,979,11
2514,16,250,39,1608,49,1003,11
2514,16,250,39,1608,49,1044,11
2514,16,250,39,1608,49,1068,11
2514,16,250,39,1608,49,1153,11
2514,16,250,39,1608,49,1186,11
2514,16,250,39,1608,49,1194,11
2514,16,250,39,1608,49,1259,11
2514,16,250,39,1608,49,1260,11
2514,16,250,39,1608,49,1312,11
2514,16,250,39,1608,49,1388,11
2514,16,250,39,1608,49,1391,11
2514,16,250,39,1608,49,1422,11
2514,16,250,39,1608,49,1556,11
2514,16,250,39,1608,49,1568,11
2514,16,250,39,1608,49,1599,11
2514,16,250,39,1608,49,1747,11
2514,16,250,39,1608,49,1773,11
2514,16,250,39,1608,49,1799,11
2514,16,250,39,1608,49,1818,11
2514,16,250,39,1608,49,1873,11
2514,16,250,39,1608,49,1940,11
2514,16,250,39,1608,49,1956,11
2514,16,250,39,1608,49,1997,11
2514,16,250,39,1608,49,2068,11
2514,16,250,39,1608,49,2079,11
2514,16,250,39,1608,49,2123,11
2514,16,250,39,1608,49,2196,11
2514,16,250,39,1608,49,2206,11
2514,16,250,39,1608,49,2216,11
2514,16,250,39,1608,49,2244,11
2514,16,250,39,1608,49,2259,11
2514,16,250,39,1608,49,2261,11
2514,16,250,39,1608,49,2289,11
2514,16,250,39,1608,49,2359,11
2514,16,250,39,1608,49,2370,11
2514,16,250,39,1608,49,2405,11
2514,16,250,39,1786,16,45,11
2514,16,250,39,1786,16,159,11
2514,16,250,39,1786,16,272,11
2514,16,250,39,1786,16,338,11
2514,16,250,39,1786,16,390,11
2514,16,250,39,1786,16,457,11
2514,16,250,39,1786,16,463,11
2514,16,250,39,1786,16,620,11
2514,16,250,39,1786,16,700,11
2514,16,250,39,1786,16,742,11
2514,16,250,39,1786,16,758,11
2514,16,250,39,1786,16,879,11
2514,16,250,39,1786,16,927,11
2514,16,250,39,1786,16,979,11
2514,16,250,39,1786,16,1003,11
2514,16,250,39,1786,16,1044,11
2514,16,250,39,1786,16,1068,11
2514,16,250,39,1786,16,1153,11
2514,16,250,39,1786,16,1186,11
2514,16,250,39,1786,16,1194,11
2514,16,250,39,1786,16,1259,11
2514,16,250,39,1786,16,1260,11
2514,16,250,39,1786,16,1312,11
2514,16,250,39,1786,16,1388,11
2514,16,250,39,1786,16,1391,11
2514,16,250,39,1786,16,1422,11
2514,16,250,39,1786,16,1556,11
2514,16,250,39,1786,16,1568,11
2514,16,250,39,1786,16,1599,11
2514,16,250,39,1786,16,1747,11
2514,16,250,39,1786,16,1773,11
2514,16,250,39,1786,16,1799,11
2514,16,250,39,1786,16,1818,11
2514,16,250,39,1786,16,1873,11
2514,16,250,39,1786,16,1940,11
2514,16,250,39,1786,16,1956,11
2514,16,250,39,1786,16,1997,11
2514,16,250,39,1786,16,2068,11
2514,16,250,39,1786,16,2079,11
2514,16,250,39,1786,16,2123,11
2514,16,250,39,1786,16,2196,11
2514,16,250,39,1786,16,2206,11
2514,16,250,39,1786,16,2216,11
2514,16,250,39,1786,16,2244,11
2514,16,250,39,1786,16,2259,11
2514,16,250,39,1786,16,2261,11
2514,16,250,39,1786,16,2289,11
2514,16,250,39,1786,16,2359,11
2514,16,250,39,1786,16,2370,11
2514,16,250,39,1786,16,2405,11
2514,16,250,39,1848,27,45,11
2514,16,250,39,1848,27,159,11
2514,16,250,39,1848,27,272,11
2514,16,250,39,1848,27,338,11
2514,16,250,39,1848,27,390,11
2514,16,250,39,1848,27,457,11
2514,16,250,39,1848,27,463,11
2514,16,250,39,1848,27,620,11
2514,16,250,39,1848,27,700,11
2514,16,250,39,1848,27,742,11
2514,16,250,39,1848,27,758,11
2514,16,250,39,1848,27,879,11
2514,16,250,39,1848,27,927,11
2514,16,250,39,1848,27,979,11
2514,16,250,39,1848,27,1003,11
2514,16,250,39,1848,27,1044,11
2514,16,250,39,1848,27,1068,11
2514,16,250,39,1848,27,1153,11
2514,16,250,39,1848,27,1186,11
2514,16,250,39,1848,27,1194,11
2514,16,250,39,1848,27,1259,11
2514,16,250,39,1848,27,1260,11
2514,16,250,39,1848,27,1312,11
2514,16,250,39,1848,27,1388,11
2514,16,250,39,1848,27,1391,11
2514,16,250,39,1848,27,1422,11
2514,16,250,39,1848,27,1556,11
2514,16,250,39,1848,27,1568,11
2514,16,250,39,1848,27,1599,11
2514,16,250,39,1848,27,1747,11
2514,16,250,39,1848,27,1773,11
2514,16,250,39,1848,27,1799,11
2514,16,250,39,1848,27,1818,11
2514,16,250,39,1848,27,1873,11
2514,16,250,39,1848,27,1940,11
2514,16,250,39,1848,27,1956,11
2514,16,250,39,1848,27,1997,11
2514,16,250,39,1848,27,2068,11
2514,16,250,39,1848,27,2079,11
2514,16,250,39,1848,27,2123,11
2514,16,250,39,1848,27,2196,11
2514,16,250,39,1848,27,2206,11
2514,16,250,39,1848,27,2216,11
2514,16,250,39,1848,27,2244,11
2514,16,250,39,1848,27,2259,11
2514,16,250,39,1848,27,2261,11
2514,16,250,39,1848,27,2289,11
2514,16,250,39,1848,27,2359,11
2514,16,250,39,1848,27,2370,11
2514,16,250,39,1848,27,2405,11
2514,16,250,39,1859,22,45,11
2514,16,250,39,1859,22,159,11
2514,16,250,39,1859,22,272,11
2514,16,250,39,1859,22,338,11
2514,16,250,39,1859,22,390,11
2514,16,250,39,1859,22,457,11
2514,16,250,39,1859,22,463,11
2514,16,250,39,1859,22,620,11
2514,16,250,39,1859,22,700,11
2514,16,250,39,1859,22,742,11
2514,16,250,39,1859,22,758,11
2514,16,250,39,1859,22,879,11
2514,16,250,39,1859,22,927,11
2514,16,250,39,1859,22,979,11
2514,16,250,39,1859,22,1003,11
2514,16,250,39,1859,22,1044,11
2514,16,250,39,1859,22,1068,11
2514,16,250,39,1859,22,1153,11
2514,16,250,39,1859,22,1186,11
2514,16,250,39,1859,22,1194,11
2514,16,250,39,1859,22,1259,11
2514,16,250,39,1859,22,1260,11
2514,16,250,39,1859,22,1312,11
2514,16,250,39,1859,22,1388,11
2514,16,250,39,1859,22,1391,11
2514,16,250,39,1859,22,1422,11
2514,16,250,39,1859,22,1556,11
2514,16,250,39,1859,22,1568,11
2514,16,250,39,1859,22,1599,11
2514,16,250,39,1859,22,1747,11
2514,16,250,39,1859,22,1773,11
2514,16,250,39,1859,22,1799,11
2514,16,250,39,1859,22,1818,11
2514,16,250,39,1859,22,1873,11
2514,16,250,39,1859,22,1940,11
2514,16,250,39,1859,22,1956,11
2514,16,250,39,1859,22,1997,11
2514,16,250,39,1859,22,2068,11
2514,16,250,39,1859,22,2079,11
2514,16,250,39,1859,22,2123,11
2514,16,250,39,1859,22,2196,11
2514,16,250,39,1859,22,2206,11
2514,16,250,39,1859,22,2216,11
2514,16,250,39,1859,22,2244,11
2514,16,250,39,1859,22,2259,11
2514,16,250,39,1859,22,2261,11
2514,16,250,39,1859,22,2289,11
2514,16,250,39,1859,22,2359,11
2514,16,250,39,1859,22,2370,11
2514,16,250,39,1859,22,2405,11
2514,16,250,39,1916,40,45,11
2514,16,250,39,1916,40,159,11
2514,16,250,39,1916,40,272,11
2514,16,250,39,1916,40,338,11
2514,16,250,39,1916,40,390,11
2514,16,250,39,1916,40,457,11
2514,16,250,39,1916,40,463,11
2514,16,250,39,1916,40,620,11
2514,16,250,39,1916,40,700,11
2514,16,250,39,1916,40,742,11
2514,16,250,39,1916,40,758,11
2514,16,250,39,1916,40,879,11
2514,16,250,39,1916,40,927,11
2514,16,250,39,1916,40,979,11
2514,16,250,39,1916,40,1003,11
2514,16,250,39,1916,40,1044,11
2514,16,250,39,1916,40,1068,11
2514,16,250,39,1916,40,1153,11
2514,16,250,39,1916,40,1186,11
2514,16,250,39,1916,40,1194,11
2514,16,250,39,1916,40,1259,11
2514,16,250,39,1916,40,1260,11
2514,16,250,39,1916,40,1312,11
2514,16,250,39,1916,40,1388,11
2514,16,250,39,1916,40,1391,11
2514,16,250,39,1916,40,1422,11
2514,16,250,39,1916,40,1556,11
2514,16,250,39,1916,40,1568,11
2514,16,250,39,1916,40,1599,11
2514,16,250,39,1916,40,1747,11
2514,16,250,39,1916,40,1773,11
2514,16,250,39,1916,40,1799,11
2514,16,250,39,1916,40,1818,11
2514,16,250,39,1916,40,1873,11
2514,16,250,39,1916,40,1940,11
2514,16,250,39,1916,40,1956,11
2514,16,250,39,1916,40,1997,11
2514,16,250,39,1916,40,2068,11
2514,16,250,39,1916,40,2079,11
2514,16,250,39,1916,40,2123,11
2514,16,250,39,1916,40,2196,11
2514,16,250,39,1916,40,2206,11
2514,16,250,39,1916,40,2216,11
2514,16,250,39,1916,40,2244,11
2514,16,250,39,1916,40,2259,11
2514,16,250,39,1916,40,2261,11
2514,16,250,39,1916,40,2289,11
2514,16,250,39,1916,40,2359,11
2514,16,250,39,1916,40,2370,11
2514,16,250,39,1916,40,2405,11
