2514,16,1047,4,98,15,45,11
2514,16,1047,4,98,15,159,11
2514,16,1047,4,98,15,272,11
2514,16,1047,4,98,15,338,11
2514,16,1047,4,98,15,390,11
2514,16,1047,4,98,15,457,11
2514,16,1047,4,98,15,463,11
2514,16,1047,4,98,15,620,11
2514,16,1047,4,98,15,700,11
2514,16,1047,4,98,15,742,11
2514,16,1047,4,98,15,758,11
2514,16,1047,4,98,15,879,11
2514,16,1047,4,98,15,927,11
2514,16,1047,4,98,15,979,11
2514,16,1047,4,98,15,1003,11
2514,16,1047,4,98,15,1044,11
2514,16,1047,4,98,15,1068,11
2514,16,1047,4,98,15,1153,11
2514,16,1047,4,98,15,1186,11
2514,16,1047,4,98,15,1194,11
2514,16,1047,4,98,15,1259,11
2514,16,1047,4,98,15,1260,11
2514,16,1047,4,98,15,1312,11
2514,16,1047,4,98,15,1388,11
2514,16,1047,4,98,15,1391,11
2514,16,1047,4,98,15,1422,11
2514,16,1047,4,98,15,1556,11
2514,16,1047,4,98,15,1568,11
2514,16,1047,4,98,15,1599,11
2514,16,1047,4,98,15,1747,11
2514,16,1047,4,98,15,1773,11
2514,16,1047,4,98,15,1799,11
2514,16,1047,4,98,15,1818,11
2514,16,1047,4,98,15,1873,11
2514,16,1047,4,98,15,1940,11
2514,16,1047,4,98,15,1956,11
2514,16,1047,4,98,15,1997,11
2514,16,1047,4,98,15,2068,11
2514,16,1047,4,98,15,2079,11
2514,16,1047,4,98,15,2123,11
2514,16,1047,4,98,15,2196,11
2514,16,1047,4,98,15,2206,11
2514,16,1047,4,98,15,2216,11
2514,16,1047,4,98,15,2244,11
2514,16,1047,4,98,15,2259,11
2514,16,1047,4,98,15,2261,11
2514,16,1047,4,98,15,2289,11
2514,16,1047,4,98,15,2359,11
2514,16,1047,4,98,15,2370,11
2514,16,1047,4,98,15,2405,11
2514,16,1047,4,101,18,45,11
2514,16,1047,4,101,18,159,11
2514,16,1047,4,101,18,272,11
2514,16,1047,4,101,18,338,11
2514,16,1047,4,101,18,390,11
2514,16,1047,4,101,18,457,11
2514,16,1047,4,101,18,463,11
2514,16,1047,4,101,18,620,11
2514,16,1047,4,101,18,700,11
2514,16,1047,4,101,18,742,11
2514,16,1047,4,101,18,758,11
2514,16,1047,4,101,18,879,11
2514,16,1047,4,101,18,927,11
2514,16,1047,4,101,18,979,11
2514,16,1047,4,101,18,1003,11
2514,16,1047,4,101,18,1044,11
2514,16,1047,4,101,18,1068,11
2514,16,1047,4,101,18,1153,11
2514,16,1047,4,101,18,1186,11
2514,16,1047,4,101,18,1194,11
2514,16,1047,4,101,18,1259,11
2514,16,1047,4,101,18,1260,11
2514,16,1047,4,101,18,1312,11
2514,16,1047,4,101,18,1388,11
2514,16,1047,4,101,18,1391,11
2514,16,1047,4,101,18,1422,11
2514,16,1047,4,101,18,1556,11
2514,16,1047,4,101,18,1568,11
2514,16,1047,4,101,18,1599,11
2514,16,1047,4,101,18,1747,11
2514,16,1047,4,101,18,1773,11
2514,16,1047,4,101,18,1799,11
2514,16,1047,4,101,18,1818,11
2514,16,1047,4,101,18,1873,11
2514,16,1047,4,101,18,1940,11
2514,16,1047,4,101,18,1956,11
2514,16,1047,4,101,18,1997,11
2514,16,1047,4,101,18,2068,11
2514,16,1047,4,101,18,2079,11
2514,16,1047,4,101,18,2123,11
2514,16,1047,4,101,18,2196,11
2514,16,1047,4,101,18,2206,11
2514,16,1047,4,101,18,2216,11
2514,16,1047,4,101,18,2244,11
2514,16,1047,4,101,18,2259,11
2514,16,1047,4,101,18,2261,11
2514,16,1047,4,101,18,2289,11
2514,16,1047,4,101,18,2359,11
2514,16,1047,4,101,18,2370,11
2514,16,1047,4,101,18,2405,11
2514,16,1047,4,210,26,45,11
2514,16,1047,4,210,26,159,11
2514,16,1047,4,210,26,272,11
2514,16,1047,4,210,26,338,11
2514,16,1047,4,210,26,390,11
2514,16,1047,4,210,26,457,11
2514,16,1047,4,210,26,463,11
2514,16,1047,4,210,26,620,11
2514,16,1047,4,210,26,700,11
2514,16,1047,4,210,26,742,11
2514,16,1047,4,210,26,758,11
2514,16,1047,4,210,26,879,11
2514,16,1047,4,210,26,927,11
2514,16,1047,4,210,26,979,11
2514,16,1047,4,210,26,1003,11
2514,16,1047,4,210,26,1044,11
2514,16,1047,4,210,26,1068,11
2514,16,1047,4,210,26,1153,11
2514,16,1047,4,210,26,1186,11
2514,16,1047,4,210,26,1194,11
2514,16,1047,4,210,26,1259,11
2514,16,1047,4,210,26,1260,11
2514,16,1047,4,210,26,1312,11
2514,16,1047,4,210,26,1388,11
2514,16,1047,4,210,26,1391,11
2514,16,1047,4,210,26,1422,11
2514,16,1047,4,210,26,1556,11
2514,16,1047,4,210,26,1568,11
2514,16,1047,4,210,26,1599,11
2514,16,1047,4,210,26,1747,11
2514,16,1047,4,210,26,1773,11
2514,16,1047,4,210,26,1799,11
2514,16,1047,4,210,26,1818,11
2514,16,1047,4,210,26,1873,11
2514,16,1047,4,210,26,1940,11
2514,16,1047,4,210,26,1956,11
2514,16,1047,4,210,26,1997,11
2514,16,1047,4,210,26,2068,11
2514,16,1047,4,210,26,2079,11
2514,16,1047,4,210,26,2123,11
2514,16,1047,4,210,26,2196,11
2514,16,1047,4,210,26,2206,11
2514,16,1047,4,210,26,2216,11
2514,16,1047,4,210,26,2244,11
2514,16,1047,4,210,26,2259,11
2514,16,1047,4,210,26,2261,11
2514,16,1047,4,210,26,2289,11
2514,16,1047,4,210,26,2359,11
2514,16,1047,4,210,26,2370,11
2514,16,1047,4,210,26,2405,11
2514,16,1047,4,506,44,45,11
2514,16,1047,4,506,44,338,11
2514,16,1047,4,506,44,390,11
2514,16,1047,4,506,44,620,11
2514,16,1047,4,506,44,742,11
2514,16,1047,4,506,44,758,11
2514,16,1047,4,506,44,979,11
2514,16,1047,4,506,44,1044,11
2514,16,1047,4,506,44,1186,11
2514,16,1047,4,506,44,1259,11
2514,16,1047,4,506,44,1312,11
2514,16,1047,4,506,44,1773,11
2514,16,1047,4,506,44,1799,11
2514,16,1047,4,506,44,1956,11
2514,16,1047,4,506,44,1997,11
2514,16,1047,4,506,44,2206,11
2514,16,1047,4,506,44,2244,11
2514,16,1047,4,506,44,2261,11
2514,16,1047,4,506,44,2289,11
2514,16,1047,4,506,44,2359,11
2514,16,1047,4,715,37,45,11
2514,16,1047,4,715,37,159,11
2514,16,1047,4,715,37,272,11
2514,16,1047,4,715,37,338,11
2514,16,1047,4,715,37,390,11
2514,16,1047,4,715,37,457,11
2514,16,1047,4,715,37,463,11
2514,16,1047,4,715,37,620,11
2514,16,1047,4,715,37,700,11
2514,16,1047,4,715,37,742,11
2514,16,1047,4,715,37,758,11
2514,16,1047,4,715,37,879,11
2514,16,1047,4,715,37,927,11
2514,16,1047,4,715,37,979,11
2514,16,1047,4,715,37,1003,11
2514,16,1047,4,715,37,1044,11
2514,16,1047,4,715,37,1068,11
2514,16,1047,4,715,37,1153,11
2514,16,1047,4,715,37,1186,11
2514,16,1047,4,715,37,1194,11
2514,16,1047,4,715,37,1259,11
2514,16,1047,4,715,37,1260,11
2514,16,1047,4,715,37,1312,11
2514,16,1047,4,715,37,1388,11
2514,16,1047,4,715,37,1391,11
2514,16,1047,4,715,37,1422,11
2514,16,1047,4,715,37,1556,11
2514,16,1047,4,715,37,1568,11
2514,16,1047,4,715,37,1599,11
2514,16,1047,4,715,37,1747,11
2514,16,1047,4,715,37,1773,11
2514,16,1047,4,715,37,1799,11
2514,16,1047,4,715,37,1818,11
2514,16,1047,4,715,37,1873,11
2514,16,1047,4,715,37,1940,11
2514,16,1047,4,715,37,1956,11
2514,16,1047,4,715,37,1997,11
2514,16,1047,4,715,37,2068,11
2514,16,1047,4,715,37,2079,11
2514,16,1047,4,715,37,2123,11
2514,16,1047,4,715,37,2196,11
2514,16,1047,4,715,37,2206,11
2514,16,1047,4,715,37,2216,11
2514,16,1047,4,715,37,2244,11
2514,16,1047,4,715,37,2259,11
2514,16,1047,4,715,37,2261,11
2514,16,1047,4,715,37,2289,11
2514,16,1047,4,715,37,2359,11
2514,16,1047,4,715,37,2370,11
2514,16,1047,4,715,37,2405,11
2514,16,1047,4,729,50,45,11
2514,16,1047,4,729,50,159,11
2514,16,1047,4,729,50,272,11
2514,16,1047,4,729,50,338,11
2514,16,1047,4,729,50,390,11
2514,16,1047,4,729,50,457,11
2514,16,1047,4,729,50,463,11
2514,16,1047,4,729,50,620,11
2514,16,1047,4,729,50,700,11
2514,16,1047,4,729,50,742,11
2514,16,1047,4,729,50,758,11
2514,16,1047,4,729,50,879,11
2514,16,1047,4,729,50,927,11
2514,16,1047,4,729,50,979,11
2514,16,1047,4,729,50,1003,11
2514,16,1047,4,729,50,1044,11
2514,16,1047,4,729,50,1068,11
2514,16,1047,4,729,50,1153,11
2514,16,1047,4,729,50,1186,11
2514,16,1047,4,729,50,1194,11
2514,16,1047,4,729,50,1259,11
2514,16,1047,4,729,50,1260,11
2514,16,1047,4,729,50,1312,11
2514,16,1047,4,729,50,1388,11
2514,16,1047,4,729,50,1391,11
2514,16,1047,4,729,50,1422,11
2514,16,1047,4,729,50,1556,11
2514,16,1047,4,729,50,1568,11
2514,16,1047,4,729,50,1599,11
2514,16,1047,4,729,50,1747,11
2514,16,1047,4,729,50,1773,11
2514,16,1047,4,729,50,1799,11
2514,16,1047,4,729,50,1818,11
2514,16,1047,4,729,50,1873,11
2514,16,1047,4,729,50,1940,11
2514,16,1047,4,729,50,1956,11
2514,16,1047,4,729,50,1997,11
2514,16,1047,4,729,50,2068,11
2514,16,1047,4,729,50,2079,11
2514,16,1047,4,729,50,2123,11
2514,16,1047,4,729,50,2196,11
2514,16,1047,4,729,50,2206,11
2514,16,1047,4,729,50,2216,11
2514,16,1047,4,729,50,2244,11
2514,16,1047,4,729,50,2259,11
2514,16,1047,4,729,50,2261,11
2514,16,1047,4,729,50,2289,11
2514,16,1047,4,729,50,2359,11
2514,16,1047,4,729,50,2370,11
2514,16,1047,4,729,50,2405,11
2514,16,1047,4,865,49,45,11
2514,16,1047,4,865,49,159,11
2514,16,1047,4,865,49,272,11
2514,16,1047,4,865,49,338,11
2514,16,1047,4,865,49,390,11
2514,16,1047,4,865,49,457,11
2514,16,1047,4,865,49,463,11
2514,16,1047,4,865,49,620,11
2514,16,1047,4,865,49,700,11
2514,16,1047,4,865,49,742,11
2514,16,1047,4,865,49,758,11
2514,16,1047,4,865,49,879,11
2514,16,1047,4,865,49,927,11
2514,16,1047,4,865,49,979,11
2514,16,1047,4,865,49,1003,11
2514,16,1047,4,865,49,1044,11
2514,16,1047,4,865,49,1068,11
2514,16,1047,4,865,49,1153,11
2514,16,1047,4,865,49,1186,11
2514,16,1047,4,865,49,1194,11
2514,16,1047,4,865,49,1259,11
2514,16,1047,4,865,49,1260,11
2514,16,1047,4,865,49,1312,11
2514,16,1047,4,865,49,1388,11
2514,16,1047,4,865,49,1391,11
2514,16,1047,4,865,49,1422,11
2514,16,1047,4,865,49,1556,11
2514,16,1047,4,865,49,1568,11
2514,16,1047,4,865,49,1599,11
2514,16,1047,4,865,49,1747,11
2514,16,1047,4,865,49,1773,11
2514,16,1047,4,865,49,1799,11
2514,16,1047,4,865,49,1818,11
2514,16,1047,4,865,49,1873,11
2514,16,1047,4,865,49,1940,11
2514,16,1047,4,865,49,1956,11
2514,16,1047,4,865,49,1997,11
2514,16,1047,4,865,49,2068,11
2514,16,1047,4,865,49,2079,11
2514,16,1047,4,865,49,2123,11
2514,16,1047,4,865,49,2196,11
2514,16,1047,4,865,49,2206,11
2514,16,1047,4,865,49,2216,11
2514,16,1047,4,865,49,2244,11
2514,16,1047,4,865,49,2259,11
2514,16,1047,4,865,49,2261,11
2514,16,1047,4,865,49,2289,11
2514,16,1047,4,865,49,2359,11
2514,16,1047,4,865,49,2370,11
2514,16,1047,4,865,49,2405,11
2514,16,1047,4,884,10,45,11
2514,16,1047,4,884,10,159,11
2514,16,1047,4,884,10,272,11
2514,16,1047,4,884,10,338,11
2514,16,1047,4,884,10,390,11
2514,16,1047,4,884,10,457,11
2514,16,1047,4,884,10,463,11
2514,16,1047,4,884,10,620,11
2514,16,1047,4,884,10,700,11
2514,16,1047,4,884,10,742,11
2514,16,1047,4,884,10,758,11
2514,16,1047,4,884,10,879,11
2514,16,1047,4,884,10,927,11
2514,16,1047,4,884,10,979,11
2514,16,1047,4,884,10,1003,11
2514,16,1047,4,884,10,1044,11
2514,16,1047,4,884,10,1068,11
2514,16,1047,4,884,10,1153,11
2514,16,1047,4,884,10,1186,11
2514,16,1047,4,884,10,1194,11
2514,16,1047,4,884,10,1259,11
2514,16,1047,4,884,10,1260,11
2514,16,1047,4,884,10,1312,11
2514,16,1047,4,884,10,1388,11
2514,16,1047,4,884,10,1391,11
2514,16,1047,4,884,10,1422,11
2514,16,1047,4,884,10,1556,11
2514,16,1047,4,884,10,1568,11
2514,16,1047,4,884,10,1599,11
2514,16,1047,4,884,10,1747,11
2514,16,1047,4,884,10,1773,11
2514,16,1047,4,884,10,1799,11
2514,16,1047,4,884,10,1818,11
2514,16,1047,4,884,10,1873,11
2514,16,1047,4,884,10,1940,11
2514,16,1047,4,884,10,1956,11
2514,16,1047,4,884,10,1997,11
2514,16,1047,4,884,10,2068,11
2514,16,1047,4,884,10,2079,11
2514,16,1047,4,884,10,2123,11
2514,16,1047,4,884,10,2196,11
2514,16,1047,4,884,10,2206,11
2514,16,1047,4,884,10,2216,11
2514,16,1047,4,884,10,2244,11
2514,16,1047,4,884,10,2259,11
2514,16,1047,4,884,10,2261,11
2514,16,1047,4,884,10,2289,11
2514,16,1047,4,884,10,2359,11
2514,16,1047,4,884,10,2370,11
2514,16,1047,4,884,10,2405,11
2514,16,1047,4,1123,31,159,11
2514,16,1047,4,1123,31,457,11
2514,16,1047,4,1123,31,463,11
2514,16,1047,4,1123,31,700,11
2514,16,1047,4,1123,31,879,11
2514,16,1047,4,1123,31,927,11
2514,16,1047,4,1123,31,1003,11
2514,16,1047,4,1123,31,1153,11
2514,16,1047,4,1123,31,1194,11
2514,16,1047,4,1123,31,1388,11
2514,16,1047,4,1123,31,1556,11
2514,16,1047,4,1123,31,1568,11
2514,16,1047,4,1123,31,1599,11
2514,16,1047,4,1123,31,1818,11
2514,16,1047,4,1123,31,1873,11
2514,16,1047,4,1123,31,1940,11
2514,16,1047,4,1123,31,2123,11
2514,16,1047,4,1123,31,2196,11
2514,16,1047,4,1123,31,2216,11
2514,16,1047,4,1123,31,2370,11
2514,16,1047,4,1134,31,45,11
2514,16,1047,4,1134,31,159,11
2514,16,1047,4,1134,31,272,11
2514,16,1047,4,1134,31,338,11
2514,16,1047,4,1134,31,390,11
2514,16,1047,4,1134,31,457,11
2514,16,1047,4,1134,31,463,11
2514,16,1047,4,1134,31,620,11
2514,16,1047,4,1134,31,700,11
2514,16,1047,4,1134,31,742,11
2514,16,1047,4,1134,31,758,11
2514,16,1047,4,1134,31,879,11
2514,16,1047,4,1134,31,927,11
2514,16,1047,4,1134,31,979,11
2514,16,1047,4,1134,31,1003,11
2514,16,1047,4,1134,31,1044,11
2514,16,1047,4,1134,31,1068,11
2514,16,1047,4,1134,31,1153,11
2514,16,1047,4,1134,31,1186,11
2514,16,1047,4,1134,31,1194,11
2514,16,1047,4,1134,31,1259,11
2514,16,1047,4,1134,31,1260,11
2514,16,1047,4,1134,31,1312,11
2514,16,1047,4,1134,31,1388,11
2514,16,1047,4,1134,31,1391,11
2514,16,1047,4,1134,31,1422,11
2514,16,1047,4,1134,31,1556,11
2514,16,1047,4,1134,31,1568,11
2514,16,1047,4,1134,31,1599,11
2514,16,1047,4,1134,31,1747,11
2514,16,1047,4,1134,31,1773,11
2514,16,1047,4,1134,31,1799,11
2514,16,1047,4,1134,31,1818,11
2514,16,1047,4,1134,31,1873,11
2514,16,1047,4,1134,31,1940,11
2514,16,1047,4,1134,31,1956,11
2514,16,1047,4,1134,31,1997,11
2514,16,1047,4,1134,31,2068,11
2514,16,1047,4,1134,31,2079,11
2514,16,1047,4,1134,31,2123,11
2514,16,1047,4,1134,31,2196,11
2514,16,1047,4,1134,31,2206,11
2514,16,1047,4,1134,31,2216,11
2514,16,1047,4,1134,31,2244,11
2514,16,1047,4,1134,31,2259,11
2514,16,1047,4,1134,31,2261,11
2514,16,1047,4,1134,31,2289,11
2514,16,1047,4,1134,31,2359,11
2514,16,1047,4,1134,31,2370,11
2514,16,1047,4,1134,31,2405,11
2514,16,1047,4,1243,15,45,11
2514,16,1047,4,1243,15,159,11
2514,16,1047,4,1243,15,272,11
2514,16,1047,4,1243,15,338,11
2514,16,1047,4,1243,15,390,11
2514,16,1047,4,1243,15,457,11
2514,16,1047,4,1243,15,463,11
2514,16,1047,4,1243,15,620,11
2514,16,1047,4,1243,15,700,11
2514,16,1047,4,1243,15,742,11
2514,16,1047,4,1243,15,758,11
2514,16,1047,4,1243,15,879,11
2514,16,1047,4,1243,15,927,11
2514,16,1047,4,1243,15,979,11
2514,16,1047,4,1243,15,1003,11
2514,16,1047,4,1243,15,1044,11
2514,16,1047,4,1243,15,1068,11
2514,16,1047,4,1243,15,1153,11
2514,16,1047,4,1243,15,1186,11
2514,16,1047,4,1243,15,1194,11
2514,16,1047,4,1243,15,1259,11
2514,16,1047,4,1243,15,1260,11
2514,16,1047,4,1243,15,1312,11
2514,16,1047,4,1243,15,1388,11
2514,16,1047,4,1243,15,1391,11
2514,16,1047,4,1243,15,1422,11
2514,16,1047,4,1243,15,1556,11
2514,16,1047,4,1243,15,1568,11
2514,16,1047,4,1243,15,1599,11
2514,16,1047,4,1243,15,1747,11
2514,16,1047,4,1243,15,1773,11
2514,16,1047,4,1243,15,1799,11
2514,16,1047,4,1243,15,1818,11
2514,16,1047,4,1243,15,1873,11
2514,16,1047,4,1243,15,1940,11
2514,16,1047,4,1243,15,1956,11
2514,16,1047,4,1243,15,1997,11
2514,16,1047,4,1243,15,2068,11
2514,16,1047,4,1243,15,2079,11
2514,16,1047,4,1243,15,2123,11
2514,16,1047,4,1243,15,2196,11
2514,16,1047,4,1243,15,2206,11
2514,16,1047,4,1243,15,2216,11
2514,16,1047,4,1243,15,2244,11
2514,16,1047,4,1243,15,2259,11
2514,16,1047,4,1243,15,2261,11
2514,16,1047,4,1243,15,2289,11
2514,16,1047,4,1243,15,2359,11
2514,16,1047,4,1243,15,2370,11
2514,16,1047,4,1243,15,2405,11
2514,16,1047,4,1402,28,45,11
2514,16,1047,4,1402,28,159,11
2514,16,1047,4,1402,28,272,11
2514,16,1047,4,1402,28,338,11
2514,16,1047,4,1402,28,390,11
2514,16,1047,4,1402,28,457,11
2514,16,1047,4,1402,28,463,11
2514,16,1047,4,1402,28,620,11
2514,16,1047,4,1402,28,700,11
2514,16,1047,4,1402,28,742,11
2514,16,1047,4,1402,28,758,11
2514,16,1047,4,1402,28,879,11
2514,16,1047,4,1402,28,927,11
2514,16,1047,4,1402,28,979,11
2514,16,1047,4,1402,28,1003,11
2514,16,1047,4,1402,28,1044,11
2514,16,1047,4,1402,28,1068,11
2514,16,1047,4,1402,28,1153,11
2514,16,1047,4,1402,28,1186,11
2514,16,1047,4,1402,28,1194,11
2514,16,1047,4,1402,28,1259,11
2514,16,1047,4,1402,28,1260,11
2514,16,1047,4,1402,28,1312,11
2514,16,1047,4,1402,28,1388,11
2514,16,1047,4,1402,28,1391,11
2514,16,1047,4,1402,28,1422,11
2514,16,1047,4,1402,28,1556,11
2514,16,1047,4,1402,28,1568,11
2514,16,1047,4,1402,28,1599,11
2514,16,1047,4,1402,28,1747,11
2514,16,1047,4,1402,28,1773,11
2514,16,1047,4,1402,28,1799,11
2514,16,1047,4,1402,28,1818,11
2514,16,1047,4,1402,28,1873,11
2514,16,1047,4,1402,28,1940,11
2514,16,1047,4,1402,28,1956,11
2514,16,1047,4,1402,28,1997,11
2514,16,1047,4,1402,28,2068,11
2514,16,1047,4,1402,28,2079,11
2514,16,1047,4,1402,28,2123,11
2514,16,1047,4,1402,28,2196,11
2514,16,1047,4,1402,28,2206,11
2514,16,1047,4,1402,28,2216,11
2514,16,1047,4,1402,28,2244,11
2514,16,1047,4,1402,28,2259,11
2514,16,1047,4,1402,28,2261,11
2514,16,1047,4,1402,28,2289,11
2514,16,1047,4,1402,28,2359,11
2514,16,1047,4,1402,28,2370,11
2514,16,1047,4,1402,28,2405,11
2514,16,1047,4,1498,36,45,11
2514,16,1047,4,1498,36,159,11
2514,16,1047,4,1498,36,272,11
2514,16,1047,4,1498,36,338,11
2514,16,1047,4,1498,36,390,11
2514,16,1047,4,1498,36,457,11
2514,16,1047,4,1498,36,463,11
2514,16,1047,4,1498,36,620,11
2514,16,1047,4,1498,36,700,11
2514,16,1047,4,1498,36,742,11
2514,16,1047,4,1498,36,758,11
2514,16,1047,4,1498,36,879,11
2514,16,1047,4,1498,36,927,11
2514,16,1047,4,1498,36,979,11
2514,16,1047,4,1498,36,1003,11
2514,16,1047,4,1498,36,1044,11
2514,16,1047,4,1498,36,1068,11
2514,16,1047,4,1498,36,1153,11
2514,16,1047,4,1498,36,1186,11
2514,16,1047,4,1498,36,1194,11
2514,16,1047,4,1498,36,1259,11
2514,16,1047,4,1498,36,1260,11
2514,16,1047,4,1498,36,1312,11
2514,16,1047,4,1498,36,1388,11
2514,16,1047,4,1498,36,1391,11
2514,16,1047,4,1498,36,1422,11
2514,16,1047,4,1498,36,1556,11
2514,16,1047,4,1498,36,1568,11
2514,16,1047,4,1498,36,1599,11
2514,16,1047,4,1498,36,1747,11
2514,16,1047,4,1498,36,1773,11
2514,16,1047,4,1498,36,1799,11
2514,16,1047,4,1498,36,1818,11
2514,16,1047,4,1498,36,1873,11
2514,16,1047,4,1498,36,1940,11
2514,16,1047,4,1498,36,1956,11
2514,16,1047,4,1498,36,1997,11
2514,16,1047,4,1498,36,2068,11
2514,16,1047,4,1498,36,2079,11
2514,16,1047,4,1498,36,2123,11
2514,16,1047,4,1498,36,2196,11
2514,16,1047,4,1498,36,2206,11
2514,16,1047,4,1498,36,2216,11
2514,16,1047,4,1498,36,2244,11
2514,16,1047,4,1498,36,2259,11
2514,16,1047,4,1498,36,2261,11
2514,16,1047,4,1498,36,2289,11
2514,16,1047,4,1498,36,2359,11
2514,16,1047,4,1498,36,2370,11
2514,16,1047,4,1498,36,2405,11
2514,16,1047,4,1823,39,45,11
2514,16,1047,4,1823,39,159,11
2514,16,1047,4,1823,39,272,11
2514,16,1047,4,1823,39,338,11
2514,16,1047,4,1823,39,390,11
2514,16,1047,4,1823,39,457,11
2514,16,1047,4,1823,39,463,11
2514,16,1047,4,1823,39,620,11
2514,16,1047,4,1823,39,700,11
2514,16,1047,4,1823,39,742,11
2514,16,1047,4,1823,39,758,11
2514,16,1047,4,1823,39,879,11
2514,16,1047,4,1823,39,927,11
2514,16,1047,4,1823,39,979,11
2514,16,1047,4,1823,39,1003,11
2514,16,1047,4,1823,39,1044,11
2514,16,1047,4,1823,39,1068,11
2514,16,1047,4,1823,39,1153,11
2514,16,1047,4,1823,39,1186,11
2514,16,1047,4,1823,39,1194,11
2514,16,1047,4,1823,39,1259,11
2514,16,1047,4,1823,39,1260,11
2514,16,1047,4,1823,39,1312,11
2514,16,1047,4,1823,39,1388,11
2514,16,1047,4,1823,39,1391,11
2514,16,1047,4,1823,39,1422,11
2514,16,1047,4,1823,39,1556,11
2514,16,1047,4,1823,39,1568,11
2514,16,1047,4,1823,39,1599,11
2514,16,1047,4,1823,39,1747,11
2514,16,1047,4,1823,39,1773,11
2514,16,1047,4,1823,39,1799,11
2514,16,1047,4,1823,39,1818,11
2514,16,1047,4,1823,39,1873,11
2514,16,1047,4,1823,39,1940,11
2514,16,1047,4,1823,39,1956,11
2514,16,1047,4,1823,39,1997,11
2514,16,1047,4,1823,39,2068,11
2514,16,1047,4,1823,39,2079,11
2514,16,1047,4,1823,39,2123,11
2514,16,1047,4,1823,39,2196,11
2514,16,1047,4,1823,39,2206,11
2514,16,1047,4,1823,39,2216,11
2514,16,1047,4,1823,39,2244,11
2514,16,1047,4,1823,39,2259,11
2514,16,1047,4,1823,39,2261,11
2514,16,1047,4,1823,39,2289,11
2514,16,1047,4,1823,39,2359,11
2514,16,1047,4,1823,39,2370,11
2514,16,1047,4,1823,39,2405,11
