2514,16,860,29,94,44,45,11
2514,16,860,29,94,44,159,11
2514,16,860,29,94,44,272,11
2514,16,860,29,94,44,338,11
2514,16,860,29,94,44,390,11
2514,16,860,29,94,44,457,11
2514,16,860,29,94,44,463,11
2514,16,860,29,94,44,620,11
2514,16,860,29,94,44,700,11
2514,16,860,29,94,44,742,11
2514,16,860,29,94,44,758,11
2514,16,860,29,94,44,879,11
2514,16,860,29,94,44,927,11
2514,16,860,29,94,44,979,11
2514,16,860,29,94,44,1003,11
2514,16,860,29,94,44,1044,11
2514,16,860,29,94,44,1068,11
2514,16,860,29,94,44,1153,11
2514,16,860,29,94,44,1186,11
2514,16,860,29,94,44,1194,11
2514,16,860,29,94,44,1259,11
2514,16,860,29,94,44,1260,11
2514,16,860,29,94,44,1312,11
2514,16,860,29,94,44,1388,11
2514,16,860,29,94,44,1391,11
2514,16,860,29,94,44,1422,11
2514,16,860,29,94,44,1556,11
2514,16,860,29,94,44,1568,11
2514,16,860,29,94,44,1599,11
2514,16,860,29,94,44,1747,11
2514,16,860,29,94,44,1773,11
2514,16,860,29,94,44,1799,11
2514,16,860,29,94,44,1818,11
2514,16,860,29,94,44,1873,11
2514,16,860,29,94,44,1940,11
2514,16,860,29,94,44,1956,11
2514,16,860,29,94,44,1997,11
2514,16,860,29,94,44,2068,11
2514,16,860,29,94,44,2079,11
2514,16,860,29,94,44,2123,11
2514,16,860,29,94,44,2196,11
2514,16,860,29,94,44,2206,11
2514,16,860,29,94,44,2216,11
2514,16,860,29,94,44,2244,11
2514,16,860,29,94,44,2259,11
2514,16,860,29,94,44,2261,11
2514,16,860,29,94,44,2289,11
2514,16,860,29,94,44,2359,11
2514,16,860,29,94,44,2370,11
2514,16,860,29,94,44,2405,11
2514,16,860,29,425,39,45,11
2514,16,860,29,425,39,159,11
2514,16,860,29,425,39,272,11
2514,16,860,29,425,39,338,11
2514,16,860,29,425,39,390,11
2514,16,860,29,425,39,457,11
2514,16,860,29,425,39,463,11
2514,16,860,29,425,39,620,11
2514,16,860,29,425,39,700,11
2514,16,860,29,425,39,742,11
2514,16,860,29,425,39,758,11
2514,16,860,29,425,39,879,11
2514,16,860,29,425,39,927,11
2514,16,860,29,425,39,979,11
2514,16,860,29,425,39,1003,11
2514,16,860,29,425,39,1044,11
2514,16,860,29,425,39,1068,11
2514,16,860,29,425,39,1153,11
2514,16,860,29,425,39,1186,11
2514,16,860,29,425,39,1194,11
2514,16,860,29,425,39,1259,11
2514,16,860,29,425,39,1260,11
2514,16,860,29,425,39,1312,11
2514,16,860,29,425,39,1388,11
2514,16,860,29,425,39,1391,11
2514,16,860,29,425,39,1422,11
2514,16,860,29,425,39,1556,11
2514,16,860,29,425,39,1568,11
2514,16,860,29,425,39,1599,11
2514,16,860,29,425,39,1747,11
2514,16,860,29,425,39,1773,11
2514,16,860,29,425,39,1799,11
2514,16,860,29,425,39,1818,11
2514,16,860,29,425,39,1873,11
2514,16,860,29,425,39,1940,11
2514,16,860,29,425,39,1956,11
2514,16,860,29,425,39,1997,11
2514,16,860,29,425,39,2068,11
2514,16,860,29,425,39,2079,11
2514,16,860,29,425,39,2123,11
2514,16,860,29,425,39,2196,11
2514,16,860,29,425,39,2206,11
2514,16,860,29,425,39,2216,11
2514,16,860,29,425,39,2244,11
2514,16,860,29,425,39,2259,11
2514,16,860,29,425,39,2261,11
2514,16,860,29,425,39,2289,11
2514,16,860,29,425,39,2359,11
2514,16,860,29,425,39,2370,11
2514,16,860,29,425,39,2405,11
2514,16,860,29,519,10,45,11
2514,16,860,29,519,10,159,11
2514,16,860,29,519,10,272,11
2514,16,860,29,519,10,338,11
2514,16,860,29,519,10,390,11
2514,16,860,29,519,10,457,11
2514,16,860,29,519,10,463,11
2514,16,860,29,519,10,620,11
2514,16,860,29,519,10,700,11
2514,16,860,29,519,10,742,11
2514,16,860,29,519,10,758,11
2514,16,860,29,519,10,879,11
2514,16,860,29,519,10,927,11
2514,16,860,29,519,10,979,11
2514,16,860,29,519,10,1003,11
2514,16,860,29,519,10,1044,11
2514,16,860,29,519,10,1068,11
2514,16,860,29,519,10,1153,11
2514,16,860,29,519,10,1186,11
2514,16,860,29,519,10,1194,11
2514,16,860,29,519,10,1259,11
2514,16,860,29,519,10,1260,11
2514,16,860,29,519,10,1312,11
2514,16,860,29,519,10,1388,11
2514,16,860,29,519,10,1391,11
2514,16,860,29,519,10,1422,11
2514,16,860,29,519,10,1556,11
2514,16,860,29,519,10,1568,11
2514,16,860,29,519,10,1599,11
2514,16,860,29,519,10,1747,11
2514,16,860,29,519,10,1773,11
2514,16,860,29,519,10,1799,11
2514,16,860,29,519,10,1818,11
2514,16,860,29,519,10,1873,11
2514,16,860,29,519,10,1940,11
2514,16,860,29,519,10,1956,11
2514,16,860,29,519,10,1997,11
2514,16,860,29,519,10,2068,11
2514,16,860,29,519,10,2079,11
2514,16,860,29,519,10,2123,11
2514,16,860,29,519,10,2196,11
2514,16,860,29,519,10,2206,11
2514,16,860,29,519,10,2216,11
2514,16,860,29,519,10,2244,11
2514,16,860,29,519,10,2259,11
2514,16,860,29,519,10,2261,11
2514,16,860,29,519,10,2289,11
2514,16,860,29,519,10,2359,11
2514,16,860,29,519,10,2370,11
2514,16,860,29,519,10,2405,11
2514,16,860,29,664,46,45,11
2514,16,860,29,664,46,159,11
2514,16,860,29,664,46,272,11
2514,16,860,29,664,46,338,11
2514,16,860,29,664,46,390,11
2514,16,860,29,664,46,457,11
2514,16,860,29,664,46,463,11
2514,16,860,29,664,46,620,11
2514,16,860,29,664,46,700,11
2514,16,860,29,664,46,742,11
2514,16,860,29,664,46,758,11
2514,16,860,29,664,46,879,11
2514,16,860,29,664,46,927,11
2514,16,860,29,664,46,979,11
2514,16,860,29,664,46,1003,11
2514,16,860,29,664,46,1044,11
2514,16,860,29,664,46,1068,11
2514,16,860,29,664,46,1153,11
2514,16,860,29,664,46,1186,11
2514,16,860,29,664,46,1194,11
2514,16,860,29,664,46,1259,11
2514,16,860,29,664,46,1260,11
2514,16,860,29,664,46,1312,11
2514,16,860,29,664,46,1388,11
2514,16,860,29,664,46,1391,11
2514,16,860,29,664,46,1422,11
2514,16,860,29,664,46,1556,11
2514,16,860,29,664,46,1568,11
2514,16,860,29,664,46,1599,11
2514,16,860,29,664,46,1747,11
2514,16,860,29,664,46,1773,11
2514,16,860,29,664,46,1799,11
2514,16,860,29,664,46,1818,11
2514,16,860,29,664,46,1873,11
2514,16,860,29,664,46,1940,11
2514,16,860,29,664,46,1956,11
2514,16,860,29,664,46,1997,11
2514,16,860,29,664,46,2068,11
2514,16,860,29,664,46,2079,11
2514,16,860,29,664,46,2123,11
2514,16,860,29,664,46,2196,11
2514,16,860,29,664,46,2206,11
2514,16,860,29,664,46,2216,11
2514,16,860,29,664,46,2244,11
2514,16,860,29,664,46,2259,11
2514,16,860,29,664,46,2261,11
2514,16,860,29,664,46,2289,11
2514,16,860,29,664,46,2359,11
2514,16,860,29,664,46,2370,11
2514,16,860,29,664,46,2405,11
2514,16,860,29,826,28,45,11
2514,16,860,29,826,28,159,11
2514,16,860,29,826,28,272,11
2514,16,860,29,826,28,338,11
2514,16,860,29,826,28,390,11
2514,16,860,29,826,28,457,11
2514,16,860,29,826,28,463,11
2514,16,860,29,826,28,620,11
2514,16,860,29,826,28,700,11
2514,16,860,29,826,28,742,11
2514,16,860,29,826,28,758,11
2514,16,860,29,826,28,879,11
2514,16,860,29,826,28,927,11
2514,16,860,29,826,28,979,11
2514,16,860,29,826,28,1003,11
2514,16,860,29,826,28,1044,11
2514,16,860,29,826,28,1068,11
2514,16,860,29,826,28,1153,11
2514,16,860,29,826,28,1186,11
2514,16,860,29,826,28,1194,11
2514,16,860,29,826,28,1259,11
2514,16,860,29,826,28,1260,11
2514,16,860,29,826,28,1312,11
2514,16,860,29,826,28,1388,11
2514,16,860,29,826,28,1391,11
2514,16,860,29,826,28,1422,11
2514,16,860,29,826,28,1556,11
2514,16,860,29,826,28,1568,11
2514,16,860,29,826,28,1599,11
2514,16,860,29,826,28,1747,11
2514,16,860,29,826,28,1773,11
2514,16,860,29,826,28,1799,11
2514,16,860,29,826,28,1818,11
2514,16,860,29,826,28,1873,11
2514,16,860,29,826,28,1940,11
2514,16,860,29,826,28,1956,11
2514,16,860,29,826,28,1997,11
2514,16,860,29,826,28,2068,11
2514,16,860,29,826,28,2079,11
2514,16,860,29,826,28,2123,11
2514,16,860,29,826,28,2196,11
2514,16,860,29,826,28,2206,11
2514,16,860,29,826,28,2216,11
2514,16,860,29,826,28,2244,11
2514,16,860,29,826,28,2259,11
2514,16,860,29,826,28,2261,11
2514,16,860,29,826,28,2289,11
2514,16,860,29,826,28,2359,11
2514,16,860,29,826,28,2370,11
2514,16,860,29,826,28,2405,11
2514,16,860,29,1057,38,45,11
2514,16,860,29,1057,38,159,11
2514,16,860,29,1057,38,272,11
2514,16,860,29,1057,38,338,11
2514,16,860,29,1057,38,390,11
2514,16,860,29,1057,38,457,11
2514,16,860,29,1057,38,463,11
2514,16,860,29,1057,38,620,11
2514,16,860,29,1057,38,700,11
2514,16,860,29,1057,38,742,11
2514,16,860,29,1057,38,758,11
2514,16,860,29,1057,38,879,11
2514,16,860,29,1057,38,927,11
2514,16,860,29,1057,38,979,11
2514,16,860,29,1057,38,1003,11
2514,16,860,29,1057,38,1044,11
2514,16,860,29,1057,38,1068,11
2514,16,860,29,1057,38,1153,11
2514,16,860,29,1057,38,1186,11
2514,16,860,29,1057,38,1194,11
2514,16,860,29,1057,38,1259,11
2514,16,860,29,1057,38,1260,11
2514,16,860,29,1057,38,1312,11
2514,16,860,29,1057,38,1388,11
2514,16,860,29,1057,38,1391,11
2514,16,860,29,1057,38,1422,11
2514,16,860,29,1057,38,1556,11
2514,16,860,29,1057,38,1568,11
2514,16,860,29,1057,38,1599,11
2514,16,860,29,1057,38,1747,11
2514,16,860,29,1057,38,1773,11
2514,16,860,29,1057,38,1799,11
2514,16,860,29,1057,38,1818,11
2514,16,860,29,1057,38,1873,11
2514,16,860,29,1057,38,1940,11
2514,16,860,29,1057,38,1956,11
2514,16,860,29,1057,38,1997,11
2514,16,860,29,1057,38,2068,11
2514,16,860,29,1057,38,2079,11
2514,16,860,29,1057,38,2123,11
2514,16,860,29,1057,38,2196,11
2514,16,860,29,1057,38,2206,11
2514,16,860,29,1057,38,2216,11
2514,16,860,29,1057,38,2244,11
2514,16,860,29,1057,38,2259,11
2514,16,860,29,1057,38,2261,11
2514,16,860,29,1057,38,2289,11
2514,16,860,29,1057,38,2359,11
2514,16,860,29,1057,38,2370,11
2514,16,860,29,1057,38,2405,11
2514,16,860,29,1115,27,45,11
2514,16,860,29,1115,27,159,11
2514,16,860,29,1115,27,272,11
2514,16,860,29,1115,27,338,11
2514,16,860,29,1115,27,390,11
2514,16,860,29,1115,27,457,11
2514,16,860,29,1115,27,463,11
2514,16,860,29,1115,27,620,11
2514,16,860,29,1115,27,700,11
2514,16,860,29,1115,27,742,11
2514,16,860,29,1115,27,758,11
2514,16,860,29,1115,27,879,11
2514,16,860,29,1115,27,927,11
2514,16,860,29,1115,27,979,11
2514,16,860,29,1115,27,1003,11
2514,16,860,29,1115,27,1044,11
2514,16,860,29,1115,27,1068,11
2514,16,860,29,1115,27,1153,11
2514,16,860,29,1115,27,1186,11
2514,16,860,29,1115,27,1194,11
2514,16,860,29,1115,27,1259,11
2514,16,860,29,1115,27,1260,11
2514,16,860,29,1115,27,1312,11
2514,16,860,29,1115,27,1388,11
2514,16,860,29,1115,27,1391,11
2514,16,860,29,1115,27,1422,11
2514,16,860,29,1115,27,1556,11
2514,16,860,29,1115,27,1568,11
2514,16,860,29,1115,27,1599,11
2514,16,860,29,1115,27,1747,11
2514,16,860,29,1115,27,1773,11
2514,16,860,29,1115,27,1799,11
2514,16,860,29,1115,27,1818,11
2514,16,860,29,1115,27,1873,11
2514,16,860,29,1115,27,1940,11
2514,16,860,29,1115,27,1956,11
2514,16,860,29,1115,27,1997,11
2514,16,860,29,1115,27,2068,11
2514,16,860,29,1115,27,2079,11
2514,16,860,29,1115,27,2123,11
2514,16,860,29,1115,27,2196,11
2514,16,860,29,1115,27,2206,11
2514,16,860,29,1115,27,2216,11
2514,16,860,29,1115,27,2244,11
2514,16,860,29,1115,27,2259,11
2514,16,860,29,1115,27,2261,11
2514,16,860,29,1115,27,2289,11
2514,16,860,29,1115,27,2359,11
2514,16,860,29,1115,27,2370,11
2514,16,860,29,1115,27,2405,11
2514,16,860,29,1185,17,45,11
2514,16,860,29,1185,17,159,11
2514,16,860,29,1185,17,272,11
2514,16,860,29,1185,17,338,11
2514,16,860,29,1185,17,390,11
2514,16,860,29,1185,17,457,11
2514,16,860,29,1185,17,463,11
2514,16,860,29,1185,17,620,11
2514,16,860,29,1185,17,700,11
2514,16,860,29,1185,17,742,11
2514,16,860,29,1185,17,758,11
2514,16,860,29,1185,17,879,11
2514,16,860,29,1185,17,927,11
2514,16,860,29,1185,17,979,11
2514,16,860,29,1185,17,1003,11
2514,16,860,29,1185,17,1044,11
2514,16,860,29,1185,17,1068,11
2514,16,860,29,1185,17,1153,11
2514,16,860,29,1185,17,1186,11
2514,16,860,29,1185,17,1194,11
2514,16,860,29,1185,17,1259,11
2514,16,860,29,1185,17,1260,11
2514,16,860,29,1185,17,1312,11
2514,16,860,29,1185,17,1388,11
2514,16,860,29,1185,17,1391,11
2514,16,860,29,1185,17,1422,11
2514,16,860,29,1185,17,1556,11
2514,16,860,29,1185,17,1568,11
2514,16,860,29,1185,17,1599,11
2514,16,860,29,1185,17,1747,11
2514,16,860,29,1185,17,1773,11
2514,16,860,29,1185,17,1799,11
2514,16,860,29,1185,17,1818,11
2514,16,860,29,1185,17,1873,11
2514,16,860,29,1185,17,1940,11
2514,16,860,29,1185,17,1956,11
2514,16,860,29,1185,17,1997,11
2514,16,860,29,1185,17,2068,11
2514,16,860,29,1185,17,2079,11
2514,16,860,29,1185,17,2123,11
2514,16,860,29,1185,17,2196,11
2514,16,860,29,1185,17,2206,11
2514,16,860,29,1185,17,2216,11
2514,16,860,29,1185,17,2244,11
2514,16,860,29,1185,17,2259,11
2514,16,860,29,1185,17,2261,11
2514,16,860,29,1185,17,2289,11
2514,16,860,29,1185,17,2359,11
2514,16,860,29,1185,17,2370,11
2514,16,860,29,1185,17,2405,11
2514,16,860,29,1212,49,45,11
2514,16,860,29,1212,49,390,11
2514,16,860,29,1212,49,620,11
2514,16,860,29,1212,49,979,11
2514,16,860,29,1212,49,1799,11
2514,16,860,29,1212,49,1956,11
2514,16,860,29,1212,49,2206,11
2514,16,860,29,1212,49,2244,11
2514,16,860,29,1212,49,2261,11
2514,16,860,29,1212,49,2359,11
2514,16,860,29,1236,12,45,11
2514,16,860,29,1236,12,159,11
2514,16,860,29,1236,12,272,11
2514,16,860,29,1236,12,338,11
2514,16,860,29,1236,12,390,11
2514,16,860,29,1236,12,457,11
2514,16,860,29,1236,12,463,11
2514,16,860,29,1236,12,620,11
2514,16,860,29,1236,12,700,11
2514,16,860,29,1236,12,742,11
2514,16,860,29,1236,12,758,11
2514,16,860,29,1236,12,879,11
2514,16,860,29,1236,12,927,11
2514,16,860,29,1236,12,979,11
2514,16,860,29,1236,12,1003,11
2514,16,860,29,1236,12,1044,11
2514,16,860,29,1236,12,1068,11
2514,16,860,29,1236,12,1153,11
2514,16,860,29,1236,12,1186,11
2514,16,860,29,1236,12,1194,11
2514,16,860,29,1236,12,1259,11
2514,16,860,29,1236,12,1260,11
2514,16,860,29,1236,12,1312,11
2514,16,860,29,1236,12,1388,11
2514,16,860,29,1236,12,1391,11
2514,16,860,29,1236,12,1422,11
2514,16,860,29,1236,12,1556,11
2514,16,860,29,1236,12,1568,11
2514,16,860,29,1236,12,1599,11
2514,16,860,29,1236,12,1747,11
2514,16,860,29,1236,12,1773,11
2514,16,860,29,1236,12,1799,11
2514,16,860,29,1236,12,1818,11
2514,16,860,29,1236,12,1873,11
2514,16,860,29,1236,12,1940,11
2514,16,860,29,1236,12,1956,11
2514,16,860,29,1236,12,1997,11
2514,16,860,29,1236,12,2068,11
2514,16,860,29,1236,12,2079,11
2514,16,860,29,1236,12,2123,11
2514,16,860,29,1236,12,2196,11
2514,16,860,29,1236,12,2206,11
2514,16,860,29,1236,12,2216,11
2514,16,860,29,1236,12,2244,11
2514,16,860,29,1236,12,2259,11
2514,16,860,29,1236,12,2261,11
2514,16,860,29,1236,12,2289,11
2514,16,860,29,1236,12,2359,11
2514,16,860,29,1236,12,2370,11
2514,16,860,29,1236,12,2405,11
2514,16,860,29,1248,35,45,11
2514,16,860,29,1248,35,159,11
2514,16,860,29,1248,35,272,11
2514,16,860,29,1248,35,338,11
2514,16,860,29,1248,35,390,11
2514,16,860,29,1248,35,457,11
2514,16,860,29,1248,35,463,11
2514,16,860,29,1248,35,620,11
2514,16,860,29,1248,35,700,11
2514,16,860,29,1248,35,742,11
2514,16,860,29,1248,35,758,11
2514,16,860,29,1248,35,879,11
2514,16,860,29,1248,35,927,11
2514,16,860,29,1248,35,979,11
2514,16,860,29,1248,35,1003,11
2514,16,860,29,1248,35,1044,11
2514,16,860,29,1248,35,1068,11
2514,16,860,29,1248,35,1153,11
2514,16,860,29,1248,35,1186,11
2514,16,860,29,1248,35,1194,11
2514,16,860,29,1248,35,1259,11
2514,16,860,29,1248,35,1260,11
2514,16,860,29,1248,35,1312,11
2514,16,860,29,1248,35,1388,11
2514,16,860,29,1248,35,1391,11
2514,16,860,29,1248,35,1422,11
2514,16,860,29,1248,35,1556,11
2514,16,860,29,1248,35,1568,11
2514,16,860,29,1248,35,1599,11
2514,16,860,29,1248,35,1747,11
2514,16,860,29,1248,35,1773,11
2514,16,860,29,1248,35,1799,11
2514,16,860,29,1248,35,1818,11
2514,16,860,29,1248,35,1873,11
2514,16,860,29,1248,35,1940,11
2514,16,860,29,1248,35,1956,11
2514,16,860,29,1248,35,1997,11
2514,16,860,29,1248,35,2068,11
2514,16,860,29,1248,35,2079,11
2514,16,860,29,1248,35,2123,11
2514,16,860,29,1248,35,2196,11
2514,16,860,29,1248,35,2206,11
2514,16,860,29,1248,35,2216,11
2514,16,860,29,1248,35,2244,11
2514,16,860,29,1248,35,2259,11
2514,16,860,29,1248,35,2261,11
2514,16,860,29,1248,35,2289,11
2514,16,860,29,1248,35,2359,11
2514,16,860,29,1248,35,2370,11
2514,16,860,29,1248,35,2405,11
2514,16,860,29,1564,12,45,11
2514,16,860,29,1564,12,159,11
2514,16,860,29,1564,12,272,11
2514,16,860,29,1564,12,338,11
2514,16,860,29,1564,12,390,11
2514,16,860,29,1564,12,457,11
2514,16,860,29,1564,12,463,11
2514,16,860,29,1564,12,620,11
2514,16,860,29,1564,12,700,11
2514,16,860,29,1564,12,742,11
2514,16,860,29,1564,12,758,11
2514,16,860,29,1564,12,879,11
2514,16,860,29,1564,12,927,11
2514,16,860,29,1564,12,979,11
2514,16,860,29,1564,12,1003,11
2514,16,860,29,1564,12,1044,11
2514,16,860,29,1564,12,1068,11
2514,16,860,29,1564,12,1153,11
2514,16,860,29,1564,12,1186,11
2514,16,860,29,1564,12,1194,11
2514,16,860,29,1564,12,1259,11
2514,16,860,29,1564,12,1260,11
2514,16,860,29,1564,12,1312,11
2514,16,860,29,1564,12,1388,11
2514,16,860,29,1564,12,1391,11
2514,16,860,29,1564,12,1422,11
2514,16,860,29,1564,12,1556,11
2514,16,860,29,1564,12,1568,11
2514,16,860,29,1564,12,1599,11
2514,16,860,29,1564,12,1747,11
2514,16,860,29,1564,12,1773,11
2514,16,860,29,1564,12,1799,11
2514,16,860,29,1564,12,1818,11
2514,16,860,29,1564,12,1873,11
2514,16,860,29,1564,12,1940,11
2514,16,860,29,1564,12,1956,11
2514,16,860,29,1564,12,1997,11
2514,16,860,29,1564,12,2068,11
2514,16,860,29,1564,12,2079,11
2514,16,860,29,1564,12,2123,11
2514,16,860,29,1564,12,2196,11
2514,16,860,29,1564,12,2206,11
2514,16,860,29,1564,12,2216,11
2514,16,860,29,1564,12,2244,11
2514,16,860,29,1564,12,2259,11
2514,16,860,29,1564,12,2261,11
2514,16,860,29,1564,12,2289,11
2514,16,860,29,1564,12,2359,11
2514,16,860,29,1564,12,2370,11
2514,16,860,29,1564,12,2405,11
2514,16,860,29,1615,47,45,11
2514,16,860,29,1615,47,159,11
2514,16,860,29,1615,47,272,11
2514,16,860,29,1615,47,338,11
2514,16,860,29,1615,47,390,11
2514,16,860,29,1615,47,457,11
2514,16,860,29,1615,47,463,11
2514,16,860,29,1615,47,620,11
2514,16,860,29,1615,47,700,11
2514,16,860,29,1615,47,742,11
2514,16,860,29,1615,47,758,11
2514,16,860,29,1615,47,879,11
2514,16,860,29,1615,47,927,11
2514,16,860,29,1615,47,979,11
2514,16,860,29,1615,47,1003,11
2514,16,860,29,1615,47,1044,11
2514,16,860,29,1615,47,1068,11
2514,16,860,29,1615,47,1153,11
2514,16,860,29,1615,47,1186,11
2514,16,860,29,1615,47,1194,11
2514,16,860,29,1615,47,1259,11
2514,16,860,29,1615,47,1260,11
2514,16,860,29,1615,47,1312,11
2514,16,860,29,1615,47,1388,11
2514,16,860,29,1615,47,1391,11
2514,16,860,29,1615,47,1422,11
2514,16,860,29,1615,47,1556,11
2514,16,860,29,1615,47,1568,11
2514,16,860,29,1615,47,1599,11
2514,16,860,29,1615,47,1747,11
2514,16,860,29,1615,47,1773,11
2514,16,860,29,1615,47,1799,11
2514,16,860,29,1615,47,1818,11
2514,16,860,29,1615,47,1873,11
2514,16,860,29,1615,47,1940,11
2514,16,860,29,1615,47,1956,11
2514,16,860,29,1615,47,1997,11
2514,16,860,29,1615,47,2068,11
2514,16,860,29,1615,47,2079,11
2514,16,860,29,1615,47,2123,11
2514,16,860,29,1615,47,2196,11
2514,16,860,29,1615,47,2206,11
2514,16,860,29,1615,47,2216,11
2514,16,860,29,1615,47,2244,11
2514,16,860,29,1615,47,2259,11
2514,16,860,29,1615,47,2261,11
2514,16,860,29,1615,47,2289,11
2514,16,860,29,1615,47,2359,11
2514,16,860,29,1615,47,2370,11
2514,16,860,29,1615,47,2405,11
2514,16,860,29,1794,29,159,11
2514,16,860,29,1794,29,272,11
2514,16,860,29,1794,29,457,11
2514,16,860,29,1794,29,463,11
2514,16,860,29,1794,29,700,11
2514,16,860,29,1794,29,879,11
2514,16,860,29,1794,29,927,11
2514,16,860,29,1794,29,1003,11
2514,16,860,29,1794,29,1068,11
2514,16,860,29,1794,29,1153,11
2514,16,860,29,1794,29,1194,11
2514,16,860,29,1794,29,1260,11
2514,16,860,29,1794,29,1388,11
2514,16,860,29,1794,29,1391,11
2514,16,860,29,1794,29,1422,11
2514,16,860,29,1794,29,1556,11
2514,16,860,29,1794,29,1568,11
2514,16,860,29,1794,29,1599,11
2514,16,860,29,1794,29,1747,11
2514,16,860,29,1794,29,1818,11
2514,16,860,29,1794,29,1873,11
2514,16,860,29,1794,29,1940,11
2514,16,860,29,1794,29,2068,11
2514,16,860,29,1794,29,2079,11
2514,16,860,29,1794,29,2123,11
2514,16,860,29,1794,29,2196,11
2514,16,860,29,1794,29,2216,11
2514,16,860,29,1794,29,2259,11
2514,16,860,29,1794,29,2370,11
2514,16,860,29,1794,29,2405,11
