2514,16,267,38,164,26,45,11
2514,16,267,38,164,26,159,11
2514,16,267,38,164,26,272,11
2514,16,267,38,164,26,338,11
2514,16,267,38,164,26,390,11
2514,16,267,38,164,26,457,11
2514,16,267,38,164,26,463,11
2514,16,267,38,164,26,620,11
2514,16,267,38,164,26,700,11
2514,16,267,38,164,26,742,11
2514,16,267,38,164,26,758,11
2514,16,267,38,164,26,879,11
2514,16,267,38,164,26,927,11
2514,16,267,38,164,26,979,11
2514,16,267,38,164,26,1003,11
2514,16,267,38,164,26,1044,11
2514,16,267,38,164,26,1068,11
2514,16,267,38,164,26,1153,11
2514,16,267,38,164,26,1186,11
2514,16,267,38,164,26,1194,11
2514,16,267,38,164,26,1259,11
2514,16,267,38,164,26,1260,11
2514,16,267,38,164,26,1312,11
2514,16,267,38,164,26,1388,11
2514,16,267,38,164,26,1391,11
2514,16,267,38,164,26,1422,11
2514,16,267,38,164,26,1556,11
2514,16,267,38,164,26,1568,11
2514,16,267,38,164,26,1599,11
2514,16,267,38,164,26,1747,11
2514,16,267,38,164,26,1773,11
2514,16,267,38,164,26,1799,11
2514,16,267,38,164,26,1818,11
2514,16,267,38,164,26,1873,11
2514,16,267,38,164,26,1940,11
2514,16,267,38,164,26,1956,11
2514,16,267,38,164,26,1997,11
2514,16,267,38,164,26,2068,11
2514,16,267,38,164,26,2079,11
2514,16,267,38,164,26,2123,11
2514,16,267,38,164,26,2196,11
2514,16,267,38,164,26,2206,11
2514,16,267,38,164,26,2216,11
2514,16,267,38,164,26,2244,11
2514,16,267,38,164,26,2259,11
2514,16,267,38,164,26,2261,11
2514,16,267,38,164,26,2289,11
2514,16,267,38,164,26,2359,11
2514,16,267,38,164,26,2370,11
2514,16,267,38,164,26,2405,11
2514,16,267,38,308,15,45,11
2514,16,267,38,308,15,159,11
2514,16,267,38,308,15,272,11
2514,16,267,38,308,15,338,11
2514,16,267,38,308,15,390,11
2514,16,267,38,308,15,457,11
2514,16,267,38,308,15,463,11
2514,16,267,38,308,15,620,11
2514,16,267,38,308,15,700,11
2514,16,267,38,308,15,742,11
2514,16,267,38,308,15,758,11
2514,16,267,38,308,15,879,11
2514,16,267,38,308,15,927,11
2514,16,267,38,308,15,979,11
2514,16,267,38,308,15,1003,11
2514,16,267,38,308,15,1044,11
2514,16,267,38,308,15,1068,11
2514,16,267,38,308,15,1153,11
2514,16,267,38,308,15,1186,11
2514,16,267,38,308,15,1194,11
2514,16,267,38,308,15,1259,11
2514,16,267,38,308,15,1260,11
2514,16,267,38,308,15,1312,11
2514,16,267,38,308,15,1388,11
2514,16,267,38,308,15,1391,11
2514,16,267,38,308,15,1422,11
2514,16,267,38,308,15,1556,11
2514,16,267,38,308,15,1568,11
2514,16,267,38,308,15,1599,11
2514,16,267,38,308,15,1747,11
2514,16,267,38,308,15,1773,11
2514,16,267,38,308,15,1799,11
2514,16,267,38,308,15,1818,11
2514,16,267,38,308,15,1873,11
2514,16,267,38,308,15,1940,11
2514,16,267,38,308,15,1956,11
2514,16,267,38,308,15,1997,11
2514,16,267,38,308,15,2068,11
2514,16,267,38,308,15,2079,11
2514,16,267,38,308,15,2123,11
2514,16,267,38,308,15,2196,11
2514,16,267,38,308,15,2206,11
2514,16,267,38,308,15,2216,11
2514,16,267,38,308,15,2244,11
2514,16,267,38,308,15,2259,11
2514,16,267,38,308,15,2261,11
2514,16,267,38,308,15,2289,11
2514,16,267,38,308,15,2359,11
2514,16,267,38,308,15,2370,11
2514,16,267,38,308,15,2405,11
2514,16,267,38,353,12,45,11
2514,16,267,38,353,12,159,11
2514,16,267,38,353,12,272,11
2514,16,267,38,353,12,338,11
2514,16,267,38,353,12,390,11
2514,16,267,38,353,12,457,11
2514,16,267,38,353,12,463,11
2514,16,267,38,353,12,620,11
2514,16,267,38,353,12,700,11
2514,16,267,38,353,12,742,11
2514,16,267,38,353,12,758,11
2514,16,267,38,353,12,879,11
2514,16,267,38,353,12,927,11
2514,16,267,38,353,12,979,11
2514,16,267,38,353,12,1003,11
2514,16,267,38,353,12,1044,11
2514,16,267,38,353,12,1068,11
2514,16,267,38,353,12,1153,11
2514,16,267,38,353,12,1186,11
2514,16,267,38,353,12,1194,11
2514,16,267,38,353,12,1259,11
2514,16,267,38,353,12,1260,11
2514,16,267,38,353,12,1312,11
2514,16,267,38,353,12,1388,11
2514,16,267,38,353,12,1391,11
2514,16,267,38,353,12,1422,11
2514,16,267,38,353,12,1556,11
2514,16,267,38,353,12,1568,11
2514,16,267,38,353,12,1599,11
2514,16,267,38,353,12,1747,11
2514,16,267,38,353,12,1773,11
2514,16,267,38,353,12,1799,11
2514,16,267,38,353,12,1818,11
2514,16,267,38,353,12,1873,11
2514,16,267,38,353,12,1940,11
2514,16,267,38,353,12,1956,11
2514,16,267,38,353,12,1997,11
2514,16,267,38,353,12,2068,11
2514,16,267,38,353,12,2079,11
2514,16,267,38,353,12,2123,11
2514,16,267,38,353,12,2196,11
2514,16,267,38,353,12,2206,11
2514,16,267,38,353,12,2216,11
2514,16,267,38,353,12,2244,11
2514,16,267,38,353,12,2259,11
2514,16,267,38,353,12,2261,11
2514,16,267,38,353,12,2289,11
2514,16,267,38,353,12,2359,11
2514,16,267,38,353,12,2370,11
2514,16,267,38,353,12,2405,11
2514,16,267,38,619,16,45,11
2514,16,267,38,619,16,159,11
2514,16,267,38,619,16,272,11
2514,16,267,38,619,16,338,11
2514,16,267,38,619,16,390,11
2514,16,267,38,619,16,457,11
2514,16,267,38,619,16,463,11
2514,16,267,38,619,16,620,11
2514,16,267,38,619,16,700,11
2514,16,267,38,619,16,742,11
2514,16,267,38,619,16,758,11
2514,16,267,38,619,16,879,11
2514,16,267,38,619,16,927,11
2514,16,267,38,619,16,979,11
2514,16,267,38,619,16,1003,11
2514,16,267,38,619,16,1044,11
2514,16,267,38,619,16,1068,11
2514,16,267,38,619,16,1153,11
2514,16,267,38,619,16,1186,11
2514,16,267,38,619,16,1194,11
2514,16,267,38,619,16,1259,11
2514,16,267,38,619,16,1260,11
2514,16,267,38,619,16,1312,11
2514,16,267,38,619,16,1388,11
2514,16,267,38,619,16,1391,11
2514,16,267,38,619,16,1422,11
2514,16,267,38,619,16,1556,11
2514,16,267,38,619,16,1568,11
2514,16,267,38,619,16,1599,11
2514,16,267,38,619,16,1747,11
2514,16,267,38,619,16,1773,11
2514,16,267,38,619,16,1799,11
2514,16,267,38,619,16,1818,11
2514,16,267,38,619,16,1873,11
2514,16,267,38,619,16,1940,11
2514,16,267,38,619,16,1956,11
2514,16,267,38,619,16,1997,11
2514,16,267,38,619,16,2068,11
2514,16,267,38,619,16,2079,11
2514,16,267,38,619,16,2123,11
2514,16,267,38,619,16,2196,11
2514,16,267,38,619,16,2206,11
2514,16,267,38,619,16,2216,11
2514,16,267,38,619,16,2244,11
2514,16,267,38,619,16,2259,11
2514,16,267,38,619,16,2261,11
2514,16,267,38,619,16,2289,11
2514,16,267,38,619,16,2359,11
2514,16,267,38,619,16,2370,11
2514,16,267,38,619,16,2405,11
2514,16,267,38,681,9,159,11
2514,16,267,38,681,9,272,11
2514,16,267,38,681,9,338,11
2514,16,267,38,681,9,457,11
2514,16,267,38,681,9,463,11
2514,16,267,38,681,9,700,11
2514,16,267,38,681,9,742,11
2514,16,267,38,681,9,758,11
2514,16,267,38,681,9,879,11
2514,16,267,38,681,9,927,11
2514,16,267,38,681,9,1003,11
2514,16,267,38,681,9,1044,11
2514,16,267,38,681,9,1068,11
2514,16,267,38,681,9,1153,11
2514,16,267,38,681,9,1186,11
2514,16,267,38,681,9,1194,11
2514,16,267,38,681,9,1259,11
2514,16,267,38,681,9,1260,11
2514,16,267,38,681,9,1312,11
2514,16,267,38,681,9,1388,11
2514,16,267,38,681,9,1391,11
2514,16,267,38,681,9,1422,11
2514,16,267,38,681,9,1556,11
2514,16,267,38,681,9,1568,11
2514,16,267,38,681,9,1599,11
2514,16,267,38,681,9,1747,11
2514,16,267,38,681,9,1773,11
2514,16,267,38,681,9,1818,11
2514,16,267,38,681,9,1873,11
2514,16,267,38,681,9,1940,11
2514,16,267,38,681,9,1997,11
2514,16,267,38,681,9,2068,11
2514,16,267,38,681,9,2079,11
2514,16,267,38,681,9,2123,11
2514,16,267,38,681,9,2196,11
2514,16,267,38,681,9,2216,11
2514,16,267,38,681,9,2259,11
2514,16,267,38,681,9,2289,11
2514,16,267,38,681,9,2370,11
2514,16,267,38,681,9,2405,11
2514,16,267,38,705,15,45,11
2514,16,267,38,705,15,159,11
2514,16,267,38,705,15,272,11
2514,16,267,38,705,15,338,11
2514,16,267,38,705,15,390,11
2514,16,267,38,705,15,457,11
2514,16,267,38,705,15,463,11
2514,16,267,38,705,15,620,11
2514,16,267,38,705,15,700,11
2514,16,267,38,705,15,742,11
2514,16,267,38,705,15,758,11
2514,16,267,38,705,15,879,11
2514,16,267,38,705,15,927,11
2514,16,267,38,705,15,979,11
2514,16,267,38,705,15,1003,11
2514,16,267,38,705,15,1044,11
2514,16,267,38,705,15,1068,11
2514,16,267,38,705,15,1153,11
2514,16,267,38,705,15,1186,11
2514,16,267,38,705,15,1194,11
2514,16,267,38,705,15,1259,11
2514,16,267,38,705,15,1260,11
2514,16,267,38,705,15,1312,11
2514,16,267,38,705,15,1388,11
2514,16,267,38,705,15,1391,11
2514,16,267,38,705,15,1422,11
2514,16,267,38,705,15,1556,11
2514,16,267,38,705,15,1568,11
2514,16,267,38,705,15,1599,11
2514,16,267,38,705,15,1747,11
2514,16,267,38,705,15,1773,11
2514,16,267,38,705,15,1799,11
2514,16,267,38,705,15,1818,11
2514,16,267,38,705,15,1873,11
2514,16,267,38,705,15,1940,11
2514,16,267,38,705,15,1956,11
2514,16,267,38,705,15,1997,11
2514,16,267,38,705,15,2068,11
2514,16,267,38,705,15,2079,11
2514,16,267,38,705,15,2123,11
2514,16,267,38,705,15,2196,11
2514,16,267,38,705,15,2206,11
2514,16,267,38,705,15,2216,11
2514,16,267,38,705,15,2244,11
2514,16,267,38,705,15,2259,11
2514,16,267,38,705,15,2261,11
2514,16,267,38,705,15,2289,11
2514,16,267,38,705,15,2359,11
2514,16,267,38,705,15,2370,11
2514,16,267,38,705,15,2405,11
2514,16,267,38,800,19,45,11
2514,16,267,38,800,19,159,11
2514,16,267,38,800,19,272,11
2514,16,267,38,800,19,338,11
2514,16,267,38,800,19,390,11
2514,16,267,38,800,19,457,11
2514,16,267,38,800,19,463,11
2514,16,267,38,800,19,620,11
2514,16,267,38,800,19,700,11
2514,16,267,38,800,19,742,11
2514,16,267,38,800,19,758,11
2514,16,267,38,800,19,879,11
2514,16,267,38,800,19,927,11
2514,16,267,38,800,19,979,11
2514,16,267,38,800,19,1003,11
2514,16,267,38,800,19,1044,11
2514,16,267,38,800,19,1068,11
2514,16,267,38,800,19,1153,11
2514,16,267,38,800,19,1186,11
2514,16,267,38,800,19,1194,11
2514,16,267,38,800,19,1259,11
2514,16,267,38,800,19,1260,11
2514,16,267,38,800,19,1312,11
2514,16,267,38,800,19,1388,11
2514,16,267,38,800,19,1391,11
2514,16,267,38,800,19,1422,11
2514,16,267,38,800,19,1556,11
2514,16,267,38,800,19,1568,11
2514,16,267,38,800,19,1599,11
2514,16,267,38,800,19,1747,11
2514,16,267,38,800,19,1773,11
2514,16,267,38,800,19,1799,11
2514,16,267,38,800,19,1818,11
2514,16,267,38,800,19,1873,11
2514,16,267,38,800,19,1940,11
2514,16,267,38,800,19,1956,11
2514,16,267,38,800,19,1997,11
2514,16,267,38,800,19,2068,11
2514,16,267,38,800,19,2079,11
2514,16,267,38,800,19,2123,11
2514,16,267,38,800,19,2196,11
2514,16,267,38,800,19,2206,11
2514,16,267,38,800,19,2216,11
2514,16,267,38,800,19,2244,11
2514,16,267,38,800,19,2259,11
2514,16,267,38,800,19,2261,11
2514,16,267,38,800,19,2289,11
2514,16,267,38,800,19,2359,11
2514,16,267,38,800,19,2370,11
2514,16,267,38,800,19,2405,11
2514,16,267,38,887,38,45,11
2514,16,267,38,887,38,159,11
2514,16,267,38,887,38,272,11
2514,16,267,38,887,38,338,11
2514,16,267,38,887,38,390,11
2514,16,267,38,887,38,457,11
2514,16,267,38,887,38,463,11
2514,16,267,38,887,38,620,11
2514,16,267,38,887,38,700,11
2514,16,267,38,887,38,742,11
2514,16,267,38,887,38,758,11
2514,16,267,38,887,38,879,11
2514,16,267,38,887,38,927,11
2514,16,267,38,887,38,979,11
2514,16,267,38,887,38,1003,11
2514,16,267,38,887,38,1044,11
2514,16,267,38,887,38,1068,11
2514,16,267,38,887,38,1153,11
2514,16,267,38,887,38,1186,11
2514,16,267,38,887,38,1194,11
2514,16,267,38,887,38,1259,11
2514,16,267,38,887,38,1260,11
2514,16,267,38,887,38,1312,11
2514,16,267,38,887,38,1388,11
2514,16,267,38,887,38,1391,11
2514,16,267,38,887,38,1422,11
2514,16,267,38,887,38,1556,11
2514,16,267,38,887,38,1568,11
2514,16,267,38,887,38,1599,11
2514,16,267,38,887,38,1747,11
2514,16,267,38,887,38,1773,11
2514,16,267,38,887,38,1799,11
2514,16,267,38,887,38,1818,11
2514,16,267,38,887,38,1873,11
2514,16,267,38,887,38,1940,11
2514,16,267,38,887,38,1956,11
2514,16,267,38,887,38,1997,11
2514,16,267,38,887,38,2068,11
2514,16,267,38,887,38,2079,11
2514,16,267,38,887,38,2123,11
2514,16,267,38,887,38,2196,11
2514,16,267,38,887,38,2206,11
2514,16,267,38,887,38,2216,11
2514,16,267,38,887,38,2244,11
2514,16,267,38,887,38,2259,11
2514,16,267,38,887,38,2261,11
2514,16,267,38,887,38,2289,11
2514,16,267,38,887,38,2359,11
2514,16,267,38,887,38,2370,11
2514,16,267,38,887,38,2405,11
2514,16,267,38,901,26,45,11
2514,16,267,38,901,26,159,11
2514,16,267,38,901,26,272,11
2514,16,267,38,901,26,338,11
2514,16,267,38,901,26,390,11
2514,16,267,38,901,26,457,11
2514,16,267,38,901,26,463,11
2514,16,267,38,901,26,620,11
2514,16,267,38,901,26,700,11
2514,16,267,38,901,26,742,11
2514,16,267,38,901,26,758,11
2514,16,267,38,901,26,879,11
2514,16,267,38,901,26,927,11
2514,16,267,38,901,26,979,11
2514,16,267,38,901,26,1003,11
2514,16,267,38,901,26,1044,11
2514,16,267,38,901,26,1068,11
2514,16,267,38,901,26,1153,11
2514,16,267,38,901,26,1186,11
2514,16,267,38,901,26,1194,11
2514,16,267,38,901,26,1259,11
2514,16,267,38,901,26,1260,11
2514,16,267,38,901,26,1312,11
2514,16,267,38,901,26,1388,11
2514,16,267,38,901,26,1391,11
2514,16,267,38,901,26,1422,11
2514,16,267,38,901,26,1556,11
2514,16,267,38,901,26,1568,11
2514,16,267,38,901,26,1599,11
2514,16,267,38,901,26,1747,11
2514,16,267,38,901,26,1773,11
2514,16,267,38,901,26,1799,11
2514,16,267,38,901,26,1818,11
2514,16,267,38,901,26,1873,11
2514,16,267,38,901,26,1940,11
2514,16,267,38,901,26,1956,11
2514,16,267,38,901,26,1997,11
2514,16,267,38,901,26,2068,11
2514,16,267,38,901,26,2079,11
2514,16,267,38,901,26,2123,11
2514,16,267,38,901,26,2196,11
2514,16,267,38,901,26,2206,11
2514,16,267,38,901,26,2216,11
2514,16,267,38,901,26,2244,11
2514,16,267,38,901,26,2259,11
2514,16,267,38,901,26,2261,11
2514,16,267,38,901,26,2289,11
2514,16,267,38,901,26,2359,11
2514,16,267,38,901,26,2370,11
2514,16,267,38,901,26,2405,11
2514,16,267,38,954,34,45,11
2514,16,267,38,954,34,159,11
2514,16,267,38,954,34,272,11
2514,16,267,38,954,34,338,11
2514,16,267,38,954,34,390,11
2514,16,267,38,954,34,457,11
2514,16,267,38,954,34,463,11
2514,16,267,38,954,34,620,11
2514,16,267,38,954,34,700,11
2514,16,267,38,954,34,742,11
2514,16,267,38,954,34,758,11
2514,16,267,38,954,34,879,11
2514,16,267,38,954,34,927,11
2514,16,267,38,954,34,979,11
2514,16,267,38,954,34,1003,11
2514,16,267,38,954,34,1044,11
2514,16,267,38,954,34,1068,11
2514,16,267,38,954,34,1153,11
2514,16,267,38,954,34,1186,11
2514,16,267,38,954,34,1194,11
2514,16,267,38,954,34,1259,11
2514,16,267,38,954,34,1260,11
2514,16,267,38,954,34,1312,11
2514,16,267,38,954,34,1388,11
2514,16,267,38,954,34,1391,11
2514,16,267,38,954,34,1422,11
2514,16,267,38,954,34,1556,11
2514,16,267,38,954,34,1568,11
2514,16,267,38,954,34,1599,11
2514,16,267,38,954,34,1747,11
2514,16,267,38,954,34,1773,11
2514,16,267,38,954,34,1799,11
2514,16,267,38,954,34,1818,11
2514,16,267,38,954,34,1873,11
2514,16,267,38,954,34,1940,11
2514,16,267,38,954,34,1956,11
2514,16,267,38,954,34,1997,11
2514,16,267,38,954,34,2068,11
2514,16,267,38,954,34,2079,11
2514,16,267,38,954,34,2123,11
2514,16,267,38,954,34,2196,11
2514,16,267,38,954,34,2206,11
2514,16,267,38,954,34,2216,11
2514,16,267,38,954,34,2244,11
2514,16,267,38,954,34,2259,11
2514,16,267,38,954,34,2261,11
2514,16,267,38,954,34,2289,11
2514,16,267,38,954,34,2359,11
2514,16,267,38,954,34,2370,11
2514,16,267,38,954,34,2405,11
2514,16,267,38,1156,33,45,11
2514,16,267,38,1156,33,159,11
2514,16,267,38,1156,33,272,11
2514,16,267,38,1156,33,338,11
2514,16,267,38,1156,33,390,11
2514,16,267,38,1156,33,457,11
2514,16,267,38,1156,33,463,11
2514,16,267,38,1156,33,620,11
2514,16,267,38,1156,33,700,11
2514,16,267,38,1156,33,742,11
2514,16,267,38,1156,33,758,11
2514,16,267,38,1156,33,879,11
2514,16,267,38,1156,33,927,11
2514,16,267,38,1156,33,979,11
2514,16,267,38,1156,33,1003,11
2514,16,267,38,1156,33,1044,11
2514,16,267,38,1156,33,1068,11
2514,16,267,38,1156,33,1153,11
2514,16,267,38,1156,33,1186,11
2514,16,267,38,1156,33,1194,11
2514,16,267,38,1156,33,1259,11
2514,16,267,38,1156,33,1260,11
2514,16,267,38,1156,33,1312,11
2514,16,267,38,1156,33,1388,11
2514,16,267,38,1156,33,1391,11
2514,16,267,38,1156,33,1422,11
2514,16,267,38,1156,33,1556,11
2514,16,267,38,1156,33,1568,11
2514,16,267,38,1156,33,1599,11
2514,16,267,38,1156,33,1747,11
2514,16,267,38,1156,33,1773,11
2514,16,267,38,1156,33,1799,11
2514,16,267,38,1156,33,1818,11
2514,16,267,38,1156,33,1873,11
2514,16,267,38,1156,33,1940,11
2514,16,267,38,1156,33,1956,11
2514,16,267,38,1156,33,1997,11
2514,16,267,38,1156,33,2068,11
2514,16,267,38,1156,33,2079,11
2514,16,267,38,1156,33,2123,11
2514,16,267,38,1156,33,2196,11
2514,16,267,38,1156,33,2206,11
2514,16,267,38,1156,33,2216,11
2514,16,267,38,1156,33,2244,11
2514,16,267,38,1156,33,2259,11
2514,16,267,38,1156,33,2261,11
2514,16,267,38,1156,33,2289,11
2514,16,267,38,1156,33,2359,11
2514,16,267,38,1156,33,2370,11
2514,16,267,38,1156,33,2405,11
2514,16,267,38,1436,44,45,11
2514,16,267,38,1436,44,159,11
2514,16,267,38,1436,44,272,11
2514,16,267,38,1436,44,338,11
2514,16,267,38,1436,44,390,11
2514,16,267,38,1436,44,457,11
2514,16,267,38,1436,44,463,11
2514,16,267,38,1436,44,620,11
2514,16,267,38,1436,44,700,11
2514,16,267,38,1436,44,742,11
2514,16,267,38,1436,44,758,11
2514,16,267,38,1436,44,879,11
2514,16,267,38,1436,44,927,11
2514,16,267,38,1436,44,979,11
2514,16,267,38,1436,44,1003,11
2514,16,267,38,1436,44,1044,11
2514,16,267,38,1436,44,1068,11
2514,16,267,38,1436,44,1153,11
2514,16,267,38,1436,44,1186,11
2514,16,267,38,1436,44,1194,11
2514,16,267,38,1436,44,1259,11
2514,16,267,38,1436,44,1260,11
2514,16,267,38,1436,44,1312,11
2514,16,267,38,1436,44,1388,11
2514,16,267,38,1436,44,1391,11
2514,16,267,38,1436,44,1422,11
2514,16,267,38,1436,44,1556,11
2514,16,267,38,1436,44,1568,11
2514,16,267,38,1436,44,1599,11
2514,16,267,38,1436,44,1747,11
2514,16,267,38,1436,44,1773,11
2514,16,267,38,1436,44,1799,11
2514,16,267,38,1436,44,1818,11
2514,16,267,38,1436,44,1873,11
2514,16,267,38,1436,44,1940,11
2514,16,267,38,1436,44,1956,11
2514,16,267,38,1436,44,1997,11
2514,16,267,38,1436,44,2068,11
2514,16,267,38,1436,44,2079,11
2514,16,267,38,1436,44,2123,11
2514,16,267,38,1436,44,2196,11
2514,16,267,38,1436,44,2206,11
2514,16,267,38,1436,44,2216,11
2514,16,267,38,1436,44,2244,11
2514,16,267,38,1436,44,2259,11
2514,16,267,38,1436,44,2261,11
2514,16,267,38,1436,44,2289,11
2514,16,267,38,1436,44,2359,11
2514,16,267,38,1436,44,2370,11
2514,16,267,38,1436,44,2405,11
2514,16,267,38,1468,45,45,11
2514,16,267,38,1468,45,159,11
2514,16,267,38,1468,45,272,11
2514,16,267,38,1468,45,338,11
2514,16,267,38,1468,45,390,11
2514,16,267,38,1468,45,457,11
2514,16,267,38,1468,45,463,11
2514,16,267,38,1468,45,620,11
2514,16,267,38,1468,45,700,11
2514,16,267,38,1468,45,742,11
2514,16,267,38,1468,45,758,11
2514,16,267,38,1468,45,879,11
2514,16,267,38,1468,45,927,11
2514,16,267,38,1468,45,979,11
2514,16,267,38,1468,45,1003,11
2514,16,267,38,1468,45,1044,11
2514,16,267,38,1468,45,1068,11
2514,16,267,38,1468,45,1153,11
2514,16,267,38,1468,45,1186,11
2514,16,267,38,1468,45,1194,11
2514,16,267,38,1468,45,1259,11
2514,16,267,38,1468,45,1260,11
2514,16,267,38,1468,45,1312,11
2514,16,267,38,1468,45,1388,11
2514,16,267,38,1468,45,1391,11
2514,16,267,38,1468,45,1422,11
2514,16,267,38,1468,45,1556,11
2514,16,267,38,1468,45,1568,11
2514,16,267,38,1468,45,1599,11
2514,16,267,38,1468,45,1747,11
2514,16,267,38,1468,45,1773,11
2514,16,267,38,1468,45,1799,11
2514,16,267,38,1468,45,1818,11
2514,16,267,38,1468,45,1873,11
2514,16,267,38,1468,45,1940,11
2514,16,267,38,1468,45,1956,11
2514,16,267,38,1468,45,1997,11
2514,16,267,38,1468,45,2068,11
2514,16,267,38,1468,45,2079,11
2514,16,267,38,1468,45,2123,11
2514,16,267,38,1468,45,2196,11
2514,16,267,38,1468,45,2206,11
2514,16,267,38,1468,45,2216,11
2514,16,267,38,1468,45,2244,11
2514,16,267,38,1468,45,2259,11
2514,16,267,38,1468,45,2261,11
2514,16,267,38,1468,45,2289,11
2514,16,267,38,1468,45,2359,11
2514,16,267,38,1468,45,2370,11
2514,16,267,38,1468,45,2405,11
