2514,16,267,38,27,30,45,11
2514,16,267,38,27,30,159,11
2514,16,267,38,27,30,272,11
2514,16,267,38,27,30,338,11
2514,16,267,38,27,30,390,11
2514,16,267,38,27,30,457,11
2514,16,267,38,27,30,463,11
2514,16,267,38,27,30,620,11
2514,16,267,38,27,30,700,11
2514,16,267,38,27,30,742,11
2514,16,267,38,27,30,758,11
2514,16,267,38,27,30,879,11
2514,16,267,38,27,30,927,11
2514,16,267,38,27,30,979,11
2514,16,267,38,27,30,1003,11
2514,16,267,38,27,30,1044,11
2514,16,267,38,27,30,1068,11
2514,16,267,38,27,30,1153,11
2514,16,267,38,27,30,1186,11
2514,16,267,38,27,30,1194,11
2514,16,267,38,27,30,1259,11
2514,16,267,38,27,30,1260,11
2514,16,267,38,27,30,1312,11
2514,16,267,38,27,30,1388,11
2514,16,267,38,27,30,1391,11
2514,16,267,38,27,30,1422,11
2514,16,267,38,27,30,1556,11
2514,16,267,38,27,30,1568,11
2514,16,267,38,27,30,1599,11
2514,16,267,38,27,30,1747,11
2514,16,267,38,27,30,1773,11
2514,16,267,38,27,30,1799,11
2514,16,267,38,27,30,1818,11
2514,16,267,38,27,30,1873,11
2514,16,267,38,27,30,1940,11
2514,16,267,38,27,30,1956,11
2514,16,267,38,27,30,1997,11
2514,16,267,38,27,30,2068,11
2514,16,267,38,27,30,2079,11
2514,16,267,38,27,30,2123,11
2514,16,267,38,27,30,2196,11
2514,16,267,38,27,30,2206,11
2514,16,267,38,27,30,2216,11
2514,16,267,38,27,30,2244,11
2514,16,267,38,27,30,2259,11
2514,16,267,38,27,30,2261,11
2514,16,267,38,27,30,2289,11
2514,16,267,38,27,30,2359,11
2514,16,267,38,27,30,2370,11
2514,16,267,38,27,30,2405,11
2514,16,267,38,50,41,45,11
2514,16,267,38,50,41,159,11
2514,16,267,38,50,41,272,11
2514,16,267,38,50,41,338,11
2514,16,267,38,50,41,390,11
2514,16,267,38,50,41,457,11
2514,16,267,38,50,41,463,11
2514,16,267,38,50,41,620,11
2514,16,267,38,50,41,700,11
2514,16,267,38,50,41,742,11
2514,16,267,38,50,41,758,11
2514,16,267,38,50,41,879,11
2514,16,267,38,50,41,927,11
2514,16,267,38,50,41,979,11
2514,16,267,38,50,41,1003,11
2514,16,267,38,50,41,1044,11
2514,16,267,38,50,41,1068,11
2514,16,267,38,50,41,1153,11
2514,16,267,38,50,41,1186,11
2514,16,267,38,50,41,1194,11
2514,16,267,38,50,41,1259,11
2514,16,267,38,50,41,1260,11
2514,16,267,38,50,41,1312,11
2514,16,267,38,50,41,1388,11
2514,16,267,38,50,41,1391,11
2514,16,267,38,50,41,1422,11
2514,16,267,38,50,41,1556,11
2514,16,267,38,50,41,1568,11
2514,16,267,38,50,41,1599,11
2514,16,267,38,50,41,1747,11
2514,16,267,38,50,41,1773,11
2514,16,267,38,50,41,1799,11
2514,16,267,38,50,41,1818,11
2514,16,267,38,50,41,1873,11
2514,16,267,38,50,41,1940,11
2514,16,267,38,50,41,1956,11
2514,16,267,38,50,41,1997,11
2514,16,267,38,50,41,2068,11
2514,16,267,38,50,41,2079,11
2514,16,267,38,50,41,2123,11
2514,16,267,38,50,41,2196,11
2514,16,267,38,50,41,2206,11
2514,16,267,38,50,41,2216,11
2514,16,267,38,50,41,2244,11
2514,16,267,38,50,41,2259,11
2514,16,267,38,50,41,2261,11
2514,16,267,38,50,41,2289,11
2514,16,267,38,50,41,2359,11
2514,16,267,38,50,41,2370,11
2514,16,267,38,50,41,2405,11
2514,16,267,38,194,10,159,11
2514,16,267,38,194,10,272,11
2514,16,267,38,194,10,338,11
2514,16,267,38,194,10,457,11
2514,16,267,38,194,10,463,11
2514,16,267,38,194,10,700,11
2514,16,267,38,194,10,742,11
2514,16,267,38,194,10,758,11
2514,16,267,38,194,10,879,11
2514,16,267,38,194,10,927,11
2514,16,267,38,194,10,1003,11
2514,16,267,38,194,10,1044,11
2514,16,267,38,194,10,1068,11
2514,16,267,38,194,10,1153,11
2514,16,267,38,194,10,1186,11
2514,16,267,38,194,10,1194,11
2514,16,267,38,194,10,1259,11
2514,16,267,38,194,10,1260,11
2514,16,267,38,194,10,1312,11
2514,16,267,38,194,10,1388,11
2514,16,267,38,194,10,1391,11
2514,16,267,38,194,10,1422,11
2514,16,267,38,194,10,1556,11
2514,16,267,38,194,10,1568,11
2514,16,267,38,194,10,1599,11
2514,16,267,38,194,10,1747,11
2514,16,267,38,194,10,1773,11
2514,16,267,38,194,10,1818,11
2514,16,267,38,194,10,1873,11
2514,16,267,38,194,10,1940,11
2514,16,267,38,194,10,1997,11
2514,16,267,38,194,10,2068,11
2514,16,267,38,194,10,2079,11
2514,16,267,38,194,10,2123,11
2514,16,267,38,194,10,2196,11
2514,16,267,38,194,10,2216,11
2514,16,267,38,194,10,2259,11
2514,16,267,38,194,10,2289,11
2514,16,267,38,194,10,2370,11
2514,16,267,38,194,10,2405,11
2514,16,267,38,290,38,45,11
2514,16,267,38,290,38,159,11
2514,16,267,38,290,38,272,11
2514,16,267,38,290,38,338,11
2514,16,267,38,290,38,390,11
2514,16,267,38,290,38,457,11
2514,16,267,38,290,38,463,11
2514,16,267,38,290,38,620,11
2514,16,267,38,290,38,700,11
2514,16,267,38,290,38,742,11
2514,16,267,38,290,38,758,11
2514,16,267,38,290,38,879,11
2514,16,267,38,290,38,927,11
2514,16,267,38,290,38,979,11
2514,16,267,38,290,38,1003,11
2514,16,267,38,290,38,1044,11
2514,16,267,38,290,38,1068,11
2514,16,267,38,290,38,1153,11
2514,16,267,38,290,38,1186,11
2514,16,267,38,290,38,1194,11
2514,16,267,38,290,38,1259,11
2514,16,267,38,290,38,1260,11
2514,16,267,38,290,38,1312,11
2514,16,267,38,290,38,1388,11
2514,16,267,38,290,38,1391,11
2514,16,267,38,290,38,1422,11
2514,16,267,38,290,38,1556,11
2514,16,267,38,290,38,1568,11
2514,16,267,38,290,38,1599,11
2514,16,267,38,290,38,1747,11
2514,16,267,38,290,38,1773,11
2514,16,267,38,290,38,1799,11
2514,16,267,38,290,38,1818,11
2514,16,267,38,290,38,1873,11
2514,16,267,38,290,38,1940,11
2514,16,267,38,290,38,1956,11
2514,16,267,38,290,38,1997,11
2514,16,267,38,290,38,2068,11
2514,16,267,38,290,38,2079,11
2514,16,267,38,290,38,2123,11
2514,16,267,38,290,38,2196,11
2514,16,267,38,290,38,2206,11
2514,16,267,38,290,38,2216,11
2514,16,267,38,290,38,2244,11
2514,16,267,38,290,38,2259,11
2514,16,267,38,290,38,2261,11
2514,16,267,38,290,38,2289,11
2514,16,267,38,290,38,2359,11
2514,16,267,38,290,38,2370,11
2514,16,267,38,290,38,2405,11
2514,16,267,38,863,39,45,11
2514,16,267,38,863,39,159,11
2514,16,267,38,863,39,272,11
2514,16,267,38,863,39,338,11
2514,16,267,38,863,39,390,11
2514,16,267,38,863,39,457,11
2514,16,267,38,863,39,463,11
2514,16,267,38,863,39,620,11
2514,16,267,38,863,39,700,11
2514,16,267,38,863,39,742,11
2514,16,267,38,863,39,758,11
2514,16,267,38,863,39,879,11
2514,16,267,38,863,39,927,11
2514,16,267,38,863,39,979,11
2514,16,267,38,863,39,1003,11
2514,16,267,38,863,39,1044,11
2514,16,267,38,863,39,1068,11
2514,16,267,38,863,39,1153,11
2514,16,267,38,863,39,1186,11
2514,16,267,38,863,39,1194,11
2514,16,267,38,863,39,1259,11
2514,16,267,38,863,39,1260,11
2514,16,267,38,863,39,1312,11
2514,16,267,38,863,39,1388,11
2514,16,267,38,863,39,1391,11
2514,16,267,38,863,39,1422,11
2514,16,267,38,863,39,1556,11
2514,16,267,38,863,39,1568,11
2514,16,267,38,863,39,1599,11
2514,16,267,38,863,39,1747,11
2514,16,267,38,863,39,1773,11
2514,16,267,38,863,39,1799,11
2514,16,267,38,863,39,1818,11
2514,16,267,38,863,39,1873,11
2514,16,267,38,863,39,1940,11
2514,16,267,38,863,39,1956,11
2514,16,267,38,863,39,1997,11
2514,16,267,38,863,39,2068,11
2514,16,267,38,863,39,2079,11
2514,16,267,38,863,39,2123,11
2514,16,267,38,863,39,2196,11
2514,16,267,38,863,39,2206,11
2514,16,267,38,863,39,2216,11
2514,16,267,38,863,39,2244,11
2514,16,267,38,863,39,2259,11
2514,16,267,38,863,39,2261,11
2514,16,267,38,863,39,2289,11
2514,16,267,38,863,39,2359,11
2514,16,267,38,863,39,2370,11
2514,16,267,38,863,39,2405,11
2514,16,267,38,984,26,45,11
2514,16,267,38,984,26,159,11
2514,16,267,38,984,26,272,11
2514,16,267,38,984,26,338,11
2514,16,267,38,984,26,390,11
2514,16,267,38,984,26,457,11
2514,16,267,38,984,26,463,11
2514,16,267,38,984,26,620,11
2514,16,267,38,984,26,700,11
2514,16,267,38,984,26,742,11
2514,16,267,38,984,26,758,11
2514,16,267,38,984,26,879,11
2514,16,267,38,984,26,927,11
2514,16,267,38,984,26,979,11
2514,16,267,38,984,26,1003,11
2514,16,267,38,984,26,1044,11
2514,16,267,38,984,26,1068,11
2514,16,267,38,984,26,1153,11
2514,16,267,38,984,26,1186,11
2514,16,267,38,984,26,1194,11
2514,16,267,38,984,26,1259,11
2514,16,267,38,984,26,1260,11
2514,16,267,38,984,26,1312,11
2514,16,267,38,984,26,1388,11
2514,16,267,38,984,26,1391,11
2514,16,267,38,984,26,1422,11
2514,16,267,38,984,26,1556,11
2514,16,267,38,984,26,1568,11
2514,16,267,38,984,26,1599,11
2514,16,267,38,984,26,1747,11
2514,16,267,38,984,26,1773,11
2514,16,267,38,984,26,1799,11
2514,16,267,38,984,26,1818,11
2514,16,267,38,984,26,1873,11
2514,16,267,38,984,26,1940,11
2514,16,267,38,984,26,1956,11
2514,16,267,38,984,26,1997,11
2514,16,267,38,984,26,2068,11
2514,16,267,38,984,26,2079,11
2514,16,267,38,984,26,2123,11
2514,16,267,38,984,26,2196,11
2514,16,267,38,984,26,2206,11
2514,16,267,38,984,26,2216,11
2514,16,267,38,984,26,2244,11
2514,16,267,38,984,26,2259,11
2514,16,267,38,984,26,2261,11
2514,16,267,38,984,26,2289,11
2514,16,267,38,984,26,2359,11
2514,16,267,38,984,26,2370,11
2514,16,267,38,984,26,2405,11
2514,16,267,38,1337,48,45,11
2514,16,267,38,1337,48,159,11
2514,16,267,38,1337,48,272,11
2514,16,267,38,1337,48,338,11
2514,16,267,38,1337,48,390,11
2514,16,267,38,1337,48,457,11
2514,16,267,38,1337,48,463,11
2514,16,267,38,1337,48,620,11
2514,16,267,38,1337,48,700,11
2514,16,267,38,1337,48,742,11
2514,16,267,38,1337,48,758,11
2514,16,267,38,1337,48,879,11
2514,16,267,38,1337,48,927,11
2514,16,267,38,1337,48,979,11
2514,16,267,38,1337,48,1003,11
2514,16,267,38,1337,48,1044,11
2514,16,267,38,1337,48,1068,11
2514,16,267,38,1337,48,1153,11
2514,16,267,38,1337,48,1186,11
2514,16,267,38,1337,48,1194,11
2514,16,267,38,1337,48,1259,11
2514,16,267,38,1337,48,1260,11
2514,16,267,38,1337,48,1312,11
2514,16,267,38,1337,48,1388,11
2514,16,267,38,1337,48,1391,11
2514,16,267,38,1337,48,1422,11
2514,16,267,38,1337,48,1556,11
2514,16,267,38,1337,48,1568,11
2514,16,267,38,1337,48,1599,11
2514,16,267,38,1337,48,1747,11
2514,16,267,38,1337,48,1773,11
2514,16,267,38,1337,48,1799,11
2514,16,267,38,1337,48,1818,11
2514,16,267,38,1337,48,1873,11
2514,16,267,38,1337,48,1940,11
2514,16,267,38,1337,48,1956,11
2514,16,267,38,1337,48,1997,11
2514,16,267,38,1337,48,2068,11
2514,16,267,38,1337,48,2079,11
2514,16,267,38,1337,48,2123,11
2514,16,267,38,1337,48,2196,11
2514,16,267,38,1337,48,2206,11
2514,16,267,38,1337,48,2216,11
2514,16,267,38,1337,48,2244,11
2514,16,267,38,1337,48,2259,11
2514,16,267,38,1337,48,2261,11
2514,16,267,38,1337,48,2289,11
2514,16,267,38,1337,48,2359,11
2514,16,267,38,1337,48,2370,11
2514,16,267,38,1337,48,2405,11
2514,16,267,38,1394,38,45,11
2514,16,267,38,1394,38,159,11
2514,16,267,38,1394,38,272,11
2514,16,267,38,1394,38,338,11
2514,16,267,38,1394,38,390,11
2514,16,267,38,1394,38,457,11
2514,16,267,38,1394,38,463,11
2514,16,267,38,1394,38,620,11
2514,16,267,38,1394,38,700,11
2514,16,267,38,1394,38,742,11
2514,16,267,38,1394,38,758,11
2514,16,267,38,1394,38,879,11
2514,16,267,38,1394,38,927,11
2514,16,267,38,1394,38,979,11
2514,16,267,38,1394,38,1003,11
2514,16,267,38,1394,38,1044,11
2514,16,267,38,1394,38,1068,11
2514,16,267,38,1394,38,1153,11
2514,16,267,38,1394,38,1186,11
2514,16,267,38,1394,38,1194,11
2514,16,267,38,1394,38,1259,11
2514,16,267,38,1394,38,1260,11
2514,16,267,38,1394,38,1312,11
2514,16,267,38,1394,38,1388,11
2514,16,267,38,1394,38,1391,11
2514,16,267,38,1394,38,1422,11
2514,16,267,38,1394,38,1556,11
2514,16,267,38,1394,38,1568,11
2514,16,267,38,1394,38,1599,11
2514,16,267,38,1394,38,1747,11
2514,16,267,38,1394,38,1773,11
2514,16,267,38,1394,38,1799,11
2514,16,267,38,1394,38,1818,11
2514,16,267,38,1394,38,1873,11
2514,16,267,38,1394,38,1940,11
2514,16,267,38,1394,38,1956,11
2514,16,267,38,1394,38,1997,11
2514,16,267,38,1394,38,2068,11
2514,16,267,38,1394,38,2079,11
2514,16,267,38,1394,38,2123,11
2514,16,267,38,1394,38,2196,11
2514,16,267,38,1394,38,2206,11
2514,16,267,38,1394,38,2216,11
2514,16,267,38,1394,38,2244,11
2514,16,267,38,1394,38,2259,11
2514,16,267,38,1394,38,2261,11
2514,16,267,38,1394,38,2289,11
2514,16,267,38,1394,38,2359,11
2514,16,267,38,1394,38,2370,11
2514,16,267,38,1394,38,2405,11
2514,16,267,38,1579,18,45,11
2514,16,267,38,1579,18,159,11
2514,16,267,38,1579,18,272,11
2514,16,267,38,1579,18,338,11
2514,16,267,38,1579,18,390,11
2514,16,267,38,1579,18,457,11
2514,16,267,38,1579,18,463,11
2514,16,267,38,1579,18,620,11
2514,16,267,38,1579,18,700,11
2514,16,267,38,1579,18,742,11
2514,16,267,38,1579,18,758,11
2514,16,267,38,1579,18,879,11
2514,16,267,38,1579,18,927,11
2514,16,267,38,1579,18,979,11
2514,16,267,38,1579,18,1003,11
2514,16,267,38,1579,18,1044,11
2514,16,267,38,1579,18,1068,11
2514,16,267,38,1579,18,1153,11
2514,16,267,38,1579,18,1186,11
2514,16,267,38,1579,18,1194,11
2514,16,267,38,1579,18,1259,11
2514,16,267,38,1579,18,1260,11
2514,16,267,38,1579,18,1312,11
2514,16,267,38,1579,18,1388,11
2514,16,267,38,1579,18,1391,11
2514,16,267,38,1579,18,1422,11
2514,16,267,38,1579,18,1556,11
2514,16,267,38,1579,18,1568,11
2514,16,267,38,1579,18,1599,11
2514,16,267,38,1579,18,1747,11
2514,16,267,38,1579,18,1773,11
2514,16,267,38,1579,18,1799,11
2514,16,267,38,1579,18,1818,11
2514,16,267,38,1579,18,1873,11
2514,16,267,38,1579,18,1940,11
2514,16,267,38,1579,18,1956,11
2514,16,267,38,1579,18,1997,11
2514,16,267,38,1579,18,2068,11
2514,16,267,38,1579,18,2079,11
2514,16,267,38,1579,18,2123,11
2514,16,267,38,1579,18,2196,11
2514,16,267,38,1579,18,2206,11
2514,16,267,38,1579,18,2216,11
2514,16,267,38,1579,18,2244,11
2514,16,267,38,1579,18,2259,11
2514,16,267,38,1579,18,2261,11
2514,16,267,38,1579,18,2289,11
2514,16,267,38,1579,18,2359,11
2514,16,267,38,1579,18,2370,11
2514,16,267,38,1579,18,2405,11
2514,16,267,38,1637,22,45,11
2514,16,267,38,1637,22,159,11
2514,16,267,38,1637,22,272,11
2514,16,267,38,1637,22,338,11
2514,16,267,38,1637,22,390,11
2514,16,267,38,1637,22,457,11
2514,16,267,38,1637,22,463,11
2514,16,267,38,1637,22,620,11
2514,16,267,38,1637,22,700,11
2514,16,267,38,1637,22,742,11
2514,16,267,38,1637,22,758,11
2514,16,267,38,1637,22,879,11
2514,16,267,38,1637,22,927,11
2514,16,267,38,1637,22,979,11
2514,16,267,38,1637,22,1003,11
2514,16,267,38,1637,22,1044,11
2514,16,267,38,1637,22,1068,11
2514,16,267,38,1637,22,1153,11
2514,16,267,38,1637,22,1186,11
2514,16,267,38,1637,22,1194,11
2514,16,267,38,1637,22,1259,11
2514,16,267,38,1637,22,1260,11
2514,16,267,38,1637,22,1312,11
2514,16,267,38,1637,22,1388,11
2514,16,267,38,1637,22,1391,11
2514,16,267,38,1637,22,1422,11
2514,16,267,38,1637,22,1556,11
2514,16,267,38,1637,22,1568,11
2514,16,267,38,1637,22,1599,11
2514,16,267,38,1637,22,1747,11
2514,16,267,38,1637,22,1773,11
2514,16,267,38,1637,22,1799,11
2514,16,267,38,1637,22,1818,11
2514,16,267,38,1637,22,1873,11
2514,16,267,38,1637,22,1940,11
2514,16,267,38,1637,22,1956,11
2514,16,267,38,1637,22,1997,11
2514,16,267,38,1637,22,2068,11
2514,16,267,38,1637,22,2079,11
2514,16,267,38,1637,22,2123,11
2514,16,267,38,1637,22,2196,11
2514,16,267,38,1637,22,2206,11
2514,16,267,38,1637,22,2216,11
2514,16,267,38,1637,22,2244,11
2514,16,267,38,1637,22,2259,11
2514,16,267,38,1637,22,2261,11
2514,16,267,38,1637,22,2289,11
2514,16,267,38,1637,22,2359,11
2514,16,267,38,1637,22,2370,11
2514,16,267,38,1637,22,2405,11
2514,16,267,38,1701,27,45,11
2514,16,267,38,1701,27,159,11
2514,16,267,38,1701,27,272,11
2514,16,267,38,1701,27,338,11
2514,16,267,38,1701,27,390,11
2514,16,267,38,1701,27,457,11
2514,16,267,38,1701,27,463,11
2514,16,267,38,1701,27,620,11
2514,16,267,38,1701,27,700,11
2514,16,267,38,1701,27,742,11
2514,16,267,38,1701,27,758,11
2514,16,267,38,1701,27,879,11
2514,16,267,38,1701,27,927,11
2514,16,267,38,1701,27,979,11
2514,16,267,38,1701,27,1003,11
2514,16,267,38,1701,27,1044,11
2514,16,267,38,1701,27,1068,11
2514,16,267,38,1701,27,1153,11
2514,16,267,38,1701,27,1186,11
2514,16,267,38,1701,27,1194,11
2514,16,267,38,1701,27,1259,11
2514,16,267,38,1701,27,1260,11
2514,16,267,38,1701,27,1312,11
2514,16,267,38,1701,27,1388,11
2514,16,267,38,1701,27,1391,11
2514,16,267,38,1701,27,1422,11
2514,16,267,38,1701,27,1556,11
2514,16,267,38,1701,27,1568,11
2514,16,267,38,1701,27,1599,11
2514,16,267,38,1701,27,1747,11
2514,16,267,38,1701,27,1773,11
2514,16,267,38,1701,27,1799,11
2514,16,267,38,1701,27,1818,11
2514,16,267,38,1701,27,1873,11
2514,16,267,38,1701,27,1940,11
2514,16,267,38,1701,27,1956,11
2514,16,267,38,1701,27,1997,11
2514,16,267,38,1701,27,2068,11
2514,16,267,38,1701,27,2079,11
2514,16,267,38,1701,27,2123,11
2514,16,267,38,1701,27,2196,11
2514,16,267,38,1701,27,2206,11
2514,16,267,38,1701,27,2216,11
2514,16,267,38,1701,27,2244,11
2514,16,267,38,1701,27,2259,11
2514,16,267,38,1701,27,2261,11
2514,16,267,38,1701,27,2289,11
2514,16,267,38,1701,27,2359,11
2514,16,267,38,1701,27,2370,11
2514,16,267,38,1701,27,2405,11
2514,16,267,38,1704,26,45,11
2514,16,267,38,1704,26,159,11
2514,16,267,38,1704,26,272,11
2514,16,267,38,1704,26,338,11
2514,16,267,38,1704,26,390,11
2514,16,267,38,1704,26,457,11
2514,16,267,38,1704,26,463,11
2514,16,267,38,1704,26,620,11
2514,16,267,38,1704,26,700,11
2514,16,267,38,1704,26,742,11
2514,16,267,38,1704,26,758,11
2514,16,267,38,1704,26,879,11
2514,16,267,38,1704,26,927,11
2514,16,267,38,1704,26,979,11
2514,16,267,38,1704,26,1003,11
2514,16,267,38,1704,26,1044,11
2514,16,267,38,1704,26,1068,11
2514,16,267,38,1704,26,1153,11
2514,16,267,38,1704,26,1186,11
2514,16,267,38,1704,26,1194,11
2514,16,267,38,1704,26,1259,11
2514,16,267,38,1704,26,1260,11
2514,16,267,38,1704,26,1312,11
2514,16,267,38,1704,26,1388,11
2514,16,267,38,1704,26,1391,11
2514,16,267,38,1704,26,1422,11
2514,16,267,38,1704,26,1556,11
2514,16,267,38,1704,26,1568,11
2514,16,267,38,1704,26,1599,11
2514,16,267,38,1704,26,1747,11
2514,16,267,38,1704,26,1773,11
2514,16,267,38,1704,26,1799,11
2514,16,267,38,1704,26,1818,11
2514,16,267,38,1704,26,1873,11
2514,16,267,38,1704,26,1940,11
2514,16,267,38,1704,26,1956,11
2514,16,267,38,1704,26,1997,11
2514,16,267,38,1704,26,2068,11
2514,16,267,38,1704,26,2079,11
2514,16,267,38,1704,26,2123,11
2514,16,267,38,1704,26,2196,11
2514,16,267,38,1704,26,2206,11
2514,16,267,38,1704,26,2216,11
2514,16,267,38,1704,26,2244,11
2514,16,267,38,1704,26,2259,11
2514,16,267,38,1704,26,2261,11
2514,16,267,38,1704,26,2289,11
2514,16,267,38,1704,26,2359,11
2514,16,267,38,1704,26,2370,11
2514,16,267,38,1704,26,2405,11
2514,16,267,38,1829,34,45,11
2514,16,267,38,1829,34,159,11
2514,16,267,38,1829,34,272,11
2514,16,267,38,1829,34,338,11
2514,16,267,38,1829,34,390,11
2514,16,267,38,1829,34,457,11
2514,16,267,38,1829,34,463,11
2514,16,267,38,1829,34,620,11
2514,16,267,38,1829,34,700,11
2514,16,267,38,1829,34,742,11
2514,16,267,38,1829,34,758,11
2514,16,267,38,1829,34,879,11
2514,16,267,38,1829,34,927,11
2514,16,267,38,1829,34,979,11
2514,16,267,38,1829,34,1003,11
2514,16,267,38,1829,34,1044,11
2514,16,267,38,1829,34,1068,11
2514,16,267,38,1829,34,1153,11
2514,16,267,38,1829,34,1186,11
2514,16,267,38,1829,34,1194,11
2514,16,267,38,1829,34,1259,11
2514,16,267,38,1829,34,1260,11
2514,16,267,38,1829,34,1312,11
2514,16,267,38,1829,34,1388,11
2514,16,267,38,1829,34,1391,11
2514,16,267,38,1829,34,1422,11
2514,16,267,38,1829,34,1556,11
2514,16,267,38,1829,34,1568,11
2514,16,267,38,1829,34,1599,11
2514,16,267,38,1829,34,1747,11
2514,16,267,38,1829,34,1773,11
2514,16,267,38,1829,34,1799,11
2514,16,267,38,1829,34,1818,11
2514,16,267,38,1829,34,1873,11
2514,16,267,38,1829,34,1940,11
2514,16,267,38,1829,34,1956,11
2514,16,267,38,1829,34,1997,11
2514,16,267,38,1829,34,2068,11
2514,16,267,38,1829,34,2079,11
2514,16,267,38,1829,34,2123,11
2514,16,267,38,1829,34,2196,11
2514,16,267,38,1829,34,2206,11
2514,16,267,38,1829,34,2216,11
2514,16,267,38,1829,34,2244,11
2514,16,267,38,1829,34,2259,11
2514,16,267,38,1829,34,2261,11
2514,16,267,38,1829,34,2289,11
2514,16,267,38,1829,34,2359,11
2514,16,267,38,1829,34,2370,11
2514,16,267,38,1829,34,2405,11
