2514,16,1958,41,657,22,45,11
2514,16,1958,41,657,22,159,11
2514,16,1958,41,657,22,272,11
2514,16,1958,41,657,22,338,11
2514,16,1958,41,657,22,390,11
2514,16,1958,41,657,22,457,11
2514,16,1958,41,657,22,463,11
2514,16,1958,41,657,22,620,11
2514,16,1958,41,657,22,700,11
2514,16,1958,41,657,22,742,11
2514,16,1958,41,657,22,758,11
2514,16,1958,41,657,22,879,11
2514,16,1958,41,657,22,927,11
2514,16,1958,41,657,22,979,11
2514,16,1958,41,657,22,1003,11
2514,16,1958,41,657,22,1044,11
2514,16,1958,41,657,22,1068,11
2514,16,1958,41,657,22,1153,11
2514,16,1958,41,657,22,1186,11
2514,16,1958,41,657,22,1194,11
2514,16,1958,41,657,22,1259,11
2514,16,1958,41,657,22,1260,11
2514,16,1958,41,657,22,1312,11
2514,16,1958,41,657,22,1388,11
2514,16,1958,41,657,22,1391,11
2514,16,1958,41,657,22,1422,11
2514,16,1958,41,657,22,1556,11
2514,16,1958,41,657,22,1568,11
2514,16,1958,41,657,22,1599,11
2514,16,1958,41,657,22,1747,11
2514,16,1958,41,657,22,1773,11
2514,16,1958,41,657,22,1799,11
2514,16,1958,41,657,22,1818,11
2514,16,1958,41,657,22,1873,11
2514,16,1958,41,657,22,1940,11
2514,16,1958,41,657,22,1956,11
2514,16,1958,41,657,22,1997,11
2514,16,1958,41,657,22,2068,11
2514,16,1958,41,657,22,2079,11
2514,16,1958,41,657,22,2123,11
2514,16,1958,41,657,22,2196,11
2514,16,1958,41,657,22,2206,11
2514,16,1958,41,657,22,2216,11
2514,16,1958,41,657,22,2244,11
2514,16,1958,41,657,22,2259,11
2514,16,1958,41,657,22,2261,11
2514,16,1958,41,657,22,2289,11
2514,16,1958,41,657,22,2359,11
2514,16,1958,41,657,22,2370,11
2514,16,1958,41,657,22,2405,11
2514,16,1958,41,658,17,45,11
2514,16,1958,41,658,17,159,11
2514,16,1958,41,658,17,272,11
2514,16,1958,41,658,17,338,11
2514,16,1958,41,658,17,390,11
2514,16,1958,41,658,17,457,11
2514,16,1958,41,658,17,463,11
2514,16,1958,41,658,17,620,11
2514,16,1958,41,658,17,700,11
2514,16,1958,41,658,17,742,11
2514,16,1958,41,658,17,758,11
2514,16,1958,41,658,17,879,11
2514,16,1958,41,658,17,927,11
2514,16,1958,41,658,17,979,11
2514,16,1958,41,658,17,1003,11
2514,16,1958,41,658,17,1044,11
2514,16,1958,41,658,17,1068,11
2514,16,1958,41,658,17,1153,11
2514,16,1958,41,658,17,1186,11
2514,16,1958,41,658,17,1194,11
2514,16,1958,41,658,17,1259,11
2514,16,1958,41,658,17,1260,11
2514,16,1958,41,658,17,1312,11
2514,16,1958,41,658,17,1388,11
2514,16,1958,41,658,17,1391,11
2514,16,1958,41,658,17,1422,11
2514,16,1958,41,658,17,1556,11
2514,16,1958,41,658,17,1568,11
2514,16,1958,41,658,17,1599,11
2514,16,1958,41,658,17,1747,11
2514,16,1958,41,658,17,1773,11
2514,16,1958,41,658,17,1799,11
2514,16,1958,41,658,17,1818,11
2514,16,1958,41,658,17,1873,11
2514,16,1958,41,658,17,1940,11
2514,16,1958,41,658,17,1956,11
2514,16,1958,41,658,17,1997,11
2514,16,1958,41,658,17,2068,11
2514,16,1958,41,658,17,2079,11
2514,16,1958,41,658,17,2123,11
2514,16,1958,41,658,17,2196,11
2514,16,1958,41,658,17,2206,11
2514,16,1958,41,658,17,2216,11
2514,16,1958,41,658,17,2244,11
2514,16,1958,41,658,17,2259,11
2514,16,1958,41,658,17,2261,11
2514,16,1958,41,658,17,2289,11
2514,16,1958,41,658,17,2359,11
2514,16,1958,41,658,17,2370,11
2514,16,1958,41,658,17,2405,11
2514,16,1958,41,667,35,45,11
2514,16,1958,41,667,35,159,11
2514,16,1958,41,667,35,272,11
2514,16,1958,41,667,35,338,11
2514,16,1958,41,667,35,390,11
2514,16,1958,41,667,35,457,11
2514,16,1958,41,667,35,463,11
2514,16,1958,41,667,35,620,11
2514,16,1958,41,667,35,700,11
2514,16,1958,41,667,35,742,11
2514,16,1958,41,667,35,758,11
2514,16,1958,41,667,35,879,11
2514,16,1958,41,667,35,927,11
2514,16,1958,41,667,35,979,11
2514,16,1958,41,667,35,1003,11
2514,16,1958,41,667,35,1044,11
2514,16,1958,41,667,35,1068,11
2514,16,1958,41,667,35,1153,11
2514,16,1958,41,667,35,1186,11
2514,16,1958,41,667,35,1194,11
2514,16,1958,41,667,35,1259,11
2514,16,1958,41,667,35,1260,11
2514,16,1958,41,667,35,1312,11
2514,16,1958,41,667,35,1388,11
2514,16,1958,41,667,35,1391,11
2514,16,1958,41,667,35,1422,11
2514,16,1958,41,667,35,1556,11
2514,16,1958,41,667,35,1568,11
2514,16,1958,41,667,35,1599,11
2514,16,1958,41,667,35,1747,11
2514,16,1958,41,667,35,1773,11
2514,16,1958,41,667,35,1799,11
2514,16,1958,41,667,35,1818,11
2514,16,1958,41,667,35,1873,11
2514,16,1958,41,667,35,1940,11
2514,16,1958,41,667,35,1956,11
2514,16,1958,41,667,35,1997,11
2514,16,1958,41,667,35,2068,11
2514,16,1958,41,667,35,2079,11
2514,16,1958,41,667,35,2123,11
2514,16,1958,41,667,35,2196,11
2514,16,1958,41,667,35,2206,11
2514,16,1958,41,667,35,2216,11
2514,16,1958,41,667,35,2244,11
2514,16,1958,41,667,35,2259,11
2514,16,1958,41,667,35,2261,11
2514,16,1958,41,667,35,2289,11
2514,16,1958,41,667,35,2359,11
2514,16,1958,41,667,35,2370,11
2514,16,1958,41,667,35,2405,11
2514,16,1958,41,742,20,45,11
2514,16,1958,41,742,20,159,11
2514,16,1958,41,742,20,272,11
2514,16,1958,41,742,20,338,11
2514,16,1958,41,742,20,390,11
2514,16,1958,41,742,20,457,11
2514,16,1958,41,742,20,463,11
2514,16,1958,41,742,20,620,11
2514,16,1958,41,742,20,700,11
2514,16,1958,41,742,20,742,11
2514,16,1958,41,742,20,758,11
2514,16,1958,41,742,20,879,11
2514,16,1958,41,742,20,927,11
2514,16,1958,41,742,20,979,11
2514,16,1958,41,742,20,1003,11
2514,16,1958,41,742,20,1044,11
2514,16,1958,41,742,20,1068,11
2514,16,1958,41,742,20,1153,11
2514,16,1958,41,742,20,1186,11
2514,16,1958,41,742,20,1194,11
2514,16,1958,41,742,20,1259,11
2514,16,1958,41,742,20,1260,11
2514,16,1958,41,742,20,1312,11
2514,16,1958,41,742,20,1388,11
2514,16,1958,41,742,20,1391,11
2514,16,1958,41,742,20,1422,11
2514,16,1958,41,742,20,1556,11
2514,16,1958,41,742,20,1568,11
2514,16,1958,41,742,20,1599,11
2514,16,1958,41,742,20,1747,11
2514,16,1958,41,742,20,1773,11
2514,16,1958,41,742,20,1799,11
2514,16,1958,41,742,20,1818,11
2514,16,1958,41,742,20,1873,11
2514,16,1958,41,742,20,1940,11
2514,16,1958,41,742,20,1956,11
2514,16,1958,41,742,20,1997,11
2514,16,1958,41,742,20,2068,11
2514,16,1958,41,742,20,2079,11
2514,16,1958,41,742,20,2123,11
2514,16,1958,41,742,20,2196,11
2514,16,1958,41,742,20,2206,11
2514,16,1958,41,742,20,2216,11
2514,16,1958,41,742,20,2244,11
2514,16,1958,41,742,20,2259,11
2514,16,1958,41,742,20,2261,11
2514,16,1958,41,742,20,2289,11
2514,16,1958,41,742,20,2359,11
2514,16,1958,41,742,20,2370,11
2514,16,1958,41,742,20,2405,11
2514,16,1958,41,749,34,45,11
2514,16,1958,41,749,34,159,11
2514,16,1958,41,749,34,272,11
2514,16,1958,41,749,34,338,11
2514,16,1958,41,749,34,390,11
2514,16,1958,41,749,34,457,11
2514,16,1958,41,749,34,463,11
2514,16,1958,41,749,34,620,11
2514,16,1958,41,749,34,700,11
2514,16,1958,41,749,34,742,11
2514,16,1958,41,749,34,758,11
2514,16,1958,41,749,34,879,11
2514,16,1958,41,749,34,927,11
2514,16,1958,41,749,34,979,11
2514,16,1958,41,749,34,1003,11
2514,16,1958,41,749,34,1044,11
2514,16,1958,41,749,34,1068,11
2514,16,1958,41,749,34,1153,11
2514,16,1958,41,749,34,1186,11
2514,16,1958,41,749,34,1194,11
2514,16,1958,41,749,34,1259,11
2514,16,1958,41,749,34,1260,11
2514,16,1958,41,749,34,1312,11
2514,16,1958,41,749,34,1388,11
2514,16,1958,41,749,34,1391,11
2514,16,1958,41,749,34,1422,11
2514,16,1958,41,749,34,1556,11
2514,16,1958,41,749,34,1568,11
2514,16,1958,41,749,34,1599,11
2514,16,1958,41,749,34,1747,11
2514,16,1958,41,749,34,1773,11
2514,16,1958,41,749,34,1799,11
2514,16,1958,41,749,34,1818,11
2514,16,1958,41,749,34,1873,11
2514,16,1958,41,749,34,1940,11
2514,16,1958,41,749,34,1956,11
2514,16,1958,41,749,34,1997,11
2514,16,1958,41,749,34,2068,11
2514,16,1958,41,749,34,2079,11
2514,16,1958,41,749,34,2123,11
2514,16,1958,41,749,34,2196,11
2514,16,1958,41,749,34,2206,11
2514,16,1958,41,749,34,2216,11
2514,16,1958,41,749,34,2244,11
2514,16,1958,41,749,34,2259,11
2514,16,1958,41,749,34,2261,11
2514,16,1958,41,749,34,2289,11
2514,16,1958,41,749,34,2359,11
2514,16,1958,41,749,34,2370,11
2514,16,1958,41,749,34,2405,11
2514,16,1958,41,1148,10,45,11
2514,16,1958,41,1148,10,159,11
2514,16,1958,41,1148,10,272,11
2514,16,1958,41,1148,10,338,11
2514,16,1958,41,1148,10,390,11
2514,16,1958,41,1148,10,457,11
2514,16,1958,41,1148,10,463,11
2514,16,1958,41,1148,10,620,11
2514,16,1958,41,1148,10,700,11
2514,16,1958,41,1148,10,742,11
2514,16,1958,41,1148,10,758,11
2514,16,1958,41,1148,10,879,11
2514,16,1958,41,1148,10,927,11
2514,16,1958,41,1148,10,979,11
2514,16,1958,41,1148,10,1003,11
2514,16,1958,41,1148,10,1044,11
2514,16,1958,41,1148,10,1068,11
2514,16,1958,41,1148,10,1153,11
2514,16,1958,41,1148,10,1186,11
2514,16,1958,41,1148,10,1194,11
2514,16,1958,41,1148,10,1259,11
2514,16,1958,41,1148,10,1260,11
2514,16,1958,41,1148,10,1312,11
2514,16,1958,41,1148,10,1388,11
2514,16,1958,41,1148,10,1391,11
2514,16,1958,41,1148,10,1422,11
2514,16,1958,41,1148,10,1556,11
2514,16,1958,41,1148,10,1568,11
2514,16,1958,41,1148,10,1599,11
2514,16,1958,41,1148,10,1747,11
2514,16,1958,41,1148,10,1773,11
2514,16,1958,41,1148,10,1799,11
2514,16,1958,41,1148,10,1818,11
2514,16,1958,41,1148,10,1873,11
2514,16,1958,41,1148,10,1940,11
2514,16,1958,41,1148,10,1956,11
2514,16,1958,41,1148,10,1997,11
2514,16,1958,41,1148,10,2068,11
2514,16,1958,41,1148,10,2079,11
2514,16,1958,41,1148,10,2123,11
2514,16,1958,41,1148,10,2196,11
2514,16,1958,41,1148,10,2206,11
2514,16,1958,41,1148,10,2216,11
2514,16,1958,41,1148,10,2244,11
2514,16,1958,41,1148,10,2259,11
2514,16,1958,41,1148,10,2261,11
2514,16,1958,41,1148,10,2289,11
2514,16,1958,41,1148,10,2359,11
2514,16,1958,41,1148,10,2370,11
2514,16,1958,41,1148,10,2405,11
2514,16,1958,41,1149,29,45,11
2514,16,1958,41,1149,29,159,11
2514,16,1958,41,1149,29,272,11
2514,16,1958,41,1149,29,338,11
2514,16,1958,41,1149,29,390,11
2514,16,1958,41,1149,29,457,11
2514,16,1958,41,1149,29,463,11
2514,16,1958,41,1149,29,620,11
2514,16,1958,41,1149,29,700,11
2514,16,1958,41,1149,29,742,11
2514,16,1958,41,1149,29,758,11
2514,16,1958,41,1149,29,879,11
2514,16,1958,41,1149,29,927,11
2514,16,1958,41,1149,29,979,11
2514,16,1958,41,1149,29,1003,11
2514,16,1958,41,1149,29,1044,11
2514,16,1958,41,1149,29,1068,11
2514,16,1958,41,1149,29,1153,11
2514,16,1958,41,1149,29,1186,11
2514,16,1958,41,1149,29,1194,11
2514,16,1958,41,1149,29,1259,11
2514,16,1958,41,1149,29,1260,11
2514,16,1958,41,1149,29,1312,11
2514,16,1958,41,1149,29,1388,11
2514,16,1958,41,1149,29,1391,11
2514,16,1958,41,1149,29,1422,11
2514,16,1958,41,1149,29,1556,11
2514,16,1958,41,1149,29,1568,11
2514,16,1958,41,1149,29,1599,11
2514,16,1958,41,1149,29,1747,11
2514,16,1958,41,1149,29,1773,11
2514,16,1958,41,1149,29,1799,11
2514,16,1958,41,1149,29,1818,11
2514,16,1958,41,1149,29,1873,11
2514,16,1958,41,1149,29,1940,11
2514,16,1958,41,1149,29,1956,11
2514,16,1958,41,1149,29,1997,11
2514,16,1958,41,1149,29,2068,11
2514,16,1958,41,1149,29,2079,11
2514,16,1958,41,1149,29,2123,11
2514,16,1958,41,1149,29,2196,11
2514,16,1958,41,1149,29,2206,11
2514,16,1958,41,1149,29,2216,11
2514,16,1958,41,1149,29,2244,11
2514,16,1958,41,1149,29,2259,11
2514,16,1958,41,1149,29,2261,11
2514,16,1958,41,1149,29,2289,11
2514,16,1958,41,1149,29,2359,11
2514,16,1958,41,1149,29,2370,11
2514,16,1958,41,1149,29,2405,11
2514,16,1958,41,1157,49,159,11
2514,16,1958,41,1157,49,457,11
2514,16,1958,41,1157,49,463,11
2514,16,1958,41,1157,49,700,11
2514,16,1958,41,1157,49,879,11
2514,16,1958,41,1157,49,927,11
2514,16,1958,41,1157,49,1003,11
2514,16,1958,41,1157,49,1153,11
2514,16,1958,41,1157,49,1194,11
2514,16,1958,41,1157,49,1388,11
2514,16,1958,41,1157,49,1556,11
2514,16,1958,41,1157,49,1568,11
2514,16,1958,41,1157,49,1599,11
2514,16,1958,41,1157,49,1818,11
2514,16,1958,41,1157,49,1873,11
2514,16,1958,41,1157,49,1940,11
2514,16,1958,41,1157,49,2123,11
2514,16,1958,41,1157,49,2196,11
2514,16,1958,41,1157,49,2216,11
2514,16,1958,41,1157,49,2370,11
2514,16,1958,41,1387,39,45,11
2514,16,1958,41,1387,39,159,11
2514,16,1958,41,1387,39,272,11
2514,16,1958,41,1387,39,338,11
2514,16,1958,41,1387,39,390,11
2514,16,1958,41,1387,39,457,11
2514,16,1958,41,1387,39,463,11
2514,16,1958,41,1387,39,620,11
2514,16,1958,41,1387,39,700,11
2514,16,1958,41,1387,39,742,11
2514,16,1958,41,1387,39,758,11
2514,16,1958,41,1387,39,879,11
2514,16,1958,41,1387,39,927,11
2514,16,1958,41,1387,39,979,11
2514,16,1958,41,1387,39,1003,11
2514,16,1958,41,1387,39,1044,11
2514,16,1958,41,1387,39,1068,11
2514,16,1958,41,1387,39,1153,11
2514,16,1958,41,1387,39,1186,11
2514,16,1958,41,1387,39,1194,11
2514,16,1958,41,1387,39,1259,11
2514,16,1958,41,1387,39,1260,11
2514,16,1958,41,1387,39,1312,11
2514,16,1958,41,1387,39,1388,11
2514,16,1958,41,1387,39,1391,11
2514,16,1958,41,1387,39,1422,11
2514,16,1958,41,1387,39,1556,11
2514,16,1958,41,1387,39,1568,11
2514,16,1958,41,1387,39,1599,11
2514,16,1958,41,1387,39,1747,11
2514,16,1958,41,1387,39,1773,11
2514,16,1958,41,1387,39,1799,11
2514,16,1958,41,1387,39,1818,11
2514,16,1958,41,1387,39,1873,11
2514,16,1958,41,1387,39,1940,11
2514,16,1958,41,1387,39,1956,11
2514,16,1958,41,1387,39,1997,11
2514,16,1958,41,1387,39,2068,11
2514,16,1958,41,1387,39,2079,11
2514,16,1958,41,1387,39,2123,11
2514,16,1958,41,1387,39,2196,11
2514,16,1958,41,1387,39,2206,11
2514,16,1958,41,1387,39,2216,11
2514,16,1958,41,1387,39,2244,11
2514,16,1958,41,1387,39,2259,11
2514,16,1958,41,1387,39,2261,11
2514,16,1958,41,1387,39,2289,11
2514,16,1958,41,1387,39,2359,11
2514,16,1958,41,1387,39,2370,11
2514,16,1958,41,1387,39,2405,11
2514,16,1958,41,1502,18,45,11
2514,16,1958,41,1502,18,159,11
2514,16,1958,41,1502,18,272,11
2514,16,1958,41,1502,18,338,11
2514,16,1958,41,1502,18,390,11
2514,16,1958,41,1502,18,457,11
2514,16,1958,41,1502,18,463,11
2514,16,1958,41,1502,18,620,11
2514,16,1958,41,1502,18,700,11
2514,16,1958,41,1502,18,742,11
2514,16,1958,41,1502,18,758,11
2514,16,1958,41,1502,18,879,11
2514,16,1958,41,1502,18,927,11
2514,16,1958,41,1502,18,979,11
2514,16,1958,41,1502,18,1003,11
2514,16,1958,41,1502,18,1044,11
2514,16,1958,41,1502,18,1068,11
2514,16,1958,41,1502,18,1153,11
2514,16,1958,41,1502,18,1186,11
2514,16,1958,41,1502,18,1194,11
2514,16,1958,41,1502,18,1259,11
2514,16,1958,41,1502,18,1260,11
2514,16,1958,41,1502,18,1312,11
2514,16,1958,41,1502,18,1388,11
2514,16,1958,41,1502,18,1391,11
2514,16,1958,41,1502,18,1422,11
2514,16,1958,41,1502,18,1556,11
2514,16,1958,41,1502,18,1568,11
2514,16,1958,41,1502,18,1599,11
2514,16,1958,41,1502,18,1747,11
2514,16,1958,41,1502,18,1773,11
2514,16,1958,41,1502,18,1799,11
2514,16,1958,41,1502,18,1818,11
2514,16,1958,41,1502,18,1873,11
2514,16,1958,41,1502,18,1940,11
2514,16,1958,41,1502,18,1956,11
2514,16,1958,41,1502,18,1997,11
2514,16,1958,41,1502,18,2068,11
2514,16,1958,41,1502,18,2079,11
2514,16,1958,41,1502,18,2123,11
2514,16,1958,41,1502,18,2196,11
2514,16,1958,41,1502,18,2206,11
2514,16,1958,41,1502,18,2216,11
2514,16,1958,41,1502,18,2244,11
2514,16,1958,41,1502,18,2259,11
2514,16,1958,41,1502,18,2261,11
2514,16,1958,41,1502,18,2289,11
2514,16,1958,41,1502,18,2359,11
2514,16,1958,41,1502,18,2370,11
2514,16,1958,41,1502,18,2405,11
2514,16,1958,41,1570,48,45,11
2514,16,1958,41,1570,48,159,11
2514,16,1958,41,1570,48,272,11
2514,16,1958,41,1570,48,338,11
2514,16,1958,41,1570,48,390,11
2514,16,1958,41,1570,48,457,11
2514,16,1958,41,1570,48,463,11
2514,16,1958,41,1570,48,620,11
2514,16,1958,41,1570,48,700,11
2514,16,1958,41,1570,48,742,11
2514,16,1958,41,1570,48,758,11
2514,16,1958,41,1570,48,879,11
2514,16,1958,41,1570,48,927,11
2514,16,1958,41,1570,48,979,11
2514,16,1958,41,1570,48,1003,11
2514,16,1958,41,1570,48,1044,11
2514,16,1958,41,1570,48,1068,11
2514,16,1958,41,1570,48,1153,11
2514,16,1958,41,1570,48,1186,11
2514,16,1958,41,1570,48,1194,11
2514,16,1958,41,1570,48,1259,11
2514,16,1958,41,1570,48,1260,11
2514,16,1958,41,1570,48,1312,11
2514,16,1958,41,1570,48,1388,11
2514,16,1958,41,1570,48,1391,11
2514,16,1958,41,1570,48,1422,11
2514,16,1958,41,1570,48,1556,11
2514,16,1958,41,1570,48,1568,11
2514,16,1958,41,1570,48,1599,11
2514,16,1958,41,1570,48,1747,11
2514,16,1958,41,1570,48,1773,11
2514,16,1958,41,1570,48,1799,11
2514,16,1958,41,1570,48,1818,11
2514,16,1958,41,1570,48,1873,11
2514,16,1958,41,1570,48,1940,11
2514,16,1958,41,1570,48,1956,11
2514,16,1958,41,1570,48,1997,11
2514,16,1958,41,1570,48,2068,11
2514,16,1958,41,1570,48,2079,11
2514,16,1958,41,1570,48,2123,11
2514,16,1958,41,1570,48,2196,11
2514,16,1958,41,1570,48,2206,11
2514,16,1958,41,1570,48,2216,11
2514,16,1958,41,1570,48,2244,11
2514,16,1958,41,1570,48,2259,11
2514,16,1958,41,1570,48,2261,11
2514,16,1958,41,1570,48,2289,11
2514,16,1958,41,1570,48,2359,11
2514,16,1958,41,1570,48,2370,11
2514,16,1958,41,1570,48,2405,11
2514,16,1958,41,1621,35,45,11
2514,16,1958,41,1621,35,159,11
2514,16,1958,41,1621,35,272,11
2514,16,1958,41,1621,35,338,11
2514,16,1958,41,1621,35,390,11
2514,16,1958,41,1621,35,457,11
2514,16,1958,41,1621,35,463,11
2514,16,1958,41,1621,35,620,11
2514,16,1958,41,1621,35,700,11
2514,16,1958,41,1621,35,742,11
2514,16,1958,41,1621,35,758,11
2514,16,1958,41,1621,35,879,11
2514,16,1958,41,1621,35,927,11
2514,16,1958,41,1621,35,979,11
2514,16,1958,41,1621,35,1003,11
2514,16,1958,41,1621,35,1044,11
2514,16,1958,41,1621,35,1068,11
2514,16,1958,41,1621,35,1153,11
2514,16,1958,41,1621,35,1186,11
2514,16,1958,41,1621,35,1194,11
2514,16,1958,41,1621,35,1259,11
2514,16,1958,41,1621,35,1260,11
2514,16,1958,41,1621,35,1312,11
2514,16,1958,41,1621,35,1388,11
2514,16,1958,41,1621,35,1391,11
2514,16,1958,41,1621,35,1422,11
2514,16,1958,41,1621,35,1556,11
2514,16,1958,41,1621,35,1568,11
2514,16,1958,41,1621,35,1599,11
2514,16,1958,41,1621,35,1747,11
2514,16,1958,41,1621,35,1773,11
2514,16,1958,41,1621,35,1799,11
2514,16,1958,41,1621,35,1818,11
2514,16,1958,41,1621,35,1873,11
2514,16,1958,41,1621,35,1940,11
2514,16,1958,41,1621,35,1956,11
2514,16,1958,41,1621,35,1997,11
2514,16,1958,41,1621,35,2068,11
2514,16,1958,41,1621,35,2079,11
2514,16,1958,41,1621,35,2123,11
2514,16,1958,41,1621,35,2196,11
2514,16,1958,41,1621,35,2206,11
2514,16,1958,41,1621,35,2216,11
2514,16,1958,41,1621,35,2244,11
2514,16,1958,41,1621,35,2259,11
2514,16,1958,41,1621,35,2261,11
2514,16,1958,41,1621,35,2289,11
2514,16,1958,41,1621,35,2359,11
2514,16,1958,41,1621,35,2370,11
2514,16,1958,41,1621,35,2405,11
2514,16,1958,41,1709,12,45,11
2514,16,1958,41,1709,12,338,11
2514,16,1958,41,1709,12,390,11
2514,16,1958,41,1709,12,620,11
2514,16,1958,41,1709,12,742,11
2514,16,1958,41,1709,12,758,11
2514,16,1958,41,1709,12,979,11
2514,16,1958,41,1709,12,1044,11
2514,16,1958,41,1709,12,1186,11
2514,16,1958,41,1709,12,1259,11
2514,16,1958,41,1709,12,1312,11
2514,16,1958,41,1709,12,1773,11
2514,16,1958,41,1709,12,1799,11
2514,16,1958,41,1709,12,1956,11
2514,16,1958,41,1709,12,1997,11
2514,16,1958,41,1709,12,2206,11
2514,16,1958,41,1709,12,2244,11
2514,16,1958,41,1709,12,2261,11
2514,16,1958,41,1709,12,2289,11
2514,16,1958,41,1709,12,2359,11
2514,16,1958,41,1843,13,45,11
2514,16,1958,41,1843,13,159,11
2514,16,1958,41,1843,13,272,11
2514,16,1958,41,1843,13,338,11
2514,16,1958,41,1843,13,390,11
2514,16,1958,41,1843,13,457,11
2514,16,1958,41,1843,13,463,11
2514,16,1958,41,1843,13,620,11
2514,16,1958,41,1843,13,700,11
2514,16,1958,41,1843,13,742,11
2514,16,1958,41,1843,13,758,11
2514,16,1958,41,1843,13,879,11
2514,16,1958,41,1843,13,927,11
2514,16,1958,41,1843,13,979,11
2514,16,1958,41,1843,13,1003,11
2514,16,1958,41,1843,13,1044,11
2514,16,1958,41,1843,13,1068,11
2514,16,1958,41,1843,13,1153,11
2514,16,1958,41,1843,13,1186,11
2514,16,1958,41,1843,13,1194,11
2514,16,1958,41,1843,13,1259,11
2514,16,1958,41,1843,13,1260,11
2514,16,1958,41,1843,13,1312,11
2514,16,1958,41,1843,13,1388,11
2514,16,1958,41,1843,13,1391,11
2514,16,1958,41,1843,13,1422,11
2514,16,1958,41,1843,13,1556,11
2514,16,1958,41,1843,13,1568,11
2514,16,1958,41,1843,13,1599,11
2514,16,1958,41,1843,13,1747,11
2514,16,1958,41,1843,13,1773,11
2514,16,1958,41,1843,13,1799,11
2514,16,1958,41,1843,13,1818,11
2514,16,1958,41,1843,13,1873,11
2514,16,1958,41,1843,13,1940,11
2514,16,1958,41,1843,13,1956,11
2514,16,1958,41,1843,13,1997,11
2514,16,1958,41,1843,13,2068,11
2514,16,1958,41,1843,13,2079,11
2514,16,1958,41,1843,13,2123,11
2514,16,1958,41,1843,13,2196,11
2514,16,1958,41,1843,13,2206,11
2514,16,1958,41,1843,13,2216,11
2514,16,1958,41,1843,13,2244,11
2514,16,1958,41,1843,13,2259,11
2514,16,1958,41,1843,13,2261,11
2514,16,1958,41,1843,13,2289,11
2514,16,1958,41,1843,13,2359,11
2514,16,1958,41,1843,13,2370,11
2514,16,1958,41,1843,13,2405,11
