2514,16,1463,30,12,41,457,11
2514,16,1463,30,12,41,700,11
2514,16,1463,30,12,41,927,11
2514,16,1463,30,12,41,1003,11
2514,16,1463,30,12,41,1153,11
2514,16,1463,30,12,41,1194,11
2514,16,1463,30,12,41,1568,11
2514,16,1463,30,12,41,1599,11
2514,16,1463,30,12,41,1818,11
2514,16,1463,30,12,41,1940,11
2514,16,1463,30,78,24,45,11
2514,16,1463,30,78,24,159,11
2514,16,1463,30,78,24,272,11
2514,16,1463,30,78,24,338,11
2514,16,1463,30,78,24,390,11
2514,16,1463,30,78,24,457,11
2514,16,1463,30,78,24,463,11
2514,16,1463,30,78,24,620,11
2514,16,1463,30,78,24,700,11
2514,16,1463,30,78,24,742,11
2514,16,1463,30,78,24,758,11
2514,16,1463,30,78,24,879,11
2514,16,1463,30,78,24,927,11
2514,16,1463,30,78,24,979,11
2514,16,1463,30,78,24,1003,11
2514,16,1463,30,78,24,1044,11
2514,16,1463,30,78,24,1068,11
2514,16,1463,30,78,24,1153,11
2514,16,1463,30,78,24,1186,11
2514,16,1463,30,78,24,1194,11
2514,16,1463,30,78,24,1259,11
2514,16,1463,30,78,24,1260,11
2514,16,1463,30,78,24,1312,11
2514,16,1463,30,78,24,1388,11
2514,16,1463,30,78,24,1391,11
2514,16,1463,30,78,24,1422,11
2514,16,1463,30,78,24,1556,11
2514,16,1463,30,78,24,1568,11
2514,16,1463,30,78,24,1599,11
2514,16,1463,30,78,24,1747,11
2514,16,1463,30,78,24,1773,11
2514,16,1463,30,78,24,1799,11
2514,16,1463,30,78,24,1818,11
2514,16,1463,30,78,24,1873,11
2514,16,1463,30,78,24,1940,11
2514,16,1463,30,78,24,1956,11
2514,16,1463,30,78,24,1997,11
2514,16,1463,30,78,24,2068,11
2514,16,1463,30,78,24,2079,11
2514,16,1463,30,78,24,2123,11
2514,16,1463,30,78,24,2196,11
2514,16,1463,30,78,24,2206,11
2514,16,1463,30,78,24,2216,11
2514,16,1463,30,78,24,2244,11
2514,16,1463,30,78,24,2259,11
2514,16,1463,30,78,24,2261,11
2514,16,1463,30,78,24,2289,11
2514,16,1463,30,78,24,2359,11
2514,16,1463,30,78,24,2370,11
2514,16,1463,30,78,24,2405,11
2514,16,1463,30,278,35,45,11
2514,16,1463,30,278,35,159,11
2514,16,1463,30,278,35,272,11
2514,16,1463,30,278,35,338,11
2514,16,1463,30,278,35,390,11
2514,16,1463,30,278,35,457,11
2514,16,1463,30,278,35,463,11
2514,16,1463,30,278,35,620,11
2514,16,1463,30,278,35,700,11
2514,16,1463,30,278,35,742,11
2514,16,1463,30,278,35,758,11
2514,16,1463,30,278,35,879,11
2514,16,1463,30,278,35,927,11
2514,16,1463,30,278,35,979,11
2514,16,1463,30,278,35,1003,11
2514,16,1463,30,278,35,1044,11
2514,16,1463,30,278,35,1068,11
2514,16,1463,30,278,35,1153,11
2514,16,1463,30,278,35,1186,11
2514,16,1463,30,278,35,1194,11
2514,16,1463,30,278,35,1259,11
2514,16,1463,30,278,35,1260,11
2514,16,1463,30,278,35,1312,11
2514,16,1463,30,278,35,1388,11
2514,16,1463,30,278,35,1391,11
2514,16,1463,30,278,35,1422,11
2514,16,1463,30,278,35,1556,11
2514,16,1463,30,278,35,1568,11
2514,16,1463,30,278,35,1599,11
2514,16,1463,30,278,35,1747,11
2514,16,1463,30,278,35,1773,11
2514,16,1463,30,278,35,1799,11
2514,16,1463,30,278,35,1818,11
2514,16,1463,30,278,35,1873,11
2514,16,1463,30,278,35,1940,11
2514,16,1463,30,278,35,1956,11
2514,16,1463,30,278,35,1997,11
2514,16,1463,30,278,35,2068,11
2514,16,1463,30,278,35,2079,11
2514,16,1463,30,278,35,2123,11
2514,16,1463,30,278,35,2196,11
2514,16,1463,30,278,35,2206,11
2514,16,1463,30,278,35,2216,11
2514,16,1463,30,278,35,2244,11
2514,16,1463,30,278,35,2259,11
2514,16,1463,30,278,35,2261,11
2514,16,1463,30,278,35,2289,11
2514,16,1463,30,278,35,2359,11
2514,16,1463,30,278,35,2370,11
2514,16,1463,30,278,35,2405,11
2514,16,1463,30,532,25,45,11
2514,16,1463,30,532,25,159,11
2514,16,1463,30,532,25,272,11
2514,16,1463,30,532,25,338,11
2514,16,1463,30,532,25,390,11
2514,16,1463,30,532,25,457,11
2514,16,1463,30,532,25,463,11
2514,16,1463,30,532,25,620,11
2514,16,1463,30,532,25,700,11
2514,16,1463,30,532,25,742,11
2514,16,1463,30,532,25,758,11
2514,16,1463,30,532,25,879,11
2514,16,1463,30,532,25,927,11
2514,16,1463,30,532,25,979,11
2514,16,1463,30,532,25,1003,11
2514,16,1463,30,532,25,1044,11
2514,16,1463,30,532,25,1068,11
2514,16,1463,30,532,25,1153,11
2514,16,1463,30,532,25,1186,11
2514,16,1463,30,532,25,1194,11
2514,16,1463,30,532,25,1259,11
2514,16,1463,30,532,25,1260,11
2514,16,1463,30,532,25,1312,11
2514,16,1463,30,532,25,1388,11
2514,16,1463,30,532,25,1391,11
2514,16,1463,30,532,25,1422,11
2514,16,1463,30,532,25,1556,11
2514,16,1463,30,532,25,1568,11
2514,16,1463,30,532,25,1599,11
2514,16,1463,30,532,25,1747,11
2514,16,1463,30,532,25,1773,11
2514,16,1463,30,532,25,1799,11
2514,16,1463,30,532,25,1818,11
2514,16,1463,30,532,25,1873,11
2514,16,1463,30,532,25,1940,11
2514,16,1463,30,532,25,1956,11
2514,16,1463,30,532,25,1997,11
2514,16,1463,30,532,25,2068,11
2514,16,1463,30,532,25,2079,11
2514,16,1463,30,532,25,2123,11
2514,16,1463,30,532,25,2196,11
2514,16,1463,30,532,25,2206,11
2514,16,1463,30,532,25,2216,11
2514,16,1463,30,532,25,2244,11
2514,16,1463,30,532,25,2259,11
2514,16,1463,30,532,25,2261,11
2514,16,1463,30,532,25,2289,11
2514,16,1463,30,532,25,2359,11
2514,16,1463,30,532,25,2370,11
2514,16,1463,30,532,25,2405,11
2514,16,1463,30,638,37,45,11
2514,16,1463,30,638,37,159,11
2514,16,1463,30,638,37,272,11
2514,16,1463,30,638,37,338,11
2514,16,1463,30,638,37,390,11
2514,16,1463,30,638,37,457,11
2514,16,1463,30,638,37,463,11
2514,16,1463,30,638,37,620,11
2514,16,1463,30,638,37,700,11
2514,16,1463,30,638,37,742,11
2514,16,1463,30,638,37,758,11
2514,16,1463,30,638,37,879,11
2514,16,1463,30,638,37,927,11
2514,16,1463,30,638,37,979,11
2514,16,1463,30,638,37,1003,11
2514,16,1463,30,638,37,1044,11
2514,16,1463,30,638,37,1068,11
2514,16,1463,30,638,37,1153,11
2514,16,1463,30,638,37,1186,11
2514,16,1463,30,638,37,1194,11
2514,16,1463,30,638,37,1259,11
2514,16,1463,30,638,37,1260,11
2514,16,1463,30,638,37,1312,11
2514,16,1463,30,638,37,1388,11
2514,16,1463,30,638,37,1391,11
2514,16,1463,30,638,37,1422,11
2514,16,1463,30,638,37,1556,11
2514,16,1463,30,638,37,1568,11
2514,16,1463,30,638,37,1599,11
2514,16,1463,30,638,37,1747,11
2514,16,1463,30,638,37,1773,11
2514,16,1463,30,638,37,1799,11
2514,16,1463,30,638,37,1818,11
2514,16,1463,30,638,37,1873,11
2514,16,1463,30,638,37,1940,11
2514,16,1463,30,638,37,1956,11
2514,16,1463,30,638,37,1997,11
2514,16,1463,30,638,37,2068,11
2514,16,1463,30,638,37,2079,11
2514,16,1463,30,638,37,2123,11
2514,16,1463,30,638,37,2196,11
2514,16,1463,30,638,37,2206,11
2514,16,1463,30,638,37,2216,11
2514,16,1463,30,638,37,2244,11
2514,16,1463,30,638,37,2259,11
2514,16,1463,30,638,37,2261,11
2514,16,1463,30,638,37,2289,11
2514,16,1463,30,638,37,2359,11
2514,16,1463,30,638,37,2370,11
2514,16,1463,30,638,37,2405,11
2514,16,1463,30,733,13,45,11
2514,16,1463,30,733,13,159,11
2514,16,1463,30,733,13,272,11
2514,16,1463,30,733,13,338,11
2514,16,1463,30,733,13,390,11
2514,16,1463,30,733,13,457,11
2514,16,1463,30,733,13,463,11
2514,16,1463,30,733,13,620,11
2514,16,1463,30,733,13,700,11
2514,16,1463,30,733,13,742,11
2514,16,1463,30,733,13,758,11
2514,16,1463,30,733,13,879,11
2514,16,1463,30,733,13,927,11
2514,16,1463,30,733,13,979,11
2514,16,1463,30,733,13,1003,11
2514,16,1463,30,733,13,1044,11
2514,16,1463,30,733,13,1068,11
2514,16,1463,30,733,13,1153,11
2514,16,1463,30,733,13,1186,11
2514,16,1463,30,733,13,1194,11
2514,16,1463,30,733,13,1259,11
2514,16,1463,30,733,13,1260,11
2514,16,1463,30,733,13,1312,11
2514,16,1463,30,733,13,1388,11
2514,16,1463,30,733,13,1391,11
2514,16,1463,30,733,13,1422,11
2514,16,1463,30,733,13,1556,11
2514,16,1463,30,733,13,1568,11
2514,16,1463,30,733,13,1599,11
2514,16,1463,30,733,13,1747,11
2514,16,1463,30,733,13,1773,11
2514,16,1463,30,733,13,1799,11
2514,16,1463,30,733,13,1818,11
2514,16,1463,30,733,13,1873,11
2514,16,1463,30,733,13,1940,11
2514,16,1463,30,733,13,1956,11
2514,16,1463,30,733,13,1997,11
2514,16,1463,30,733,13,2068,11
2514,16,1463,30,733,13,2079,11
2514,16,1463,30,733,13,2123,11
2514,16,1463,30,733,13,2196,11
2514,16,1463,30,733,13,2206,11
2514,16,1463,30,733,13,2216,11
2514,16,1463,30,733,13,2244,11
2514,16,1463,30,733,13,2259,11
2514,16,1463,30,733,13,2261,11
2514,16,1463,30,733,13,2289,11
2514,16,1463,30,733,13,2359,11
2514,16,1463,30,733,13,2370,11
2514,16,1463,30,733,13,2405,11
2514,16,1463,30,815,23,45,11
2514,16,1463,30,815,23,272,11
2514,16,1463,30,815,23,338,11
2514,16,1463,30,815,23,390,11
2514,16,1463,30,815,23,620,11
2514,16,1463,30,815,23,742,11
2514,16,1463,30,815,23,758,11
2514,16,1463,30,815,23,979,11
2514,16,1463,30,815,23,1044,11
2514,16,1463,30,815,23,1068,11
2514,16,1463,30,815,23,1186,11
2514,16,1463,30,815,23,1259,11
2514,16,1463,30,815,23,1260,11
2514,16,1463,30,815,23,1312,11
2514,16,1463,30,815,23,1391,11
2514,16,1463,30,815,23,1422,11
2514,16,1463,30,815,23,1747,11
2514,16,1463,30,815,23,1773,11
2514,16,1463,30,815,23,1799,11
2514,16,1463,30,815,23,1956,11
2514,16,1463,30,815,23,1997,11
2514,16,1463,30,815,23,2068,11
2514,16,1463,30,815,23,2079,11
2514,16,1463,30,815,23,2206,11
2514,16,1463,30,815,23,2244,11
2514,16,1463,30,815,23,2259,11
2514,16,1463,30,815,23,2261,11
2514,16,1463,30,815,23,2289,11
2514,16,1463,30,815,23,2359,11
2514,16,1463,30,815,23,2405,11
2514,16,1463,30,937,45,45,11
2514,16,1463,30,937,45,159,11
2514,16,1463,30,937,45,272,11
2514,16,1463,30,937,45,338,11
2514,16,1463,30,937,45,390,11
2514,16,1463,30,937,45,457,11
2514,16,1463,30,937,45,463,11
2514,16,1463,30,937,45,620,11
2514,16,1463,30,937,45,700,11
2514,16,1463,30,937,45,742,11
2514,16,1463,30,937,45,758,11
2514,16,1463,30,937,45,879,11
2514,16,1463,30,937,45,927,11
2514,16,1463,30,937,45,979,11
2514,16,1463,30,937,45,1003,11
2514,16,1463,30,937,45,1044,11
2514,16,1463,30,937,45,1068,11
2514,16,1463,30,937,45,1153,11
2514,16,1463,30,937,45,1186,11
2514,16,1463,30,937,45,1194,11
2514,16,1463,30,937,45,1259,11
2514,16,1463,30,937,45,1260,11
2514,16,1463,30,937,45,1312,11
2514,16,1463,30,937,45,1388,11
2514,16,1463,30,937,45,1391,11
2514,16,1463,30,937,45,1422,11
2514,16,1463,30,937,45,1556,11
2514,16,1463,30,937,45,1568,11
2514,16,1463,30,937,45,1599,11
2514,16,1463,30,937,45,1747,11
2514,16,1463,30,937,45,1773,11
2514,16,1463,30,937,45,1799,11
2514,16,1463,30,937,45,1818,11
2514,16,1463,30,937,45,1873,11
2514,16,1463,30,937,45,1940,11
2514,16,1463,30,937,45,1956,11
2514,16,1463,30,937,45,1997,11
2514,16,1463,30,937,45,2068,11
2514,16,1463,30,937,45,2079,11
2514,16,1463,30,937,45,2123,11
2514,16,1463,30,937,45,2196,11
2514,16,1463,30,937,45,2206,11
2514,16,1463,30,937,45,2216,11
2514,16,1463,30,937,45,2244,11
2514,16,1463,30,937,45,2259,11
2514,16,1463,30,937,45,2261,11
2514,16,1463,30,937,45,2289,11
2514,16,1463,30,937,45,2359,11
2514,16,1463,30,937,45,2370,11
2514,16,1463,30,937,45,2405,11
2514,16,1463,30,1070,47,45,11
2514,16,1463,30,1070,47,159,11
2514,16,1463,30,1070,47,272,11
2514,16,1463,30,1070,47,338,11
2514,16,1463,30,1070,47,390,11
2514,16,1463,30,1070,47,457,11
2514,16,1463,30,1070,47,463,11
2514,16,1463,30,1070,47,620,11
2514,16,1463,30,1070,47,700,11
2514,16,1463,30,1070,47,742,11
2514,16,1463,30,1070,47,758,11
2514,16,1463,30,1070,47,879,11
2514,16,1463,30,1070,47,927,11
2514,16,1463,30,1070,47,979,11
2514,16,1463,30,1070,47,1003,11
2514,16,1463,30,1070,47,1044,11
2514,16,1463,30,1070,47,1068,11
2514,16,1463,30,1070,47,1153,11
2514,16,1463,30,1070,47,1186,11
2514,16,1463,30,1070,47,1194,11
2514,16,1463,30,1070,47,1259,11
2514,16,1463,30,1070,47,1260,11
2514,16,1463,30,1070,47,1312,11
2514,16,1463,30,1070,47,1388,11
2514,16,1463,30,1070,47,1391,11
2514,16,1463,30,1070,47,1422,11
2514,16,1463,30,1070,47,1556,11
2514,16,1463,30,1070,47,1568,11
2514,16,1463,30,1070,47,1599,11
2514,16,1463,30,1070,47,1747,11
2514,16,1463,30,1070,47,1773,11
2514,16,1463,30,1070,47,1799,11
2514,16,1463,30,1070,47,1818,11
2514,16,1463,30,1070,47,1873,11
2514,16,1463,30,1070,47,1940,11
2514,16,1463,30,1070,47,1956,11
2514,16,1463,30,1070,47,1997,11
2514,16,1463,30,1070,47,2068,11
2514,16,1463,30,1070,47,2079,11
2514,16,1463,30,1070,47,2123,11
2514,16,1463,30,1070,47,2196,11
2514,16,1463,30,1070,47,2206,11
2514,16,1463,30,1070,47,2216,11
2514,16,1463,30,1070,47,2244,11
2514,16,1463,30,1070,47,2259,11
2514,16,1463,30,1070,47,2261,11
2514,16,1463,30,1070,47,2289,11
2514,16,1463,30,1070,47,2359,11
2514,16,1463,30,1070,47,2370,11
2514,16,1463,30,1070,47,2405,11
2514,16,1463,30,1189,27,45,11
2514,16,1463,30,1189,27,159,11
2514,16,1463,30,1189,27,272,11
2514,16,1463,30,1189,27,338,11
2514,16,1463,30,1189,27,390,11
2514,16,1463,30,1189,27,457,11
2514,16,1463,30,1189,27,463,11
2514,16,1463,30,1189,27,620,11
2514,16,1463,30,1189,27,700,11
2514,16,1463,30,1189,27,742,11
2514,16,1463,30,1189,27,758,11
2514,16,1463,30,1189,27,879,11
2514,16,1463,30,1189,27,927,11
2514,16,1463,30,1189,27,979,11
2514,16,1463,30,1189,27,1003,11
2514,16,1463,30,1189,27,1044,11
2514,16,1463,30,1189,27,1068,11
2514,16,1463,30,1189,27,1153,11
2514,16,1463,30,1189,27,1186,11
2514,16,1463,30,1189,27,1194,11
2514,16,1463,30,1189,27,1259,11
2514,16,1463,30,1189,27,1260,11
2514,16,1463,30,1189,27,1312,11
2514,16,1463,30,1189,27,1388,11
2514,16,1463,30,1189,27,1391,11
2514,16,1463,30,1189,27,1422,11
2514,16,1463,30,1189,27,1556,11
2514,16,1463,30,1189,27,1568,11
2514,16,1463,30,1189,27,1599,11
2514,16,1463,30,1189,27,1747,11
2514,16,1463,30,1189,27,1773,11
2514,16,1463,30,1189,27,1799,11
2514,16,1463,30,1189,27,1818,11
2514,16,1463,30,1189,27,1873,11
2514,16,1463,30,1189,27,1940,11
2514,16,1463,30,1189,27,1956,11
2514,16,1463,30,1189,27,1997,11
2514,16,1463,30,1189,27,2068,11
2514,16,1463,30,1189,27,2079,11
2514,16,1463,30,1189,27,2123,11
2514,16,1463,30,1189,27,2196,11
2514,16,1463,30,1189,27,2206,11
2514,16,1463,30,1189,27,2216,11
2514,16,1463,30,1189,27,2244,11
2514,16,1463,30,1189,27,2259,11
2514,16,1463,30,1189,27,2261,11
2514,16,1463,30,1189,27,2289,11
2514,16,1463,30,1189,27,2359,11
2514,16,1463,30,1189,27,2370,11
2514,16,1463,30,1189,27,2405,11
2514,16,1463,30,1258,36,45,11
2514,16,1463,30,1258,36,159,11
2514,16,1463,30,1258,36,272,11
2514,16,1463,30,1258,36,338,11
2514,16,1463,30,1258,36,390,11
2514,16,1463,30,1258,36,457,11
2514,16,1463,30,1258,36,463,11
2514,16,1463,30,1258,36,620,11
2514,16,1463,30,1258,36,700,11
2514,16,1463,30,1258,36,742,11
2514,16,1463,30,1258,36,758,11
2514,16,1463,30,1258,36,879,11
2514,16,1463,30,1258,36,927,11
2514,16,1463,30,1258,36,979,11
2514,16,1463,30,1258,36,1003,11
2514,16,1463,30,1258,36,1044,11
2514,16,1463,30,1258,36,1068,11
2514,16,1463,30,1258,36,1153,11
2514,16,1463,30,1258,36,1186,11
2514,16,1463,30,1258,36,1194,11
2514,16,1463,30,1258,36,1259,11
2514,16,1463,30,1258,36,1260,11
2514,16,1463,30,1258,36,1312,11
2514,16,1463,30,1258,36,1388,11
2514,16,1463,30,1258,36,1391,11
2514,16,1463,30,1258,36,1422,11
2514,16,1463,30,1258,36,1556,11
2514,16,1463,30,1258,36,1568,11
2514,16,1463,30,1258,36,1599,11
2514,16,1463,30,1258,36,1747,11
2514,16,1463,30,1258,36,1773,11
2514,16,1463,30,1258,36,1799,11
2514,16,1463,30,1258,36,1818,11
2514,16,1463,30,1258,36,1873,11
2514,16,1463,30,1258,36,1940,11
2514,16,1463,30,1258,36,1956,11
2514,16,1463,30,1258,36,1997,11
2514,16,1463,30,1258,36,2068,11
2514,16,1463,30,1258,36,2079,11
2514,16,1463,30,1258,36,2123,11
2514,16,1463,30,1258,36,2196,11
2514,16,1463,30,1258,36,2206,11
2514,16,1463,30,1258,36,2216,11
2514,16,1463,30,1258,36,2244,11
2514,16,1463,30,1258,36,2259,11
2514,16,1463,30,1258,36,2261,11
2514,16,1463,30,1258,36,2289,11
2514,16,1463,30,1258,36,2359,11
2514,16,1463,30,1258,36,2370,11
2514,16,1463,30,1258,36,2405,11
2514,16,1463,30,1428,32,45,11
2514,16,1463,30,1428,32,159,11
2514,16,1463,30,1428,32,272,11
2514,16,1463,30,1428,32,338,11
2514,16,1463,30,1428,32,390,11
2514,16,1463,30,1428,32,457,11
2514,16,1463,30,1428,32,463,11
2514,16,1463,30,1428,32,620,11
2514,16,1463,30,1428,32,700,11
2514,16,1463,30,1428,32,742,11
2514,16,1463,30,1428,32,758,11
2514,16,1463,30,1428,32,879,11
2514,16,1463,30,1428,32,927,11
2514,16,1463,30,1428,32,979,11
2514,16,1463,30,1428,32,1003,11
2514,16,1463,30,1428,32,1044,11
2514,16,1463,30,1428,32,1068,11
2514,16,1463,30,1428,32,1153,11
2514,16,1463,30,1428,32,1186,11
2514,16,1463,30,1428,32,1194,11
2514,16,1463,30,1428,32,1259,11
2514,16,1463,30,1428,32,1260,11
2514,16,1463,30,1428,32,1312,11
2514,16,1463,30,1428,32,1388,11
2514,16,1463,30,1428,32,1391,11
2514,16,1463,30,1428,32,1422,11
2514,16,1463,30,1428,32,1556,11
2514,16,1463,30,1428,32,1568,11
2514,16,1463,30,1428,32,1599,11
2514,16,1463,30,1428,32,1747,11
2514,16,1463,30,1428,32,1773,11
2514,16,1463,30,1428,32,1799,11
2514,16,1463,30,1428,32,1818,11
2514,16,1463,30,1428,32,1873,11
2514,16,1463,30,1428,32,1940,11
2514,16,1463,30,1428,32,1956,11
2514,16,1463,30,1428,32,1997,11
2514,16,1463,30,1428,32,2068,11
2514,16,1463,30,1428,32,2079,11
2514,16,1463,30,1428,32,2123,11
2514,16,1463,30,1428,32,2196,11
2514,16,1463,30,1428,32,2206,11
2514,16,1463,30,1428,32,2216,11
2514,16,1463,30,1428,32,2244,11
2514,16,1463,30,1428,32,2259,11
2514,16,1463,30,1428,32,2261,11
2514,16,1463,30,1428,32,2289,11
2514,16,1463,30,1428,32,2359,11
2514,16,1463,30,1428,32,2370,11
2514,16,1463,30,1428,32,2405,11
2514,16,1463,30,1901,9,45,11
2514,16,1463,30,1901,9,159,11
2514,16,1463,30,1901,9,272,11
2514,16,1463,30,1901,9,338,11
2514,16,1463,30,1901,9,390,11
2514,16,1463,30,1901,9,457,11
2514,16,1463,30,1901,9,463,11
2514,16,1463,30,1901,9,620,11
2514,16,1463,30,1901,9,700,11
2514,16,1463,30,1901,9,742,11
2514,16,1463,30,1901,9,758,11
2514,16,1463,30,1901,9,879,11
2514,16,1463,30,1901,9,927,11
2514,16,1463,30,1901,9,979,11
2514,16,1463,30,1901,9,1003,11
2514,16,1463,30,1901,9,1044,11
2514,16,1463,30,1901,9,1068,11
2514,16,1463,30,1901,9,1153,11
2514,16,1463,30,1901,9,1186,11
2514,16,1463,30,1901,9,1194,11
2514,16,1463,30,1901,9,1259,11
2514,16,1463,30,1901,9,1260,11
2514,16,1463,30,1901,9,1312,11
2514,16,1463,30,1901,9,1388,11
2514,16,1463,30,1901,9,1391,11
2514,16,1463,30,1901,9,1422,11
2514,16,1463,30,1901,9,1556,11
2514,16,1463,30,1901,9,1568,11
2514,16,1463,30,1901,9,1599,11
2514,16,1463,30,1901,9,1747,11
2514,16,1463,30,1901,9,1773,11
2514,16,1463,30,1901,9,1799,11
2514,16,1463,30,1901,9,1818,11
2514,16,1463,30,1901,9,1873,11
2514,16,1463,30,1901,9,1940,11
2514,16,1463,30,1901,9,1956,11
2514,16,1463,30,1901,9,1997,11
2514,16,1463,30,1901,9,2068,11
2514,16,1463,30,1901,9,2079,11
2514,16,1463,30,1901,9,2123,11
2514,16,1463,30,1901,9,2196,11
2514,16,1463,30,1901,9,2206,11
2514,16,1463,30,1901,9,2216,11
2514,16,1463,30,1901,9,2244,11
2514,16,1463,30,1901,9,2259,11
2514,16,1463,30,1901,9,2261,11
2514,16,1463,30,1901,9,2289,11
2514,16,1463,30,1901,9,2359,11
2514,16,1463,30,1901,9,2370,11
2514,16,1463,30,1901,9,2405,11
2514,16,1463,30,1987,38,45,11
2514,16,1463,30,1987,38,159,11
2514,16,1463,30,1987,38,272,11
2514,16,1463,30,1987,38,338,11
2514,16,1463,30,1987,38,390,11
2514,16,1463,30,1987,38,457,11
2514,16,1463,30,1987,38,463,11
2514,16,1463,30,1987,38,620,11
2514,16,1463,30,1987,38,700,11
2514,16,1463,30,1987,38,742,11
2514,16,1463,30,1987,38,758,11
2514,16,1463,30,1987,38,879,11
2514,16,1463,30,1987,38,927,11
2514,16,1463,30,1987,38,979,11
2514,16,1463,30,1987,38,1003,11
2514,16,1463,30,1987,38,1044,11
2514,16,1463,30,1987,38,1068,11
2514,16,1463,30,1987,38,1153,11
2514,16,1463,30,1987,38,1186,11
2514,16,1463,30,1987,38,1194,11
2514,16,1463,30,1987,38,1259,11
2514,16,1463,30,1987,38,1260,11
2514,16,1463,30,1987,38,1312,11
2514,16,1463,30,1987,38,1388,11
2514,16,1463,30,1987,38,1391,11
2514,16,1463,30,1987,38,1422,11
2514,16,1463,30,1987,38,1556,11
2514,16,1463,30,1987,38,1568,11
2514,16,1463,30,1987,38,1599,11
2514,16,1463,30,1987,38,1747,11
2514,16,1463,30,1987,38,1773,11
2514,16,1463,30,1987,38,1799,11
2514,16,1463,30,1987,38,1818,11
2514,16,1463,30,1987,38,1873,11
2514,16,1463,30,1987,38,1940,11
2514,16,1463,30,1987,38,1956,11
2514,16,1463,30,1987,38,1997,11
2514,16,1463,30,1987,38,2068,11
2514,16,1463,30,1987,38,2079,11
2514,16,1463,30,1987,38,2123,11
2514,16,1463,30,1987,38,2196,11
2514,16,1463,30,1987,38,2206,11
2514,16,1463,30,1987,38,2216,11
2514,16,1463,30,1987,38,2244,11
2514,16,1463,30,1987,38,2259,11
2514,16,1463,30,1987,38,2261,11
2514,16,1463,30,1987,38,2289,11
2514,16,1463,30,1987,38,2359,11
2514,16,1463,30,1987,38,2370,11
2514,16,1463,30,1987,38,2405,11
