2514,16,163,1,43,22,45,11
2514,16,163,1,43,22,159,11
2514,16,163,1,43,22,272,11
2514,16,163,1,43,22,338,11
2514,16,163,1,43,22,390,11
2514,16,163,1,43,22,457,11
2514,16,163,1,43,22,463,11
2514,16,163,1,43,22,620,11
2514,16,163,1,43,22,700,11
2514,16,163,1,43,22,742,11
2514,16,163,1,43,22,758,11
2514,16,163,1,43,22,879,11
2514,16,163,1,43,22,927,11
2514,16,163,1,43,22,979,11
2514,16,163,1,43,22,1003,11
2514,16,163,1,43,22,1044,11
2514,16,163,1,43,22,1068,11
2514,16,163,1,43,22,1153,11
2514,16,163,1,43,22,1186,11
2514,16,163,1,43,22,1194,11
2514,16,163,1,43,22,1259,11
2514,16,163,1,43,22,1260,11
2514,16,163,1,43,22,1312,11
2514,16,163,1,43,22,1388,11
2514,16,163,1,43,22,1391,11
2514,16,163,1,43,22,1422,11
2514,16,163,1,43,22,1556,11
2514,16,163,1,43,22,1568,11
2514,16,163,1,43,22,1599,11
2514,16,163,1,43,22,1747,11
2514,16,163,1,43,22,1773,11
2514,16,163,1,43,22,1799,11
2514,16,163,1,43,22,1818,11
2514,16,163,1,43,22,1873,11
2514,16,163,1,43,22,1940,11
2514,16,163,1,43,22,1956,11
2514,16,163,1,43,22,1997,11
2514,16,163,1,43,22,2068,11
2514,16,163,1,43,22,2079,11
2514,16,163,1,43,22,2123,11
2514,16,163,1,43,22,2196,11
2514,16,163,1,43,22,2206,11
2514,16,163,1,43,22,2216,11
2514,16,163,1,43,22,2244,11
2514,16,163,1,43,22,2259,11
2514,16,163,1,43,22,2261,11
2514,16,163,1,43,22,2289,11
2514,16,163,1,43,22,2359,11
2514,16,163,1,43,22,2370,11
2514,16,163,1,43,22,2405,11
2514,16,163,1,164,26,45,11
2514,16,163,1,164,26,159,11
2514,16,163,1,164,26,272,11
2514,16,163,1,164,26,338,11
2514,16,163,1,164,26,390,11
2514,16,163,1,164,26,457,11
2514,16,163,1,164,26,463,11
2514,16,163,1,164,26,620,11
2514,16,163,1,164,26,700,11
2514,16,163,1,164,26,742,11
2514,16,163,1,164,26,758,11
2514,16,163,1,164,26,879,11
2514,16,163,1,164,26,927,11
2514,16,163,1,164,26,979,11
2514,16,163,1,164,26,1003,11
2514,16,163,1,164,26,1044,11
2514,16,163,1,164,26,1068,11
2514,16,163,1,164,26,1153,11
2514,16,163,1,164,26,1186,11
2514,16,163,1,164,26,1194,11
2514,16,163,1,164,26,1259,11
2514,16,163,1,164,26,1260,11
2514,16,163,1,164,26,1312,11
2514,16,163,1,164,26,1388,11
2514,16,163,1,164,26,1391,11
2514,16,163,1,164,26,1422,11
2514,16,163,1,164,26,1556,11
2514,16,163,1,164,26,1568,11
2514,16,163,1,164,26,1599,11
2514,16,163,1,164,26,1747,11
2514,16,163,1,164,26,1773,11
2514,16,163,1,164,26,1799,11
2514,16,163,1,164,26,1818,11
2514,16,163,1,164,26,1873,11
2514,16,163,1,164,26,1940,11
2514,16,163,1,164,26,1956,11
2514,16,163,1,164,26,1997,11
2514,16,163,1,164,26,2068,11
2514,16,163,1,164,26,2079,11
2514,16,163,1,164,26,2123,11
2514,16,163,1,164,26,2196,11
2514,16,163,1,164,26,2206,11
2514,16,163,1,164,26,2216,11
2514,16,163,1,164,26,2244,11
2514,16,163,1,164,26,2259,11
2514,16,163,1,164,26,2261,11
2514,16,163,1,164,26,2289,11
2514,16,163,1,164,26,2359,11
2514,16,163,1,164,26,2370,11
2514,16,163,1,164,26,2405,11
2514,16,163,1,246,42,45,11
2514,16,163,1,246,42,159,11
2514,16,163,1,246,42,272,11
2514,16,163,1,246,42,338,11
2514,16,163,1,246,42,390,11
2514,16,163,1,246,42,457,11
2514,16,163,1,246,42,463,11
2514,16,163,1,246,42,620,11
2514,16,163,1,246,42,700,11
2514,16,163,1,246,42,742,11
2514,16,163,1,246,42,758,11
2514,16,163,1,246,42,879,11
2514,16,163,1,246,42,927,11
2514,16,163,1,246,42,979,11
2514,16,163,1,246,42,1003,11
2514,16,163,1,246,42,1044,11
2514,16,163,1,246,42,1068,11
2514,16,163,1,246,42,1153,11
2514,16,163,1,246,42,1186,11
2514,16,163,1,246,42,1194,11
2514,16,163,1,246,42,1259,11
2514,16,163,1,246,42,1260,11
2514,16,163,1,246,42,1312,11
2514,16,163,1,246,42,1388,11
2514,16,163,1,246,42,1391,11
2514,16,163,1,246,42,1422,11
2514,16,163,1,246,42,1556,11
2514,16,163,1,246,42,1568,11
2514,16,163,1,246,42,1599,11
2514,16,163,1,246,42,1747,11
2514,16,163,1,246,42,1773,11
2514,16,163,1,246,42,1799,11
2514,16,163,1,246,42,1818,11
2514,16,163,1,246,42,1873,11
2514,16,163,1,246,42,1940,11
2514,16,163,1,246,42,1956,11
2514,16,163,1,246,42,1997,11
2514,16,163,1,246,42,2068,11
2514,16,163,1,246,42,2079,11
2514,16,163,1,246,42,2123,11
2514,16,163,1,246,42,2196,11
2514,16,163,1,246,42,2206,11
2514,16,163,1,246,42,2216,11
2514,16,163,1,246,42,2244,11
2514,16,163,1,246,42,2259,11
2514,16,163,1,246,42,2261,11
2514,16,163,1,246,42,2289,11
2514,16,163,1,246,42,2359,11
2514,16,163,1,246,42,2370,11
2514,16,163,1,246,42,2405,11
2514,16,163,1,308,15,45,11
2514,16,163,1,308,15,159,11
2514,16,163,1,308,15,272,11
2514,16,163,1,308,15,338,11
2514,16,163,1,308,15,390,11
2514,16,163,1,308,15,457,11
2514,16,163,1,308,15,463,11
2514,16,163,1,308,15,620,11
2514,16,163,1,308,15,700,11
2514,16,163,1,308,15,742,11
2514,16,163,1,308,15,758,11
2514,16,163,1,308,15,879,11
2514,16,163,1,308,15,927,11
2514,16,163,1,308,15,979,11
2514,16,163,1,308,15,1003,11
2514,16,163,1,308,15,1044,11
2514,16,163,1,308,15,1068,11
2514,16,163,1,308,15,1153,11
2514,16,163,1,308,15,1186,11
2514,16,163,1,308,15,1194,11
2514,16,163,1,308,15,1259,11
2514,16,163,1,308,15,1260,11
2514,16,163,1,308,15,1312,11
2514,16,163,1,308,15,1388,11
2514,16,163,1,308,15,1391,11
2514,16,163,1,308,15,1422,11
2514,16,163,1,308,15,1556,11
2514,16,163,1,308,15,1568,11
2514,16,163,1,308,15,1599,11
2514,16,163,1,308,15,1747,11
2514,16,163,1,308,15,1773,11
2514,16,163,1,308,15,1799,11
2514,16,163,1,308,15,1818,11
2514,16,163,1,308,15,1873,11
2514,16,163,1,308,15,1940,11
2514,16,163,1,308,15,1956,11
2514,16,163,1,308,15,1997,11
2514,16,163,1,308,15,2068,11
2514,16,163,1,308,15,2079,11
2514,16,163,1,308,15,2123,11
2514,16,163,1,308,15,2196,11
2514,16,163,1,308,15,2206,11
2514,16,163,1,308,15,2216,11
2514,16,163,1,308,15,2244,11
2514,16,163,1,308,15,2259,11
2514,16,163,1,308,15,2261,11
2514,16,163,1,308,15,2289,11
2514,16,163,1,308,15,2359,11
2514,16,163,1,308,15,2370,11
2514,16,163,1,308,15,2405,11
2514,16,163,1,568,9,45,11
2514,16,163,1,568,9,159,11
2514,16,163,1,568,9,272,11
2514,16,163,1,568,9,338,11
2514,16,163,1,568,9,390,11
2514,16,163,1,568,9,457,11
2514,16,163,1,568,9,463,11
2514,16,163,1,568,9,620,11
2514,16,163,1,568,9,700,11
2514,16,163,1,568,9,742,11
2514,16,163,1,568,9,758,11
2514,16,163,1,568,9,879,11
2514,16,163,1,568,9,927,11
2514,16,163,1,568,9,979,11
2514,16,163,1,568,9,1003,11
2514,16,163,1,568,9,1044,11
2514,16,163,1,568,9,1068,11
2514,16,163,1,568,9,1153,11
2514,16,163,1,568,9,1186,11
2514,16,163,1,568,9,1194,11
2514,16,163,1,568,9,1259,11
2514,16,163,1,568,9,1260,11
2514,16,163,1,568,9,1312,11
2514,16,163,1,568,9,1388,11
2514,16,163,1,568,9,1391,11
2514,16,163,1,568,9,1422,11
2514,16,163,1,568,9,1556,11
2514,16,163,1,568,9,1568,11
2514,16,163,1,568,9,1599,11
2514,16,163,1,568,9,1747,11
2514,16,163,1,568,9,1773,11
2514,16,163,1,568,9,1799,11
2514,16,163,1,568,9,1818,11
2514,16,163,1,568,9,1873,11
2514,16,163,1,568,9,1940,11
2514,16,163,1,568,9,1956,11
2514,16,163,1,568,9,1997,11
2514,16,163,1,568,9,2068,11
2514,16,163,1,568,9,2079,11
2514,16,163,1,568,9,2123,11
2514,16,163,1,568,9,2196,11
2514,16,163,1,568,9,2206,11
2514,16,163,1,568,9,2216,11
2514,16,163,1,568,9,2244,11
2514,16,163,1,568,9,2259,11
2514,16,163,1,568,9,2261,11
2514,16,163,1,568,9,2289,11
2514,16,163,1,568,9,2359,11
2514,16,163,1,568,9,2370,11
2514,16,163,1,568,9,2405,11
2514,16,163,1,705,15,45,11
2514,16,163,1,705,15,159,11
2514,16,163,1,705,15,272,11
2514,16,163,1,705,15,338,11
2514,16,163,1,705,15,390,11
2514,16,163,1,705,15,457,11
2514,16,163,1,705,15,463,11
2514,16,163,1,705,15,620,11
2514,16,163,1,705,15,700,11
2514,16,163,1,705,15,742,11
2514,16,163,1,705,15,758,11
2514,16,163,1,705,15,879,11
2514,16,163,1,705,15,927,11
2514,16,163,1,705,15,979,11
2514,16,163,1,705,15,1003,11
2514,16,163,1,705,15,1044,11
2514,16,163,1,705,15,1068,11
2514,16,163,1,705,15,1153,11
2514,16,163,1,705,15,1186,11
2514,16,163,1,705,15,1194,11
2514,16,163,1,705,15,1259,11
2514,16,163,1,705,15,1260,11
2514,16,163,1,705,15,1312,11
2514,16,163,1,705,15,1388,11
2514,16,163,1,705,15,1391,11
2514,16,163,1,705,15,1422,11
2514,16,163,1,705,15,1556,11
2514,16,163,1,705,15,1568,11
2514,16,163,1,705,15,1599,11
2514,16,163,1,705,15,1747,11
2514,16,163,1,705,15,1773,11
2514,16,163,1,705,15,1799,11
2514,16,163,1,705,15,1818,11
2514,16,163,1,705,15,1873,11
2514,16,163,1,705,15,1940,11
2514,16,163,1,705,15,1956,11
2514,16,163,1,705,15,1997,11
2514,16,163,1,705,15,2068,11
2514,16,163,1,705,15,2079,11
2514,16,163,1,705,15,2123,11
2514,16,163,1,705,15,2196,11
2514,16,163,1,705,15,2206,11
2514,16,163,1,705,15,2216,11
2514,16,163,1,705,15,2244,11
2514,16,163,1,705,15,2259,11
2514,16,163,1,705,15,2261,11
2514,16,163,1,705,15,2289,11
2514,16,163,1,705,15,2359,11
2514,16,163,1,705,15,2370,11
2514,16,163,1,705,15,2405,11
2514,16,163,1,726,14,45,11
2514,16,163,1,726,14,159,11
2514,16,163,1,726,14,272,11
2514,16,163,1,726,14,338,11
2514,16,163,1,726,14,390,11
2514,16,163,1,726,14,463,11
2514,16,163,1,726,14,620,11
2514,16,163,1,726,14,742,11
2514,16,163,1,726,14,758,11
2514,16,163,1,726,14,879,11
2514,16,163,1,726,14,979,11
2514,16,163,1,726,14,1044,11
2514,16,163,1,726,14,1068,11
2514,16,163,1,726,14,1186,11
2514,16,163,1,726,14,1259,11
2514,16,163,1,726,14,1260,11
2514,16,163,1,726,14,1312,11
2514,16,163,1,726,14,1388,11
2514,16,163,1,726,14,1391,11
2514,16,163,1,726,14,1422,11
2514,16,163,1,726,14,1556,11
2514,16,163,1,726,14,1747,11
2514,16,163,1,726,14,1773,11
2514,16,163,1,726,14,1799,11
2514,16,163,1,726,14,1873,11
2514,16,163,1,726,14,1956,11
2514,16,163,1,726,14,1997,11
2514,16,163,1,726,14,2068,11
2514,16,163,1,726,14,2079,11
2514,16,163,1,726,14,2123,11
2514,16,163,1,726,14,2196,11
2514,16,163,1,726,14,2206,11
2514,16,163,1,726,14,2216,11
2514,16,163,1,726,14,2244,11
2514,16,163,1,726,14,2259,11
2514,16,163,1,726,14,2261,11
2514,16,163,1,726,14,2289,11
2514,16,163,1,726,14,2359,11
2514,16,163,1,726,14,2370,11
2514,16,163,1,726,14,2405,11
2514,16,163,1,800,19,45,11
2514,16,163,1,800,19,159,11
2514,16,163,1,800,19,272,11
2514,16,163,1,800,19,338,11
2514,16,163,1,800,19,390,11
2514,16,163,1,800,19,457,11
2514,16,163,1,800,19,463,11
2514,16,163,1,800,19,620,11
2514,16,163,1,800,19,700,11
2514,16,163,1,800,19,742,11
2514,16,163,1,800,19,758,11
2514,16,163,1,800,19,879,11
2514,16,163,1,800,19,927,11
2514,16,163,1,800,19,979,11
2514,16,163,1,800,19,1003,11
2514,16,163,1,800,19,1044,11
2514,16,163,1,800,19,1068,11
2514,16,163,1,800,19,1153,11
2514,16,163,1,800,19,1186,11
2514,16,163,1,800,19,1194,11
2514,16,163,1,800,19,1259,11
2514,16,163,1,800,19,1260,11
2514,16,163,1,800,19,1312,11
2514,16,163,1,800,19,1388,11
2514,16,163,1,800,19,1391,11
2514,16,163,1,800,19,1422,11
2514,16,163,1,800,19,1556,11
2514,16,163,1,800,19,1568,11
2514,16,163,1,800,19,1599,11
2514,16,163,1,800,19,1747,11
2514,16,163,1,800,19,1773,11
2514,16,163,1,800,19,1799,11
2514,16,163,1,800,19,1818,11
2514,16,163,1,800,19,1873,11
2514,16,163,1,800,19,1940,11
2514,16,163,1,800,19,1956,11
2514,16,163,1,800,19,1997,11
2514,16,163,1,800,19,2068,11
2514,16,163,1,800,19,2079,11
2514,16,163,1,800,19,2123,11
2514,16,163,1,800,19,2196,11
2514,16,163,1,800,19,2206,11
2514,16,163,1,800,19,2216,11
2514,16,163,1,800,19,2244,11
2514,16,163,1,800,19,2259,11
2514,16,163,1,800,19,2261,11
2514,16,163,1,800,19,2289,11
2514,16,163,1,800,19,2359,11
2514,16,163,1,800,19,2370,11
2514,16,163,1,800,19,2405,11
2514,16,163,1,887,38,45,11
2514,16,163,1,887,38,159,11
2514,16,163,1,887,38,272,11
2514,16,163,1,887,38,338,11
2514,16,163,1,887,38,390,11
2514,16,163,1,887,38,457,11
2514,16,163,1,887,38,463,11
2514,16,163,1,887,38,620,11
2514,16,163,1,887,38,700,11
2514,16,163,1,887,38,742,11
2514,16,163,1,887,38,758,11
2514,16,163,1,887,38,879,11
2514,16,163,1,887,38,927,11
2514,16,163,1,887,38,979,11
2514,16,163,1,887,38,1003,11
2514,16,163,1,887,38,1044,11
2514,16,163,1,887,38,1068,11
2514,16,163,1,887,38,1153,11
2514,16,163,1,887,38,1186,11
2514,16,163,1,887,38,1194,11
2514,16,163,1,887,38,1259,11
2514,16,163,1,887,38,1260,11
2514,16,163,1,887,38,1312,11
2514,16,163,1,887,38,1388,11
2514,16,163,1,887,38,1391,11
2514,16,163,1,887,38,1422,11
2514,16,163,1,887,38,1556,11
2514,16,163,1,887,38,1568,11
2514,16,163,1,887,38,1599,11
2514,16,163,1,887,38,1747,11
2514,16,163,1,887,38,1773,11
2514,16,163,1,887,38,1799,11
2514,16,163,1,887,38,1818,11
2514,16,163,1,887,38,1873,11
2514,16,163,1,887,38,1940,11
2514,16,163,1,887,38,1956,11
2514,16,163,1,887,38,1997,11
2514,16,163,1,887,38,2068,11
2514,16,163,1,887,38,2079,11
2514,16,163,1,887,38,2123,11
2514,16,163,1,887,38,2196,11
2514,16,163,1,887,38,2206,11
2514,16,163,1,887,38,2216,11
2514,16,163,1,887,38,2244,11
2514,16,163,1,887,38,2259,11
2514,16,163,1,887,38,2261,11
2514,16,163,1,887,38,2289,11
2514,16,163,1,887,38,2359,11
2514,16,163,1,887,38,2370,11
2514,16,163,1,887,38,2405,11
2514,16,163,1,901,26,45,11
2514,16,163,1,901,26,159,11
2514,16,163,1,901,26,272,11
2514,16,163,1,901,26,338,11
2514,16,163,1,901,26,390,11
2514,16,163,1,901,26,457,11
2514,16,163,1,901,26,463,11
2514,16,163,1,901,26,620,11
2514,16,163,1,901,26,700,11
2514,16,163,1,901,26,742,11
2514,16,163,1,901,26,758,11
2514,16,163,1,901,26,879,11
2514,16,163,1,901,26,927,11
2514,16,163,1,901,26,979,11
2514,16,163,1,901,26,1003,11
2514,16,163,1,901,26,1044,11
2514,16,163,1,901,26,1068,11
2514,16,163,1,901,26,1153,11
2514,16,163,1,901,26,1186,11
2514,16,163,1,901,26,1194,11
2514,16,163,1,901,26,1259,11
2514,16,163,1,901,26,1260,11
2514,16,163,1,901,26,1312,11
2514,16,163,1,901,26,1388,11
2514,16,163,1,901,26,1391,11
2514,16,163,1,901,26,1422,11
2514,16,163,1,901,26,1556,11
2514,16,163,1,901,26,1568,11
2514,16,163,1,901,26,1599,11
2514,16,163,1,901,26,1747,11
2514,16,163,1,901,26,1773,11
2514,16,163,1,901,26,1799,11
2514,16,163,1,901,26,1818,11
2514,16,163,1,901,26,1873,11
2514,16,163,1,901,26,1940,11
2514,16,163,1,901,26,1956,11
2514,16,163,1,901,26,1997,11
2514,16,163,1,901,26,2068,11
2514,16,163,1,901,26,2079,11
2514,16,163,1,901,26,2123,11
2514,16,163,1,901,26,2196,11
2514,16,163,1,901,26,2206,11
2514,16,163,1,901,26,2216,11
2514,16,163,1,901,26,2244,11
2514,16,163,1,901,26,2259,11
2514,16,163,1,901,26,2261,11
2514,16,163,1,901,26,2289,11
2514,16,163,1,901,26,2359,11
2514,16,163,1,901,26,2370,11
2514,16,163,1,901,26,2405,11
2514,16,163,1,1105,29,45,11
2514,16,163,1,1105,29,159,11
2514,16,163,1,1105,29,272,11
2514,16,163,1,1105,29,338,11
2514,16,163,1,1105,29,390,11
2514,16,163,1,1105,29,457,11
2514,16,163,1,1105,29,463,11
2514,16,163,1,1105,29,620,11
2514,16,163,1,1105,29,700,11
2514,16,163,1,1105,29,742,11
2514,16,163,1,1105,29,758,11
2514,16,163,1,1105,29,879,11
2514,16,163,1,1105,29,927,11
2514,16,163,1,1105,29,979,11
2514,16,163,1,1105,29,1003,11
2514,16,163,1,1105,29,1044,11
2514,16,163,1,1105,29,1068,11
2514,16,163,1,1105,29,1153,11
2514,16,163,1,1105,29,1186,11
2514,16,163,1,1105,29,1194,11
2514,16,163,1,1105,29,1259,11
2514,16,163,1,1105,29,1260,11
2514,16,163,1,1105,29,1312,11
2514,16,163,1,1105,29,1388,11
2514,16,163,1,1105,29,1391,11
2514,16,163,1,1105,29,1422,11
2514,16,163,1,1105,29,1556,11
2514,16,163,1,1105,29,1568,11
2514,16,163,1,1105,29,1599,11
2514,16,163,1,1105,29,1747,11
2514,16,163,1,1105,29,1773,11
2514,16,163,1,1105,29,1799,11
2514,16,163,1,1105,29,1818,11
2514,16,163,1,1105,29,1873,11
2514,16,163,1,1105,29,1940,11
2514,16,163,1,1105,29,1956,11
2514,16,163,1,1105,29,1997,11
2514,16,163,1,1105,29,2068,11
2514,16,163,1,1105,29,2079,11
2514,16,163,1,1105,29,2123,11
2514,16,163,1,1105,29,2196,11
2514,16,163,1,1105,29,2206,11
2514,16,163,1,1105,29,2216,11
2514,16,163,1,1105,29,2244,11
2514,16,163,1,1105,29,2259,11
2514,16,163,1,1105,29,2261,11
2514,16,163,1,1105,29,2289,11
2514,16,163,1,1105,29,2359,11
2514,16,163,1,1105,29,2370,11
2514,16,163,1,1105,29,2405,11
2514,16,163,1,1436,44,45,11
2514,16,163,1,1436,44,159,11
2514,16,163,1,1436,44,272,11
2514,16,163,1,1436,44,338,11
2514,16,163,1,1436,44,390,11
2514,16,163,1,1436,44,457,11
2514,16,163,1,1436,44,463,11
2514,16,163,1,1436,44,620,11
2514,16,163,1,1436,44,700,11
2514,16,163,1,1436,44,742,11
2514,16,163,1,1436,44,758,11
2514,16,163,1,1436,44,879,11
2514,16,163,1,1436,44,927,11
2514,16,163,1,1436,44,979,11
2514,16,163,1,1436,44,1003,11
2514,16,163,1,1436,44,1044,11
2514,16,163,1,1436,44,1068,11
2514,16,163,1,1436,44,1153,11
2514,16,163,1,1436,44,1186,11
2514,16,163,1,1436,44,1194,11
2514,16,163,1,1436,44,1259,11
2514,16,163,1,1436,44,1260,11
2514,16,163,1,1436,44,1312,11
2514,16,163,1,1436,44,1388,11
2514,16,163,1,1436,44,1391,11
2514,16,163,1,1436,44,1422,11
2514,16,163,1,1436,44,1556,11
2514,16,163,1,1436,44,1568,11
2514,16,163,1,1436,44,1599,11
2514,16,163,1,1436,44,1747,11
2514,16,163,1,1436,44,1773,11
2514,16,163,1,1436,44,1799,11
2514,16,163,1,1436,44,1818,11
2514,16,163,1,1436,44,1873,11
2514,16,163,1,1436,44,1940,11
2514,16,163,1,1436,44,1956,11
2514,16,163,1,1436,44,1997,11
2514,16,163,1,1436,44,2068,11
2514,16,163,1,1436,44,2079,11
2514,16,163,1,1436,44,2123,11
2514,16,163,1,1436,44,2196,11
2514,16,163,1,1436,44,2206,11
2514,16,163,1,1436,44,2216,11
2514,16,163,1,1436,44,2244,11
2514,16,163,1,1436,44,2259,11
2514,16,163,1,1436,44,2261,11
2514,16,163,1,1436,44,2289,11
2514,16,163,1,1436,44,2359,11
2514,16,163,1,1436,44,2370,11
2514,16,163,1,1436,44,2405,11
2514,16,163,1,1468,45,45,11
2514,16,163,1,1468,45,159,11
2514,16,163,1,1468,45,272,11
2514,16,163,1,1468,45,338,11
2514,16,163,1,1468,45,390,11
2514,16,163,1,1468,45,457,11
2514,16,163,1,1468,45,463,11
2514,16,163,1,1468,45,620,11
2514,16,163,1,1468,45,700,11
2514,16,163,1,1468,45,742,11
2514,16,163,1,1468,45,758,11
2514,16,163,1,1468,45,879,11
2514,16,163,1,1468,45,927,11
2514,16,163,1,1468,45,979,11
2514,16,163,1,1468,45,1003,11
2514,16,163,1,1468,45,1044,11
2514,16,163,1,1468,45,1068,11
2514,16,163,1,1468,45,1153,11
2514,16,163,1,1468,45,1186,11
2514,16,163,1,1468,45,1194,11
2514,16,163,1,1468,45,1259,11
2514,16,163,1,1468,45,1260,11
2514,16,163,1,1468,45,1312,11
2514,16,163,1,1468,45,1388,11
2514,16,163,1,1468,45,1391,11
2514,16,163,1,1468,45,1422,11
2514,16,163,1,1468,45,1556,11
2514,16,163,1,1468,45,1568,11
2514,16,163,1,1468,45,1599,11
2514,16,163,1,1468,45,1747,11
2514,16,163,1,1468,45,1773,11
2514,16,163,1,1468,45,1799,11
2514,16,163,1,1468,45,1818,11
2514,16,163,1,1468,45,1873,11
2514,16,163,1,1468,45,1940,11
2514,16,163,1,1468,45,1956,11
2514,16,163,1,1468,45,1997,11
2514,16,163,1,1468,45,2068,11
2514,16,163,1,1468,45,2079,11
2514,16,163,1,1468,45,2123,11
2514,16,163,1,1468,45,2196,11
2514,16,163,1,1468,45,2206,11
2514,16,163,1,1468,45,2216,11
2514,16,163,1,1468,45,2244,11
2514,16,163,1,1468,45,2259,11
2514,16,163,1,1468,45,2261,11
2514,16,163,1,1468,45,2289,11
2514,16,163,1,1468,45,2359,11
2514,16,163,1,1468,45,2370,11
2514,16,163,1,1468,45,2405,11
