2514,16,755,19,151,26,45,11
2514,16,755,19,151,26,159,11
2514,16,755,19,151,26,272,11
2514,16,755,19,151,26,338,11
2514,16,755,19,151,26,390,11
2514,16,755,19,151,26,457,11
2514,16,755,19,151,26,463,11
2514,16,755,19,151,26,620,11
2514,16,755,19,151,26,700,11
2514,16,755,19,151,26,742,11
2514,16,755,19,151,26,758,11
2514,16,755,19,151,26,879,11
2514,16,755,19,151,26,927,11
2514,16,755,19,151,26,979,11
2514,16,755,19,151,26,1003,11
2514,16,755,19,151,26,1044,11
2514,16,755,19,151,26,1068,11
2514,16,755,19,151,26,1153,11
2514,16,755,19,151,26,1186,11
2514,16,755,19,151,26,1194,11
2514,16,755,19,151,26,1259,11
2514,16,755,19,151,26,1260,11
2514,16,755,19,151,26,1312,11
2514,16,755,19,151,26,1388,11
2514,16,755,19,151,26,1391,11
2514,16,755,19,151,26,1422,11
2514,16,755,19,151,26,1556,11
2514,16,755,19,151,26,1568,11
2514,16,755,19,151,26,1599,11
2514,16,755,19,151,26,1747,11
2514,16,755,19,151,26,1773,11
2514,16,755,19,151,26,1799,11
2514,16,755,19,151,26,1818,11
2514,16,755,19,151,26,1873,11
2514,16,755,19,151,26,1940,11
2514,16,755,19,151,26,1956,11
2514,16,755,19,151,26,1997,11
2514,16,755,19,151,26,2068,11
2514,16,755,19,151,26,2079,11
2514,16,755,19,151,26,2123,11
2514,16,755,19,151,26,2196,11
2514,16,755,19,151,26,2206,11
2514,16,755,19,151,26,2216,11
2514,16,755,19,151,26,2244,11
2514,16,755,19,151,26,2259,11
2514,16,755,19,151,26,2261,11
2514,16,755,19,151,26,2289,11
2514,16,755,19,151,26,2359,11
2514,16,755,19,151,26,2370,11
2514,16,755,19,151,26,2405,11
2514,16,755,19,245,39,45,11
2514,16,755,19,245,39,159,11
2514,16,755,19,245,39,272,11
2514,16,755,19,245,39,338,11
2514,16,755,19,245,39,390,11
2514,16,755,19,245,39,457,11
2514,16,755,19,245,39,463,11
2514,16,755,19,245,39,620,11
2514,16,755,19,245,39,700,11
2514,16,755,19,245,39,742,11
2514,16,755,19,245,39,758,11
2514,16,755,19,245,39,879,11
2514,16,755,19,245,39,927,11
2514,16,755,19,245,39,979,11
2514,16,755,19,245,39,1003,11
2514,16,755,19,245,39,1044,11
2514,16,755,19,245,39,1068,11
2514,16,755,19,245,39,1153,11
2514,16,755,19,245,39,1186,11
2514,16,755,19,245,39,1194,11
2514,16,755,19,245,39,1259,11
2514,16,755,19,245,39,1260,11
2514,16,755,19,245,39,1312,11
2514,16,755,19,245,39,1388,11
2514,16,755,19,245,39,1391,11
2514,16,755,19,245,39,1422,11
2514,16,755,19,245,39,1556,11
2514,16,755,19,245,39,1568,11
2514,16,755,19,245,39,1599,11
2514,16,755,19,245,39,1747,11
2514,16,755,19,245,39,1773,11
2514,16,755,19,245,39,1799,11
2514,16,755,19,245,39,1818,11
2514,16,755,19,245,39,1873,11
2514,16,755,19,245,39,1940,11
2514,16,755,19,245,39,1956,11
2514,16,755,19,245,39,1997,11
2514,16,755,19,245,39,2068,11
2514,16,755,19,245,39,2079,11
2514,16,755,19,245,39,2123,11
2514,16,755,19,245,39,2196,11
2514,16,755,19,245,39,2206,11
2514,16,755,19,245,39,2216,11
2514,16,755,19,245,39,2244,11
2514,16,755,19,245,39,2259,11
2514,16,755,19,245,39,2261,11
2514,16,755,19,245,39,2289,11
2514,16,755,19,245,39,2359,11
2514,16,755,19,245,39,2370,11
2514,16,755,19,245,39,2405,11
2514,16,755,19,399,36,45,11
2514,16,755,19,399,36,159,11
2514,16,755,19,399,36,272,11
2514,16,755,19,399,36,338,11
2514,16,755,19,399,36,390,11
2514,16,755,19,399,36,457,11
2514,16,755,19,399,36,463,11
2514,16,755,19,399,36,620,11
2514,16,755,19,399,36,700,11
2514,16,755,19,399,36,742,11
2514,16,755,19,399,36,758,11
2514,16,755,19,399,36,879,11
2514,16,755,19,399,36,927,11
2514,16,755,19,399,36,979,11
2514,16,755,19,399,36,1003,11
2514,16,755,19,399,36,1044,11
2514,16,755,19,399,36,1068,11
2514,16,755,19,399,36,1153,11
2514,16,755,19,399,36,1186,11
2514,16,755,19,399,36,1194,11
2514,16,755,19,399,36,1259,11
2514,16,755,19,399,36,1260,11
2514,16,755,19,399,36,1312,11
2514,16,755,19,399,36,1388,11
2514,16,755,19,399,36,1391,11
2514,16,755,19,399,36,1422,11
2514,16,755,19,399,36,1556,11
2514,16,755,19,399,36,1568,11
2514,16,755,19,399,36,1599,11
2514,16,755,19,399,36,1747,11
2514,16,755,19,399,36,1773,11
2514,16,755,19,399,36,1799,11
2514,16,755,19,399,36,1818,11
2514,16,755,19,399,36,1873,11
2514,16,755,19,399,36,1940,11
2514,16,755,19,399,36,1956,11
2514,16,755,19,399,36,1997,11
2514,16,755,19,399,36,2068,11
2514,16,755,19,399,36,2079,11
2514,16,755,19,399,36,2123,11
2514,16,755,19,399,36,2196,11
2514,16,755,19,399,36,2206,11
2514,16,755,19,399,36,2216,11
2514,16,755,19,399,36,2244,11
2514,16,755,19,399,36,2259,11
2514,16,755,19,399,36,2261,11
2514,16,755,19,399,36,2289,11
2514,16,755,19,399,36,2359,11
2514,16,755,19,399,36,2370,11
2514,16,755,19,399,36,2405,11
2514,16,755,19,448,30,45,11
2514,16,755,19,448,30,159,11
2514,16,755,19,448,30,272,11
2514,16,755,19,448,30,338,11
2514,16,755,19,448,30,390,11
2514,16,755,19,448,30,457,11
2514,16,755,19,448,30,463,11
2514,16,755,19,448,30,620,11
2514,16,755,19,448,30,700,11
2514,16,755,19,448,30,742,11
2514,16,755,19,448,30,758,11
2514,16,755,19,448,30,879,11
2514,16,755,19,448,30,927,11
2514,16,755,19,448,30,979,11
2514,16,755,19,448,30,1003,11
2514,16,755,19,448,30,1044,11
2514,16,755,19,448,30,1068,11
2514,16,755,19,448,30,1153,11
2514,16,755,19,448,30,1186,11
2514,16,755,19,448,30,1194,11
2514,16,755,19,448,30,1259,11
2514,16,755,19,448,30,1260,11
2514,16,755,19,448,30,1312,11
2514,16,755,19,448,30,1388,11
2514,16,755,19,448,30,1391,11
2514,16,755,19,448,30,1422,11
2514,16,755,19,448,30,1556,11
2514,16,755,19,448,30,1568,11
2514,16,755,19,448,30,1599,11
2514,16,755,19,448,30,1747,11
2514,16,755,19,448,30,1773,11
2514,16,755,19,448,30,1799,11
2514,16,755,19,448,30,1818,11
2514,16,755,19,448,30,1873,11
2514,16,755,19,448,30,1940,11
2514,16,755,19,448,30,1956,11
2514,16,755,19,448,30,1997,11
2514,16,755,19,448,30,2068,11
2514,16,755,19,448,30,2079,11
2514,16,755,19,448,30,2123,11
2514,16,755,19,448,30,2196,11
2514,16,755,19,448,30,2206,11
2514,16,755,19,448,30,2216,11
2514,16,755,19,448,30,2244,11
2514,16,755,19,448,30,2259,11
2514,16,755,19,448,30,2261,11
2514,16,755,19,448,30,2289,11
2514,16,755,19,448,30,2359,11
2514,16,755,19,448,30,2370,11
2514,16,755,19,448,30,2405,11
2514,16,755,19,465,50,159,11
2514,16,755,19,465,50,272,11
2514,16,755,19,465,50,457,11
2514,16,755,19,465,50,463,11
2514,16,755,19,465,50,700,11
2514,16,755,19,465,50,879,11
2514,16,755,19,465,50,927,11
2514,16,755,19,465,50,1003,11
2514,16,755,19,465,50,1068,11
2514,16,755,19,465,50,1153,11
2514,16,755,19,465,50,1194,11
2514,16,755,19,465,50,1260,11
2514,16,755,19,465,50,1388,11
2514,16,755,19,465,50,1391,11
2514,16,755,19,465,50,1422,11
2514,16,755,19,465,50,1556,11
2514,16,755,19,465,50,1568,11
2514,16,755,19,465,50,1599,11
2514,16,755,19,465,50,1747,11
2514,16,755,19,465,50,1818,11
2514,16,755,19,465,50,1873,11
2514,16,755,19,465,50,1940,11
2514,16,755,19,465,50,2068,11
2514,16,755,19,465,50,2079,11
2514,16,755,19,465,50,2123,11
2514,16,755,19,465,50,2196,11
2514,16,755,19,465,50,2216,11
2514,16,755,19,465,50,2259,11
2514,16,755,19,465,50,2370,11
2514,16,755,19,465,50,2405,11
2514,16,755,19,648,46,45,11
2514,16,755,19,648,46,159,11
2514,16,755,19,648,46,272,11
2514,16,755,19,648,46,338,11
2514,16,755,19,648,46,390,11
2514,16,755,19,648,46,457,11
2514,16,755,19,648,46,463,11
2514,16,755,19,648,46,620,11
2514,16,755,19,648,46,700,11
2514,16,755,19,648,46,742,11
2514,16,755,19,648,46,758,11
2514,16,755,19,648,46,879,11
2514,16,755,19,648,46,927,11
2514,16,755,19,648,46,979,11
2514,16,755,19,648,46,1003,11
2514,16,755,19,648,46,1044,11
2514,16,755,19,648,46,1068,11
2514,16,755,19,648,46,1153,11
2514,16,755,19,648,46,1186,11
2514,16,755,19,648,46,1194,11
2514,16,755,19,648,46,1259,11
2514,16,755,19,648,46,1260,11
2514,16,755,19,648,46,1312,11
2514,16,755,19,648,46,1388,11
2514,16,755,19,648,46,1391,11
2514,16,755,19,648,46,1422,11
2514,16,755,19,648,46,1556,11
2514,16,755,19,648,46,1568,11
2514,16,755,19,648,46,1599,11
2514,16,755,19,648,46,1747,11
2514,16,755,19,648,46,1773,11
2514,16,755,19,648,46,1799,11
2514,16,755,19,648,46,1818,11
2514,16,755,19,648,46,1873,11
2514,16,755,19,648,46,1940,11
2514,16,755,19,648,46,1956,11
2514,16,755,19,648,46,1997,11
2514,16,755,19,648,46,2068,11
2514,16,755,19,648,46,2079,11
2514,16,755,19,648,46,2123,11
2514,16,755,19,648,46,2196,11
2514,16,755,19,648,46,2206,11
2514,16,755,19,648,46,2216,11
2514,16,755,19,648,46,2244,11
2514,16,755,19,648,46,2259,11
2514,16,755,19,648,46,2261,11
2514,16,755,19,648,46,2289,11
2514,16,755,19,648,46,2359,11
2514,16,755,19,648,46,2370,11
2514,16,755,19,648,46,2405,11
2514,16,755,19,915,33,45,11
2514,16,755,19,915,33,159,11
2514,16,755,19,915,33,272,11
2514,16,755,19,915,33,338,11
2514,16,755,19,915,33,390,11
2514,16,755,19,915,33,457,11
2514,16,755,19,915,33,463,11
2514,16,755,19,915,33,620,11
2514,16,755,19,915,33,700,11
2514,16,755,19,915,33,742,11
2514,16,755,19,915,33,758,11
2514,16,755,19,915,33,879,11
2514,16,755,19,915,33,927,11
2514,16,755,19,915,33,979,11
2514,16,755,19,915,33,1003,11
2514,16,755,19,915,33,1044,11
2514,16,755,19,915,33,1068,11
2514,16,755,19,915,33,1153,11
2514,16,755,19,915,33,1186,11
2514,16,755,19,915,33,1194,11
2514,16,755,19,915,33,1259,11
2514,16,755,19,915,33,1260,11
2514,16,755,19,915,33,1312,11
2514,16,755,19,915,33,1388,11
2514,16,755,19,915,33,1391,11
2514,16,755,19,915,33,1422,11
2514,16,755,19,915,33,1556,11
2514,16,755,19,915,33,1568,11
2514,16,755,19,915,33,1599,11
2514,16,755,19,915,33,1747,11
2514,16,755,19,915,33,1773,11
2514,16,755,19,915,33,1799,11
2514,16,755,19,915,33,1818,11
2514,16,755,19,915,33,1873,11
2514,16,755,19,915,33,1940,11
2514,16,755,19,915,33,1956,11
2514,16,755,19,915,33,1997,11
2514,16,755,19,915,33,2068,11
2514,16,755,19,915,33,2079,11
2514,16,755,19,915,33,2123,11
2514,16,755,19,915,33,2196,11
2514,16,755,19,915,33,2206,11
2514,16,755,19,915,33,2216,11
2514,16,755,19,915,33,2244,11
2514,16,755,19,915,33,2259,11
2514,16,755,19,915,33,2261,11
2514,16,755,19,915,33,2289,11
2514,16,755,19,915,33,2359,11
2514,16,755,19,915,33,2370,11
2514,16,755,19,915,33,2405,11
2514,16,755,19,1009,36,45,11
2514,16,755,19,1009,36,159,11
2514,16,755,19,1009,36,272,11
2514,16,755,19,1009,36,338,11
2514,16,755,19,1009,36,390,11
2514,16,755,19,1009,36,457,11
2514,16,755,19,1009,36,463,11
2514,16,755,19,1009,36,620,11
2514,16,755,19,1009,36,700,11
2514,16,755,19,1009,36,742,11
2514,16,755,19,1009,36,758,11
2514,16,755,19,1009,36,879,11
2514,16,755,19,1009,36,927,11
2514,16,755,19,1009,36,979,11
2514,16,755,19,1009,36,1003,11
2514,16,755,19,1009,36,1044,11
2514,16,755,19,1009,36,1068,11
2514,16,755,19,1009,36,1153,11
2514,16,755,19,1009,36,1186,11
2514,16,755,19,1009,36,1194,11
2514,16,755,19,1009,36,1259,11
2514,16,755,19,1009,36,1260,11
2514,16,755,19,1009,36,1312,11
2514,16,755,19,1009,36,1388,11
2514,16,755,19,1009,36,1391,11
2514,16,755,19,1009,36,1422,11
2514,16,755,19,1009,36,1556,11
2514,16,755,19,1009,36,1568,11
2514,16,755,19,1009,36,1599,11
2514,16,755,19,1009,36,1747,11
2514,16,755,19,1009,36,1773,11
2514,16,755,19,1009,36,1799,11
2514,16,755,19,1009,36,1818,11
2514,16,755,19,1009,36,1873,11
2514,16,755,19,1009,36,1940,11
2514,16,755,19,1009,36,1956,11
2514,16,755,19,1009,36,1997,11
2514,16,755,19,1009,36,2068,11
2514,16,755,19,1009,36,2079,11
2514,16,755,19,1009,36,2123,11
2514,16,755,19,1009,36,2196,11
2514,16,755,19,1009,36,2206,11
2514,16,755,19,1009,36,2216,11
2514,16,755,19,1009,36,2244,11
2514,16,755,19,1009,36,2259,11
2514,16,755,19,1009,36,2261,11
2514,16,755,19,1009,36,2289,11
2514,16,755,19,1009,36,2359,11
2514,16,755,19,1009,36,2370,11
2514,16,755,19,1009,36,2405,11
2514,16,755,19,1107,19,45,11
2514,16,755,19,1107,19,390,11
2514,16,755,19,1107,19,620,11
2514,16,755,19,1107,19,979,11
2514,16,755,19,1107,19,1799,11
2514,16,755,19,1107,19,1956,11
2514,16,755,19,1107,19,2206,11
2514,16,755,19,1107,19,2244,11
2514,16,755,19,1107,19,2261,11
2514,16,755,19,1107,19,2359,11
2514,16,755,19,1318,33,45,11
2514,16,755,19,1318,33,159,11
2514,16,755,19,1318,33,272,11
2514,16,755,19,1318,33,338,11
2514,16,755,19,1318,33,390,11
2514,16,755,19,1318,33,457,11
2514,16,755,19,1318,33,463,11
2514,16,755,19,1318,33,620,11
2514,16,755,19,1318,33,700,11
2514,16,755,19,1318,33,742,11
2514,16,755,19,1318,33,758,11
2514,16,755,19,1318,33,879,11
2514,16,755,19,1318,33,927,11
2514,16,755,19,1318,33,979,11
2514,16,755,19,1318,33,1003,11
2514,16,755,19,1318,33,1044,11
2514,16,755,19,1318,33,1068,11
2514,16,755,19,1318,33,1153,11
2514,16,755,19,1318,33,1186,11
2514,16,755,19,1318,33,1194,11
2514,16,755,19,1318,33,1259,11
2514,16,755,19,1318,33,1260,11
2514,16,755,19,1318,33,1312,11
2514,16,755,19,1318,33,1388,11
2514,16,755,19,1318,33,1391,11
2514,16,755,19,1318,33,1422,11
2514,16,755,19,1318,33,1556,11
2514,16,755,19,1318,33,1568,11
2514,16,755,19,1318,33,1599,11
2514,16,755,19,1318,33,1747,11
2514,16,755,19,1318,33,1773,11
2514,16,755,19,1318,33,1799,11
2514,16,755,19,1318,33,1818,11
2514,16,755,19,1318,33,1873,11
2514,16,755,19,1318,33,1940,11
2514,16,755,19,1318,33,1956,11
2514,16,755,19,1318,33,1997,11
2514,16,755,19,1318,33,2068,11
2514,16,755,19,1318,33,2079,11
2514,16,755,19,1318,33,2123,11
2514,16,755,19,1318,33,2196,11
2514,16,755,19,1318,33,2206,11
2514,16,755,19,1318,33,2216,11
2514,16,755,19,1318,33,2244,11
2514,16,755,19,1318,33,2259,11
2514,16,755,19,1318,33,2261,11
2514,16,755,19,1318,33,2289,11
2514,16,755,19,1318,33,2359,11
2514,16,755,19,1318,33,2370,11
2514,16,755,19,1318,33,2405,11
2514,16,755,19,1389,23,45,11
2514,16,755,19,1389,23,159,11
2514,16,755,19,1389,23,272,11
2514,16,755,19,1389,23,338,11
2514,16,755,19,1389,23,390,11
2514,16,755,19,1389,23,457,11
2514,16,755,19,1389,23,463,11
2514,16,755,19,1389,23,620,11
2514,16,755,19,1389,23,700,11
2514,16,755,19,1389,23,742,11
2514,16,755,19,1389,23,758,11
2514,16,755,19,1389,23,879,11
2514,16,755,19,1389,23,927,11
2514,16,755,19,1389,23,979,11
2514,16,755,19,1389,23,1003,11
2514,16,755,19,1389,23,1044,11
2514,16,755,19,1389,23,1068,11
2514,16,755,19,1389,23,1153,11
2514,16,755,19,1389,23,1186,11
2514,16,755,19,1389,23,1194,11
2514,16,755,19,1389,23,1259,11
2514,16,755,19,1389,23,1260,11
2514,16,755,19,1389,23,1312,11
2514,16,755,19,1389,23,1388,11
2514,16,755,19,1389,23,1391,11
2514,16,755,19,1389,23,1422,11
2514,16,755,19,1389,23,1556,11
2514,16,755,19,1389,23,1568,11
2514,16,755,19,1389,23,1599,11
2514,16,755,19,1389,23,1747,11
2514,16,755,19,1389,23,1773,11
2514,16,755,19,1389,23,1799,11
2514,16,755,19,1389,23,1818,11
2514,16,755,19,1389,23,1873,11
2514,16,755,19,1389,23,1940,11
2514,16,755,19,1389,23,1956,11
2514,16,755,19,1389,23,1997,11
2514,16,755,19,1389,23,2068,11
2514,16,755,19,1389,23,2079,11
2514,16,755,19,1389,23,2123,11
2514,16,755,19,1389,23,2196,11
2514,16,755,19,1389,23,2206,11
2514,16,755,19,1389,23,2216,11
2514,16,755,19,1389,23,2244,11
2514,16,755,19,1389,23,2259,11
2514,16,755,19,1389,23,2261,11
2514,16,755,19,1389,23,2289,11
2514,16,755,19,1389,23,2359,11
2514,16,755,19,1389,23,2370,11
2514,16,755,19,1389,23,2405,11
2514,16,755,19,1614,13,45,11
2514,16,755,19,1614,13,159,11
2514,16,755,19,1614,13,272,11
2514,16,755,19,1614,13,338,11
2514,16,755,19,1614,13,390,11
2514,16,755,19,1614,13,457,11
2514,16,755,19,1614,13,463,11
2514,16,755,19,1614,13,620,11
2514,16,755,19,1614,13,700,11
2514,16,755,19,1614,13,742,11
2514,16,755,19,1614,13,758,11
2514,16,755,19,1614,13,879,11
2514,16,755,19,1614,13,927,11
2514,16,755,19,1614,13,979,11
2514,16,755,19,1614,13,1003,11
2514,16,755,19,1614,13,1044,11
2514,16,755,19,1614,13,1068,11
2514,16,755,19,1614,13,1153,11
2514,16,755,19,1614,13,1186,11
2514,16,755,19,1614,13,1194,11
2514,16,755,19,1614,13,1259,11
2514,16,755,19,1614,13,1260,11
2514,16,755,19,1614,13,1312,11
2514,16,755,19,1614,13,1388,11
2514,16,755,19,1614,13,1391,11
2514,16,755,19,1614,13,1422,11
2514,16,755,19,1614,13,1556,11
2514,16,755,19,1614,13,1568,11
2514,16,755,19,1614,13,1599,11
2514,16,755,19,1614,13,1747,11
2514,16,755,19,1614,13,1773,11
2514,16,755,19,1614,13,1799,11
2514,16,755,19,1614,13,1818,11
2514,16,755,19,1614,13,1873,11
2514,16,755,19,1614,13,1940,11
2514,16,755,19,1614,13,1956,11
2514,16,755,19,1614,13,1997,11
2514,16,755,19,1614,13,2068,11
2514,16,755,19,1614,13,2079,11
2514,16,755,19,1614,13,2123,11
2514,16,755,19,1614,13,2196,11
2514,16,755,19,1614,13,2206,11
2514,16,755,19,1614,13,2216,11
2514,16,755,19,1614,13,2244,11
2514,16,755,19,1614,13,2259,11
2514,16,755,19,1614,13,2261,11
2514,16,755,19,1614,13,2289,11
2514,16,755,19,1614,13,2359,11
2514,16,755,19,1614,13,2370,11
2514,16,755,19,1614,13,2405,11
2514,16,755,19,1720,41,45,11
2514,16,755,19,1720,41,159,11
2514,16,755,19,1720,41,272,11
2514,16,755,19,1720,41,338,11
2514,16,755,19,1720,41,390,11
2514,16,755,19,1720,41,457,11
2514,16,755,19,1720,41,463,11
2514,16,755,19,1720,41,620,11
2514,16,755,19,1720,41,700,11
2514,16,755,19,1720,41,742,11
2514,16,755,19,1720,41,758,11
2514,16,755,19,1720,41,879,11
2514,16,755,19,1720,41,927,11
2514,16,755,19,1720,41,979,11
2514,16,755,19,1720,41,1003,11
2514,16,755,19,1720,41,1044,11
2514,16,755,19,1720,41,1068,11
2514,16,755,19,1720,41,1153,11
2514,16,755,19,1720,41,1186,11
2514,16,755,19,1720,41,1194,11
2514,16,755,19,1720,41,1259,11
2514,16,755,19,1720,41,1260,11
2514,16,755,19,1720,41,1312,11
2514,16,755,19,1720,41,1388,11
2514,16,755,19,1720,41,1391,11
2514,16,755,19,1720,41,1422,11
2514,16,755,19,1720,41,1556,11
2514,16,755,19,1720,41,1568,11
2514,16,755,19,1720,41,1599,11
2514,16,755,19,1720,41,1747,11
2514,16,755,19,1720,41,1773,11
2514,16,755,19,1720,41,1799,11
2514,16,755,19,1720,41,1818,11
2514,16,755,19,1720,41,1873,11
2514,16,755,19,1720,41,1940,11
2514,16,755,19,1720,41,1956,11
2514,16,755,19,1720,41,1997,11
2514,16,755,19,1720,41,2068,11
2514,16,755,19,1720,41,2079,11
2514,16,755,19,1720,41,2123,11
2514,16,755,19,1720,41,2196,11
2514,16,755,19,1720,41,2206,11
2514,16,755,19,1720,41,2216,11
2514,16,755,19,1720,41,2244,11
2514,16,755,19,1720,41,2259,11
2514,16,755,19,1720,41,2261,11
2514,16,755,19,1720,41,2289,11
2514,16,755,19,1720,41,2359,11
2514,16,755,19,1720,41,2370,11
2514,16,755,19,1720,41,2405,11
2514,16,755,19,1913,16,45,11
2514,16,755,19,1913,16,159,11
2514,16,755,19,1913,16,272,11
2514,16,755,19,1913,16,338,11
2514,16,755,19,1913,16,390,11
2514,16,755,19,1913,16,457,11
2514,16,755,19,1913,16,463,11
2514,16,755,19,1913,16,620,11
2514,16,755,19,1913,16,700,11
2514,16,755,19,1913,16,742,11
2514,16,755,19,1913,16,758,11
2514,16,755,19,1913,16,879,11
2514,16,755,19,1913,16,927,11
2514,16,755,19,1913,16,979,11
2514,16,755,19,1913,16,1003,11
2514,16,755,19,1913,16,1044,11
2514,16,755,19,1913,16,1068,11
2514,16,755,19,1913,16,1153,11
2514,16,755,19,1913,16,1186,11
2514,16,755,19,1913,16,1194,11
2514,16,755,19,1913,16,1259,11
2514,16,755,19,1913,16,1260,11
2514,16,755,19,1913,16,1312,11
2514,16,755,19,1913,16,1388,11
2514,16,755,19,1913,16,1391,11
2514,16,755,19,1913,16,1422,11
2514,16,755,19,1913,16,1556,11
2514,16,755,19,1913,16,1568,11
2514,16,755,19,1913,16,1599,11
2514,16,755,19,1913,16,1747,11
2514,16,755,19,1913,16,1773,11
2514,16,755,19,1913,16,1799,11
2514,16,755,19,1913,16,1818,11
2514,16,755,19,1913,16,1873,11
2514,16,755,19,1913,16,1940,11
2514,16,755,19,1913,16,1956,11
2514,16,755,19,1913,16,1997,11
2514,16,755,19,1913,16,2068,11
2514,16,755,19,1913,16,2079,11
2514,16,755,19,1913,16,2123,11
2514,16,755,19,1913,16,2196,11
2514,16,755,19,1913,16,2206,11
2514,16,755,19,1913,16,2216,11
2514,16,755,19,1913,16,2244,11
2514,16,755,19,1913,16,2259,11
2514,16,755,19,1913,16,2261,11
2514,16,755,19,1913,16,2289,11
2514,16,755,19,1913,16,2359,11
2514,16,755,19,1913,16,2370,11
2514,16,755,19,1913,16,2405,11
