2514,16,630,24,52,21,45,11
2514,16,630,24,52,21,159,11
2514,16,630,24,52,21,272,11
2514,16,630,24,52,21,338,11
2514,16,630,24,52,21,390,11
2514,16,630,24,52,21,457,11
2514,16,630,24,52,21,463,11
2514,16,630,24,52,21,620,11
2514,16,630,24,52,21,700,11
2514,16,630,24,52,21,742,11
2514,16,630,24,52,21,758,11
2514,16,630,24,52,21,879,11
2514,16,630,24,52,21,927,11
2514,16,630,24,52,21,979,11
2514,16,630,24,52,21,1003,11
2514,16,630,24,52,21,1044,11
2514,16,630,24,52,21,1068,11
2514,16,630,24,52,21,1153,11
2514,16,630,24,52,21,1186,11
2514,16,630,24,52,21,1194,11
2514,16,630,24,52,21,1259,11
2514,16,630,24,52,21,1260,11
2514,16,630,24,52,21,1312,11
2514,16,630,24,52,21,1388,11
2514,16,630,24,52,21,1391,11
2514,16,630,24,52,21,1422,11
2514,16,630,24,52,21,1556,11
2514,16,630,24,52,21,1568,11
2514,16,630,24,52,21,1599,11
2514,16,630,24,52,21,1747,11
2514,16,630,24,52,21,1773,11
2514,16,630,24,52,21,1799,11
2514,16,630,24,52,21,1818,11
2514,16,630,24,52,21,1873,11
2514,16,630,24,52,21,1940,11
2514,16,630,24,52,21,1956,11
2514,16,630,24,52,21,1997,11
2514,16,630,24,52,21,2068,11
2514,16,630,24,52,21,2079,11
2514,16,630,24,52,21,2123,11
2514,16,630,24,52,21,2196,11
2514,16,630,24,52,21,2206,11
2514,16,630,24,52,21,2216,11
2514,16,630,24,52,21,2244,11
2514,16,630,24,52,21,2259,11
2514,16,630,24,52,21,2261,11
2514,16,630,24,52,21,2289,11
2514,16,630,24,52,21,2359,11
2514,16,630,24,52,21,2370,11
2514,16,630,24,52,21,2405,11
2514,16,630,24,761,42,45,11
2514,16,630,24,761,42,159,11
2514,16,630,24,761,42,272,11
2514,16,630,24,761,42,338,11
2514,16,630,24,761,42,390,11
2514,16,630,24,761,42,457,11
2514,16,630,24,761,42,463,11
2514,16,630,24,761,42,620,11
2514,16,630,24,761,42,700,11
2514,16,630,24,761,42,742,11
2514,16,630,24,761,42,758,11
2514,16,630,24,761,42,879,11
2514,16,630,24,761,42,927,11
2514,16,630,24,761,42,979,11
2514,16,630,24,761,42,1003,11
2514,16,630,24,761,42,1044,11
2514,16,630,24,761,42,1068,11
2514,16,630,24,761,42,1153,11
2514,16,630,24,761,42,1186,11
2514,16,630,24,761,42,1194,11
2514,16,630,24,761,42,1259,11
2514,16,630,24,761,42,1260,11
2514,16,630,24,761,42,1312,11
2514,16,630,24,761,42,1388,11
2514,16,630,24,761,42,1391,11
2514,16,630,24,761,42,1422,11
2514,16,630,24,761,42,1556,11
2514,16,630,24,761,42,1568,11
2514,16,630,24,761,42,1599,11
2514,16,630,24,761,42,1747,11
2514,16,630,24,761,42,1773,11
2514,16,630,24,761,42,1799,11
2514,16,630,24,761,42,1818,11
2514,16,630,24,761,42,1873,11
2514,16,630,24,761,42,1940,11
2514,16,630,24,761,42,1956,11
2514,16,630,24,761,42,1997,11
2514,16,630,24,761,42,2068,11
2514,16,630,24,761,42,2079,11
2514,16,630,24,761,42,2123,11
2514,16,630,24,761,42,2196,11
2514,16,630,24,761,42,2206,11
2514,16,630,24,761,42,2216,11
2514,16,630,24,761,42,2244,11
2514,16,630,24,761,42,2259,11
2514,16,630,24,761,42,2261,11
2514,16,630,24,761,42,2289,11
2514,16,630,24,761,42,2359,11
2514,16,630,24,761,42,2370,11
2514,16,630,24,761,42,2405,11
2514,16,630,24,804,41,45,11
2514,16,630,24,804,41,159,11
2514,16,630,24,804,41,272,11
2514,16,630,24,804,41,338,11
2514,16,630,24,804,41,390,11
2514,16,630,24,804,41,457,11
2514,16,630,24,804,41,463,11
2514,16,630,24,804,41,620,11
2514,16,630,24,804,41,700,11
2514,16,630,24,804,41,742,11
2514,16,630,24,804,41,758,11
2514,16,630,24,804,41,879,11
2514,16,630,24,804,41,927,11
2514,16,630,24,804,41,979,11
2514,16,630,24,804,41,1003,11
2514,16,630,24,804,41,1044,11
2514,16,630,24,804,41,1068,11
2514,16,630,24,804,41,1153,11
2514,16,630,24,804,41,1186,11
2514,16,630,24,804,41,1194,11
2514,16,630,24,804,41,1259,11
2514,16,630,24,804,41,1260,11
2514,16,630,24,804,41,1312,11
2514,16,630,24,804,41,1388,11
2514,16,630,24,804,41,1391,11
2514,16,630,24,804,41,1422,11
2514,16,630,24,804,41,1556,11
2514,16,630,24,804,41,1568,11
2514,16,630,24,804,41,1599,11
2514,16,630,24,804,41,1747,11
2514,16,630,24,804,41,1773,11
2514,16,630,24,804,41,1799,11
2514,16,630,24,804,41,1818,11
2514,16,630,24,804,41,1873,11
2514,16,630,24,804,41,1940,11
2514,16,630,24,804,41,1956,11
2514,16,630,24,804,41,1997,11
2514,16,630,24,804,41,2068,11
2514,16,630,24,804,41,2079,11
2514,16,630,24,804,41,2123,11
2514,16,630,24,804,41,2196,11
2514,16,630,24,804,41,2206,11
2514,16,630,24,804,41,2216,11
2514,16,630,24,804,41,2244,11
2514,16,630,24,804,41,2259,11
2514,16,630,24,804,41,2261,11
2514,16,630,24,804,41,2289,11
2514,16,630,24,804,41,2359,11
2514,16,630,24,804,41,2370,11
2514,16,630,24,804,41,2405,11
2514,16,630,24,1032,11,45,11
2514,16,630,24,1032,11,159,11
2514,16,630,24,1032,11,272,11
2514,16,630,24,1032,11,338,11
2514,16,630,24,1032,11,390,11
2514,16,630,24,1032,11,457,11
2514,16,630,24,1032,11,463,11
2514,16,630,24,1032,11,620,11
2514,16,630,24,1032,11,700,11
2514,16,630,24,1032,11,742,11
2514,16,630,24,1032,11,758,11
2514,16,630,24,1032,11,879,11
2514,16,630,24,1032,11,927,11
2514,16,630,24,1032,11,979,11
2514,16,630,24,1032,11,1003,11
2514,16,630,24,1032,11,1044,11
2514,16,630,24,1032,11,1068,11
2514,16,630,24,1032,11,1153,11
2514,16,630,24,1032,11,1186,11
2514,16,630,24,1032,11,1194,11
2514,16,630,24,1032,11,1259,11
2514,16,630,24,1032,11,1260,11
2514,16,630,24,1032,11,1312,11
2514,16,630,24,1032,11,1388,11
2514,16,630,24,1032,11,1391,11
2514,16,630,24,1032,11,1422,11
2514,16,630,24,1032,11,1556,11
2514,16,630,24,1032,11,1568,11
2514,16,630,24,1032,11,1599,11
2514,16,630,24,1032,11,1747,11
2514,16,630,24,1032,11,1773,11
2514,16,630,24,1032,11,1799,11
2514,16,630,24,1032,11,1818,11
2514,16,630,24,1032,11,1873,11
2514,16,630,24,1032,11,1940,11
2514,16,630,24,1032,11,1956,11
2514,16,630,24,1032,11,1997,11
2514,16,630,24,1032,11,2068,11
2514,16,630,24,1032,11,2079,11
2514,16,630,24,1032,11,2123,11
2514,16,630,24,1032,11,2196,11
2514,16,630,24,1032,11,2206,11
2514,16,630,24,1032,11,2216,11
2514,16,630,24,1032,11,2244,11
2514,16,630,24,1032,11,2259,11
2514,16,630,24,1032,11,2261,11
2514,16,630,24,1032,11,2289,11
2514,16,630,24,1032,11,2359,11
2514,16,630,24,1032,11,2370,11
2514,16,630,24,1032,11,2405,11
2514,16,630,24,1200,39,45,11
2514,16,630,24,1200,39,159,11
2514,16,630,24,1200,39,272,11
2514,16,630,24,1200,39,338,11
2514,16,630,24,1200,39,390,11
2514,16,630,24,1200,39,457,11
2514,16,630,24,1200,39,463,11
2514,16,630,24,1200,39,620,11
2514,16,630,24,1200,39,700,11
2514,16,630,24,1200,39,742,11
2514,16,630,24,1200,39,758,11
2514,16,630,24,1200,39,879,11
2514,16,630,24,1200,39,927,11
2514,16,630,24,1200,39,979,11
2514,16,630,24,1200,39,1003,11
2514,16,630,24,1200,39,1044,11
2514,16,630,24,1200,39,1068,11
2514,16,630,24,1200,39,1153,11
2514,16,630,24,1200,39,1186,11
2514,16,630,24,1200,39,1194,11
2514,16,630,24,1200,39,1259,11
2514,16,630,24,1200,39,1260,11
2514,16,630,24,1200,39,1312,11
2514,16,630,24,1200,39,1388,11
2514,16,630,24,1200,39,1391,11
2514,16,630,24,1200,39,1422,11
2514,16,630,24,1200,39,1556,11
2514,16,630,24,1200,39,1568,11
2514,16,630,24,1200,39,1599,11
2514,16,630,24,1200,39,1747,11
2514,16,630,24,1200,39,1773,11
2514,16,630,24,1200,39,1799,11
2514,16,630,24,1200,39,1818,11
2514,16,630,24,1200,39,1873,11
2514,16,630,24,1200,39,1940,11
2514,16,630,24,1200,39,1956,11
2514,16,630,24,1200,39,1997,11
2514,16,630,24,1200,39,2068,11
2514,16,630,24,1200,39,2079,11
2514,16,630,24,1200,39,2123,11
2514,16,630,24,1200,39,2196,11
2514,16,630,24,1200,39,2206,11
2514,16,630,24,1200,39,2216,11
2514,16,630,24,1200,39,2244,11
2514,16,630,24,1200,39,2259,11
2514,16,630,24,1200,39,2261,11
2514,16,630,24,1200,39,2289,11
2514,16,630,24,1200,39,2359,11
2514,16,630,24,1200,39,2370,11
2514,16,630,24,1200,39,2405,11
2514,16,630,24,1206,26,45,11
2514,16,630,24,1206,26,159,11
2514,16,630,24,1206,26,272,11
2514,16,630,24,1206,26,338,11
2514,16,630,24,1206,26,390,11
2514,16,630,24,1206,26,457,11
2514,16,630,24,1206,26,463,11
2514,16,630,24,1206,26,620,11
2514,16,630,24,1206,26,700,11
2514,16,630,24,1206,26,742,11
2514,16,630,24,1206,26,758,11
2514,16,630,24,1206,26,879,11
2514,16,630,24,1206,26,927,11
2514,16,630,24,1206,26,979,11
2514,16,630,24,1206,26,1003,11
2514,16,630,24,1206,26,1044,11
2514,16,630,24,1206,26,1068,11
2514,16,630,24,1206,26,1153,11
2514,16,630,24,1206,26,1186,11
2514,16,630,24,1206,26,1194,11
2514,16,630,24,1206,26,1259,11
2514,16,630,24,1206,26,1260,11
2514,16,630,24,1206,26,1312,11
2514,16,630,24,1206,26,1388,11
2514,16,630,24,1206,26,1391,11
2514,16,630,24,1206,26,1422,11
2514,16,630,24,1206,26,1556,11
2514,16,630,24,1206,26,1568,11
2514,16,630,24,1206,26,1599,11
2514,16,630,24,1206,26,1747,11
2514,16,630,24,1206,26,1773,11
2514,16,630,24,1206,26,1799,11
2514,16,630,24,1206,26,1818,11
2514,16,630,24,1206,26,1873,11
2514,16,630,24,1206,26,1940,11
2514,16,630,24,1206,26,1956,11
2514,16,630,24,1206,26,1997,11
2514,16,630,24,1206,26,2068,11
2514,16,630,24,1206,26,2079,11
2514,16,630,24,1206,26,2123,11
2514,16,630,24,1206,26,2196,11
2514,16,630,24,1206,26,2206,11
2514,16,630,24,1206,26,2216,11
2514,16,630,24,1206,26,2244,11
2514,16,630,24,1206,26,2259,11
2514,16,630,24,1206,26,2261,11
2514,16,630,24,1206,26,2289,11
2514,16,630,24,1206,26,2359,11
2514,16,630,24,1206,26,2370,11
2514,16,630,24,1206,26,2405,11
2514,16,630,24,1556,42,45,11
2514,16,630,24,1556,42,159,11
2514,16,630,24,1556,42,272,11
2514,16,630,24,1556,42,338,11
2514,16,630,24,1556,42,390,11
2514,16,630,24,1556,42,457,11
2514,16,630,24,1556,42,463,11
2514,16,630,24,1556,42,620,11
2514,16,630,24,1556,42,700,11
2514,16,630,24,1556,42,742,11
2514,16,630,24,1556,42,758,11
2514,16,630,24,1556,42,879,11
2514,16,630,24,1556,42,927,11
2514,16,630,24,1556,42,979,11
2514,16,630,24,1556,42,1003,11
2514,16,630,24,1556,42,1044,11
2514,16,630,24,1556,42,1068,11
2514,16,630,24,1556,42,1153,11
2514,16,630,24,1556,42,1186,11
2514,16,630,24,1556,42,1194,11
2514,16,630,24,1556,42,1259,11
2514,16,630,24,1556,42,1260,11
2514,16,630,24,1556,42,1312,11
2514,16,630,24,1556,42,1388,11
2514,16,630,24,1556,42,1391,11
2514,16,630,24,1556,42,1422,11
2514,16,630,24,1556,42,1556,11
2514,16,630,24,1556,42,1568,11
2514,16,630,24,1556,42,1599,11
2514,16,630,24,1556,42,1747,11
2514,16,630,24,1556,42,1773,11
2514,16,630,24,1556,42,1799,11
2514,16,630,24,1556,42,1818,11
2514,16,630,24,1556,42,1873,11
2514,16,630,24,1556,42,1940,11
2514,16,630,24,1556,42,1956,11
2514,16,630,24,1556,42,1997,11
2514,16,630,24,1556,42,2068,11
2514,16,630,24,1556,42,2079,11
2514,16,630,24,1556,42,2123,11
2514,16,630,24,1556,42,2196,11
2514,16,630,24,1556,42,2206,11
2514,16,630,24,1556,42,2216,11
2514,16,630,24,1556,42,2244,11
2514,16,630,24,1556,42,2259,11
2514,16,630,24,1556,42,2261,11
2514,16,630,24,1556,42,2289,11
2514,16,630,24,1556,42,2359,11
2514,16,630,24,1556,42,2370,11
2514,16,630,24,1556,42,2405,11
2514,16,630,24,1649,14,45,11
2514,16,630,24,1649,14,159,11
2514,16,630,24,1649,14,272,11
2514,16,630,24,1649,14,338,11
2514,16,630,24,1649,14,390,11
2514,16,630,24,1649,14,457,11
2514,16,630,24,1649,14,463,11
2514,16,630,24,1649,14,620,11
2514,16,630,24,1649,14,700,11
2514,16,630,24,1649,14,742,11
2514,16,630,24,1649,14,758,11
2514,16,630,24,1649,14,879,11
2514,16,630,24,1649,14,927,11
2514,16,630,24,1649,14,979,11
2514,16,630,24,1649,14,1003,11
2514,16,630,24,1649,14,1044,11
2514,16,630,24,1649,14,1068,11
2514,16,630,24,1649,14,1153,11
2514,16,630,24,1649,14,1186,11
2514,16,630,24,1649,14,1194,11
2514,16,630,24,1649,14,1259,11
2514,16,630,24,1649,14,1260,11
2514,16,630,24,1649,14,1312,11
2514,16,630,24,1649,14,1388,11
2514,16,630,24,1649,14,1391,11
2514,16,630,24,1649,14,1422,11
2514,16,630,24,1649,14,1556,11
2514,16,630,24,1649,14,1568,11
2514,16,630,24,1649,14,1599,11
2514,16,630,24,1649,14,1747,11
2514,16,630,24,1649,14,1773,11
2514,16,630,24,1649,14,1799,11
2514,16,630,24,1649,14,1818,11
2514,16,630,24,1649,14,1873,11
2514,16,630,24,1649,14,1940,11
2514,16,630,24,1649,14,1956,11
2514,16,630,24,1649,14,1997,11
2514,16,630,24,1649,14,2068,11
2514,16,630,24,1649,14,2079,11
2514,16,630,24,1649,14,2123,11
2514,16,630,24,1649,14,2196,11
2514,16,630,24,1649,14,2206,11
2514,16,630,24,1649,14,2216,11
2514,16,630,24,1649,14,2244,11
2514,16,630,24,1649,14,2259,11
2514,16,630,24,1649,14,2261,11
2514,16,630,24,1649,14,2289,11
2514,16,630,24,1649,14,2359,11
2514,16,630,24,1649,14,2370,11
2514,16,630,24,1649,14,2405,11
2514,16,630,24,1663,30,159,11
2514,16,630,24,1663,30,272,11
2514,16,630,24,1663,30,338,11
2514,16,630,24,1663,30,457,11
2514,16,630,24,1663,30,463,11
2514,16,630,24,1663,30,700,11
2514,16,630,24,1663,30,742,11
2514,16,630,24,1663,30,758,11
2514,16,630,24,1663,30,879,11
2514,16,630,24,1663,30,927,11
2514,16,630,24,1663,30,1003,11
2514,16,630,24,1663,30,1044,11
2514,16,630,24,1663,30,1068,11
2514,16,630,24,1663,30,1153,11
2514,16,630,24,1663,30,1186,11
2514,16,630,24,1663,30,1194,11
2514,16,630,24,1663,30,1259,11
2514,16,630,24,1663,30,1260,11
2514,16,630,24,1663,30,1312,11
2514,16,630,24,1663,30,1388,11
2514,16,630,24,1663,30,1391,11
2514,16,630,24,1663,30,1422,11
2514,16,630,24,1663,30,1556,11
2514,16,630,24,1663,30,1568,11
2514,16,630,24,1663,30,1599,11
2514,16,630,24,1663,30,1747,11
2514,16,630,24,1663,30,1773,11
2514,16,630,24,1663,30,1818,11
2514,16,630,24,1663,30,1873,11
2514,16,630,24,1663,30,1940,11
2514,16,630,24,1663,30,1997,11
2514,16,630,24,1663,30,2068,11
2514,16,630,24,1663,30,2079,11
2514,16,630,24,1663,30,2123,11
2514,16,630,24,1663,30,2196,11
2514,16,630,24,1663,30,2216,11
2514,16,630,24,1663,30,2259,11
2514,16,630,24,1663,30,2289,11
2514,16,630,24,1663,30,2370,11
2514,16,630,24,1663,30,2405,11
2514,16,630,24,1842,39,45,11
2514,16,630,24,1842,39,159,11
2514,16,630,24,1842,39,272,11
2514,16,630,24,1842,39,338,11
2514,16,630,24,1842,39,390,11
2514,16,630,24,1842,39,457,11
2514,16,630,24,1842,39,463,11
2514,16,630,24,1842,39,620,11
2514,16,630,24,1842,39,700,11
2514,16,630,24,1842,39,742,11
2514,16,630,24,1842,39,758,11
2514,16,630,24,1842,39,879,11
2514,16,630,24,1842,39,927,11
2514,16,630,24,1842,39,979,11
2514,16,630,24,1842,39,1003,11
2514,16,630,24,1842,39,1044,11
2514,16,630,24,1842,39,1068,11
2514,16,630,24,1842,39,1153,11
2514,16,630,24,1842,39,1186,11
2514,16,630,24,1842,39,1194,11
2514,16,630,24,1842,39,1259,11
2514,16,630,24,1842,39,1260,11
2514,16,630,24,1842,39,1312,11
2514,16,630,24,1842,39,1388,11
2514,16,630,24,1842,39,1391,11
2514,16,630,24,1842,39,1422,11
2514,16,630,24,1842,39,1556,11
2514,16,630,24,1842,39,1568,11
2514,16,630,24,1842,39,1599,11
2514,16,630,24,1842,39,1747,11
2514,16,630,24,1842,39,1773,11
2514,16,630,24,1842,39,1799,11
2514,16,630,24,1842,39,1818,11
2514,16,630,24,1842,39,1873,11
2514,16,630,24,1842,39,1940,11
2514,16,630,24,1842,39,1956,11
2514,16,630,24,1842,39,1997,11
2514,16,630,24,1842,39,2068,11
2514,16,630,24,1842,39,2079,11
2514,16,630,24,1842,39,2123,11
2514,16,630,24,1842,39,2196,11
2514,16,630,24,1842,39,2206,11
2514,16,630,24,1842,39,2216,11
2514,16,630,24,1842,39,2244,11
2514,16,630,24,1842,39,2259,11
2514,16,630,24,1842,39,2261,11
2514,16,630,24,1842,39,2289,11
2514,16,630,24,1842,39,2359,11
2514,16,630,24,1842,39,2370,11
2514,16,630,24,1842,39,2405,11
2514,16,630,24,1878,12,45,11
2514,16,630,24,1878,12,159,11
2514,16,630,24,1878,12,272,11
2514,16,630,24,1878,12,338,11
2514,16,630,24,1878,12,390,11
2514,16,630,24,1878,12,457,11
2514,16,630,24,1878,12,463,11
2514,16,630,24,1878,12,620,11
2514,16,630,24,1878,12,700,11
2514,16,630,24,1878,12,742,11
2514,16,630,24,1878,12,758,11
2514,16,630,24,1878,12,879,11
2514,16,630,24,1878,12,927,11
2514,16,630,24,1878,12,979,11
2514,16,630,24,1878,12,1003,11
2514,16,630,24,1878,12,1044,11
2514,16,630,24,1878,12,1068,11
2514,16,630,24,1878,12,1153,11
2514,16,630,24,1878,12,1186,11
2514,16,630,24,1878,12,1194,11
2514,16,630,24,1878,12,1259,11
2514,16,630,24,1878,12,1260,11
2514,16,630,24,1878,12,1312,11
2514,16,630,24,1878,12,1388,11
2514,16,630,24,1878,12,1391,11
2514,16,630,24,1878,12,1422,11
2514,16,630,24,1878,12,1556,11
2514,16,630,24,1878,12,1568,11
2514,16,630,24,1878,12,1599,11
2514,16,630,24,1878,12,1747,11
2514,16,630,24,1878,12,1773,11
2514,16,630,24,1878,12,1799,11
2514,16,630,24,1878,12,1818,11
2514,16,630,24,1878,12,1873,11
2514,16,630,24,1878,12,1940,11
2514,16,630,24,1878,12,1956,11
2514,16,630,24,1878,12,1997,11
2514,16,630,24,1878,12,2068,11
2514,16,630,24,1878,12,2079,11
2514,16,630,24,1878,12,2123,11
2514,16,630,24,1878,12,2196,11
2514,16,630,24,1878,12,2206,11
2514,16,630,24,1878,12,2216,11
2514,16,630,24,1878,12,2244,11
2514,16,630,24,1878,12,2259,11
2514,16,630,24,1878,12,2261,11
2514,16,630,24,1878,12,2289,11
2514,16,630,24,1878,12,2359,11
2514,16,630,24,1878,12,2370,11
2514,16,630,24,1878,12,2405,11
2514,16,630,24,1895,15,45,11
2514,16,630,24,1895,15,159,11
2514,16,630,24,1895,15,272,11
2514,16,630,24,1895,15,338,11
2514,16,630,24,1895,15,390,11
2514,16,630,24,1895,15,457,11
2514,16,630,24,1895,15,463,11
2514,16,630,24,1895,15,620,11
2514,16,630,24,1895,15,700,11
2514,16,630,24,1895,15,742,11
2514,16,630,24,1895,15,758,11
2514,16,630,24,1895,15,879,11
2514,16,630,24,1895,15,927,11
2514,16,630,24,1895,15,979,11
2514,16,630,24,1895,15,1003,11
2514,16,630,24,1895,15,1044,11
2514,16,630,24,1895,15,1068,11
2514,16,630,24,1895,15,1153,11
2514,16,630,24,1895,15,1186,11
2514,16,630,24,1895,15,1194,11
2514,16,630,24,1895,15,1259,11
2514,16,630,24,1895,15,1260,11
2514,16,630,24,1895,15,1312,11
2514,16,630,24,1895,15,1388,11
2514,16,630,24,1895,15,1391,11
2514,16,630,24,1895,15,1422,11
2514,16,630,24,1895,15,1556,11
2514,16,630,24,1895,15,1568,11
2514,16,630,24,1895,15,1599,11
2514,16,630,24,1895,15,1747,11
2514,16,630,24,1895,15,1773,11
2514,16,630,24,1895,15,1799,11
2514,16,630,24,1895,15,1818,11
2514,16,630,24,1895,15,1873,11
2514,16,630,24,1895,15,1940,11
2514,16,630,24,1895,15,1956,11
2514,16,630,24,1895,15,1997,11
2514,16,630,24,1895,15,2068,11
2514,16,630,24,1895,15,2079,11
2514,16,630,24,1895,15,2123,11
2514,16,630,24,1895,15,2196,11
2514,16,630,24,1895,15,2206,11
2514,16,630,24,1895,15,2216,11
2514,16,630,24,1895,15,2244,11
2514,16,630,24,1895,15,2259,11
2514,16,630,24,1895,15,2261,11
2514,16,630,24,1895,15,2289,11
2514,16,630,24,1895,15,2359,11
2514,16,630,24,1895,15,2370,11
2514,16,630,24,1895,15,2405,11
2514,16,630,24,1908,10,45,11
2514,16,630,24,1908,10,159,11
2514,16,630,24,1908,10,272,11
2514,16,630,24,1908,10,338,11
2514,16,630,24,1908,10,390,11
2514,16,630,24,1908,10,457,11
2514,16,630,24,1908,10,463,11
2514,16,630,24,1908,10,620,11
2514,16,630,24,1908,10,700,11
2514,16,630,24,1908,10,742,11
2514,16,630,24,1908,10,758,11
2514,16,630,24,1908,10,879,11
2514,16,630,24,1908,10,927,11
2514,16,630,24,1908,10,979,11
2514,16,630,24,1908,10,1003,11
2514,16,630,24,1908,10,1044,11
2514,16,630,24,1908,10,1068,11
2514,16,630,24,1908,10,1153,11
2514,16,630,24,1908,10,1186,11
2514,16,630,24,1908,10,1194,11
2514,16,630,24,1908,10,1259,11
2514,16,630,24,1908,10,1260,11
2514,16,630,24,1908,10,1312,11
2514,16,630,24,1908,10,1388,11
2514,16,630,24,1908,10,1391,11
2514,16,630,24,1908,10,1422,11
2514,16,630,24,1908,10,1556,11
2514,16,630,24,1908,10,1568,11
2514,16,630,24,1908,10,1599,11
2514,16,630,24,1908,10,1747,11
2514,16,630,24,1908,10,1773,11
2514,16,630,24,1908,10,1799,11
2514,16,630,24,1908,10,1818,11
2514,16,630,24,1908,10,1873,11
2514,16,630,24,1908,10,1940,11
2514,16,630,24,1908,10,1956,11
2514,16,630,24,1908,10,1997,11
2514,16,630,24,1908,10,2068,11
2514,16,630,24,1908,10,2079,11
2514,16,630,24,1908,10,2123,11
2514,16,630,24,1908,10,2196,11
2514,16,630,24,1908,10,2206,11
2514,16,630,24,1908,10,2216,11
2514,16,630,24,1908,10,2244,11
2514,16,630,24,1908,10,2259,11
2514,16,630,24,1908,10,2261,11
2514,16,630,24,1908,10,2289,11
2514,16,630,24,1908,10,2359,11
2514,16,630,24,1908,10,2370,11
2514,16,630,24,1908,10,2405,11
