2514,16,570,28,711,43,45,11
2514,16,570,28,711,43,159,11
2514,16,570,28,711,43,272,11
2514,16,570,28,711,43,338,11
2514,16,570,28,711,43,390,11
2514,16,570,28,711,43,457,11
2514,16,570,28,711,43,463,11
2514,16,570,28,711,43,620,11
2514,16,570,28,711,43,700,11
2514,16,570,28,711,43,742,11
2514,16,570,28,711,43,758,11
2514,16,570,28,711,43,879,11
2514,16,570,28,711,43,927,11
2514,16,570,28,711,43,979,11
2514,16,570,28,711,43,1003,11
2514,16,570,28,711,43,1044,11
2514,16,570,28,711,43,1068,11
2514,16,570,28,711,43,1153,11
2514,16,570,28,711,43,1186,11
2514,16,570,28,711,43,1194,11
2514,16,570,28,711,43,1259,11
2514,16,570,28,711,43,1260,11
2514,16,570,28,711,43,1312,11
2514,16,570,28,711,43,1388,11
2514,16,570,28,711,43,1391,11
2514,16,570,28,711,43,1422,11
2514,16,570,28,711,43,1556,11
2514,16,570,28,711,43,1568,11
2514,16,570,28,711,43,1599,11
2514,16,570,28,711,43,1747,11
2514,16,570,28,711,43,1773,11
2514,16,570,28,711,43,1799,11
2514,16,570,28,711,43,1818,11
2514,16,570,28,711,43,1873,11
2514,16,570,28,711,43,1940,11
2514,16,570,28,711,43,1956,11
2514,16,570,28,711,43,1997,11
2514,16,570,28,711,43,2068,11
2514,16,570,28,711,43,2079,11
2514,16,570,28,711,43,2123,11
2514,16,570,28,711,43,2196,11
2514,16,570,28,711,43,2206,11
2514,16,570,28,711,43,2216,11
2514,16,570,28,711,43,2244,11
2514,16,570,28,711,43,2259,11
2514,16,570,28,711,43,2261,11
2514,16,570,28,711,43,2289,11
2514,16,570,28,711,43,2359,11
2514,16,570,28,711,43,2370,11
2514,16,570,28,711,43,2405,11
2514,16,570,28,891,47,45,11
2514,16,570,28,891,47,159,11
2514,16,570,28,891,47,272,11
2514,16,570,28,891,47,338,11
2514,16,570,28,891,47,390,11
2514,16,570,28,891,47,457,11
2514,16,570,28,891,47,463,11
2514,16,570,28,891,47,620,11
2514,16,570,28,891,47,700,11
2514,16,570,28,891,47,742,11
2514,16,570,28,891,47,758,11
2514,16,570,28,891,47,879,11
2514,16,570,28,891,47,927,11
2514,16,570,28,891,47,979,11
2514,16,570,28,891,47,1003,11
2514,16,570,28,891,47,1044,11
2514,16,570,28,891,47,1068,11
2514,16,570,28,891,47,1153,11
2514,16,570,28,891,47,1186,11
2514,16,570,28,891,47,1194,11
2514,16,570,28,891,47,1259,11
2514,16,570,28,891,47,1260,11
2514,16,570,28,891,47,1312,11
2514,16,570,28,891,47,1388,11
2514,16,570,28,891,47,1391,11
2514,16,570,28,891,47,1422,11
2514,16,570,28,891,47,1556,11
2514,16,570,28,891,47,1568,11
2514,16,570,28,891,47,1599,11
2514,16,570,28,891,47,1747,11
2514,16,570,28,891,47,1773,11
2514,16,570,28,891,47,1799,11
2514,16,570,28,891,47,1818,11
2514,16,570,28,891,47,1873,11
2514,16,570,28,891,47,1940,11
2514,16,570,28,891,47,1956,11
2514,16,570,28,891,47,1997,11
2514,16,570,28,891,47,2068,11
2514,16,570,28,891,47,2079,11
2514,16,570,28,891,47,2123,11
2514,16,570,28,891,47,2196,11
2514,16,570,28,891,47,2206,11
2514,16,570,28,891,47,2216,11
2514,16,570,28,891,47,2244,11
2514,16,570,28,891,47,2259,11
2514,16,570,28,891,47,2261,11
2514,16,570,28,891,47,2289,11
2514,16,570,28,891,47,2359,11
2514,16,570,28,891,47,2370,11
2514,16,570,28,891,47,2405,11
2514,16,570,28,1135,35,45,11
2514,16,570,28,1135,35,159,11
2514,16,570,28,1135,35,272,11
2514,16,570,28,1135,35,338,11
2514,16,570,28,1135,35,390,11
2514,16,570,28,1135,35,457,11
2514,16,570,28,1135,35,463,11
2514,16,570,28,1135,35,620,11
2514,16,570,28,1135,35,700,11
2514,16,570,28,1135,35,742,11
2514,16,570,28,1135,35,758,11
2514,16,570,28,1135,35,879,11
2514,16,570,28,1135,35,927,11
2514,16,570,28,1135,35,979,11
2514,16,570,28,1135,35,1003,11
2514,16,570,28,1135,35,1044,11
2514,16,570,28,1135,35,1068,11
2514,16,570,28,1135,35,1153,11
2514,16,570,28,1135,35,1186,11
2514,16,570,28,1135,35,1194,11
2514,16,570,28,1135,35,1259,11
2514,16,570,28,1135,35,1260,11
2514,16,570,28,1135,35,1312,11
2514,16,570,28,1135,35,1388,11
2514,16,570,28,1135,35,1391,11
2514,16,570,28,1135,35,1422,11
2514,16,570,28,1135,35,1556,11
2514,16,570,28,1135,35,1568,11
2514,16,570,28,1135,35,1599,11
2514,16,570,28,1135,35,1747,11
2514,16,570,28,1135,35,1773,11
2514,16,570,28,1135,35,1799,11
2514,16,570,28,1135,35,1818,11
2514,16,570,28,1135,35,1873,11
2514,16,570,28,1135,35,1940,11
2514,16,570,28,1135,35,1956,11
2514,16,570,28,1135,35,1997,11
2514,16,570,28,1135,35,2068,11
2514,16,570,28,1135,35,2079,11
2514,16,570,28,1135,35,2123,11
2514,16,570,28,1135,35,2196,11
2514,16,570,28,1135,35,2206,11
2514,16,570,28,1135,35,2216,11
2514,16,570,28,1135,35,2244,11
2514,16,570,28,1135,35,2259,11
2514,16,570,28,1135,35,2261,11
2514,16,570,28,1135,35,2289,11
2514,16,570,28,1135,35,2359,11
2514,16,570,28,1135,35,2370,11
2514,16,570,28,1135,35,2405,11
2514,16,570,28,1197,34,45,11
2514,16,570,28,1197,34,159,11
2514,16,570,28,1197,34,272,11
2514,16,570,28,1197,34,338,11
2514,16,570,28,1197,34,390,11
2514,16,570,28,1197,34,457,11
2514,16,570,28,1197,34,463,11
2514,16,570,28,1197,34,620,11
2514,16,570,28,1197,34,700,11
2514,16,570,28,1197,34,742,11
2514,16,570,28,1197,34,758,11
2514,16,570,28,1197,34,879,11
2514,16,570,28,1197,34,927,11
2514,16,570,28,1197,34,979,11
2514,16,570,28,1197,34,1003,11
2514,16,570,28,1197,34,1044,11
2514,16,570,28,1197,34,1068,11
2514,16,570,28,1197,34,1153,11
2514,16,570,28,1197,34,1186,11
2514,16,570,28,1197,34,1194,11
2514,16,570,28,1197,34,1259,11
2514,16,570,28,1197,34,1260,11
2514,16,570,28,1197,34,1312,11
2514,16,570,28,1197,34,1388,11
2514,16,570,28,1197,34,1391,11
2514,16,570,28,1197,34,1422,11
2514,16,570,28,1197,34,1556,11
2514,16,570,28,1197,34,1568,11
2514,16,570,28,1197,34,1599,11
2514,16,570,28,1197,34,1747,11
2514,16,570,28,1197,34,1773,11
2514,16,570,28,1197,34,1799,11
2514,16,570,28,1197,34,1818,11
2514,16,570,28,1197,34,1873,11
2514,16,570,28,1197,34,1940,11
2514,16,570,28,1197,34,1956,11
2514,16,570,28,1197,34,1997,11
2514,16,570,28,1197,34,2068,11
2514,16,570,28,1197,34,2079,11
2514,16,570,28,1197,34,2123,11
2514,16,570,28,1197,34,2196,11
2514,16,570,28,1197,34,2206,11
2514,16,570,28,1197,34,2216,11
2514,16,570,28,1197,34,2244,11
2514,16,570,28,1197,34,2259,11
2514,16,570,28,1197,34,2261,11
2514,16,570,28,1197,34,2289,11
2514,16,570,28,1197,34,2359,11
2514,16,570,28,1197,34,2370,11
2514,16,570,28,1197,34,2405,11
2514,16,570,28,1319,36,45,11
2514,16,570,28,1319,36,159,11
2514,16,570,28,1319,36,272,11
2514,16,570,28,1319,36,338,11
2514,16,570,28,1319,36,390,11
2514,16,570,28,1319,36,457,11
2514,16,570,28,1319,36,463,11
2514,16,570,28,1319,36,620,11
2514,16,570,28,1319,36,700,11
2514,16,570,28,1319,36,742,11
2514,16,570,28,1319,36,758,11
2514,16,570,28,1319,36,879,11
2514,16,570,28,1319,36,927,11
2514,16,570,28,1319,36,979,11
2514,16,570,28,1319,36,1003,11
2514,16,570,28,1319,36,1044,11
2514,16,570,28,1319,36,1068,11
2514,16,570,28,1319,36,1153,11
2514,16,570,28,1319,36,1186,11
2514,16,570,28,1319,36,1194,11
2514,16,570,28,1319,36,1259,11
2514,16,570,28,1319,36,1260,11
2514,16,570,28,1319,36,1312,11
2514,16,570,28,1319,36,1388,11
2514,16,570,28,1319,36,1391,11
2514,16,570,28,1319,36,1422,11
2514,16,570,28,1319,36,1556,11
2514,16,570,28,1319,36,1568,11
2514,16,570,28,1319,36,1599,11
2514,16,570,28,1319,36,1747,11
2514,16,570,28,1319,36,1773,11
2514,16,570,28,1319,36,1799,11
2514,16,570,28,1319,36,1818,11
2514,16,570,28,1319,36,1873,11
2514,16,570,28,1319,36,1940,11
2514,16,570,28,1319,36,1956,11
2514,16,570,28,1319,36,1997,11
2514,16,570,28,1319,36,2068,11
2514,16,570,28,1319,36,2079,11
2514,16,570,28,1319,36,2123,11
2514,16,570,28,1319,36,2196,11
2514,16,570,28,1319,36,2206,11
2514,16,570,28,1319,36,2216,11
2514,16,570,28,1319,36,2244,11
2514,16,570,28,1319,36,2259,11
2514,16,570,28,1319,36,2261,11
2514,16,570,28,1319,36,2289,11
2514,16,570,28,1319,36,2359,11
2514,16,570,28,1319,36,2370,11
2514,16,570,28,1319,36,2405,11
2514,16,570,28,1342,43,45,11
2514,16,570,28,1342,43,159,11
2514,16,570,28,1342,43,272,11
2514,16,570,28,1342,43,338,11
2514,16,570,28,1342,43,390,11
2514,16,570,28,1342,43,457,11
2514,16,570,28,1342,43,463,11
2514,16,570,28,1342,43,620,11
2514,16,570,28,1342,43,700,11
2514,16,570,28,1342,43,742,11
2514,16,570,28,1342,43,758,11
2514,16,570,28,1342,43,879,11
2514,16,570,28,1342,43,927,11
2514,16,570,28,1342,43,979,11
2514,16,570,28,1342,43,1003,11
2514,16,570,28,1342,43,1044,11
2514,16,570,28,1342,43,1068,11
2514,16,570,28,1342,43,1153,11
2514,16,570,28,1342,43,1186,11
2514,16,570,28,1342,43,1194,11
2514,16,570,28,1342,43,1259,11
2514,16,570,28,1342,43,1260,11
2514,16,570,28,1342,43,1312,11
2514,16,570,28,1342,43,1388,11
2514,16,570,28,1342,43,1391,11
2514,16,570,28,1342,43,1422,11
2514,16,570,28,1342,43,1556,11
2514,16,570,28,1342,43,1568,11
2514,16,570,28,1342,43,1599,11
2514,16,570,28,1342,43,1747,11
2514,16,570,28,1342,43,1773,11
2514,16,570,28,1342,43,1799,11
2514,16,570,28,1342,43,1818,11
2514,16,570,28,1342,43,1873,11
2514,16,570,28,1342,43,1940,11
2514,16,570,28,1342,43,1956,11
2514,16,570,28,1342,43,1997,11
2514,16,570,28,1342,43,2068,11
2514,16,570,28,1342,43,2079,11
2514,16,570,28,1342,43,2123,11
2514,16,570,28,1342,43,2196,11
2514,16,570,28,1342,43,2206,11
2514,16,570,28,1342,43,2216,11
2514,16,570,28,1342,43,2244,11
2514,16,570,28,1342,43,2259,11
2514,16,570,28,1342,43,2261,11
2514,16,570,28,1342,43,2289,11
2514,16,570,28,1342,43,2359,11
2514,16,570,28,1342,43,2370,11
2514,16,570,28,1342,43,2405,11
2514,16,570,28,1368,49,45,11
2514,16,570,28,1368,49,159,11
2514,16,570,28,1368,49,272,11
2514,16,570,28,1368,49,338,11
2514,16,570,28,1368,49,390,11
2514,16,570,28,1368,49,457,11
2514,16,570,28,1368,49,463,11
2514,16,570,28,1368,49,620,11
2514,16,570,28,1368,49,700,11
2514,16,570,28,1368,49,742,11
2514,16,570,28,1368,49,758,11
2514,16,570,28,1368,49,879,11
2514,16,570,28,1368,49,927,11
2514,16,570,28,1368,49,979,11
2514,16,570,28,1368,49,1003,11
2514,16,570,28,1368,49,1044,11
2514,16,570,28,1368,49,1068,11
2514,16,570,28,1368,49,1153,11
2514,16,570,28,1368,49,1186,11
2514,16,570,28,1368,49,1194,11
2514,16,570,28,1368,49,1259,11
2514,16,570,28,1368,49,1260,11
2514,16,570,28,1368,49,1312,11
2514,16,570,28,1368,49,1388,11
2514,16,570,28,1368,49,1391,11
2514,16,570,28,1368,49,1422,11
2514,16,570,28,1368,49,1556,11
2514,16,570,28,1368,49,1568,11
2514,16,570,28,1368,49,1599,11
2514,16,570,28,1368,49,1747,11
2514,16,570,28,1368,49,1773,11
2514,16,570,28,1368,49,1799,11
2514,16,570,28,1368,49,1818,11
2514,16,570,28,1368,49,1873,11
2514,16,570,28,1368,49,1940,11
2514,16,570,28,1368,49,1956,11
2514,16,570,28,1368,49,1997,11
2514,16,570,28,1368,49,2068,11
2514,16,570,28,1368,49,2079,11
2514,16,570,28,1368,49,2123,11
2514,16,570,28,1368,49,2196,11
2514,16,570,28,1368,49,2206,11
2514,16,570,28,1368,49,2216,11
2514,16,570,28,1368,49,2244,11
2514,16,570,28,1368,49,2259,11
2514,16,570,28,1368,49,2261,11
2514,16,570,28,1368,49,2289,11
2514,16,570,28,1368,49,2359,11
2514,16,570,28,1368,49,2370,11
2514,16,570,28,1368,49,2405,11
2514,16,570,28,1394,38,45,11
2514,16,570,28,1394,38,159,11
2514,16,570,28,1394,38,272,11
2514,16,570,28,1394,38,338,11
2514,16,570,28,1394,38,390,11
2514,16,570,28,1394,38,457,11
2514,16,570,28,1394,38,463,11
2514,16,570,28,1394,38,620,11
2514,16,570,28,1394,38,700,11
2514,16,570,28,1394,38,742,11
2514,16,570,28,1394,38,758,11
2514,16,570,28,1394,38,879,11
2514,16,570,28,1394,38,927,11
2514,16,570,28,1394,38,979,11
2514,16,570,28,1394,38,1003,11
2514,16,570,28,1394,38,1044,11
2514,16,570,28,1394,38,1068,11
2514,16,570,28,1394,38,1153,11
2514,16,570,28,1394,38,1186,11
2514,16,570,28,1394,38,1194,11
2514,16,570,28,1394,38,1259,11
2514,16,570,28,1394,38,1260,11
2514,16,570,28,1394,38,1312,11
2514,16,570,28,1394,38,1388,11
2514,16,570,28,1394,38,1391,11
2514,16,570,28,1394,38,1422,11
2514,16,570,28,1394,38,1556,11
2514,16,570,28,1394,38,1568,11
2514,16,570,28,1394,38,1599,11
2514,16,570,28,1394,38,1747,11
2514,16,570,28,1394,38,1773,11
2514,16,570,28,1394,38,1799,11
2514,16,570,28,1394,38,1818,11
2514,16,570,28,1394,38,1873,11
2514,16,570,28,1394,38,1940,11
2514,16,570,28,1394,38,1956,11
2514,16,570,28,1394,38,1997,11
2514,16,570,28,1394,38,2068,11
2514,16,570,28,1394,38,2079,11
2514,16,570,28,1394,38,2123,11
2514,16,570,28,1394,38,2196,11
2514,16,570,28,1394,38,2206,11
2514,16,570,28,1394,38,2216,11
2514,16,570,28,1394,38,2244,11
2514,16,570,28,1394,38,2259,11
2514,16,570,28,1394,38,2261,11
2514,16,570,28,1394,38,2289,11
2514,16,570,28,1394,38,2359,11
2514,16,570,28,1394,38,2370,11
2514,16,570,28,1394,38,2405,11
2514,16,570,28,1401,9,45,11
2514,16,570,28,1401,9,159,11
2514,16,570,28,1401,9,272,11
2514,16,570,28,1401,9,338,11
2514,16,570,28,1401,9,390,11
2514,16,570,28,1401,9,457,11
2514,16,570,28,1401,9,463,11
2514,16,570,28,1401,9,620,11
2514,16,570,28,1401,9,700,11
2514,16,570,28,1401,9,742,11
2514,16,570,28,1401,9,758,11
2514,16,570,28,1401,9,879,11
2514,16,570,28,1401,9,927,11
2514,16,570,28,1401,9,979,11
2514,16,570,28,1401,9,1003,11
2514,16,570,28,1401,9,1044,11
2514,16,570,28,1401,9,1068,11
2514,16,570,28,1401,9,1153,11
2514,16,570,28,1401,9,1186,11
2514,16,570,28,1401,9,1194,11
2514,16,570,28,1401,9,1259,11
2514,16,570,28,1401,9,1260,11
2514,16,570,28,1401,9,1312,11
2514,16,570,28,1401,9,1388,11
2514,16,570,28,1401,9,1391,11
2514,16,570,28,1401,9,1422,11
2514,16,570,28,1401,9,1556,11
2514,16,570,28,1401,9,1568,11
2514,16,570,28,1401,9,1599,11
2514,16,570,28,1401,9,1747,11
2514,16,570,28,1401,9,1773,11
2514,16,570,28,1401,9,1799,11
2514,16,570,28,1401,9,1818,11
2514,16,570,28,1401,9,1873,11
2514,16,570,28,1401,9,1940,11
2514,16,570,28,1401,9,1956,11
2514,16,570,28,1401,9,1997,11
2514,16,570,28,1401,9,2068,11
2514,16,570,28,1401,9,2079,11
2514,16,570,28,1401,9,2123,11
2514,16,570,28,1401,9,2196,11
2514,16,570,28,1401,9,2206,11
2514,16,570,28,1401,9,2216,11
2514,16,570,28,1401,9,2244,11
2514,16,570,28,1401,9,2259,11
2514,16,570,28,1401,9,2261,11
2514,16,570,28,1401,9,2289,11
2514,16,570,28,1401,9,2359,11
2514,16,570,28,1401,9,2370,11
2514,16,570,28,1401,9,2405,11
2514,16,570,28,1597,11,45,11
2514,16,570,28,1597,11,159,11
2514,16,570,28,1597,11,272,11
2514,16,570,28,1597,11,338,11
2514,16,570,28,1597,11,390,11
2514,16,570,28,1597,11,457,11
2514,16,570,28,1597,11,463,11
2514,16,570,28,1597,11,620,11
2514,16,570,28,1597,11,700,11
2514,16,570,28,1597,11,742,11
2514,16,570,28,1597,11,758,11
2514,16,570,28,1597,11,879,11
2514,16,570,28,1597,11,927,11
2514,16,570,28,1597,11,979,11
2514,16,570,28,1597,11,1003,11
2514,16,570,28,1597,11,1044,11
2514,16,570,28,1597,11,1068,11
2514,16,570,28,1597,11,1153,11
2514,16,570,28,1597,11,1186,11
2514,16,570,28,1597,11,1194,11
2514,16,570,28,1597,11,1259,11
2514,16,570,28,1597,11,1260,11
2514,16,570,28,1597,11,1312,11
2514,16,570,28,1597,11,1388,11
2514,16,570,28,1597,11,1391,11
2514,16,570,28,1597,11,1422,11
2514,16,570,28,1597,11,1556,11
2514,16,570,28,1597,11,1568,11
2514,16,570,28,1597,11,1599,11
2514,16,570,28,1597,11,1747,11
2514,16,570,28,1597,11,1773,11
2514,16,570,28,1597,11,1799,11
2514,16,570,28,1597,11,1818,11
2514,16,570,28,1597,11,1873,11
2514,16,570,28,1597,11,1940,11
2514,16,570,28,1597,11,1956,11
2514,16,570,28,1597,11,1997,11
2514,16,570,28,1597,11,2068,11
2514,16,570,28,1597,11,2079,11
2514,16,570,28,1597,11,2123,11
2514,16,570,28,1597,11,2196,11
2514,16,570,28,1597,11,2206,11
2514,16,570,28,1597,11,2216,11
2514,16,570,28,1597,11,2244,11
2514,16,570,28,1597,11,2259,11
2514,16,570,28,1597,11,2261,11
2514,16,570,28,1597,11,2289,11
2514,16,570,28,1597,11,2359,11
2514,16,570,28,1597,11,2370,11
2514,16,570,28,1597,11,2405,11
2514,16,570,28,1704,26,159,11
2514,16,570,28,1704,26,272,11
2514,16,570,28,1704,26,457,11
2514,16,570,28,1704,26,463,11
2514,16,570,28,1704,26,700,11
2514,16,570,28,1704,26,879,11
2514,16,570,28,1704,26,927,11
2514,16,570,28,1704,26,1003,11
2514,16,570,28,1704,26,1068,11
2514,16,570,28,1704,26,1153,11
2514,16,570,28,1704,26,1194,11
2514,16,570,28,1704,26,1260,11
2514,16,570,28,1704,26,1388,11
2514,16,570,28,1704,26,1391,11
2514,16,570,28,1704,26,1422,11
2514,16,570,28,1704,26,1556,11
2514,16,570,28,1704,26,1568,11
2514,16,570,28,1704,26,1599,11
2514,16,570,28,1704,26,1747,11
2514,16,570,28,1704,26,1818,11
2514,16,570,28,1704,26,1873,11
2514,16,570,28,1704,26,1940,11
2514,16,570,28,1704,26,2068,11
2514,16,570,28,1704,26,2079,11
2514,16,570,28,1704,26,2123,11
2514,16,570,28,1704,26,2196,11
2514,16,570,28,1704,26,2216,11
2514,16,570,28,1704,26,2259,11
2514,16,570,28,1704,26,2370,11
2514,16,570,28,1704,26,2405,11
2514,16,570,28,1795,47,45,11
2514,16,570,28,1795,47,159,11
2514,16,570,28,1795,47,272,11
2514,16,570,28,1795,47,338,11
2514,16,570,28,1795,47,390,11
2514,16,570,28,1795,47,457,11
2514,16,570,28,1795,47,463,11
2514,16,570,28,1795,47,620,11
2514,16,570,28,1795,47,700,11
2514,16,570,28,1795,47,742,11
2514,16,570,28,1795,47,758,11
2514,16,570,28,1795,47,879,11
2514,16,570,28,1795,47,927,11
2514,16,570,28,1795,47,979,11
2514,16,570,28,1795,47,1003,11
2514,16,570,28,1795,47,1044,11
2514,16,570,28,1795,47,1068,11
2514,16,570,28,1795,47,1153,11
2514,16,570,28,1795,47,1186,11
2514,16,570,28,1795,47,1194,11
2514,16,570,28,1795,47,1259,11
2514,16,570,28,1795,47,1260,11
2514,16,570,28,1795,47,1312,11
2514,16,570,28,1795,47,1388,11
2514,16,570,28,1795,47,1391,11
2514,16,570,28,1795,47,1422,11
2514,16,570,28,1795,47,1556,11
2514,16,570,28,1795,47,1568,11
2514,16,570,28,1795,47,1599,11
2514,16,570,28,1795,47,1747,11
2514,16,570,28,1795,47,1773,11
2514,16,570,28,1795,47,1799,11
2514,16,570,28,1795,47,1818,11
2514,16,570,28,1795,47,1873,11
2514,16,570,28,1795,47,1940,11
2514,16,570,28,1795,47,1956,11
2514,16,570,28,1795,47,1997,11
2514,16,570,28,1795,47,2068,11
2514,16,570,28,1795,47,2079,11
2514,16,570,28,1795,47,2123,11
2514,16,570,28,1795,47,2196,11
2514,16,570,28,1795,47,2206,11
2514,16,570,28,1795,47,2216,11
2514,16,570,28,1795,47,2244,11
2514,16,570,28,1795,47,2259,11
2514,16,570,28,1795,47,2261,11
2514,16,570,28,1795,47,2289,11
2514,16,570,28,1795,47,2359,11
2514,16,570,28,1795,47,2370,11
2514,16,570,28,1795,47,2405,11
2514,16,570,28,1809,9,45,11
2514,16,570,28,1809,9,159,11
2514,16,570,28,1809,9,272,11
2514,16,570,28,1809,9,338,11
2514,16,570,28,1809,9,390,11
2514,16,570,28,1809,9,457,11
2514,16,570,28,1809,9,463,11
2514,16,570,28,1809,9,620,11
2514,16,570,28,1809,9,700,11
2514,16,570,28,1809,9,742,11
2514,16,570,28,1809,9,758,11
2514,16,570,28,1809,9,879,11
2514,16,570,28,1809,9,927,11
2514,16,570,28,1809,9,979,11
2514,16,570,28,1809,9,1003,11
2514,16,570,28,1809,9,1044,11
2514,16,570,28,1809,9,1068,11
2514,16,570,28,1809,9,1153,11
2514,16,570,28,1809,9,1186,11
2514,16,570,28,1809,9,1194,11
2514,16,570,28,1809,9,1259,11
2514,16,570,28,1809,9,1260,11
2514,16,570,28,1809,9,1312,11
2514,16,570,28,1809,9,1388,11
2514,16,570,28,1809,9,1391,11
2514,16,570,28,1809,9,1422,11
2514,16,570,28,1809,9,1556,11
2514,16,570,28,1809,9,1568,11
2514,16,570,28,1809,9,1599,11
2514,16,570,28,1809,9,1747,11
2514,16,570,28,1809,9,1773,11
2514,16,570,28,1809,9,1799,11
2514,16,570,28,1809,9,1818,11
2514,16,570,28,1809,9,1873,11
2514,16,570,28,1809,9,1940,11
2514,16,570,28,1809,9,1956,11
2514,16,570,28,1809,9,1997,11
2514,16,570,28,1809,9,2068,11
2514,16,570,28,1809,9,2079,11
2514,16,570,28,1809,9,2123,11
2514,16,570,28,1809,9,2196,11
2514,16,570,28,1809,9,2206,11
2514,16,570,28,1809,9,2216,11
2514,16,570,28,1809,9,2244,11
2514,16,570,28,1809,9,2259,11
2514,16,570,28,1809,9,2261,11
2514,16,570,28,1809,9,2289,11
2514,16,570,28,1809,9,2359,11
2514,16,570,28,1809,9,2370,11
2514,16,570,28,1809,9,2405,11
2514,16,570,28,1873,34,45,11
2514,16,570,28,1873,34,390,11
2514,16,570,28,1873,34,620,11
2514,16,570,28,1873,34,979,11
2514,16,570,28,1873,34,1799,11
2514,16,570,28,1873,34,1956,11
2514,16,570,28,1873,34,2206,11
2514,16,570,28,1873,34,2244,11
2514,16,570,28,1873,34,2261,11
2514,16,570,28,1873,34,2359,11
