2514,16,1529,29,83,10,159,11
2514,16,1529,29,83,10,272,11
2514,16,1529,29,83,10,457,11
2514,16,1529,29,83,10,463,11
2514,16,1529,29,83,10,700,11
2514,16,1529,29,83,10,879,11
2514,16,1529,29,83,10,927,11
2514,16,1529,29,83,10,1003,11
2514,16,1529,29,83,10,1068,11
2514,16,1529,29,83,10,1153,11
2514,16,1529,29,83,10,1194,11
2514,16,1529,29,83,10,1260,11
2514,16,1529,29,83,10,1388,11
2514,16,1529,29,83,10,1391,11
2514,16,1529,29,83,10,1422,11
2514,16,1529,29,83,10,1556,11
2514,16,1529,29,83,10,1568,11
2514,16,1529,29,83,10,1599,11
2514,16,1529,29,83,10,1747,11
2514,16,1529,29,83,10,1818,11
2514,16,1529,29,83,10,1873,11
2514,16,1529,29,83,10,1940,11
2514,16,1529,29,83,10,2068,11
2514,16,1529,29,83,10,2079,11
2514,16,1529,29,83,10,2123,11
2514,16,1529,29,83,10,2196,11
2514,16,1529,29,83,10,2216,11
2514,16,1529,29,83,10,2259,11
2514,16,1529,29,83,10,2370,11
2514,16,1529,29,83,10,2405,11
2514,16,1529,29,153,17,45,11
2514,16,1529,29,153,17,159,11
2514,16,1529,29,153,17,272,11
2514,16,1529,29,153,17,338,11
2514,16,1529,29,153,17,390,11
2514,16,1529,29,153,17,457,11
2514,16,1529,29,153,17,463,11
2514,16,1529,29,153,17,620,11
2514,16,1529,29,153,17,700,11
2514,16,1529,29,153,17,742,11
2514,16,1529,29,153,17,758,11
2514,16,1529,29,153,17,879,11
2514,16,1529,29,153,17,927,11
2514,16,1529,29,153,17,979,11
2514,16,1529,29,153,17,1003,11
2514,16,1529,29,153,17,1044,11
2514,16,1529,29,153,17,1068,11
2514,16,1529,29,153,17,1153,11
2514,16,1529,29,153,17,1186,11
2514,16,1529,29,153,17,1194,11
2514,16,1529,29,153,17,1259,11
2514,16,1529,29,153,17,1260,11
2514,16,1529,29,153,17,1312,11
2514,16,1529,29,153,17,1388,11
2514,16,1529,29,153,17,1391,11
2514,16,1529,29,153,17,1422,11
2514,16,1529,29,153,17,1556,11
2514,16,1529,29,153,17,1568,11
2514,16,1529,29,153,17,1599,11
2514,16,1529,29,153,17,1747,11
2514,16,1529,29,153,17,1773,11
2514,16,1529,29,153,17,1799,11
2514,16,1529,29,153,17,1818,11
2514,16,1529,29,153,17,1873,11
2514,16,1529,29,153,17,1940,11
2514,16,1529,29,153,17,1956,11
2514,16,1529,29,153,17,1997,11
2514,16,1529,29,153,17,2068,11
2514,16,1529,29,153,17,2079,11
2514,16,1529,29,153,17,2123,11
2514,16,1529,29,153,17,2196,11
2514,16,1529,29,153,17,2206,11
2514,16,1529,29,153,17,2216,11
2514,16,1529,29,153,17,2244,11
2514,16,1529,29,153,17,2259,11
2514,16,1529,29,153,17,2261,11
2514,16,1529,29,153,17,2289,11
2514,16,1529,29,153,17,2359,11
2514,16,1529,29,153,17,2370,11
2514,16,1529,29,153,17,2405,11
2514,16,1529,29,200,28,45,11
2514,16,1529,29,200,28,159,11
2514,16,1529,29,200,28,272,11
2514,16,1529,29,200,28,338,11
2514,16,1529,29,200,28,390,11
2514,16,1529,29,200,28,457,11
2514,16,1529,29,200,28,463,11
2514,16,1529,29,200,28,620,11
2514,16,1529,29,200,28,700,11
2514,16,1529,29,200,28,742,11
2514,16,1529,29,200,28,758,11
2514,16,1529,29,200,28,879,11
2514,16,1529,29,200,28,927,11
2514,16,1529,29,200,28,979,11
2514,16,1529,29,200,28,1003,11
2514,16,1529,29,200,28,1044,11
2514,16,1529,29,200,28,1068,11
2514,16,1529,29,200,28,1153,11
2514,16,1529,29,200,28,1186,11
2514,16,1529,29,200,28,1194,11
2514,16,1529,29,200,28,1259,11
2514,16,1529,29,200,28,1260,11
2514,16,1529,29,200,28,1312,11
2514,16,1529,29,200,28,1388,11
2514,16,1529,29,200,28,1391,11
2514,16,1529,29,200,28,1422,11
2514,16,1529,29,200,28,1556,11
2514,16,1529,29,200,28,1568,11
2514,16,1529,29,200,28,1599,11
2514,16,1529,29,200,28,1747,11
2514,16,1529,29,200,28,1773,11
2514,16,1529,29,200,28,1799,11
2514,16,1529,29,200,28,1818,11
2514,16,1529,29,200,28,1873,11
2514,16,1529,29,200,28,1940,11
2514,16,1529,29,200,28,1956,11
2514,16,1529,29,200,28,1997,11
2514,16,1529,29,200,28,2068,11
2514,16,1529,29,200,28,2079,11
2514,16,1529,29,200,28,2123,11
2514,16,1529,29,200,28,2196,11
2514,16,1529,29,200,28,2206,11
2514,16,1529,29,200,28,2216,11
2514,16,1529,29,200,28,2244,11
2514,16,1529,29,200,28,2259,11
2514,16,1529,29,200,28,2261,11
2514,16,1529,29,200,28,2289,11
2514,16,1529,29,200,28,2359,11
2514,16,1529,29,200,28,2370,11
2514,16,1529,29,200,28,2405,11
2514,16,1529,29,236,20,45,11
2514,16,1529,29,236,20,159,11
2514,16,1529,29,236,20,272,11
2514,16,1529,29,236,20,338,11
2514,16,1529,29,236,20,390,11
2514,16,1529,29,236,20,457,11
2514,16,1529,29,236,20,463,11
2514,16,1529,29,236,20,620,11
2514,16,1529,29,236,20,700,11
2514,16,1529,29,236,20,742,11
2514,16,1529,29,236,20,758,11
2514,16,1529,29,236,20,879,11
2514,16,1529,29,236,20,927,11
2514,16,1529,29,236,20,979,11
2514,16,1529,29,236,20,1003,11
2514,16,1529,29,236,20,1044,11
2514,16,1529,29,236,20,1068,11
2514,16,1529,29,236,20,1153,11
2514,16,1529,29,236,20,1186,11
2514,16,1529,29,236,20,1194,11
2514,16,1529,29,236,20,1259,11
2514,16,1529,29,236,20,1260,11
2514,16,1529,29,236,20,1312,11
2514,16,1529,29,236,20,1388,11
2514,16,1529,29,236,20,1391,11
2514,16,1529,29,236,20,1422,11
2514,16,1529,29,236,20,1556,11
2514,16,1529,29,236,20,1568,11
2514,16,1529,29,236,20,1599,11
2514,16,1529,29,236,20,1747,11
2514,16,1529,29,236,20,1773,11
2514,16,1529,29,236,20,1799,11
2514,16,1529,29,236,20,1818,11
2514,16,1529,29,236,20,1873,11
2514,16,1529,29,236,20,1940,11
2514,16,1529,29,236,20,1956,11
2514,16,1529,29,236,20,1997,11
2514,16,1529,29,236,20,2068,11
2514,16,1529,29,236,20,2079,11
2514,16,1529,29,236,20,2123,11
2514,16,1529,29,236,20,2196,11
2514,16,1529,29,236,20,2206,11
2514,16,1529,29,236,20,2216,11
2514,16,1529,29,236,20,2244,11
2514,16,1529,29,236,20,2259,11
2514,16,1529,29,236,20,2261,11
2514,16,1529,29,236,20,2289,11
2514,16,1529,29,236,20,2359,11
2514,16,1529,29,236,20,2370,11
2514,16,1529,29,236,20,2405,11
2514,16,1529,29,336,39,45,11
2514,16,1529,29,336,39,159,11
2514,16,1529,29,336,39,272,11
2514,16,1529,29,336,39,338,11
2514,16,1529,29,336,39,390,11
2514,16,1529,29,336,39,457,11
2514,16,1529,29,336,39,463,11
2514,16,1529,29,336,39,620,11
2514,16,1529,29,336,39,700,11
2514,16,1529,29,336,39,742,11
2514,16,1529,29,336,39,758,11
2514,16,1529,29,336,39,879,11
2514,16,1529,29,336,39,927,11
2514,16,1529,29,336,39,979,11
2514,16,1529,29,336,39,1003,11
2514,16,1529,29,336,39,1044,11
2514,16,1529,29,336,39,1068,11
2514,16,1529,29,336,39,1153,11
2514,16,1529,29,336,39,1186,11
2514,16,1529,29,336,39,1194,11
2514,16,1529,29,336,39,1259,11
2514,16,1529,29,336,39,1260,11
2514,16,1529,29,336,39,1312,11
2514,16,1529,29,336,39,1388,11
2514,16,1529,29,336,39,1391,11
2514,16,1529,29,336,39,1422,11
2514,16,1529,29,336,39,1556,11
2514,16,1529,29,336,39,1568,11
2514,16,1529,29,336,39,1599,11
2514,16,1529,29,336,39,1747,11
2514,16,1529,29,336,39,1773,11
2514,16,1529,29,336,39,1799,11
2514,16,1529,29,336,39,1818,11
2514,16,1529,29,336,39,1873,11
2514,16,1529,29,336,39,1940,11
2514,16,1529,29,336,39,1956,11
2514,16,1529,29,336,39,1997,11
2514,16,1529,29,336,39,2068,11
2514,16,1529,29,336,39,2079,11
2514,16,1529,29,336,39,2123,11
2514,16,1529,29,336,39,2196,11
2514,16,1529,29,336,39,2206,11
2514,16,1529,29,336,39,2216,11
2514,16,1529,29,336,39,2244,11
2514,16,1529,29,336,39,2259,11
2514,16,1529,29,336,39,2261,11
2514,16,1529,29,336,39,2289,11
2514,16,1529,29,336,39,2359,11
2514,16,1529,29,336,39,2370,11
2514,16,1529,29,336,39,2405,11
2514,16,1529,29,398,15,45,11
2514,16,1529,29,398,15,390,11
2514,16,1529,29,398,15,620,11
2514,16,1529,29,398,15,979,11
2514,16,1529,29,398,15,1799,11
2514,16,1529,29,398,15,1956,11
2514,16,1529,29,398,15,2206,11
2514,16,1529,29,398,15,2244,11
2514,16,1529,29,398,15,2261,11
2514,16,1529,29,398,15,2359,11
2514,16,1529,29,539,50,45,11
2514,16,1529,29,539,50,159,11
2514,16,1529,29,539,50,272,11
2514,16,1529,29,539,50,338,11
2514,16,1529,29,539,50,390,11
2514,16,1529,29,539,50,457,11
2514,16,1529,29,539,50,463,11
2514,16,1529,29,539,50,620,11
2514,16,1529,29,539,50,700,11
2514,16,1529,29,539,50,742,11
2514,16,1529,29,539,50,758,11
2514,16,1529,29,539,50,879,11
2514,16,1529,29,539,50,927,11
2514,16,1529,29,539,50,979,11
2514,16,1529,29,539,50,1003,11
2514,16,1529,29,539,50,1044,11
2514,16,1529,29,539,50,1068,11
2514,16,1529,29,539,50,1153,11
2514,16,1529,29,539,50,1186,11
2514,16,1529,29,539,50,1194,11
2514,16,1529,29,539,50,1259,11
2514,16,1529,29,539,50,1260,11
2514,16,1529,29,539,50,1312,11
2514,16,1529,29,539,50,1388,11
2514,16,1529,29,539,50,1391,11
2514,16,1529,29,539,50,1422,11
2514,16,1529,29,539,50,1556,11
2514,16,1529,29,539,50,1568,11
2514,16,1529,29,539,50,1599,11
2514,16,1529,29,539,50,1747,11
2514,16,1529,29,539,50,1773,11
2514,16,1529,29,539,50,1799,11
2514,16,1529,29,539,50,1818,11
2514,16,1529,29,539,50,1873,11
2514,16,1529,29,539,50,1940,11
2514,16,1529,29,539,50,1956,11
2514,16,1529,29,539,50,1997,11
2514,16,1529,29,539,50,2068,11
2514,16,1529,29,539,50,2079,11
2514,16,1529,29,539,50,2123,11
2514,16,1529,29,539,50,2196,11
2514,16,1529,29,539,50,2206,11
2514,16,1529,29,539,50,2216,11
2514,16,1529,29,539,50,2244,11
2514,16,1529,29,539,50,2259,11
2514,16,1529,29,539,50,2261,11
2514,16,1529,29,539,50,2289,11
2514,16,1529,29,539,50,2359,11
2514,16,1529,29,539,50,2370,11
2514,16,1529,29,539,50,2405,11
2514,16,1529,29,590,19,45,11
2514,16,1529,29,590,19,159,11
2514,16,1529,29,590,19,272,11
2514,16,1529,29,590,19,338,11
2514,16,1529,29,590,19,390,11
2514,16,1529,29,590,19,457,11
2514,16,1529,29,590,19,463,11
2514,16,1529,29,590,19,620,11
2514,16,1529,29,590,19,700,11
2514,16,1529,29,590,19,742,11
2514,16,1529,29,590,19,758,11
2514,16,1529,29,590,19,879,11
2514,16,1529,29,590,19,927,11
2514,16,1529,29,590,19,979,11
2514,16,1529,29,590,19,1003,11
2514,16,1529,29,590,19,1044,11
2514,16,1529,29,590,19,1068,11
2514,16,1529,29,590,19,1153,11
2514,16,1529,29,590,19,1186,11
2514,16,1529,29,590,19,1194,11
2514,16,1529,29,590,19,1259,11
2514,16,1529,29,590,19,1260,11
2514,16,1529,29,590,19,1312,11
2514,16,1529,29,590,19,1388,11
2514,16,1529,29,590,19,1391,11
2514,16,1529,29,590,19,1422,11
2514,16,1529,29,590,19,1556,11
2514,16,1529,29,590,19,1568,11
2514,16,1529,29,590,19,1599,11
2514,16,1529,29,590,19,1747,11
2514,16,1529,29,590,19,1773,11
2514,16,1529,29,590,19,1799,11
2514,16,1529,29,590,19,1818,11
2514,16,1529,29,590,19,1873,11
2514,16,1529,29,590,19,1940,11
2514,16,1529,29,590,19,1956,11
2514,16,1529,29,590,19,1997,11
2514,16,1529,29,590,19,2068,11
2514,16,1529,29,590,19,2079,11
2514,16,1529,29,590,19,2123,11
2514,16,1529,29,590,19,2196,11
2514,16,1529,29,590,19,2206,11
2514,16,1529,29,590,19,2216,11
2514,16,1529,29,590,19,2244,11
2514,16,1529,29,590,19,2259,11
2514,16,1529,29,590,19,2261,11
2514,16,1529,29,590,19,2289,11
2514,16,1529,29,590,19,2359,11
2514,16,1529,29,590,19,2370,11
2514,16,1529,29,590,19,2405,11
2514,16,1529,29,767,42,45,11
2514,16,1529,29,767,42,159,11
2514,16,1529,29,767,42,272,11
2514,16,1529,29,767,42,338,11
2514,16,1529,29,767,42,390,11
2514,16,1529,29,767,42,457,11
2514,16,1529,29,767,42,463,11
2514,16,1529,29,767,42,620,11
2514,16,1529,29,767,42,700,11
2514,16,1529,29,767,42,742,11
2514,16,1529,29,767,42,758,11
2514,16,1529,29,767,42,879,11
2514,16,1529,29,767,42,927,11
2514,16,1529,29,767,42,979,11
2514,16,1529,29,767,42,1003,11
2514,16,1529,29,767,42,1044,11
2514,16,1529,29,767,42,1068,11
2514,16,1529,29,767,42,1153,11
2514,16,1529,29,767,42,1186,11
2514,16,1529,29,767,42,1194,11
2514,16,1529,29,767,42,1259,11
2514,16,1529,29,767,42,1260,11
2514,16,1529,29,767,42,1312,11
2514,16,1529,29,767,42,1388,11
2514,16,1529,29,767,42,1391,11
2514,16,1529,29,767,42,1422,11
2514,16,1529,29,767,42,1556,11
2514,16,1529,29,767,42,1568,11
2514,16,1529,29,767,42,1599,11
2514,16,1529,29,767,42,1747,11
2514,16,1529,29,767,42,1773,11
2514,16,1529,29,767,42,1799,11
2514,16,1529,29,767,42,1818,11
2514,16,1529,29,767,42,1873,11
2514,16,1529,29,767,42,1940,11
2514,16,1529,29,767,42,1956,11
2514,16,1529,29,767,42,1997,11
2514,16,1529,29,767,42,2068,11
2514,16,1529,29,767,42,2079,11
2514,16,1529,29,767,42,2123,11
2514,16,1529,29,767,42,2196,11
2514,16,1529,29,767,42,2206,11
2514,16,1529,29,767,42,2216,11
2514,16,1529,29,767,42,2244,11
2514,16,1529,29,767,42,2259,11
2514,16,1529,29,767,42,2261,11
2514,16,1529,29,767,42,2289,11
2514,16,1529,29,767,42,2359,11
2514,16,1529,29,767,42,2370,11
2514,16,1529,29,767,42,2405,11
2514,16,1529,29,1333,12,45,11
2514,16,1529,29,1333,12,159,11
2514,16,1529,29,1333,12,272,11
2514,16,1529,29,1333,12,338,11
2514,16,1529,29,1333,12,390,11
2514,16,1529,29,1333,12,457,11
2514,16,1529,29,1333,12,463,11
2514,16,1529,29,1333,12,620,11
2514,16,1529,29,1333,12,700,11
2514,16,1529,29,1333,12,742,11
2514,16,1529,29,1333,12,758,11
2514,16,1529,29,1333,12,879,11
2514,16,1529,29,1333,12,927,11
2514,16,1529,29,1333,12,979,11
2514,16,1529,29,1333,12,1003,11
2514,16,1529,29,1333,12,1044,11
2514,16,1529,29,1333,12,1068,11
2514,16,1529,29,1333,12,1153,11
2514,16,1529,29,1333,12,1186,11
2514,16,1529,29,1333,12,1194,11
2514,16,1529,29,1333,12,1259,11
2514,16,1529,29,1333,12,1260,11
2514,16,1529,29,1333,12,1312,11
2514,16,1529,29,1333,12,1388,11
2514,16,1529,29,1333,12,1391,11
2514,16,1529,29,1333,12,1422,11
2514,16,1529,29,1333,12,1556,11
2514,16,1529,29,1333,12,1568,11
2514,16,1529,29,1333,12,1599,11
2514,16,1529,29,1333,12,1747,11
2514,16,1529,29,1333,12,1773,11
2514,16,1529,29,1333,12,1799,11
2514,16,1529,29,1333,12,1818,11
2514,16,1529,29,1333,12,1873,11
2514,16,1529,29,1333,12,1940,11
2514,16,1529,29,1333,12,1956,11
2514,16,1529,29,1333,12,1997,11
2514,16,1529,29,1333,12,2068,11
2514,16,1529,29,1333,12,2079,11
2514,16,1529,29,1333,12,2123,11
2514,16,1529,29,1333,12,2196,11
2514,16,1529,29,1333,12,2206,11
2514,16,1529,29,1333,12,2216,11
2514,16,1529,29,1333,12,2244,11
2514,16,1529,29,1333,12,2259,11
2514,16,1529,29,1333,12,2261,11
2514,16,1529,29,1333,12,2289,11
2514,16,1529,29,1333,12,2359,11
2514,16,1529,29,1333,12,2370,11
2514,16,1529,29,1333,12,2405,11
2514,16,1529,29,1435,35,45,11
2514,16,1529,29,1435,35,159,11
2514,16,1529,29,1435,35,272,11
2514,16,1529,29,1435,35,338,11
2514,16,1529,29,1435,35,390,11
2514,16,1529,29,1435,35,457,11
2514,16,1529,29,1435,35,463,11
2514,16,1529,29,1435,35,620,11
2514,16,1529,29,1435,35,700,11
2514,16,1529,29,1435,35,742,11
2514,16,1529,29,1435,35,758,11
2514,16,1529,29,1435,35,879,11
2514,16,1529,29,1435,35,927,11
2514,16,1529,29,1435,35,979,11
2514,16,1529,29,1435,35,1003,11
2514,16,1529,29,1435,35,1044,11
2514,16,1529,29,1435,35,1068,11
2514,16,1529,29,1435,35,1153,11
2514,16,1529,29,1435,35,1186,11
2514,16,1529,29,1435,35,1194,11
2514,16,1529,29,1435,35,1259,11
2514,16,1529,29,1435,35,1260,11
2514,16,1529,29,1435,35,1312,11
2514,16,1529,29,1435,35,1388,11
2514,16,1529,29,1435,35,1391,11
2514,16,1529,29,1435,35,1422,11
2514,16,1529,29,1435,35,1556,11
2514,16,1529,29,1435,35,1568,11
2514,16,1529,29,1435,35,1599,11
2514,16,1529,29,1435,35,1747,11
2514,16,1529,29,1435,35,1773,11
2514,16,1529,29,1435,35,1799,11
2514,16,1529,29,1435,35,1818,11
2514,16,1529,29,1435,35,1873,11
2514,16,1529,29,1435,35,1940,11
2514,16,1529,29,1435,35,1956,11
2514,16,1529,29,1435,35,1997,11
2514,16,1529,29,1435,35,2068,11
2514,16,1529,29,1435,35,2079,11
2514,16,1529,29,1435,35,2123,11
2514,16,1529,29,1435,35,2196,11
2514,16,1529,29,1435,35,2206,11
2514,16,1529,29,1435,35,2216,11
2514,16,1529,29,1435,35,2244,11
2514,16,1529,29,1435,35,2259,11
2514,16,1529,29,1435,35,2261,11
2514,16,1529,29,1435,35,2289,11
2514,16,1529,29,1435,35,2359,11
2514,16,1529,29,1435,35,2370,11
2514,16,1529,29,1435,35,2405,11
2514,16,1529,29,1493,14,45,11
2514,16,1529,29,1493,14,159,11
2514,16,1529,29,1493,14,272,11
2514,16,1529,29,1493,14,338,11
2514,16,1529,29,1493,14,390,11
2514,16,1529,29,1493,14,457,11
2514,16,1529,29,1493,14,463,11
2514,16,1529,29,1493,14,620,11
2514,16,1529,29,1493,14,700,11
2514,16,1529,29,1493,14,742,11
2514,16,1529,29,1493,14,758,11
2514,16,1529,29,1493,14,879,11
2514,16,1529,29,1493,14,927,11
2514,16,1529,29,1493,14,979,11
2514,16,1529,29,1493,14,1003,11
2514,16,1529,29,1493,14,1044,11
2514,16,1529,29,1493,14,1068,11
2514,16,1529,29,1493,14,1153,11
2514,16,1529,29,1493,14,1186,11
2514,16,1529,29,1493,14,1194,11
2514,16,1529,29,1493,14,1259,11
2514,16,1529,29,1493,14,1260,11
2514,16,1529,29,1493,14,1312,11
2514,16,1529,29,1493,14,1388,11
2514,16,1529,29,1493,14,1391,11
2514,16,1529,29,1493,14,1422,11
2514,16,1529,29,1493,14,1556,11
2514,16,1529,29,1493,14,1568,11
2514,16,1529,29,1493,14,1599,11
2514,16,1529,29,1493,14,1747,11
2514,16,1529,29,1493,14,1773,11
2514,16,1529,29,1493,14,1799,11
2514,16,1529,29,1493,14,1818,11
2514,16,1529,29,1493,14,1873,11
2514,16,1529,29,1493,14,1940,11
2514,16,1529,29,1493,14,1956,11
2514,16,1529,29,1493,14,1997,11
2514,16,1529,29,1493,14,2068,11
2514,16,1529,29,1493,14,2079,11
2514,16,1529,29,1493,14,2123,11
2514,16,1529,29,1493,14,2196,11
2514,16,1529,29,1493,14,2206,11
2514,16,1529,29,1493,14,2216,11
2514,16,1529,29,1493,14,2244,11
2514,16,1529,29,1493,14,2259,11
2514,16,1529,29,1493,14,2261,11
2514,16,1529,29,1493,14,2289,11
2514,16,1529,29,1493,14,2359,11
2514,16,1529,29,1493,14,2370,11
2514,16,1529,29,1493,14,2405,11
2514,16,1529,29,1527,14,45,11
2514,16,1529,29,1527,14,159,11
2514,16,1529,29,1527,14,272,11
2514,16,1529,29,1527,14,338,11
2514,16,1529,29,1527,14,390,11
2514,16,1529,29,1527,14,457,11
2514,16,1529,29,1527,14,463,11
2514,16,1529,29,1527,14,620,11
2514,16,1529,29,1527,14,700,11
2514,16,1529,29,1527,14,742,11
2514,16,1529,29,1527,14,758,11
2514,16,1529,29,1527,14,879,11
2514,16,1529,29,1527,14,927,11
2514,16,1529,29,1527,14,979,11
2514,16,1529,29,1527,14,1003,11
2514,16,1529,29,1527,14,1044,11
2514,16,1529,29,1527,14,1068,11
2514,16,1529,29,1527,14,1153,11
2514,16,1529,29,1527,14,1186,11
2514,16,1529,29,1527,14,1194,11
2514,16,1529,29,1527,14,1259,11
2514,16,1529,29,1527,14,1260,11
2514,16,1529,29,1527,14,1312,11
2514,16,1529,29,1527,14,1388,11
2514,16,1529,29,1527,14,1391,11
2514,16,1529,29,1527,14,1422,11
2514,16,1529,29,1527,14,1556,11
2514,16,1529,29,1527,14,1568,11
2514,16,1529,29,1527,14,1599,11
2514,16,1529,29,1527,14,1747,11
2514,16,1529,29,1527,14,1773,11
2514,16,1529,29,1527,14,1799,11
2514,16,1529,29,1527,14,1818,11
2514,16,1529,29,1527,14,1873,11
2514,16,1529,29,1527,14,1940,11
2514,16,1529,29,1527,14,1956,11
2514,16,1529,29,1527,14,1997,11
2514,16,1529,29,1527,14,2068,11
2514,16,1529,29,1527,14,2079,11
2514,16,1529,29,1527,14,2123,11
2514,16,1529,29,1527,14,2196,11
2514,16,1529,29,1527,14,2206,11
2514,16,1529,29,1527,14,2216,11
2514,16,1529,29,1527,14,2244,11
2514,16,1529,29,1527,14,2259,11
2514,16,1529,29,1527,14,2261,11
2514,16,1529,29,1527,14,2289,11
2514,16,1529,29,1527,14,2359,11
2514,16,1529,29,1527,14,2370,11
2514,16,1529,29,1527,14,2405,11
2514,16,1529,29,1590,15,45,11
2514,16,1529,29,1590,15,159,11
2514,16,1529,29,1590,15,272,11
2514,16,1529,29,1590,15,338,11
2514,16,1529,29,1590,15,390,11
2514,16,1529,29,1590,15,457,11
2514,16,1529,29,1590,15,463,11
2514,16,1529,29,1590,15,620,11
2514,16,1529,29,1590,15,700,11
2514,16,1529,29,1590,15,742,11
2514,16,1529,29,1590,15,758,11
2514,16,1529,29,1590,15,879,11
2514,16,1529,29,1590,15,927,11
2514,16,1529,29,1590,15,979,11
2514,16,1529,29,1590,15,1003,11
2514,16,1529,29,1590,15,1044,11
2514,16,1529,29,1590,15,1068,11
2514,16,1529,29,1590,15,1153,11
2514,16,1529,29,1590,15,1186,11
2514,16,1529,29,1590,15,1194,11
2514,16,1529,29,1590,15,1259,11
2514,16,1529,29,1590,15,1260,11
2514,16,1529,29,1590,15,1312,11
2514,16,1529,29,1590,15,1388,11
2514,16,1529,29,1590,15,1391,11
2514,16,1529,29,1590,15,1422,11
2514,16,1529,29,1590,15,1556,11
2514,16,1529,29,1590,15,1568,11
2514,16,1529,29,1590,15,1599,11
2514,16,1529,29,1590,15,1747,11
2514,16,1529,29,1590,15,1773,11
2514,16,1529,29,1590,15,1799,11
2514,16,1529,29,1590,15,1818,11
2514,16,1529,29,1590,15,1873,11
2514,16,1529,29,1590,15,1940,11
2514,16,1529,29,1590,15,1956,11
2514,16,1529,29,1590,15,1997,11
2514,16,1529,29,1590,15,2068,11
2514,16,1529,29,1590,15,2079,11
2514,16,1529,29,1590,15,2123,11
2514,16,1529,29,1590,15,2196,11
2514,16,1529,29,1590,15,2206,11
2514,16,1529,29,1590,15,2216,11
2514,16,1529,29,1590,15,2244,11
2514,16,1529,29,1590,15,2259,11
2514,16,1529,29,1590,15,2261,11
2514,16,1529,29,1590,15,2289,11
2514,16,1529,29,1590,15,2359,11
2514,16,1529,29,1590,15,2370,11
2514,16,1529,29,1590,15,2405,11
