2514,16,1732,1,181,23,45,11
2514,16,1732,1,181,23,159,11
2514,16,1732,1,181,23,272,11
2514,16,1732,1,181,23,338,11
2514,16,1732,1,181,23,390,11
2514,16,1732,1,181,23,457,11
2514,16,1732,1,181,23,463,11
2514,16,1732,1,181,23,620,11
2514,16,1732,1,181,23,700,11
2514,16,1732,1,181,23,742,11
2514,16,1732,1,181,23,758,11
2514,16,1732,1,181,23,879,11
2514,16,1732,1,181,23,927,11
2514,16,1732,1,181,23,979,11
2514,16,1732,1,181,23,1003,11
2514,16,1732,1,181,23,1044,11
2514,16,1732,1,181,23,1068,11
2514,16,1732,1,181,23,1153,11
2514,16,1732,1,181,23,1186,11
2514,16,1732,1,181,23,1194,11
2514,16,1732,1,181,23,1259,11
2514,16,1732,1,181,23,1260,11
2514,16,1732,1,181,23,1312,11
2514,16,1732,1,181,23,1388,11
2514,16,1732,1,181,23,1391,11
2514,16,1732,1,181,23,1422,11
2514,16,1732,1,181,23,1556,11
2514,16,1732,1,181,23,1568,11
2514,16,1732,1,181,23,1599,11
2514,16,1732,1,181,23,1747,11
2514,16,1732,1,181,23,1773,11
2514,16,1732,1,181,23,1799,11
2514,16,1732,1,181,23,1818,11
2514,16,1732,1,181,23,1873,11
2514,16,1732,1,181,23,1940,11
2514,16,1732,1,181,23,1956,11
2514,16,1732,1,181,23,1997,11
2514,16,1732,1,181,23,2068,11
2514,16,1732,1,181,23,2079,11
2514,16,1732,1,181,23,2123,11
2514,16,1732,1,181,23,2196,11
2514,16,1732,1,181,23,2206,11
2514,16,1732,1,181,23,2216,11
2514,16,1732,1,181,23,2244,11
2514,16,1732,1,181,23,2259,11
2514,16,1732,1,181,23,2261,11
2514,16,1732,1,181,23,2289,11
2514,16,1732,1,181,23,2359,11
2514,16,1732,1,181,23,2370,11
2514,16,1732,1,181,23,2405,11
2514,16,1732,1,201,43,45,11
2514,16,1732,1,201,43,159,11
2514,16,1732,1,201,43,272,11
2514,16,1732,1,201,43,338,11
2514,16,1732,1,201,43,390,11
2514,16,1732,1,201,43,457,11
2514,16,1732,1,201,43,463,11
2514,16,1732,1,201,43,620,11
2514,16,1732,1,201,43,700,11
2514,16,1732,1,201,43,742,11
2514,16,1732,1,201,43,758,11
2514,16,1732,1,201,43,879,11
2514,16,1732,1,201,43,927,11
2514,16,1732,1,201,43,979,11
2514,16,1732,1,201,43,1003,11
2514,16,1732,1,201,43,1044,11
2514,16,1732,1,201,43,1068,11
2514,16,1732,1,201,43,1153,11
2514,16,1732,1,201,43,1186,11
2514,16,1732,1,201,43,1194,11
2514,16,1732,1,201,43,1259,11
2514,16,1732,1,201,43,1260,11
2514,16,1732,1,201,43,1312,11
2514,16,1732,1,201,43,1388,11
2514,16,1732,1,201,43,1391,11
2514,16,1732,1,201,43,1422,11
2514,16,1732,1,201,43,1556,11
2514,16,1732,1,201,43,1568,11
2514,16,1732,1,201,43,1599,11
2514,16,1732,1,201,43,1747,11
2514,16,1732,1,201,43,1773,11
2514,16,1732,1,201,43,1799,11
2514,16,1732,1,201,43,1818,11
2514,16,1732,1,201,43,1873,11
2514,16,1732,1,201,43,1940,11
2514,16,1732,1,201,43,1956,11
2514,16,1732,1,201,43,1997,11
2514,16,1732,1,201,43,2068,11
2514,16,1732,1,201,43,2079,11
2514,16,1732,1,201,43,2123,11
2514,16,1732,1,201,43,2196,11
2514,16,1732,1,201,43,2206,11
2514,16,1732,1,201,43,2216,11
2514,16,1732,1,201,43,2244,11
2514,16,1732,1,201,43,2259,11
2514,16,1732,1,201,43,2261,11
2514,16,1732,1,201,43,2289,11
2514,16,1732,1,201,43,2359,11
2514,16,1732,1,201,43,2370,11
2514,16,1732,1,201,43,2405,11
2514,16,1732,1,315,40,45,11
2514,16,1732,1,315,40,159,11
2514,16,1732,1,315,40,272,11
2514,16,1732,1,315,40,338,11
2514,16,1732,1,315,40,390,11
2514,16,1732,1,315,40,457,11
2514,16,1732,1,315,40,463,11
2514,16,1732,1,315,40,620,11
2514,16,1732,1,315,40,700,11
2514,16,1732,1,315,40,742,11
2514,16,1732,1,315,40,758,11
2514,16,1732,1,315,40,879,11
2514,16,1732,1,315,40,927,11
2514,16,1732,1,315,40,979,11
2514,16,1732,1,315,40,1003,11
2514,16,1732,1,315,40,1044,11
2514,16,1732,1,315,40,1068,11
2514,16,1732,1,315,40,1153,11
2514,16,1732,1,315,40,1186,11
2514,16,1732,1,315,40,1194,11
2514,16,1732,1,315,40,1259,11
2514,16,1732,1,315,40,1260,11
2514,16,1732,1,315,40,1312,11
2514,16,1732,1,315,40,1388,11
2514,16,1732,1,315,40,1391,11
2514,16,1732,1,315,40,1422,11
2514,16,1732,1,315,40,1556,11
2514,16,1732,1,315,40,1568,11
2514,16,1732,1,315,40,1599,11
2514,16,1732,1,315,40,1747,11
2514,16,1732,1,315,40,1773,11
2514,16,1732,1,315,40,1799,11
2514,16,1732,1,315,40,1818,11
2514,16,1732,1,315,40,1873,11
2514,16,1732,1,315,40,1940,11
2514,16,1732,1,315,40,1956,11
2514,16,1732,1,315,40,1997,11
2514,16,1732,1,315,40,2068,11
2514,16,1732,1,315,40,2079,11
2514,16,1732,1,315,40,2123,11
2514,16,1732,1,315,40,2196,11
2514,16,1732,1,315,40,2206,11
2514,16,1732,1,315,40,2216,11
2514,16,1732,1,315,40,2244,11
2514,16,1732,1,315,40,2259,11
2514,16,1732,1,315,40,2261,11
2514,16,1732,1,315,40,2289,11
2514,16,1732,1,315,40,2359,11
2514,16,1732,1,315,40,2370,11
2514,16,1732,1,315,40,2405,11
2514,16,1732,1,738,32,45,11
2514,16,1732,1,738,32,159,11
2514,16,1732,1,738,32,272,11
2514,16,1732,1,738,32,338,11
2514,16,1732,1,738,32,390,11
2514,16,1732,1,738,32,457,11
2514,16,1732,1,738,32,463,11
2514,16,1732,1,738,32,620,11
2514,16,1732,1,738,32,700,11
2514,16,1732,1,738,32,742,11
2514,16,1732,1,738,32,758,11
2514,16,1732,1,738,32,879,11
2514,16,1732,1,738,32,927,11
2514,16,1732,1,738,32,979,11
2514,16,1732,1,738,32,1003,11
2514,16,1732,1,738,32,1044,11
2514,16,1732,1,738,32,1068,11
2514,16,1732,1,738,32,1153,11
2514,16,1732,1,738,32,1186,11
2514,16,1732,1,738,32,1194,11
2514,16,1732,1,738,32,1259,11
2514,16,1732,1,738,32,1260,11
2514,16,1732,1,738,32,1312,11
2514,16,1732,1,738,32,1388,11
2514,16,1732,1,738,32,1391,11
2514,16,1732,1,738,32,1422,11
2514,16,1732,1,738,32,1556,11
2514,16,1732,1,738,32,1568,11
2514,16,1732,1,738,32,1599,11
2514,16,1732,1,738,32,1747,11
2514,16,1732,1,738,32,1773,11
2514,16,1732,1,738,32,1799,11
2514,16,1732,1,738,32,1818,11
2514,16,1732,1,738,32,1873,11
2514,16,1732,1,738,32,1940,11
2514,16,1732,1,738,32,1956,11
2514,16,1732,1,738,32,1997,11
2514,16,1732,1,738,32,2068,11
2514,16,1732,1,738,32,2079,11
2514,16,1732,1,738,32,2123,11
2514,16,1732,1,738,32,2196,11
2514,16,1732,1,738,32,2206,11
2514,16,1732,1,738,32,2216,11
2514,16,1732,1,738,32,2244,11
2514,16,1732,1,738,32,2259,11
2514,16,1732,1,738,32,2261,11
2514,16,1732,1,738,32,2289,11
2514,16,1732,1,738,32,2359,11
2514,16,1732,1,738,32,2370,11
2514,16,1732,1,738,32,2405,11
2514,16,1732,1,927,13,45,11
2514,16,1732,1,927,13,159,11
2514,16,1732,1,927,13,272,11
2514,16,1732,1,927,13,338,11
2514,16,1732,1,927,13,390,11
2514,16,1732,1,927,13,457,11
2514,16,1732,1,927,13,463,11
2514,16,1732,1,927,13,620,11
2514,16,1732,1,927,13,700,11
2514,16,1732,1,927,13,742,11
2514,16,1732,1,927,13,758,11
2514,16,1732,1,927,13,879,11
2514,16,1732,1,927,13,927,11
2514,16,1732,1,927,13,979,11
2514,16,1732,1,927,13,1003,11
2514,16,1732,1,927,13,1044,11
2514,16,1732,1,927,13,1068,11
2514,16,1732,1,927,13,1153,11
2514,16,1732,1,927,13,1186,11
2514,16,1732,1,927,13,1194,11
2514,16,1732,1,927,13,1259,11
2514,16,1732,1,927,13,1260,11
2514,16,1732,1,927,13,1312,11
2514,16,1732,1,927,13,1388,11
2514,16,1732,1,927,13,1391,11
2514,16,1732,1,927,13,1422,11
2514,16,1732,1,927,13,1556,11
2514,16,1732,1,927,13,1568,11
2514,16,1732,1,927,13,1599,11
2514,16,1732,1,927,13,1747,11
2514,16,1732,1,927,13,1773,11
2514,16,1732,1,927,13,1799,11
2514,16,1732,1,927,13,1818,11
2514,16,1732,1,927,13,1873,11
2514,16,1732,1,927,13,1940,11
2514,16,1732,1,927,13,1956,11
2514,16,1732,1,927,13,1997,11
2514,16,1732,1,927,13,2068,11
2514,16,1732,1,927,13,2079,11
2514,16,1732,1,927,13,2123,11
2514,16,1732,1,927,13,2196,11
2514,16,1732,1,927,13,2206,11
2514,16,1732,1,927,13,2216,11
2514,16,1732,1,927,13,2244,11
2514,16,1732,1,927,13,2259,11
2514,16,1732,1,927,13,2261,11
2514,16,1732,1,927,13,2289,11
2514,16,1732,1,927,13,2359,11
2514,16,1732,1,927,13,2370,11
2514,16,1732,1,927,13,2405,11
2514,16,1732,1,948,41,45,11
2514,16,1732,1,948,41,159,11
2514,16,1732,1,948,41,272,11
2514,16,1732,1,948,41,338,11
2514,16,1732,1,948,41,390,11
2514,16,1732,1,948,41,457,11
2514,16,1732,1,948,41,463,11
2514,16,1732,1,948,41,620,11
2514,16,1732,1,948,41,700,11
2514,16,1732,1,948,41,742,11
2514,16,1732,1,948,41,758,11
2514,16,1732,1,948,41,879,11
2514,16,1732,1,948,41,927,11
2514,16,1732,1,948,41,979,11
2514,16,1732,1,948,41,1003,11
2514,16,1732,1,948,41,1044,11
2514,16,1732,1,948,41,1068,11
2514,16,1732,1,948,41,1153,11
2514,16,1732,1,948,41,1186,11
2514,16,1732,1,948,41,1194,11
2514,16,1732,1,948,41,1259,11
2514,16,1732,1,948,41,1260,11
2514,16,1732,1,948,41,1312,11
2514,16,1732,1,948,41,1388,11
2514,16,1732,1,948,41,1391,11
2514,16,1732,1,948,41,1422,11
2514,16,1732,1,948,41,1556,11
2514,16,1732,1,948,41,1568,11
2514,16,1732,1,948,41,1599,11
2514,16,1732,1,948,41,1747,11
2514,16,1732,1,948,41,1773,11
2514,16,1732,1,948,41,1799,11
2514,16,1732,1,948,41,1818,11
2514,16,1732,1,948,41,1873,11
2514,16,1732,1,948,41,1940,11
2514,16,1732,1,948,41,1956,11
2514,16,1732,1,948,41,1997,11
2514,16,1732,1,948,41,2068,11
2514,16,1732,1,948,41,2079,11
2514,16,1732,1,948,41,2123,11
2514,16,1732,1,948,41,2196,11
2514,16,1732,1,948,41,2206,11
2514,16,1732,1,948,41,2216,11
2514,16,1732,1,948,41,2244,11
2514,16,1732,1,948,41,2259,11
2514,16,1732,1,948,41,2261,11
2514,16,1732,1,948,41,2289,11
2514,16,1732,1,948,41,2359,11
2514,16,1732,1,948,41,2370,11
2514,16,1732,1,948,41,2405,11
2514,16,1732,1,981,36,45,11
2514,16,1732,1,981,36,159,11
2514,16,1732,1,981,36,272,11
2514,16,1732,1,981,36,338,11
2514,16,1732,1,981,36,390,11
2514,16,1732,1,981,36,457,11
2514,16,1732,1,981,36,463,11
2514,16,1732,1,981,36,620,11
2514,16,1732,1,981,36,700,11
2514,16,1732,1,981,36,742,11
2514,16,1732,1,981,36,758,11
2514,16,1732,1,981,36,879,11
2514,16,1732,1,981,36,927,11
2514,16,1732,1,981,36,979,11
2514,16,1732,1,981,36,1003,11
2514,16,1732,1,981,36,1044,11
2514,16,1732,1,981,36,1068,11
2514,16,1732,1,981,36,1153,11
2514,16,1732,1,981,36,1186,11
2514,16,1732,1,981,36,1194,11
2514,16,1732,1,981,36,1259,11
2514,16,1732,1,981,36,1260,11
2514,16,1732,1,981,36,1312,11
2514,16,1732,1,981,36,1388,11
2514,16,1732,1,981,36,1391,11
2514,16,1732,1,981,36,1422,11
2514,16,1732,1,981,36,1556,11
2514,16,1732,1,981,36,1568,11
2514,16,1732,1,981,36,1599,11
2514,16,1732,1,981,36,1747,11
2514,16,1732,1,981,36,1773,11
2514,16,1732,1,981,36,1799,11
2514,16,1732,1,981,36,1818,11
2514,16,1732,1,981,36,1873,11
2514,16,1732,1,981,36,1940,11
2514,16,1732,1,981,36,1956,11
2514,16,1732,1,981,36,1997,11
2514,16,1732,1,981,36,2068,11
2514,16,1732,1,981,36,2079,11
2514,16,1732,1,981,36,2123,11
2514,16,1732,1,981,36,2196,11
2514,16,1732,1,981,36,2206,11
2514,16,1732,1,981,36,2216,11
2514,16,1732,1,981,36,2244,11
2514,16,1732,1,981,36,2259,11
2514,16,1732,1,981,36,2261,11
2514,16,1732,1,981,36,2289,11
2514,16,1732,1,981,36,2359,11
2514,16,1732,1,981,36,2370,11
2514,16,1732,1,981,36,2405,11
2514,16,1732,1,1033,48,45,11
2514,16,1732,1,1033,48,159,11
2514,16,1732,1,1033,48,272,11
2514,16,1732,1,1033,48,338,11
2514,16,1732,1,1033,48,390,11
2514,16,1732,1,1033,48,457,11
2514,16,1732,1,1033,48,463,11
2514,16,1732,1,1033,48,620,11
2514,16,1732,1,1033,48,700,11
2514,16,1732,1,1033,48,742,11
2514,16,1732,1,1033,48,758,11
2514,16,1732,1,1033,48,879,11
2514,16,1732,1,1033,48,927,11
2514,16,1732,1,1033,48,979,11
2514,16,1732,1,1033,48,1003,11
2514,16,1732,1,1033,48,1044,11
2514,16,1732,1,1033,48,1068,11
2514,16,1732,1,1033,48,1153,11
2514,16,1732,1,1033,48,1186,11
2514,16,1732,1,1033,48,1194,11
2514,16,1732,1,1033,48,1259,11
2514,16,1732,1,1033,48,1260,11
2514,16,1732,1,1033,48,1312,11
2514,16,1732,1,1033,48,1388,11
2514,16,1732,1,1033,48,1391,11
2514,16,1732,1,1033,48,1422,11
2514,16,1732,1,1033,48,1556,11
2514,16,1732,1,1033,48,1568,11
2514,16,1732,1,1033,48,1599,11
2514,16,1732,1,1033,48,1747,11
2514,16,1732,1,1033,48,1773,11
2514,16,1732,1,1033,48,1799,11
2514,16,1732,1,1033,48,1818,11
2514,16,1732,1,1033,48,1873,11
2514,16,1732,1,1033,48,1940,11
2514,16,1732,1,1033,48,1956,11
2514,16,1732,1,1033,48,1997,11
2514,16,1732,1,1033,48,2068,11
2514,16,1732,1,1033,48,2079,11
2514,16,1732,1,1033,48,2123,11
2514,16,1732,1,1033,48,2196,11
2514,16,1732,1,1033,48,2206,11
2514,16,1732,1,1033,48,2216,11
2514,16,1732,1,1033,48,2244,11
2514,16,1732,1,1033,48,2259,11
2514,16,1732,1,1033,48,2261,11
2514,16,1732,1,1033,48,2289,11
2514,16,1732,1,1033,48,2359,11
2514,16,1732,1,1033,48,2370,11
2514,16,1732,1,1033,48,2405,11
2514,16,1732,1,1083,36,45,11
2514,16,1732,1,1083,36,159,11
2514,16,1732,1,1083,36,272,11
2514,16,1732,1,1083,36,338,11
2514,16,1732,1,1083,36,390,11
2514,16,1732,1,1083,36,457,11
2514,16,1732,1,1083,36,463,11
2514,16,1732,1,1083,36,620,11
2514,16,1732,1,1083,36,700,11
2514,16,1732,1,1083,36,742,11
2514,16,1732,1,1083,36,758,11
2514,16,1732,1,1083,36,879,11
2514,16,1732,1,1083,36,927,11
2514,16,1732,1,1083,36,979,11
2514,16,1732,1,1083,36,1003,11
2514,16,1732,1,1083,36,1044,11
2514,16,1732,1,1083,36,1068,11
2514,16,1732,1,1083,36,1153,11
2514,16,1732,1,1083,36,1186,11
2514,16,1732,1,1083,36,1194,11
2514,16,1732,1,1083,36,1259,11
2514,16,1732,1,1083,36,1260,11
2514,16,1732,1,1083,36,1312,11
2514,16,1732,1,1083,36,1388,11
2514,16,1732,1,1083,36,1391,11
2514,16,1732,1,1083,36,1422,11
2514,16,1732,1,1083,36,1556,11
2514,16,1732,1,1083,36,1568,11
2514,16,1732,1,1083,36,1599,11
2514,16,1732,1,1083,36,1747,11
2514,16,1732,1,1083,36,1773,11
2514,16,1732,1,1083,36,1799,11
2514,16,1732,1,1083,36,1818,11
2514,16,1732,1,1083,36,1873,11
2514,16,1732,1,1083,36,1940,11
2514,16,1732,1,1083,36,1956,11
2514,16,1732,1,1083,36,1997,11
2514,16,1732,1,1083,36,2068,11
2514,16,1732,1,1083,36,2079,11
2514,16,1732,1,1083,36,2123,11
2514,16,1732,1,1083,36,2196,11
2514,16,1732,1,1083,36,2206,11
2514,16,1732,1,1083,36,2216,11
2514,16,1732,1,1083,36,2244,11
2514,16,1732,1,1083,36,2259,11
2514,16,1732,1,1083,36,2261,11
2514,16,1732,1,1083,36,2289,11
2514,16,1732,1,1083,36,2359,11
2514,16,1732,1,1083,36,2370,11
2514,16,1732,1,1083,36,2405,11
2514,16,1732,1,1168,50,45,11
2514,16,1732,1,1168,50,159,11
2514,16,1732,1,1168,50,272,11
2514,16,1732,1,1168,50,338,11
2514,16,1732,1,1168,50,390,11
2514,16,1732,1,1168,50,457,11
2514,16,1732,1,1168,50,463,11
2514,16,1732,1,1168,50,620,11
2514,16,1732,1,1168,50,700,11
2514,16,1732,1,1168,50,742,11
2514,16,1732,1,1168,50,758,11
2514,16,1732,1,1168,50,879,11
2514,16,1732,1,1168,50,927,11
2514,16,1732,1,1168,50,979,11
2514,16,1732,1,1168,50,1003,11
2514,16,1732,1,1168,50,1044,11
2514,16,1732,1,1168,50,1068,11
2514,16,1732,1,1168,50,1153,11
2514,16,1732,1,1168,50,1186,11
2514,16,1732,1,1168,50,1194,11
2514,16,1732,1,1168,50,1259,11
2514,16,1732,1,1168,50,1260,11
2514,16,1732,1,1168,50,1312,11
2514,16,1732,1,1168,50,1388,11
2514,16,1732,1,1168,50,1391,11
2514,16,1732,1,1168,50,1422,11
2514,16,1732,1,1168,50,1556,11
2514,16,1732,1,1168,50,1568,11
2514,16,1732,1,1168,50,1599,11
2514,16,1732,1,1168,50,1747,11
2514,16,1732,1,1168,50,1773,11
2514,16,1732,1,1168,50,1799,11
2514,16,1732,1,1168,50,1818,11
2514,16,1732,1,1168,50,1873,11
2514,16,1732,1,1168,50,1940,11
2514,16,1732,1,1168,50,1956,11
2514,16,1732,1,1168,50,1997,11
2514,16,1732,1,1168,50,2068,11
2514,16,1732,1,1168,50,2079,11
2514,16,1732,1,1168,50,2123,11
2514,16,1732,1,1168,50,2196,11
2514,16,1732,1,1168,50,2206,11
2514,16,1732,1,1168,50,2216,11
2514,16,1732,1,1168,50,2244,11
2514,16,1732,1,1168,50,2259,11
2514,16,1732,1,1168,50,2261,11
2514,16,1732,1,1168,50,2289,11
2514,16,1732,1,1168,50,2359,11
2514,16,1732,1,1168,50,2370,11
2514,16,1732,1,1168,50,2405,11
2514,16,1732,1,1373,17,45,11
2514,16,1732,1,1373,17,159,11
2514,16,1732,1,1373,17,272,11
2514,16,1732,1,1373,17,338,11
2514,16,1732,1,1373,17,390,11
2514,16,1732,1,1373,17,463,11
2514,16,1732,1,1373,17,620,11
2514,16,1732,1,1373,17,742,11
2514,16,1732,1,1373,17,758,11
2514,16,1732,1,1373,17,879,11
2514,16,1732,1,1373,17,979,11
2514,16,1732,1,1373,17,1044,11
2514,16,1732,1,1373,17,1068,11
2514,16,1732,1,1373,17,1186,11
2514,16,1732,1,1373,17,1259,11
2514,16,1732,1,1373,17,1260,11
2514,16,1732,1,1373,17,1312,11
2514,16,1732,1,1373,17,1388,11
2514,16,1732,1,1373,17,1391,11
2514,16,1732,1,1373,17,1422,11
2514,16,1732,1,1373,17,1556,11
2514,16,1732,1,1373,17,1747,11
2514,16,1732,1,1373,17,1773,11
2514,16,1732,1,1373,17,1799,11
2514,16,1732,1,1373,17,1873,11
2514,16,1732,1,1373,17,1956,11
2514,16,1732,1,1373,17,1997,11
2514,16,1732,1,1373,17,2068,11
2514,16,1732,1,1373,17,2079,11
2514,16,1732,1,1373,17,2123,11
2514,16,1732,1,1373,17,2196,11
2514,16,1732,1,1373,17,2206,11
2514,16,1732,1,1373,17,2216,11
2514,16,1732,1,1373,17,2244,11
2514,16,1732,1,1373,17,2259,11
2514,16,1732,1,1373,17,2261,11
2514,16,1732,1,1373,17,2289,11
2514,16,1732,1,1373,17,2359,11
2514,16,1732,1,1373,17,2370,11
2514,16,1732,1,1373,17,2405,11
2514,16,1732,1,1552,14,45,11
2514,16,1732,1,1552,14,159,11
2514,16,1732,1,1552,14,272,11
2514,16,1732,1,1552,14,338,11
2514,16,1732,1,1552,14,390,11
2514,16,1732,1,1552,14,457,11
2514,16,1732,1,1552,14,463,11
2514,16,1732,1,1552,14,620,11
2514,16,1732,1,1552,14,700,11
2514,16,1732,1,1552,14,742,11
2514,16,1732,1,1552,14,758,11
2514,16,1732,1,1552,14,879,11
2514,16,1732,1,1552,14,927,11
2514,16,1732,1,1552,14,979,11
2514,16,1732,1,1552,14,1003,11
2514,16,1732,1,1552,14,1044,11
2514,16,1732,1,1552,14,1068,11
2514,16,1732,1,1552,14,1153,11
2514,16,1732,1,1552,14,1186,11
2514,16,1732,1,1552,14,1194,11
2514,16,1732,1,1552,14,1259,11
2514,16,1732,1,1552,14,1260,11
2514,16,1732,1,1552,14,1312,11
2514,16,1732,1,1552,14,1388,11
2514,16,1732,1,1552,14,1391,11
2514,16,1732,1,1552,14,1422,11
2514,16,1732,1,1552,14,1556,11
2514,16,1732,1,1552,14,1568,11
2514,16,1732,1,1552,14,1599,11
2514,16,1732,1,1552,14,1747,11
2514,16,1732,1,1552,14,1773,11
2514,16,1732,1,1552,14,1799,11
2514,16,1732,1,1552,14,1818,11
2514,16,1732,1,1552,14,1873,11
2514,16,1732,1,1552,14,1940,11
2514,16,1732,1,1552,14,1956,11
2514,16,1732,1,1552,14,1997,11
2514,16,1732,1,1552,14,2068,11
2514,16,1732,1,1552,14,2079,11
2514,16,1732,1,1552,14,2123,11
2514,16,1732,1,1552,14,2196,11
2514,16,1732,1,1552,14,2206,11
2514,16,1732,1,1552,14,2216,11
2514,16,1732,1,1552,14,2244,11
2514,16,1732,1,1552,14,2259,11
2514,16,1732,1,1552,14,2261,11
2514,16,1732,1,1552,14,2289,11
2514,16,1732,1,1552,14,2359,11
2514,16,1732,1,1552,14,2370,11
2514,16,1732,1,1552,14,2405,11
2514,16,1732,1,1884,25,45,11
2514,16,1732,1,1884,25,159,11
2514,16,1732,1,1884,25,272,11
2514,16,1732,1,1884,25,338,11
2514,16,1732,1,1884,25,390,11
2514,16,1732,1,1884,25,457,11
2514,16,1732,1,1884,25,463,11
2514,16,1732,1,1884,25,620,11
2514,16,1732,1,1884,25,700,11
2514,16,1732,1,1884,25,742,11
2514,16,1732,1,1884,25,758,11
2514,16,1732,1,1884,25,879,11
2514,16,1732,1,1884,25,927,11
2514,16,1732,1,1884,25,979,11
2514,16,1732,1,1884,25,1003,11
2514,16,1732,1,1884,25,1044,11
2514,16,1732,1,1884,25,1068,11
2514,16,1732,1,1884,25,1153,11
2514,16,1732,1,1884,25,1186,11
2514,16,1732,1,1884,25,1194,11
2514,16,1732,1,1884,25,1259,11
2514,16,1732,1,1884,25,1260,11
2514,16,1732,1,1884,25,1312,11
2514,16,1732,1,1884,25,1388,11
2514,16,1732,1,1884,25,1391,11
2514,16,1732,1,1884,25,1422,11
2514,16,1732,1,1884,25,1556,11
2514,16,1732,1,1884,25,1568,11
2514,16,1732,1,1884,25,1599,11
2514,16,1732,1,1884,25,1747,11
2514,16,1732,1,1884,25,1773,11
2514,16,1732,1,1884,25,1799,11
2514,16,1732,1,1884,25,1818,11
2514,16,1732,1,1884,25,1873,11
2514,16,1732,1,1884,25,1940,11
2514,16,1732,1,1884,25,1956,11
2514,16,1732,1,1884,25,1997,11
2514,16,1732,1,1884,25,2068,11
2514,16,1732,1,1884,25,2079,11
2514,16,1732,1,1884,25,2123,11
2514,16,1732,1,1884,25,2196,11
2514,16,1732,1,1884,25,2206,11
2514,16,1732,1,1884,25,2216,11
2514,16,1732,1,1884,25,2244,11
2514,16,1732,1,1884,25,2259,11
2514,16,1732,1,1884,25,2261,11
2514,16,1732,1,1884,25,2289,11
2514,16,1732,1,1884,25,2359,11
2514,16,1732,1,1884,25,2370,11
2514,16,1732,1,1884,25,2405,11
