2514,16,158,29,158,40,45,11
2514,16,158,29,158,40,159,11
2514,16,158,29,158,40,272,11
2514,16,158,29,158,40,338,11
2514,16,158,29,158,40,390,11
2514,16,158,29,158,40,457,11
2514,16,158,29,158,40,463,11
2514,16,158,29,158,40,620,11
2514,16,158,29,158,40,700,11
2514,16,158,29,158,40,742,11
2514,16,158,29,158,40,758,11
2514,16,158,29,158,40,879,11
2514,16,158,29,158,40,927,11
2514,16,158,29,158,40,979,11
2514,16,158,29,158,40,1003,11
2514,16,158,29,158,40,1044,11
2514,16,158,29,158,40,1068,11
2514,16,158,29,158,40,1153,11
2514,16,158,29,158,40,1186,11
2514,16,158,29,158,40,1194,11
2514,16,158,29,158,40,1259,11
2514,16,158,29,158,40,1260,11
2514,16,158,29,158,40,1312,11
2514,16,158,29,158,40,1388,11
2514,16,158,29,158,40,1391,11
2514,16,158,29,158,40,1422,11
2514,16,158,29,158,40,1556,11
2514,16,158,29,158,40,1568,11
2514,16,158,29,158,40,1599,11
2514,16,158,29,158,40,1747,11
2514,16,158,29,158,40,1773,11
2514,16,158,29,158,40,1799,11
2514,16,158,29,158,40,1818,11
2514,16,158,29,158,40,1873,11
2514,16,158,29,158,40,1940,11
2514,16,158,29,158,40,1956,11
2514,16,158,29,158,40,1997,11
2514,16,158,29,158,40,2068,11
2514,16,158,29,158,40,2079,11
2514,16,158,29,158,40,2123,11
2514,16,158,29,158,40,2196,11
2514,16,158,29,158,40,2206,11
2514,16,158,29,158,40,2216,11
2514,16,158,29,158,40,2244,11
2514,16,158,29,158,40,2259,11
2514,16,158,29,158,40,2261,11
2514,16,158,29,158,40,2289,11
2514,16,158,29,158,40,2359,11
2514,16,158,29,158,40,2370,11
2514,16,158,29,158,40,2405,11
2514,16,158,29,269,47,45,11
2514,16,158,29,269,47,390,11
2514,16,158,29,269,47,620,11
2514,16,158,29,269,47,979,11
2514,16,158,29,269,47,1799,11
2514,16,158,29,269,47,1956,11
2514,16,158,29,269,47,2206,11
2514,16,158,29,269,47,2244,11
2514,16,158,29,269,47,2261,11
2514,16,158,29,269,47,2359,11
2514,16,158,29,332,41,45,11
2514,16,158,29,332,41,159,11
2514,16,158,29,332,41,272,11
2514,16,158,29,332,41,338,11
2514,16,158,29,332,41,390,11
2514,16,158,29,332,41,457,11
2514,16,158,29,332,41,463,11
2514,16,158,29,332,41,620,11
2514,16,158,29,332,41,700,11
2514,16,158,29,332,41,742,11
2514,16,158,29,332,41,758,11
2514,16,158,29,332,41,879,11
2514,16,158,29,332,41,927,11
2514,16,158,29,332,41,979,11
2514,16,158,29,332,41,1003,11
2514,16,158,29,332,41,1044,11
2514,16,158,29,332,41,1068,11
2514,16,158,29,332,41,1153,11
2514,16,158,29,332,41,1186,11
2514,16,158,29,332,41,1194,11
2514,16,158,29,332,41,1259,11
2514,16,158,29,332,41,1260,11
2514,16,158,29,332,41,1312,11
2514,16,158,29,332,41,1388,11
2514,16,158,29,332,41,1391,11
2514,16,158,29,332,41,1422,11
2514,16,158,29,332,41,1556,11
2514,16,158,29,332,41,1568,11
2514,16,158,29,332,41,1599,11
2514,16,158,29,332,41,1747,11
2514,16,158,29,332,41,1773,11
2514,16,158,29,332,41,1799,11
2514,16,158,29,332,41,1818,11
2514,16,158,29,332,41,1873,11
2514,16,158,29,332,41,1940,11
2514,16,158,29,332,41,1956,11
2514,16,158,29,332,41,1997,11
2514,16,158,29,332,41,2068,11
2514,16,158,29,332,41,2079,11
2514,16,158,29,332,41,2123,11
2514,16,158,29,332,41,2196,11
2514,16,158,29,332,41,2206,11
2514,16,158,29,332,41,2216,11
2514,16,158,29,332,41,2244,11
2514,16,158,29,332,41,2259,11
2514,16,158,29,332,41,2261,11
2514,16,158,29,332,41,2289,11
2514,16,158,29,332,41,2359,11
2514,16,158,29,332,41,2370,11
2514,16,158,29,332,41,2405,11
2514,16,158,29,364,46,45,11
2514,16,158,29,364,46,159,11
2514,16,158,29,364,46,272,11
2514,16,158,29,364,46,338,11
2514,16,158,29,364,46,390,11
2514,16,158,29,364,46,457,11
2514,16,158,29,364,46,463,11
2514,16,158,29,364,46,620,11
2514,16,158,29,364,46,700,11
2514,16,158,29,364,46,742,11
2514,16,158,29,364,46,758,11
2514,16,158,29,364,46,879,11
2514,16,158,29,364,46,927,11
2514,16,158,29,364,46,979,11
2514,16,158,29,364,46,1003,11
2514,16,158,29,364,46,1044,11
2514,16,158,29,364,46,1068,11
2514,16,158,29,364,46,1153,11
2514,16,158,29,364,46,1186,11
2514,16,158,29,364,46,1194,11
2514,16,158,29,364,46,1259,11
2514,16,158,29,364,46,1260,11
2514,16,158,29,364,46,1312,11
2514,16,158,29,364,46,1388,11
2514,16,158,29,364,46,1391,11
2514,16,158,29,364,46,1422,11
2514,16,158,29,364,46,1556,11
2514,16,158,29,364,46,1568,11
2514,16,158,29,364,46,1599,11
2514,16,158,29,364,46,1747,11
2514,16,158,29,364,46,1773,11
2514,16,158,29,364,46,1799,11
2514,16,158,29,364,46,1818,11
2514,16,158,29,364,46,1873,11
2514,16,158,29,364,46,1940,11
2514,16,158,29,364,46,1956,11
2514,16,158,29,364,46,1997,11
2514,16,158,29,364,46,2068,11
2514,16,158,29,364,46,2079,11
2514,16,158,29,364,46,2123,11
2514,16,158,29,364,46,2196,11
2514,16,158,29,364,46,2206,11
2514,16,158,29,364,46,2216,11
2514,16,158,29,364,46,2244,11
2514,16,158,29,364,46,2259,11
2514,16,158,29,364,46,2261,11
2514,16,158,29,364,46,2289,11
2514,16,158,29,364,46,2359,11
2514,16,158,29,364,46,2370,11
2514,16,158,29,364,46,2405,11
2514,16,158,29,444,38,45,11
2514,16,158,29,444,38,159,11
2514,16,158,29,444,38,272,11
2514,16,158,29,444,38,338,11
2514,16,158,29,444,38,390,11
2514,16,158,29,444,38,457,11
2514,16,158,29,444,38,463,11
2514,16,158,29,444,38,620,11
2514,16,158,29,444,38,700,11
2514,16,158,29,444,38,742,11
2514,16,158,29,444,38,758,11
2514,16,158,29,444,38,879,11
2514,16,158,29,444,38,927,11
2514,16,158,29,444,38,979,11
2514,16,158,29,444,38,1003,11
2514,16,158,29,444,38,1044,11
2514,16,158,29,444,38,1068,11
2514,16,158,29,444,38,1153,11
2514,16,158,29,444,38,1186,11
2514,16,158,29,444,38,1194,11
2514,16,158,29,444,38,1259,11
2514,16,158,29,444,38,1260,11
2514,16,158,29,444,38,1312,11
2514,16,158,29,444,38,1388,11
2514,16,158,29,444,38,1391,11
2514,16,158,29,444,38,1422,11
2514,16,158,29,444,38,1556,11
2514,16,158,29,444,38,1568,11
2514,16,158,29,444,38,1599,11
2514,16,158,29,444,38,1747,11
2514,16,158,29,444,38,1773,11
2514,16,158,29,444,38,1799,11
2514,16,158,29,444,38,1818,11
2514,16,158,29,444,38,1873,11
2514,16,158,29,444,38,1940,11
2514,16,158,29,444,38,1956,11
2514,16,158,29,444,38,1997,11
2514,16,158,29,444,38,2068,11
2514,16,158,29,444,38,2079,11
2514,16,158,29,444,38,2123,11
2514,16,158,29,444,38,2196,11
2514,16,158,29,444,38,2206,11
2514,16,158,29,444,38,2216,11
2514,16,158,29,444,38,2244,11
2514,16,158,29,444,38,2259,11
2514,16,158,29,444,38,2261,11
2514,16,158,29,444,38,2289,11
2514,16,158,29,444,38,2359,11
2514,16,158,29,444,38,2370,11
2514,16,158,29,444,38,2405,11
2514,16,158,29,476,21,45,11
2514,16,158,29,476,21,159,11
2514,16,158,29,476,21,272,11
2514,16,158,29,476,21,338,11
2514,16,158,29,476,21,390,11
2514,16,158,29,476,21,457,11
2514,16,158,29,476,21,463,11
2514,16,158,29,476,21,620,11
2514,16,158,29,476,21,700,11
2514,16,158,29,476,21,742,11
2514,16,158,29,476,21,758,11
2514,16,158,29,476,21,879,11
2514,16,158,29,476,21,927,11
2514,16,158,29,476,21,979,11
2514,16,158,29,476,21,1003,11
2514,16,158,29,476,21,1044,11
2514,16,158,29,476,21,1068,11
2514,16,158,29,476,21,1153,11
2514,16,158,29,476,21,1186,11
2514,16,158,29,476,21,1194,11
2514,16,158,29,476,21,1259,11
2514,16,158,29,476,21,1260,11
2514,16,158,29,476,21,1312,11
2514,16,158,29,476,21,1388,11
2514,16,158,29,476,21,1391,11
2514,16,158,29,476,21,1422,11
2514,16,158,29,476,21,1556,11
2514,16,158,29,476,21,1568,11
2514,16,158,29,476,21,1599,11
2514,16,158,29,476,21,1747,11
2514,16,158,29,476,21,1773,11
2514,16,158,29,476,21,1799,11
2514,16,158,29,476,21,1818,11
2514,16,158,29,476,21,1873,11
2514,16,158,29,476,21,1940,11
2514,16,158,29,476,21,1956,11
2514,16,158,29,476,21,1997,11
2514,16,158,29,476,21,2068,11
2514,16,158,29,476,21,2079,11
2514,16,158,29,476,21,2123,11
2514,16,158,29,476,21,2196,11
2514,16,158,29,476,21,2206,11
2514,16,158,29,476,21,2216,11
2514,16,158,29,476,21,2244,11
2514,16,158,29,476,21,2259,11
2514,16,158,29,476,21,2261,11
2514,16,158,29,476,21,2289,11
2514,16,158,29,476,21,2359,11
2514,16,158,29,476,21,2370,11
2514,16,158,29,476,21,2405,11
2514,16,158,29,516,48,45,11
2514,16,158,29,516,48,159,11
2514,16,158,29,516,48,272,11
2514,16,158,29,516,48,338,11
2514,16,158,29,516,48,390,11
2514,16,158,29,516,48,457,11
2514,16,158,29,516,48,463,11
2514,16,158,29,516,48,620,11
2514,16,158,29,516,48,700,11
2514,16,158,29,516,48,742,11
2514,16,158,29,516,48,758,11
2514,16,158,29,516,48,879,11
2514,16,158,29,516,48,927,11
2514,16,158,29,516,48,979,11
2514,16,158,29,516,48,1003,11
2514,16,158,29,516,48,1044,11
2514,16,158,29,516,48,1068,11
2514,16,158,29,516,48,1153,11
2514,16,158,29,516,48,1186,11
2514,16,158,29,516,48,1194,11
2514,16,158,29,516,48,1259,11
2514,16,158,29,516,48,1260,11
2514,16,158,29,516,48,1312,11
2514,16,158,29,516,48,1388,11
2514,16,158,29,516,48,1391,11
2514,16,158,29,516,48,1422,11
2514,16,158,29,516,48,1556,11
2514,16,158,29,516,48,1568,11
2514,16,158,29,516,48,1599,11
2514,16,158,29,516,48,1747,11
2514,16,158,29,516,48,1773,11
2514,16,158,29,516,48,1799,11
2514,16,158,29,516,48,1818,11
2514,16,158,29,516,48,1873,11
2514,16,158,29,516,48,1940,11
2514,16,158,29,516,48,1956,11
2514,16,158,29,516,48,1997,11
2514,16,158,29,516,48,2068,11
2514,16,158,29,516,48,2079,11
2514,16,158,29,516,48,2123,11
2514,16,158,29,516,48,2196,11
2514,16,158,29,516,48,2206,11
2514,16,158,29,516,48,2216,11
2514,16,158,29,516,48,2244,11
2514,16,158,29,516,48,2259,11
2514,16,158,29,516,48,2261,11
2514,16,158,29,516,48,2289,11
2514,16,158,29,516,48,2359,11
2514,16,158,29,516,48,2370,11
2514,16,158,29,516,48,2405,11
2514,16,158,29,686,10,45,11
2514,16,158,29,686,10,159,11
2514,16,158,29,686,10,272,11
2514,16,158,29,686,10,338,11
2514,16,158,29,686,10,390,11
2514,16,158,29,686,10,457,11
2514,16,158,29,686,10,463,11
2514,16,158,29,686,10,620,11
2514,16,158,29,686,10,700,11
2514,16,158,29,686,10,742,11
2514,16,158,29,686,10,758,11
2514,16,158,29,686,10,879,11
2514,16,158,29,686,10,927,11
2514,16,158,29,686,10,979,11
2514,16,158,29,686,10,1003,11
2514,16,158,29,686,10,1044,11
2514,16,158,29,686,10,1068,11
2514,16,158,29,686,10,1153,11
2514,16,158,29,686,10,1186,11
2514,16,158,29,686,10,1194,11
2514,16,158,29,686,10,1259,11
2514,16,158,29,686,10,1260,11
2514,16,158,29,686,10,1312,11
2514,16,158,29,686,10,1388,11
2514,16,158,29,686,10,1391,11
2514,16,158,29,686,10,1422,11
2514,16,158,29,686,10,1556,11
2514,16,158,29,686,10,1568,11
2514,16,158,29,686,10,1599,11
2514,16,158,29,686,10,1747,11
2514,16,158,29,686,10,1773,11
2514,16,158,29,686,10,1799,11
2514,16,158,29,686,10,1818,11
2514,16,158,29,686,10,1873,11
2514,16,158,29,686,10,1940,11
2514,16,158,29,686,10,1956,11
2514,16,158,29,686,10,1997,11
2514,16,158,29,686,10,2068,11
2514,16,158,29,686,10,2079,11
2514,16,158,29,686,10,2123,11
2514,16,158,29,686,10,2196,11
2514,16,158,29,686,10,2206,11
2514,16,158,29,686,10,2216,11
2514,16,158,29,686,10,2244,11
2514,16,158,29,686,10,2259,11
2514,16,158,29,686,10,2261,11
2514,16,158,29,686,10,2289,11
2514,16,158,29,686,10,2359,11
2514,16,158,29,686,10,2370,11
2514,16,158,29,686,10,2405,11
2514,16,158,29,909,16,159,11
2514,16,158,29,909,16,272,11
2514,16,158,29,909,16,457,11
2514,16,158,29,909,16,463,11
2514,16,158,29,909,16,700,11
2514,16,158,29,909,16,879,11
2514,16,158,29,909,16,927,11
2514,16,158,29,909,16,1003,11
2514,16,158,29,909,16,1068,11
2514,16,158,29,909,16,1153,11
2514,16,158,29,909,16,1194,11
2514,16,158,29,909,16,1260,11
2514,16,158,29,909,16,1388,11
2514,16,158,29,909,16,1391,11
2514,16,158,29,909,16,1422,11
2514,16,158,29,909,16,1556,11
2514,16,158,29,909,16,1568,11
2514,16,158,29,909,16,1599,11
2514,16,158,29,909,16,1747,11
2514,16,158,29,909,16,1818,11
2514,16,158,29,909,16,1873,11
2514,16,158,29,909,16,1940,11
2514,16,158,29,909,16,2068,11
2514,16,158,29,909,16,2079,11
2514,16,158,29,909,16,2123,11
2514,16,158,29,909,16,2196,11
2514,16,158,29,909,16,2216,11
2514,16,158,29,909,16,2259,11
2514,16,158,29,909,16,2370,11
2514,16,158,29,909,16,2405,11
2514,16,158,29,972,43,45,11
2514,16,158,29,972,43,159,11
2514,16,158,29,972,43,272,11
2514,16,158,29,972,43,338,11
2514,16,158,29,972,43,390,11
2514,16,158,29,972,43,457,11
2514,16,158,29,972,43,463,11
2514,16,158,29,972,43,620,11
2514,16,158,29,972,43,700,11
2514,16,158,29,972,43,742,11
2514,16,158,29,972,43,758,11
2514,16,158,29,972,43,879,11
2514,16,158,29,972,43,927,11
2514,16,158,29,972,43,979,11
2514,16,158,29,972,43,1003,11
2514,16,158,29,972,43,1044,11
2514,16,158,29,972,43,1068,11
2514,16,158,29,972,43,1153,11
2514,16,158,29,972,43,1186,11
2514,16,158,29,972,43,1194,11
2514,16,158,29,972,43,1259,11
2514,16,158,29,972,43,1260,11
2514,16,158,29,972,43,1312,11
2514,16,158,29,972,43,1388,11
2514,16,158,29,972,43,1391,11
2514,16,158,29,972,43,1422,11
2514,16,158,29,972,43,1556,11
2514,16,158,29,972,43,1568,11
2514,16,158,29,972,43,1599,11
2514,16,158,29,972,43,1747,11
2514,16,158,29,972,43,1773,11
2514,16,158,29,972,43,1799,11
2514,16,158,29,972,43,1818,11
2514,16,158,29,972,43,1873,11
2514,16,158,29,972,43,1940,11
2514,16,158,29,972,43,1956,11
2514,16,158,29,972,43,1997,11
2514,16,158,29,972,43,2068,11
2514,16,158,29,972,43,2079,11
2514,16,158,29,972,43,2123,11
2514,16,158,29,972,43,2196,11
2514,16,158,29,972,43,2206,11
2514,16,158,29,972,43,2216,11
2514,16,158,29,972,43,2244,11
2514,16,158,29,972,43,2259,11
2514,16,158,29,972,43,2261,11
2514,16,158,29,972,43,2289,11
2514,16,158,29,972,43,2359,11
2514,16,158,29,972,43,2370,11
2514,16,158,29,972,43,2405,11
2514,16,158,29,1283,14,45,11
2514,16,158,29,1283,14,159,11
2514,16,158,29,1283,14,272,11
2514,16,158,29,1283,14,338,11
2514,16,158,29,1283,14,390,11
2514,16,158,29,1283,14,457,11
2514,16,158,29,1283,14,463,11
2514,16,158,29,1283,14,620,11
2514,16,158,29,1283,14,700,11
2514,16,158,29,1283,14,742,11
2514,16,158,29,1283,14,758,11
2514,16,158,29,1283,14,879,11
2514,16,158,29,1283,14,927,11
2514,16,158,29,1283,14,979,11
2514,16,158,29,1283,14,1003,11
2514,16,158,29,1283,14,1044,11
2514,16,158,29,1283,14,1068,11
2514,16,158,29,1283,14,1153,11
2514,16,158,29,1283,14,1186,11
2514,16,158,29,1283,14,1194,11
2514,16,158,29,1283,14,1259,11
2514,16,158,29,1283,14,1260,11
2514,16,158,29,1283,14,1312,11
2514,16,158,29,1283,14,1388,11
2514,16,158,29,1283,14,1391,11
2514,16,158,29,1283,14,1422,11
2514,16,158,29,1283,14,1556,11
2514,16,158,29,1283,14,1568,11
2514,16,158,29,1283,14,1599,11
2514,16,158,29,1283,14,1747,11
2514,16,158,29,1283,14,1773,11
2514,16,158,29,1283,14,1799,11
2514,16,158,29,1283,14,1818,11
2514,16,158,29,1283,14,1873,11
2514,16,158,29,1283,14,1940,11
2514,16,158,29,1283,14,1956,11
2514,16,158,29,1283,14,1997,11
2514,16,158,29,1283,14,2068,11
2514,16,158,29,1283,14,2079,11
2514,16,158,29,1283,14,2123,11
2514,16,158,29,1283,14,2196,11
2514,16,158,29,1283,14,2206,11
2514,16,158,29,1283,14,2216,11
2514,16,158,29,1283,14,2244,11
2514,16,158,29,1283,14,2259,11
2514,16,158,29,1283,14,2261,11
2514,16,158,29,1283,14,2289,11
2514,16,158,29,1283,14,2359,11
2514,16,158,29,1283,14,2370,11
2514,16,158,29,1283,14,2405,11
2514,16,158,29,1416,32,45,11
2514,16,158,29,1416,32,159,11
2514,16,158,29,1416,32,272,11
2514,16,158,29,1416,32,338,11
2514,16,158,29,1416,32,390,11
2514,16,158,29,1416,32,457,11
2514,16,158,29,1416,32,463,11
2514,16,158,29,1416,32,620,11
2514,16,158,29,1416,32,700,11
2514,16,158,29,1416,32,742,11
2514,16,158,29,1416,32,758,11
2514,16,158,29,1416,32,879,11
2514,16,158,29,1416,32,927,11
2514,16,158,29,1416,32,979,11
2514,16,158,29,1416,32,1003,11
2514,16,158,29,1416,32,1044,11
2514,16,158,29,1416,32,1068,11
2514,16,158,29,1416,32,1153,11
2514,16,158,29,1416,32,1186,11
2514,16,158,29,1416,32,1194,11
2514,16,158,29,1416,32,1259,11
2514,16,158,29,1416,32,1260,11
2514,16,158,29,1416,32,1312,11
2514,16,158,29,1416,32,1388,11
2514,16,158,29,1416,32,1391,11
2514,16,158,29,1416,32,1422,11
2514,16,158,29,1416,32,1556,11
2514,16,158,29,1416,32,1568,11
2514,16,158,29,1416,32,1599,11
2514,16,158,29,1416,32,1747,11
2514,16,158,29,1416,32,1773,11
2514,16,158,29,1416,32,1799,11
2514,16,158,29,1416,32,1818,11
2514,16,158,29,1416,32,1873,11
2514,16,158,29,1416,32,1940,11
2514,16,158,29,1416,32,1956,11
2514,16,158,29,1416,32,1997,11
2514,16,158,29,1416,32,2068,11
2514,16,158,29,1416,32,2079,11
2514,16,158,29,1416,32,2123,11
2514,16,158,29,1416,32,2196,11
2514,16,158,29,1416,32,2206,11
2514,16,158,29,1416,32,2216,11
2514,16,158,29,1416,32,2244,11
2514,16,158,29,1416,32,2259,11
2514,16,158,29,1416,32,2261,11
2514,16,158,29,1416,32,2289,11
2514,16,158,29,1416,32,2359,11
2514,16,158,29,1416,32,2370,11
2514,16,158,29,1416,32,2405,11
2514,16,158,29,1422,30,45,11
2514,16,158,29,1422,30,159,11
2514,16,158,29,1422,30,272,11
2514,16,158,29,1422,30,338,11
2514,16,158,29,1422,30,390,11
2514,16,158,29,1422,30,457,11
2514,16,158,29,1422,30,463,11
2514,16,158,29,1422,30,620,11
2514,16,158,29,1422,30,700,11
2514,16,158,29,1422,30,742,11
2514,16,158,29,1422,30,758,11
2514,16,158,29,1422,30,879,11
2514,16,158,29,1422,30,927,11
2514,16,158,29,1422,30,979,11
2514,16,158,29,1422,30,1003,11
2514,16,158,29,1422,30,1044,11
2514,16,158,29,1422,30,1068,11
2514,16,158,29,1422,30,1153,11
2514,16,158,29,1422,30,1186,11
2514,16,158,29,1422,30,1194,11
2514,16,158,29,1422,30,1259,11
2514,16,158,29,1422,30,1260,11
2514,16,158,29,1422,30,1312,11
2514,16,158,29,1422,30,1388,11
2514,16,158,29,1422,30,1391,11
2514,16,158,29,1422,30,1422,11
2514,16,158,29,1422,30,1556,11
2514,16,158,29,1422,30,1568,11
2514,16,158,29,1422,30,1599,11
2514,16,158,29,1422,30,1747,11
2514,16,158,29,1422,30,1773,11
2514,16,158,29,1422,30,1799,11
2514,16,158,29,1422,30,1818,11
2514,16,158,29,1422,30,1873,11
2514,16,158,29,1422,30,1940,11
2514,16,158,29,1422,30,1956,11
2514,16,158,29,1422,30,1997,11
2514,16,158,29,1422,30,2068,11
2514,16,158,29,1422,30,2079,11
2514,16,158,29,1422,30,2123,11
2514,16,158,29,1422,30,2196,11
2514,16,158,29,1422,30,2206,11
2514,16,158,29,1422,30,2216,11
2514,16,158,29,1422,30,2244,11
2514,16,158,29,1422,30,2259,11
2514,16,158,29,1422,30,2261,11
2514,16,158,29,1422,30,2289,11
2514,16,158,29,1422,30,2359,11
2514,16,158,29,1422,30,2370,11
2514,16,158,29,1422,30,2405,11
2514,16,158,29,1942,35,45,11
2514,16,158,29,1942,35,159,11
2514,16,158,29,1942,35,272,11
2514,16,158,29,1942,35,338,11
2514,16,158,29,1942,35,390,11
2514,16,158,29,1942,35,457,11
2514,16,158,29,1942,35,463,11
2514,16,158,29,1942,35,620,11
2514,16,158,29,1942,35,700,11
2514,16,158,29,1942,35,742,11
2514,16,158,29,1942,35,758,11
2514,16,158,29,1942,35,879,11
2514,16,158,29,1942,35,927,11
2514,16,158,29,1942,35,979,11
2514,16,158,29,1942,35,1003,11
2514,16,158,29,1942,35,1044,11
2514,16,158,29,1942,35,1068,11
2514,16,158,29,1942,35,1153,11
2514,16,158,29,1942,35,1186,11
2514,16,158,29,1942,35,1194,11
2514,16,158,29,1942,35,1259,11
2514,16,158,29,1942,35,1260,11
2514,16,158,29,1942,35,1312,11
2514,16,158,29,1942,35,1388,11
2514,16,158,29,1942,35,1391,11
2514,16,158,29,1942,35,1422,11
2514,16,158,29,1942,35,1556,11
2514,16,158,29,1942,35,1568,11
2514,16,158,29,1942,35,1599,11
2514,16,158,29,1942,35,1747,11
2514,16,158,29,1942,35,1773,11
2514,16,158,29,1942,35,1799,11
2514,16,158,29,1942,35,1818,11
2514,16,158,29,1942,35,1873,11
2514,16,158,29,1942,35,1940,11
2514,16,158,29,1942,35,1956,11
2514,16,158,29,1942,35,1997,11
2514,16,158,29,1942,35,2068,11
2514,16,158,29,1942,35,2079,11
2514,16,158,29,1942,35,2123,11
2514,16,158,29,1942,35,2196,11
2514,16,158,29,1942,35,2206,11
2514,16,158,29,1942,35,2216,11
2514,16,158,29,1942,35,2244,11
2514,16,158,29,1942,35,2259,11
2514,16,158,29,1942,35,2261,11
2514,16,158,29,1942,35,2289,11
2514,16,158,29,1942,35,2359,11
2514,16,158,29,1942,35,2370,11
2514,16,158,29,1942,35,2405,11
