2514,16,928,7,225,48,45,11
2514,16,928,7,225,48,159,11
2514,16,928,7,225,48,272,11
2514,16,928,7,225,48,338,11
2514,16,928,7,225,48,390,11
2514,16,928,7,225,48,457,11
2514,16,928,7,225,48,463,11
2514,16,928,7,225,48,620,11
2514,16,928,7,225,48,700,11
2514,16,928,7,225,48,742,11
2514,16,928,7,225,48,758,11
2514,16,928,7,225,48,879,11
2514,16,928,7,225,48,927,11
2514,16,928,7,225,48,979,11
2514,16,928,7,225,48,1003,11
2514,16,928,7,225,48,1044,11
2514,16,928,7,225,48,1068,11
2514,16,928,7,225,48,1153,11
2514,16,928,7,225,48,1186,11
2514,16,928,7,225,48,1194,11
2514,16,928,7,225,48,1259,11
2514,16,928,7,225,48,1260,11
2514,16,928,7,225,48,1312,11
2514,16,928,7,225,48,1388,11
2514,16,928,7,225,48,1391,11
2514,16,928,7,225,48,1422,11
2514,16,928,7,225,48,1556,11
2514,16,928,7,225,48,1568,11
2514,16,928,7,225,48,1599,11
2514,16,928,7,225,48,1747,11
2514,16,928,7,225,48,1773,11
2514,16,928,7,225,48,1799,11
2514,16,928,7,225,48,1818,11
2514,16,928,7,225,48,1873,11
2514,16,928,7,225,48,1940,11
2514,16,928,7,225,48,1956,11
2514,16,928,7,225,48,1997,11
2514,16,928,7,225,48,2068,11
2514,16,928,7,225,48,2079,11
2514,16,928,7,225,48,2123,11
2514,16,928,7,225,48,2196,11
2514,16,928,7,225,48,2206,11
2514,16,928,7,225,48,2216,11
2514,16,928,7,225,48,2244,11
2514,16,928,7,225,48,2259,11
2514,16,928,7,225,48,2261,11
2514,16,928,7,225,48,2289,11
2514,16,928,7,225,48,2359,11
2514,16,928,7,225,48,2370,11
2514,16,928,7,225,48,2405,11
2514,16,928,7,253,22,45,11
2514,16,928,7,253,22,159,11
2514,16,928,7,253,22,272,11
2514,16,928,7,253,22,338,11
2514,16,928,7,253,22,390,11
2514,16,928,7,253,22,457,11
2514,16,928,7,253,22,463,11
2514,16,928,7,253,22,620,11
2514,16,928,7,253,22,700,11
2514,16,928,7,253,22,742,11
2514,16,928,7,253,22,758,11
2514,16,928,7,253,22,879,11
2514,16,928,7,253,22,927,11
2514,16,928,7,253,22,979,11
2514,16,928,7,253,22,1003,11
2514,16,928,7,253,22,1044,11
2514,16,928,7,253,22,1068,11
2514,16,928,7,253,22,1153,11
2514,16,928,7,253,22,1186,11
2514,16,928,7,253,22,1194,11
2514,16,928,7,253,22,1259,11
2514,16,928,7,253,22,1260,11
2514,16,928,7,253,22,1312,11
2514,16,928,7,253,22,1388,11
2514,16,928,7,253,22,1391,11
2514,16,928,7,253,22,1422,11
2514,16,928,7,253,22,1556,11
2514,16,928,7,253,22,1568,11
2514,16,928,7,253,22,1599,11
2514,16,928,7,253,22,1747,11
2514,16,928,7,253,22,1773,11
2514,16,928,7,253,22,1799,11
2514,16,928,7,253,22,1818,11
2514,16,928,7,253,22,1873,11
2514,16,928,7,253,22,1940,11
2514,16,928,7,253,22,1956,11
2514,16,928,7,253,22,1997,11
2514,16,928,7,253,22,2068,11
2514,16,928,7,253,22,2079,11
2514,16,928,7,253,22,2123,11
2514,16,928,7,253,22,2196,11
2514,16,928,7,253,22,2206,11
2514,16,928,7,253,22,2216,11
2514,16,928,7,253,22,2244,11
2514,16,928,7,253,22,2259,11
2514,16,928,7,253,22,2261,11
2514,16,928,7,253,22,2289,11
2514,16,928,7,253,22,2359,11
2514,16,928,7,253,22,2370,11
2514,16,928,7,253,22,2405,11
2514,16,928,7,473,13,45,11
2514,16,928,7,473,13,159,11
2514,16,928,7,473,13,272,11
2514,16,928,7,473,13,338,11
2514,16,928,7,473,13,390,11
2514,16,928,7,473,13,457,11
2514,16,928,7,473,13,463,11
2514,16,928,7,473,13,620,11
2514,16,928,7,473,13,700,11
2514,16,928,7,473,13,742,11
2514,16,928,7,473,13,758,11
2514,16,928,7,473,13,879,11
2514,16,928,7,473,13,927,11
2514,16,928,7,473,13,979,11
2514,16,928,7,473,13,1003,11
2514,16,928,7,473,13,1044,11
2514,16,928,7,473,13,1068,11
2514,16,928,7,473,13,1153,11
2514,16,928,7,473,13,1186,11
2514,16,928,7,473,13,1194,11
2514,16,928,7,473,13,1259,11
2514,16,928,7,473,13,1260,11
2514,16,928,7,473,13,1312,11
2514,16,928,7,473,13,1388,11
2514,16,928,7,473,13,1391,11
2514,16,928,7,473,13,1422,11
2514,16,928,7,473,13,1556,11
2514,16,928,7,473,13,1568,11
2514,16,928,7,473,13,1599,11
2514,16,928,7,473,13,1747,11
2514,16,928,7,473,13,1773,11
2514,16,928,7,473,13,1799,11
2514,16,928,7,473,13,1818,11
2514,16,928,7,473,13,1873,11
2514,16,928,7,473,13,1940,11
2514,16,928,7,473,13,1956,11
2514,16,928,7,473,13,1997,11
2514,16,928,7,473,13,2068,11
2514,16,928,7,473,13,2079,11
2514,16,928,7,473,13,2123,11
2514,16,928,7,473,13,2196,11
2514,16,928,7,473,13,2206,11
2514,16,928,7,473,13,2216,11
2514,16,928,7,473,13,2244,11
2514,16,928,7,473,13,2259,11
2514,16,928,7,473,13,2261,11
2514,16,928,7,473,13,2289,11
2514,16,928,7,473,13,2359,11
2514,16,928,7,473,13,2370,11
2514,16,928,7,473,13,2405,11
2514,16,928,7,622,30,45,11
2514,16,928,7,622,30,159,11
2514,16,928,7,622,30,272,11
2514,16,928,7,622,30,338,11
2514,16,928,7,622,30,390,11
2514,16,928,7,622,30,463,11
2514,16,928,7,622,30,620,11
2514,16,928,7,622,30,742,11
2514,16,928,7,622,30,758,11
2514,16,928,7,622,30,879,11
2514,16,928,7,622,30,979,11
2514,16,928,7,622,30,1044,11
2514,16,928,7,622,30,1068,11
2514,16,928,7,622,30,1186,11
2514,16,928,7,622,30,1259,11
2514,16,928,7,622,30,1260,11
2514,16,928,7,622,30,1312,11
2514,16,928,7,622,30,1388,11
2514,16,928,7,622,30,1391,11
2514,16,928,7,622,30,1422,11
2514,16,928,7,622,30,1556,11
2514,16,928,7,622,30,1747,11
2514,16,928,7,622,30,1773,11
2514,16,928,7,622,30,1799,11
2514,16,928,7,622,30,1873,11
2514,16,928,7,622,30,1956,11
2514,16,928,7,622,30,1997,11
2514,16,928,7,622,30,2068,11
2514,16,928,7,622,30,2079,11
2514,16,928,7,622,30,2123,11
2514,16,928,7,622,30,2196,11
2514,16,928,7,622,30,2206,11
2514,16,928,7,622,30,2216,11
2514,16,928,7,622,30,2244,11
2514,16,928,7,622,30,2259,11
2514,16,928,7,622,30,2261,11
2514,16,928,7,622,30,2289,11
2514,16,928,7,622,30,2359,11
2514,16,928,7,622,30,2370,11
2514,16,928,7,622,30,2405,11
2514,16,928,7,866,38,45,11
2514,16,928,7,866,38,159,11
2514,16,928,7,866,38,272,11
2514,16,928,7,866,38,338,11
2514,16,928,7,866,38,390,11
2514,16,928,7,866,38,457,11
2514,16,928,7,866,38,463,11
2514,16,928,7,866,38,620,11
2514,16,928,7,866,38,700,11
2514,16,928,7,866,38,742,11
2514,16,928,7,866,38,758,11
2514,16,928,7,866,38,879,11
2514,16,928,7,866,38,927,11
2514,16,928,7,866,38,979,11
2514,16,928,7,866,38,1003,11
2514,16,928,7,866,38,1044,11
2514,16,928,7,866,38,1068,11
2514,16,928,7,866,38,1153,11
2514,16,928,7,866,38,1186,11
2514,16,928,7,866,38,1194,11
2514,16,928,7,866,38,1259,11
2514,16,928,7,866,38,1260,11
2514,16,928,7,866,38,1312,11
2514,16,928,7,866,38,1388,11
2514,16,928,7,866,38,1391,11
2514,16,928,7,866,38,1422,11
2514,16,928,7,866,38,1556,11
2514,16,928,7,866,38,1568,11
2514,16,928,7,866,38,1599,11
2514,16,928,7,866,38,1747,11
2514,16,928,7,866,38,1773,11
2514,16,928,7,866,38,1799,11
2514,16,928,7,866,38,1818,11
2514,16,928,7,866,38,1873,11
2514,16,928,7,866,38,1940,11
2514,16,928,7,866,38,1956,11
2514,16,928,7,866,38,1997,11
2514,16,928,7,866,38,2068,11
2514,16,928,7,866,38,2079,11
2514,16,928,7,866,38,2123,11
2514,16,928,7,866,38,2196,11
2514,16,928,7,866,38,2206,11
2514,16,928,7,866,38,2216,11
2514,16,928,7,866,38,2244,11
2514,16,928,7,866,38,2259,11
2514,16,928,7,866,38,2261,11
2514,16,928,7,866,38,2289,11
2514,16,928,7,866,38,2359,11
2514,16,928,7,866,38,2370,11
2514,16,928,7,866,38,2405,11
2514,16,928,7,1166,40,45,11
2514,16,928,7,1166,40,159,11
2514,16,928,7,1166,40,272,11
2514,16,928,7,1166,40,338,11
2514,16,928,7,1166,40,390,11
2514,16,928,7,1166,40,457,11
2514,16,928,7,1166,40,463,11
2514,16,928,7,1166,40,620,11
2514,16,928,7,1166,40,700,11
2514,16,928,7,1166,40,742,11
2514,16,928,7,1166,40,758,11
2514,16,928,7,1166,40,879,11
2514,16,928,7,1166,40,927,11
2514,16,928,7,1166,40,979,11
2514,16,928,7,1166,40,1003,11
2514,16,928,7,1166,40,1044,11
2514,16,928,7,1166,40,1068,11
2514,16,928,7,1166,40,1153,11
2514,16,928,7,1166,40,1186,11
2514,16,928,7,1166,40,1194,11
2514,16,928,7,1166,40,1259,11
2514,16,928,7,1166,40,1260,11
2514,16,928,7,1166,40,1312,11
2514,16,928,7,1166,40,1388,11
2514,16,928,7,1166,40,1391,11
2514,16,928,7,1166,40,1422,11
2514,16,928,7,1166,40,1556,11
2514,16,928,7,1166,40,1568,11
2514,16,928,7,1166,40,1599,11
2514,16,928,7,1166,40,1747,11
2514,16,928,7,1166,40,1773,11
2514,16,928,7,1166,40,1799,11
2514,16,928,7,1166,40,1818,11
2514,16,928,7,1166,40,1873,11
2514,16,928,7,1166,40,1940,11
2514,16,928,7,1166,40,1956,11
2514,16,928,7,1166,40,1997,11
2514,16,928,7,1166,40,2068,11
2514,16,928,7,1166,40,2079,11
2514,16,928,7,1166,40,2123,11
2514,16,928,7,1166,40,2196,11
2514,16,928,7,1166,40,2206,11
2514,16,928,7,1166,40,2216,11
2514,16,928,7,1166,40,2244,11
2514,16,928,7,1166,40,2259,11
2514,16,928,7,1166,40,2261,11
2514,16,928,7,1166,40,2289,11
2514,16,928,7,1166,40,2359,11
2514,16,928,7,1166,40,2370,11
2514,16,928,7,1166,40,2405,11
2514,16,928,7,1279,16,45,11
2514,16,928,7,1279,16,159,11
2514,16,928,7,1279,16,272,11
2514,16,928,7,1279,16,338,11
2514,16,928,7,1279,16,390,11
2514,16,928,7,1279,16,457,11
2514,16,928,7,1279,16,463,11
2514,16,928,7,1279,16,620,11
2514,16,928,7,1279,16,700,11
2514,16,928,7,1279,16,742,11
2514,16,928,7,1279,16,758,11
2514,16,928,7,1279,16,879,11
2514,16,928,7,1279,16,927,11
2514,16,928,7,1279,16,979,11
2514,16,928,7,1279,16,1003,11
2514,16,928,7,1279,16,1044,11
2514,16,928,7,1279,16,1068,11
2514,16,928,7,1279,16,1153,11
2514,16,928,7,1279,16,1186,11
2514,16,928,7,1279,16,1194,11
2514,16,928,7,1279,16,1259,11
2514,16,928,7,1279,16,1260,11
2514,16,928,7,1279,16,1312,11
2514,16,928,7,1279,16,1388,11
2514,16,928,7,1279,16,1391,11
2514,16,928,7,1279,16,1422,11
2514,16,928,7,1279,16,1556,11
2514,16,928,7,1279,16,1568,11
2514,16,928,7,1279,16,1599,11
2514,16,928,7,1279,16,1747,11
2514,16,928,7,1279,16,1773,11
2514,16,928,7,1279,16,1799,11
2514,16,928,7,1279,16,1818,11
2514,16,928,7,1279,16,1873,11
2514,16,928,7,1279,16,1940,11
2514,16,928,7,1279,16,1956,11
2514,16,928,7,1279,16,1997,11
2514,16,928,7,1279,16,2068,11
2514,16,928,7,1279,16,2079,11
2514,16,928,7,1279,16,2123,11
2514,16,928,7,1279,16,2196,11
2514,16,928,7,1279,16,2206,11
2514,16,928,7,1279,16,2216,11
2514,16,928,7,1279,16,2244,11
2514,16,928,7,1279,16,2259,11
2514,16,928,7,1279,16,2261,11
2514,16,928,7,1279,16,2289,11
2514,16,928,7,1279,16,2359,11
2514,16,928,7,1279,16,2370,11
2514,16,928,7,1279,16,2405,11
2514,16,928,7,1336,9,45,11
2514,16,928,7,1336,9,159,11
2514,16,928,7,1336,9,272,11
2514,16,928,7,1336,9,338,11
2514,16,928,7,1336,9,390,11
2514,16,928,7,1336,9,457,11
2514,16,928,7,1336,9,463,11
2514,16,928,7,1336,9,620,11
2514,16,928,7,1336,9,700,11
2514,16,928,7,1336,9,742,11
2514,16,928,7,1336,9,758,11
2514,16,928,7,1336,9,879,11
2514,16,928,7,1336,9,927,11
2514,16,928,7,1336,9,979,11
2514,16,928,7,1336,9,1003,11
2514,16,928,7,1336,9,1044,11
2514,16,928,7,1336,9,1068,11
2514,16,928,7,1336,9,1153,11
2514,16,928,7,1336,9,1186,11
2514,16,928,7,1336,9,1194,11
2514,16,928,7,1336,9,1259,11
2514,16,928,7,1336,9,1260,11
2514,16,928,7,1336,9,1312,11
2514,16,928,7,1336,9,1388,11
2514,16,928,7,1336,9,1391,11
2514,16,928,7,1336,9,1422,11
2514,16,928,7,1336,9,1556,11
2514,16,928,7,1336,9,1568,11
2514,16,928,7,1336,9,1599,11
2514,16,928,7,1336,9,1747,11
2514,16,928,7,1336,9,1773,11
2514,16,928,7,1336,9,1799,11
2514,16,928,7,1336,9,1818,11
2514,16,928,7,1336,9,1873,11
2514,16,928,7,1336,9,1940,11
2514,16,928,7,1336,9,1956,11
2514,16,928,7,1336,9,1997,11
2514,16,928,7,1336,9,2068,11
2514,16,928,7,1336,9,2079,11
2514,16,928,7,1336,9,2123,11
2514,16,928,7,1336,9,2196,11
2514,16,928,7,1336,9,2206,11
2514,16,928,7,1336,9,2216,11
2514,16,928,7,1336,9,2244,11
2514,16,928,7,1336,9,2259,11
2514,16,928,7,1336,9,2261,11
2514,16,928,7,1336,9,2289,11
2514,16,928,7,1336,9,2359,11
2514,16,928,7,1336,9,2370,11
2514,16,928,7,1336,9,2405,11
2514,16,928,7,1412,24,45,11
2514,16,928,7,1412,24,159,11
2514,16,928,7,1412,24,272,11
2514,16,928,7,1412,24,338,11
2514,16,928,7,1412,24,390,11
2514,16,928,7,1412,24,457,11
2514,16,928,7,1412,24,463,11
2514,16,928,7,1412,24,620,11
2514,16,928,7,1412,24,700,11
2514,16,928,7,1412,24,742,11
2514,16,928,7,1412,24,758,11
2514,16,928,7,1412,24,879,11
2514,16,928,7,1412,24,927,11
2514,16,928,7,1412,24,979,11
2514,16,928,7,1412,24,1003,11
2514,16,928,7,1412,24,1044,11
2514,16,928,7,1412,24,1068,11
2514,16,928,7,1412,24,1153,11
2514,16,928,7,1412,24,1186,11
2514,16,928,7,1412,24,1194,11
2514,16,928,7,1412,24,1259,11
2514,16,928,7,1412,24,1260,11
2514,16,928,7,1412,24,1312,11
2514,16,928,7,1412,24,1388,11
2514,16,928,7,1412,24,1391,11
2514,16,928,7,1412,24,1422,11
2514,16,928,7,1412,24,1556,11
2514,16,928,7,1412,24,1568,11
2514,16,928,7,1412,24,1599,11
2514,16,928,7,1412,24,1747,11
2514,16,928,7,1412,24,1773,11
2514,16,928,7,1412,24,1799,11
2514,16,928,7,1412,24,1818,11
2514,16,928,7,1412,24,1873,11
2514,16,928,7,1412,24,1940,11
2514,16,928,7,1412,24,1956,11
2514,16,928,7,1412,24,1997,11
2514,16,928,7,1412,24,2068,11
2514,16,928,7,1412,24,2079,11
2514,16,928,7,1412,24,2123,11
2514,16,928,7,1412,24,2196,11
2514,16,928,7,1412,24,2206,11
2514,16,928,7,1412,24,2216,11
2514,16,928,7,1412,24,2244,11
2514,16,928,7,1412,24,2259,11
2514,16,928,7,1412,24,2261,11
2514,16,928,7,1412,24,2289,11
2514,16,928,7,1412,24,2359,11
2514,16,928,7,1412,24,2370,11
2514,16,928,7,1412,24,2405,11
2514,16,928,7,1440,30,45,11
2514,16,928,7,1440,30,159,11
2514,16,928,7,1440,30,272,11
2514,16,928,7,1440,30,338,11
2514,16,928,7,1440,30,390,11
2514,16,928,7,1440,30,457,11
2514,16,928,7,1440,30,463,11
2514,16,928,7,1440,30,620,11
2514,16,928,7,1440,30,700,11
2514,16,928,7,1440,30,742,11
2514,16,928,7,1440,30,758,11
2514,16,928,7,1440,30,879,11
2514,16,928,7,1440,30,927,11
2514,16,928,7,1440,30,979,11
2514,16,928,7,1440,30,1003,11
2514,16,928,7,1440,30,1044,11
2514,16,928,7,1440,30,1068,11
2514,16,928,7,1440,30,1153,11
2514,16,928,7,1440,30,1186,11
2514,16,928,7,1440,30,1194,11
2514,16,928,7,1440,30,1259,11
2514,16,928,7,1440,30,1260,11
2514,16,928,7,1440,30,1312,11
2514,16,928,7,1440,30,1388,11
2514,16,928,7,1440,30,1391,11
2514,16,928,7,1440,30,1422,11
2514,16,928,7,1440,30,1556,11
2514,16,928,7,1440,30,1568,11
2514,16,928,7,1440,30,1599,11
2514,16,928,7,1440,30,1747,11
2514,16,928,7,1440,30,1773,11
2514,16,928,7,1440,30,1799,11
2514,16,928,7,1440,30,1818,11
2514,16,928,7,1440,30,1873,11
2514,16,928,7,1440,30,1940,11
2514,16,928,7,1440,30,1956,11
2514,16,928,7,1440,30,1997,11
2514,16,928,7,1440,30,2068,11
2514,16,928,7,1440,30,2079,11
2514,16,928,7,1440,30,2123,11
2514,16,928,7,1440,30,2196,11
2514,16,928,7,1440,30,2206,11
2514,16,928,7,1440,30,2216,11
2514,16,928,7,1440,30,2244,11
2514,16,928,7,1440,30,2259,11
2514,16,928,7,1440,30,2261,11
2514,16,928,7,1440,30,2289,11
2514,16,928,7,1440,30,2359,11
2514,16,928,7,1440,30,2370,11
2514,16,928,7,1440,30,2405,11
2514,16,928,7,1455,23,45,11
2514,16,928,7,1455,23,159,11
2514,16,928,7,1455,23,272,11
2514,16,928,7,1455,23,338,11
2514,16,928,7,1455,23,390,11
2514,16,928,7,1455,23,457,11
2514,16,928,7,1455,23,463,11
2514,16,928,7,1455,23,620,11
2514,16,928,7,1455,23,700,11
2514,16,928,7,1455,23,742,11
2514,16,928,7,1455,23,758,11
2514,16,928,7,1455,23,879,11
2514,16,928,7,1455,23,927,11
2514,16,928,7,1455,23,979,11
2514,16,928,7,1455,23,1003,11
2514,16,928,7,1455,23,1044,11
2514,16,928,7,1455,23,1068,11
2514,16,928,7,1455,23,1153,11
2514,16,928,7,1455,23,1186,11
2514,16,928,7,1455,23,1194,11
2514,16,928,7,1455,23,1259,11
2514,16,928,7,1455,23,1260,11
2514,16,928,7,1455,23,1312,11
2514,16,928,7,1455,23,1388,11
2514,16,928,7,1455,23,1391,11
2514,16,928,7,1455,23,1422,11
2514,16,928,7,1455,23,1556,11
2514,16,928,7,1455,23,1568,11
2514,16,928,7,1455,23,1599,11
2514,16,928,7,1455,23,1747,11
2514,16,928,7,1455,23,1773,11
2514,16,928,7,1455,23,1799,11
2514,16,928,7,1455,23,1818,11
2514,16,928,7,1455,23,1873,11
2514,16,928,7,1455,23,1940,11
2514,16,928,7,1455,23,1956,11
2514,16,928,7,1455,23,1997,11
2514,16,928,7,1455,23,2068,11
2514,16,928,7,1455,23,2079,11
2514,16,928,7,1455,23,2123,11
2514,16,928,7,1455,23,2196,11
2514,16,928,7,1455,23,2206,11
2514,16,928,7,1455,23,2216,11
2514,16,928,7,1455,23,2244,11
2514,16,928,7,1455,23,2259,11
2514,16,928,7,1455,23,2261,11
2514,16,928,7,1455,23,2289,11
2514,16,928,7,1455,23,2359,11
2514,16,928,7,1455,23,2370,11
2514,16,928,7,1455,23,2405,11
2514,16,928,7,1683,45,45,11
2514,16,928,7,1683,45,159,11
2514,16,928,7,1683,45,272,11
2514,16,928,7,1683,45,338,11
2514,16,928,7,1683,45,390,11
2514,16,928,7,1683,45,457,11
2514,16,928,7,1683,45,463,11
2514,16,928,7,1683,45,620,11
2514,16,928,7,1683,45,700,11
2514,16,928,7,1683,45,742,11
2514,16,928,7,1683,45,758,11
2514,16,928,7,1683,45,879,11
2514,16,928,7,1683,45,927,11
2514,16,928,7,1683,45,979,11
2514,16,928,7,1683,45,1003,11
2514,16,928,7,1683,45,1044,11
2514,16,928,7,1683,45,1068,11
2514,16,928,7,1683,45,1153,11
2514,16,928,7,1683,45,1186,11
2514,16,928,7,1683,45,1194,11
2514,16,928,7,1683,45,1259,11
2514,16,928,7,1683,45,1260,11
2514,16,928,7,1683,45,1312,11
2514,16,928,7,1683,45,1388,11
2514,16,928,7,1683,45,1391,11
2514,16,928,7,1683,45,1422,11
2514,16,928,7,1683,45,1556,11
2514,16,928,7,1683,45,1568,11
2514,16,928,7,1683,45,1599,11
2514,16,928,7,1683,45,1747,11
2514,16,928,7,1683,45,1773,11
2514,16,928,7,1683,45,1799,11
2514,16,928,7,1683,45,1818,11
2514,16,928,7,1683,45,1873,11
2514,16,928,7,1683,45,1940,11
2514,16,928,7,1683,45,1956,11
2514,16,928,7,1683,45,1997,11
2514,16,928,7,1683,45,2068,11
2514,16,928,7,1683,45,2079,11
2514,16,928,7,1683,45,2123,11
2514,16,928,7,1683,45,2196,11
2514,16,928,7,1683,45,2206,11
2514,16,928,7,1683,45,2216,11
2514,16,928,7,1683,45,2244,11
2514,16,928,7,1683,45,2259,11
2514,16,928,7,1683,45,2261,11
2514,16,928,7,1683,45,2289,11
2514,16,928,7,1683,45,2359,11
2514,16,928,7,1683,45,2370,11
2514,16,928,7,1683,45,2405,11
2514,16,928,7,1781,48,45,11
2514,16,928,7,1781,48,159,11
2514,16,928,7,1781,48,272,11
2514,16,928,7,1781,48,338,11
2514,16,928,7,1781,48,390,11
2514,16,928,7,1781,48,457,11
2514,16,928,7,1781,48,463,11
2514,16,928,7,1781,48,620,11
2514,16,928,7,1781,48,700,11
2514,16,928,7,1781,48,742,11
2514,16,928,7,1781,48,758,11
2514,16,928,7,1781,48,879,11
2514,16,928,7,1781,48,927,11
2514,16,928,7,1781,48,979,11
2514,16,928,7,1781,48,1003,11
2514,16,928,7,1781,48,1044,11
2514,16,928,7,1781,48,1068,11
2514,16,928,7,1781,48,1153,11
2514,16,928,7,1781,48,1186,11
2514,16,928,7,1781,48,1194,11
2514,16,928,7,1781,48,1259,11
2514,16,928,7,1781,48,1260,11
2514,16,928,7,1781,48,1312,11
2514,16,928,7,1781,48,1388,11
2514,16,928,7,1781,48,1391,11
2514,16,928,7,1781,48,1422,11
2514,16,928,7,1781,48,1556,11
2514,16,928,7,1781,48,1568,11
2514,16,928,7,1781,48,1599,11
2514,16,928,7,1781,48,1747,11
2514,16,928,7,1781,48,1773,11
2514,16,928,7,1781,48,1799,11
2514,16,928,7,1781,48,1818,11
2514,16,928,7,1781,48,1873,11
2514,16,928,7,1781,48,1940,11
2514,16,928,7,1781,48,1956,11
2514,16,928,7,1781,48,1997,11
2514,16,928,7,1781,48,2068,11
2514,16,928,7,1781,48,2079,11
2514,16,928,7,1781,48,2123,11
2514,16,928,7,1781,48,2196,11
2514,16,928,7,1781,48,2206,11
2514,16,928,7,1781,48,2216,11
2514,16,928,7,1781,48,2244,11
2514,16,928,7,1781,48,2259,11
2514,16,928,7,1781,48,2261,11
2514,16,928,7,1781,48,2289,11
2514,16,928,7,1781,48,2359,11
2514,16,928,7,1781,48,2370,11
2514,16,928,7,1781,48,2405,11
