2514,16,1824,27,115,45,45,11
2514,16,1824,27,115,45,159,11
2514,16,1824,27,115,45,272,11
2514,16,1824,27,115,45,338,11
2514,16,1824,27,115,45,390,11
2514,16,1824,27,115,45,457,11
2514,16,1824,27,115,45,463,11
2514,16,1824,27,115,45,620,11
2514,16,1824,27,115,45,700,11
2514,16,1824,27,115,45,742,11
2514,16,1824,27,115,45,758,11
2514,16,1824,27,115,45,879,11
2514,16,1824,27,115,45,927,11
2514,16,1824,27,115,45,979,11
2514,16,1824,27,115,45,1003,11
2514,16,1824,27,115,45,1044,11
2514,16,1824,27,115,45,1068,11
2514,16,1824,27,115,45,1153,11
2514,16,1824,27,115,45,1186,11
2514,16,1824,27,115,45,1194,11
2514,16,1824,27,115,45,1259,11
2514,16,1824,27,115,45,1260,11
2514,16,1824,27,115,45,1312,11
2514,16,1824,27,115,45,1388,11
2514,16,1824,27,115,45,1391,11
2514,16,1824,27,115,45,1422,11
2514,16,1824,27,115,45,1556,11
2514,16,1824,27,115,45,1568,11
2514,16,1824,27,115,45,1599,11
2514,16,1824,27,115,45,1747,11
2514,16,1824,27,115,45,1773,11
2514,16,1824,27,115,45,1799,11
2514,16,1824,27,115,45,1818,11
2514,16,1824,27,115,45,1873,11
2514,16,1824,27,115,45,1940,11
2514,16,1824,27,115,45,1956,11
2514,16,1824,27,115,45,1997,11
2514,16,1824,27,115,45,2068,11
2514,16,1824,27,115,45,2079,11
2514,16,1824,27,115,45,2123,11
2514,16,1824,27,115,45,2196,11
2514,16,1824,27,115,45,2206,11
2514,16,1824,27,115,45,2216,11
2514,16,1824,27,115,45,2244,11
2514,16,1824,27,115,45,2259,11
2514,16,1824,27,115,45,2261,11
2514,16,1824,27,115,45,2289,11
2514,16,1824,27,115,45,2359,11
2514,16,1824,27,115,45,2370,11
2514,16,1824,27,115,45,2405,11
2514,16,1824,27,408,16,45,11
2514,16,1824,27,408,16,159,11
2514,16,1824,27,408,16,272,11
2514,16,1824,27,408,16,338,11
2514,16,1824,27,408,16,390,11
2514,16,1824,27,408,16,457,11
2514,16,1824,27,408,16,463,11
2514,16,1824,27,408,16,620,11
2514,16,1824,27,408,16,700,11
2514,16,1824,27,408,16,742,11
2514,16,1824,27,408,16,758,11
2514,16,1824,27,408,16,879,11
2514,16,1824,27,408,16,927,11
2514,16,1824,27,408,16,979,11
2514,16,1824,27,408,16,1003,11
2514,16,1824,27,408,16,1044,11
2514,16,1824,27,408,16,1068,11
2514,16,1824,27,408,16,1153,11
2514,16,1824,27,408,16,1186,11
2514,16,1824,27,408,16,1194,11
2514,16,1824,27,408,16,1259,11
2514,16,1824,27,408,16,1260,11
2514,16,1824,27,408,16,1312,11
2514,16,1824,27,408,16,1388,11
2514,16,1824,27,408,16,1391,11
2514,16,1824,27,408,16,1422,11
2514,16,1824,27,408,16,1556,11
2514,16,1824,27,408,16,1568,11
2514,16,1824,27,408,16,1599,11
2514,16,1824,27,408,16,1747,11
2514,16,1824,27,408,16,1773,11
2514,16,1824,27,408,16,1799,11
2514,16,1824,27,408,16,1818,11
2514,16,1824,27,408,16,1873,11
2514,16,1824,27,408,16,1940,11
2514,16,1824,27,408,16,1956,11
2514,16,1824,27,408,16,1997,11
2514,16,1824,27,408,16,2068,11
2514,16,1824,27,408,16,2079,11
2514,16,1824,27,408,16,2123,11
2514,16,1824,27,408,16,2196,11
2514,16,1824,27,408,16,2206,11
2514,16,1824,27,408,16,2216,11
2514,16,1824,27,408,16,2244,11
2514,16,1824,27,408,16,2259,11
2514,16,1824,27,408,16,2261,11
2514,16,1824,27,408,16,2289,11
2514,16,1824,27,408,16,2359,11
2514,16,1824,27,408,16,2370,11
2514,16,1824,27,408,16,2405,11
2514,16,1824,27,496,49,45,11
2514,16,1824,27,496,49,159,11
2514,16,1824,27,496,49,272,11
2514,16,1824,27,496,49,338,11
2514,16,1824,27,496,49,390,11
2514,16,1824,27,496,49,457,11
2514,16,1824,27,496,49,463,11
2514,16,1824,27,496,49,620,11
2514,16,1824,27,496,49,700,11
2514,16,1824,27,496,49,742,11
2514,16,1824,27,496,49,758,11
2514,16,1824,27,496,49,879,11
2514,16,1824,27,496,49,927,11
2514,16,1824,27,496,49,979,11
2514,16,1824,27,496,49,1003,11
2514,16,1824,27,496,49,1044,11
2514,16,1824,27,496,49,1068,11
2514,16,1824,27,496,49,1153,11
2514,16,1824,27,496,49,1186,11
2514,16,1824,27,496,49,1194,11
2514,16,1824,27,496,49,1259,11
2514,16,1824,27,496,49,1260,11
2514,16,1824,27,496,49,1312,11
2514,16,1824,27,496,49,1388,11
2514,16,1824,27,496,49,1391,11
2514,16,1824,27,496,49,1422,11
2514,16,1824,27,496,49,1556,11
2514,16,1824,27,496,49,1568,11
2514,16,1824,27,496,49,1599,11
2514,16,1824,27,496,49,1747,11
2514,16,1824,27,496,49,1773,11
2514,16,1824,27,496,49,1799,11
2514,16,1824,27,496,49,1818,11
2514,16,1824,27,496,49,1873,11
2514,16,1824,27,496,49,1940,11
2514,16,1824,27,496,49,1956,11
2514,16,1824,27,496,49,1997,11
2514,16,1824,27,496,49,2068,11
2514,16,1824,27,496,49,2079,11
2514,16,1824,27,496,49,2123,11
2514,16,1824,27,496,49,2196,11
2514,16,1824,27,496,49,2206,11
2514,16,1824,27,496,49,2216,11
2514,16,1824,27,496,49,2244,11
2514,16,1824,27,496,49,2259,11
2514,16,1824,27,496,49,2261,11
2514,16,1824,27,496,49,2289,11
2514,16,1824,27,496,49,2359,11
2514,16,1824,27,496,49,2370,11
2514,16,1824,27,496,49,2405,11
2514,16,1824,27,656,45,45,11
2514,16,1824,27,656,45,159,11
2514,16,1824,27,656,45,272,11
2514,16,1824,27,656,45,338,11
2514,16,1824,27,656,45,390,11
2514,16,1824,27,656,45,457,11
2514,16,1824,27,656,45,463,11
2514,16,1824,27,656,45,620,11
2514,16,1824,27,656,45,700,11
2514,16,1824,27,656,45,742,11
2514,16,1824,27,656,45,758,11
2514,16,1824,27,656,45,879,11
2514,16,1824,27,656,45,927,11
2514,16,1824,27,656,45,979,11
2514,16,1824,27,656,45,1003,11
2514,16,1824,27,656,45,1044,11
2514,16,1824,27,656,45,1068,11
2514,16,1824,27,656,45,1153,11
2514,16,1824,27,656,45,1186,11
2514,16,1824,27,656,45,1194,11
2514,16,1824,27,656,45,1259,11
2514,16,1824,27,656,45,1260,11
2514,16,1824,27,656,45,1312,11
2514,16,1824,27,656,45,1388,11
2514,16,1824,27,656,45,1391,11
2514,16,1824,27,656,45,1422,11
2514,16,1824,27,656,45,1556,11
2514,16,1824,27,656,45,1568,11
2514,16,1824,27,656,45,1599,11
2514,16,1824,27,656,45,1747,11
2514,16,1824,27,656,45,1773,11
2514,16,1824,27,656,45,1799,11
2514,16,1824,27,656,45,1818,11
2514,16,1824,27,656,45,1873,11
2514,16,1824,27,656,45,1940,11
2514,16,1824,27,656,45,1956,11
2514,16,1824,27,656,45,1997,11
2514,16,1824,27,656,45,2068,11
2514,16,1824,27,656,45,2079,11
2514,16,1824,27,656,45,2123,11
2514,16,1824,27,656,45,2196,11
2514,16,1824,27,656,45,2206,11
2514,16,1824,27,656,45,2216,11
2514,16,1824,27,656,45,2244,11
2514,16,1824,27,656,45,2259,11
2514,16,1824,27,656,45,2261,11
2514,16,1824,27,656,45,2289,11
2514,16,1824,27,656,45,2359,11
2514,16,1824,27,656,45,2370,11
2514,16,1824,27,656,45,2405,11
2514,16,1824,27,725,45,45,11
2514,16,1824,27,725,45,159,11
2514,16,1824,27,725,45,272,11
2514,16,1824,27,725,45,338,11
2514,16,1824,27,725,45,390,11
2514,16,1824,27,725,45,457,11
2514,16,1824,27,725,45,463,11
2514,16,1824,27,725,45,620,11
2514,16,1824,27,725,45,700,11
2514,16,1824,27,725,45,742,11
2514,16,1824,27,725,45,758,11
2514,16,1824,27,725,45,879,11
2514,16,1824,27,725,45,927,11
2514,16,1824,27,725,45,979,11
2514,16,1824,27,725,45,1003,11
2514,16,1824,27,725,45,1044,11
2514,16,1824,27,725,45,1068,11
2514,16,1824,27,725,45,1153,11
2514,16,1824,27,725,45,1186,11
2514,16,1824,27,725,45,1194,11
2514,16,1824,27,725,45,1259,11
2514,16,1824,27,725,45,1260,11
2514,16,1824,27,725,45,1312,11
2514,16,1824,27,725,45,1388,11
2514,16,1824,27,725,45,1391,11
2514,16,1824,27,725,45,1422,11
2514,16,1824,27,725,45,1556,11
2514,16,1824,27,725,45,1568,11
2514,16,1824,27,725,45,1599,11
2514,16,1824,27,725,45,1747,11
2514,16,1824,27,725,45,1773,11
2514,16,1824,27,725,45,1799,11
2514,16,1824,27,725,45,1818,11
2514,16,1824,27,725,45,1873,11
2514,16,1824,27,725,45,1940,11
2514,16,1824,27,725,45,1956,11
2514,16,1824,27,725,45,1997,11
2514,16,1824,27,725,45,2068,11
2514,16,1824,27,725,45,2079,11
2514,16,1824,27,725,45,2123,11
2514,16,1824,27,725,45,2196,11
2514,16,1824,27,725,45,2206,11
2514,16,1824,27,725,45,2216,11
2514,16,1824,27,725,45,2244,11
2514,16,1824,27,725,45,2259,11
2514,16,1824,27,725,45,2261,11
2514,16,1824,27,725,45,2289,11
2514,16,1824,27,725,45,2359,11
2514,16,1824,27,725,45,2370,11
2514,16,1824,27,725,45,2405,11
2514,16,1824,27,837,23,45,11
2514,16,1824,27,837,23,159,11
2514,16,1824,27,837,23,272,11
2514,16,1824,27,837,23,338,11
2514,16,1824,27,837,23,390,11
2514,16,1824,27,837,23,457,11
2514,16,1824,27,837,23,463,11
2514,16,1824,27,837,23,620,11
2514,16,1824,27,837,23,700,11
2514,16,1824,27,837,23,742,11
2514,16,1824,27,837,23,758,11
2514,16,1824,27,837,23,879,11
2514,16,1824,27,837,23,927,11
2514,16,1824,27,837,23,979,11
2514,16,1824,27,837,23,1003,11
2514,16,1824,27,837,23,1044,11
2514,16,1824,27,837,23,1068,11
2514,16,1824,27,837,23,1153,11
2514,16,1824,27,837,23,1186,11
2514,16,1824,27,837,23,1194,11
2514,16,1824,27,837,23,1259,11
2514,16,1824,27,837,23,1260,11
2514,16,1824,27,837,23,1312,11
2514,16,1824,27,837,23,1388,11
2514,16,1824,27,837,23,1391,11
2514,16,1824,27,837,23,1422,11
2514,16,1824,27,837,23,1556,11
2514,16,1824,27,837,23,1568,11
2514,16,1824,27,837,23,1599,11
2514,16,1824,27,837,23,1747,11
2514,16,1824,27,837,23,1773,11
2514,16,1824,27,837,23,1799,11
2514,16,1824,27,837,23,1818,11
2514,16,1824,27,837,23,1873,11
2514,16,1824,27,837,23,1940,11
2514,16,1824,27,837,23,1956,11
2514,16,1824,27,837,23,1997,11
2514,16,1824,27,837,23,2068,11
2514,16,1824,27,837,23,2079,11
2514,16,1824,27,837,23,2123,11
2514,16,1824,27,837,23,2196,11
2514,16,1824,27,837,23,2206,11
2514,16,1824,27,837,23,2216,11
2514,16,1824,27,837,23,2244,11
2514,16,1824,27,837,23,2259,11
2514,16,1824,27,837,23,2261,11
2514,16,1824,27,837,23,2289,11
2514,16,1824,27,837,23,2359,11
2514,16,1824,27,837,23,2370,11
2514,16,1824,27,837,23,2405,11
2514,16,1824,27,1143,18,45,11
2514,16,1824,27,1143,18,159,11
2514,16,1824,27,1143,18,272,11
2514,16,1824,27,1143,18,338,11
2514,16,1824,27,1143,18,390,11
2514,16,1824,27,1143,18,457,11
2514,16,1824,27,1143,18,463,11
2514,16,1824,27,1143,18,620,11
2514,16,1824,27,1143,18,700,11
2514,16,1824,27,1143,18,742,11
2514,16,1824,27,1143,18,758,11
2514,16,1824,27,1143,18,879,11
2514,16,1824,27,1143,18,927,11
2514,16,1824,27,1143,18,979,11
2514,16,1824,27,1143,18,1003,11
2514,16,1824,27,1143,18,1044,11
2514,16,1824,27,1143,18,1068,11
2514,16,1824,27,1143,18,1153,11
2514,16,1824,27,1143,18,1186,11
2514,16,1824,27,1143,18,1194,11
2514,16,1824,27,1143,18,1259,11
2514,16,1824,27,1143,18,1260,11
2514,16,1824,27,1143,18,1312,11
2514,16,1824,27,1143,18,1388,11
2514,16,1824,27,1143,18,1391,11
2514,16,1824,27,1143,18,1422,11
2514,16,1824,27,1143,18,1556,11
2514,16,1824,27,1143,18,1568,11
2514,16,1824,27,1143,18,1599,11
2514,16,1824,27,1143,18,1747,11
2514,16,1824,27,1143,18,1773,11
2514,16,1824,27,1143,18,1799,11
2514,16,1824,27,1143,18,1818,11
2514,16,1824,27,1143,18,1873,11
2514,16,1824,27,1143,18,1940,11
2514,16,1824,27,1143,18,1956,11
2514,16,1824,27,1143,18,1997,11
2514,16,1824,27,1143,18,2068,11
2514,16,1824,27,1143,18,2079,11
2514,16,1824,27,1143,18,2123,11
2514,16,1824,27,1143,18,2196,11
2514,16,1824,27,1143,18,2206,11
2514,16,1824,27,1143,18,2216,11
2514,16,1824,27,1143,18,2244,11
2514,16,1824,27,1143,18,2259,11
2514,16,1824,27,1143,18,2261,11
2514,16,1824,27,1143,18,2289,11
2514,16,1824,27,1143,18,2359,11
2514,16,1824,27,1143,18,2370,11
2514,16,1824,27,1143,18,2405,11
2514,16,1824,27,1219,16,45,11
2514,16,1824,27,1219,16,159,11
2514,16,1824,27,1219,16,272,11
2514,16,1824,27,1219,16,338,11
2514,16,1824,27,1219,16,390,11
2514,16,1824,27,1219,16,457,11
2514,16,1824,27,1219,16,463,11
2514,16,1824,27,1219,16,620,11
2514,16,1824,27,1219,16,700,11
2514,16,1824,27,1219,16,742,11
2514,16,1824,27,1219,16,758,11
2514,16,1824,27,1219,16,879,11
2514,16,1824,27,1219,16,927,11
2514,16,1824,27,1219,16,979,11
2514,16,1824,27,1219,16,1003,11
2514,16,1824,27,1219,16,1044,11
2514,16,1824,27,1219,16,1068,11
2514,16,1824,27,1219,16,1153,11
2514,16,1824,27,1219,16,1186,11
2514,16,1824,27,1219,16,1194,11
2514,16,1824,27,1219,16,1259,11
2514,16,1824,27,1219,16,1260,11
2514,16,1824,27,1219,16,1312,11
2514,16,1824,27,1219,16,1388,11
2514,16,1824,27,1219,16,1391,11
2514,16,1824,27,1219,16,1422,11
2514,16,1824,27,1219,16,1556,11
2514,16,1824,27,1219,16,1568,11
2514,16,1824,27,1219,16,1599,11
2514,16,1824,27,1219,16,1747,11
2514,16,1824,27,1219,16,1773,11
2514,16,1824,27,1219,16,1799,11
2514,16,1824,27,1219,16,1818,11
2514,16,1824,27,1219,16,1873,11
2514,16,1824,27,1219,16,1940,11
2514,16,1824,27,1219,16,1956,11
2514,16,1824,27,1219,16,1997,11
2514,16,1824,27,1219,16,2068,11
2514,16,1824,27,1219,16,2079,11
2514,16,1824,27,1219,16,2123,11
2514,16,1824,27,1219,16,2196,11
2514,16,1824,27,1219,16,2206,11
2514,16,1824,27,1219,16,2216,11
2514,16,1824,27,1219,16,2244,11
2514,16,1824,27,1219,16,2259,11
2514,16,1824,27,1219,16,2261,11
2514,16,1824,27,1219,16,2289,11
2514,16,1824,27,1219,16,2359,11
2514,16,1824,27,1219,16,2370,11
2514,16,1824,27,1219,16,2405,11
2514,16,1824,27,1234,10,45,11
2514,16,1824,27,1234,10,159,11
2514,16,1824,27,1234,10,272,11
2514,16,1824,27,1234,10,338,11
2514,16,1824,27,1234,10,390,11
2514,16,1824,27,1234,10,463,11
2514,16,1824,27,1234,10,620,11
2514,16,1824,27,1234,10,742,11
2514,16,1824,27,1234,10,758,11
2514,16,1824,27,1234,10,879,11
2514,16,1824,27,1234,10,979,11
2514,16,1824,27,1234,10,1044,11
2514,16,1824,27,1234,10,1068,11
2514,16,1824,27,1234,10,1186,11
2514,16,1824,27,1234,10,1259,11
2514,16,1824,27,1234,10,1260,11
2514,16,1824,27,1234,10,1312,11
2514,16,1824,27,1234,10,1388,11
2514,16,1824,27,1234,10,1391,11
2514,16,1824,27,1234,10,1422,11
2514,16,1824,27,1234,10,1556,11
2514,16,1824,27,1234,10,1747,11
2514,16,1824,27,1234,10,1773,11
2514,16,1824,27,1234,10,1799,11
2514,16,1824,27,1234,10,1873,11
2514,16,1824,27,1234,10,1956,11
2514,16,1824,27,1234,10,1997,11
2514,16,1824,27,1234,10,2068,11
2514,16,1824,27,1234,10,2079,11
2514,16,1824,27,1234,10,2123,11
2514,16,1824,27,1234,10,2196,11
2514,16,1824,27,1234,10,2206,11
2514,16,1824,27,1234,10,2216,11
2514,16,1824,27,1234,10,2244,11
2514,16,1824,27,1234,10,2259,11
2514,16,1824,27,1234,10,2261,11
2514,16,1824,27,1234,10,2289,11
2514,16,1824,27,1234,10,2359,11
2514,16,1824,27,1234,10,2370,11
2514,16,1824,27,1234,10,2405,11
2514,16,1824,27,1285,26,45,11
2514,16,1824,27,1285,26,159,11
2514,16,1824,27,1285,26,272,11
2514,16,1824,27,1285,26,338,11
2514,16,1824,27,1285,26,390,11
2514,16,1824,27,1285,26,457,11
2514,16,1824,27,1285,26,463,11
2514,16,1824,27,1285,26,620,11
2514,16,1824,27,1285,26,700,11
2514,16,1824,27,1285,26,742,11
2514,16,1824,27,1285,26,758,11
2514,16,1824,27,1285,26,879,11
2514,16,1824,27,1285,26,927,11
2514,16,1824,27,1285,26,979,11
2514,16,1824,27,1285,26,1003,11
2514,16,1824,27,1285,26,1044,11
2514,16,1824,27,1285,26,1068,11
2514,16,1824,27,1285,26,1153,11
2514,16,1824,27,1285,26,1186,11
2514,16,1824,27,1285,26,1194,11
2514,16,1824,27,1285,26,1259,11
2514,16,1824,27,1285,26,1260,11
2514,16,1824,27,1285,26,1312,11
2514,16,1824,27,1285,26,1388,11
2514,16,1824,27,1285,26,1391,11
2514,16,1824,27,1285,26,1422,11
2514,16,1824,27,1285,26,1556,11
2514,16,1824,27,1285,26,1568,11
2514,16,1824,27,1285,26,1599,11
2514,16,1824,27,1285,26,1747,11
2514,16,1824,27,1285,26,1773,11
2514,16,1824,27,1285,26,1799,11
2514,16,1824,27,1285,26,1818,11
2514,16,1824,27,1285,26,1873,11
2514,16,1824,27,1285,26,1940,11
2514,16,1824,27,1285,26,1956,11
2514,16,1824,27,1285,26,1997,11
2514,16,1824,27,1285,26,2068,11
2514,16,1824,27,1285,26,2079,11
2514,16,1824,27,1285,26,2123,11
2514,16,1824,27,1285,26,2196,11
2514,16,1824,27,1285,26,2206,11
2514,16,1824,27,1285,26,2216,11
2514,16,1824,27,1285,26,2244,11
2514,16,1824,27,1285,26,2259,11
2514,16,1824,27,1285,26,2261,11
2514,16,1824,27,1285,26,2289,11
2514,16,1824,27,1285,26,2359,11
2514,16,1824,27,1285,26,2370,11
2514,16,1824,27,1285,26,2405,11
2514,16,1824,27,1575,14,45,11
2514,16,1824,27,1575,14,159,11
2514,16,1824,27,1575,14,272,11
2514,16,1824,27,1575,14,338,11
2514,16,1824,27,1575,14,390,11
2514,16,1824,27,1575,14,457,11
2514,16,1824,27,1575,14,463,11
2514,16,1824,27,1575,14,620,11
2514,16,1824,27,1575,14,700,11
2514,16,1824,27,1575,14,742,11
2514,16,1824,27,1575,14,758,11
2514,16,1824,27,1575,14,879,11
2514,16,1824,27,1575,14,927,11
2514,16,1824,27,1575,14,979,11
2514,16,1824,27,1575,14,1003,11
2514,16,1824,27,1575,14,1044,11
2514,16,1824,27,1575,14,1068,11
2514,16,1824,27,1575,14,1153,11
2514,16,1824,27,1575,14,1186,11
2514,16,1824,27,1575,14,1194,11
2514,16,1824,27,1575,14,1259,11
2514,16,1824,27,1575,14,1260,11
2514,16,1824,27,1575,14,1312,11
2514,16,1824,27,1575,14,1388,11
2514,16,1824,27,1575,14,1391,11
2514,16,1824,27,1575,14,1422,11
2514,16,1824,27,1575,14,1556,11
2514,16,1824,27,1575,14,1568,11
2514,16,1824,27,1575,14,1599,11
2514,16,1824,27,1575,14,1747,11
2514,16,1824,27,1575,14,1773,11
2514,16,1824,27,1575,14,1799,11
2514,16,1824,27,1575,14,1818,11
2514,16,1824,27,1575,14,1873,11
2514,16,1824,27,1575,14,1940,11
2514,16,1824,27,1575,14,1956,11
2514,16,1824,27,1575,14,1997,11
2514,16,1824,27,1575,14,2068,11
2514,16,1824,27,1575,14,2079,11
2514,16,1824,27,1575,14,2123,11
2514,16,1824,27,1575,14,2196,11
2514,16,1824,27,1575,14,2206,11
2514,16,1824,27,1575,14,2216,11
2514,16,1824,27,1575,14,2244,11
2514,16,1824,27,1575,14,2259,11
2514,16,1824,27,1575,14,2261,11
2514,16,1824,27,1575,14,2289,11
2514,16,1824,27,1575,14,2359,11
2514,16,1824,27,1575,14,2370,11
2514,16,1824,27,1575,14,2405,11
2514,16,1824,27,1762,18,45,11
2514,16,1824,27,1762,18,159,11
2514,16,1824,27,1762,18,272,11
2514,16,1824,27,1762,18,338,11
2514,16,1824,27,1762,18,390,11
2514,16,1824,27,1762,18,457,11
2514,16,1824,27,1762,18,463,11
2514,16,1824,27,1762,18,620,11
2514,16,1824,27,1762,18,700,11
2514,16,1824,27,1762,18,742,11
2514,16,1824,27,1762,18,758,11
2514,16,1824,27,1762,18,879,11
2514,16,1824,27,1762,18,927,11
2514,16,1824,27,1762,18,979,11
2514,16,1824,27,1762,18,1003,11
2514,16,1824,27,1762,18,1044,11
2514,16,1824,27,1762,18,1068,11
2514,16,1824,27,1762,18,1153,11
2514,16,1824,27,1762,18,1186,11
2514,16,1824,27,1762,18,1194,11
2514,16,1824,27,1762,18,1259,11
2514,16,1824,27,1762,18,1260,11
2514,16,1824,27,1762,18,1312,11
2514,16,1824,27,1762,18,1388,11
2514,16,1824,27,1762,18,1391,11
2514,16,1824,27,1762,18,1422,11
2514,16,1824,27,1762,18,1556,11
2514,16,1824,27,1762,18,1568,11
2514,16,1824,27,1762,18,1599,11
2514,16,1824,27,1762,18,1747,11
2514,16,1824,27,1762,18,1773,11
2514,16,1824,27,1762,18,1799,11
2514,16,1824,27,1762,18,1818,11
2514,16,1824,27,1762,18,1873,11
2514,16,1824,27,1762,18,1940,11
2514,16,1824,27,1762,18,1956,11
2514,16,1824,27,1762,18,1997,11
2514,16,1824,27,1762,18,2068,11
2514,16,1824,27,1762,18,2079,11
2514,16,1824,27,1762,18,2123,11
2514,16,1824,27,1762,18,2196,11
2514,16,1824,27,1762,18,2206,11
2514,16,1824,27,1762,18,2216,11
2514,16,1824,27,1762,18,2244,11
2514,16,1824,27,1762,18,2259,11
2514,16,1824,27,1762,18,2261,11
2514,16,1824,27,1762,18,2289,11
2514,16,1824,27,1762,18,2359,11
2514,16,1824,27,1762,18,2370,11
2514,16,1824,27,1762,18,2405,11
2514,16,1824,27,1940,49,45,11
2514,16,1824,27,1940,49,159,11
2514,16,1824,27,1940,49,272,11
2514,16,1824,27,1940,49,338,11
2514,16,1824,27,1940,49,390,11
2514,16,1824,27,1940,49,457,11
2514,16,1824,27,1940,49,463,11
2514,16,1824,27,1940,49,620,11
2514,16,1824,27,1940,49,700,11
2514,16,1824,27,1940,49,742,11
2514,16,1824,27,1940,49,758,11
2514,16,1824,27,1940,49,879,11
2514,16,1824,27,1940,49,927,11
2514,16,1824,27,1940,49,979,11
2514,16,1824,27,1940,49,1003,11
2514,16,1824,27,1940,49,1044,11
2514,16,1824,27,1940,49,1068,11
2514,16,1824,27,1940,49,1153,11
2514,16,1824,27,1940,49,1186,11
2514,16,1824,27,1940,49,1194,11
2514,16,1824,27,1940,49,1259,11
2514,16,1824,27,1940,49,1260,11
2514,16,1824,27,1940,49,1312,11
2514,16,1824,27,1940,49,1388,11
2514,16,1824,27,1940,49,1391,11
2514,16,1824,27,1940,49,1422,11
2514,16,1824,27,1940,49,1556,11
2514,16,1824,27,1940,49,1568,11
2514,16,1824,27,1940,49,1599,11
2514,16,1824,27,1940,49,1747,11
2514,16,1824,27,1940,49,1773,11
2514,16,1824,27,1940,49,1799,11
2514,16,1824,27,1940,49,1818,11
2514,16,1824,27,1940,49,1873,11
2514,16,1824,27,1940,49,1940,11
2514,16,1824,27,1940,49,1956,11
2514,16,1824,27,1940,49,1997,11
2514,16,1824,27,1940,49,2068,11
2514,16,1824,27,1940,49,2079,11
2514,16,1824,27,1940,49,2123,11
2514,16,1824,27,1940,49,2196,11
2514,16,1824,27,1940,49,2206,11
2514,16,1824,27,1940,49,2216,11
2514,16,1824,27,1940,49,2244,11
2514,16,1824,27,1940,49,2259,11
2514,16,1824,27,1940,49,2261,11
2514,16,1824,27,1940,49,2289,11
2514,16,1824,27,1940,49,2359,11
2514,16,1824,27,1940,49,2370,11
2514,16,1824,27,1940,49,2405,11
