2514,16,860,29,221,38,45,11
2514,16,860,29,221,38,159,11
2514,16,860,29,221,38,272,11
2514,16,860,29,221,38,338,11
2514,16,860,29,221,38,390,11
2514,16,860,29,221,38,457,11
2514,16,860,29,221,38,463,11
2514,16,860,29,221,38,620,11
2514,16,860,29,221,38,700,11
2514,16,860,29,221,38,742,11
2514,16,860,29,221,38,758,11
2514,16,860,29,221,38,879,11
2514,16,860,29,221,38,927,11
2514,16,860,29,221,38,979,11
2514,16,860,29,221,38,1003,11
2514,16,860,29,221,38,1044,11
2514,16,860,29,221,38,1068,11
2514,16,860,29,221,38,1153,11
2514,16,860,29,221,38,1186,11
2514,16,860,29,221,38,1194,11
2514,16,860,29,221,38,1259,11
2514,16,860,29,221,38,1260,11
2514,16,860,29,221,38,1312,11
2514,16,860,29,221,38,1388,11
2514,16,860,29,221,38,1391,11
2514,16,860,29,221,38,1422,11
2514,16,860,29,221,38,1556,11
2514,16,860,29,221,38,1568,11
2514,16,860,29,221,38,1599,11
2514,16,860,29,221,38,1747,11
2514,16,860,29,221,38,1773,11
2514,16,860,29,221,38,1799,11
2514,16,860,29,221,38,1818,11
2514,16,860,29,221,38,1873,11
2514,16,860,29,221,38,1940,11
2514,16,860,29,221,38,1956,11
2514,16,860,29,221,38,1997,11
2514,16,860,29,221,38,2068,11
2514,16,860,29,221,38,2079,11
2514,16,860,29,221,38,2123,11
2514,16,860,29,221,38,2196,11
2514,16,860,29,221,38,2206,11
2514,16,860,29,221,38,2216,11
2514,16,860,29,221,38,2244,11
2514,16,860,29,221,38,2259,11
2514,16,860,29,221,38,2261,11
2514,16,860,29,221,38,2289,11
2514,16,860,29,221,38,2359,11
2514,16,860,29,221,38,2370,11
2514,16,860,29,221,38,2405,11
2514,16,860,29,235,50,45,11
2514,16,860,29,235,50,159,11
2514,16,860,29,235,50,272,11
2514,16,860,29,235,50,338,11
2514,16,860,29,235,50,390,11
2514,16,860,29,235,50,457,11
2514,16,860,29,235,50,463,11
2514,16,860,29,235,50,620,11
2514,16,860,29,235,50,700,11
2514,16,860,29,235,50,742,11
2514,16,860,29,235,50,758,11
2514,16,860,29,235,50,879,11
2514,16,860,29,235,50,927,11
2514,16,860,29,235,50,979,11
2514,16,860,29,235,50,1003,11
2514,16,860,29,235,50,1044,11
2514,16,860,29,235,50,1068,11
2514,16,860,29,235,50,1153,11
2514,16,860,29,235,50,1186,11
2514,16,860,29,235,50,1194,11
2514,16,860,29,235,50,1259,11
2514,16,860,29,235,50,1260,11
2514,16,860,29,235,50,1312,11
2514,16,860,29,235,50,1388,11
2514,16,860,29,235,50,1391,11
2514,16,860,29,235,50,1422,11
2514,16,860,29,235,50,1556,11
2514,16,860,29,235,50,1568,11
2514,16,860,29,235,50,1599,11
2514,16,860,29,235,50,1747,11
2514,16,860,29,235,50,1773,11
2514,16,860,29,235,50,1799,11
2514,16,860,29,235,50,1818,11
2514,16,860,29,235,50,1873,11
2514,16,860,29,235,50,1940,11
2514,16,860,29,235,50,1956,11
2514,16,860,29,235,50,1997,11
2514,16,860,29,235,50,2068,11
2514,16,860,29,235,50,2079,11
2514,16,860,29,235,50,2123,11
2514,16,860,29,235,50,2196,11
2514,16,860,29,235,50,2206,11
2514,16,860,29,235,50,2216,11
2514,16,860,29,235,50,2244,11
2514,16,860,29,235,50,2259,11
2514,16,860,29,235,50,2261,11
2514,16,860,29,235,50,2289,11
2514,16,860,29,235,50,2359,11
2514,16,860,29,235,50,2370,11
2514,16,860,29,235,50,2405,11
2514,16,860,29,743,21,45,11
2514,16,860,29,743,21,159,11
2514,16,860,29,743,21,272,11
2514,16,860,29,743,21,338,11
2514,16,860,29,743,21,390,11
2514,16,860,29,743,21,457,11
2514,16,860,29,743,21,463,11
2514,16,860,29,743,21,620,11
2514,16,860,29,743,21,700,11
2514,16,860,29,743,21,742,11
2514,16,860,29,743,21,758,11
2514,16,860,29,743,21,879,11
2514,16,860,29,743,21,927,11
2514,16,860,29,743,21,979,11
2514,16,860,29,743,21,1003,11
2514,16,860,29,743,21,1044,11
2514,16,860,29,743,21,1068,11
2514,16,860,29,743,21,1153,11
2514,16,860,29,743,21,1186,11
2514,16,860,29,743,21,1194,11
2514,16,860,29,743,21,1259,11
2514,16,860,29,743,21,1260,11
2514,16,860,29,743,21,1312,11
2514,16,860,29,743,21,1388,11
2514,16,860,29,743,21,1391,11
2514,16,860,29,743,21,1422,11
2514,16,860,29,743,21,1556,11
2514,16,860,29,743,21,1568,11
2514,16,860,29,743,21,1599,11
2514,16,860,29,743,21,1747,11
2514,16,860,29,743,21,1773,11
2514,16,860,29,743,21,1799,11
2514,16,860,29,743,21,1818,11
2514,16,860,29,743,21,1873,11
2514,16,860,29,743,21,1940,11
2514,16,860,29,743,21,1956,11
2514,16,860,29,743,21,1997,11
2514,16,860,29,743,21,2068,11
2514,16,860,29,743,21,2079,11
2514,16,860,29,743,21,2123,11
2514,16,860,29,743,21,2196,11
2514,16,860,29,743,21,2206,11
2514,16,860,29,743,21,2216,11
2514,16,860,29,743,21,2244,11
2514,16,860,29,743,21,2259,11
2514,16,860,29,743,21,2261,11
2514,16,860,29,743,21,2289,11
2514,16,860,29,743,21,2359,11
2514,16,860,29,743,21,2370,11
2514,16,860,29,743,21,2405,11
2514,16,860,29,896,49,45,11
2514,16,860,29,896,49,159,11
2514,16,860,29,896,49,272,11
2514,16,860,29,896,49,338,11
2514,16,860,29,896,49,390,11
2514,16,860,29,896,49,457,11
2514,16,860,29,896,49,463,11
2514,16,860,29,896,49,620,11
2514,16,860,29,896,49,700,11
2514,16,860,29,896,49,742,11
2514,16,860,29,896,49,758,11
2514,16,860,29,896,49,879,11
2514,16,860,29,896,49,927,11
2514,16,860,29,896,49,979,11
2514,16,860,29,896,49,1003,11
2514,16,860,29,896,49,1044,11
2514,16,860,29,896,49,1068,11
2514,16,860,29,896,49,1153,11
2514,16,860,29,896,49,1186,11
2514,16,860,29,896,49,1194,11
2514,16,860,29,896,49,1259,11
2514,16,860,29,896,49,1260,11
2514,16,860,29,896,49,1312,11
2514,16,860,29,896,49,1388,11
2514,16,860,29,896,49,1391,11
2514,16,860,29,896,49,1422,11
2514,16,860,29,896,49,1556,11
2514,16,860,29,896,49,1568,11
2514,16,860,29,896,49,1599,11
2514,16,860,29,896,49,1747,11
2514,16,860,29,896,49,1773,11
2514,16,860,29,896,49,1799,11
2514,16,860,29,896,49,1818,11
2514,16,860,29,896,49,1873,11
2514,16,860,29,896,49,1940,11
2514,16,860,29,896,49,1956,11
2514,16,860,29,896,49,1997,11
2514,16,860,29,896,49,2068,11
2514,16,860,29,896,49,2079,11
2514,16,860,29,896,49,2123,11
2514,16,860,29,896,49,2196,11
2514,16,860,29,896,49,2206,11
2514,16,860,29,896,49,2216,11
2514,16,860,29,896,49,2244,11
2514,16,860,29,896,49,2259,11
2514,16,860,29,896,49,2261,11
2514,16,860,29,896,49,2289,11
2514,16,860,29,896,49,2359,11
2514,16,860,29,896,49,2370,11
2514,16,860,29,896,49,2405,11
2514,16,860,29,1160,22,45,11
2514,16,860,29,1160,22,159,11
2514,16,860,29,1160,22,272,11
2514,16,860,29,1160,22,338,11
2514,16,860,29,1160,22,390,11
2514,16,860,29,1160,22,457,11
2514,16,860,29,1160,22,463,11
2514,16,860,29,1160,22,620,11
2514,16,860,29,1160,22,700,11
2514,16,860,29,1160,22,742,11
2514,16,860,29,1160,22,758,11
2514,16,860,29,1160,22,879,11
2514,16,860,29,1160,22,927,11
2514,16,860,29,1160,22,979,11
2514,16,860,29,1160,22,1003,11
2514,16,860,29,1160,22,1044,11
2514,16,860,29,1160,22,1068,11
2514,16,860,29,1160,22,1153,11
2514,16,860,29,1160,22,1186,11
2514,16,860,29,1160,22,1194,11
2514,16,860,29,1160,22,1259,11
2514,16,860,29,1160,22,1260,11
2514,16,860,29,1160,22,1312,11
2514,16,860,29,1160,22,1388,11
2514,16,860,29,1160,22,1391,11
2514,16,860,29,1160,22,1422,11
2514,16,860,29,1160,22,1556,11
2514,16,860,29,1160,22,1568,11
2514,16,860,29,1160,22,1599,11
2514,16,860,29,1160,22,1747,11
2514,16,860,29,1160,22,1773,11
2514,16,860,29,1160,22,1799,11
2514,16,860,29,1160,22,1818,11
2514,16,860,29,1160,22,1873,11
2514,16,860,29,1160,22,1940,11
2514,16,860,29,1160,22,1956,11
2514,16,860,29,1160,22,1997,11
2514,16,860,29,1160,22,2068,11
2514,16,860,29,1160,22,2079,11
2514,16,860,29,1160,22,2123,11
2514,16,860,29,1160,22,2196,11
2514,16,860,29,1160,22,2206,11
2514,16,860,29,1160,22,2216,11
2514,16,860,29,1160,22,2244,11
2514,16,860,29,1160,22,2259,11
2514,16,860,29,1160,22,2261,11
2514,16,860,29,1160,22,2289,11
2514,16,860,29,1160,22,2359,11
2514,16,860,29,1160,22,2370,11
2514,16,860,29,1160,22,2405,11
2514,16,860,29,1177,18,45,11
2514,16,860,29,1177,18,159,11
2514,16,860,29,1177,18,272,11
2514,16,860,29,1177,18,338,11
2514,16,860,29,1177,18,390,11
2514,16,860,29,1177,18,457,11
2514,16,860,29,1177,18,463,11
2514,16,860,29,1177,18,620,11
2514,16,860,29,1177,18,700,11
2514,16,860,29,1177,18,742,11
2514,16,860,29,1177,18,758,11
2514,16,860,29,1177,18,879,11
2514,16,860,29,1177,18,927,11
2514,16,860,29,1177,18,979,11
2514,16,860,29,1177,18,1003,11
2514,16,860,29,1177,18,1044,11
2514,16,860,29,1177,18,1068,11
2514,16,860,29,1177,18,1153,11
2514,16,860,29,1177,18,1186,11
2514,16,860,29,1177,18,1194,11
2514,16,860,29,1177,18,1259,11
2514,16,860,29,1177,18,1260,11
2514,16,860,29,1177,18,1312,11
2514,16,860,29,1177,18,1388,11
2514,16,860,29,1177,18,1391,11
2514,16,860,29,1177,18,1422,11
2514,16,860,29,1177,18,1556,11
2514,16,860,29,1177,18,1568,11
2514,16,860,29,1177,18,1599,11
2514,16,860,29,1177,18,1747,11
2514,16,860,29,1177,18,1773,11
2514,16,860,29,1177,18,1799,11
2514,16,860,29,1177,18,1818,11
2514,16,860,29,1177,18,1873,11
2514,16,860,29,1177,18,1940,11
2514,16,860,29,1177,18,1956,11
2514,16,860,29,1177,18,1997,11
2514,16,860,29,1177,18,2068,11
2514,16,860,29,1177,18,2079,11
2514,16,860,29,1177,18,2123,11
2514,16,860,29,1177,18,2196,11
2514,16,860,29,1177,18,2206,11
2514,16,860,29,1177,18,2216,11
2514,16,860,29,1177,18,2244,11
2514,16,860,29,1177,18,2259,11
2514,16,860,29,1177,18,2261,11
2514,16,860,29,1177,18,2289,11
2514,16,860,29,1177,18,2359,11
2514,16,860,29,1177,18,2370,11
2514,16,860,29,1177,18,2405,11
2514,16,860,29,1369,39,45,11
2514,16,860,29,1369,39,159,11
2514,16,860,29,1369,39,272,11
2514,16,860,29,1369,39,338,11
2514,16,860,29,1369,39,390,11
2514,16,860,29,1369,39,457,11
2514,16,860,29,1369,39,463,11
2514,16,860,29,1369,39,620,11
2514,16,860,29,1369,39,700,11
2514,16,860,29,1369,39,742,11
2514,16,860,29,1369,39,758,11
2514,16,860,29,1369,39,879,11
2514,16,860,29,1369,39,927,11
2514,16,860,29,1369,39,979,11
2514,16,860,29,1369,39,1003,11
2514,16,860,29,1369,39,1044,11
2514,16,860,29,1369,39,1068,11
2514,16,860,29,1369,39,1153,11
2514,16,860,29,1369,39,1186,11
2514,16,860,29,1369,39,1194,11
2514,16,860,29,1369,39,1259,11
2514,16,860,29,1369,39,1260,11
2514,16,860,29,1369,39,1312,11
2514,16,860,29,1369,39,1388,11
2514,16,860,29,1369,39,1391,11
2514,16,860,29,1369,39,1422,11
2514,16,860,29,1369,39,1556,11
2514,16,860,29,1369,39,1568,11
2514,16,860,29,1369,39,1599,11
2514,16,860,29,1369,39,1747,11
2514,16,860,29,1369,39,1773,11
2514,16,860,29,1369,39,1799,11
2514,16,860,29,1369,39,1818,11
2514,16,860,29,1369,39,1873,11
2514,16,860,29,1369,39,1940,11
2514,16,860,29,1369,39,1956,11
2514,16,860,29,1369,39,1997,11
2514,16,860,29,1369,39,2068,11
2514,16,860,29,1369,39,2079,11
2514,16,860,29,1369,39,2123,11
2514,16,860,29,1369,39,2196,11
2514,16,860,29,1369,39,2206,11
2514,16,860,29,1369,39,2216,11
2514,16,860,29,1369,39,2244,11
2514,16,860,29,1369,39,2259,11
2514,16,860,29,1369,39,2261,11
2514,16,860,29,1369,39,2289,11
2514,16,860,29,1369,39,2359,11
2514,16,860,29,1369,39,2370,11
2514,16,860,29,1369,39,2405,11
2514,16,860,29,1433,34,45,11
2514,16,860,29,1433,34,159,11
2514,16,860,29,1433,34,272,11
2514,16,860,29,1433,34,338,11
2514,16,860,29,1433,34,390,11
2514,16,860,29,1433,34,457,11
2514,16,860,29,1433,34,463,11
2514,16,860,29,1433,34,620,11
2514,16,860,29,1433,34,700,11
2514,16,860,29,1433,34,742,11
2514,16,860,29,1433,34,758,11
2514,16,860,29,1433,34,879,11
2514,16,860,29,1433,34,927,11
2514,16,860,29,1433,34,979,11
2514,16,860,29,1433,34,1003,11
2514,16,860,29,1433,34,1044,11
2514,16,860,29,1433,34,1068,11
2514,16,860,29,1433,34,1153,11
2514,16,860,29,1433,34,1186,11
2514,16,860,29,1433,34,1194,11
2514,16,860,29,1433,34,1259,11
2514,16,860,29,1433,34,1260,11
2514,16,860,29,1433,34,1312,11
2514,16,860,29,1433,34,1388,11
2514,16,860,29,1433,34,1391,11
2514,16,860,29,1433,34,1422,11
2514,16,860,29,1433,34,1556,11
2514,16,860,29,1433,34,1568,11
2514,16,860,29,1433,34,1599,11
2514,16,860,29,1433,34,1747,11
2514,16,860,29,1433,34,1773,11
2514,16,860,29,1433,34,1799,11
2514,16,860,29,1433,34,1818,11
2514,16,860,29,1433,34,1873,11
2514,16,860,29,1433,34,1940,11
2514,16,860,29,1433,34,1956,11
2514,16,860,29,1433,34,1997,11
2514,16,860,29,1433,34,2068,11
2514,16,860,29,1433,34,2079,11
2514,16,860,29,1433,34,2123,11
2514,16,860,29,1433,34,2196,11
2514,16,860,29,1433,34,2206,11
2514,16,860,29,1433,34,2216,11
2514,16,860,29,1433,34,2244,11
2514,16,860,29,1433,34,2259,11
2514,16,860,29,1433,34,2261,11
2514,16,860,29,1433,34,2289,11
2514,16,860,29,1433,34,2359,11
2514,16,860,29,1433,34,2370,11
2514,16,860,29,1433,34,2405,11
2514,16,860,29,1446,27,45,11
2514,16,860,29,1446,27,159,11
2514,16,860,29,1446,27,272,11
2514,16,860,29,1446,27,338,11
2514,16,860,29,1446,27,390,11
2514,16,860,29,1446,27,463,11
2514,16,860,29,1446,27,620,11
2514,16,860,29,1446,27,742,11
2514,16,860,29,1446,27,758,11
2514,16,860,29,1446,27,879,11
2514,16,860,29,1446,27,979,11
2514,16,860,29,1446,27,1044,11
2514,16,860,29,1446,27,1068,11
2514,16,860,29,1446,27,1186,11
2514,16,860,29,1446,27,1259,11
2514,16,860,29,1446,27,1260,11
2514,16,860,29,1446,27,1312,11
2514,16,860,29,1446,27,1388,11
2514,16,860,29,1446,27,1391,11
2514,16,860,29,1446,27,1422,11
2514,16,860,29,1446,27,1556,11
2514,16,860,29,1446,27,1747,11
2514,16,860,29,1446,27,1773,11
2514,16,860,29,1446,27,1799,11
2514,16,860,29,1446,27,1873,11
2514,16,860,29,1446,27,1956,11
2514,16,860,29,1446,27,1997,11
2514,16,860,29,1446,27,2068,11
2514,16,860,29,1446,27,2079,11
2514,16,860,29,1446,27,2123,11
2514,16,860,29,1446,27,2196,11
2514,16,860,29,1446,27,2206,11
2514,16,860,29,1446,27,2216,11
2514,16,860,29,1446,27,2244,11
2514,16,860,29,1446,27,2259,11
2514,16,860,29,1446,27,2261,11
2514,16,860,29,1446,27,2289,11
2514,16,860,29,1446,27,2359,11
2514,16,860,29,1446,27,2370,11
2514,16,860,29,1446,27,2405,11
2514,16,860,29,1626,20,45,11
2514,16,860,29,1626,20,159,11
2514,16,860,29,1626,20,272,11
2514,16,860,29,1626,20,338,11
2514,16,860,29,1626,20,390,11
2514,16,860,29,1626,20,457,11
2514,16,860,29,1626,20,463,11
2514,16,860,29,1626,20,620,11
2514,16,860,29,1626,20,700,11
2514,16,860,29,1626,20,742,11
2514,16,860,29,1626,20,758,11
2514,16,860,29,1626,20,879,11
2514,16,860,29,1626,20,927,11
2514,16,860,29,1626,20,979,11
2514,16,860,29,1626,20,1003,11
2514,16,860,29,1626,20,1044,11
2514,16,860,29,1626,20,1068,11
2514,16,860,29,1626,20,1153,11
2514,16,860,29,1626,20,1186,11
2514,16,860,29,1626,20,1194,11
2514,16,860,29,1626,20,1259,11
2514,16,860,29,1626,20,1260,11
2514,16,860,29,1626,20,1312,11
2514,16,860,29,1626,20,1388,11
2514,16,860,29,1626,20,1391,11
2514,16,860,29,1626,20,1422,11
2514,16,860,29,1626,20,1556,11
2514,16,860,29,1626,20,1568,11
2514,16,860,29,1626,20,1599,11
2514,16,860,29,1626,20,1747,11
2514,16,860,29,1626,20,1773,11
2514,16,860,29,1626,20,1799,11
2514,16,860,29,1626,20,1818,11
2514,16,860,29,1626,20,1873,11
2514,16,860,29,1626,20,1940,11
2514,16,860,29,1626,20,1956,11
2514,16,860,29,1626,20,1997,11
2514,16,860,29,1626,20,2068,11
2514,16,860,29,1626,20,2079,11
2514,16,860,29,1626,20,2123,11
2514,16,860,29,1626,20,2196,11
2514,16,860,29,1626,20,2206,11
2514,16,860,29,1626,20,2216,11
2514,16,860,29,1626,20,2244,11
2514,16,860,29,1626,20,2259,11
2514,16,860,29,1626,20,2261,11
2514,16,860,29,1626,20,2289,11
2514,16,860,29,1626,20,2359,11
2514,16,860,29,1626,20,2370,11
2514,16,860,29,1626,20,2405,11
2514,16,860,29,1767,20,45,11
2514,16,860,29,1767,20,159,11
2514,16,860,29,1767,20,272,11
2514,16,860,29,1767,20,338,11
2514,16,860,29,1767,20,390,11
2514,16,860,29,1767,20,457,11
2514,16,860,29,1767,20,463,11
2514,16,860,29,1767,20,620,11
2514,16,860,29,1767,20,700,11
2514,16,860,29,1767,20,742,11
2514,16,860,29,1767,20,758,11
2514,16,860,29,1767,20,879,11
2514,16,860,29,1767,20,927,11
2514,16,860,29,1767,20,979,11
2514,16,860,29,1767,20,1003,11
2514,16,860,29,1767,20,1044,11
2514,16,860,29,1767,20,1068,11
2514,16,860,29,1767,20,1153,11
2514,16,860,29,1767,20,1186,11
2514,16,860,29,1767,20,1194,11
2514,16,860,29,1767,20,1259,11
2514,16,860,29,1767,20,1260,11
2514,16,860,29,1767,20,1312,11
2514,16,860,29,1767,20,1388,11
2514,16,860,29,1767,20,1391,11
2514,16,860,29,1767,20,1422,11
2514,16,860,29,1767,20,1556,11
2514,16,860,29,1767,20,1568,11
2514,16,860,29,1767,20,1599,11
2514,16,860,29,1767,20,1747,11
2514,16,860,29,1767,20,1773,11
2514,16,860,29,1767,20,1799,11
2514,16,860,29,1767,20,1818,11
2514,16,860,29,1767,20,1873,11
2514,16,860,29,1767,20,1940,11
2514,16,860,29,1767,20,1956,11
2514,16,860,29,1767,20,1997,11
2514,16,860,29,1767,20,2068,11
2514,16,860,29,1767,20,2079,11
2514,16,860,29,1767,20,2123,11
2514,16,860,29,1767,20,2196,11
2514,16,860,29,1767,20,2206,11
2514,16,860,29,1767,20,2216,11
2514,16,860,29,1767,20,2244,11
2514,16,860,29,1767,20,2259,11
2514,16,860,29,1767,20,2261,11
2514,16,860,29,1767,20,2289,11
2514,16,860,29,1767,20,2359,11
2514,16,860,29,1767,20,2370,11
2514,16,860,29,1767,20,2405,11
2514,16,860,29,1806,46,45,11
2514,16,860,29,1806,46,159,11
2514,16,860,29,1806,46,272,11
2514,16,860,29,1806,46,338,11
2514,16,860,29,1806,46,390,11
2514,16,860,29,1806,46,457,11
2514,16,860,29,1806,46,463,11
2514,16,860,29,1806,46,620,11
2514,16,860,29,1806,46,700,11
2514,16,860,29,1806,46,742,11
2514,16,860,29,1806,46,758,11
2514,16,860,29,1806,46,879,11
2514,16,860,29,1806,46,927,11
2514,16,860,29,1806,46,979,11
2514,16,860,29,1806,46,1003,11
2514,16,860,29,1806,46,1044,11
2514,16,860,29,1806,46,1068,11
2514,16,860,29,1806,46,1153,11
2514,16,860,29,1806,46,1186,11
2514,16,860,29,1806,46,1194,11
2514,16,860,29,1806,46,1259,11
2514,16,860,29,1806,46,1260,11
2514,16,860,29,1806,46,1312,11
2514,16,860,29,1806,46,1388,11
2514,16,860,29,1806,46,1391,11
2514,16,860,29,1806,46,1422,11
2514,16,860,29,1806,46,1556,11
2514,16,860,29,1806,46,1568,11
2514,16,860,29,1806,46,1599,11
2514,16,860,29,1806,46,1747,11
2514,16,860,29,1806,46,1773,11
2514,16,860,29,1806,46,1799,11
2514,16,860,29,1806,46,1818,11
2514,16,860,29,1806,46,1873,11
2514,16,860,29,1806,46,1940,11
2514,16,860,29,1806,46,1956,11
2514,16,860,29,1806,46,1997,11
2514,16,860,29,1806,46,2068,11
2514,16,860,29,1806,46,2079,11
2514,16,860,29,1806,46,2123,11
2514,16,860,29,1806,46,2196,11
2514,16,860,29,1806,46,2206,11
2514,16,860,29,1806,46,2216,11
2514,16,860,29,1806,46,2244,11
2514,16,860,29,1806,46,2259,11
2514,16,860,29,1806,46,2261,11
2514,16,860,29,1806,46,2289,11
2514,16,860,29,1806,46,2359,11
2514,16,860,29,1806,46,2370,11
2514,16,860,29,1806,46,2405,11
2514,16,860,29,1855,33,45,11
2514,16,860,29,1855,33,159,11
2514,16,860,29,1855,33,272,11
2514,16,860,29,1855,33,338,11
2514,16,860,29,1855,33,390,11
2514,16,860,29,1855,33,457,11
2514,16,860,29,1855,33,463,11
2514,16,860,29,1855,33,620,11
2514,16,860,29,1855,33,700,11
2514,16,860,29,1855,33,742,11
2514,16,860,29,1855,33,758,11
2514,16,860,29,1855,33,879,11
2514,16,860,29,1855,33,927,11
2514,16,860,29,1855,33,979,11
2514,16,860,29,1855,33,1003,11
2514,16,860,29,1855,33,1044,11
2514,16,860,29,1855,33,1068,11
2514,16,860,29,1855,33,1153,11
2514,16,860,29,1855,33,1186,11
2514,16,860,29,1855,33,1194,11
2514,16,860,29,1855,33,1259,11
2514,16,860,29,1855,33,1260,11
2514,16,860,29,1855,33,1312,11
2514,16,860,29,1855,33,1388,11
2514,16,860,29,1855,33,1391,11
2514,16,860,29,1855,33,1422,11
2514,16,860,29,1855,33,1556,11
2514,16,860,29,1855,33,1568,11
2514,16,860,29,1855,33,1599,11
2514,16,860,29,1855,33,1747,11
2514,16,860,29,1855,33,1773,11
2514,16,860,29,1855,33,1799,11
2514,16,860,29,1855,33,1818,11
2514,16,860,29,1855,33,1873,11
2514,16,860,29,1855,33,1940,11
2514,16,860,29,1855,33,1956,11
2514,16,860,29,1855,33,1997,11
2514,16,860,29,1855,33,2068,11
2514,16,860,29,1855,33,2079,11
2514,16,860,29,1855,33,2123,11
2514,16,860,29,1855,33,2196,11
2514,16,860,29,1855,33,2206,11
2514,16,860,29,1855,33,2216,11
2514,16,860,29,1855,33,2244,11
2514,16,860,29,1855,33,2259,11
2514,16,860,29,1855,33,2261,11
2514,16,860,29,1855,33,2289,11
2514,16,860,29,1855,33,2359,11
2514,16,860,29,1855,33,2370,11
2514,16,860,29,1855,33,2405,11
