2514,16,1806,9,167,9,45,11
2514,16,1806,9,167,9,159,11
2514,16,1806,9,167,9,272,11
2514,16,1806,9,167,9,338,11
2514,16,1806,9,167,9,390,11
2514,16,1806,9,167,9,457,11
2514,16,1806,9,167,9,463,11
2514,16,1806,9,167,9,620,11
2514,16,1806,9,167,9,700,11
2514,16,1806,9,167,9,742,11
2514,16,1806,9,167,9,758,11
2514,16,1806,9,167,9,879,11
2514,16,1806,9,167,9,927,11
2514,16,1806,9,167,9,979,11
2514,16,1806,9,167,9,1003,11
2514,16,1806,9,167,9,1044,11
2514,16,1806,9,167,9,1068,11
2514,16,1806,9,167,9,1153,11
2514,16,1806,9,167,9,1186,11
2514,16,1806,9,167,9,1194,11
2514,16,1806,9,167,9,1259,11
2514,16,1806,9,167,9,1260,11
2514,16,1806,9,167,9,1312,11
2514,16,1806,9,167,9,1388,11
2514,16,1806,9,167,9,1391,11
2514,16,1806,9,167,9,1422,11
2514,16,1806,9,167,9,1556,11
2514,16,1806,9,167,9,1568,11
2514,16,1806,9,167,9,1599,11
2514,16,1806,9,167,9,1747,11
2514,16,1806,9,167,9,1773,11
2514,16,1806,9,167,9,1799,11
2514,16,1806,9,167,9,1818,11
2514,16,1806,9,167,9,1873,11
2514,16,1806,9,167,9,1940,11
2514,16,1806,9,167,9,1956,11
2514,16,1806,9,167,9,1997,11
2514,16,1806,9,167,9,2068,11
2514,16,1806,9,167,9,2079,11
2514,16,1806,9,167,9,2123,11
2514,16,1806,9,167,9,2196,11
2514,16,1806,9,167,9,2206,11
2514,16,1806,9,167,9,2216,11
2514,16,1806,9,167,9,2244,11
2514,16,1806,9,167,9,2259,11
2514,16,1806,9,167,9,2261,11
2514,16,1806,9,167,9,2289,11
2514,16,1806,9,167,9,2359,11
2514,16,1806,9,167,9,2370,11
2514,16,1806,9,167,9,2405,11
2514,16,1806,9,297,17,45,11
2514,16,1806,9,297,17,159,11
2514,16,1806,9,297,17,272,11
2514,16,1806,9,297,17,338,11
2514,16,1806,9,297,17,390,11
2514,16,1806,9,297,17,457,11
2514,16,1806,9,297,17,463,11
2514,16,1806,9,297,17,620,11
2514,16,1806,9,297,17,700,11
2514,16,1806,9,297,17,742,11
2514,16,1806,9,297,17,758,11
2514,16,1806,9,297,17,879,11
2514,16,1806,9,297,17,927,11
2514,16,1806,9,297,17,979,11
2514,16,1806,9,297,17,1003,11
2514,16,1806,9,297,17,1044,11
2514,16,1806,9,297,17,1068,11
2514,16,1806,9,297,17,1153,11
2514,16,1806,9,297,17,1186,11
2514,16,1806,9,297,17,1194,11
2514,16,1806,9,297,17,1259,11
2514,16,1806,9,297,17,1260,11
2514,16,1806,9,297,17,1312,11
2514,16,1806,9,297,17,1388,11
2514,16,1806,9,297,17,1391,11
2514,16,1806,9,297,17,1422,11
2514,16,1806,9,297,17,1556,11
2514,16,1806,9,297,17,1568,11
2514,16,1806,9,297,17,1599,11
2514,16,1806,9,297,17,1747,11
2514,16,1806,9,297,17,1773,11
2514,16,1806,9,297,17,1799,11
2514,16,1806,9,297,17,1818,11
2514,16,1806,9,297,17,1873,11
2514,16,1806,9,297,17,1940,11
2514,16,1806,9,297,17,1956,11
2514,16,1806,9,297,17,1997,11
2514,16,1806,9,297,17,2068,11
2514,16,1806,9,297,17,2079,11
2514,16,1806,9,297,17,2123,11
2514,16,1806,9,297,17,2196,11
2514,16,1806,9,297,17,2206,11
2514,16,1806,9,297,17,2216,11
2514,16,1806,9,297,17,2244,11
2514,16,1806,9,297,17,2259,11
2514,16,1806,9,297,17,2261,11
2514,16,1806,9,297,17,2289,11
2514,16,1806,9,297,17,2359,11
2514,16,1806,9,297,17,2370,11
2514,16,1806,9,297,17,2405,11
2514,16,1806,9,396,21,45,11
2514,16,1806,9,396,21,159,11
2514,16,1806,9,396,21,272,11
2514,16,1806,9,396,21,338,11
2514,16,1806,9,396,21,390,11
2514,16,1806,9,396,21,457,11
2514,16,1806,9,396,21,463,11
2514,16,1806,9,396,21,620,11
2514,16,1806,9,396,21,700,11
2514,16,1806,9,396,21,742,11
2514,16,1806,9,396,21,758,11
2514,16,1806,9,396,21,879,11
2514,16,1806,9,396,21,927,11
2514,16,1806,9,396,21,979,11
2514,16,1806,9,396,21,1003,11
2514,16,1806,9,396,21,1044,11
2514,16,1806,9,396,21,1068,11
2514,16,1806,9,396,21,1153,11
2514,16,1806,9,396,21,1186,11
2514,16,1806,9,396,21,1194,11
2514,16,1806,9,396,21,1259,11
2514,16,1806,9,396,21,1260,11
2514,16,1806,9,396,21,1312,11
2514,16,1806,9,396,21,1388,11
2514,16,1806,9,396,21,1391,11
2514,16,1806,9,396,21,1422,11
2514,16,1806,9,396,21,1556,11
2514,16,1806,9,396,21,1568,11
2514,16,1806,9,396,21,1599,11
2514,16,1806,9,396,21,1747,11
2514,16,1806,9,396,21,1773,11
2514,16,1806,9,396,21,1799,11
2514,16,1806,9,396,21,1818,11
2514,16,1806,9,396,21,1873,11
2514,16,1806,9,396,21,1940,11
2514,16,1806,9,396,21,1956,11
2514,16,1806,9,396,21,1997,11
2514,16,1806,9,396,21,2068,11
2514,16,1806,9,396,21,2079,11
2514,16,1806,9,396,21,2123,11
2514,16,1806,9,396,21,2196,11
2514,16,1806,9,396,21,2206,11
2514,16,1806,9,396,21,2216,11
2514,16,1806,9,396,21,2244,11
2514,16,1806,9,396,21,2259,11
2514,16,1806,9,396,21,2261,11
2514,16,1806,9,396,21,2289,11
2514,16,1806,9,396,21,2359,11
2514,16,1806,9,396,21,2370,11
2514,16,1806,9,396,21,2405,11
2514,16,1806,9,452,30,45,11
2514,16,1806,9,452,30,159,11
2514,16,1806,9,452,30,272,11
2514,16,1806,9,452,30,338,11
2514,16,1806,9,452,30,390,11
2514,16,1806,9,452,30,457,11
2514,16,1806,9,452,30,463,11
2514,16,1806,9,452,30,620,11
2514,16,1806,9,452,30,700,11
2514,16,1806,9,452,30,742,11
2514,16,1806,9,452,30,758,11
2514,16,1806,9,452,30,879,11
2514,16,1806,9,452,30,927,11
2514,16,1806,9,452,30,979,11
2514,16,1806,9,452,30,1003,11
2514,16,1806,9,452,30,1044,11
2514,16,1806,9,452,30,1068,11
2514,16,1806,9,452,30,1153,11
2514,16,1806,9,452,30,1186,11
2514,16,1806,9,452,30,1194,11
2514,16,1806,9,452,30,1259,11
2514,16,1806,9,452,30,1260,11
2514,16,1806,9,452,30,1312,11
2514,16,1806,9,452,30,1388,11
2514,16,1806,9,452,30,1391,11
2514,16,1806,9,452,30,1422,11
2514,16,1806,9,452,30,1556,11
2514,16,1806,9,452,30,1568,11
2514,16,1806,9,452,30,1599,11
2514,16,1806,9,452,30,1747,11
2514,16,1806,9,452,30,1773,11
2514,16,1806,9,452,30,1799,11
2514,16,1806,9,452,30,1818,11
2514,16,1806,9,452,30,1873,11
2514,16,1806,9,452,30,1940,11
2514,16,1806,9,452,30,1956,11
2514,16,1806,9,452,30,1997,11
2514,16,1806,9,452,30,2068,11
2514,16,1806,9,452,30,2079,11
2514,16,1806,9,452,30,2123,11
2514,16,1806,9,452,30,2196,11
2514,16,1806,9,452,30,2206,11
2514,16,1806,9,452,30,2216,11
2514,16,1806,9,452,30,2244,11
2514,16,1806,9,452,30,2259,11
2514,16,1806,9,452,30,2261,11
2514,16,1806,9,452,30,2289,11
2514,16,1806,9,452,30,2359,11
2514,16,1806,9,452,30,2370,11
2514,16,1806,9,452,30,2405,11
2514,16,1806,9,464,29,45,11
2514,16,1806,9,464,29,159,11
2514,16,1806,9,464,29,272,11
2514,16,1806,9,464,29,338,11
2514,16,1806,9,464,29,390,11
2514,16,1806,9,464,29,457,11
2514,16,1806,9,464,29,463,11
2514,16,1806,9,464,29,620,11
2514,16,1806,9,464,29,700,11
2514,16,1806,9,464,29,742,11
2514,16,1806,9,464,29,758,11
2514,16,1806,9,464,29,879,11
2514,16,1806,9,464,29,927,11
2514,16,1806,9,464,29,979,11
2514,16,1806,9,464,29,1003,11
2514,16,1806,9,464,29,1044,11
2514,16,1806,9,464,29,1068,11
2514,16,1806,9,464,29,1153,11
2514,16,1806,9,464,29,1186,11
2514,16,1806,9,464,29,1194,11
2514,16,1806,9,464,29,1259,11
2514,16,1806,9,464,29,1260,11
2514,16,1806,9,464,29,1312,11
2514,16,1806,9,464,29,1388,11
2514,16,1806,9,464,29,1391,11
2514,16,1806,9,464,29,1422,11
2514,16,1806,9,464,29,1556,11
2514,16,1806,9,464,29,1568,11
2514,16,1806,9,464,29,1599,11
2514,16,1806,9,464,29,1747,11
2514,16,1806,9,464,29,1773,11
2514,16,1806,9,464,29,1799,11
2514,16,1806,9,464,29,1818,11
2514,16,1806,9,464,29,1873,11
2514,16,1806,9,464,29,1940,11
2514,16,1806,9,464,29,1956,11
2514,16,1806,9,464,29,1997,11
2514,16,1806,9,464,29,2068,11
2514,16,1806,9,464,29,2079,11
2514,16,1806,9,464,29,2123,11
2514,16,1806,9,464,29,2196,11
2514,16,1806,9,464,29,2206,11
2514,16,1806,9,464,29,2216,11
2514,16,1806,9,464,29,2244,11
2514,16,1806,9,464,29,2259,11
2514,16,1806,9,464,29,2261,11
2514,16,1806,9,464,29,2289,11
2514,16,1806,9,464,29,2359,11
2514,16,1806,9,464,29,2370,11
2514,16,1806,9,464,29,2405,11
2514,16,1806,9,466,33,45,11
2514,16,1806,9,466,33,159,11
2514,16,1806,9,466,33,272,11
2514,16,1806,9,466,33,338,11
2514,16,1806,9,466,33,390,11
2514,16,1806,9,466,33,457,11
2514,16,1806,9,466,33,463,11
2514,16,1806,9,466,33,620,11
2514,16,1806,9,466,33,700,11
2514,16,1806,9,466,33,742,11
2514,16,1806,9,466,33,758,11
2514,16,1806,9,466,33,879,11
2514,16,1806,9,466,33,927,11
2514,16,1806,9,466,33,979,11
2514,16,1806,9,466,33,1003,11
2514,16,1806,9,466,33,1044,11
2514,16,1806,9,466,33,1068,11
2514,16,1806,9,466,33,1153,11
2514,16,1806,9,466,33,1186,11
2514,16,1806,9,466,33,1194,11
2514,16,1806,9,466,33,1259,11
2514,16,1806,9,466,33,1260,11
2514,16,1806,9,466,33,1312,11
2514,16,1806,9,466,33,1388,11
2514,16,1806,9,466,33,1391,11
2514,16,1806,9,466,33,1422,11
2514,16,1806,9,466,33,1556,11
2514,16,1806,9,466,33,1568,11
2514,16,1806,9,466,33,1599,11
2514,16,1806,9,466,33,1747,11
2514,16,1806,9,466,33,1773,11
2514,16,1806,9,466,33,1799,11
2514,16,1806,9,466,33,1818,11
2514,16,1806,9,466,33,1873,11
2514,16,1806,9,466,33,1940,11
2514,16,1806,9,466,33,1956,11
2514,16,1806,9,466,33,1997,11
2514,16,1806,9,466,33,2068,11
2514,16,1806,9,466,33,2079,11
2514,16,1806,9,466,33,2123,11
2514,16,1806,9,466,33,2196,11
2514,16,1806,9,466,33,2206,11
2514,16,1806,9,466,33,2216,11
2514,16,1806,9,466,33,2244,11
2514,16,1806,9,466,33,2259,11
2514,16,1806,9,466,33,2261,11
2514,16,1806,9,466,33,2289,11
2514,16,1806,9,466,33,2359,11
2514,16,1806,9,466,33,2370,11
2514,16,1806,9,466,33,2405,11
2514,16,1806,9,606,48,45,11
2514,16,1806,9,606,48,159,11
2514,16,1806,9,606,48,272,11
2514,16,1806,9,606,48,338,11
2514,16,1806,9,606,48,390,11
2514,16,1806,9,606,48,463,11
2514,16,1806,9,606,48,620,11
2514,16,1806,9,606,48,742,11
2514,16,1806,9,606,48,758,11
2514,16,1806,9,606,48,879,11
2514,16,1806,9,606,48,979,11
2514,16,1806,9,606,48,1044,11
2514,16,1806,9,606,48,1068,11
2514,16,1806,9,606,48,1186,11
2514,16,1806,9,606,48,1259,11
2514,16,1806,9,606,48,1260,11
2514,16,1806,9,606,48,1312,11
2514,16,1806,9,606,48,1388,11
2514,16,1806,9,606,48,1391,11
2514,16,1806,9,606,48,1422,11
2514,16,1806,9,606,48,1556,11
2514,16,1806,9,606,48,1747,11
2514,16,1806,9,606,48,1773,11
2514,16,1806,9,606,48,1799,11
2514,16,1806,9,606,48,1873,11
2514,16,1806,9,606,48,1956,11
2514,16,1806,9,606,48,1997,11
2514,16,1806,9,606,48,2068,11
2514,16,1806,9,606,48,2079,11
2514,16,1806,9,606,48,2123,11
2514,16,1806,9,606,48,2196,11
2514,16,1806,9,606,48,2206,11
2514,16,1806,9,606,48,2216,11
2514,16,1806,9,606,48,2244,11
2514,16,1806,9,606,48,2259,11
2514,16,1806,9,606,48,2261,11
2514,16,1806,9,606,48,2289,11
2514,16,1806,9,606,48,2359,11
2514,16,1806,9,606,48,2370,11
2514,16,1806,9,606,48,2405,11
2514,16,1806,9,675,46,45,11
2514,16,1806,9,675,46,159,11
2514,16,1806,9,675,46,272,11
2514,16,1806,9,675,46,338,11
2514,16,1806,9,675,46,390,11
2514,16,1806,9,675,46,457,11
2514,16,1806,9,675,46,463,11
2514,16,1806,9,675,46,620,11
2514,16,1806,9,675,46,700,11
2514,16,1806,9,675,46,742,11
2514,16,1806,9,675,46,758,11
2514,16,1806,9,675,46,879,11
2514,16,1806,9,675,46,927,11
2514,16,1806,9,675,46,979,11
2514,16,1806,9,675,46,1003,11
2514,16,1806,9,675,46,1044,11
2514,16,1806,9,675,46,1068,11
2514,16,1806,9,675,46,1153,11
2514,16,1806,9,675,46,1186,11
2514,16,1806,9,675,46,1194,11
2514,16,1806,9,675,46,1259,11
2514,16,1806,9,675,46,1260,11
2514,16,1806,9,675,46,1312,11
2514,16,1806,9,675,46,1388,11
2514,16,1806,9,675,46,1391,11
2514,16,1806,9,675,46,1422,11
2514,16,1806,9,675,46,1556,11
2514,16,1806,9,675,46,1568,11
2514,16,1806,9,675,46,1599,11
2514,16,1806,9,675,46,1747,11
2514,16,1806,9,675,46,1773,11
2514,16,1806,9,675,46,1799,11
2514,16,1806,9,675,46,1818,11
2514,16,1806,9,675,46,1873,11
2514,16,1806,9,675,46,1940,11
2514,16,1806,9,675,46,1956,11
2514,16,1806,9,675,46,1997,11
2514,16,1806,9,675,46,2068,11
2514,16,1806,9,675,46,2079,11
2514,16,1806,9,675,46,2123,11
2514,16,1806,9,675,46,2196,11
2514,16,1806,9,675,46,2206,11
2514,16,1806,9,675,46,2216,11
2514,16,1806,9,675,46,2244,11
2514,16,1806,9,675,46,2259,11
2514,16,1806,9,675,46,2261,11
2514,16,1806,9,675,46,2289,11
2514,16,1806,9,675,46,2359,11
2514,16,1806,9,675,46,2370,11
2514,16,1806,9,675,46,2405,11
2514,16,1806,9,980,19,45,11
2514,16,1806,9,980,19,159,11
2514,16,1806,9,980,19,272,11
2514,16,1806,9,980,19,338,11
2514,16,1806,9,980,19,390,11
2514,16,1806,9,980,19,457,11
2514,16,1806,9,980,19,463,11
2514,16,1806,9,980,19,620,11
2514,16,1806,9,980,19,700,11
2514,16,1806,9,980,19,742,11
2514,16,1806,9,980,19,758,11
2514,16,1806,9,980,19,879,11
2514,16,1806,9,980,19,927,11
2514,16,1806,9,980,19,979,11
2514,16,1806,9,980,19,1003,11
2514,16,1806,9,980,19,1044,11
2514,16,1806,9,980,19,1068,11
2514,16,1806,9,980,19,1153,11
2514,16,1806,9,980,19,1186,11
2514,16,1806,9,980,19,1194,11
2514,16,1806,9,980,19,1259,11
2514,16,1806,9,980,19,1260,11
2514,16,1806,9,980,19,1312,11
2514,16,1806,9,980,19,1388,11
2514,16,1806,9,980,19,1391,11
2514,16,1806,9,980,19,1422,11
2514,16,1806,9,980,19,1556,11
2514,16,1806,9,980,19,1568,11
2514,16,1806,9,980,19,1599,11
2514,16,1806,9,980,19,1747,11
2514,16,1806,9,980,19,1773,11
2514,16,1806,9,980,19,1799,11
2514,16,1806,9,980,19,1818,11
2514,16,1806,9,980,19,1873,11
2514,16,1806,9,980,19,1940,11
2514,16,1806,9,980,19,1956,11
2514,16,1806,9,980,19,1997,11
2514,16,1806,9,980,19,2068,11
2514,16,1806,9,980,19,2079,11
2514,16,1806,9,980,19,2123,11
2514,16,1806,9,980,19,2196,11
2514,16,1806,9,980,19,2206,11
2514,16,1806,9,980,19,2216,11
2514,16,1806,9,980,19,2244,11
2514,16,1806,9,980,19,2259,11
2514,16,1806,9,980,19,2261,11
2514,16,1806,9,980,19,2289,11
2514,16,1806,9,980,19,2359,11
2514,16,1806,9,980,19,2370,11
2514,16,1806,9,980,19,2405,11
2514,16,1806,9,1322,36,45,11
2514,16,1806,9,1322,36,159,11
2514,16,1806,9,1322,36,272,11
2514,16,1806,9,1322,36,338,11
2514,16,1806,9,1322,36,390,11
2514,16,1806,9,1322,36,457,11
2514,16,1806,9,1322,36,463,11
2514,16,1806,9,1322,36,620,11
2514,16,1806,9,1322,36,700,11
2514,16,1806,9,1322,36,742,11
2514,16,1806,9,1322,36,758,11
2514,16,1806,9,1322,36,879,11
2514,16,1806,9,1322,36,927,11
2514,16,1806,9,1322,36,979,11
2514,16,1806,9,1322,36,1003,11
2514,16,1806,9,1322,36,1044,11
2514,16,1806,9,1322,36,1068,11
2514,16,1806,9,1322,36,1153,11
2514,16,1806,9,1322,36,1186,11
2514,16,1806,9,1322,36,1194,11
2514,16,1806,9,1322,36,1259,11
2514,16,1806,9,1322,36,1260,11
2514,16,1806,9,1322,36,1312,11
2514,16,1806,9,1322,36,1388,11
2514,16,1806,9,1322,36,1391,11
2514,16,1806,9,1322,36,1422,11
2514,16,1806,9,1322,36,1556,11
2514,16,1806,9,1322,36,1568,11
2514,16,1806,9,1322,36,1599,11
2514,16,1806,9,1322,36,1747,11
2514,16,1806,9,1322,36,1773,11
2514,16,1806,9,1322,36,1799,11
2514,16,1806,9,1322,36,1818,11
2514,16,1806,9,1322,36,1873,11
2514,16,1806,9,1322,36,1940,11
2514,16,1806,9,1322,36,1956,11
2514,16,1806,9,1322,36,1997,11
2514,16,1806,9,1322,36,2068,11
2514,16,1806,9,1322,36,2079,11
2514,16,1806,9,1322,36,2123,11
2514,16,1806,9,1322,36,2196,11
2514,16,1806,9,1322,36,2206,11
2514,16,1806,9,1322,36,2216,11
2514,16,1806,9,1322,36,2244,11
2514,16,1806,9,1322,36,2259,11
2514,16,1806,9,1322,36,2261,11
2514,16,1806,9,1322,36,2289,11
2514,16,1806,9,1322,36,2359,11
2514,16,1806,9,1322,36,2370,11
2514,16,1806,9,1322,36,2405,11
2514,16,1806,9,1424,30,45,11
2514,16,1806,9,1424,30,159,11
2514,16,1806,9,1424,30,272,11
2514,16,1806,9,1424,30,338,11
2514,16,1806,9,1424,30,390,11
2514,16,1806,9,1424,30,457,11
2514,16,1806,9,1424,30,463,11
2514,16,1806,9,1424,30,620,11
2514,16,1806,9,1424,30,700,11
2514,16,1806,9,1424,30,742,11
2514,16,1806,9,1424,30,758,11
2514,16,1806,9,1424,30,879,11
2514,16,1806,9,1424,30,927,11
2514,16,1806,9,1424,30,979,11
2514,16,1806,9,1424,30,1003,11
2514,16,1806,9,1424,30,1044,11
2514,16,1806,9,1424,30,1068,11
2514,16,1806,9,1424,30,1153,11
2514,16,1806,9,1424,30,1186,11
2514,16,1806,9,1424,30,1194,11
2514,16,1806,9,1424,30,1259,11
2514,16,1806,9,1424,30,1260,11
2514,16,1806,9,1424,30,1312,11
2514,16,1806,9,1424,30,1388,11
2514,16,1806,9,1424,30,1391,11
2514,16,1806,9,1424,30,1422,11
2514,16,1806,9,1424,30,1556,11
2514,16,1806,9,1424,30,1568,11
2514,16,1806,9,1424,30,1599,11
2514,16,1806,9,1424,30,1747,11
2514,16,1806,9,1424,30,1773,11
2514,16,1806,9,1424,30,1799,11
2514,16,1806,9,1424,30,1818,11
2514,16,1806,9,1424,30,1873,11
2514,16,1806,9,1424,30,1940,11
2514,16,1806,9,1424,30,1956,11
2514,16,1806,9,1424,30,1997,11
2514,16,1806,9,1424,30,2068,11
2514,16,1806,9,1424,30,2079,11
2514,16,1806,9,1424,30,2123,11
2514,16,1806,9,1424,30,2196,11
2514,16,1806,9,1424,30,2206,11
2514,16,1806,9,1424,30,2216,11
2514,16,1806,9,1424,30,2244,11
2514,16,1806,9,1424,30,2259,11
2514,16,1806,9,1424,30,2261,11
2514,16,1806,9,1424,30,2289,11
2514,16,1806,9,1424,30,2359,11
2514,16,1806,9,1424,30,2370,11
2514,16,1806,9,1424,30,2405,11
2514,16,1806,9,1737,10,45,11
2514,16,1806,9,1737,10,159,11
2514,16,1806,9,1737,10,272,11
2514,16,1806,9,1737,10,338,11
2514,16,1806,9,1737,10,390,11
2514,16,1806,9,1737,10,457,11
2514,16,1806,9,1737,10,463,11
2514,16,1806,9,1737,10,620,11
2514,16,1806,9,1737,10,700,11
2514,16,1806,9,1737,10,742,11
2514,16,1806,9,1737,10,758,11
2514,16,1806,9,1737,10,879,11
2514,16,1806,9,1737,10,927,11
2514,16,1806,9,1737,10,979,11
2514,16,1806,9,1737,10,1003,11
2514,16,1806,9,1737,10,1044,11
2514,16,1806,9,1737,10,1068,11
2514,16,1806,9,1737,10,1153,11
2514,16,1806,9,1737,10,1186,11
2514,16,1806,9,1737,10,1194,11
2514,16,1806,9,1737,10,1259,11
2514,16,1806,9,1737,10,1260,11
2514,16,1806,9,1737,10,1312,11
2514,16,1806,9,1737,10,1388,11
2514,16,1806,9,1737,10,1391,11
2514,16,1806,9,1737,10,1422,11
2514,16,1806,9,1737,10,1556,11
2514,16,1806,9,1737,10,1568,11
2514,16,1806,9,1737,10,1599,11
2514,16,1806,9,1737,10,1747,11
2514,16,1806,9,1737,10,1773,11
2514,16,1806,9,1737,10,1799,11
2514,16,1806,9,1737,10,1818,11
2514,16,1806,9,1737,10,1873,11
2514,16,1806,9,1737,10,1940,11
2514,16,1806,9,1737,10,1956,11
2514,16,1806,9,1737,10,1997,11
2514,16,1806,9,1737,10,2068,11
2514,16,1806,9,1737,10,2079,11
2514,16,1806,9,1737,10,2123,11
2514,16,1806,9,1737,10,2196,11
2514,16,1806,9,1737,10,2206,11
2514,16,1806,9,1737,10,2216,11
2514,16,1806,9,1737,10,2244,11
2514,16,1806,9,1737,10,2259,11
2514,16,1806,9,1737,10,2261,11
2514,16,1806,9,1737,10,2289,11
2514,16,1806,9,1737,10,2359,11
2514,16,1806,9,1737,10,2370,11
2514,16,1806,9,1737,10,2405,11
2514,16,1806,9,1863,35,45,11
2514,16,1806,9,1863,35,159,11
2514,16,1806,9,1863,35,272,11
2514,16,1806,9,1863,35,338,11
2514,16,1806,9,1863,35,390,11
2514,16,1806,9,1863,35,457,11
2514,16,1806,9,1863,35,463,11
2514,16,1806,9,1863,35,620,11
2514,16,1806,9,1863,35,700,11
2514,16,1806,9,1863,35,742,11
2514,16,1806,9,1863,35,758,11
2514,16,1806,9,1863,35,879,11
2514,16,1806,9,1863,35,927,11
2514,16,1806,9,1863,35,979,11
2514,16,1806,9,1863,35,1003,11
2514,16,1806,9,1863,35,1044,11
2514,16,1806,9,1863,35,1068,11
2514,16,1806,9,1863,35,1153,11
2514,16,1806,9,1863,35,1186,11
2514,16,1806,9,1863,35,1194,11
2514,16,1806,9,1863,35,1259,11
2514,16,1806,9,1863,35,1260,11
2514,16,1806,9,1863,35,1312,11
2514,16,1806,9,1863,35,1388,11
2514,16,1806,9,1863,35,1391,11
2514,16,1806,9,1863,35,1422,11
2514,16,1806,9,1863,35,1556,11
2514,16,1806,9,1863,35,1568,11
2514,16,1806,9,1863,35,1599,11
2514,16,1806,9,1863,35,1747,11
2514,16,1806,9,1863,35,1773,11
2514,16,1806,9,1863,35,1799,11
2514,16,1806,9,1863,35,1818,11
2514,16,1806,9,1863,35,1873,11
2514,16,1806,9,1863,35,1940,11
2514,16,1806,9,1863,35,1956,11
2514,16,1806,9,1863,35,1997,11
2514,16,1806,9,1863,35,2068,11
2514,16,1806,9,1863,35,2079,11
2514,16,1806,9,1863,35,2123,11
2514,16,1806,9,1863,35,2196,11
2514,16,1806,9,1863,35,2206,11
2514,16,1806,9,1863,35,2216,11
2514,16,1806,9,1863,35,2244,11
2514,16,1806,9,1863,35,2259,11
2514,16,1806,9,1863,35,2261,11
2514,16,1806,9,1863,35,2289,11
2514,16,1806,9,1863,35,2359,11
2514,16,1806,9,1863,35,2370,11
2514,16,1806,9,1863,35,2405,11
