2514,16,890,10,27,30,45,11
2514,16,890,10,27,30,159,11
2514,16,890,10,27,30,272,11
2514,16,890,10,27,30,338,11
2514,16,890,10,27,30,390,11
2514,16,890,10,27,30,457,11
2514,16,890,10,27,30,463,11
2514,16,890,10,27,30,620,11
2514,16,890,10,27,30,700,11
2514,16,890,10,27,30,742,11
2514,16,890,10,27,30,758,11
2514,16,890,10,27,30,879,11
2514,16,890,10,27,30,927,11
2514,16,890,10,27,30,979,11
2514,16,890,10,27,30,1003,11
2514,16,890,10,27,30,1044,11
2514,16,890,10,27,30,1068,11
2514,16,890,10,27,30,1153,11
2514,16,890,10,27,30,1186,11
2514,16,890,10,27,30,1194,11
2514,16,890,10,27,30,1259,11
2514,16,890,10,27,30,1260,11
2514,16,890,10,27,30,1312,11
2514,16,890,10,27,30,1388,11
2514,16,890,10,27,30,1391,11
2514,16,890,10,27,30,1422,11
2514,16,890,10,27,30,1556,11
2514,16,890,10,27,30,1568,11
2514,16,890,10,27,30,1599,11
2514,16,890,10,27,30,1747,11
2514,16,890,10,27,30,1773,11
2514,16,890,10,27,30,1799,11
2514,16,890,10,27,30,1818,11
2514,16,890,10,27,30,1873,11
2514,16,890,10,27,30,1940,11
2514,16,890,10,27,30,1956,11
2514,16,890,10,27,30,1997,11
2514,16,890,10,27,30,2068,11
2514,16,890,10,27,30,2079,11
2514,16,890,10,27,30,2123,11
2514,16,890,10,27,30,2196,11
2514,16,890,10,27,30,2206,11
2514,16,890,10,27,30,2216,11
2514,16,890,10,27,30,2244,11
2514,16,890,10,27,30,2259,11
2514,16,890,10,27,30,2261,11
2514,16,890,10,27,30,2289,11
2514,16,890,10,27,30,2359,11
2514,16,890,10,27,30,2370,11
2514,16,890,10,27,30,2405,11
2514,16,890,10,50,41,45,11
2514,16,890,10,50,41,159,11
2514,16,890,10,50,41,272,11
2514,16,890,10,50,41,338,11
2514,16,890,10,50,41,390,11
2514,16,890,10,50,41,457,11
2514,16,890,10,50,41,463,11
2514,16,890,10,50,41,620,11
2514,16,890,10,50,41,700,11
2514,16,890,10,50,41,742,11
2514,16,890,10,50,41,758,11
2514,16,890,10,50,41,879,11
2514,16,890,10,50,41,927,11
2514,16,890,10,50,41,979,11
2514,16,890,10,50,41,1003,11
2514,16,890,10,50,41,1044,11
2514,16,890,10,50,41,1068,11
2514,16,890,10,50,41,1153,11
2514,16,890,10,50,41,1186,11
2514,16,890,10,50,41,1194,11
2514,16,890,10,50,41,1259,11
2514,16,890,10,50,41,1260,11
2514,16,890,10,50,41,1312,11
2514,16,890,10,50,41,1388,11
2514,16,890,10,50,41,1391,11
2514,16,890,10,50,41,1422,11
2514,16,890,10,50,41,1556,11
2514,16,890,10,50,41,1568,11
2514,16,890,10,50,41,1599,11
2514,16,890,10,50,41,1747,11
2514,16,890,10,50,41,1773,11
2514,16,890,10,50,41,1799,11
2514,16,890,10,50,41,1818,11
2514,16,890,10,50,41,1873,11
2514,16,890,10,50,41,1940,11
2514,16,890,10,50,41,1956,11
2514,16,890,10,50,41,1997,11
2514,16,890,10,50,41,2068,11
2514,16,890,10,50,41,2079,11
2514,16,890,10,50,41,2123,11
2514,16,890,10,50,41,2196,11
2514,16,890,10,50,41,2206,11
2514,16,890,10,50,41,2216,11
2514,16,890,10,50,41,2244,11
2514,16,890,10,50,41,2259,11
2514,16,890,10,50,41,2261,11
2514,16,890,10,50,41,2289,11
2514,16,890,10,50,41,2359,11
2514,16,890,10,50,41,2370,11
2514,16,890,10,50,41,2405,11
2514,16,890,10,290,38,45,11
2514,16,890,10,290,38,159,11
2514,16,890,10,290,38,272,11
2514,16,890,10,290,38,338,11
2514,16,890,10,290,38,390,11
2514,16,890,10,290,38,457,11
2514,16,890,10,290,38,463,11
2514,16,890,10,290,38,620,11
2514,16,890,10,290,38,700,11
2514,16,890,10,290,38,742,11
2514,16,890,10,290,38,758,11
2514,16,890,10,290,38,879,11
2514,16,890,10,290,38,927,11
2514,16,890,10,290,38,979,11
2514,16,890,10,290,38,1003,11
2514,16,890,10,290,38,1044,11
2514,16,890,10,290,38,1068,11
2514,16,890,10,290,38,1153,11
2514,16,890,10,290,38,1186,11
2514,16,890,10,290,38,1194,11
2514,16,890,10,290,38,1259,11
2514,16,890,10,290,38,1260,11
2514,16,890,10,290,38,1312,11
2514,16,890,10,290,38,1388,11
2514,16,890,10,290,38,1391,11
2514,16,890,10,290,38,1422,11
2514,16,890,10,290,38,1556,11
2514,16,890,10,290,38,1568,11
2514,16,890,10,290,38,1599,11
2514,16,890,10,290,38,1747,11
2514,16,890,10,290,38,1773,11
2514,16,890,10,290,38,1799,11
2514,16,890,10,290,38,1818,11
2514,16,890,10,290,38,1873,11
2514,16,890,10,290,38,1940,11
2514,16,890,10,290,38,1956,11
2514,16,890,10,290,38,1997,11
2514,16,890,10,290,38,2068,11
2514,16,890,10,290,38,2079,11
2514,16,890,10,290,38,2123,11
2514,16,890,10,290,38,2196,11
2514,16,890,10,290,38,2206,11
2514,16,890,10,290,38,2216,11
2514,16,890,10,290,38,2244,11
2514,16,890,10,290,38,2259,11
2514,16,890,10,290,38,2261,11
2514,16,890,10,290,38,2289,11
2514,16,890,10,290,38,2359,11
2514,16,890,10,290,38,2370,11
2514,16,890,10,290,38,2405,11
2514,16,890,10,863,39,45,11
2514,16,890,10,863,39,159,11
2514,16,890,10,863,39,272,11
2514,16,890,10,863,39,338,11
2514,16,890,10,863,39,390,11
2514,16,890,10,863,39,457,11
2514,16,890,10,863,39,463,11
2514,16,890,10,863,39,620,11
2514,16,890,10,863,39,700,11
2514,16,890,10,863,39,742,11
2514,16,890,10,863,39,758,11
2514,16,890,10,863,39,879,11
2514,16,890,10,863,39,927,11
2514,16,890,10,863,39,979,11
2514,16,890,10,863,39,1003,11
2514,16,890,10,863,39,1044,11
2514,16,890,10,863,39,1068,11
2514,16,890,10,863,39,1153,11
2514,16,890,10,863,39,1186,11
2514,16,890,10,863,39,1194,11
2514,16,890,10,863,39,1259,11
2514,16,890,10,863,39,1260,11
2514,16,890,10,863,39,1312,11
2514,16,890,10,863,39,1388,11
2514,16,890,10,863,39,1391,11
2514,16,890,10,863,39,1422,11
2514,16,890,10,863,39,1556,11
2514,16,890,10,863,39,1568,11
2514,16,890,10,863,39,1599,11
2514,16,890,10,863,39,1747,11
2514,16,890,10,863,39,1773,11
2514,16,890,10,863,39,1799,11
2514,16,890,10,863,39,1818,11
2514,16,890,10,863,39,1873,11
2514,16,890,10,863,39,1940,11
2514,16,890,10,863,39,1956,11
2514,16,890,10,863,39,1997,11
2514,16,890,10,863,39,2068,11
2514,16,890,10,863,39,2079,11
2514,16,890,10,863,39,2123,11
2514,16,890,10,863,39,2196,11
2514,16,890,10,863,39,2206,11
2514,16,890,10,863,39,2216,11
2514,16,890,10,863,39,2244,11
2514,16,890,10,863,39,2259,11
2514,16,890,10,863,39,2261,11
2514,16,890,10,863,39,2289,11
2514,16,890,10,863,39,2359,11
2514,16,890,10,863,39,2370,11
2514,16,890,10,863,39,2405,11
2514,16,890,10,891,47,45,11
2514,16,890,10,891,47,159,11
2514,16,890,10,891,47,272,11
2514,16,890,10,891,47,338,11
2514,16,890,10,891,47,390,11
2514,16,890,10,891,47,457,11
2514,16,890,10,891,47,463,11
2514,16,890,10,891,47,620,11
2514,16,890,10,891,47,700,11
2514,16,890,10,891,47,742,11
2514,16,890,10,891,47,758,11
2514,16,890,10,891,47,879,11
2514,16,890,10,891,47,927,11
2514,16,890,10,891,47,979,11
2514,16,890,10,891,47,1003,11
2514,16,890,10,891,47,1044,11
2514,16,890,10,891,47,1068,11
2514,16,890,10,891,47,1153,11
2514,16,890,10,891,47,1186,11
2514,16,890,10,891,47,1194,11
2514,16,890,10,891,47,1259,11
2514,16,890,10,891,47,1260,11
2514,16,890,10,891,47,1312,11
2514,16,890,10,891,47,1388,11
2514,16,890,10,891,47,1391,11
2514,16,890,10,891,47,1422,11
2514,16,890,10,891,47,1556,11
2514,16,890,10,891,47,1568,11
2514,16,890,10,891,47,1599,11
2514,16,890,10,891,47,1747,11
2514,16,890,10,891,47,1773,11
2514,16,890,10,891,47,1799,11
2514,16,890,10,891,47,1818,11
2514,16,890,10,891,47,1873,11
2514,16,890,10,891,47,1940,11
2514,16,890,10,891,47,1956,11
2514,16,890,10,891,47,1997,11
2514,16,890,10,891,47,2068,11
2514,16,890,10,891,47,2079,11
2514,16,890,10,891,47,2123,11
2514,16,890,10,891,47,2196,11
2514,16,890,10,891,47,2206,11
2514,16,890,10,891,47,2216,11
2514,16,890,10,891,47,2244,11
2514,16,890,10,891,47,2259,11
2514,16,890,10,891,47,2261,11
2514,16,890,10,891,47,2289,11
2514,16,890,10,891,47,2359,11
2514,16,890,10,891,47,2370,11
2514,16,890,10,891,47,2405,11
2514,16,890,10,984,26,45,11
2514,16,890,10,984,26,159,11
2514,16,890,10,984,26,272,11
2514,16,890,10,984,26,338,11
2514,16,890,10,984,26,390,11
2514,16,890,10,984,26,457,11
2514,16,890,10,984,26,463,11
2514,16,890,10,984,26,620,11
2514,16,890,10,984,26,700,11
2514,16,890,10,984,26,742,11
2514,16,890,10,984,26,758,11
2514,16,890,10,984,26,879,11
2514,16,890,10,984,26,927,11
2514,16,890,10,984,26,979,11
2514,16,890,10,984,26,1003,11
2514,16,890,10,984,26,1044,11
2514,16,890,10,984,26,1068,11
2514,16,890,10,984,26,1153,11
2514,16,890,10,984,26,1186,11
2514,16,890,10,984,26,1194,11
2514,16,890,10,984,26,1259,11
2514,16,890,10,984,26,1260,11
2514,16,890,10,984,26,1312,11
2514,16,890,10,984,26,1388,11
2514,16,890,10,984,26,1391,11
2514,16,890,10,984,26,1422,11
2514,16,890,10,984,26,1556,11
2514,16,890,10,984,26,1568,11
2514,16,890,10,984,26,1599,11
2514,16,890,10,984,26,1747,11
2514,16,890,10,984,26,1773,11
2514,16,890,10,984,26,1799,11
2514,16,890,10,984,26,1818,11
2514,16,890,10,984,26,1873,11
2514,16,890,10,984,26,1940,11
2514,16,890,10,984,26,1956,11
2514,16,890,10,984,26,1997,11
2514,16,890,10,984,26,2068,11
2514,16,890,10,984,26,2079,11
2514,16,890,10,984,26,2123,11
2514,16,890,10,984,26,2196,11
2514,16,890,10,984,26,2206,11
2514,16,890,10,984,26,2216,11
2514,16,890,10,984,26,2244,11
2514,16,890,10,984,26,2259,11
2514,16,890,10,984,26,2261,11
2514,16,890,10,984,26,2289,11
2514,16,890,10,984,26,2359,11
2514,16,890,10,984,26,2370,11
2514,16,890,10,984,26,2405,11
2514,16,890,10,1197,34,45,11
2514,16,890,10,1197,34,390,11
2514,16,890,10,1197,34,620,11
2514,16,890,10,1197,34,979,11
2514,16,890,10,1197,34,1799,11
2514,16,890,10,1197,34,1956,11
2514,16,890,10,1197,34,2206,11
2514,16,890,10,1197,34,2244,11
2514,16,890,10,1197,34,2261,11
2514,16,890,10,1197,34,2359,11
2514,16,890,10,1337,48,45,11
2514,16,890,10,1337,48,159,11
2514,16,890,10,1337,48,272,11
2514,16,890,10,1337,48,338,11
2514,16,890,10,1337,48,390,11
2514,16,890,10,1337,48,457,11
2514,16,890,10,1337,48,463,11
2514,16,890,10,1337,48,620,11
2514,16,890,10,1337,48,700,11
2514,16,890,10,1337,48,742,11
2514,16,890,10,1337,48,758,11
2514,16,890,10,1337,48,879,11
2514,16,890,10,1337,48,927,11
2514,16,890,10,1337,48,979,11
2514,16,890,10,1337,48,1003,11
2514,16,890,10,1337,48,1044,11
2514,16,890,10,1337,48,1068,11
2514,16,890,10,1337,48,1153,11
2514,16,890,10,1337,48,1186,11
2514,16,890,10,1337,48,1194,11
2514,16,890,10,1337,48,1259,11
2514,16,890,10,1337,48,1260,11
2514,16,890,10,1337,48,1312,11
2514,16,890,10,1337,48,1388,11
2514,16,890,10,1337,48,1391,11
2514,16,890,10,1337,48,1422,11
2514,16,890,10,1337,48,1556,11
2514,16,890,10,1337,48,1568,11
2514,16,890,10,1337,48,1599,11
2514,16,890,10,1337,48,1747,11
2514,16,890,10,1337,48,1773,11
2514,16,890,10,1337,48,1799,11
2514,16,890,10,1337,48,1818,11
2514,16,890,10,1337,48,1873,11
2514,16,890,10,1337,48,1940,11
2514,16,890,10,1337,48,1956,11
2514,16,890,10,1337,48,1997,11
2514,16,890,10,1337,48,2068,11
2514,16,890,10,1337,48,2079,11
2514,16,890,10,1337,48,2123,11
2514,16,890,10,1337,48,2196,11
2514,16,890,10,1337,48,2206,11
2514,16,890,10,1337,48,2216,11
2514,16,890,10,1337,48,2244,11
2514,16,890,10,1337,48,2259,11
2514,16,890,10,1337,48,2261,11
2514,16,890,10,1337,48,2289,11
2514,16,890,10,1337,48,2359,11
2514,16,890,10,1337,48,2370,11
2514,16,890,10,1337,48,2405,11
2514,16,890,10,1368,49,45,11
2514,16,890,10,1368,49,159,11
2514,16,890,10,1368,49,272,11
2514,16,890,10,1368,49,338,11
2514,16,890,10,1368,49,390,11
2514,16,890,10,1368,49,457,11
2514,16,890,10,1368,49,463,11
2514,16,890,10,1368,49,620,11
2514,16,890,10,1368,49,700,11
2514,16,890,10,1368,49,742,11
2514,16,890,10,1368,49,758,11
2514,16,890,10,1368,49,879,11
2514,16,890,10,1368,49,927,11
2514,16,890,10,1368,49,979,11
2514,16,890,10,1368,49,1003,11
2514,16,890,10,1368,49,1044,11
2514,16,890,10,1368,49,1068,11
2514,16,890,10,1368,49,1153,11
2514,16,890,10,1368,49,1186,11
2514,16,890,10,1368,49,1194,11
2514,16,890,10,1368,49,1259,11
2514,16,890,10,1368,49,1260,11
2514,16,890,10,1368,49,1312,11
2514,16,890,10,1368,49,1388,11
2514,16,890,10,1368,49,1391,11
2514,16,890,10,1368,49,1422,11
2514,16,890,10,1368,49,1556,11
2514,16,890,10,1368,49,1568,11
2514,16,890,10,1368,49,1599,11
2514,16,890,10,1368,49,1747,11
2514,16,890,10,1368,49,1773,11
2514,16,890,10,1368,49,1799,11
2514,16,890,10,1368,49,1818,11
2514,16,890,10,1368,49,1873,11
2514,16,890,10,1368,49,1940,11
2514,16,890,10,1368,49,1956,11
2514,16,890,10,1368,49,1997,11
2514,16,890,10,1368,49,2068,11
2514,16,890,10,1368,49,2079,11
2514,16,890,10,1368,49,2123,11
2514,16,890,10,1368,49,2196,11
2514,16,890,10,1368,49,2206,11
2514,16,890,10,1368,49,2216,11
2514,16,890,10,1368,49,2244,11
2514,16,890,10,1368,49,2259,11
2514,16,890,10,1368,49,2261,11
2514,16,890,10,1368,49,2289,11
2514,16,890,10,1368,49,2359,11
2514,16,890,10,1368,49,2370,11
2514,16,890,10,1368,49,2405,11
2514,16,890,10,1394,38,45,11
2514,16,890,10,1394,38,159,11
2514,16,890,10,1394,38,272,11
2514,16,890,10,1394,38,338,11
2514,16,890,10,1394,38,390,11
2514,16,890,10,1394,38,457,11
2514,16,890,10,1394,38,463,11
2514,16,890,10,1394,38,620,11
2514,16,890,10,1394,38,700,11
2514,16,890,10,1394,38,742,11
2514,16,890,10,1394,38,758,11
2514,16,890,10,1394,38,879,11
2514,16,890,10,1394,38,927,11
2514,16,890,10,1394,38,979,11
2514,16,890,10,1394,38,1003,11
2514,16,890,10,1394,38,1044,11
2514,16,890,10,1394,38,1068,11
2514,16,890,10,1394,38,1153,11
2514,16,890,10,1394,38,1186,11
2514,16,890,10,1394,38,1194,11
2514,16,890,10,1394,38,1259,11
2514,16,890,10,1394,38,1260,11
2514,16,890,10,1394,38,1312,11
2514,16,890,10,1394,38,1388,11
2514,16,890,10,1394,38,1391,11
2514,16,890,10,1394,38,1422,11
2514,16,890,10,1394,38,1556,11
2514,16,890,10,1394,38,1568,11
2514,16,890,10,1394,38,1599,11
2514,16,890,10,1394,38,1747,11
2514,16,890,10,1394,38,1773,11
2514,16,890,10,1394,38,1799,11
2514,16,890,10,1394,38,1818,11
2514,16,890,10,1394,38,1873,11
2514,16,890,10,1394,38,1940,11
2514,16,890,10,1394,38,1956,11
2514,16,890,10,1394,38,1997,11
2514,16,890,10,1394,38,2068,11
2514,16,890,10,1394,38,2079,11
2514,16,890,10,1394,38,2123,11
2514,16,890,10,1394,38,2196,11
2514,16,890,10,1394,38,2206,11
2514,16,890,10,1394,38,2216,11
2514,16,890,10,1394,38,2244,11
2514,16,890,10,1394,38,2259,11
2514,16,890,10,1394,38,2261,11
2514,16,890,10,1394,38,2289,11
2514,16,890,10,1394,38,2359,11
2514,16,890,10,1394,38,2370,11
2514,16,890,10,1394,38,2405,11
2514,16,890,10,1579,18,159,11
2514,16,890,10,1579,18,272,11
2514,16,890,10,1579,18,457,11
2514,16,890,10,1579,18,463,11
2514,16,890,10,1579,18,700,11
2514,16,890,10,1579,18,879,11
2514,16,890,10,1579,18,927,11
2514,16,890,10,1579,18,1003,11
2514,16,890,10,1579,18,1068,11
2514,16,890,10,1579,18,1153,11
2514,16,890,10,1579,18,1194,11
2514,16,890,10,1579,18,1260,11
2514,16,890,10,1579,18,1388,11
2514,16,890,10,1579,18,1391,11
2514,16,890,10,1579,18,1422,11
2514,16,890,10,1579,18,1556,11
2514,16,890,10,1579,18,1568,11
2514,16,890,10,1579,18,1599,11
2514,16,890,10,1579,18,1747,11
2514,16,890,10,1579,18,1818,11
2514,16,890,10,1579,18,1873,11
2514,16,890,10,1579,18,1940,11
2514,16,890,10,1579,18,2068,11
2514,16,890,10,1579,18,2079,11
2514,16,890,10,1579,18,2123,11
2514,16,890,10,1579,18,2196,11
2514,16,890,10,1579,18,2216,11
2514,16,890,10,1579,18,2259,11
2514,16,890,10,1579,18,2370,11
2514,16,890,10,1579,18,2405,11
2514,16,890,10,1701,27,45,11
2514,16,890,10,1701,27,159,11
2514,16,890,10,1701,27,272,11
2514,16,890,10,1701,27,338,11
2514,16,890,10,1701,27,390,11
2514,16,890,10,1701,27,457,11
2514,16,890,10,1701,27,463,11
2514,16,890,10,1701,27,620,11
2514,16,890,10,1701,27,700,11
2514,16,890,10,1701,27,742,11
2514,16,890,10,1701,27,758,11
2514,16,890,10,1701,27,879,11
2514,16,890,10,1701,27,927,11
2514,16,890,10,1701,27,979,11
2514,16,890,10,1701,27,1003,11
2514,16,890,10,1701,27,1044,11
2514,16,890,10,1701,27,1068,11
2514,16,890,10,1701,27,1153,11
2514,16,890,10,1701,27,1186,11
2514,16,890,10,1701,27,1194,11
2514,16,890,10,1701,27,1259,11
2514,16,890,10,1701,27,1260,11
2514,16,890,10,1701,27,1312,11
2514,16,890,10,1701,27,1388,11
2514,16,890,10,1701,27,1391,11
2514,16,890,10,1701,27,1422,11
2514,16,890,10,1701,27,1556,11
2514,16,890,10,1701,27,1568,11
2514,16,890,10,1701,27,1599,11
2514,16,890,10,1701,27,1747,11
2514,16,890,10,1701,27,1773,11
2514,16,890,10,1701,27,1799,11
2514,16,890,10,1701,27,1818,11
2514,16,890,10,1701,27,1873,11
2514,16,890,10,1701,27,1940,11
2514,16,890,10,1701,27,1956,11
2514,16,890,10,1701,27,1997,11
2514,16,890,10,1701,27,2068,11
2514,16,890,10,1701,27,2079,11
2514,16,890,10,1701,27,2123,11
2514,16,890,10,1701,27,2196,11
2514,16,890,10,1701,27,2206,11
2514,16,890,10,1701,27,2216,11
2514,16,890,10,1701,27,2244,11
2514,16,890,10,1701,27,2259,11
2514,16,890,10,1701,27,2261,11
2514,16,890,10,1701,27,2289,11
2514,16,890,10,1701,27,2359,11
2514,16,890,10,1701,27,2370,11
2514,16,890,10,1701,27,2405,11
2514,16,890,10,1704,26,45,11
2514,16,890,10,1704,26,159,11
2514,16,890,10,1704,26,272,11
2514,16,890,10,1704,26,338,11
2514,16,890,10,1704,26,390,11
2514,16,890,10,1704,26,457,11
2514,16,890,10,1704,26,463,11
2514,16,890,10,1704,26,620,11
2514,16,890,10,1704,26,700,11
2514,16,890,10,1704,26,742,11
2514,16,890,10,1704,26,758,11
2514,16,890,10,1704,26,879,11
2514,16,890,10,1704,26,927,11
2514,16,890,10,1704,26,979,11
2514,16,890,10,1704,26,1003,11
2514,16,890,10,1704,26,1044,11
2514,16,890,10,1704,26,1068,11
2514,16,890,10,1704,26,1153,11
2514,16,890,10,1704,26,1186,11
2514,16,890,10,1704,26,1194,11
2514,16,890,10,1704,26,1259,11
2514,16,890,10,1704,26,1260,11
2514,16,890,10,1704,26,1312,11
2514,16,890,10,1704,26,1388,11
2514,16,890,10,1704,26,1391,11
2514,16,890,10,1704,26,1422,11
2514,16,890,10,1704,26,1556,11
2514,16,890,10,1704,26,1568,11
2514,16,890,10,1704,26,1599,11
2514,16,890,10,1704,26,1747,11
2514,16,890,10,1704,26,1773,11
2514,16,890,10,1704,26,1799,11
2514,16,890,10,1704,26,1818,11
2514,16,890,10,1704,26,1873,11
2514,16,890,10,1704,26,1940,11
2514,16,890,10,1704,26,1956,11
2514,16,890,10,1704,26,1997,11
2514,16,890,10,1704,26,2068,11
2514,16,890,10,1704,26,2079,11
2514,16,890,10,1704,26,2123,11
2514,16,890,10,1704,26,2196,11
2514,16,890,10,1704,26,2206,11
2514,16,890,10,1704,26,2216,11
2514,16,890,10,1704,26,2244,11
2514,16,890,10,1704,26,2259,11
2514,16,890,10,1704,26,2261,11
2514,16,890,10,1704,26,2289,11
2514,16,890,10,1704,26,2359,11
2514,16,890,10,1704,26,2370,11
2514,16,890,10,1704,26,2405,11
2514,16,890,10,1809,9,45,11
2514,16,890,10,1809,9,159,11
2514,16,890,10,1809,9,272,11
2514,16,890,10,1809,9,338,11
2514,16,890,10,1809,9,390,11
2514,16,890,10,1809,9,457,11
2514,16,890,10,1809,9,463,11
2514,16,890,10,1809,9,620,11
2514,16,890,10,1809,9,700,11
2514,16,890,10,1809,9,742,11
2514,16,890,10,1809,9,758,11
2514,16,890,10,1809,9,879,11
2514,16,890,10,1809,9,927,11
2514,16,890,10,1809,9,979,11
2514,16,890,10,1809,9,1003,11
2514,16,890,10,1809,9,1044,11
2514,16,890,10,1809,9,1068,11
2514,16,890,10,1809,9,1153,11
2514,16,890,10,1809,9,1186,11
2514,16,890,10,1809,9,1194,11
2514,16,890,10,1809,9,1259,11
2514,16,890,10,1809,9,1260,11
2514,16,890,10,1809,9,1312,11
2514,16,890,10,1809,9,1388,11
2514,16,890,10,1809,9,1391,11
2514,16,890,10,1809,9,1422,11
2514,16,890,10,1809,9,1556,11
2514,16,890,10,1809,9,1568,11
2514,16,890,10,1809,9,1599,11
2514,16,890,10,1809,9,1747,11
2514,16,890,10,1809,9,1773,11
2514,16,890,10,1809,9,1799,11
2514,16,890,10,1809,9,1818,11
2514,16,890,10,1809,9,1873,11
2514,16,890,10,1809,9,1940,11
2514,16,890,10,1809,9,1956,11
2514,16,890,10,1809,9,1997,11
2514,16,890,10,1809,9,2068,11
2514,16,890,10,1809,9,2079,11
2514,16,890,10,1809,9,2123,11
2514,16,890,10,1809,9,2196,11
2514,16,890,10,1809,9,2206,11
2514,16,890,10,1809,9,2216,11
2514,16,890,10,1809,9,2244,11
2514,16,890,10,1809,9,2259,11
2514,16,890,10,1809,9,2261,11
2514,16,890,10,1809,9,2289,11
2514,16,890,10,1809,9,2359,11
2514,16,890,10,1809,9,2370,11
2514,16,890,10,1809,9,2405,11
