2514,16,1174,18,185,26,45,11
2514,16,1174,18,185,26,159,11
2514,16,1174,18,185,26,272,11
2514,16,1174,18,185,26,338,11
2514,16,1174,18,185,26,390,11
2514,16,1174,18,185,26,457,11
2514,16,1174,18,185,26,463,11
2514,16,1174,18,185,26,620,11
2514,16,1174,18,185,26,700,11
2514,16,1174,18,185,26,742,11
2514,16,1174,18,185,26,758,11
2514,16,1174,18,185,26,879,11
2514,16,1174,18,185,26,927,11
2514,16,1174,18,185,26,979,11
2514,16,1174,18,185,26,1003,11
2514,16,1174,18,185,26,1044,11
2514,16,1174,18,185,26,1068,11
2514,16,1174,18,185,26,1153,11
2514,16,1174,18,185,26,1186,11
2514,16,1174,18,185,26,1194,11
2514,16,1174,18,185,26,1259,11
2514,16,1174,18,185,26,1260,11
2514,16,1174,18,185,26,1312,11
2514,16,1174,18,185,26,1388,11
2514,16,1174,18,185,26,1391,11
2514,16,1174,18,185,26,1422,11
2514,16,1174,18,185,26,1556,11
2514,16,1174,18,185,26,1568,11
2514,16,1174,18,185,26,1599,11
2514,16,1174,18,185,26,1747,11
2514,16,1174,18,185,26,1773,11
2514,16,1174,18,185,26,1799,11
2514,16,1174,18,185,26,1818,11
2514,16,1174,18,185,26,1873,11
2514,16,1174,18,185,26,1940,11
2514,16,1174,18,185,26,1956,11
2514,16,1174,18,185,26,1997,11
2514,16,1174,18,185,26,2068,11
2514,16,1174,18,185,26,2079,11
2514,16,1174,18,185,26,2123,11
2514,16,1174,18,185,26,2196,11
2514,16,1174,18,185,26,2206,11
2514,16,1174,18,185,26,2216,11
2514,16,1174,18,185,26,2244,11
2514,16,1174,18,185,26,2259,11
2514,16,1174,18,185,26,2261,11
2514,16,1174,18,185,26,2289,11
2514,16,1174,18,185,26,2359,11
2514,16,1174,18,185,26,2370,11
2514,16,1174,18,185,26,2405,11
2514,16,1174,18,204,39,45,11
2514,16,1174,18,204,39,159,11
2514,16,1174,18,204,39,272,11
2514,16,1174,18,204,39,338,11
2514,16,1174,18,204,39,390,11
2514,16,1174,18,204,39,457,11
2514,16,1174,18,204,39,463,11
2514,16,1174,18,204,39,620,11
2514,16,1174,18,204,39,700,11
2514,16,1174,18,204,39,742,11
2514,16,1174,18,204,39,758,11
2514,16,1174,18,204,39,879,11
2514,16,1174,18,204,39,927,11
2514,16,1174,18,204,39,979,11
2514,16,1174,18,204,39,1003,11
2514,16,1174,18,204,39,1044,11
2514,16,1174,18,204,39,1068,11
2514,16,1174,18,204,39,1153,11
2514,16,1174,18,204,39,1186,11
2514,16,1174,18,204,39,1194,11
2514,16,1174,18,204,39,1259,11
2514,16,1174,18,204,39,1260,11
2514,16,1174,18,204,39,1312,11
2514,16,1174,18,204,39,1388,11
2514,16,1174,18,204,39,1391,11
2514,16,1174,18,204,39,1422,11
2514,16,1174,18,204,39,1556,11
2514,16,1174,18,204,39,1568,11
2514,16,1174,18,204,39,1599,11
2514,16,1174,18,204,39,1747,11
2514,16,1174,18,204,39,1773,11
2514,16,1174,18,204,39,1799,11
2514,16,1174,18,204,39,1818,11
2514,16,1174,18,204,39,1873,11
2514,16,1174,18,204,39,1940,11
2514,16,1174,18,204,39,1956,11
2514,16,1174,18,204,39,1997,11
2514,16,1174,18,204,39,2068,11
2514,16,1174,18,204,39,2079,11
2514,16,1174,18,204,39,2123,11
2514,16,1174,18,204,39,2196,11
2514,16,1174,18,204,39,2206,11
2514,16,1174,18,204,39,2216,11
2514,16,1174,18,204,39,2244,11
2514,16,1174,18,204,39,2259,11
2514,16,1174,18,204,39,2261,11
2514,16,1174,18,204,39,2289,11
2514,16,1174,18,204,39,2359,11
2514,16,1174,18,204,39,2370,11
2514,16,1174,18,204,39,2405,11
2514,16,1174,18,207,49,45,11
2514,16,1174,18,207,49,159,11
2514,16,1174,18,207,49,272,11
2514,16,1174,18,207,49,338,11
2514,16,1174,18,207,49,390,11
2514,16,1174,18,207,49,457,11
2514,16,1174,18,207,49,463,11
2514,16,1174,18,207,49,620,11
2514,16,1174,18,207,49,700,11
2514,16,1174,18,207,49,742,11
2514,16,1174,18,207,49,758,11
2514,16,1174,18,207,49,879,11
2514,16,1174,18,207,49,927,11
2514,16,1174,18,207,49,979,11
2514,16,1174,18,207,49,1003,11
2514,16,1174,18,207,49,1044,11
2514,16,1174,18,207,49,1068,11
2514,16,1174,18,207,49,1153,11
2514,16,1174,18,207,49,1186,11
2514,16,1174,18,207,49,1194,11
2514,16,1174,18,207,49,1259,11
2514,16,1174,18,207,49,1260,11
2514,16,1174,18,207,49,1312,11
2514,16,1174,18,207,49,1388,11
2514,16,1174,18,207,49,1391,11
2514,16,1174,18,207,49,1422,11
2514,16,1174,18,207,49,1556,11
2514,16,1174,18,207,49,1568,11
2514,16,1174,18,207,49,1599,11
2514,16,1174,18,207,49,1747,11
2514,16,1174,18,207,49,1773,11
2514,16,1174,18,207,49,1799,11
2514,16,1174,18,207,49,1818,11
2514,16,1174,18,207,49,1873,11
2514,16,1174,18,207,49,1940,11
2514,16,1174,18,207,49,1956,11
2514,16,1174,18,207,49,1997,11
2514,16,1174,18,207,49,2068,11
2514,16,1174,18,207,49,2079,11
2514,16,1174,18,207,49,2123,11
2514,16,1174,18,207,49,2196,11
2514,16,1174,18,207,49,2206,11
2514,16,1174,18,207,49,2216,11
2514,16,1174,18,207,49,2244,11
2514,16,1174,18,207,49,2259,11
2514,16,1174,18,207,49,2261,11
2514,16,1174,18,207,49,2289,11
2514,16,1174,18,207,49,2359,11
2514,16,1174,18,207,49,2370,11
2514,16,1174,18,207,49,2405,11
2514,16,1174,18,261,38,45,11
2514,16,1174,18,261,38,159,11
2514,16,1174,18,261,38,272,11
2514,16,1174,18,261,38,338,11
2514,16,1174,18,261,38,390,11
2514,16,1174,18,261,38,457,11
2514,16,1174,18,261,38,463,11
2514,16,1174,18,261,38,620,11
2514,16,1174,18,261,38,700,11
2514,16,1174,18,261,38,742,11
2514,16,1174,18,261,38,758,11
2514,16,1174,18,261,38,879,11
2514,16,1174,18,261,38,927,11
2514,16,1174,18,261,38,979,11
2514,16,1174,18,261,38,1003,11
2514,16,1174,18,261,38,1044,11
2514,16,1174,18,261,38,1068,11
2514,16,1174,18,261,38,1153,11
2514,16,1174,18,261,38,1186,11
2514,16,1174,18,261,38,1194,11
2514,16,1174,18,261,38,1259,11
2514,16,1174,18,261,38,1260,11
2514,16,1174,18,261,38,1312,11
2514,16,1174,18,261,38,1388,11
2514,16,1174,18,261,38,1391,11
2514,16,1174,18,261,38,1422,11
2514,16,1174,18,261,38,1556,11
2514,16,1174,18,261,38,1568,11
2514,16,1174,18,261,38,1599,11
2514,16,1174,18,261,38,1747,11
2514,16,1174,18,261,38,1773,11
2514,16,1174,18,261,38,1799,11
2514,16,1174,18,261,38,1818,11
2514,16,1174,18,261,38,1873,11
2514,16,1174,18,261,38,1940,11
2514,16,1174,18,261,38,1956,11
2514,16,1174,18,261,38,1997,11
2514,16,1174,18,261,38,2068,11
2514,16,1174,18,261,38,2079,11
2514,16,1174,18,261,38,2123,11
2514,16,1174,18,261,38,2196,11
2514,16,1174,18,261,38,2206,11
2514,16,1174,18,261,38,2216,11
2514,16,1174,18,261,38,2244,11
2514,16,1174,18,261,38,2259,11
2514,16,1174,18,261,38,2261,11
2514,16,1174,18,261,38,2289,11
2514,16,1174,18,261,38,2359,11
2514,16,1174,18,261,38,2370,11
2514,16,1174,18,261,38,2405,11
2514,16,1174,18,797,32,45,11
2514,16,1174,18,797,32,159,11
2514,16,1174,18,797,32,272,11
2514,16,1174,18,797,32,338,11
2514,16,1174,18,797,32,390,11
2514,16,1174,18,797,32,457,11
2514,16,1174,18,797,32,463,11
2514,16,1174,18,797,32,620,11
2514,16,1174,18,797,32,700,11
2514,16,1174,18,797,32,742,11
2514,16,1174,18,797,32,758,11
2514,16,1174,18,797,32,879,11
2514,16,1174,18,797,32,927,11
2514,16,1174,18,797,32,979,11
2514,16,1174,18,797,32,1003,11
2514,16,1174,18,797,32,1044,11
2514,16,1174,18,797,32,1068,11
2514,16,1174,18,797,32,1153,11
2514,16,1174,18,797,32,1186,11
2514,16,1174,18,797,32,1194,11
2514,16,1174,18,797,32,1259,11
2514,16,1174,18,797,32,1260,11
2514,16,1174,18,797,32,1312,11
2514,16,1174,18,797,32,1388,11
2514,16,1174,18,797,32,1391,11
2514,16,1174,18,797,32,1422,11
2514,16,1174,18,797,32,1556,11
2514,16,1174,18,797,32,1568,11
2514,16,1174,18,797,32,1599,11
2514,16,1174,18,797,32,1747,11
2514,16,1174,18,797,32,1773,11
2514,16,1174,18,797,32,1799,11
2514,16,1174,18,797,32,1818,11
2514,16,1174,18,797,32,1873,11
2514,16,1174,18,797,32,1940,11
2514,16,1174,18,797,32,1956,11
2514,16,1174,18,797,32,1997,11
2514,16,1174,18,797,32,2068,11
2514,16,1174,18,797,32,2079,11
2514,16,1174,18,797,32,2123,11
2514,16,1174,18,797,32,2196,11
2514,16,1174,18,797,32,2206,11
2514,16,1174,18,797,32,2216,11
2514,16,1174,18,797,32,2244,11
2514,16,1174,18,797,32,2259,11
2514,16,1174,18,797,32,2261,11
2514,16,1174,18,797,32,2289,11
2514,16,1174,18,797,32,2359,11
2514,16,1174,18,797,32,2370,11
2514,16,1174,18,797,32,2405,11
2514,16,1174,18,952,38,45,11
2514,16,1174,18,952,38,159,11
2514,16,1174,18,952,38,272,11
2514,16,1174,18,952,38,338,11
2514,16,1174,18,952,38,390,11
2514,16,1174,18,952,38,463,11
2514,16,1174,18,952,38,620,11
2514,16,1174,18,952,38,742,11
2514,16,1174,18,952,38,758,11
2514,16,1174,18,952,38,879,11
2514,16,1174,18,952,38,979,11
2514,16,1174,18,952,38,1044,11
2514,16,1174,18,952,38,1068,11
2514,16,1174,18,952,38,1186,11
2514,16,1174,18,952,38,1259,11
2514,16,1174,18,952,38,1260,11
2514,16,1174,18,952,38,1312,11
2514,16,1174,18,952,38,1388,11
2514,16,1174,18,952,38,1391,11
2514,16,1174,18,952,38,1422,11
2514,16,1174,18,952,38,1556,11
2514,16,1174,18,952,38,1747,11
2514,16,1174,18,952,38,1773,11
2514,16,1174,18,952,38,1799,11
2514,16,1174,18,952,38,1873,11
2514,16,1174,18,952,38,1956,11
2514,16,1174,18,952,38,1997,11
2514,16,1174,18,952,38,2068,11
2514,16,1174,18,952,38,2079,11
2514,16,1174,18,952,38,2123,11
2514,16,1174,18,952,38,2196,11
2514,16,1174,18,952,38,2206,11
2514,16,1174,18,952,38,2216,11
2514,16,1174,18,952,38,2244,11
2514,16,1174,18,952,38,2259,11
2514,16,1174,18,952,38,2261,11
2514,16,1174,18,952,38,2289,11
2514,16,1174,18,952,38,2359,11
2514,16,1174,18,952,38,2370,11
2514,16,1174,18,952,38,2405,11
2514,16,1174,18,1215,36,45,11
2514,16,1174,18,1215,36,159,11
2514,16,1174,18,1215,36,272,11
2514,16,1174,18,1215,36,338,11
2514,16,1174,18,1215,36,390,11
2514,16,1174,18,1215,36,457,11
2514,16,1174,18,1215,36,463,11
2514,16,1174,18,1215,36,620,11
2514,16,1174,18,1215,36,700,11
2514,16,1174,18,1215,36,742,11
2514,16,1174,18,1215,36,758,11
2514,16,1174,18,1215,36,879,11
2514,16,1174,18,1215,36,927,11
2514,16,1174,18,1215,36,979,11
2514,16,1174,18,1215,36,1003,11
2514,16,1174,18,1215,36,1044,11
2514,16,1174,18,1215,36,1068,11
2514,16,1174,18,1215,36,1153,11
2514,16,1174,18,1215,36,1186,11
2514,16,1174,18,1215,36,1194,11
2514,16,1174,18,1215,36,1259,11
2514,16,1174,18,1215,36,1260,11
2514,16,1174,18,1215,36,1312,11
2514,16,1174,18,1215,36,1388,11
2514,16,1174,18,1215,36,1391,11
2514,16,1174,18,1215,36,1422,11
2514,16,1174,18,1215,36,1556,11
2514,16,1174,18,1215,36,1568,11
2514,16,1174,18,1215,36,1599,11
2514,16,1174,18,1215,36,1747,11
2514,16,1174,18,1215,36,1773,11
2514,16,1174,18,1215,36,1799,11
2514,16,1174,18,1215,36,1818,11
2514,16,1174,18,1215,36,1873,11
2514,16,1174,18,1215,36,1940,11
2514,16,1174,18,1215,36,1956,11
2514,16,1174,18,1215,36,1997,11
2514,16,1174,18,1215,36,2068,11
2514,16,1174,18,1215,36,2079,11
2514,16,1174,18,1215,36,2123,11
2514,16,1174,18,1215,36,2196,11
2514,16,1174,18,1215,36,2206,11
2514,16,1174,18,1215,36,2216,11
2514,16,1174,18,1215,36,2244,11
2514,16,1174,18,1215,36,2259,11
2514,16,1174,18,1215,36,2261,11
2514,16,1174,18,1215,36,2289,11
2514,16,1174,18,1215,36,2359,11
2514,16,1174,18,1215,36,2370,11
2514,16,1174,18,1215,36,2405,11
2514,16,1174,18,1392,37,45,11
2514,16,1174,18,1392,37,159,11
2514,16,1174,18,1392,37,272,11
2514,16,1174,18,1392,37,338,11
2514,16,1174,18,1392,37,390,11
2514,16,1174,18,1392,37,457,11
2514,16,1174,18,1392,37,463,11
2514,16,1174,18,1392,37,620,11
2514,16,1174,18,1392,37,700,11
2514,16,1174,18,1392,37,742,11
2514,16,1174,18,1392,37,758,11
2514,16,1174,18,1392,37,879,11
2514,16,1174,18,1392,37,927,11
2514,16,1174,18,1392,37,979,11
2514,16,1174,18,1392,37,1003,11
2514,16,1174,18,1392,37,1044,11
2514,16,1174,18,1392,37,1068,11
2514,16,1174,18,1392,37,1153,11
2514,16,1174,18,1392,37,1186,11
2514,16,1174,18,1392,37,1194,11
2514,16,1174,18,1392,37,1259,11
2514,16,1174,18,1392,37,1260,11
2514,16,1174,18,1392,37,1312,11
2514,16,1174,18,1392,37,1388,11
2514,16,1174,18,1392,37,1391,11
2514,16,1174,18,1392,37,1422,11
2514,16,1174,18,1392,37,1556,11
2514,16,1174,18,1392,37,1568,11
2514,16,1174,18,1392,37,1599,11
2514,16,1174,18,1392,37,1747,11
2514,16,1174,18,1392,37,1773,11
2514,16,1174,18,1392,37,1799,11
2514,16,1174,18,1392,37,1818,11
2514,16,1174,18,1392,37,1873,11
2514,16,1174,18,1392,37,1940,11
2514,16,1174,18,1392,37,1956,11
2514,16,1174,18,1392,37,1997,11
2514,16,1174,18,1392,37,2068,11
2514,16,1174,18,1392,37,2079,11
2514,16,1174,18,1392,37,2123,11
2514,16,1174,18,1392,37,2196,11
2514,16,1174,18,1392,37,2206,11
2514,16,1174,18,1392,37,2216,11
2514,16,1174,18,1392,37,2244,11
2514,16,1174,18,1392,37,2259,11
2514,16,1174,18,1392,37,2261,11
2514,16,1174,18,1392,37,2289,11
2514,16,1174,18,1392,37,2359,11
2514,16,1174,18,1392,37,2370,11
2514,16,1174,18,1392,37,2405,11
2514,16,1174,18,1608,49,45,11
2514,16,1174,18,1608,49,159,11
2514,16,1174,18,1608,49,272,11
2514,16,1174,18,1608,49,338,11
2514,16,1174,18,1608,49,390,11
2514,16,1174,18,1608,49,457,11
2514,16,1174,18,1608,49,463,11
2514,16,1174,18,1608,49,620,11
2514,16,1174,18,1608,49,700,11
2514,16,1174,18,1608,49,742,11
2514,16,1174,18,1608,49,758,11
2514,16,1174,18,1608,49,879,11
2514,16,1174,18,1608,49,927,11
2514,16,1174,18,1608,49,979,11
2514,16,1174,18,1608,49,1003,11
2514,16,1174,18,1608,49,1044,11
2514,16,1174,18,1608,49,1068,11
2514,16,1174,18,1608,49,1153,11
2514,16,1174,18,1608,49,1186,11
2514,16,1174,18,1608,49,1194,11
2514,16,1174,18,1608,49,1259,11
2514,16,1174,18,1608,49,1260,11
2514,16,1174,18,1608,49,1312,11
2514,16,1174,18,1608,49,1388,11
2514,16,1174,18,1608,49,1391,11
2514,16,1174,18,1608,49,1422,11
2514,16,1174,18,1608,49,1556,11
2514,16,1174,18,1608,49,1568,11
2514,16,1174,18,1608,49,1599,11
2514,16,1174,18,1608,49,1747,11
2514,16,1174,18,1608,49,1773,11
2514,16,1174,18,1608,49,1799,11
2514,16,1174,18,1608,49,1818,11
2514,16,1174,18,1608,49,1873,11
2514,16,1174,18,1608,49,1940,11
2514,16,1174,18,1608,49,1956,11
2514,16,1174,18,1608,49,1997,11
2514,16,1174,18,1608,49,2068,11
2514,16,1174,18,1608,49,2079,11
2514,16,1174,18,1608,49,2123,11
2514,16,1174,18,1608,49,2196,11
2514,16,1174,18,1608,49,2206,11
2514,16,1174,18,1608,49,2216,11
2514,16,1174,18,1608,49,2244,11
2514,16,1174,18,1608,49,2259,11
2514,16,1174,18,1608,49,2261,11
2514,16,1174,18,1608,49,2289,11
2514,16,1174,18,1608,49,2359,11
2514,16,1174,18,1608,49,2370,11
2514,16,1174,18,1608,49,2405,11
2514,16,1174,18,1638,43,45,11
2514,16,1174,18,1638,43,159,11
2514,16,1174,18,1638,43,272,11
2514,16,1174,18,1638,43,338,11
2514,16,1174,18,1638,43,390,11
2514,16,1174,18,1638,43,457,11
2514,16,1174,18,1638,43,463,11
2514,16,1174,18,1638,43,620,11
2514,16,1174,18,1638,43,700,11
2514,16,1174,18,1638,43,742,11
2514,16,1174,18,1638,43,758,11
2514,16,1174,18,1638,43,879,11
2514,16,1174,18,1638,43,927,11
2514,16,1174,18,1638,43,979,11
2514,16,1174,18,1638,43,1003,11
2514,16,1174,18,1638,43,1044,11
2514,16,1174,18,1638,43,1068,11
2514,16,1174,18,1638,43,1153,11
2514,16,1174,18,1638,43,1186,11
2514,16,1174,18,1638,43,1194,11
2514,16,1174,18,1638,43,1259,11
2514,16,1174,18,1638,43,1260,11
2514,16,1174,18,1638,43,1312,11
2514,16,1174,18,1638,43,1388,11
2514,16,1174,18,1638,43,1391,11
2514,16,1174,18,1638,43,1422,11
2514,16,1174,18,1638,43,1556,11
2514,16,1174,18,1638,43,1568,11
2514,16,1174,18,1638,43,1599,11
2514,16,1174,18,1638,43,1747,11
2514,16,1174,18,1638,43,1773,11
2514,16,1174,18,1638,43,1799,11
2514,16,1174,18,1638,43,1818,11
2514,16,1174,18,1638,43,1873,11
2514,16,1174,18,1638,43,1940,11
2514,16,1174,18,1638,43,1956,11
2514,16,1174,18,1638,43,1997,11
2514,16,1174,18,1638,43,2068,11
2514,16,1174,18,1638,43,2079,11
2514,16,1174,18,1638,43,2123,11
2514,16,1174,18,1638,43,2196,11
2514,16,1174,18,1638,43,2206,11
2514,16,1174,18,1638,43,2216,11
2514,16,1174,18,1638,43,2244,11
2514,16,1174,18,1638,43,2259,11
2514,16,1174,18,1638,43,2261,11
2514,16,1174,18,1638,43,2289,11
2514,16,1174,18,1638,43,2359,11
2514,16,1174,18,1638,43,2370,11
2514,16,1174,18,1638,43,2405,11
2514,16,1174,18,1786,16,45,11
2514,16,1174,18,1786,16,159,11
2514,16,1174,18,1786,16,272,11
2514,16,1174,18,1786,16,338,11
2514,16,1174,18,1786,16,390,11
2514,16,1174,18,1786,16,457,11
2514,16,1174,18,1786,16,463,11
2514,16,1174,18,1786,16,620,11
2514,16,1174,18,1786,16,700,11
2514,16,1174,18,1786,16,742,11
2514,16,1174,18,1786,16,758,11
2514,16,1174,18,1786,16,879,11
2514,16,1174,18,1786,16,927,11
2514,16,1174,18,1786,16,979,11
2514,16,1174,18,1786,16,1003,11
2514,16,1174,18,1786,16,1044,11
2514,16,1174,18,1786,16,1068,11
2514,16,1174,18,1786,16,1153,11
2514,16,1174,18,1786,16,1186,11
2514,16,1174,18,1786,16,1194,11
2514,16,1174,18,1786,16,1259,11
2514,16,1174,18,1786,16,1260,11
2514,16,1174,18,1786,16,1312,11
2514,16,1174,18,1786,16,1388,11
2514,16,1174,18,1786,16,1391,11
2514,16,1174,18,1786,16,1422,11
2514,16,1174,18,1786,16,1556,11
2514,16,1174,18,1786,16,1568,11
2514,16,1174,18,1786,16,1599,11
2514,16,1174,18,1786,16,1747,11
2514,16,1174,18,1786,16,1773,11
2514,16,1174,18,1786,16,1799,11
2514,16,1174,18,1786,16,1818,11
2514,16,1174,18,1786,16,1873,11
2514,16,1174,18,1786,16,1940,11
2514,16,1174,18,1786,16,1956,11
2514,16,1174,18,1786,16,1997,11
2514,16,1174,18,1786,16,2068,11
2514,16,1174,18,1786,16,2079,11
2514,16,1174,18,1786,16,2123,11
2514,16,1174,18,1786,16,2196,11
2514,16,1174,18,1786,16,2206,11
2514,16,1174,18,1786,16,2216,11
2514,16,1174,18,1786,16,2244,11
2514,16,1174,18,1786,16,2259,11
2514,16,1174,18,1786,16,2261,11
2514,16,1174,18,1786,16,2289,11
2514,16,1174,18,1786,16,2359,11
2514,16,1174,18,1786,16,2370,11
2514,16,1174,18,1786,16,2405,11
2514,16,1174,18,1848,27,45,11
2514,16,1174,18,1848,27,159,11
2514,16,1174,18,1848,27,272,11
2514,16,1174,18,1848,27,338,11
2514,16,1174,18,1848,27,390,11
2514,16,1174,18,1848,27,457,11
2514,16,1174,18,1848,27,463,11
2514,16,1174,18,1848,27,620,11
2514,16,1174,18,1848,27,700,11
2514,16,1174,18,1848,27,742,11
2514,16,1174,18,1848,27,758,11
2514,16,1174,18,1848,27,879,11
2514,16,1174,18,1848,27,927,11
2514,16,1174,18,1848,27,979,11
2514,16,1174,18,1848,27,1003,11
2514,16,1174,18,1848,27,1044,11
2514,16,1174,18,1848,27,1068,11
2514,16,1174,18,1848,27,1153,11
2514,16,1174,18,1848,27,1186,11
2514,16,1174,18,1848,27,1194,11
2514,16,1174,18,1848,27,1259,11
2514,16,1174,18,1848,27,1260,11
2514,16,1174,18,1848,27,1312,11
2514,16,1174,18,1848,27,1388,11
2514,16,1174,18,1848,27,1391,11
2514,16,1174,18,1848,27,1422,11
2514,16,1174,18,1848,27,1556,11
2514,16,1174,18,1848,27,1568,11
2514,16,1174,18,1848,27,1599,11
2514,16,1174,18,1848,27,1747,11
2514,16,1174,18,1848,27,1773,11
2514,16,1174,18,1848,27,1799,11
2514,16,1174,18,1848,27,1818,11
2514,16,1174,18,1848,27,1873,11
2514,16,1174,18,1848,27,1940,11
2514,16,1174,18,1848,27,1956,11
2514,16,1174,18,1848,27,1997,11
2514,16,1174,18,1848,27,2068,11
2514,16,1174,18,1848,27,2079,11
2514,16,1174,18,1848,27,2123,11
2514,16,1174,18,1848,27,2196,11
2514,16,1174,18,1848,27,2206,11
2514,16,1174,18,1848,27,2216,11
2514,16,1174,18,1848,27,2244,11
2514,16,1174,18,1848,27,2259,11
2514,16,1174,18,1848,27,2261,11
2514,16,1174,18,1848,27,2289,11
2514,16,1174,18,1848,27,2359,11
2514,16,1174,18,1848,27,2370,11
2514,16,1174,18,1848,27,2405,11
2514,16,1174,18,1906,28,45,11
2514,16,1174,18,1906,28,159,11
2514,16,1174,18,1906,28,272,11
2514,16,1174,18,1906,28,338,11
2514,16,1174,18,1906,28,390,11
2514,16,1174,18,1906,28,457,11
2514,16,1174,18,1906,28,463,11
2514,16,1174,18,1906,28,620,11
2514,16,1174,18,1906,28,700,11
2514,16,1174,18,1906,28,742,11
2514,16,1174,18,1906,28,758,11
2514,16,1174,18,1906,28,879,11
2514,16,1174,18,1906,28,927,11
2514,16,1174,18,1906,28,979,11
2514,16,1174,18,1906,28,1003,11
2514,16,1174,18,1906,28,1044,11
2514,16,1174,18,1906,28,1068,11
2514,16,1174,18,1906,28,1153,11
2514,16,1174,18,1906,28,1186,11
2514,16,1174,18,1906,28,1194,11
2514,16,1174,18,1906,28,1259,11
2514,16,1174,18,1906,28,1260,11
2514,16,1174,18,1906,28,1312,11
2514,16,1174,18,1906,28,1388,11
2514,16,1174,18,1906,28,1391,11
2514,16,1174,18,1906,28,1422,11
2514,16,1174,18,1906,28,1556,11
2514,16,1174,18,1906,28,1568,11
2514,16,1174,18,1906,28,1599,11
2514,16,1174,18,1906,28,1747,11
2514,16,1174,18,1906,28,1773,11
2514,16,1174,18,1906,28,1799,11
2514,16,1174,18,1906,28,1818,11
2514,16,1174,18,1906,28,1873,11
2514,16,1174,18,1906,28,1940,11
2514,16,1174,18,1906,28,1956,11
2514,16,1174,18,1906,28,1997,11
2514,16,1174,18,1906,28,2068,11
2514,16,1174,18,1906,28,2079,11
2514,16,1174,18,1906,28,2123,11
2514,16,1174,18,1906,28,2196,11
2514,16,1174,18,1906,28,2206,11
2514,16,1174,18,1906,28,2216,11
2514,16,1174,18,1906,28,2244,11
2514,16,1174,18,1906,28,2259,11
2514,16,1174,18,1906,28,2261,11
2514,16,1174,18,1906,28,2289,11
2514,16,1174,18,1906,28,2359,11
2514,16,1174,18,1906,28,2370,11
2514,16,1174,18,1906,28,2405,11
