2514,16,709,17,9,25,45,11
2514,16,709,17,9,25,159,11
2514,16,709,17,9,25,272,11
2514,16,709,17,9,25,338,11
2514,16,709,17,9,25,390,11
2514,16,709,17,9,25,457,11
2514,16,709,17,9,25,463,11
2514,16,709,17,9,25,620,11
2514,16,709,17,9,25,700,11
2514,16,709,17,9,25,742,11
2514,16,709,17,9,25,758,11
2514,16,709,17,9,25,879,11
2514,16,709,17,9,25,927,11
2514,16,709,17,9,25,979,11
2514,16,709,17,9,25,1003,11
2514,16,709,17,9,25,1044,11
2514,16,709,17,9,25,1068,11
2514,16,709,17,9,25,1153,11
2514,16,709,17,9,25,1186,11
2514,16,709,17,9,25,1194,11
2514,16,709,17,9,25,1259,11
2514,16,709,17,9,25,1260,11
2514,16,709,17,9,25,1312,11
2514,16,709,17,9,25,1388,11
2514,16,709,17,9,25,1391,11
2514,16,709,17,9,25,1422,11
2514,16,709,17,9,25,1556,11
2514,16,709,17,9,25,1568,11
2514,16,709,17,9,25,1599,11
2514,16,709,17,9,25,1747,11
2514,16,709,17,9,25,1773,11
2514,16,709,17,9,25,1799,11
2514,16,709,17,9,25,1818,11
2514,16,709,17,9,25,1873,11
2514,16,709,17,9,25,1940,11
2514,16,709,17,9,25,1956,11
2514,16,709,17,9,25,1997,11
2514,16,709,17,9,25,2068,11
2514,16,709,17,9,25,2079,11
2514,16,709,17,9,25,2123,11
2514,16,709,17,9,25,2196,11
2514,16,709,17,9,25,2206,11
2514,16,709,17,9,25,2216,11
2514,16,709,17,9,25,2244,11
2514,16,709,17,9,25,2259,11
2514,16,709,17,9,25,2261,11
2514,16,709,17,9,25,2289,11
2514,16,709,17,9,25,2359,11
2514,16,709,17,9,25,2370,11
2514,16,709,17,9,25,2405,11
2514,16,709,17,345,44,45,11
2514,16,709,17,345,44,159,11
2514,16,709,17,345,44,272,11
2514,16,709,17,345,44,338,11
2514,16,709,17,345,44,390,11
2514,16,709,17,345,44,457,11
2514,16,709,17,345,44,463,11
2514,16,709,17,345,44,620,11
2514,16,709,17,345,44,700,11
2514,16,709,17,345,44,742,11
2514,16,709,17,345,44,758,11
2514,16,709,17,345,44,879,11
2514,16,709,17,345,44,927,11
2514,16,709,17,345,44,979,11
2514,16,709,17,345,44,1003,11
2514,16,709,17,345,44,1044,11
2514,16,709,17,345,44,1068,11
2514,16,709,17,345,44,1153,11
2514,16,709,17,345,44,1186,11
2514,16,709,17,345,44,1194,11
2514,16,709,17,345,44,1259,11
2514,16,709,17,345,44,1260,11
2514,16,709,17,345,44,1312,11
2514,16,709,17,345,44,1388,11
2514,16,709,17,345,44,1391,11
2514,16,709,17,345,44,1422,11
2514,16,709,17,345,44,1556,11
2514,16,709,17,345,44,1568,11
2514,16,709,17,345,44,1599,11
2514,16,709,17,345,44,1747,11
2514,16,709,17,345,44,1773,11
2514,16,709,17,345,44,1799,11
2514,16,709,17,345,44,1818,11
2514,16,709,17,345,44,1873,11
2514,16,709,17,345,44,1940,11
2514,16,709,17,345,44,1956,11
2514,16,709,17,345,44,1997,11
2514,16,709,17,345,44,2068,11
2514,16,709,17,345,44,2079,11
2514,16,709,17,345,44,2123,11
2514,16,709,17,345,44,2196,11
2514,16,709,17,345,44,2206,11
2514,16,709,17,345,44,2216,11
2514,16,709,17,345,44,2244,11
2514,16,709,17,345,44,2259,11
2514,16,709,17,345,44,2261,11
2514,16,709,17,345,44,2289,11
2514,16,709,17,345,44,2359,11
2514,16,709,17,345,44,2370,11
2514,16,709,17,345,44,2405,11
2514,16,709,17,369,19,45,11
2514,16,709,17,369,19,159,11
2514,16,709,17,369,19,272,11
2514,16,709,17,369,19,338,11
2514,16,709,17,369,19,390,11
2514,16,709,17,369,19,457,11
2514,16,709,17,369,19,463,11
2514,16,709,17,369,19,620,11
2514,16,709,17,369,19,700,11
2514,16,709,17,369,19,742,11
2514,16,709,17,369,19,758,11
2514,16,709,17,369,19,879,11
2514,16,709,17,369,19,927,11
2514,16,709,17,369,19,979,11
2514,16,709,17,369,19,1003,11
2514,16,709,17,369,19,1044,11
2514,16,709,17,369,19,1068,11
2514,16,709,17,369,19,1153,11
2514,16,709,17,369,19,1186,11
2514,16,709,17,369,19,1194,11
2514,16,709,17,369,19,1259,11
2514,16,709,17,369,19,1260,11
2514,16,709,17,369,19,1312,11
2514,16,709,17,369,19,1388,11
2514,16,709,17,369,19,1391,11
2514,16,709,17,369,19,1422,11
2514,16,709,17,369,19,1556,11
2514,16,709,17,369,19,1568,11
2514,16,709,17,369,19,1599,11
2514,16,709,17,369,19,1747,11
2514,16,709,17,369,19,1773,11
2514,16,709,17,369,19,1799,11
2514,16,709,17,369,19,1818,11
2514,16,709,17,369,19,1873,11
2514,16,709,17,369,19,1940,11
2514,16,709,17,369,19,1956,11
2514,16,709,17,369,19,1997,11
2514,16,709,17,369,19,2068,11
2514,16,709,17,369,19,2079,11
2514,16,709,17,369,19,2123,11
2514,16,709,17,369,19,2196,11
2514,16,709,17,369,19,2206,11
2514,16,709,17,369,19,2216,11
2514,16,709,17,369,19,2244,11
2514,16,709,17,369,19,2259,11
2514,16,709,17,369,19,2261,11
2514,16,709,17,369,19,2289,11
2514,16,709,17,369,19,2359,11
2514,16,709,17,369,19,2370,11
2514,16,709,17,369,19,2405,11
2514,16,709,17,418,15,45,11
2514,16,709,17,418,15,159,11
2514,16,709,17,418,15,272,11
2514,16,709,17,418,15,338,11
2514,16,709,17,418,15,390,11
2514,16,709,17,418,15,457,11
2514,16,709,17,418,15,463,11
2514,16,709,17,418,15,620,11
2514,16,709,17,418,15,700,11
2514,16,709,17,418,15,742,11
2514,16,709,17,418,15,758,11
2514,16,709,17,418,15,879,11
2514,16,709,17,418,15,927,11
2514,16,709,17,418,15,979,11
2514,16,709,17,418,15,1003,11
2514,16,709,17,418,15,1044,11
2514,16,709,17,418,15,1068,11
2514,16,709,17,418,15,1153,11
2514,16,709,17,418,15,1186,11
2514,16,709,17,418,15,1194,11
2514,16,709,17,418,15,1259,11
2514,16,709,17,418,15,1260,11
2514,16,709,17,418,15,1312,11
2514,16,709,17,418,15,1388,11
2514,16,709,17,418,15,1391,11
2514,16,709,17,418,15,1422,11
2514,16,709,17,418,15,1556,11
2514,16,709,17,418,15,1568,11
2514,16,709,17,418,15,1599,11
2514,16,709,17,418,15,1747,11
2514,16,709,17,418,15,1773,11
2514,16,709,17,418,15,1799,11
2514,16,709,17,418,15,1818,11
2514,16,709,17,418,15,1873,11
2514,16,709,17,418,15,1940,11
2514,16,709,17,418,15,1956,11
2514,16,709,17,418,15,1997,11
2514,16,709,17,418,15,2068,11
2514,16,709,17,418,15,2079,11
2514,16,709,17,418,15,2123,11
2514,16,709,17,418,15,2196,11
2514,16,709,17,418,15,2206,11
2514,16,709,17,418,15,2216,11
2514,16,709,17,418,15,2244,11
2514,16,709,17,418,15,2259,11
2514,16,709,17,418,15,2261,11
2514,16,709,17,418,15,2289,11
2514,16,709,17,418,15,2359,11
2514,16,709,17,418,15,2370,11
2514,16,709,17,418,15,2405,11
2514,16,709,17,527,39,45,11
2514,16,709,17,527,39,159,11
2514,16,709,17,527,39,272,11
2514,16,709,17,527,39,338,11
2514,16,709,17,527,39,390,11
2514,16,709,17,527,39,457,11
2514,16,709,17,527,39,463,11
2514,16,709,17,527,39,620,11
2514,16,709,17,527,39,700,11
2514,16,709,17,527,39,742,11
2514,16,709,17,527,39,758,11
2514,16,709,17,527,39,879,11
2514,16,709,17,527,39,927,11
2514,16,709,17,527,39,979,11
2514,16,709,17,527,39,1003,11
2514,16,709,17,527,39,1044,11
2514,16,709,17,527,39,1068,11
2514,16,709,17,527,39,1153,11
2514,16,709,17,527,39,1186,11
2514,16,709,17,527,39,1194,11
2514,16,709,17,527,39,1259,11
2514,16,709,17,527,39,1260,11
2514,16,709,17,527,39,1312,11
2514,16,709,17,527,39,1388,11
2514,16,709,17,527,39,1391,11
2514,16,709,17,527,39,1422,11
2514,16,709,17,527,39,1556,11
2514,16,709,17,527,39,1568,11
2514,16,709,17,527,39,1599,11
2514,16,709,17,527,39,1747,11
2514,16,709,17,527,39,1773,11
2514,16,709,17,527,39,1799,11
2514,16,709,17,527,39,1818,11
2514,16,709,17,527,39,1873,11
2514,16,709,17,527,39,1940,11
2514,16,709,17,527,39,1956,11
2514,16,709,17,527,39,1997,11
2514,16,709,17,527,39,2068,11
2514,16,709,17,527,39,2079,11
2514,16,709,17,527,39,2123,11
2514,16,709,17,527,39,2196,11
2514,16,709,17,527,39,2206,11
2514,16,709,17,527,39,2216,11
2514,16,709,17,527,39,2244,11
2514,16,709,17,527,39,2259,11
2514,16,709,17,527,39,2261,11
2514,16,709,17,527,39,2289,11
2514,16,709,17,527,39,2359,11
2514,16,709,17,527,39,2370,11
2514,16,709,17,527,39,2405,11
2514,16,709,17,971,17,45,11
2514,16,709,17,971,17,159,11
2514,16,709,17,971,17,272,11
2514,16,709,17,971,17,338,11
2514,16,709,17,971,17,390,11
2514,16,709,17,971,17,457,11
2514,16,709,17,971,17,463,11
2514,16,709,17,971,17,620,11
2514,16,709,17,971,17,700,11
2514,16,709,17,971,17,742,11
2514,16,709,17,971,17,758,11
2514,16,709,17,971,17,879,11
2514,16,709,17,971,17,927,11
2514,16,709,17,971,17,979,11
2514,16,709,17,971,17,1003,11
2514,16,709,17,971,17,1044,11
2514,16,709,17,971,17,1068,11
2514,16,709,17,971,17,1153,11
2514,16,709,17,971,17,1186,11
2514,16,709,17,971,17,1194,11
2514,16,709,17,971,17,1259,11
2514,16,709,17,971,17,1260,11
2514,16,709,17,971,17,1312,11
2514,16,709,17,971,17,1388,11
2514,16,709,17,971,17,1391,11
2514,16,709,17,971,17,1422,11
2514,16,709,17,971,17,1556,11
2514,16,709,17,971,17,1568,11
2514,16,709,17,971,17,1599,11
2514,16,709,17,971,17,1747,11
2514,16,709,17,971,17,1773,11
2514,16,709,17,971,17,1799,11
2514,16,709,17,971,17,1818,11
2514,16,709,17,971,17,1873,11
2514,16,709,17,971,17,1940,11
2514,16,709,17,971,17,1956,11
2514,16,709,17,971,17,1997,11
2514,16,709,17,971,17,2068,11
2514,16,709,17,971,17,2079,11
2514,16,709,17,971,17,2123,11
2514,16,709,17,971,17,2196,11
2514,16,709,17,971,17,2206,11
2514,16,709,17,971,17,2216,11
2514,16,709,17,971,17,2244,11
2514,16,709,17,971,17,2259,11
2514,16,709,17,971,17,2261,11
2514,16,709,17,971,17,2289,11
2514,16,709,17,971,17,2359,11
2514,16,709,17,971,17,2370,11
2514,16,709,17,971,17,2405,11
2514,16,709,17,1059,22,45,11
2514,16,709,17,1059,22,159,11
2514,16,709,17,1059,22,272,11
2514,16,709,17,1059,22,338,11
2514,16,709,17,1059,22,390,11
2514,16,709,17,1059,22,457,11
2514,16,709,17,1059,22,463,11
2514,16,709,17,1059,22,620,11
2514,16,709,17,1059,22,700,11
2514,16,709,17,1059,22,742,11
2514,16,709,17,1059,22,758,11
2514,16,709,17,1059,22,879,11
2514,16,709,17,1059,22,927,11
2514,16,709,17,1059,22,979,11
2514,16,709,17,1059,22,1003,11
2514,16,709,17,1059,22,1044,11
2514,16,709,17,1059,22,1068,11
2514,16,709,17,1059,22,1153,11
2514,16,709,17,1059,22,1186,11
2514,16,709,17,1059,22,1194,11
2514,16,709,17,1059,22,1259,11
2514,16,709,17,1059,22,1260,11
2514,16,709,17,1059,22,1312,11
2514,16,709,17,1059,22,1388,11
2514,16,709,17,1059,22,1391,11
2514,16,709,17,1059,22,1422,11
2514,16,709,17,1059,22,1556,11
2514,16,709,17,1059,22,1568,11
2514,16,709,17,1059,22,1599,11
2514,16,709,17,1059,22,1747,11
2514,16,709,17,1059,22,1773,11
2514,16,709,17,1059,22,1799,11
2514,16,709,17,1059,22,1818,11
2514,16,709,17,1059,22,1873,11
2514,16,709,17,1059,22,1940,11
2514,16,709,17,1059,22,1956,11
2514,16,709,17,1059,22,1997,11
2514,16,709,17,1059,22,2068,11
2514,16,709,17,1059,22,2079,11
2514,16,709,17,1059,22,2123,11
2514,16,709,17,1059,22,2196,11
2514,16,709,17,1059,22,2206,11
2514,16,709,17,1059,22,2216,11
2514,16,709,17,1059,22,2244,11
2514,16,709,17,1059,22,2259,11
2514,16,709,17,1059,22,2261,11
2514,16,709,17,1059,22,2289,11
2514,16,709,17,1059,22,2359,11
2514,16,709,17,1059,22,2370,11
2514,16,709,17,1059,22,2405,11
2514,16,709,17,1069,50,45,11
2514,16,709,17,1069,50,159,11
2514,16,709,17,1069,50,272,11
2514,16,709,17,1069,50,338,11
2514,16,709,17,1069,50,390,11
2514,16,709,17,1069,50,457,11
2514,16,709,17,1069,50,463,11
2514,16,709,17,1069,50,620,11
2514,16,709,17,1069,50,700,11
2514,16,709,17,1069,50,742,11
2514,16,709,17,1069,50,758,11
2514,16,709,17,1069,50,879,11
2514,16,709,17,1069,50,927,11
2514,16,709,17,1069,50,979,11
2514,16,709,17,1069,50,1003,11
2514,16,709,17,1069,50,1044,11
2514,16,709,17,1069,50,1068,11
2514,16,709,17,1069,50,1153,11
2514,16,709,17,1069,50,1186,11
2514,16,709,17,1069,50,1194,11
2514,16,709,17,1069,50,1259,11
2514,16,709,17,1069,50,1260,11
2514,16,709,17,1069,50,1312,11
2514,16,709,17,1069,50,1388,11
2514,16,709,17,1069,50,1391,11
2514,16,709,17,1069,50,1422,11
2514,16,709,17,1069,50,1556,11
2514,16,709,17,1069,50,1568,11
2514,16,709,17,1069,50,1599,11
2514,16,709,17,1069,50,1747,11
2514,16,709,17,1069,50,1773,11
2514,16,709,17,1069,50,1799,11
2514,16,709,17,1069,50,1818,11
2514,16,709,17,1069,50,1873,11
2514,16,709,17,1069,50,1940,11
2514,16,709,17,1069,50,1956,11
2514,16,709,17,1069,50,1997,11
2514,16,709,17,1069,50,2068,11
2514,16,709,17,1069,50,2079,11
2514,16,709,17,1069,50,2123,11
2514,16,709,17,1069,50,2196,11
2514,16,709,17,1069,50,2206,11
2514,16,709,17,1069,50,2216,11
2514,16,709,17,1069,50,2244,11
2514,16,709,17,1069,50,2259,11
2514,16,709,17,1069,50,2261,11
2514,16,709,17,1069,50,2289,11
2514,16,709,17,1069,50,2359,11
2514,16,709,17,1069,50,2370,11
2514,16,709,17,1069,50,2405,11
2514,16,709,17,1172,21,45,11
2514,16,709,17,1172,21,159,11
2514,16,709,17,1172,21,272,11
2514,16,709,17,1172,21,338,11
2514,16,709,17,1172,21,390,11
2514,16,709,17,1172,21,457,11
2514,16,709,17,1172,21,463,11
2514,16,709,17,1172,21,620,11
2514,16,709,17,1172,21,700,11
2514,16,709,17,1172,21,742,11
2514,16,709,17,1172,21,758,11
2514,16,709,17,1172,21,879,11
2514,16,709,17,1172,21,927,11
2514,16,709,17,1172,21,979,11
2514,16,709,17,1172,21,1003,11
2514,16,709,17,1172,21,1044,11
2514,16,709,17,1172,21,1068,11
2514,16,709,17,1172,21,1153,11
2514,16,709,17,1172,21,1186,11
2514,16,709,17,1172,21,1194,11
2514,16,709,17,1172,21,1259,11
2514,16,709,17,1172,21,1260,11
2514,16,709,17,1172,21,1312,11
2514,16,709,17,1172,21,1388,11
2514,16,709,17,1172,21,1391,11
2514,16,709,17,1172,21,1422,11
2514,16,709,17,1172,21,1556,11
2514,16,709,17,1172,21,1568,11
2514,16,709,17,1172,21,1599,11
2514,16,709,17,1172,21,1747,11
2514,16,709,17,1172,21,1773,11
2514,16,709,17,1172,21,1799,11
2514,16,709,17,1172,21,1818,11
2514,16,709,17,1172,21,1873,11
2514,16,709,17,1172,21,1940,11
2514,16,709,17,1172,21,1956,11
2514,16,709,17,1172,21,1997,11
2514,16,709,17,1172,21,2068,11
2514,16,709,17,1172,21,2079,11
2514,16,709,17,1172,21,2123,11
2514,16,709,17,1172,21,2196,11
2514,16,709,17,1172,21,2206,11
2514,16,709,17,1172,21,2216,11
2514,16,709,17,1172,21,2244,11
2514,16,709,17,1172,21,2259,11
2514,16,709,17,1172,21,2261,11
2514,16,709,17,1172,21,2289,11
2514,16,709,17,1172,21,2359,11
2514,16,709,17,1172,21,2370,11
2514,16,709,17,1172,21,2405,11
2514,16,709,17,1261,26,45,11
2514,16,709,17,1261,26,159,11
2514,16,709,17,1261,26,272,11
2514,16,709,17,1261,26,338,11
2514,16,709,17,1261,26,390,11
2514,16,709,17,1261,26,457,11
2514,16,709,17,1261,26,463,11
2514,16,709,17,1261,26,620,11
2514,16,709,17,1261,26,700,11
2514,16,709,17,1261,26,742,11
2514,16,709,17,1261,26,758,11
2514,16,709,17,1261,26,879,11
2514,16,709,17,1261,26,927,11
2514,16,709,17,1261,26,979,11
2514,16,709,17,1261,26,1003,11
2514,16,709,17,1261,26,1044,11
2514,16,709,17,1261,26,1068,11
2514,16,709,17,1261,26,1153,11
2514,16,709,17,1261,26,1186,11
2514,16,709,17,1261,26,1194,11
2514,16,709,17,1261,26,1259,11
2514,16,709,17,1261,26,1260,11
2514,16,709,17,1261,26,1312,11
2514,16,709,17,1261,26,1388,11
2514,16,709,17,1261,26,1391,11
2514,16,709,17,1261,26,1422,11
2514,16,709,17,1261,26,1556,11
2514,16,709,17,1261,26,1568,11
2514,16,709,17,1261,26,1599,11
2514,16,709,17,1261,26,1747,11
2514,16,709,17,1261,26,1773,11
2514,16,709,17,1261,26,1799,11
2514,16,709,17,1261,26,1818,11
2514,16,709,17,1261,26,1873,11
2514,16,709,17,1261,26,1940,11
2514,16,709,17,1261,26,1956,11
2514,16,709,17,1261,26,1997,11
2514,16,709,17,1261,26,2068,11
2514,16,709,17,1261,26,2079,11
2514,16,709,17,1261,26,2123,11
2514,16,709,17,1261,26,2196,11
2514,16,709,17,1261,26,2206,11
2514,16,709,17,1261,26,2216,11
2514,16,709,17,1261,26,2244,11
2514,16,709,17,1261,26,2259,11
2514,16,709,17,1261,26,2261,11
2514,16,709,17,1261,26,2289,11
2514,16,709,17,1261,26,2359,11
2514,16,709,17,1261,26,2370,11
2514,16,709,17,1261,26,2405,11
2514,16,709,17,1292,16,45,11
2514,16,709,17,1292,16,159,11
2514,16,709,17,1292,16,272,11
2514,16,709,17,1292,16,338,11
2514,16,709,17,1292,16,390,11
2514,16,709,17,1292,16,457,11
2514,16,709,17,1292,16,463,11
2514,16,709,17,1292,16,620,11
2514,16,709,17,1292,16,700,11
2514,16,709,17,1292,16,742,11
2514,16,709,17,1292,16,758,11
2514,16,709,17,1292,16,879,11
2514,16,709,17,1292,16,927,11
2514,16,709,17,1292,16,979,11
2514,16,709,17,1292,16,1003,11
2514,16,709,17,1292,16,1044,11
2514,16,709,17,1292,16,1068,11
2514,16,709,17,1292,16,1153,11
2514,16,709,17,1292,16,1186,11
2514,16,709,17,1292,16,1194,11
2514,16,709,17,1292,16,1259,11
2514,16,709,17,1292,16,1260,11
2514,16,709,17,1292,16,1312,11
2514,16,709,17,1292,16,1388,11
2514,16,709,17,1292,16,1391,11
2514,16,709,17,1292,16,1422,11
2514,16,709,17,1292,16,1556,11
2514,16,709,17,1292,16,1568,11
2514,16,709,17,1292,16,1599,11
2514,16,709,17,1292,16,1747,11
2514,16,709,17,1292,16,1773,11
2514,16,709,17,1292,16,1799,11
2514,16,709,17,1292,16,1818,11
2514,16,709,17,1292,16,1873,11
2514,16,709,17,1292,16,1940,11
2514,16,709,17,1292,16,1956,11
2514,16,709,17,1292,16,1997,11
2514,16,709,17,1292,16,2068,11
2514,16,709,17,1292,16,2079,11
2514,16,709,17,1292,16,2123,11
2514,16,709,17,1292,16,2196,11
2514,16,709,17,1292,16,2206,11
2514,16,709,17,1292,16,2216,11
2514,16,709,17,1292,16,2244,11
2514,16,709,17,1292,16,2259,11
2514,16,709,17,1292,16,2261,11
2514,16,709,17,1292,16,2289,11
2514,16,709,17,1292,16,2359,11
2514,16,709,17,1292,16,2370,11
2514,16,709,17,1292,16,2405,11
2514,16,709,17,1657,50,45,11
2514,16,709,17,1657,50,159,11
2514,16,709,17,1657,50,272,11
2514,16,709,17,1657,50,338,11
2514,16,709,17,1657,50,390,11
2514,16,709,17,1657,50,463,11
2514,16,709,17,1657,50,620,11
2514,16,709,17,1657,50,742,11
2514,16,709,17,1657,50,758,11
2514,16,709,17,1657,50,879,11
2514,16,709,17,1657,50,979,11
2514,16,709,17,1657,50,1044,11
2514,16,709,17,1657,50,1068,11
2514,16,709,17,1657,50,1186,11
2514,16,709,17,1657,50,1259,11
2514,16,709,17,1657,50,1260,11
2514,16,709,17,1657,50,1312,11
2514,16,709,17,1657,50,1388,11
2514,16,709,17,1657,50,1391,11
2514,16,709,17,1657,50,1422,11
2514,16,709,17,1657,50,1556,11
2514,16,709,17,1657,50,1747,11
2514,16,709,17,1657,50,1773,11
2514,16,709,17,1657,50,1799,11
2514,16,709,17,1657,50,1873,11
2514,16,709,17,1657,50,1956,11
2514,16,709,17,1657,50,1997,11
2514,16,709,17,1657,50,2068,11
2514,16,709,17,1657,50,2079,11
2514,16,709,17,1657,50,2123,11
2514,16,709,17,1657,50,2196,11
2514,16,709,17,1657,50,2206,11
2514,16,709,17,1657,50,2216,11
2514,16,709,17,1657,50,2244,11
2514,16,709,17,1657,50,2259,11
2514,16,709,17,1657,50,2261,11
2514,16,709,17,1657,50,2289,11
2514,16,709,17,1657,50,2359,11
2514,16,709,17,1657,50,2370,11
2514,16,709,17,1657,50,2405,11
2514,16,709,17,1673,39,45,11
2514,16,709,17,1673,39,159,11
2514,16,709,17,1673,39,272,11
2514,16,709,17,1673,39,338,11
2514,16,709,17,1673,39,390,11
2514,16,709,17,1673,39,457,11
2514,16,709,17,1673,39,463,11
2514,16,709,17,1673,39,620,11
2514,16,709,17,1673,39,700,11
2514,16,709,17,1673,39,742,11
2514,16,709,17,1673,39,758,11
2514,16,709,17,1673,39,879,11
2514,16,709,17,1673,39,927,11
2514,16,709,17,1673,39,979,11
2514,16,709,17,1673,39,1003,11
2514,16,709,17,1673,39,1044,11
2514,16,709,17,1673,39,1068,11
2514,16,709,17,1673,39,1153,11
2514,16,709,17,1673,39,1186,11
2514,16,709,17,1673,39,1194,11
2514,16,709,17,1673,39,1259,11
2514,16,709,17,1673,39,1260,11
2514,16,709,17,1673,39,1312,11
2514,16,709,17,1673,39,1388,11
2514,16,709,17,1673,39,1391,11
2514,16,709,17,1673,39,1422,11
2514,16,709,17,1673,39,1556,11
2514,16,709,17,1673,39,1568,11
2514,16,709,17,1673,39,1599,11
2514,16,709,17,1673,39,1747,11
2514,16,709,17,1673,39,1773,11
2514,16,709,17,1673,39,1799,11
2514,16,709,17,1673,39,1818,11
2514,16,709,17,1673,39,1873,11
2514,16,709,17,1673,39,1940,11
2514,16,709,17,1673,39,1956,11
2514,16,709,17,1673,39,1997,11
2514,16,709,17,1673,39,2068,11
2514,16,709,17,1673,39,2079,11
2514,16,709,17,1673,39,2123,11
2514,16,709,17,1673,39,2196,11
2514,16,709,17,1673,39,2206,11
2514,16,709,17,1673,39,2216,11
2514,16,709,17,1673,39,2244,11
2514,16,709,17,1673,39,2259,11
2514,16,709,17,1673,39,2261,11
2514,16,709,17,1673,39,2289,11
2514,16,709,17,1673,39,2359,11
2514,16,709,17,1673,39,2370,11
2514,16,709,17,1673,39,2405,11
