2514,16,408,21,51,20,457,11
2514,16,408,21,51,20,700,11
2514,16,408,21,51,20,927,11
2514,16,408,21,51,20,1003,11
2514,16,408,21,51,20,1153,11
2514,16,408,21,51,20,1194,11
2514,16,408,21,51,20,1568,11
2514,16,408,21,51,20,1599,11
2514,16,408,21,51,20,1818,11
2514,16,408,21,51,20,1940,11
2514,16,408,21,138,27,45,11
2514,16,408,21,138,27,159,11
2514,16,408,21,138,27,272,11
2514,16,408,21,138,27,338,11
2514,16,408,21,138,27,390,11
2514,16,408,21,138,27,457,11
2514,16,408,21,138,27,463,11
2514,16,408,21,138,27,620,11
2514,16,408,21,138,27,700,11
2514,16,408,21,138,27,742,11
2514,16,408,21,138,27,758,11
2514,16,408,21,138,27,879,11
2514,16,408,21,138,27,927,11
2514,16,408,21,138,27,979,11
2514,16,408,21,138,27,1003,11
2514,16,408,21,138,27,1044,11
2514,16,408,21,138,27,1068,11
2514,16,408,21,138,27,1153,11
2514,16,408,21,138,27,1186,11
2514,16,408,21,138,27,1194,11
2514,16,408,21,138,27,1259,11
2514,16,408,21,138,27,1260,11
2514,16,408,21,138,27,1312,11
2514,16,408,21,138,27,1388,11
2514,16,408,21,138,27,1391,11
2514,16,408,21,138,27,1422,11
2514,16,408,21,138,27,1556,11
2514,16,408,21,138,27,1568,11
2514,16,408,21,138,27,1599,11
2514,16,408,21,138,27,1747,11
2514,16,408,21,138,27,1773,11
2514,16,408,21,138,27,1799,11
2514,16,408,21,138,27,1818,11
2514,16,408,21,138,27,1873,11
2514,16,408,21,138,27,1940,11
2514,16,408,21,138,27,1956,11
2514,16,408,21,138,27,1997,11
2514,16,408,21,138,27,2068,11
2514,16,408,21,138,27,2079,11
2514,16,408,21,138,27,2123,11
2514,16,408,21,138,27,2196,11
2514,16,408,21,138,27,2206,11
2514,16,408,21,138,27,2216,11
2514,16,408,21,138,27,2244,11
2514,16,408,21,138,27,2259,11
2514,16,408,21,138,27,2261,11
2514,16,408,21,138,27,2289,11
2514,16,408,21,138,27,2359,11
2514,16,408,21,138,27,2370,11
2514,16,408,21,138,27,2405,11
2514,16,408,21,177,12,45,11
2514,16,408,21,177,12,159,11
2514,16,408,21,177,12,272,11
2514,16,408,21,177,12,338,11
2514,16,408,21,177,12,390,11
2514,16,408,21,177,12,457,11
2514,16,408,21,177,12,463,11
2514,16,408,21,177,12,620,11
2514,16,408,21,177,12,700,11
2514,16,408,21,177,12,742,11
2514,16,408,21,177,12,758,11
2514,16,408,21,177,12,879,11
2514,16,408,21,177,12,927,11
2514,16,408,21,177,12,979,11
2514,16,408,21,177,12,1003,11
2514,16,408,21,177,12,1044,11
2514,16,408,21,177,12,1068,11
2514,16,408,21,177,12,1153,11
2514,16,408,21,177,12,1186,11
2514,16,408,21,177,12,1194,11
2514,16,408,21,177,12,1259,11
2514,16,408,21,177,12,1260,11
2514,16,408,21,177,12,1312,11
2514,16,408,21,177,12,1388,11
2514,16,408,21,177,12,1391,11
2514,16,408,21,177,12,1422,11
2514,16,408,21,177,12,1556,11
2514,16,408,21,177,12,1568,11
2514,16,408,21,177,12,1599,11
2514,16,408,21,177,12,1747,11
2514,16,408,21,177,12,1773,11
2514,16,408,21,177,12,1799,11
2514,16,408,21,177,12,1818,11
2514,16,408,21,177,12,1873,11
2514,16,408,21,177,12,1940,11
2514,16,408,21,177,12,1956,11
2514,16,408,21,177,12,1997,11
2514,16,408,21,177,12,2068,11
2514,16,408,21,177,12,2079,11
2514,16,408,21,177,12,2123,11
2514,16,408,21,177,12,2196,11
2514,16,408,21,177,12,2206,11
2514,16,408,21,177,12,2216,11
2514,16,408,21,177,12,2244,11
2514,16,408,21,177,12,2259,11
2514,16,408,21,177,12,2261,11
2514,16,408,21,177,12,2289,11
2514,16,408,21,177,12,2359,11
2514,16,408,21,177,12,2370,11
2514,16,408,21,177,12,2405,11
2514,16,408,21,811,31,45,11
2514,16,408,21,811,31,159,11
2514,16,408,21,811,31,272,11
2514,16,408,21,811,31,338,11
2514,16,408,21,811,31,390,11
2514,16,408,21,811,31,457,11
2514,16,408,21,811,31,463,11
2514,16,408,21,811,31,620,11
2514,16,408,21,811,31,700,11
2514,16,408,21,811,31,742,11
2514,16,408,21,811,31,758,11
2514,16,408,21,811,31,879,11
2514,16,408,21,811,31,927,11
2514,16,408,21,811,31,979,11
2514,16,408,21,811,31,1003,11
2514,16,408,21,811,31,1044,11
2514,16,408,21,811,31,1068,11
2514,16,408,21,811,31,1153,11
2514,16,408,21,811,31,1186,11
2514,16,408,21,811,31,1194,11
2514,16,408,21,811,31,1259,11
2514,16,408,21,811,31,1260,11
2514,16,408,21,811,31,1312,11
2514,16,408,21,811,31,1388,11
2514,16,408,21,811,31,1391,11
2514,16,408,21,811,31,1422,11
2514,16,408,21,811,31,1556,11
2514,16,408,21,811,31,1568,11
2514,16,408,21,811,31,1599,11
2514,16,408,21,811,31,1747,11
2514,16,408,21,811,31,1773,11
2514,16,408,21,811,31,1799,11
2514,16,408,21,811,31,1818,11
2514,16,408,21,811,31,1873,11
2514,16,408,21,811,31,1940,11
2514,16,408,21,811,31,1956,11
2514,16,408,21,811,31,1997,11
2514,16,408,21,811,31,2068,11
2514,16,408,21,811,31,2079,11
2514,16,408,21,811,31,2123,11
2514,16,408,21,811,31,2196,11
2514,16,408,21,811,31,2206,11
2514,16,408,21,811,31,2216,11
2514,16,408,21,811,31,2244,11
2514,16,408,21,811,31,2259,11
2514,16,408,21,811,31,2261,11
2514,16,408,21,811,31,2289,11
2514,16,408,21,811,31,2359,11
2514,16,408,21,811,31,2370,11
2514,16,408,21,811,31,2405,11
2514,16,408,21,845,50,45,11
2514,16,408,21,845,50,159,11
2514,16,408,21,845,50,272,11
2514,16,408,21,845,50,338,11
2514,16,408,21,845,50,390,11
2514,16,408,21,845,50,457,11
2514,16,408,21,845,50,463,11
2514,16,408,21,845,50,620,11
2514,16,408,21,845,50,700,11
2514,16,408,21,845,50,742,11
2514,16,408,21,845,50,758,11
2514,16,408,21,845,50,879,11
2514,16,408,21,845,50,927,11
2514,16,408,21,845,50,979,11
2514,16,408,21,845,50,1003,11
2514,16,408,21,845,50,1044,11
2514,16,408,21,845,50,1068,11
2514,16,408,21,845,50,1153,11
2514,16,408,21,845,50,1186,11
2514,16,408,21,845,50,1194,11
2514,16,408,21,845,50,1259,11
2514,16,408,21,845,50,1260,11
2514,16,408,21,845,50,1312,11
2514,16,408,21,845,50,1388,11
2514,16,408,21,845,50,1391,11
2514,16,408,21,845,50,1422,11
2514,16,408,21,845,50,1556,11
2514,16,408,21,845,50,1568,11
2514,16,408,21,845,50,1599,11
2514,16,408,21,845,50,1747,11
2514,16,408,21,845,50,1773,11
2514,16,408,21,845,50,1799,11
2514,16,408,21,845,50,1818,11
2514,16,408,21,845,50,1873,11
2514,16,408,21,845,50,1940,11
2514,16,408,21,845,50,1956,11
2514,16,408,21,845,50,1997,11
2514,16,408,21,845,50,2068,11
2514,16,408,21,845,50,2079,11
2514,16,408,21,845,50,2123,11
2514,16,408,21,845,50,2196,11
2514,16,408,21,845,50,2206,11
2514,16,408,21,845,50,2216,11
2514,16,408,21,845,50,2244,11
2514,16,408,21,845,50,2259,11
2514,16,408,21,845,50,2261,11
2514,16,408,21,845,50,2289,11
2514,16,408,21,845,50,2359,11
2514,16,408,21,845,50,2370,11
2514,16,408,21,845,50,2405,11
2514,16,408,21,921,39,45,11
2514,16,408,21,921,39,159,11
2514,16,408,21,921,39,272,11
2514,16,408,21,921,39,338,11
2514,16,408,21,921,39,390,11
2514,16,408,21,921,39,457,11
2514,16,408,21,921,39,463,11
2514,16,408,21,921,39,620,11
2514,16,408,21,921,39,700,11
2514,16,408,21,921,39,742,11
2514,16,408,21,921,39,758,11
2514,16,408,21,921,39,879,11
2514,16,408,21,921,39,927,11
2514,16,408,21,921,39,979,11
2514,16,408,21,921,39,1003,11
2514,16,408,21,921,39,1044,11
2514,16,408,21,921,39,1068,11
2514,16,408,21,921,39,1153,11
2514,16,408,21,921,39,1186,11
2514,16,408,21,921,39,1194,11
2514,16,408,21,921,39,1259,11
2514,16,408,21,921,39,1260,11
2514,16,408,21,921,39,1312,11
2514,16,408,21,921,39,1388,11
2514,16,408,21,921,39,1391,11
2514,16,408,21,921,39,1422,11
2514,16,408,21,921,39,1556,11
2514,16,408,21,921,39,1568,11
2514,16,408,21,921,39,1599,11
2514,16,408,21,921,39,1747,11
2514,16,408,21,921,39,1773,11
2514,16,408,21,921,39,1799,11
2514,16,408,21,921,39,1818,11
2514,16,408,21,921,39,1873,11
2514,16,408,21,921,39,1940,11
2514,16,408,21,921,39,1956,11
2514,16,408,21,921,39,1997,11
2514,16,408,21,921,39,2068,11
2514,16,408,21,921,39,2079,11
2514,16,408,21,921,39,2123,11
2514,16,408,21,921,39,2196,11
2514,16,408,21,921,39,2206,11
2514,16,408,21,921,39,2216,11
2514,16,408,21,921,39,2244,11
2514,16,408,21,921,39,2259,11
2514,16,408,21,921,39,2261,11
2514,16,408,21,921,39,2289,11
2514,16,408,21,921,39,2359,11
2514,16,408,21,921,39,2370,11
2514,16,408,21,921,39,2405,11
2514,16,408,21,1031,21,45,11
2514,16,408,21,1031,21,159,11
2514,16,408,21,1031,21,272,11
2514,16,408,21,1031,21,338,11
2514,16,408,21,1031,21,390,11
2514,16,408,21,1031,21,457,11
2514,16,408,21,1031,21,463,11
2514,16,408,21,1031,21,620,11
2514,16,408,21,1031,21,700,11
2514,16,408,21,1031,21,742,11
2514,16,408,21,1031,21,758,11
2514,16,408,21,1031,21,879,11
2514,16,408,21,1031,21,927,11
2514,16,408,21,1031,21,979,11
2514,16,408,21,1031,21,1003,11
2514,16,408,21,1031,21,1044,11
2514,16,408,21,1031,21,1068,11
2514,16,408,21,1031,21,1153,11
2514,16,408,21,1031,21,1186,11
2514,16,408,21,1031,21,1194,11
2514,16,408,21,1031,21,1259,11
2514,16,408,21,1031,21,1260,11
2514,16,408,21,1031,21,1312,11
2514,16,408,21,1031,21,1388,11
2514,16,408,21,1031,21,1391,11
2514,16,408,21,1031,21,1422,11
2514,16,408,21,1031,21,1556,11
2514,16,408,21,1031,21,1568,11
2514,16,408,21,1031,21,1599,11
2514,16,408,21,1031,21,1747,11
2514,16,408,21,1031,21,1773,11
2514,16,408,21,1031,21,1799,11
2514,16,408,21,1031,21,1818,11
2514,16,408,21,1031,21,1873,11
2514,16,408,21,1031,21,1940,11
2514,16,408,21,1031,21,1956,11
2514,16,408,21,1031,21,1997,11
2514,16,408,21,1031,21,2068,11
2514,16,408,21,1031,21,2079,11
2514,16,408,21,1031,21,2123,11
2514,16,408,21,1031,21,2196,11
2514,16,408,21,1031,21,2206,11
2514,16,408,21,1031,21,2216,11
2514,16,408,21,1031,21,2244,11
2514,16,408,21,1031,21,2259,11
2514,16,408,21,1031,21,2261,11
2514,16,408,21,1031,21,2289,11
2514,16,408,21,1031,21,2359,11
2514,16,408,21,1031,21,2370,11
2514,16,408,21,1031,21,2405,11
2514,16,408,21,1128,37,45,11
2514,16,408,21,1128,37,159,11
2514,16,408,21,1128,37,272,11
2514,16,408,21,1128,37,338,11
2514,16,408,21,1128,37,390,11
2514,16,408,21,1128,37,457,11
2514,16,408,21,1128,37,463,11
2514,16,408,21,1128,37,620,11
2514,16,408,21,1128,37,700,11
2514,16,408,21,1128,37,742,11
2514,16,408,21,1128,37,758,11
2514,16,408,21,1128,37,879,11
2514,16,408,21,1128,37,927,11
2514,16,408,21,1128,37,979,11
2514,16,408,21,1128,37,1003,11
2514,16,408,21,1128,37,1044,11
2514,16,408,21,1128,37,1068,11
2514,16,408,21,1128,37,1153,11
2514,16,408,21,1128,37,1186,11
2514,16,408,21,1128,37,1194,11
2514,16,408,21,1128,37,1259,11
2514,16,408,21,1128,37,1260,11
2514,16,408,21,1128,37,1312,11
2514,16,408,21,1128,37,1388,11
2514,16,408,21,1128,37,1391,11
2514,16,408,21,1128,37,1422,11
2514,16,408,21,1128,37,1556,11
2514,16,408,21,1128,37,1568,11
2514,16,408,21,1128,37,1599,11
2514,16,408,21,1128,37,1747,11
2514,16,408,21,1128,37,1773,11
2514,16,408,21,1128,37,1799,11
2514,16,408,21,1128,37,1818,11
2514,16,408,21,1128,37,1873,11
2514,16,408,21,1128,37,1940,11
2514,16,408,21,1128,37,1956,11
2514,16,408,21,1128,37,1997,11
2514,16,408,21,1128,37,2068,11
2514,16,408,21,1128,37,2079,11
2514,16,408,21,1128,37,2123,11
2514,16,408,21,1128,37,2196,11
2514,16,408,21,1128,37,2206,11
2514,16,408,21,1128,37,2216,11
2514,16,408,21,1128,37,2244,11
2514,16,408,21,1128,37,2259,11
2514,16,408,21,1128,37,2261,11
2514,16,408,21,1128,37,2289,11
2514,16,408,21,1128,37,2359,11
2514,16,408,21,1128,37,2370,11
2514,16,408,21,1128,37,2405,11
2514,16,408,21,1155,41,45,11
2514,16,408,21,1155,41,159,11
2514,16,408,21,1155,41,272,11
2514,16,408,21,1155,41,338,11
2514,16,408,21,1155,41,390,11
2514,16,408,21,1155,41,457,11
2514,16,408,21,1155,41,463,11
2514,16,408,21,1155,41,620,11
2514,16,408,21,1155,41,700,11
2514,16,408,21,1155,41,742,11
2514,16,408,21,1155,41,758,11
2514,16,408,21,1155,41,879,11
2514,16,408,21,1155,41,927,11
2514,16,408,21,1155,41,979,11
2514,16,408,21,1155,41,1003,11
2514,16,408,21,1155,41,1044,11
2514,16,408,21,1155,41,1068,11
2514,16,408,21,1155,41,1153,11
2514,16,408,21,1155,41,1186,11
2514,16,408,21,1155,41,1194,11
2514,16,408,21,1155,41,1259,11
2514,16,408,21,1155,41,1260,11
2514,16,408,21,1155,41,1312,11
2514,16,408,21,1155,41,1388,11
2514,16,408,21,1155,41,1391,11
2514,16,408,21,1155,41,1422,11
2514,16,408,21,1155,41,1556,11
2514,16,408,21,1155,41,1568,11
2514,16,408,21,1155,41,1599,11
2514,16,408,21,1155,41,1747,11
2514,16,408,21,1155,41,1773,11
2514,16,408,21,1155,41,1799,11
2514,16,408,21,1155,41,1818,11
2514,16,408,21,1155,41,1873,11
2514,16,408,21,1155,41,1940,11
2514,16,408,21,1155,41,1956,11
2514,16,408,21,1155,41,1997,11
2514,16,408,21,1155,41,2068,11
2514,16,408,21,1155,41,2079,11
2514,16,408,21,1155,41,2123,11
2514,16,408,21,1155,41,2196,11
2514,16,408,21,1155,41,2206,11
2514,16,408,21,1155,41,2216,11
2514,16,408,21,1155,41,2244,11
2514,16,408,21,1155,41,2259,11
2514,16,408,21,1155,41,2261,11
2514,16,408,21,1155,41,2289,11
2514,16,408,21,1155,41,2359,11
2514,16,408,21,1155,41,2370,11
2514,16,408,21,1155,41,2405,11
2514,16,408,21,1246,15,45,11
2514,16,408,21,1246,15,159,11
2514,16,408,21,1246,15,272,11
2514,16,408,21,1246,15,338,11
2514,16,408,21,1246,15,390,11
2514,16,408,21,1246,15,457,11
2514,16,408,21,1246,15,463,11
2514,16,408,21,1246,15,620,11
2514,16,408,21,1246,15,700,11
2514,16,408,21,1246,15,742,11
2514,16,408,21,1246,15,758,11
2514,16,408,21,1246,15,879,11
2514,16,408,21,1246,15,927,11
2514,16,408,21,1246,15,979,11
2514,16,408,21,1246,15,1003,11
2514,16,408,21,1246,15,1044,11
2514,16,408,21,1246,15,1068,11
2514,16,408,21,1246,15,1153,11
2514,16,408,21,1246,15,1186,11
2514,16,408,21,1246,15,1194,11
2514,16,408,21,1246,15,1259,11
2514,16,408,21,1246,15,1260,11
2514,16,408,21,1246,15,1312,11
2514,16,408,21,1246,15,1388,11
2514,16,408,21,1246,15,1391,11
2514,16,408,21,1246,15,1422,11
2514,16,408,21,1246,15,1556,11
2514,16,408,21,1246,15,1568,11
2514,16,408,21,1246,15,1599,11
2514,16,408,21,1246,15,1747,11
2514,16,408,21,1246,15,1773,11
2514,16,408,21,1246,15,1799,11
2514,16,408,21,1246,15,1818,11
2514,16,408,21,1246,15,1873,11
2514,16,408,21,1246,15,1940,11
2514,16,408,21,1246,15,1956,11
2514,16,408,21,1246,15,1997,11
2514,16,408,21,1246,15,2068,11
2514,16,408,21,1246,15,2079,11
2514,16,408,21,1246,15,2123,11
2514,16,408,21,1246,15,2196,11
2514,16,408,21,1246,15,2206,11
2514,16,408,21,1246,15,2216,11
2514,16,408,21,1246,15,2244,11
2514,16,408,21,1246,15,2259,11
2514,16,408,21,1246,15,2261,11
2514,16,408,21,1246,15,2289,11
2514,16,408,21,1246,15,2359,11
2514,16,408,21,1246,15,2370,11
2514,16,408,21,1246,15,2405,11
2514,16,408,21,1668,31,45,11
2514,16,408,21,1668,31,272,11
2514,16,408,21,1668,31,338,11
2514,16,408,21,1668,31,390,11
2514,16,408,21,1668,31,620,11
2514,16,408,21,1668,31,742,11
2514,16,408,21,1668,31,758,11
2514,16,408,21,1668,31,979,11
2514,16,408,21,1668,31,1044,11
2514,16,408,21,1668,31,1068,11
2514,16,408,21,1668,31,1186,11
2514,16,408,21,1668,31,1259,11
2514,16,408,21,1668,31,1260,11
2514,16,408,21,1668,31,1312,11
2514,16,408,21,1668,31,1391,11
2514,16,408,21,1668,31,1422,11
2514,16,408,21,1668,31,1747,11
2514,16,408,21,1668,31,1773,11
2514,16,408,21,1668,31,1799,11
2514,16,408,21,1668,31,1956,11
2514,16,408,21,1668,31,1997,11
2514,16,408,21,1668,31,2068,11
2514,16,408,21,1668,31,2079,11
2514,16,408,21,1668,31,2206,11
2514,16,408,21,1668,31,2244,11
2514,16,408,21,1668,31,2259,11
2514,16,408,21,1668,31,2261,11
2514,16,408,21,1668,31,2289,11
2514,16,408,21,1668,31,2359,11
2514,16,408,21,1668,31,2405,11
2514,16,408,21,1721,36,45,11
2514,16,408,21,1721,36,159,11
2514,16,408,21,1721,36,272,11
2514,16,408,21,1721,36,338,11
2514,16,408,21,1721,36,390,11
2514,16,408,21,1721,36,457,11
2514,16,408,21,1721,36,463,11
2514,16,408,21,1721,36,620,11
2514,16,408,21,1721,36,700,11
2514,16,408,21,1721,36,742,11
2514,16,408,21,1721,36,758,11
2514,16,408,21,1721,36,879,11
2514,16,408,21,1721,36,927,11
2514,16,408,21,1721,36,979,11
2514,16,408,21,1721,36,1003,11
2514,16,408,21,1721,36,1044,11
2514,16,408,21,1721,36,1068,11
2514,16,408,21,1721,36,1153,11
2514,16,408,21,1721,36,1186,11
2514,16,408,21,1721,36,1194,11
2514,16,408,21,1721,36,1259,11
2514,16,408,21,1721,36,1260,11
2514,16,408,21,1721,36,1312,11
2514,16,408,21,1721,36,1388,11
2514,16,408,21,1721,36,1391,11
2514,16,408,21,1721,36,1422,11
2514,16,408,21,1721,36,1556,11
2514,16,408,21,1721,36,1568,11
2514,16,408,21,1721,36,1599,11
2514,16,408,21,1721,36,1747,11
2514,16,408,21,1721,36,1773,11
2514,16,408,21,1721,36,1799,11
2514,16,408,21,1721,36,1818,11
2514,16,408,21,1721,36,1873,11
2514,16,408,21,1721,36,1940,11
2514,16,408,21,1721,36,1956,11
2514,16,408,21,1721,36,1997,11
2514,16,408,21,1721,36,2068,11
2514,16,408,21,1721,36,2079,11
2514,16,408,21,1721,36,2123,11
2514,16,408,21,1721,36,2196,11
2514,16,408,21,1721,36,2206,11
2514,16,408,21,1721,36,2216,11
2514,16,408,21,1721,36,2244,11
2514,16,408,21,1721,36,2259,11
2514,16,408,21,1721,36,2261,11
2514,16,408,21,1721,36,2289,11
2514,16,408,21,1721,36,2359,11
2514,16,408,21,1721,36,2370,11
2514,16,408,21,1721,36,2405,11
2514,16,408,21,1750,30,45,11
2514,16,408,21,1750,30,159,11
2514,16,408,21,1750,30,272,11
2514,16,408,21,1750,30,338,11
2514,16,408,21,1750,30,390,11
2514,16,408,21,1750,30,457,11
2514,16,408,21,1750,30,463,11
2514,16,408,21,1750,30,620,11
2514,16,408,21,1750,30,700,11
2514,16,408,21,1750,30,742,11
2514,16,408,21,1750,30,758,11
2514,16,408,21,1750,30,879,11
2514,16,408,21,1750,30,927,11
2514,16,408,21,1750,30,979,11
2514,16,408,21,1750,30,1003,11
2514,16,408,21,1750,30,1044,11
2514,16,408,21,1750,30,1068,11
2514,16,408,21,1750,30,1153,11
2514,16,408,21,1750,30,1186,11
2514,16,408,21,1750,30,1194,11
2514,16,408,21,1750,30,1259,11
2514,16,408,21,1750,30,1260,11
2514,16,408,21,1750,30,1312,11
2514,16,408,21,1750,30,1388,11
2514,16,408,21,1750,30,1391,11
2514,16,408,21,1750,30,1422,11
2514,16,408,21,1750,30,1556,11
2514,16,408,21,1750,30,1568,11
2514,16,408,21,1750,30,1599,11
2514,16,408,21,1750,30,1747,11
2514,16,408,21,1750,30,1773,11
2514,16,408,21,1750,30,1799,11
2514,16,408,21,1750,30,1818,11
2514,16,408,21,1750,30,1873,11
2514,16,408,21,1750,30,1940,11
2514,16,408,21,1750,30,1956,11
2514,16,408,21,1750,30,1997,11
2514,16,408,21,1750,30,2068,11
2514,16,408,21,1750,30,2079,11
2514,16,408,21,1750,30,2123,11
2514,16,408,21,1750,30,2196,11
2514,16,408,21,1750,30,2206,11
2514,16,408,21,1750,30,2216,11
2514,16,408,21,1750,30,2244,11
2514,16,408,21,1750,30,2259,11
2514,16,408,21,1750,30,2261,11
2514,16,408,21,1750,30,2289,11
2514,16,408,21,1750,30,2359,11
2514,16,408,21,1750,30,2370,11
2514,16,408,21,1750,30,2405,11
2514,16,408,21,1766,40,45,11
2514,16,408,21,1766,40,159,11
2514,16,408,21,1766,40,272,11
2514,16,408,21,1766,40,338,11
2514,16,408,21,1766,40,390,11
2514,16,408,21,1766,40,457,11
2514,16,408,21,1766,40,463,11
2514,16,408,21,1766,40,620,11
2514,16,408,21,1766,40,700,11
2514,16,408,21,1766,40,742,11
2514,16,408,21,1766,40,758,11
2514,16,408,21,1766,40,879,11
2514,16,408,21,1766,40,927,11
2514,16,408,21,1766,40,979,11
2514,16,408,21,1766,40,1003,11
2514,16,408,21,1766,40,1044,11
2514,16,408,21,1766,40,1068,11
2514,16,408,21,1766,40,1153,11
2514,16,408,21,1766,40,1186,11
2514,16,408,21,1766,40,1194,11
2514,16,408,21,1766,40,1259,11
2514,16,408,21,1766,40,1260,11
2514,16,408,21,1766,40,1312,11
2514,16,408,21,1766,40,1388,11
2514,16,408,21,1766,40,1391,11
2514,16,408,21,1766,40,1422,11
2514,16,408,21,1766,40,1556,11
2514,16,408,21,1766,40,1568,11
2514,16,408,21,1766,40,1599,11
2514,16,408,21,1766,40,1747,11
2514,16,408,21,1766,40,1773,11
2514,16,408,21,1766,40,1799,11
2514,16,408,21,1766,40,1818,11
2514,16,408,21,1766,40,1873,11
2514,16,408,21,1766,40,1940,11
2514,16,408,21,1766,40,1956,11
2514,16,408,21,1766,40,1997,11
2514,16,408,21,1766,40,2068,11
2514,16,408,21,1766,40,2079,11
2514,16,408,21,1766,40,2123,11
2514,16,408,21,1766,40,2196,11
2514,16,408,21,1766,40,2206,11
2514,16,408,21,1766,40,2216,11
2514,16,408,21,1766,40,2244,11
2514,16,408,21,1766,40,2259,11
2514,16,408,21,1766,40,2261,11
2514,16,408,21,1766,40,2289,11
2514,16,408,21,1766,40,2359,11
2514,16,408,21,1766,40,2370,11
2514,16,408,21,1766,40,2405,11
