2514,16,5,27,53,11,159,11
2514,16,5,27,53,11,272,11
2514,16,5,27,53,11,338,11
2514,16,5,27,53,11,457,11
2514,16,5,27,53,11,463,11
2514,16,5,27,53,11,700,11
2514,16,5,27,53,11,742,11
2514,16,5,27,53,11,758,11
2514,16,5,27,53,11,879,11
2514,16,5,27,53,11,927,11
2514,16,5,27,53,11,1003,11
2514,16,5,27,53,11,1044,11
2514,16,5,27,53,11,1068,11
2514,16,5,27,53,11,1153,11
2514,16,5,27,53,11,1186,11
2514,16,5,27,53,11,1194,11
2514,16,5,27,53,11,1259,11
2514,16,5,27,53,11,1260,11
2514,16,5,27,53,11,1312,11
2514,16,5,27,53,11,1388,11
2514,16,5,27,53,11,1391,11
2514,16,5,27,53,11,1422,11
2514,16,5,27,53,11,1556,11
2514,16,5,27,53,11,1568,11
2514,16,5,27,53,11,1599,11
2514,16,5,27,53,11,1747,11
2514,16,5,27,53,11,1773,11
2514,16,5,27,53,11,1818,11
2514,16,5,27,53,11,1873,11
2514,16,5,27,53,11,1940,11
2514,16,5,27,53,11,1997,11
2514,16,5,27,53,11,2068,11
2514,16,5,27,53,11,2079,11
2514,16,5,27,53,11,2123,11
2514,16,5,27,53,11,2196,11
2514,16,5,27,53,11,2216,11
2514,16,5,27,53,11,2259,11
2514,16,5,27,53,11,2289,11
2514,16,5,27,53,11,2370,11
2514,16,5,27,53,11,2405,11
2514,16,5,27,172,28,45,11
2514,16,5,27,172,28,159,11
2514,16,5,27,172,28,272,11
2514,16,5,27,172,28,338,11
2514,16,5,27,172,28,390,11
2514,16,5,27,172,28,457,11
2514,16,5,27,172,28,463,11
2514,16,5,27,172,28,620,11
2514,16,5,27,172,28,700,11
2514,16,5,27,172,28,742,11
2514,16,5,27,172,28,758,11
2514,16,5,27,172,28,879,11
2514,16,5,27,172,28,927,11
2514,16,5,27,172,28,979,11
2514,16,5,27,172,28,1003,11
2514,16,5,27,172,28,1044,11
2514,16,5,27,172,28,1068,11
2514,16,5,27,172,28,1153,11
2514,16,5,27,172,28,1186,11
2514,16,5,27,172,28,1194,11
2514,16,5,27,172,28,1259,11
2514,16,5,27,172,28,1260,11
2514,16,5,27,172,28,1312,11
2514,16,5,27,172,28,1388,11
2514,16,5,27,172,28,1391,11
2514,16,5,27,172,28,1422,11
2514,16,5,27,172,28,1556,11
2514,16,5,27,172,28,1568,11
2514,16,5,27,172,28,1599,11
2514,16,5,27,172,28,1747,11
2514,16,5,27,172,28,1773,11
2514,16,5,27,172,28,1799,11
2514,16,5,27,172,28,1818,11
2514,16,5,27,172,28,1873,11
2514,16,5,27,172,28,1940,11
2514,16,5,27,172,28,1956,11
2514,16,5,27,172,28,1997,11
2514,16,5,27,172,28,2068,11
2514,16,5,27,172,28,2079,11
2514,16,5,27,172,28,2123,11
2514,16,5,27,172,28,2196,11
2514,16,5,27,172,28,2206,11
2514,16,5,27,172,28,2216,11
2514,16,5,27,172,28,2244,11
2514,16,5,27,172,28,2259,11
2514,16,5,27,172,28,2261,11
2514,16,5,27,172,28,2289,11
2514,16,5,27,172,28,2359,11
2514,16,5,27,172,28,2370,11
2514,16,5,27,172,28,2405,11
2514,16,5,27,313,34,45,11
2514,16,5,27,313,34,159,11
2514,16,5,27,313,34,272,11
2514,16,5,27,313,34,338,11
2514,16,5,27,313,34,390,11
2514,16,5,27,313,34,457,11
2514,16,5,27,313,34,463,11
2514,16,5,27,313,34,620,11
2514,16,5,27,313,34,700,11
2514,16,5,27,313,34,742,11
2514,16,5,27,313,34,758,11
2514,16,5,27,313,34,879,11
2514,16,5,27,313,34,927,11
2514,16,5,27,313,34,979,11
2514,16,5,27,313,34,1003,11
2514,16,5,27,313,34,1044,11
2514,16,5,27,313,34,1068,11
2514,16,5,27,313,34,1153,11
2514,16,5,27,313,34,1186,11
2514,16,5,27,313,34,1194,11
2514,16,5,27,313,34,1259,11
2514,16,5,27,313,34,1260,11
2514,16,5,27,313,34,1312,11
2514,16,5,27,313,34,1388,11
2514,16,5,27,313,34,1391,11
2514,16,5,27,313,34,1422,11
2514,16,5,27,313,34,1556,11
2514,16,5,27,313,34,1568,11
2514,16,5,27,313,34,1599,11
2514,16,5,27,313,34,1747,11
2514,16,5,27,313,34,1773,11
2514,16,5,27,313,34,1799,11
2514,16,5,27,313,34,1818,11
2514,16,5,27,313,34,1873,11
2514,16,5,27,313,34,1940,11
2514,16,5,27,313,34,1956,11
2514,16,5,27,313,34,1997,11
2514,16,5,27,313,34,2068,11
2514,16,5,27,313,34,2079,11
2514,16,5,27,313,34,2123,11
2514,16,5,27,313,34,2196,11
2514,16,5,27,313,34,2206,11
2514,16,5,27,313,34,2216,11
2514,16,5,27,313,34,2244,11
2514,16,5,27,313,34,2259,11
2514,16,5,27,313,34,2261,11
2514,16,5,27,313,34,2289,11
2514,16,5,27,313,34,2359,11
2514,16,5,27,313,34,2370,11
2514,16,5,27,313,34,2405,11
2514,16,5,27,474,21,45,11
2514,16,5,27,474,21,159,11
2514,16,5,27,474,21,272,11
2514,16,5,27,474,21,338,11
2514,16,5,27,474,21,390,11
2514,16,5,27,474,21,457,11
2514,16,5,27,474,21,463,11
2514,16,5,27,474,21,620,11
2514,16,5,27,474,21,700,11
2514,16,5,27,474,21,742,11
2514,16,5,27,474,21,758,11
2514,16,5,27,474,21,879,11
2514,16,5,27,474,21,927,11
2514,16,5,27,474,21,979,11
2514,16,5,27,474,21,1003,11
2514,16,5,27,474,21,1044,11
2514,16,5,27,474,21,1068,11
2514,16,5,27,474,21,1153,11
2514,16,5,27,474,21,1186,11
2514,16,5,27,474,21,1194,11
2514,16,5,27,474,21,1259,11
2514,16,5,27,474,21,1260,11
2514,16,5,27,474,21,1312,11
2514,16,5,27,474,21,1388,11
2514,16,5,27,474,21,1391,11
2514,16,5,27,474,21,1422,11
2514,16,5,27,474,21,1556,11
2514,16,5,27,474,21,1568,11
2514,16,5,27,474,21,1599,11
2514,16,5,27,474,21,1747,11
2514,16,5,27,474,21,1773,11
2514,16,5,27,474,21,1799,11
2514,16,5,27,474,21,1818,11
2514,16,5,27,474,21,1873,11
2514,16,5,27,474,21,1940,11
2514,16,5,27,474,21,1956,11
2514,16,5,27,474,21,1997,11
2514,16,5,27,474,21,2068,11
2514,16,5,27,474,21,2079,11
2514,16,5,27,474,21,2123,11
2514,16,5,27,474,21,2196,11
2514,16,5,27,474,21,2206,11
2514,16,5,27,474,21,2216,11
2514,16,5,27,474,21,2244,11
2514,16,5,27,474,21,2259,11
2514,16,5,27,474,21,2261,11
2514,16,5,27,474,21,2289,11
2514,16,5,27,474,21,2359,11
2514,16,5,27,474,21,2370,11
2514,16,5,27,474,21,2405,11
2514,16,5,27,492,18,45,11
2514,16,5,27,492,18,159,11
2514,16,5,27,492,18,272,11
2514,16,5,27,492,18,338,11
2514,16,5,27,492,18,390,11
2514,16,5,27,492,18,457,11
2514,16,5,27,492,18,463,11
2514,16,5,27,492,18,620,11
2514,16,5,27,492,18,700,11
2514,16,5,27,492,18,742,11
2514,16,5,27,492,18,758,11
2514,16,5,27,492,18,879,11
2514,16,5,27,492,18,927,11
2514,16,5,27,492,18,979,11
2514,16,5,27,492,18,1003,11
2514,16,5,27,492,18,1044,11
2514,16,5,27,492,18,1068,11
2514,16,5,27,492,18,1153,11
2514,16,5,27,492,18,1186,11
2514,16,5,27,492,18,1194,11
2514,16,5,27,492,18,1259,11
2514,16,5,27,492,18,1260,11
2514,16,5,27,492,18,1312,11
2514,16,5,27,492,18,1388,11
2514,16,5,27,492,18,1391,11
2514,16,5,27,492,18,1422,11
2514,16,5,27,492,18,1556,11
2514,16,5,27,492,18,1568,11
2514,16,5,27,492,18,1599,11
2514,16,5,27,492,18,1747,11
2514,16,5,27,492,18,1773,11
2514,16,5,27,492,18,1799,11
2514,16,5,27,492,18,1818,11
2514,16,5,27,492,18,1873,11
2514,16,5,27,492,18,1940,11
2514,16,5,27,492,18,1956,11
2514,16,5,27,492,18,1997,11
2514,16,5,27,492,18,2068,11
2514,16,5,27,492,18,2079,11
2514,16,5,27,492,18,2123,11
2514,16,5,27,492,18,2196,11
2514,16,5,27,492,18,2206,11
2514,16,5,27,492,18,2216,11
2514,16,5,27,492,18,2244,11
2514,16,5,27,492,18,2259,11
2514,16,5,27,492,18,2261,11
2514,16,5,27,492,18,2289,11
2514,16,5,27,492,18,2359,11
2514,16,5,27,492,18,2370,11
2514,16,5,27,492,18,2405,11
2514,16,5,27,569,15,45,11
2514,16,5,27,569,15,159,11
2514,16,5,27,569,15,272,11
2514,16,5,27,569,15,338,11
2514,16,5,27,569,15,390,11
2514,16,5,27,569,15,457,11
2514,16,5,27,569,15,463,11
2514,16,5,27,569,15,620,11
2514,16,5,27,569,15,700,11
2514,16,5,27,569,15,742,11
2514,16,5,27,569,15,758,11
2514,16,5,27,569,15,879,11
2514,16,5,27,569,15,927,11
2514,16,5,27,569,15,979,11
2514,16,5,27,569,15,1003,11
2514,16,5,27,569,15,1044,11
2514,16,5,27,569,15,1068,11
2514,16,5,27,569,15,1153,11
2514,16,5,27,569,15,1186,11
2514,16,5,27,569,15,1194,11
2514,16,5,27,569,15,1259,11
2514,16,5,27,569,15,1260,11
2514,16,5,27,569,15,1312,11
2514,16,5,27,569,15,1388,11
2514,16,5,27,569,15,1391,11
2514,16,5,27,569,15,1422,11
2514,16,5,27,569,15,1556,11
2514,16,5,27,569,15,1568,11
2514,16,5,27,569,15,1599,11
2514,16,5,27,569,15,1747,11
2514,16,5,27,569,15,1773,11
2514,16,5,27,569,15,1799,11
2514,16,5,27,569,15,1818,11
2514,16,5,27,569,15,1873,11
2514,16,5,27,569,15,1940,11
2514,16,5,27,569,15,1956,11
2514,16,5,27,569,15,1997,11
2514,16,5,27,569,15,2068,11
2514,16,5,27,569,15,2079,11
2514,16,5,27,569,15,2123,11
2514,16,5,27,569,15,2196,11
2514,16,5,27,569,15,2206,11
2514,16,5,27,569,15,2216,11
2514,16,5,27,569,15,2244,11
2514,16,5,27,569,15,2259,11
2514,16,5,27,569,15,2261,11
2514,16,5,27,569,15,2289,11
2514,16,5,27,569,15,2359,11
2514,16,5,27,569,15,2370,11
2514,16,5,27,569,15,2405,11
2514,16,5,27,582,14,45,11
2514,16,5,27,582,14,159,11
2514,16,5,27,582,14,272,11
2514,16,5,27,582,14,338,11
2514,16,5,27,582,14,390,11
2514,16,5,27,582,14,457,11
2514,16,5,27,582,14,463,11
2514,16,5,27,582,14,620,11
2514,16,5,27,582,14,700,11
2514,16,5,27,582,14,742,11
2514,16,5,27,582,14,758,11
2514,16,5,27,582,14,879,11
2514,16,5,27,582,14,927,11
2514,16,5,27,582,14,979,11
2514,16,5,27,582,14,1003,11
2514,16,5,27,582,14,1044,11
2514,16,5,27,582,14,1068,11
2514,16,5,27,582,14,1153,11
2514,16,5,27,582,14,1186,11
2514,16,5,27,582,14,1194,11
2514,16,5,27,582,14,1259,11
2514,16,5,27,582,14,1260,11
2514,16,5,27,582,14,1312,11
2514,16,5,27,582,14,1388,11
2514,16,5,27,582,14,1391,11
2514,16,5,27,582,14,1422,11
2514,16,5,27,582,14,1556,11
2514,16,5,27,582,14,1568,11
2514,16,5,27,582,14,1599,11
2514,16,5,27,582,14,1747,11
2514,16,5,27,582,14,1773,11
2514,16,5,27,582,14,1799,11
2514,16,5,27,582,14,1818,11
2514,16,5,27,582,14,1873,11
2514,16,5,27,582,14,1940,11
2514,16,5,27,582,14,1956,11
2514,16,5,27,582,14,1997,11
2514,16,5,27,582,14,2068,11
2514,16,5,27,582,14,2079,11
2514,16,5,27,582,14,2123,11
2514,16,5,27,582,14,2196,11
2514,16,5,27,582,14,2206,11
2514,16,5,27,582,14,2216,11
2514,16,5,27,582,14,2244,11
2514,16,5,27,582,14,2259,11
2514,16,5,27,582,14,2261,11
2514,16,5,27,582,14,2289,11
2514,16,5,27,582,14,2359,11
2514,16,5,27,582,14,2370,11
2514,16,5,27,582,14,2405,11
2514,16,5,27,796,50,45,11
2514,16,5,27,796,50,159,11
2514,16,5,27,796,50,272,11
2514,16,5,27,796,50,338,11
2514,16,5,27,796,50,390,11
2514,16,5,27,796,50,457,11
2514,16,5,27,796,50,463,11
2514,16,5,27,796,50,620,11
2514,16,5,27,796,50,700,11
2514,16,5,27,796,50,742,11
2514,16,5,27,796,50,758,11
2514,16,5,27,796,50,879,11
2514,16,5,27,796,50,927,11
2514,16,5,27,796,50,979,11
2514,16,5,27,796,50,1003,11
2514,16,5,27,796,50,1044,11
2514,16,5,27,796,50,1068,11
2514,16,5,27,796,50,1153,11
2514,16,5,27,796,50,1186,11
2514,16,5,27,796,50,1194,11
2514,16,5,27,796,50,1259,11
2514,16,5,27,796,50,1260,11
2514,16,5,27,796,50,1312,11
2514,16,5,27,796,50,1388,11
2514,16,5,27,796,50,1391,11
2514,16,5,27,796,50,1422,11
2514,16,5,27,796,50,1556,11
2514,16,5,27,796,50,1568,11
2514,16,5,27,796,50,1599,11
2514,16,5,27,796,50,1747,11
2514,16,5,27,796,50,1773,11
2514,16,5,27,796,50,1799,11
2514,16,5,27,796,50,1818,11
2514,16,5,27,796,50,1873,11
2514,16,5,27,796,50,1940,11
2514,16,5,27,796,50,1956,11
2514,16,5,27,796,50,1997,11
2514,16,5,27,796,50,2068,11
2514,16,5,27,796,50,2079,11
2514,16,5,27,796,50,2123,11
2514,16,5,27,796,50,2196,11
2514,16,5,27,796,50,2206,11
2514,16,5,27,796,50,2216,11
2514,16,5,27,796,50,2244,11
2514,16,5,27,796,50,2259,11
2514,16,5,27,796,50,2261,11
2514,16,5,27,796,50,2289,11
2514,16,5,27,796,50,2359,11
2514,16,5,27,796,50,2370,11
2514,16,5,27,796,50,2405,11
2514,16,5,27,1005,39,45,11
2514,16,5,27,1005,39,159,11
2514,16,5,27,1005,39,272,11
2514,16,5,27,1005,39,338,11
2514,16,5,27,1005,39,390,11
2514,16,5,27,1005,39,457,11
2514,16,5,27,1005,39,463,11
2514,16,5,27,1005,39,620,11
2514,16,5,27,1005,39,700,11
2514,16,5,27,1005,39,742,11
2514,16,5,27,1005,39,758,11
2514,16,5,27,1005,39,879,11
2514,16,5,27,1005,39,927,11
2514,16,5,27,1005,39,979,11
2514,16,5,27,1005,39,1003,11
2514,16,5,27,1005,39,1044,11
2514,16,5,27,1005,39,1068,11
2514,16,5,27,1005,39,1153,11
2514,16,5,27,1005,39,1186,11
2514,16,5,27,1005,39,1194,11
2514,16,5,27,1005,39,1259,11
2514,16,5,27,1005,39,1260,11
2514,16,5,27,1005,39,1312,11
2514,16,5,27,1005,39,1388,11
2514,16,5,27,1005,39,1391,11
2514,16,5,27,1005,39,1422,11
2514,16,5,27,1005,39,1556,11
2514,16,5,27,1005,39,1568,11
2514,16,5,27,1005,39,1599,11
2514,16,5,27,1005,39,1747,11
2514,16,5,27,1005,39,1773,11
2514,16,5,27,1005,39,1799,11
2514,16,5,27,1005,39,1818,11
2514,16,5,27,1005,39,1873,11
2514,16,5,27,1005,39,1940,11
2514,16,5,27,1005,39,1956,11
2514,16,5,27,1005,39,1997,11
2514,16,5,27,1005,39,2068,11
2514,16,5,27,1005,39,2079,11
2514,16,5,27,1005,39,2123,11
2514,16,5,27,1005,39,2196,11
2514,16,5,27,1005,39,2206,11
2514,16,5,27,1005,39,2216,11
2514,16,5,27,1005,39,2244,11
2514,16,5,27,1005,39,2259,11
2514,16,5,27,1005,39,2261,11
2514,16,5,27,1005,39,2289,11
2514,16,5,27,1005,39,2359,11
2514,16,5,27,1005,39,2370,11
2514,16,5,27,1005,39,2405,11
2514,16,5,27,1058,40,45,11
2514,16,5,27,1058,40,159,11
2514,16,5,27,1058,40,272,11
2514,16,5,27,1058,40,338,11
2514,16,5,27,1058,40,390,11
2514,16,5,27,1058,40,457,11
2514,16,5,27,1058,40,463,11
2514,16,5,27,1058,40,620,11
2514,16,5,27,1058,40,700,11
2514,16,5,27,1058,40,742,11
2514,16,5,27,1058,40,758,11
2514,16,5,27,1058,40,879,11
2514,16,5,27,1058,40,927,11
2514,16,5,27,1058,40,979,11
2514,16,5,27,1058,40,1003,11
2514,16,5,27,1058,40,1044,11
2514,16,5,27,1058,40,1068,11
2514,16,5,27,1058,40,1153,11
2514,16,5,27,1058,40,1186,11
2514,16,5,27,1058,40,1194,11
2514,16,5,27,1058,40,1259,11
2514,16,5,27,1058,40,1260,11
2514,16,5,27,1058,40,1312,11
2514,16,5,27,1058,40,1388,11
2514,16,5,27,1058,40,1391,11
2514,16,5,27,1058,40,1422,11
2514,16,5,27,1058,40,1556,11
2514,16,5,27,1058,40,1568,11
2514,16,5,27,1058,40,1599,11
2514,16,5,27,1058,40,1747,11
2514,16,5,27,1058,40,1773,11
2514,16,5,27,1058,40,1799,11
2514,16,5,27,1058,40,1818,11
2514,16,5,27,1058,40,1873,11
2514,16,5,27,1058,40,1940,11
2514,16,5,27,1058,40,1956,11
2514,16,5,27,1058,40,1997,11
2514,16,5,27,1058,40,2068,11
2514,16,5,27,1058,40,2079,11
2514,16,5,27,1058,40,2123,11
2514,16,5,27,1058,40,2196,11
2514,16,5,27,1058,40,2206,11
2514,16,5,27,1058,40,2216,11
2514,16,5,27,1058,40,2244,11
2514,16,5,27,1058,40,2259,11
2514,16,5,27,1058,40,2261,11
2514,16,5,27,1058,40,2289,11
2514,16,5,27,1058,40,2359,11
2514,16,5,27,1058,40,2370,11
2514,16,5,27,1058,40,2405,11
2514,16,5,27,1064,32,45,11
2514,16,5,27,1064,32,159,11
2514,16,5,27,1064,32,272,11
2514,16,5,27,1064,32,338,11
2514,16,5,27,1064,32,390,11
2514,16,5,27,1064,32,457,11
2514,16,5,27,1064,32,463,11
2514,16,5,27,1064,32,620,11
2514,16,5,27,1064,32,700,11
2514,16,5,27,1064,32,742,11
2514,16,5,27,1064,32,758,11
2514,16,5,27,1064,32,879,11
2514,16,5,27,1064,32,927,11
2514,16,5,27,1064,32,979,11
2514,16,5,27,1064,32,1003,11
2514,16,5,27,1064,32,1044,11
2514,16,5,27,1064,32,1068,11
2514,16,5,27,1064,32,1153,11
2514,16,5,27,1064,32,1186,11
2514,16,5,27,1064,32,1194,11
2514,16,5,27,1064,32,1259,11
2514,16,5,27,1064,32,1260,11
2514,16,5,27,1064,32,1312,11
2514,16,5,27,1064,32,1388,11
2514,16,5,27,1064,32,1391,11
2514,16,5,27,1064,32,1422,11
2514,16,5,27,1064,32,1556,11
2514,16,5,27,1064,32,1568,11
2514,16,5,27,1064,32,1599,11
2514,16,5,27,1064,32,1747,11
2514,16,5,27,1064,32,1773,11
2514,16,5,27,1064,32,1799,11
2514,16,5,27,1064,32,1818,11
2514,16,5,27,1064,32,1873,11
2514,16,5,27,1064,32,1940,11
2514,16,5,27,1064,32,1956,11
2514,16,5,27,1064,32,1997,11
2514,16,5,27,1064,32,2068,11
2514,16,5,27,1064,32,2079,11
2514,16,5,27,1064,32,2123,11
2514,16,5,27,1064,32,2196,11
2514,16,5,27,1064,32,2206,11
2514,16,5,27,1064,32,2216,11
2514,16,5,27,1064,32,2244,11
2514,16,5,27,1064,32,2259,11
2514,16,5,27,1064,32,2261,11
2514,16,5,27,1064,32,2289,11
2514,16,5,27,1064,32,2359,11
2514,16,5,27,1064,32,2370,11
2514,16,5,27,1064,32,2405,11
2514,16,5,27,1852,23,45,11
2514,16,5,27,1852,23,159,11
2514,16,5,27,1852,23,272,11
2514,16,5,27,1852,23,338,11
2514,16,5,27,1852,23,390,11
2514,16,5,27,1852,23,457,11
2514,16,5,27,1852,23,463,11
2514,16,5,27,1852,23,620,11
2514,16,5,27,1852,23,700,11
2514,16,5,27,1852,23,742,11
2514,16,5,27,1852,23,758,11
2514,16,5,27,1852,23,879,11
2514,16,5,27,1852,23,927,11
2514,16,5,27,1852,23,979,11
2514,16,5,27,1852,23,1003,11
2514,16,5,27,1852,23,1044,11
2514,16,5,27,1852,23,1068,11
2514,16,5,27,1852,23,1153,11
2514,16,5,27,1852,23,1186,11
2514,16,5,27,1852,23,1194,11
2514,16,5,27,1852,23,1259,11
2514,16,5,27,1852,23,1260,11
2514,16,5,27,1852,23,1312,11
2514,16,5,27,1852,23,1388,11
2514,16,5,27,1852,23,1391,11
2514,16,5,27,1852,23,1422,11
2514,16,5,27,1852,23,1556,11
2514,16,5,27,1852,23,1568,11
2514,16,5,27,1852,23,1599,11
2514,16,5,27,1852,23,1747,11
2514,16,5,27,1852,23,1773,11
2514,16,5,27,1852,23,1799,11
2514,16,5,27,1852,23,1818,11
2514,16,5,27,1852,23,1873,11
2514,16,5,27,1852,23,1940,11
2514,16,5,27,1852,23,1956,11
2514,16,5,27,1852,23,1997,11
2514,16,5,27,1852,23,2068,11
2514,16,5,27,1852,23,2079,11
2514,16,5,27,1852,23,2123,11
2514,16,5,27,1852,23,2196,11
2514,16,5,27,1852,23,2206,11
2514,16,5,27,1852,23,2216,11
2514,16,5,27,1852,23,2244,11
2514,16,5,27,1852,23,2259,11
2514,16,5,27,1852,23,2261,11
2514,16,5,27,1852,23,2289,11
2514,16,5,27,1852,23,2359,11
2514,16,5,27,1852,23,2370,11
2514,16,5,27,1852,23,2405,11
2514,16,5,27,1960,50,45,11
2514,16,5,27,1960,50,159,11
2514,16,5,27,1960,50,272,11
2514,16,5,27,1960,50,338,11
2514,16,5,27,1960,50,390,11
2514,16,5,27,1960,50,457,11
2514,16,5,27,1960,50,463,11
2514,16,5,27,1960,50,620,11
2514,16,5,27,1960,50,700,11
2514,16,5,27,1960,50,742,11
2514,16,5,27,1960,50,758,11
2514,16,5,27,1960,50,879,11
2514,16,5,27,1960,50,927,11
2514,16,5,27,1960,50,979,11
2514,16,5,27,1960,50,1003,11
2514,16,5,27,1960,50,1044,11
2514,16,5,27,1960,50,1068,11
2514,16,5,27,1960,50,1153,11
2514,16,5,27,1960,50,1186,11
2514,16,5,27,1960,50,1194,11
2514,16,5,27,1960,50,1259,11
2514,16,5,27,1960,50,1260,11
2514,16,5,27,1960,50,1312,11
2514,16,5,27,1960,50,1388,11
2514,16,5,27,1960,50,1391,11
2514,16,5,27,1960,50,1422,11
2514,16,5,27,1960,50,1556,11
2514,16,5,27,1960,50,1568,11
2514,16,5,27,1960,50,1599,11
2514,16,5,27,1960,50,1747,11
2514,16,5,27,1960,50,1773,11
2514,16,5,27,1960,50,1799,11
2514,16,5,27,1960,50,1818,11
2514,16,5,27,1960,50,1873,11
2514,16,5,27,1960,50,1940,11
2514,16,5,27,1960,50,1956,11
2514,16,5,27,1960,50,1997,11
2514,16,5,27,1960,50,2068,11
2514,16,5,27,1960,50,2079,11
2514,16,5,27,1960,50,2123,11
2514,16,5,27,1960,50,2196,11
2514,16,5,27,1960,50,2206,11
2514,16,5,27,1960,50,2216,11
2514,16,5,27,1960,50,2244,11
2514,16,5,27,1960,50,2259,11
2514,16,5,27,1960,50,2261,11
2514,16,5,27,1960,50,2289,11
2514,16,5,27,1960,50,2359,11
2514,16,5,27,1960,50,2370,11
2514,16,5,27,1960,50,2405,11
