2514,16,1431,40,209,9,159,11
2514,16,1431,40,209,9,272,11
2514,16,1431,40,209,9,338,11
2514,16,1431,40,209,9,457,11
2514,16,1431,40,209,9,463,11
2514,16,1431,40,209,9,700,11
2514,16,1431,40,209,9,742,11
2514,16,1431,40,209,9,758,11
2514,16,1431,40,209,9,879,11
2514,16,1431,40,209,9,927,11
2514,16,1431,40,209,9,1003,11
2514,16,1431,40,209,9,1044,11
2514,16,1431,40,209,9,1068,11
2514,16,1431,40,209,9,1153,11
2514,16,1431,40,209,9,1186,11
2514,16,1431,40,209,9,1194,11
2514,16,1431,40,209,9,1259,11
2514,16,1431,40,209,9,1260,11
2514,16,1431,40,209,9,1312,11
2514,16,1431,40,209,9,1388,11
2514,16,1431,40,209,9,1391,11
2514,16,1431,40,209,9,1422,11
2514,16,1431,40,209,9,1556,11
2514,16,1431,40,209,9,1568,11
2514,16,1431,40,209,9,1599,11
2514,16,1431,40,209,9,1747,11
2514,16,1431,40,209,9,1773,11
2514,16,1431,40,209,9,1818,11
2514,16,1431,40,209,9,1873,11
2514,16,1431,40,209,9,1940,11
2514,16,1431,40,209,9,1997,11
2514,16,1431,40,209,9,2068,11
2514,16,1431,40,209,9,2079,11
2514,16,1431,40,209,9,2123,11
2514,16,1431,40,209,9,2196,11
2514,16,1431,40,209,9,2216,11
2514,16,1431,40,209,9,2259,11
2514,16,1431,40,209,9,2289,11
2514,16,1431,40,209,9,2370,11
2514,16,1431,40,209,9,2405,11
2514,16,1431,40,443,23,45,11
2514,16,1431,40,443,23,159,11
2514,16,1431,40,443,23,272,11
2514,16,1431,40,443,23,338,11
2514,16,1431,40,443,23,390,11
2514,16,1431,40,443,23,457,11
2514,16,1431,40,443,23,463,11
2514,16,1431,40,443,23,620,11
2514,16,1431,40,443,23,700,11
2514,16,1431,40,443,23,742,11
2514,16,1431,40,443,23,758,11
2514,16,1431,40,443,23,879,11
2514,16,1431,40,443,23,927,11
2514,16,1431,40,443,23,979,11
2514,16,1431,40,443,23,1003,11
2514,16,1431,40,443,23,1044,11
2514,16,1431,40,443,23,1068,11
2514,16,1431,40,443,23,1153,11
2514,16,1431,40,443,23,1186,11
2514,16,1431,40,443,23,1194,11
2514,16,1431,40,443,23,1259,11
2514,16,1431,40,443,23,1260,11
2514,16,1431,40,443,23,1312,11
2514,16,1431,40,443,23,1388,11
2514,16,1431,40,443,23,1391,11
2514,16,1431,40,443,23,1422,11
2514,16,1431,40,443,23,1556,11
2514,16,1431,40,443,23,1568,11
2514,16,1431,40,443,23,1599,11
2514,16,1431,40,443,23,1747,11
2514,16,1431,40,443,23,1773,11
2514,16,1431,40,443,23,1799,11
2514,16,1431,40,443,23,1818,11
2514,16,1431,40,443,23,1873,11
2514,16,1431,40,443,23,1940,11
2514,16,1431,40,443,23,1956,11
2514,16,1431,40,443,23,1997,11
2514,16,1431,40,443,23,2068,11
2514,16,1431,40,443,23,2079,11
2514,16,1431,40,443,23,2123,11
2514,16,1431,40,443,23,2196,11
2514,16,1431,40,443,23,2206,11
2514,16,1431,40,443,23,2216,11
2514,16,1431,40,443,23,2244,11
2514,16,1431,40,443,23,2259,11
2514,16,1431,40,443,23,2261,11
2514,16,1431,40,443,23,2289,11
2514,16,1431,40,443,23,2359,11
2514,16,1431,40,443,23,2370,11
2514,16,1431,40,443,23,2405,11
2514,16,1431,40,460,31,45,11
2514,16,1431,40,460,31,159,11
2514,16,1431,40,460,31,272,11
2514,16,1431,40,460,31,338,11
2514,16,1431,40,460,31,390,11
2514,16,1431,40,460,31,457,11
2514,16,1431,40,460,31,463,11
2514,16,1431,40,460,31,620,11
2514,16,1431,40,460,31,700,11
2514,16,1431,40,460,31,742,11
2514,16,1431,40,460,31,758,11
2514,16,1431,40,460,31,879,11
2514,16,1431,40,460,31,927,11
2514,16,1431,40,460,31,979,11
2514,16,1431,40,460,31,1003,11
2514,16,1431,40,460,31,1044,11
2514,16,1431,40,460,31,1068,11
2514,16,1431,40,460,31,1153,11
2514,16,1431,40,460,31,1186,11
2514,16,1431,40,460,31,1194,11
2514,16,1431,40,460,31,1259,11
2514,16,1431,40,460,31,1260,11
2514,16,1431,40,460,31,1312,11
2514,16,1431,40,460,31,1388,11
2514,16,1431,40,460,31,1391,11
2514,16,1431,40,460,31,1422,11
2514,16,1431,40,460,31,1556,11
2514,16,1431,40,460,31,1568,11
2514,16,1431,40,460,31,1599,11
2514,16,1431,40,460,31,1747,11
2514,16,1431,40,460,31,1773,11
2514,16,1431,40,460,31,1799,11
2514,16,1431,40,460,31,1818,11
2514,16,1431,40,460,31,1873,11
2514,16,1431,40,460,31,1940,11
2514,16,1431,40,460,31,1956,11
2514,16,1431,40,460,31,1997,11
2514,16,1431,40,460,31,2068,11
2514,16,1431,40,460,31,2079,11
2514,16,1431,40,460,31,2123,11
2514,16,1431,40,460,31,2196,11
2514,16,1431,40,460,31,2206,11
2514,16,1431,40,460,31,2216,11
2514,16,1431,40,460,31,2244,11
2514,16,1431,40,460,31,2259,11
2514,16,1431,40,460,31,2261,11
2514,16,1431,40,460,31,2289,11
2514,16,1431,40,460,31,2359,11
2514,16,1431,40,460,31,2370,11
2514,16,1431,40,460,31,2405,11
2514,16,1431,40,636,32,45,11
2514,16,1431,40,636,32,159,11
2514,16,1431,40,636,32,272,11
2514,16,1431,40,636,32,338,11
2514,16,1431,40,636,32,390,11
2514,16,1431,40,636,32,457,11
2514,16,1431,40,636,32,463,11
2514,16,1431,40,636,32,620,11
2514,16,1431,40,636,32,700,11
2514,16,1431,40,636,32,742,11
2514,16,1431,40,636,32,758,11
2514,16,1431,40,636,32,879,11
2514,16,1431,40,636,32,927,11
2514,16,1431,40,636,32,979,11
2514,16,1431,40,636,32,1003,11
2514,16,1431,40,636,32,1044,11
2514,16,1431,40,636,32,1068,11
2514,16,1431,40,636,32,1153,11
2514,16,1431,40,636,32,1186,11
2514,16,1431,40,636,32,1194,11
2514,16,1431,40,636,32,1259,11
2514,16,1431,40,636,32,1260,11
2514,16,1431,40,636,32,1312,11
2514,16,1431,40,636,32,1388,11
2514,16,1431,40,636,32,1391,11
2514,16,1431,40,636,32,1422,11
2514,16,1431,40,636,32,1556,11
2514,16,1431,40,636,32,1568,11
2514,16,1431,40,636,32,1599,11
2514,16,1431,40,636,32,1747,11
2514,16,1431,40,636,32,1773,11
2514,16,1431,40,636,32,1799,11
2514,16,1431,40,636,32,1818,11
2514,16,1431,40,636,32,1873,11
2514,16,1431,40,636,32,1940,11
2514,16,1431,40,636,32,1956,11
2514,16,1431,40,636,32,1997,11
2514,16,1431,40,636,32,2068,11
2514,16,1431,40,636,32,2079,11
2514,16,1431,40,636,32,2123,11
2514,16,1431,40,636,32,2196,11
2514,16,1431,40,636,32,2206,11
2514,16,1431,40,636,32,2216,11
2514,16,1431,40,636,32,2244,11
2514,16,1431,40,636,32,2259,11
2514,16,1431,40,636,32,2261,11
2514,16,1431,40,636,32,2289,11
2514,16,1431,40,636,32,2359,11
2514,16,1431,40,636,32,2370,11
2514,16,1431,40,636,32,2405,11
2514,16,1431,40,929,12,45,11
2514,16,1431,40,929,12,159,11
2514,16,1431,40,929,12,272,11
2514,16,1431,40,929,12,338,11
2514,16,1431,40,929,12,390,11
2514,16,1431,40,929,12,457,11
2514,16,1431,40,929,12,463,11
2514,16,1431,40,929,12,620,11
2514,16,1431,40,929,12,700,11
2514,16,1431,40,929,12,742,11
2514,16,1431,40,929,12,758,11
2514,16,1431,40,929,12,879,11
2514,16,1431,40,929,12,927,11
2514,16,1431,40,929,12,979,11
2514,16,1431,40,929,12,1003,11
2514,16,1431,40,929,12,1044,11
2514,16,1431,40,929,12,1068,11
2514,16,1431,40,929,12,1153,11
2514,16,1431,40,929,12,1186,11
2514,16,1431,40,929,12,1194,11
2514,16,1431,40,929,12,1259,11
2514,16,1431,40,929,12,1260,11
2514,16,1431,40,929,12,1312,11
2514,16,1431,40,929,12,1388,11
2514,16,1431,40,929,12,1391,11
2514,16,1431,40,929,12,1422,11
2514,16,1431,40,929,12,1556,11
2514,16,1431,40,929,12,1568,11
2514,16,1431,40,929,12,1599,11
2514,16,1431,40,929,12,1747,11
2514,16,1431,40,929,12,1773,11
2514,16,1431,40,929,12,1799,11
2514,16,1431,40,929,12,1818,11
2514,16,1431,40,929,12,1873,11
2514,16,1431,40,929,12,1940,11
2514,16,1431,40,929,12,1956,11
2514,16,1431,40,929,12,1997,11
2514,16,1431,40,929,12,2068,11
2514,16,1431,40,929,12,2079,11
2514,16,1431,40,929,12,2123,11
2514,16,1431,40,929,12,2196,11
2514,16,1431,40,929,12,2206,11
2514,16,1431,40,929,12,2216,11
2514,16,1431,40,929,12,2244,11
2514,16,1431,40,929,12,2259,11
2514,16,1431,40,929,12,2261,11
2514,16,1431,40,929,12,2289,11
2514,16,1431,40,929,12,2359,11
2514,16,1431,40,929,12,2370,11
2514,16,1431,40,929,12,2405,11
2514,16,1431,40,940,41,45,11
2514,16,1431,40,940,41,159,11
2514,16,1431,40,940,41,272,11
2514,16,1431,40,940,41,338,11
2514,16,1431,40,940,41,390,11
2514,16,1431,40,940,41,457,11
2514,16,1431,40,940,41,463,11
2514,16,1431,40,940,41,620,11
2514,16,1431,40,940,41,700,11
2514,16,1431,40,940,41,742,11
2514,16,1431,40,940,41,758,11
2514,16,1431,40,940,41,879,11
2514,16,1431,40,940,41,927,11
2514,16,1431,40,940,41,979,11
2514,16,1431,40,940,41,1003,11
2514,16,1431,40,940,41,1044,11
2514,16,1431,40,940,41,1068,11
2514,16,1431,40,940,41,1153,11
2514,16,1431,40,940,41,1186,11
2514,16,1431,40,940,41,1194,11
2514,16,1431,40,940,41,1259,11
2514,16,1431,40,940,41,1260,11
2514,16,1431,40,940,41,1312,11
2514,16,1431,40,940,41,1388,11
2514,16,1431,40,940,41,1391,11
2514,16,1431,40,940,41,1422,11
2514,16,1431,40,940,41,1556,11
2514,16,1431,40,940,41,1568,11
2514,16,1431,40,940,41,1599,11
2514,16,1431,40,940,41,1747,11
2514,16,1431,40,940,41,1773,11
2514,16,1431,40,940,41,1799,11
2514,16,1431,40,940,41,1818,11
2514,16,1431,40,940,41,1873,11
2514,16,1431,40,940,41,1940,11
2514,16,1431,40,940,41,1956,11
2514,16,1431,40,940,41,1997,11
2514,16,1431,40,940,41,2068,11
2514,16,1431,40,940,41,2079,11
2514,16,1431,40,940,41,2123,11
2514,16,1431,40,940,41,2196,11
2514,16,1431,40,940,41,2206,11
2514,16,1431,40,940,41,2216,11
2514,16,1431,40,940,41,2244,11
2514,16,1431,40,940,41,2259,11
2514,16,1431,40,940,41,2261,11
2514,16,1431,40,940,41,2289,11
2514,16,1431,40,940,41,2359,11
2514,16,1431,40,940,41,2370,11
2514,16,1431,40,940,41,2405,11
2514,16,1431,40,1045,45,45,11
2514,16,1431,40,1045,45,159,11
2514,16,1431,40,1045,45,272,11
2514,16,1431,40,1045,45,338,11
2514,16,1431,40,1045,45,390,11
2514,16,1431,40,1045,45,457,11
2514,16,1431,40,1045,45,463,11
2514,16,1431,40,1045,45,620,11
2514,16,1431,40,1045,45,700,11
2514,16,1431,40,1045,45,742,11
2514,16,1431,40,1045,45,758,11
2514,16,1431,40,1045,45,879,11
2514,16,1431,40,1045,45,927,11
2514,16,1431,40,1045,45,979,11
2514,16,1431,40,1045,45,1003,11
2514,16,1431,40,1045,45,1044,11
2514,16,1431,40,1045,45,1068,11
2514,16,1431,40,1045,45,1153,11
2514,16,1431,40,1045,45,1186,11
2514,16,1431,40,1045,45,1194,11
2514,16,1431,40,1045,45,1259,11
2514,16,1431,40,1045,45,1260,11
2514,16,1431,40,1045,45,1312,11
2514,16,1431,40,1045,45,1388,11
2514,16,1431,40,1045,45,1391,11
2514,16,1431,40,1045,45,1422,11
2514,16,1431,40,1045,45,1556,11
2514,16,1431,40,1045,45,1568,11
2514,16,1431,40,1045,45,1599,11
2514,16,1431,40,1045,45,1747,11
2514,16,1431,40,1045,45,1773,11
2514,16,1431,40,1045,45,1799,11
2514,16,1431,40,1045,45,1818,11
2514,16,1431,40,1045,45,1873,11
2514,16,1431,40,1045,45,1940,11
2514,16,1431,40,1045,45,1956,11
2514,16,1431,40,1045,45,1997,11
2514,16,1431,40,1045,45,2068,11
2514,16,1431,40,1045,45,2079,11
2514,16,1431,40,1045,45,2123,11
2514,16,1431,40,1045,45,2196,11
2514,16,1431,40,1045,45,2206,11
2514,16,1431,40,1045,45,2216,11
2514,16,1431,40,1045,45,2244,11
2514,16,1431,40,1045,45,2259,11
2514,16,1431,40,1045,45,2261,11
2514,16,1431,40,1045,45,2289,11
2514,16,1431,40,1045,45,2359,11
2514,16,1431,40,1045,45,2370,11
2514,16,1431,40,1045,45,2405,11
2514,16,1431,40,1384,35,45,11
2514,16,1431,40,1384,35,159,11
2514,16,1431,40,1384,35,272,11
2514,16,1431,40,1384,35,338,11
2514,16,1431,40,1384,35,390,11
2514,16,1431,40,1384,35,457,11
2514,16,1431,40,1384,35,463,11
2514,16,1431,40,1384,35,620,11
2514,16,1431,40,1384,35,700,11
2514,16,1431,40,1384,35,742,11
2514,16,1431,40,1384,35,758,11
2514,16,1431,40,1384,35,879,11
2514,16,1431,40,1384,35,927,11
2514,16,1431,40,1384,35,979,11
2514,16,1431,40,1384,35,1003,11
2514,16,1431,40,1384,35,1044,11
2514,16,1431,40,1384,35,1068,11
2514,16,1431,40,1384,35,1153,11
2514,16,1431,40,1384,35,1186,11
2514,16,1431,40,1384,35,1194,11
2514,16,1431,40,1384,35,1259,11
2514,16,1431,40,1384,35,1260,11
2514,16,1431,40,1384,35,1312,11
2514,16,1431,40,1384,35,1388,11
2514,16,1431,40,1384,35,1391,11
2514,16,1431,40,1384,35,1422,11
2514,16,1431,40,1384,35,1556,11
2514,16,1431,40,1384,35,1568,11
2514,16,1431,40,1384,35,1599,11
2514,16,1431,40,1384,35,1747,11
2514,16,1431,40,1384,35,1773,11
2514,16,1431,40,1384,35,1799,11
2514,16,1431,40,1384,35,1818,11
2514,16,1431,40,1384,35,1873,11
2514,16,1431,40,1384,35,1940,11
2514,16,1431,40,1384,35,1956,11
2514,16,1431,40,1384,35,1997,11
2514,16,1431,40,1384,35,2068,11
2514,16,1431,40,1384,35,2079,11
2514,16,1431,40,1384,35,2123,11
2514,16,1431,40,1384,35,2196,11
2514,16,1431,40,1384,35,2206,11
2514,16,1431,40,1384,35,2216,11
2514,16,1431,40,1384,35,2244,11
2514,16,1431,40,1384,35,2259,11
2514,16,1431,40,1384,35,2261,11
2514,16,1431,40,1384,35,2289,11
2514,16,1431,40,1384,35,2359,11
2514,16,1431,40,1384,35,2370,11
2514,16,1431,40,1384,35,2405,11
2514,16,1431,40,1429,44,45,11
2514,16,1431,40,1429,44,159,11
2514,16,1431,40,1429,44,272,11
2514,16,1431,40,1429,44,338,11
2514,16,1431,40,1429,44,390,11
2514,16,1431,40,1429,44,457,11
2514,16,1431,40,1429,44,463,11
2514,16,1431,40,1429,44,620,11
2514,16,1431,40,1429,44,700,11
2514,16,1431,40,1429,44,742,11
2514,16,1431,40,1429,44,758,11
2514,16,1431,40,1429,44,879,11
2514,16,1431,40,1429,44,927,11
2514,16,1431,40,1429,44,979,11
2514,16,1431,40,1429,44,1003,11
2514,16,1431,40,1429,44,1044,11
2514,16,1431,40,1429,44,1068,11
2514,16,1431,40,1429,44,1153,11
2514,16,1431,40,1429,44,1186,11
2514,16,1431,40,1429,44,1194,11
2514,16,1431,40,1429,44,1259,11
2514,16,1431,40,1429,44,1260,11
2514,16,1431,40,1429,44,1312,11
2514,16,1431,40,1429,44,1388,11
2514,16,1431,40,1429,44,1391,11
2514,16,1431,40,1429,44,1422,11
2514,16,1431,40,1429,44,1556,11
2514,16,1431,40,1429,44,1568,11
2514,16,1431,40,1429,44,1599,11
2514,16,1431,40,1429,44,1747,11
2514,16,1431,40,1429,44,1773,11
2514,16,1431,40,1429,44,1799,11
2514,16,1431,40,1429,44,1818,11
2514,16,1431,40,1429,44,1873,11
2514,16,1431,40,1429,44,1940,11
2514,16,1431,40,1429,44,1956,11
2514,16,1431,40,1429,44,1997,11
2514,16,1431,40,1429,44,2068,11
2514,16,1431,40,1429,44,2079,11
2514,16,1431,40,1429,44,2123,11
2514,16,1431,40,1429,44,2196,11
2514,16,1431,40,1429,44,2206,11
2514,16,1431,40,1429,44,2216,11
2514,16,1431,40,1429,44,2244,11
2514,16,1431,40,1429,44,2259,11
2514,16,1431,40,1429,44,2261,11
2514,16,1431,40,1429,44,2289,11
2514,16,1431,40,1429,44,2359,11
2514,16,1431,40,1429,44,2370,11
2514,16,1431,40,1429,44,2405,11
2514,16,1431,40,1491,50,45,11
2514,16,1431,40,1491,50,159,11
2514,16,1431,40,1491,50,272,11
2514,16,1431,40,1491,50,338,11
2514,16,1431,40,1491,50,390,11
2514,16,1431,40,1491,50,457,11
2514,16,1431,40,1491,50,463,11
2514,16,1431,40,1491,50,620,11
2514,16,1431,40,1491,50,700,11
2514,16,1431,40,1491,50,742,11
2514,16,1431,40,1491,50,758,11
2514,16,1431,40,1491,50,879,11
2514,16,1431,40,1491,50,927,11
2514,16,1431,40,1491,50,979,11
2514,16,1431,40,1491,50,1003,11
2514,16,1431,40,1491,50,1044,11
2514,16,1431,40,1491,50,1068,11
2514,16,1431,40,1491,50,1153,11
2514,16,1431,40,1491,50,1186,11
2514,16,1431,40,1491,50,1194,11
2514,16,1431,40,1491,50,1259,11
2514,16,1431,40,1491,50,1260,11
2514,16,1431,40,1491,50,1312,11
2514,16,1431,40,1491,50,1388,11
2514,16,1431,40,1491,50,1391,11
2514,16,1431,40,1491,50,1422,11
2514,16,1431,40,1491,50,1556,11
2514,16,1431,40,1491,50,1568,11
2514,16,1431,40,1491,50,1599,11
2514,16,1431,40,1491,50,1747,11
2514,16,1431,40,1491,50,1773,11
2514,16,1431,40,1491,50,1799,11
2514,16,1431,40,1491,50,1818,11
2514,16,1431,40,1491,50,1873,11
2514,16,1431,40,1491,50,1940,11
2514,16,1431,40,1491,50,1956,11
2514,16,1431,40,1491,50,1997,11
2514,16,1431,40,1491,50,2068,11
2514,16,1431,40,1491,50,2079,11
2514,16,1431,40,1491,50,2123,11
2514,16,1431,40,1491,50,2196,11
2514,16,1431,40,1491,50,2206,11
2514,16,1431,40,1491,50,2216,11
2514,16,1431,40,1491,50,2244,11
2514,16,1431,40,1491,50,2259,11
2514,16,1431,40,1491,50,2261,11
2514,16,1431,40,1491,50,2289,11
2514,16,1431,40,1491,50,2359,11
2514,16,1431,40,1491,50,2370,11
2514,16,1431,40,1491,50,2405,11
2514,16,1431,40,1812,13,45,11
2514,16,1431,40,1812,13,159,11
2514,16,1431,40,1812,13,272,11
2514,16,1431,40,1812,13,338,11
2514,16,1431,40,1812,13,390,11
2514,16,1431,40,1812,13,457,11
2514,16,1431,40,1812,13,463,11
2514,16,1431,40,1812,13,620,11
2514,16,1431,40,1812,13,700,11
2514,16,1431,40,1812,13,742,11
2514,16,1431,40,1812,13,758,11
2514,16,1431,40,1812,13,879,11
2514,16,1431,40,1812,13,927,11
2514,16,1431,40,1812,13,979,11
2514,16,1431,40,1812,13,1003,11
2514,16,1431,40,1812,13,1044,11
2514,16,1431,40,1812,13,1068,11
2514,16,1431,40,1812,13,1153,11
2514,16,1431,40,1812,13,1186,11
2514,16,1431,40,1812,13,1194,11
2514,16,1431,40,1812,13,1259,11
2514,16,1431,40,1812,13,1260,11
2514,16,1431,40,1812,13,1312,11
2514,16,1431,40,1812,13,1388,11
2514,16,1431,40,1812,13,1391,11
2514,16,1431,40,1812,13,1422,11
2514,16,1431,40,1812,13,1556,11
2514,16,1431,40,1812,13,1568,11
2514,16,1431,40,1812,13,1599,11
2514,16,1431,40,1812,13,1747,11
2514,16,1431,40,1812,13,1773,11
2514,16,1431,40,1812,13,1799,11
2514,16,1431,40,1812,13,1818,11
2514,16,1431,40,1812,13,1873,11
2514,16,1431,40,1812,13,1940,11
2514,16,1431,40,1812,13,1956,11
2514,16,1431,40,1812,13,1997,11
2514,16,1431,40,1812,13,2068,11
2514,16,1431,40,1812,13,2079,11
2514,16,1431,40,1812,13,2123,11
2514,16,1431,40,1812,13,2196,11
2514,16,1431,40,1812,13,2206,11
2514,16,1431,40,1812,13,2216,11
2514,16,1431,40,1812,13,2244,11
2514,16,1431,40,1812,13,2259,11
2514,16,1431,40,1812,13,2261,11
2514,16,1431,40,1812,13,2289,11
2514,16,1431,40,1812,13,2359,11
2514,16,1431,40,1812,13,2370,11
2514,16,1431,40,1812,13,2405,11
2514,16,1431,40,1864,36,45,11
2514,16,1431,40,1864,36,159,11
2514,16,1431,40,1864,36,272,11
2514,16,1431,40,1864,36,338,11
2514,16,1431,40,1864,36,390,11
2514,16,1431,40,1864,36,457,11
2514,16,1431,40,1864,36,463,11
2514,16,1431,40,1864,36,620,11
2514,16,1431,40,1864,36,700,11
2514,16,1431,40,1864,36,742,11
2514,16,1431,40,1864,36,758,11
2514,16,1431,40,1864,36,879,11
2514,16,1431,40,1864,36,927,11
2514,16,1431,40,1864,36,979,11
2514,16,1431,40,1864,36,1003,11
2514,16,1431,40,1864,36,1044,11
2514,16,1431,40,1864,36,1068,11
2514,16,1431,40,1864,36,1153,11
2514,16,1431,40,1864,36,1186,11
2514,16,1431,40,1864,36,1194,11
2514,16,1431,40,1864,36,1259,11
2514,16,1431,40,1864,36,1260,11
2514,16,1431,40,1864,36,1312,11
2514,16,1431,40,1864,36,1388,11
2514,16,1431,40,1864,36,1391,11
2514,16,1431,40,1864,36,1422,11
2514,16,1431,40,1864,36,1556,11
2514,16,1431,40,1864,36,1568,11
2514,16,1431,40,1864,36,1599,11
2514,16,1431,40,1864,36,1747,11
2514,16,1431,40,1864,36,1773,11
2514,16,1431,40,1864,36,1799,11
2514,16,1431,40,1864,36,1818,11
2514,16,1431,40,1864,36,1873,11
2514,16,1431,40,1864,36,1940,11
2514,16,1431,40,1864,36,1956,11
2514,16,1431,40,1864,36,1997,11
2514,16,1431,40,1864,36,2068,11
2514,16,1431,40,1864,36,2079,11
2514,16,1431,40,1864,36,2123,11
2514,16,1431,40,1864,36,2196,11
2514,16,1431,40,1864,36,2206,11
2514,16,1431,40,1864,36,2216,11
2514,16,1431,40,1864,36,2244,11
2514,16,1431,40,1864,36,2259,11
2514,16,1431,40,1864,36,2261,11
2514,16,1431,40,1864,36,2289,11
2514,16,1431,40,1864,36,2359,11
2514,16,1431,40,1864,36,2370,11
2514,16,1431,40,1864,36,2405,11
2514,16,1431,40,1946,17,45,11
2514,16,1431,40,1946,17,159,11
2514,16,1431,40,1946,17,272,11
2514,16,1431,40,1946,17,338,11
2514,16,1431,40,1946,17,390,11
2514,16,1431,40,1946,17,457,11
2514,16,1431,40,1946,17,463,11
2514,16,1431,40,1946,17,620,11
2514,16,1431,40,1946,17,700,11
2514,16,1431,40,1946,17,742,11
2514,16,1431,40,1946,17,758,11
2514,16,1431,40,1946,17,879,11
2514,16,1431,40,1946,17,927,11
2514,16,1431,40,1946,17,979,11
2514,16,1431,40,1946,17,1003,11
2514,16,1431,40,1946,17,1044,11
2514,16,1431,40,1946,17,1068,11
2514,16,1431,40,1946,17,1153,11
2514,16,1431,40,1946,17,1186,11
2514,16,1431,40,1946,17,1194,11
2514,16,1431,40,1946,17,1259,11
2514,16,1431,40,1946,17,1260,11
2514,16,1431,40,1946,17,1312,11
2514,16,1431,40,1946,17,1388,11
2514,16,1431,40,1946,17,1391,11
2514,16,1431,40,1946,17,1422,11
2514,16,1431,40,1946,17,1556,11
2514,16,1431,40,1946,17,1568,11
2514,16,1431,40,1946,17,1599,11
2514,16,1431,40,1946,17,1747,11
2514,16,1431,40,1946,17,1773,11
2514,16,1431,40,1946,17,1799,11
2514,16,1431,40,1946,17,1818,11
2514,16,1431,40,1946,17,1873,11
2514,16,1431,40,1946,17,1940,11
2514,16,1431,40,1946,17,1956,11
2514,16,1431,40,1946,17,1997,11
2514,16,1431,40,1946,17,2068,11
2514,16,1431,40,1946,17,2079,11
2514,16,1431,40,1946,17,2123,11
2514,16,1431,40,1946,17,2196,11
2514,16,1431,40,1946,17,2206,11
2514,16,1431,40,1946,17,2216,11
2514,16,1431,40,1946,17,2244,11
2514,16,1431,40,1946,17,2259,11
2514,16,1431,40,1946,17,2261,11
2514,16,1431,40,1946,17,2289,11
2514,16,1431,40,1946,17,2359,11
2514,16,1431,40,1946,17,2370,11
2514,16,1431,40,1946,17,2405,11
