2514,16,197,34,194,10,45,11
2514,16,197,34,194,10,159,11
2514,16,197,34,194,10,272,11
2514,16,197,34,194,10,338,11
2514,16,197,34,194,10,390,11
2514,16,197,34,194,10,457,11
2514,16,197,34,194,10,463,11
2514,16,197,34,194,10,620,11
2514,16,197,34,194,10,700,11
2514,16,197,34,194,10,742,11
2514,16,197,34,194,10,758,11
2514,16,197,34,194,10,879,11
2514,16,197,34,194,10,927,11
2514,16,197,34,194,10,979,11
2514,16,197,34,194,10,1003,11
2514,16,197,34,194,10,1044,11
2514,16,197,34,194,10,1068,11
2514,16,197,34,194,10,1153,11
2514,16,197,34,194,10,1186,11
2514,16,197,34,194,10,1194,11
2514,16,197,34,194,10,1259,11
2514,16,197,34,194,10,1260,11
2514,16,197,34,194,10,1312,11
2514,16,197,34,194,10,1388,11
2514,16,197,34,194,10,1391,11
2514,16,197,34,194,10,1422,11
2514,16,197,34,194,10,1556,11
2514,16,197,34,194,10,1568,11
2514,16,197,34,194,10,1599,11
2514,16,197,34,194,10,1747,11
2514,16,197,34,194,10,1773,11
2514,16,197,34,194,10,1799,11
2514,16,197,34,194,10,1818,11
2514,16,197,34,194,10,1873,11
2514,16,197,34,194,10,1940,11
2514,16,197,34,194,10,1956,11
2514,16,197,34,194,10,1997,11
2514,16,197,34,194,10,2068,11
2514,16,197,34,194,10,2079,11
2514,16,197,34,194,10,2123,11
2514,16,197,34,194,10,2196,11
2514,16,197,34,194,10,2206,11
2514,16,197,34,194,10,2216,11
2514,16,197,34,194,10,2244,11
2514,16,197,34,194,10,2259,11
2514,16,197,34,194,10,2261,11
2514,16,197,34,194,10,2289,11
2514,16,197,34,194,10,2359,11
2514,16,197,34,194,10,2370,11
2514,16,197,34,194,10,2405,11
2514,16,197,34,243,47,45,11
2514,16,197,34,243,47,159,11
2514,16,197,34,243,47,272,11
2514,16,197,34,243,47,338,11
2514,16,197,34,243,47,390,11
2514,16,197,34,243,47,457,11
2514,16,197,34,243,47,463,11
2514,16,197,34,243,47,620,11
2514,16,197,34,243,47,700,11
2514,16,197,34,243,47,742,11
2514,16,197,34,243,47,758,11
2514,16,197,34,243,47,879,11
2514,16,197,34,243,47,927,11
2514,16,197,34,243,47,979,11
2514,16,197,34,243,47,1003,11
2514,16,197,34,243,47,1044,11
2514,16,197,34,243,47,1068,11
2514,16,197,34,243,47,1153,11
2514,16,197,34,243,47,1186,11
2514,16,197,34,243,47,1194,11
2514,16,197,34,243,47,1259,11
2514,16,197,34,243,47,1260,11
2514,16,197,34,243,47,1312,11
2514,16,197,34,243,47,1388,11
2514,16,197,34,243,47,1391,11
2514,16,197,34,243,47,1422,11
2514,16,197,34,243,47,1556,11
2514,16,197,34,243,47,1568,11
2514,16,197,34,243,47,1599,11
2514,16,197,34,243,47,1747,11
2514,16,197,34,243,47,1773,11
2514,16,197,34,243,47,1799,11
2514,16,197,34,243,47,1818,11
2514,16,197,34,243,47,1873,11
2514,16,197,34,243,47,1940,11
2514,16,197,34,243,47,1956,11
2514,16,197,34,243,47,1997,11
2514,16,197,34,243,47,2068,11
2514,16,197,34,243,47,2079,11
2514,16,197,34,243,47,2123,11
2514,16,197,34,243,47,2196,11
2514,16,197,34,243,47,2206,11
2514,16,197,34,243,47,2216,11
2514,16,197,34,243,47,2244,11
2514,16,197,34,243,47,2259,11
2514,16,197,34,243,47,2261,11
2514,16,197,34,243,47,2289,11
2514,16,197,34,243,47,2359,11
2514,16,197,34,243,47,2370,11
2514,16,197,34,243,47,2405,11
2514,16,197,34,627,33,45,11
2514,16,197,34,627,33,159,11
2514,16,197,34,627,33,272,11
2514,16,197,34,627,33,338,11
2514,16,197,34,627,33,390,11
2514,16,197,34,627,33,457,11
2514,16,197,34,627,33,463,11
2514,16,197,34,627,33,620,11
2514,16,197,34,627,33,700,11
2514,16,197,34,627,33,742,11
2514,16,197,34,627,33,758,11
2514,16,197,34,627,33,879,11
2514,16,197,34,627,33,927,11
2514,16,197,34,627,33,979,11
2514,16,197,34,627,33,1003,11
2514,16,197,34,627,33,1044,11
2514,16,197,34,627,33,1068,11
2514,16,197,34,627,33,1153,11
2514,16,197,34,627,33,1186,11
2514,16,197,34,627,33,1194,11
2514,16,197,34,627,33,1259,11
2514,16,197,34,627,33,1260,11
2514,16,197,34,627,33,1312,11
2514,16,197,34,627,33,1388,11
2514,16,197,34,627,33,1391,11
2514,16,197,34,627,33,1422,11
2514,16,197,34,627,33,1556,11
2514,16,197,34,627,33,1568,11
2514,16,197,34,627,33,1599,11
2514,16,197,34,627,33,1747,11
2514,16,197,34,627,33,1773,11
2514,16,197,34,627,33,1799,11
2514,16,197,34,627,33,1818,11
2514,16,197,34,627,33,1873,11
2514,16,197,34,627,33,1940,11
2514,16,197,34,627,33,1956,11
2514,16,197,34,627,33,1997,11
2514,16,197,34,627,33,2068,11
2514,16,197,34,627,33,2079,11
2514,16,197,34,627,33,2123,11
2514,16,197,34,627,33,2196,11
2514,16,197,34,627,33,2206,11
2514,16,197,34,627,33,2216,11
2514,16,197,34,627,33,2244,11
2514,16,197,34,627,33,2259,11
2514,16,197,34,627,33,2261,11
2514,16,197,34,627,33,2289,11
2514,16,197,34,627,33,2359,11
2514,16,197,34,627,33,2370,11
2514,16,197,34,627,33,2405,11
2514,16,197,34,779,44,45,11
2514,16,197,34,779,44,159,11
2514,16,197,34,779,44,272,11
2514,16,197,34,779,44,338,11
2514,16,197,34,779,44,390,11
2514,16,197,34,779,44,457,11
2514,16,197,34,779,44,463,11
2514,16,197,34,779,44,620,11
2514,16,197,34,779,44,700,11
2514,16,197,34,779,44,742,11
2514,16,197,34,779,44,758,11
2514,16,197,34,779,44,879,11
2514,16,197,34,779,44,927,11
2514,16,197,34,779,44,979,11
2514,16,197,34,779,44,1003,11
2514,16,197,34,779,44,1044,11
2514,16,197,34,779,44,1068,11
2514,16,197,34,779,44,1153,11
2514,16,197,34,779,44,1186,11
2514,16,197,34,779,44,1194,11
2514,16,197,34,779,44,1259,11
2514,16,197,34,779,44,1260,11
2514,16,197,34,779,44,1312,11
2514,16,197,34,779,44,1388,11
2514,16,197,34,779,44,1391,11
2514,16,197,34,779,44,1422,11
2514,16,197,34,779,44,1556,11
2514,16,197,34,779,44,1568,11
2514,16,197,34,779,44,1599,11
2514,16,197,34,779,44,1747,11
2514,16,197,34,779,44,1773,11
2514,16,197,34,779,44,1799,11
2514,16,197,34,779,44,1818,11
2514,16,197,34,779,44,1873,11
2514,16,197,34,779,44,1940,11
2514,16,197,34,779,44,1956,11
2514,16,197,34,779,44,1997,11
2514,16,197,34,779,44,2068,11
2514,16,197,34,779,44,2079,11
2514,16,197,34,779,44,2123,11
2514,16,197,34,779,44,2196,11
2514,16,197,34,779,44,2206,11
2514,16,197,34,779,44,2216,11
2514,16,197,34,779,44,2244,11
2514,16,197,34,779,44,2259,11
2514,16,197,34,779,44,2261,11
2514,16,197,34,779,44,2289,11
2514,16,197,34,779,44,2359,11
2514,16,197,34,779,44,2370,11
2514,16,197,34,779,44,2405,11
2514,16,197,34,996,30,159,11
2514,16,197,34,996,30,457,11
2514,16,197,34,996,30,463,11
2514,16,197,34,996,30,700,11
2514,16,197,34,996,30,879,11
2514,16,197,34,996,30,927,11
2514,16,197,34,996,30,1003,11
2514,16,197,34,996,30,1153,11
2514,16,197,34,996,30,1194,11
2514,16,197,34,996,30,1388,11
2514,16,197,34,996,30,1556,11
2514,16,197,34,996,30,1568,11
2514,16,197,34,996,30,1599,11
2514,16,197,34,996,30,1818,11
2514,16,197,34,996,30,1873,11
2514,16,197,34,996,30,1940,11
2514,16,197,34,996,30,2123,11
2514,16,197,34,996,30,2196,11
2514,16,197,34,996,30,2216,11
2514,16,197,34,996,30,2370,11
2514,16,197,34,1030,18,45,11
2514,16,197,34,1030,18,159,11
2514,16,197,34,1030,18,272,11
2514,16,197,34,1030,18,338,11
2514,16,197,34,1030,18,390,11
2514,16,197,34,1030,18,457,11
2514,16,197,34,1030,18,463,11
2514,16,197,34,1030,18,620,11
2514,16,197,34,1030,18,700,11
2514,16,197,34,1030,18,742,11
2514,16,197,34,1030,18,758,11
2514,16,197,34,1030,18,879,11
2514,16,197,34,1030,18,927,11
2514,16,197,34,1030,18,979,11
2514,16,197,34,1030,18,1003,11
2514,16,197,34,1030,18,1044,11
2514,16,197,34,1030,18,1068,11
2514,16,197,34,1030,18,1153,11
2514,16,197,34,1030,18,1186,11
2514,16,197,34,1030,18,1194,11
2514,16,197,34,1030,18,1259,11
2514,16,197,34,1030,18,1260,11
2514,16,197,34,1030,18,1312,11
2514,16,197,34,1030,18,1388,11
2514,16,197,34,1030,18,1391,11
2514,16,197,34,1030,18,1422,11
2514,16,197,34,1030,18,1556,11
2514,16,197,34,1030,18,1568,11
2514,16,197,34,1030,18,1599,11
2514,16,197,34,1030,18,1747,11
2514,16,197,34,1030,18,1773,11
2514,16,197,34,1030,18,1799,11
2514,16,197,34,1030,18,1818,11
2514,16,197,34,1030,18,1873,11
2514,16,197,34,1030,18,1940,11
2514,16,197,34,1030,18,1956,11
2514,16,197,34,1030,18,1997,11
2514,16,197,34,1030,18,2068,11
2514,16,197,34,1030,18,2079,11
2514,16,197,34,1030,18,2123,11
2514,16,197,34,1030,18,2196,11
2514,16,197,34,1030,18,2206,11
2514,16,197,34,1030,18,2216,11
2514,16,197,34,1030,18,2244,11
2514,16,197,34,1030,18,2259,11
2514,16,197,34,1030,18,2261,11
2514,16,197,34,1030,18,2289,11
2514,16,197,34,1030,18,2359,11
2514,16,197,34,1030,18,2370,11
2514,16,197,34,1030,18,2405,11
2514,16,197,34,1074,39,45,11
2514,16,197,34,1074,39,159,11
2514,16,197,34,1074,39,272,11
2514,16,197,34,1074,39,338,11
2514,16,197,34,1074,39,390,11
2514,16,197,34,1074,39,457,11
2514,16,197,34,1074,39,463,11
2514,16,197,34,1074,39,620,11
2514,16,197,34,1074,39,700,11
2514,16,197,34,1074,39,742,11
2514,16,197,34,1074,39,758,11
2514,16,197,34,1074,39,879,11
2514,16,197,34,1074,39,927,11
2514,16,197,34,1074,39,979,11
2514,16,197,34,1074,39,1003,11
2514,16,197,34,1074,39,1044,11
2514,16,197,34,1074,39,1068,11
2514,16,197,34,1074,39,1153,11
2514,16,197,34,1074,39,1186,11
2514,16,197,34,1074,39,1194,11
2514,16,197,34,1074,39,1259,11
2514,16,197,34,1074,39,1260,11
2514,16,197,34,1074,39,1312,11
2514,16,197,34,1074,39,1388,11
2514,16,197,34,1074,39,1391,11
2514,16,197,34,1074,39,1422,11
2514,16,197,34,1074,39,1556,11
2514,16,197,34,1074,39,1568,11
2514,16,197,34,1074,39,1599,11
2514,16,197,34,1074,39,1747,11
2514,16,197,34,1074,39,1773,11
2514,16,197,34,1074,39,1799,11
2514,16,197,34,1074,39,1818,11
2514,16,197,34,1074,39,1873,11
2514,16,197,34,1074,39,1940,11
2514,16,197,34,1074,39,1956,11
2514,16,197,34,1074,39,1997,11
2514,16,197,34,1074,39,2068,11
2514,16,197,34,1074,39,2079,11
2514,16,197,34,1074,39,2123,11
2514,16,197,34,1074,39,2196,11
2514,16,197,34,1074,39,2206,11
2514,16,197,34,1074,39,2216,11
2514,16,197,34,1074,39,2244,11
2514,16,197,34,1074,39,2259,11
2514,16,197,34,1074,39,2261,11
2514,16,197,34,1074,39,2289,11
2514,16,197,34,1074,39,2359,11
2514,16,197,34,1074,39,2370,11
2514,16,197,34,1074,39,2405,11
2514,16,197,34,1579,18,45,11
2514,16,197,34,1579,18,338,11
2514,16,197,34,1579,18,390,11
2514,16,197,34,1579,18,620,11
2514,16,197,34,1579,18,742,11
2514,16,197,34,1579,18,758,11
2514,16,197,34,1579,18,979,11
2514,16,197,34,1579,18,1044,11
2514,16,197,34,1579,18,1186,11
2514,16,197,34,1579,18,1259,11
2514,16,197,34,1579,18,1312,11
2514,16,197,34,1579,18,1773,11
2514,16,197,34,1579,18,1799,11
2514,16,197,34,1579,18,1956,11
2514,16,197,34,1579,18,1997,11
2514,16,197,34,1579,18,2206,11
2514,16,197,34,1579,18,2244,11
2514,16,197,34,1579,18,2261,11
2514,16,197,34,1579,18,2289,11
2514,16,197,34,1579,18,2359,11
2514,16,197,34,1637,22,45,11
2514,16,197,34,1637,22,159,11
2514,16,197,34,1637,22,272,11
2514,16,197,34,1637,22,338,11
2514,16,197,34,1637,22,390,11
2514,16,197,34,1637,22,457,11
2514,16,197,34,1637,22,463,11
2514,16,197,34,1637,22,620,11
2514,16,197,34,1637,22,700,11
2514,16,197,34,1637,22,742,11
2514,16,197,34,1637,22,758,11
2514,16,197,34,1637,22,879,11
2514,16,197,34,1637,22,927,11
2514,16,197,34,1637,22,979,11
2514,16,197,34,1637,22,1003,11
2514,16,197,34,1637,22,1044,11
2514,16,197,34,1637,22,1068,11
2514,16,197,34,1637,22,1153,11
2514,16,197,34,1637,22,1186,11
2514,16,197,34,1637,22,1194,11
2514,16,197,34,1637,22,1259,11
2514,16,197,34,1637,22,1260,11
2514,16,197,34,1637,22,1312,11
2514,16,197,34,1637,22,1388,11
2514,16,197,34,1637,22,1391,11
2514,16,197,34,1637,22,1422,11
2514,16,197,34,1637,22,1556,11
2514,16,197,34,1637,22,1568,11
2514,16,197,34,1637,22,1599,11
2514,16,197,34,1637,22,1747,11
2514,16,197,34,1637,22,1773,11
2514,16,197,34,1637,22,1799,11
2514,16,197,34,1637,22,1818,11
2514,16,197,34,1637,22,1873,11
2514,16,197,34,1637,22,1940,11
2514,16,197,34,1637,22,1956,11
2514,16,197,34,1637,22,1997,11
2514,16,197,34,1637,22,2068,11
2514,16,197,34,1637,22,2079,11
2514,16,197,34,1637,22,2123,11
2514,16,197,34,1637,22,2196,11
2514,16,197,34,1637,22,2206,11
2514,16,197,34,1637,22,2216,11
2514,16,197,34,1637,22,2244,11
2514,16,197,34,1637,22,2259,11
2514,16,197,34,1637,22,2261,11
2514,16,197,34,1637,22,2289,11
2514,16,197,34,1637,22,2359,11
2514,16,197,34,1637,22,2370,11
2514,16,197,34,1637,22,2405,11
2514,16,197,34,1654,49,45,11
2514,16,197,34,1654,49,159,11
2514,16,197,34,1654,49,272,11
2514,16,197,34,1654,49,338,11
2514,16,197,34,1654,49,390,11
2514,16,197,34,1654,49,457,11
2514,16,197,34,1654,49,463,11
2514,16,197,34,1654,49,620,11
2514,16,197,34,1654,49,700,11
2514,16,197,34,1654,49,742,11
2514,16,197,34,1654,49,758,11
2514,16,197,34,1654,49,879,11
2514,16,197,34,1654,49,927,11
2514,16,197,34,1654,49,979,11
2514,16,197,34,1654,49,1003,11
2514,16,197,34,1654,49,1044,11
2514,16,197,34,1654,49,1068,11
2514,16,197,34,1654,49,1153,11
2514,16,197,34,1654,49,1186,11
2514,16,197,34,1654,49,1194,11
2514,16,197,34,1654,49,1259,11
2514,16,197,34,1654,49,1260,11
2514,16,197,34,1654,49,1312,11
2514,16,197,34,1654,49,1388,11
2514,16,197,34,1654,49,1391,11
2514,16,197,34,1654,49,1422,11
2514,16,197,34,1654,49,1556,11
2514,16,197,34,1654,49,1568,11
2514,16,197,34,1654,49,1599,11
2514,16,197,34,1654,49,1747,11
2514,16,197,34,1654,49,1773,11
2514,16,197,34,1654,49,1799,11
2514,16,197,34,1654,49,1818,11
2514,16,197,34,1654,49,1873,11
2514,16,197,34,1654,49,1940,11
2514,16,197,34,1654,49,1956,11
2514,16,197,34,1654,49,1997,11
2514,16,197,34,1654,49,2068,11
2514,16,197,34,1654,49,2079,11
2514,16,197,34,1654,49,2123,11
2514,16,197,34,1654,49,2196,11
2514,16,197,34,1654,49,2206,11
2514,16,197,34,1654,49,2216,11
2514,16,197,34,1654,49,2244,11
2514,16,197,34,1654,49,2259,11
2514,16,197,34,1654,49,2261,11
2514,16,197,34,1654,49,2289,11
2514,16,197,34,1654,49,2359,11
2514,16,197,34,1654,49,2370,11
2514,16,197,34,1654,49,2405,11
2514,16,197,34,1716,30,45,11
2514,16,197,34,1716,30,159,11
2514,16,197,34,1716,30,272,11
2514,16,197,34,1716,30,338,11
2514,16,197,34,1716,30,390,11
2514,16,197,34,1716,30,457,11
2514,16,197,34,1716,30,463,11
2514,16,197,34,1716,30,620,11
2514,16,197,34,1716,30,700,11
2514,16,197,34,1716,30,742,11
2514,16,197,34,1716,30,758,11
2514,16,197,34,1716,30,879,11
2514,16,197,34,1716,30,927,11
2514,16,197,34,1716,30,979,11
2514,16,197,34,1716,30,1003,11
2514,16,197,34,1716,30,1044,11
2514,16,197,34,1716,30,1068,11
2514,16,197,34,1716,30,1153,11
2514,16,197,34,1716,30,1186,11
2514,16,197,34,1716,30,1194,11
2514,16,197,34,1716,30,1259,11
2514,16,197,34,1716,30,1260,11
2514,16,197,34,1716,30,1312,11
2514,16,197,34,1716,30,1388,11
2514,16,197,34,1716,30,1391,11
2514,16,197,34,1716,30,1422,11
2514,16,197,34,1716,30,1556,11
2514,16,197,34,1716,30,1568,11
2514,16,197,34,1716,30,1599,11
2514,16,197,34,1716,30,1747,11
2514,16,197,34,1716,30,1773,11
2514,16,197,34,1716,30,1799,11
2514,16,197,34,1716,30,1818,11
2514,16,197,34,1716,30,1873,11
2514,16,197,34,1716,30,1940,11
2514,16,197,34,1716,30,1956,11
2514,16,197,34,1716,30,1997,11
2514,16,197,34,1716,30,2068,11
2514,16,197,34,1716,30,2079,11
2514,16,197,34,1716,30,2123,11
2514,16,197,34,1716,30,2196,11
2514,16,197,34,1716,30,2206,11
2514,16,197,34,1716,30,2216,11
2514,16,197,34,1716,30,2244,11
2514,16,197,34,1716,30,2259,11
2514,16,197,34,1716,30,2261,11
2514,16,197,34,1716,30,2289,11
2514,16,197,34,1716,30,2359,11
2514,16,197,34,1716,30,2370,11
2514,16,197,34,1716,30,2405,11
2514,16,197,34,1829,34,45,11
2514,16,197,34,1829,34,159,11
2514,16,197,34,1829,34,272,11
2514,16,197,34,1829,34,338,11
2514,16,197,34,1829,34,390,11
2514,16,197,34,1829,34,457,11
2514,16,197,34,1829,34,463,11
2514,16,197,34,1829,34,620,11
2514,16,197,34,1829,34,700,11
2514,16,197,34,1829,34,742,11
2514,16,197,34,1829,34,758,11
2514,16,197,34,1829,34,879,11
2514,16,197,34,1829,34,927,11
2514,16,197,34,1829,34,979,11
2514,16,197,34,1829,34,1003,11
2514,16,197,34,1829,34,1044,11
2514,16,197,34,1829,34,1068,11
2514,16,197,34,1829,34,1153,11
2514,16,197,34,1829,34,1186,11
2514,16,197,34,1829,34,1194,11
2514,16,197,34,1829,34,1259,11
2514,16,197,34,1829,34,1260,11
2514,16,197,34,1829,34,1312,11
2514,16,197,34,1829,34,1388,11
2514,16,197,34,1829,34,1391,11
2514,16,197,34,1829,34,1422,11
2514,16,197,34,1829,34,1556,11
2514,16,197,34,1829,34,1568,11
2514,16,197,34,1829,34,1599,11
2514,16,197,34,1829,34,1747,11
2514,16,197,34,1829,34,1773,11
2514,16,197,34,1829,34,1799,11
2514,16,197,34,1829,34,1818,11
2514,16,197,34,1829,34,1873,11
2514,16,197,34,1829,34,1940,11
2514,16,197,34,1829,34,1956,11
2514,16,197,34,1829,34,1997,11
2514,16,197,34,1829,34,2068,11
2514,16,197,34,1829,34,2079,11
2514,16,197,34,1829,34,2123,11
2514,16,197,34,1829,34,2196,11
2514,16,197,34,1829,34,2206,11
2514,16,197,34,1829,34,2216,11
2514,16,197,34,1829,34,2244,11
2514,16,197,34,1829,34,2259,11
2514,16,197,34,1829,34,2261,11
2514,16,197,34,1829,34,2289,11
2514,16,197,34,1829,34,2359,11
2514,16,197,34,1829,34,2370,11
2514,16,197,34,1829,34,2405,11
2514,16,197,34,1934,28,45,11
2514,16,197,34,1934,28,159,11
2514,16,197,34,1934,28,272,11
2514,16,197,34,1934,28,338,11
2514,16,197,34,1934,28,390,11
2514,16,197,34,1934,28,457,11
2514,16,197,34,1934,28,463,11
2514,16,197,34,1934,28,620,11
2514,16,197,34,1934,28,700,11
2514,16,197,34,1934,28,742,11
2514,16,197,34,1934,28,758,11
2514,16,197,34,1934,28,879,11
2514,16,197,34,1934,28,927,11
2514,16,197,34,1934,28,979,11
2514,16,197,34,1934,28,1003,11
2514,16,197,34,1934,28,1044,11
2514,16,197,34,1934,28,1068,11
2514,16,197,34,1934,28,1153,11
2514,16,197,34,1934,28,1186,11
2514,16,197,34,1934,28,1194,11
2514,16,197,34,1934,28,1259,11
2514,16,197,34,1934,28,1260,11
2514,16,197,34,1934,28,1312,11
2514,16,197,34,1934,28,1388,11
2514,16,197,34,1934,28,1391,11
2514,16,197,34,1934,28,1422,11
2514,16,197,34,1934,28,1556,11
2514,16,197,34,1934,28,1568,11
2514,16,197,34,1934,28,1599,11
2514,16,197,34,1934,28,1747,11
2514,16,197,34,1934,28,1773,11
2514,16,197,34,1934,28,1799,11
2514,16,197,34,1934,28,1818,11
2514,16,197,34,1934,28,1873,11
2514,16,197,34,1934,28,1940,11
2514,16,197,34,1934,28,1956,11
2514,16,197,34,1934,28,1997,11
2514,16,197,34,1934,28,2068,11
2514,16,197,34,1934,28,2079,11
2514,16,197,34,1934,28,2123,11
2514,16,197,34,1934,28,2196,11
2514,16,197,34,1934,28,2206,11
2514,16,197,34,1934,28,2216,11
2514,16,197,34,1934,28,2244,11
2514,16,197,34,1934,28,2259,11
2514,16,197,34,1934,28,2261,11
2514,16,197,34,1934,28,2289,11
2514,16,197,34,1934,28,2359,11
2514,16,197,34,1934,28,2370,11
2514,16,197,34,1934,28,2405,11
2514,16,197,34,1986,24,45,11
2514,16,197,34,1986,24,159,11
2514,16,197,34,1986,24,272,11
2514,16,197,34,1986,24,338,11
2514,16,197,34,1986,24,390,11
2514,16,197,34,1986,24,457,11
2514,16,197,34,1986,24,463,11
2514,16,197,34,1986,24,620,11
2514,16,197,34,1986,24,700,11
2514,16,197,34,1986,24,742,11
2514,16,197,34,1986,24,758,11
2514,16,197,34,1986,24,879,11
2514,16,197,34,1986,24,927,11
2514,16,197,34,1986,24,979,11
2514,16,197,34,1986,24,1003,11
2514,16,197,34,1986,24,1044,11
2514,16,197,34,1986,24,1068,11
2514,16,197,34,1986,24,1153,11
2514,16,197,34,1986,24,1186,11
2514,16,197,34,1986,24,1194,11
2514,16,197,34,1986,24,1259,11
2514,16,197,34,1986,24,1260,11
2514,16,197,34,1986,24,1312,11
2514,16,197,34,1986,24,1388,11
2514,16,197,34,1986,24,1391,11
2514,16,197,34,1986,24,1422,11
2514,16,197,34,1986,24,1556,11
2514,16,197,34,1986,24,1568,11
2514,16,197,34,1986,24,1599,11
2514,16,197,34,1986,24,1747,11
2514,16,197,34,1986,24,1773,11
2514,16,197,34,1986,24,1799,11
2514,16,197,34,1986,24,1818,11
2514,16,197,34,1986,24,1873,11
2514,16,197,34,1986,24,1940,11
2514,16,197,34,1986,24,1956,11
2514,16,197,34,1986,24,1997,11
2514,16,197,34,1986,24,2068,11
2514,16,197,34,1986,24,2079,11
2514,16,197,34,1986,24,2123,11
2514,16,197,34,1986,24,2196,11
2514,16,197,34,1986,24,2206,11
2514,16,197,34,1986,24,2216,11
2514,16,197,34,1986,24,2244,11
2514,16,197,34,1986,24,2259,11
2514,16,197,34,1986,24,2261,11
2514,16,197,34,1986,24,2289,11
2514,16,197,34,1986,24,2359,11
2514,16,197,34,1986,24,2370,11
2514,16,197,34,1986,24,2405,11
