2514,16,722,47,183,20,159,11
2514,16,722,47,183,20,457,11
2514,16,722,47,183,20,463,11
2514,16,722,47,183,20,700,11
2514,16,722,47,183,20,879,11
2514,16,722,47,183,20,927,11
2514,16,722,47,183,20,1003,11
2514,16,722,47,183,20,1153,11
2514,16,722,47,183,20,1194,11
2514,16,722,47,183,20,1388,11
2514,16,722,47,183,20,1556,11
2514,16,722,47,183,20,1568,11
2514,16,722,47,183,20,1599,11
2514,16,722,47,183,20,1818,11
2514,16,722,47,183,20,1873,11
2514,16,722,47,183,20,1940,11
2514,16,722,47,183,20,2123,11
2514,16,722,47,183,20,2196,11
2514,16,722,47,183,20,2216,11
2514,16,722,47,183,20,2370,11
2514,16,722,47,215,19,45,11
2514,16,722,47,215,19,159,11
2514,16,722,47,215,19,272,11
2514,16,722,47,215,19,338,11
2514,16,722,47,215,19,390,11
2514,16,722,47,215,19,457,11
2514,16,722,47,215,19,463,11
2514,16,722,47,215,19,620,11
2514,16,722,47,215,19,700,11
2514,16,722,47,215,19,742,11
2514,16,722,47,215,19,758,11
2514,16,722,47,215,19,879,11
2514,16,722,47,215,19,927,11
2514,16,722,47,215,19,979,11
2514,16,722,47,215,19,1003,11
2514,16,722,47,215,19,1044,11
2514,16,722,47,215,19,1068,11
2514,16,722,47,215,19,1153,11
2514,16,722,47,215,19,1186,11
2514,16,722,47,215,19,1194,11
2514,16,722,47,215,19,1259,11
2514,16,722,47,215,19,1260,11
2514,16,722,47,215,19,1312,11
2514,16,722,47,215,19,1388,11
2514,16,722,47,215,19,1391,11
2514,16,722,47,215,19,1422,11
2514,16,722,47,215,19,1556,11
2514,16,722,47,215,19,1568,11
2514,16,722,47,215,19,1599,11
2514,16,722,47,215,19,1747,11
2514,16,722,47,215,19,1773,11
2514,16,722,47,215,19,1799,11
2514,16,722,47,215,19,1818,11
2514,16,722,47,215,19,1873,11
2514,16,722,47,215,19,1940,11
2514,16,722,47,215,19,1956,11
2514,16,722,47,215,19,1997,11
2514,16,722,47,215,19,2068,11
2514,16,722,47,215,19,2079,11
2514,16,722,47,215,19,2123,11
2514,16,722,47,215,19,2196,11
2514,16,722,47,215,19,2206,11
2514,16,722,47,215,19,2216,11
2514,16,722,47,215,19,2244,11
2514,16,722,47,215,19,2259,11
2514,16,722,47,215,19,2261,11
2514,16,722,47,215,19,2289,11
2514,16,722,47,215,19,2359,11
2514,16,722,47,215,19,2370,11
2514,16,722,47,215,19,2405,11
2514,16,722,47,230,46,45,11
2514,16,722,47,230,46,159,11
2514,16,722,47,230,46,272,11
2514,16,722,47,230,46,338,11
2514,16,722,47,230,46,390,11
2514,16,722,47,230,46,457,11
2514,16,722,47,230,46,463,11
2514,16,722,47,230,46,620,11
2514,16,722,47,230,46,700,11
2514,16,722,47,230,46,742,11
2514,16,722,47,230,46,758,11
2514,16,722,47,230,46,879,11
2514,16,722,47,230,46,927,11
2514,16,722,47,230,46,979,11
2514,16,722,47,230,46,1003,11
2514,16,722,47,230,46,1044,11
2514,16,722,47,230,46,1068,11
2514,16,722,47,230,46,1153,11
2514,16,722,47,230,46,1186,11
2514,16,722,47,230,46,1194,11
2514,16,722,47,230,46,1259,11
2514,16,722,47,230,46,1260,11
2514,16,722,47,230,46,1312,11
2514,16,722,47,230,46,1388,11
2514,16,722,47,230,46,1391,11
2514,16,722,47,230,46,1422,11
2514,16,722,47,230,46,1556,11
2514,16,722,47,230,46,1568,11
2514,16,722,47,230,46,1599,11
2514,16,722,47,230,46,1747,11
2514,16,722,47,230,46,1773,11
2514,16,722,47,230,46,1799,11
2514,16,722,47,230,46,1818,11
2514,16,722,47,230,46,1873,11
2514,16,722,47,230,46,1940,11
2514,16,722,47,230,46,1956,11
2514,16,722,47,230,46,1997,11
2514,16,722,47,230,46,2068,11
2514,16,722,47,230,46,2079,11
2514,16,722,47,230,46,2123,11
2514,16,722,47,230,46,2196,11
2514,16,722,47,230,46,2206,11
2514,16,722,47,230,46,2216,11
2514,16,722,47,230,46,2244,11
2514,16,722,47,230,46,2259,11
2514,16,722,47,230,46,2261,11
2514,16,722,47,230,46,2289,11
2514,16,722,47,230,46,2359,11
2514,16,722,47,230,46,2370,11
2514,16,722,47,230,46,2405,11
2514,16,722,47,317,50,45,11
2514,16,722,47,317,50,159,11
2514,16,722,47,317,50,272,11
2514,16,722,47,317,50,338,11
2514,16,722,47,317,50,390,11
2514,16,722,47,317,50,457,11
2514,16,722,47,317,50,463,11
2514,16,722,47,317,50,620,11
2514,16,722,47,317,50,700,11
2514,16,722,47,317,50,742,11
2514,16,722,47,317,50,758,11
2514,16,722,47,317,50,879,11
2514,16,722,47,317,50,927,11
2514,16,722,47,317,50,979,11
2514,16,722,47,317,50,1003,11
2514,16,722,47,317,50,1044,11
2514,16,722,47,317,50,1068,11
2514,16,722,47,317,50,1153,11
2514,16,722,47,317,50,1186,11
2514,16,722,47,317,50,1194,11
2514,16,722,47,317,50,1259,11
2514,16,722,47,317,50,1260,11
2514,16,722,47,317,50,1312,11
2514,16,722,47,317,50,1388,11
2514,16,722,47,317,50,1391,11
2514,16,722,47,317,50,1422,11
2514,16,722,47,317,50,1556,11
2514,16,722,47,317,50,1568,11
2514,16,722,47,317,50,1599,11
2514,16,722,47,317,50,1747,11
2514,16,722,47,317,50,1773,11
2514,16,722,47,317,50,1799,11
2514,16,722,47,317,50,1818,11
2514,16,722,47,317,50,1873,11
2514,16,722,47,317,50,1940,11
2514,16,722,47,317,50,1956,11
2514,16,722,47,317,50,1997,11
2514,16,722,47,317,50,2068,11
2514,16,722,47,317,50,2079,11
2514,16,722,47,317,50,2123,11
2514,16,722,47,317,50,2196,11
2514,16,722,47,317,50,2206,11
2514,16,722,47,317,50,2216,11
2514,16,722,47,317,50,2244,11
2514,16,722,47,317,50,2259,11
2514,16,722,47,317,50,2261,11
2514,16,722,47,317,50,2289,11
2514,16,722,47,317,50,2359,11
2514,16,722,47,317,50,2370,11
2514,16,722,47,317,50,2405,11
2514,16,722,47,457,39,45,11
2514,16,722,47,457,39,159,11
2514,16,722,47,457,39,272,11
2514,16,722,47,457,39,338,11
2514,16,722,47,457,39,390,11
2514,16,722,47,457,39,457,11
2514,16,722,47,457,39,463,11
2514,16,722,47,457,39,620,11
2514,16,722,47,457,39,700,11
2514,16,722,47,457,39,742,11
2514,16,722,47,457,39,758,11
2514,16,722,47,457,39,879,11
2514,16,722,47,457,39,927,11
2514,16,722,47,457,39,979,11
2514,16,722,47,457,39,1003,11
2514,16,722,47,457,39,1044,11
2514,16,722,47,457,39,1068,11
2514,16,722,47,457,39,1153,11
2514,16,722,47,457,39,1186,11
2514,16,722,47,457,39,1194,11
2514,16,722,47,457,39,1259,11
2514,16,722,47,457,39,1260,11
2514,16,722,47,457,39,1312,11
2514,16,722,47,457,39,1388,11
2514,16,722,47,457,39,1391,11
2514,16,722,47,457,39,1422,11
2514,16,722,47,457,39,1556,11
2514,16,722,47,457,39,1568,11
2514,16,722,47,457,39,1599,11
2514,16,722,47,457,39,1747,11
2514,16,722,47,457,39,1773,11
2514,16,722,47,457,39,1799,11
2514,16,722,47,457,39,1818,11
2514,16,722,47,457,39,1873,11
2514,16,722,47,457,39,1940,11
2514,16,722,47,457,39,1956,11
2514,16,722,47,457,39,1997,11
2514,16,722,47,457,39,2068,11
2514,16,722,47,457,39,2079,11
2514,16,722,47,457,39,2123,11
2514,16,722,47,457,39,2196,11
2514,16,722,47,457,39,2206,11
2514,16,722,47,457,39,2216,11
2514,16,722,47,457,39,2244,11
2514,16,722,47,457,39,2259,11
2514,16,722,47,457,39,2261,11
2514,16,722,47,457,39,2289,11
2514,16,722,47,457,39,2359,11
2514,16,722,47,457,39,2370,11
2514,16,722,47,457,39,2405,11
2514,16,722,47,555,16,45,11
2514,16,722,47,555,16,159,11
2514,16,722,47,555,16,272,11
2514,16,722,47,555,16,338,11
2514,16,722,47,555,16,390,11
2514,16,722,47,555,16,457,11
2514,16,722,47,555,16,463,11
2514,16,722,47,555,16,620,11
2514,16,722,47,555,16,700,11
2514,16,722,47,555,16,742,11
2514,16,722,47,555,16,758,11
2514,16,722,47,555,16,879,11
2514,16,722,47,555,16,927,11
2514,16,722,47,555,16,979,11
2514,16,722,47,555,16,1003,11
2514,16,722,47,555,16,1044,11
2514,16,722,47,555,16,1068,11
2514,16,722,47,555,16,1153,11
2514,16,722,47,555,16,1186,11
2514,16,722,47,555,16,1194,11
2514,16,722,47,555,16,1259,11
2514,16,722,47,555,16,1260,11
2514,16,722,47,555,16,1312,11
2514,16,722,47,555,16,1388,11
2514,16,722,47,555,16,1391,11
2514,16,722,47,555,16,1422,11
2514,16,722,47,555,16,1556,11
2514,16,722,47,555,16,1568,11
2514,16,722,47,555,16,1599,11
2514,16,722,47,555,16,1747,11
2514,16,722,47,555,16,1773,11
2514,16,722,47,555,16,1799,11
2514,16,722,47,555,16,1818,11
2514,16,722,47,555,16,1873,11
2514,16,722,47,555,16,1940,11
2514,16,722,47,555,16,1956,11
2514,16,722,47,555,16,1997,11
2514,16,722,47,555,16,2068,11
2514,16,722,47,555,16,2079,11
2514,16,722,47,555,16,2123,11
2514,16,722,47,555,16,2196,11
2514,16,722,47,555,16,2206,11
2514,16,722,47,555,16,2216,11
2514,16,722,47,555,16,2244,11
2514,16,722,47,555,16,2259,11
2514,16,722,47,555,16,2261,11
2514,16,722,47,555,16,2289,11
2514,16,722,47,555,16,2359,11
2514,16,722,47,555,16,2370,11
2514,16,722,47,555,16,2405,11
2514,16,722,47,671,26,45,11
2514,16,722,47,671,26,159,11
2514,16,722,47,671,26,272,11
2514,16,722,47,671,26,338,11
2514,16,722,47,671,26,390,11
2514,16,722,47,671,26,457,11
2514,16,722,47,671,26,463,11
2514,16,722,47,671,26,620,11
2514,16,722,47,671,26,700,11
2514,16,722,47,671,26,742,11
2514,16,722,47,671,26,758,11
2514,16,722,47,671,26,879,11
2514,16,722,47,671,26,927,11
2514,16,722,47,671,26,979,11
2514,16,722,47,671,26,1003,11
2514,16,722,47,671,26,1044,11
2514,16,722,47,671,26,1068,11
2514,16,722,47,671,26,1153,11
2514,16,722,47,671,26,1186,11
2514,16,722,47,671,26,1194,11
2514,16,722,47,671,26,1259,11
2514,16,722,47,671,26,1260,11
2514,16,722,47,671,26,1312,11
2514,16,722,47,671,26,1388,11
2514,16,722,47,671,26,1391,11
2514,16,722,47,671,26,1422,11
2514,16,722,47,671,26,1556,11
2514,16,722,47,671,26,1568,11
2514,16,722,47,671,26,1599,11
2514,16,722,47,671,26,1747,11
2514,16,722,47,671,26,1773,11
2514,16,722,47,671,26,1799,11
2514,16,722,47,671,26,1818,11
2514,16,722,47,671,26,1873,11
2514,16,722,47,671,26,1940,11
2514,16,722,47,671,26,1956,11
2514,16,722,47,671,26,1997,11
2514,16,722,47,671,26,2068,11
2514,16,722,47,671,26,2079,11
2514,16,722,47,671,26,2123,11
2514,16,722,47,671,26,2196,11
2514,16,722,47,671,26,2206,11
2514,16,722,47,671,26,2216,11
2514,16,722,47,671,26,2244,11
2514,16,722,47,671,26,2259,11
2514,16,722,47,671,26,2261,11
2514,16,722,47,671,26,2289,11
2514,16,722,47,671,26,2359,11
2514,16,722,47,671,26,2370,11
2514,16,722,47,671,26,2405,11
2514,16,722,47,753,36,45,11
2514,16,722,47,753,36,159,11
2514,16,722,47,753,36,272,11
2514,16,722,47,753,36,338,11
2514,16,722,47,753,36,390,11
2514,16,722,47,753,36,457,11
2514,16,722,47,753,36,463,11
2514,16,722,47,753,36,620,11
2514,16,722,47,753,36,700,11
2514,16,722,47,753,36,742,11
2514,16,722,47,753,36,758,11
2514,16,722,47,753,36,879,11
2514,16,722,47,753,36,927,11
2514,16,722,47,753,36,979,11
2514,16,722,47,753,36,1003,11
2514,16,722,47,753,36,1044,11
2514,16,722,47,753,36,1068,11
2514,16,722,47,753,36,1153,11
2514,16,722,47,753,36,1186,11
2514,16,722,47,753,36,1194,11
2514,16,722,47,753,36,1259,11
2514,16,722,47,753,36,1260,11
2514,16,722,47,753,36,1312,11
2514,16,722,47,753,36,1388,11
2514,16,722,47,753,36,1391,11
2514,16,722,47,753,36,1422,11
2514,16,722,47,753,36,1556,11
2514,16,722,47,753,36,1568,11
2514,16,722,47,753,36,1599,11
2514,16,722,47,753,36,1747,11
2514,16,722,47,753,36,1773,11
2514,16,722,47,753,36,1799,11
2514,16,722,47,753,36,1818,11
2514,16,722,47,753,36,1873,11
2514,16,722,47,753,36,1940,11
2514,16,722,47,753,36,1956,11
2514,16,722,47,753,36,1997,11
2514,16,722,47,753,36,2068,11
2514,16,722,47,753,36,2079,11
2514,16,722,47,753,36,2123,11
2514,16,722,47,753,36,2196,11
2514,16,722,47,753,36,2206,11
2514,16,722,47,753,36,2216,11
2514,16,722,47,753,36,2244,11
2514,16,722,47,753,36,2259,11
2514,16,722,47,753,36,2261,11
2514,16,722,47,753,36,2289,11
2514,16,722,47,753,36,2359,11
2514,16,722,47,753,36,2370,11
2514,16,722,47,753,36,2405,11
2514,16,722,47,1131,43,45,11
2514,16,722,47,1131,43,159,11
2514,16,722,47,1131,43,272,11
2514,16,722,47,1131,43,338,11
2514,16,722,47,1131,43,390,11
2514,16,722,47,1131,43,457,11
2514,16,722,47,1131,43,463,11
2514,16,722,47,1131,43,620,11
2514,16,722,47,1131,43,700,11
2514,16,722,47,1131,43,742,11
2514,16,722,47,1131,43,758,11
2514,16,722,47,1131,43,879,11
2514,16,722,47,1131,43,927,11
2514,16,722,47,1131,43,979,11
2514,16,722,47,1131,43,1003,11
2514,16,722,47,1131,43,1044,11
2514,16,722,47,1131,43,1068,11
2514,16,722,47,1131,43,1153,11
2514,16,722,47,1131,43,1186,11
2514,16,722,47,1131,43,1194,11
2514,16,722,47,1131,43,1259,11
2514,16,722,47,1131,43,1260,11
2514,16,722,47,1131,43,1312,11
2514,16,722,47,1131,43,1388,11
2514,16,722,47,1131,43,1391,11
2514,16,722,47,1131,43,1422,11
2514,16,722,47,1131,43,1556,11
2514,16,722,47,1131,43,1568,11
2514,16,722,47,1131,43,1599,11
2514,16,722,47,1131,43,1747,11
2514,16,722,47,1131,43,1773,11
2514,16,722,47,1131,43,1799,11
2514,16,722,47,1131,43,1818,11
2514,16,722,47,1131,43,1873,11
2514,16,722,47,1131,43,1940,11
2514,16,722,47,1131,43,1956,11
2514,16,722,47,1131,43,1997,11
2514,16,722,47,1131,43,2068,11
2514,16,722,47,1131,43,2079,11
2514,16,722,47,1131,43,2123,11
2514,16,722,47,1131,43,2196,11
2514,16,722,47,1131,43,2206,11
2514,16,722,47,1131,43,2216,11
2514,16,722,47,1131,43,2244,11
2514,16,722,47,1131,43,2259,11
2514,16,722,47,1131,43,2261,11
2514,16,722,47,1131,43,2289,11
2514,16,722,47,1131,43,2359,11
2514,16,722,47,1131,43,2370,11
2514,16,722,47,1131,43,2405,11
2514,16,722,47,1297,28,45,11
2514,16,722,47,1297,28,159,11
2514,16,722,47,1297,28,272,11
2514,16,722,47,1297,28,338,11
2514,16,722,47,1297,28,390,11
2514,16,722,47,1297,28,457,11
2514,16,722,47,1297,28,463,11
2514,16,722,47,1297,28,620,11
2514,16,722,47,1297,28,700,11
2514,16,722,47,1297,28,742,11
2514,16,722,47,1297,28,758,11
2514,16,722,47,1297,28,879,11
2514,16,722,47,1297,28,927,11
2514,16,722,47,1297,28,979,11
2514,16,722,47,1297,28,1003,11
2514,16,722,47,1297,28,1044,11
2514,16,722,47,1297,28,1068,11
2514,16,722,47,1297,28,1153,11
2514,16,722,47,1297,28,1186,11
2514,16,722,47,1297,28,1194,11
2514,16,722,47,1297,28,1259,11
2514,16,722,47,1297,28,1260,11
2514,16,722,47,1297,28,1312,11
2514,16,722,47,1297,28,1388,11
2514,16,722,47,1297,28,1391,11
2514,16,722,47,1297,28,1422,11
2514,16,722,47,1297,28,1556,11
2514,16,722,47,1297,28,1568,11
2514,16,722,47,1297,28,1599,11
2514,16,722,47,1297,28,1747,11
2514,16,722,47,1297,28,1773,11
2514,16,722,47,1297,28,1799,11
2514,16,722,47,1297,28,1818,11
2514,16,722,47,1297,28,1873,11
2514,16,722,47,1297,28,1940,11
2514,16,722,47,1297,28,1956,11
2514,16,722,47,1297,28,1997,11
2514,16,722,47,1297,28,2068,11
2514,16,722,47,1297,28,2079,11
2514,16,722,47,1297,28,2123,11
2514,16,722,47,1297,28,2196,11
2514,16,722,47,1297,28,2206,11
2514,16,722,47,1297,28,2216,11
2514,16,722,47,1297,28,2244,11
2514,16,722,47,1297,28,2259,11
2514,16,722,47,1297,28,2261,11
2514,16,722,47,1297,28,2289,11
2514,16,722,47,1297,28,2359,11
2514,16,722,47,1297,28,2370,11
2514,16,722,47,1297,28,2405,11
2514,16,722,47,1414,15,45,11
2514,16,722,47,1414,15,159,11
2514,16,722,47,1414,15,272,11
2514,16,722,47,1414,15,338,11
2514,16,722,47,1414,15,390,11
2514,16,722,47,1414,15,457,11
2514,16,722,47,1414,15,463,11
2514,16,722,47,1414,15,620,11
2514,16,722,47,1414,15,700,11
2514,16,722,47,1414,15,742,11
2514,16,722,47,1414,15,758,11
2514,16,722,47,1414,15,879,11
2514,16,722,47,1414,15,927,11
2514,16,722,47,1414,15,979,11
2514,16,722,47,1414,15,1003,11
2514,16,722,47,1414,15,1044,11
2514,16,722,47,1414,15,1068,11
2514,16,722,47,1414,15,1153,11
2514,16,722,47,1414,15,1186,11
2514,16,722,47,1414,15,1194,11
2514,16,722,47,1414,15,1259,11
2514,16,722,47,1414,15,1260,11
2514,16,722,47,1414,15,1312,11
2514,16,722,47,1414,15,1388,11
2514,16,722,47,1414,15,1391,11
2514,16,722,47,1414,15,1422,11
2514,16,722,47,1414,15,1556,11
2514,16,722,47,1414,15,1568,11
2514,16,722,47,1414,15,1599,11
2514,16,722,47,1414,15,1747,11
2514,16,722,47,1414,15,1773,11
2514,16,722,47,1414,15,1799,11
2514,16,722,47,1414,15,1818,11
2514,16,722,47,1414,15,1873,11
2514,16,722,47,1414,15,1940,11
2514,16,722,47,1414,15,1956,11
2514,16,722,47,1414,15,1997,11
2514,16,722,47,1414,15,2068,11
2514,16,722,47,1414,15,2079,11
2514,16,722,47,1414,15,2123,11
2514,16,722,47,1414,15,2196,11
2514,16,722,47,1414,15,2206,11
2514,16,722,47,1414,15,2216,11
2514,16,722,47,1414,15,2244,11
2514,16,722,47,1414,15,2259,11
2514,16,722,47,1414,15,2261,11
2514,16,722,47,1414,15,2289,11
2514,16,722,47,1414,15,2359,11
2514,16,722,47,1414,15,2370,11
2514,16,722,47,1414,15,2405,11
2514,16,722,47,1454,9,45,11
2514,16,722,47,1454,9,338,11
2514,16,722,47,1454,9,390,11
2514,16,722,47,1454,9,620,11
2514,16,722,47,1454,9,742,11
2514,16,722,47,1454,9,758,11
2514,16,722,47,1454,9,979,11
2514,16,722,47,1454,9,1044,11
2514,16,722,47,1454,9,1186,11
2514,16,722,47,1454,9,1259,11
2514,16,722,47,1454,9,1312,11
2514,16,722,47,1454,9,1773,11
2514,16,722,47,1454,9,1799,11
2514,16,722,47,1454,9,1956,11
2514,16,722,47,1454,9,1997,11
2514,16,722,47,1454,9,2206,11
2514,16,722,47,1454,9,2244,11
2514,16,722,47,1454,9,2261,11
2514,16,722,47,1454,9,2289,11
2514,16,722,47,1454,9,2359,11
2514,16,722,47,1680,49,45,11
2514,16,722,47,1680,49,159,11
2514,16,722,47,1680,49,272,11
2514,16,722,47,1680,49,338,11
2514,16,722,47,1680,49,390,11
2514,16,722,47,1680,49,457,11
2514,16,722,47,1680,49,463,11
2514,16,722,47,1680,49,620,11
2514,16,722,47,1680,49,700,11
2514,16,722,47,1680,49,742,11
2514,16,722,47,1680,49,758,11
2514,16,722,47,1680,49,879,11
2514,16,722,47,1680,49,927,11
2514,16,722,47,1680,49,979,11
2514,16,722,47,1680,49,1003,11
2514,16,722,47,1680,49,1044,11
2514,16,722,47,1680,49,1068,11
2514,16,722,47,1680,49,1153,11
2514,16,722,47,1680,49,1186,11
2514,16,722,47,1680,49,1194,11
2514,16,722,47,1680,49,1259,11
2514,16,722,47,1680,49,1260,11
2514,16,722,47,1680,49,1312,11
2514,16,722,47,1680,49,1388,11
2514,16,722,47,1680,49,1391,11
2514,16,722,47,1680,49,1422,11
2514,16,722,47,1680,49,1556,11
2514,16,722,47,1680,49,1568,11
2514,16,722,47,1680,49,1599,11
2514,16,722,47,1680,49,1747,11
2514,16,722,47,1680,49,1773,11
2514,16,722,47,1680,49,1799,11
2514,16,722,47,1680,49,1818,11
2514,16,722,47,1680,49,1873,11
2514,16,722,47,1680,49,1940,11
2514,16,722,47,1680,49,1956,11
2514,16,722,47,1680,49,1997,11
2514,16,722,47,1680,49,2068,11
2514,16,722,47,1680,49,2079,11
2514,16,722,47,1680,49,2123,11
2514,16,722,47,1680,49,2196,11
2514,16,722,47,1680,49,2206,11
2514,16,722,47,1680,49,2216,11
2514,16,722,47,1680,49,2244,11
2514,16,722,47,1680,49,2259,11
2514,16,722,47,1680,49,2261,11
2514,16,722,47,1680,49,2289,11
2514,16,722,47,1680,49,2359,11
2514,16,722,47,1680,49,2370,11
2514,16,722,47,1680,49,2405,11
2514,16,722,47,1817,41,45,11
2514,16,722,47,1817,41,159,11
2514,16,722,47,1817,41,272,11
2514,16,722,47,1817,41,338,11
2514,16,722,47,1817,41,390,11
2514,16,722,47,1817,41,457,11
2514,16,722,47,1817,41,463,11
2514,16,722,47,1817,41,620,11
2514,16,722,47,1817,41,700,11
2514,16,722,47,1817,41,742,11
2514,16,722,47,1817,41,758,11
2514,16,722,47,1817,41,879,11
2514,16,722,47,1817,41,927,11
2514,16,722,47,1817,41,979,11
2514,16,722,47,1817,41,1003,11
2514,16,722,47,1817,41,1044,11
2514,16,722,47,1817,41,1068,11
2514,16,722,47,1817,41,1153,11
2514,16,722,47,1817,41,1186,11
2514,16,722,47,1817,41,1194,11
2514,16,722,47,1817,41,1259,11
2514,16,722,47,1817,41,1260,11
2514,16,722,47,1817,41,1312,11
2514,16,722,47,1817,41,1388,11
2514,16,722,47,1817,41,1391,11
2514,16,722,47,1817,41,1422,11
2514,16,722,47,1817,41,1556,11
2514,16,722,47,1817,41,1568,11
2514,16,722,47,1817,41,1599,11
2514,16,722,47,1817,41,1747,11
2514,16,722,47,1817,41,1773,11
2514,16,722,47,1817,41,1799,11
2514,16,722,47,1817,41,1818,11
2514,16,722,47,1817,41,1873,11
2514,16,722,47,1817,41,1940,11
2514,16,722,47,1817,41,1956,11
2514,16,722,47,1817,41,1997,11
2514,16,722,47,1817,41,2068,11
2514,16,722,47,1817,41,2079,11
2514,16,722,47,1817,41,2123,11
2514,16,722,47,1817,41,2196,11
2514,16,722,47,1817,41,2206,11
2514,16,722,47,1817,41,2216,11
2514,16,722,47,1817,41,2244,11
2514,16,722,47,1817,41,2259,11
2514,16,722,47,1817,41,2261,11
2514,16,722,47,1817,41,2289,11
2514,16,722,47,1817,41,2359,11
2514,16,722,47,1817,41,2370,11
2514,16,722,47,1817,41,2405,11
