2514,16,1365,12,221,38,45,11
2514,16,1365,12,221,38,159,11
2514,16,1365,12,221,38,272,11
2514,16,1365,12,221,38,338,11
2514,16,1365,12,221,38,390,11
2514,16,1365,12,221,38,457,11
2514,16,1365,12,221,38,463,11
2514,16,1365,12,221,38,620,11
2514,16,1365,12,221,38,700,11
2514,16,1365,12,221,38,742,11
2514,16,1365,12,221,38,758,11
2514,16,1365,12,221,38,879,11
2514,16,1365,12,221,38,927,11
2514,16,1365,12,221,38,979,11
2514,16,1365,12,221,38,1003,11
2514,16,1365,12,221,38,1044,11
2514,16,1365,12,221,38,1068,11
2514,16,1365,12,221,38,1153,11
2514,16,1365,12,221,38,1186,11
2514,16,1365,12,221,38,1194,11
2514,16,1365,12,221,38,1259,11
2514,16,1365,12,221,38,1260,11
2514,16,1365,12,221,38,1312,11
2514,16,1365,12,221,38,1388,11
2514,16,1365,12,221,38,1391,11
2514,16,1365,12,221,38,1422,11
2514,16,1365,12,221,38,1556,11
2514,16,1365,12,221,38,1568,11
2514,16,1365,12,221,38,1599,11
2514,16,1365,12,221,38,1747,11
2514,16,1365,12,221,38,1773,11
2514,16,1365,12,221,38,1799,11
2514,16,1365,12,221,38,1818,11
2514,16,1365,12,221,38,1873,11
2514,16,1365,12,221,38,1940,11
2514,16,1365,12,221,38,1956,11
2514,16,1365,12,221,38,1997,11
2514,16,1365,12,221,38,2068,11
2514,16,1365,12,221,38,2079,11
2514,16,1365,12,221,38,2123,11
2514,16,1365,12,221,38,2196,11
2514,16,1365,12,221,38,2206,11
2514,16,1365,12,221,38,2216,11
2514,16,1365,12,221,38,2244,11
2514,16,1365,12,221,38,2259,11
2514,16,1365,12,221,38,2261,11
2514,16,1365,12,221,38,2289,11
2514,16,1365,12,221,38,2359,11
2514,16,1365,12,221,38,2370,11
2514,16,1365,12,221,38,2405,11
2514,16,1365,12,235,50,45,11
2514,16,1365,12,235,50,159,11
2514,16,1365,12,235,50,272,11
2514,16,1365,12,235,50,338,11
2514,16,1365,12,235,50,390,11
2514,16,1365,12,235,50,457,11
2514,16,1365,12,235,50,463,11
2514,16,1365,12,235,50,620,11
2514,16,1365,12,235,50,700,11
2514,16,1365,12,235,50,742,11
2514,16,1365,12,235,50,758,11
2514,16,1365,12,235,50,879,11
2514,16,1365,12,235,50,927,11
2514,16,1365,12,235,50,979,11
2514,16,1365,12,235,50,1003,11
2514,16,1365,12,235,50,1044,11
2514,16,1365,12,235,50,1068,11
2514,16,1365,12,235,50,1153,11
2514,16,1365,12,235,50,1186,11
2514,16,1365,12,235,50,1194,11
2514,16,1365,12,235,50,1259,11
2514,16,1365,12,235,50,1260,11
2514,16,1365,12,235,50,1312,11
2514,16,1365,12,235,50,1388,11
2514,16,1365,12,235,50,1391,11
2514,16,1365,12,235,50,1422,11
2514,16,1365,12,235,50,1556,11
2514,16,1365,12,235,50,1568,11
2514,16,1365,12,235,50,1599,11
2514,16,1365,12,235,50,1747,11
2514,16,1365,12,235,50,1773,11
2514,16,1365,12,235,50,1799,11
2514,16,1365,12,235,50,1818,11
2514,16,1365,12,235,50,1873,11
2514,16,1365,12,235,50,1940,11
2514,16,1365,12,235,50,1956,11
2514,16,1365,12,235,50,1997,11
2514,16,1365,12,235,50,2068,11
2514,16,1365,12,235,50,2079,11
2514,16,1365,12,235,50,2123,11
2514,16,1365,12,235,50,2196,11
2514,16,1365,12,235,50,2206,11
2514,16,1365,12,235,50,2216,11
2514,16,1365,12,235,50,2244,11
2514,16,1365,12,235,50,2259,11
2514,16,1365,12,235,50,2261,11
2514,16,1365,12,235,50,2289,11
2514,16,1365,12,235,50,2359,11
2514,16,1365,12,235,50,2370,11
2514,16,1365,12,235,50,2405,11
2514,16,1365,12,701,19,45,11
2514,16,1365,12,701,19,159,11
2514,16,1365,12,701,19,272,11
2514,16,1365,12,701,19,338,11
2514,16,1365,12,701,19,390,11
2514,16,1365,12,701,19,457,11
2514,16,1365,12,701,19,463,11
2514,16,1365,12,701,19,620,11
2514,16,1365,12,701,19,700,11
2514,16,1365,12,701,19,742,11
2514,16,1365,12,701,19,758,11
2514,16,1365,12,701,19,879,11
2514,16,1365,12,701,19,927,11
2514,16,1365,12,701,19,979,11
2514,16,1365,12,701,19,1003,11
2514,16,1365,12,701,19,1044,11
2514,16,1365,12,701,19,1068,11
2514,16,1365,12,701,19,1153,11
2514,16,1365,12,701,19,1186,11
2514,16,1365,12,701,19,1194,11
2514,16,1365,12,701,19,1259,11
2514,16,1365,12,701,19,1260,11
2514,16,1365,12,701,19,1312,11
2514,16,1365,12,701,19,1388,11
2514,16,1365,12,701,19,1391,11
2514,16,1365,12,701,19,1422,11
2514,16,1365,12,701,19,1556,11
2514,16,1365,12,701,19,1568,11
2514,16,1365,12,701,19,1599,11
2514,16,1365,12,701,19,1747,11
2514,16,1365,12,701,19,1773,11
2514,16,1365,12,701,19,1799,11
2514,16,1365,12,701,19,1818,11
2514,16,1365,12,701,19,1873,11
2514,16,1365,12,701,19,1940,11
2514,16,1365,12,701,19,1956,11
2514,16,1365,12,701,19,1997,11
2514,16,1365,12,701,19,2068,11
2514,16,1365,12,701,19,2079,11
2514,16,1365,12,701,19,2123,11
2514,16,1365,12,701,19,2196,11
2514,16,1365,12,701,19,2206,11
2514,16,1365,12,701,19,2216,11
2514,16,1365,12,701,19,2244,11
2514,16,1365,12,701,19,2259,11
2514,16,1365,12,701,19,2261,11
2514,16,1365,12,701,19,2289,11
2514,16,1365,12,701,19,2359,11
2514,16,1365,12,701,19,2370,11
2514,16,1365,12,701,19,2405,11
2514,16,1365,12,935,30,45,11
2514,16,1365,12,935,30,159,11
2514,16,1365,12,935,30,272,11
2514,16,1365,12,935,30,338,11
2514,16,1365,12,935,30,390,11
2514,16,1365,12,935,30,457,11
2514,16,1365,12,935,30,463,11
2514,16,1365,12,935,30,620,11
2514,16,1365,12,935,30,700,11
2514,16,1365,12,935,30,742,11
2514,16,1365,12,935,30,758,11
2514,16,1365,12,935,30,879,11
2514,16,1365,12,935,30,927,11
2514,16,1365,12,935,30,979,11
2514,16,1365,12,935,30,1003,11
2514,16,1365,12,935,30,1044,11
2514,16,1365,12,935,30,1068,11
2514,16,1365,12,935,30,1153,11
2514,16,1365,12,935,30,1186,11
2514,16,1365,12,935,30,1194,11
2514,16,1365,12,935,30,1259,11
2514,16,1365,12,935,30,1260,11
2514,16,1365,12,935,30,1312,11
2514,16,1365,12,935,30,1388,11
2514,16,1365,12,935,30,1391,11
2514,16,1365,12,935,30,1422,11
2514,16,1365,12,935,30,1556,11
2514,16,1365,12,935,30,1568,11
2514,16,1365,12,935,30,1599,11
2514,16,1365,12,935,30,1747,11
2514,16,1365,12,935,30,1773,11
2514,16,1365,12,935,30,1799,11
2514,16,1365,12,935,30,1818,11
2514,16,1365,12,935,30,1873,11
2514,16,1365,12,935,30,1940,11
2514,16,1365,12,935,30,1956,11
2514,16,1365,12,935,30,1997,11
2514,16,1365,12,935,30,2068,11
2514,16,1365,12,935,30,2079,11
2514,16,1365,12,935,30,2123,11
2514,16,1365,12,935,30,2196,11
2514,16,1365,12,935,30,2206,11
2514,16,1365,12,935,30,2216,11
2514,16,1365,12,935,30,2244,11
2514,16,1365,12,935,30,2259,11
2514,16,1365,12,935,30,2261,11
2514,16,1365,12,935,30,2289,11
2514,16,1365,12,935,30,2359,11
2514,16,1365,12,935,30,2370,11
2514,16,1365,12,935,30,2405,11
2514,16,1365,12,946,41,45,11
2514,16,1365,12,946,41,159,11
2514,16,1365,12,946,41,272,11
2514,16,1365,12,946,41,338,11
2514,16,1365,12,946,41,390,11
2514,16,1365,12,946,41,457,11
2514,16,1365,12,946,41,463,11
2514,16,1365,12,946,41,620,11
2514,16,1365,12,946,41,700,11
2514,16,1365,12,946,41,742,11
2514,16,1365,12,946,41,758,11
2514,16,1365,12,946,41,879,11
2514,16,1365,12,946,41,927,11
2514,16,1365,12,946,41,979,11
2514,16,1365,12,946,41,1003,11
2514,16,1365,12,946,41,1044,11
2514,16,1365,12,946,41,1068,11
2514,16,1365,12,946,41,1153,11
2514,16,1365,12,946,41,1186,11
2514,16,1365,12,946,41,1194,11
2514,16,1365,12,946,41,1259,11
2514,16,1365,12,946,41,1260,11
2514,16,1365,12,946,41,1312,11
2514,16,1365,12,946,41,1388,11
2514,16,1365,12,946,41,1391,11
2514,16,1365,12,946,41,1422,11
2514,16,1365,12,946,41,1556,11
2514,16,1365,12,946,41,1568,11
2514,16,1365,12,946,41,1599,11
2514,16,1365,12,946,41,1747,11
2514,16,1365,12,946,41,1773,11
2514,16,1365,12,946,41,1799,11
2514,16,1365,12,946,41,1818,11
2514,16,1365,12,946,41,1873,11
2514,16,1365,12,946,41,1940,11
2514,16,1365,12,946,41,1956,11
2514,16,1365,12,946,41,1997,11
2514,16,1365,12,946,41,2068,11
2514,16,1365,12,946,41,2079,11
2514,16,1365,12,946,41,2123,11
2514,16,1365,12,946,41,2196,11
2514,16,1365,12,946,41,2206,11
2514,16,1365,12,946,41,2216,11
2514,16,1365,12,946,41,2244,11
2514,16,1365,12,946,41,2259,11
2514,16,1365,12,946,41,2261,11
2514,16,1365,12,946,41,2289,11
2514,16,1365,12,946,41,2359,11
2514,16,1365,12,946,41,2370,11
2514,16,1365,12,946,41,2405,11
2514,16,1365,12,1160,22,45,11
2514,16,1365,12,1160,22,159,11
2514,16,1365,12,1160,22,272,11
2514,16,1365,12,1160,22,338,11
2514,16,1365,12,1160,22,390,11
2514,16,1365,12,1160,22,457,11
2514,16,1365,12,1160,22,463,11
2514,16,1365,12,1160,22,620,11
2514,16,1365,12,1160,22,700,11
2514,16,1365,12,1160,22,742,11
2514,16,1365,12,1160,22,758,11
2514,16,1365,12,1160,22,879,11
2514,16,1365,12,1160,22,927,11
2514,16,1365,12,1160,22,979,11
2514,16,1365,12,1160,22,1003,11
2514,16,1365,12,1160,22,1044,11
2514,16,1365,12,1160,22,1068,11
2514,16,1365,12,1160,22,1153,11
2514,16,1365,12,1160,22,1186,11
2514,16,1365,12,1160,22,1194,11
2514,16,1365,12,1160,22,1259,11
2514,16,1365,12,1160,22,1260,11
2514,16,1365,12,1160,22,1312,11
2514,16,1365,12,1160,22,1388,11
2514,16,1365,12,1160,22,1391,11
2514,16,1365,12,1160,22,1422,11
2514,16,1365,12,1160,22,1556,11
2514,16,1365,12,1160,22,1568,11
2514,16,1365,12,1160,22,1599,11
2514,16,1365,12,1160,22,1747,11
2514,16,1365,12,1160,22,1773,11
2514,16,1365,12,1160,22,1799,11
2514,16,1365,12,1160,22,1818,11
2514,16,1365,12,1160,22,1873,11
2514,16,1365,12,1160,22,1940,11
2514,16,1365,12,1160,22,1956,11
2514,16,1365,12,1160,22,1997,11
2514,16,1365,12,1160,22,2068,11
2514,16,1365,12,1160,22,2079,11
2514,16,1365,12,1160,22,2123,11
2514,16,1365,12,1160,22,2196,11
2514,16,1365,12,1160,22,2206,11
2514,16,1365,12,1160,22,2216,11
2514,16,1365,12,1160,22,2244,11
2514,16,1365,12,1160,22,2259,11
2514,16,1365,12,1160,22,2261,11
2514,16,1365,12,1160,22,2289,11
2514,16,1365,12,1160,22,2359,11
2514,16,1365,12,1160,22,2370,11
2514,16,1365,12,1160,22,2405,11
2514,16,1365,12,1299,48,45,11
2514,16,1365,12,1299,48,159,11
2514,16,1365,12,1299,48,272,11
2514,16,1365,12,1299,48,338,11
2514,16,1365,12,1299,48,390,11
2514,16,1365,12,1299,48,457,11
2514,16,1365,12,1299,48,463,11
2514,16,1365,12,1299,48,620,11
2514,16,1365,12,1299,48,700,11
2514,16,1365,12,1299,48,742,11
2514,16,1365,12,1299,48,758,11
2514,16,1365,12,1299,48,879,11
2514,16,1365,12,1299,48,927,11
2514,16,1365,12,1299,48,979,11
2514,16,1365,12,1299,48,1003,11
2514,16,1365,12,1299,48,1044,11
2514,16,1365,12,1299,48,1068,11
2514,16,1365,12,1299,48,1153,11
2514,16,1365,12,1299,48,1186,11
2514,16,1365,12,1299,48,1194,11
2514,16,1365,12,1299,48,1259,11
2514,16,1365,12,1299,48,1260,11
2514,16,1365,12,1299,48,1312,11
2514,16,1365,12,1299,48,1388,11
2514,16,1365,12,1299,48,1391,11
2514,16,1365,12,1299,48,1422,11
2514,16,1365,12,1299,48,1556,11
2514,16,1365,12,1299,48,1568,11
2514,16,1365,12,1299,48,1599,11
2514,16,1365,12,1299,48,1747,11
2514,16,1365,12,1299,48,1773,11
2514,16,1365,12,1299,48,1799,11
2514,16,1365,12,1299,48,1818,11
2514,16,1365,12,1299,48,1873,11
2514,16,1365,12,1299,48,1940,11
2514,16,1365,12,1299,48,1956,11
2514,16,1365,12,1299,48,1997,11
2514,16,1365,12,1299,48,2068,11
2514,16,1365,12,1299,48,2079,11
2514,16,1365,12,1299,48,2123,11
2514,16,1365,12,1299,48,2196,11
2514,16,1365,12,1299,48,2206,11
2514,16,1365,12,1299,48,2216,11
2514,16,1365,12,1299,48,2244,11
2514,16,1365,12,1299,48,2259,11
2514,16,1365,12,1299,48,2261,11
2514,16,1365,12,1299,48,2289,11
2514,16,1365,12,1299,48,2359,11
2514,16,1365,12,1299,48,2370,11
2514,16,1365,12,1299,48,2405,11
2514,16,1365,12,1446,27,45,11
2514,16,1365,12,1446,27,159,11
2514,16,1365,12,1446,27,272,11
2514,16,1365,12,1446,27,338,11
2514,16,1365,12,1446,27,390,11
2514,16,1365,12,1446,27,457,11
2514,16,1365,12,1446,27,463,11
2514,16,1365,12,1446,27,620,11
2514,16,1365,12,1446,27,700,11
2514,16,1365,12,1446,27,742,11
2514,16,1365,12,1446,27,758,11
2514,16,1365,12,1446,27,879,11
2514,16,1365,12,1446,27,927,11
2514,16,1365,12,1446,27,979,11
2514,16,1365,12,1446,27,1003,11
2514,16,1365,12,1446,27,1044,11
2514,16,1365,12,1446,27,1068,11
2514,16,1365,12,1446,27,1153,11
2514,16,1365,12,1446,27,1186,11
2514,16,1365,12,1446,27,1194,11
2514,16,1365,12,1446,27,1259,11
2514,16,1365,12,1446,27,1260,11
2514,16,1365,12,1446,27,1312,11
2514,16,1365,12,1446,27,1388,11
2514,16,1365,12,1446,27,1391,11
2514,16,1365,12,1446,27,1422,11
2514,16,1365,12,1446,27,1556,11
2514,16,1365,12,1446,27,1568,11
2514,16,1365,12,1446,27,1599,11
2514,16,1365,12,1446,27,1747,11
2514,16,1365,12,1446,27,1773,11
2514,16,1365,12,1446,27,1799,11
2514,16,1365,12,1446,27,1818,11
2514,16,1365,12,1446,27,1873,11
2514,16,1365,12,1446,27,1940,11
2514,16,1365,12,1446,27,1956,11
2514,16,1365,12,1446,27,1997,11
2514,16,1365,12,1446,27,2068,11
2514,16,1365,12,1446,27,2079,11
2514,16,1365,12,1446,27,2123,11
2514,16,1365,12,1446,27,2196,11
2514,16,1365,12,1446,27,2206,11
2514,16,1365,12,1446,27,2216,11
2514,16,1365,12,1446,27,2244,11
2514,16,1365,12,1446,27,2259,11
2514,16,1365,12,1446,27,2261,11
2514,16,1365,12,1446,27,2289,11
2514,16,1365,12,1446,27,2359,11
2514,16,1365,12,1446,27,2370,11
2514,16,1365,12,1446,27,2405,11
2514,16,1365,12,1702,37,45,11
2514,16,1365,12,1702,37,159,11
2514,16,1365,12,1702,37,272,11
2514,16,1365,12,1702,37,338,11
2514,16,1365,12,1702,37,390,11
2514,16,1365,12,1702,37,457,11
2514,16,1365,12,1702,37,463,11
2514,16,1365,12,1702,37,620,11
2514,16,1365,12,1702,37,700,11
2514,16,1365,12,1702,37,742,11
2514,16,1365,12,1702,37,758,11
2514,16,1365,12,1702,37,879,11
2514,16,1365,12,1702,37,927,11
2514,16,1365,12,1702,37,979,11
2514,16,1365,12,1702,37,1003,11
2514,16,1365,12,1702,37,1044,11
2514,16,1365,12,1702,37,1068,11
2514,16,1365,12,1702,37,1153,11
2514,16,1365,12,1702,37,1186,11
2514,16,1365,12,1702,37,1194,11
2514,16,1365,12,1702,37,1259,11
2514,16,1365,12,1702,37,1260,11
2514,16,1365,12,1702,37,1312,11
2514,16,1365,12,1702,37,1388,11
2514,16,1365,12,1702,37,1391,11
2514,16,1365,12,1702,37,1422,11
2514,16,1365,12,1702,37,1556,11
2514,16,1365,12,1702,37,1568,11
2514,16,1365,12,1702,37,1599,11
2514,16,1365,12,1702,37,1747,11
2514,16,1365,12,1702,37,1773,11
2514,16,1365,12,1702,37,1799,11
2514,16,1365,12,1702,37,1818,11
2514,16,1365,12,1702,37,1873,11
2514,16,1365,12,1702,37,1940,11
2514,16,1365,12,1702,37,1956,11
2514,16,1365,12,1702,37,1997,11
2514,16,1365,12,1702,37,2068,11
2514,16,1365,12,1702,37,2079,11
2514,16,1365,12,1702,37,2123,11
2514,16,1365,12,1702,37,2196,11
2514,16,1365,12,1702,37,2206,11
2514,16,1365,12,1702,37,2216,11
2514,16,1365,12,1702,37,2244,11
2514,16,1365,12,1702,37,2259,11
2514,16,1365,12,1702,37,2261,11
2514,16,1365,12,1702,37,2289,11
2514,16,1365,12,1702,37,2359,11
2514,16,1365,12,1702,37,2370,11
2514,16,1365,12,1702,37,2405,11
2514,16,1365,12,1767,20,45,11
2514,16,1365,12,1767,20,159,11
2514,16,1365,12,1767,20,272,11
2514,16,1365,12,1767,20,338,11
2514,16,1365,12,1767,20,390,11
2514,16,1365,12,1767,20,457,11
2514,16,1365,12,1767,20,463,11
2514,16,1365,12,1767,20,620,11
2514,16,1365,12,1767,20,700,11
2514,16,1365,12,1767,20,742,11
2514,16,1365,12,1767,20,758,11
2514,16,1365,12,1767,20,879,11
2514,16,1365,12,1767,20,927,11
2514,16,1365,12,1767,20,979,11
2514,16,1365,12,1767,20,1003,11
2514,16,1365,12,1767,20,1044,11
2514,16,1365,12,1767,20,1068,11
2514,16,1365,12,1767,20,1153,11
2514,16,1365,12,1767,20,1186,11
2514,16,1365,12,1767,20,1194,11
2514,16,1365,12,1767,20,1259,11
2514,16,1365,12,1767,20,1260,11
2514,16,1365,12,1767,20,1312,11
2514,16,1365,12,1767,20,1388,11
2514,16,1365,12,1767,20,1391,11
2514,16,1365,12,1767,20,1422,11
2514,16,1365,12,1767,20,1556,11
2514,16,1365,12,1767,20,1568,11
2514,16,1365,12,1767,20,1599,11
2514,16,1365,12,1767,20,1747,11
2514,16,1365,12,1767,20,1773,11
2514,16,1365,12,1767,20,1799,11
2514,16,1365,12,1767,20,1818,11
2514,16,1365,12,1767,20,1873,11
2514,16,1365,12,1767,20,1940,11
2514,16,1365,12,1767,20,1956,11
2514,16,1365,12,1767,20,1997,11
2514,16,1365,12,1767,20,2068,11
2514,16,1365,12,1767,20,2079,11
2514,16,1365,12,1767,20,2123,11
2514,16,1365,12,1767,20,2196,11
2514,16,1365,12,1767,20,2206,11
2514,16,1365,12,1767,20,2216,11
2514,16,1365,12,1767,20,2244,11
2514,16,1365,12,1767,20,2259,11
2514,16,1365,12,1767,20,2261,11
2514,16,1365,12,1767,20,2289,11
2514,16,1365,12,1767,20,2359,11
2514,16,1365,12,1767,20,2370,11
2514,16,1365,12,1767,20,2405,11
2514,16,1365,12,1806,46,159,11
2514,16,1365,12,1806,46,272,11
2514,16,1365,12,1806,46,457,11
2514,16,1365,12,1806,46,463,11
2514,16,1365,12,1806,46,700,11
2514,16,1365,12,1806,46,879,11
2514,16,1365,12,1806,46,927,11
2514,16,1365,12,1806,46,1003,11
2514,16,1365,12,1806,46,1068,11
2514,16,1365,12,1806,46,1153,11
2514,16,1365,12,1806,46,1194,11
2514,16,1365,12,1806,46,1260,11
2514,16,1365,12,1806,46,1388,11
2514,16,1365,12,1806,46,1391,11
2514,16,1365,12,1806,46,1422,11
2514,16,1365,12,1806,46,1556,11
2514,16,1365,12,1806,46,1568,11
2514,16,1365,12,1806,46,1599,11
2514,16,1365,12,1806,46,1747,11
2514,16,1365,12,1806,46,1818,11
2514,16,1365,12,1806,46,1873,11
2514,16,1365,12,1806,46,1940,11
2514,16,1365,12,1806,46,2068,11
2514,16,1365,12,1806,46,2079,11
2514,16,1365,12,1806,46,2123,11
2514,16,1365,12,1806,46,2196,11
2514,16,1365,12,1806,46,2216,11
2514,16,1365,12,1806,46,2259,11
2514,16,1365,12,1806,46,2370,11
2514,16,1365,12,1806,46,2405,11
2514,16,1365,12,1855,33,45,11
2514,16,1365,12,1855,33,159,11
2514,16,1365,12,1855,33,272,11
2514,16,1365,12,1855,33,338,11
2514,16,1365,12,1855,33,390,11
2514,16,1365,12,1855,33,457,11
2514,16,1365,12,1855,33,463,11
2514,16,1365,12,1855,33,620,11
2514,16,1365,12,1855,33,700,11
2514,16,1365,12,1855,33,742,11
2514,16,1365,12,1855,33,758,11
2514,16,1365,12,1855,33,879,11
2514,16,1365,12,1855,33,927,11
2514,16,1365,12,1855,33,979,11
2514,16,1365,12,1855,33,1003,11
2514,16,1365,12,1855,33,1044,11
2514,16,1365,12,1855,33,1068,11
2514,16,1365,12,1855,33,1153,11
2514,16,1365,12,1855,33,1186,11
2514,16,1365,12,1855,33,1194,11
2514,16,1365,12,1855,33,1259,11
2514,16,1365,12,1855,33,1260,11
2514,16,1365,12,1855,33,1312,11
2514,16,1365,12,1855,33,1388,11
2514,16,1365,12,1855,33,1391,11
2514,16,1365,12,1855,33,1422,11
2514,16,1365,12,1855,33,1556,11
2514,16,1365,12,1855,33,1568,11
2514,16,1365,12,1855,33,1599,11
2514,16,1365,12,1855,33,1747,11
2514,16,1365,12,1855,33,1773,11
2514,16,1365,12,1855,33,1799,11
2514,16,1365,12,1855,33,1818,11
2514,16,1365,12,1855,33,1873,11
2514,16,1365,12,1855,33,1940,11
2514,16,1365,12,1855,33,1956,11
2514,16,1365,12,1855,33,1997,11
2514,16,1365,12,1855,33,2068,11
2514,16,1365,12,1855,33,2079,11
2514,16,1365,12,1855,33,2123,11
2514,16,1365,12,1855,33,2196,11
2514,16,1365,12,1855,33,2206,11
2514,16,1365,12,1855,33,2216,11
2514,16,1365,12,1855,33,2244,11
2514,16,1365,12,1855,33,2259,11
2514,16,1365,12,1855,33,2261,11
2514,16,1365,12,1855,33,2289,11
2514,16,1365,12,1855,33,2359,11
2514,16,1365,12,1855,33,2370,11
2514,16,1365,12,1855,33,2405,11
2514,16,1365,12,1898,31,45,11
2514,16,1365,12,1898,31,390,11
2514,16,1365,12,1898,31,620,11
2514,16,1365,12,1898,31,979,11
2514,16,1365,12,1898,31,1799,11
2514,16,1365,12,1898,31,1956,11
2514,16,1365,12,1898,31,2206,11
2514,16,1365,12,1898,31,2244,11
2514,16,1365,12,1898,31,2261,11
2514,16,1365,12,1898,31,2359,11
2514,16,1365,12,1969,20,45,11
2514,16,1365,12,1969,20,159,11
2514,16,1365,12,1969,20,272,11
2514,16,1365,12,1969,20,338,11
2514,16,1365,12,1969,20,390,11
2514,16,1365,12,1969,20,457,11
2514,16,1365,12,1969,20,463,11
2514,16,1365,12,1969,20,620,11
2514,16,1365,12,1969,20,700,11
2514,16,1365,12,1969,20,742,11
2514,16,1365,12,1969,20,758,11
2514,16,1365,12,1969,20,879,11
2514,16,1365,12,1969,20,927,11
2514,16,1365,12,1969,20,979,11
2514,16,1365,12,1969,20,1003,11
2514,16,1365,12,1969,20,1044,11
2514,16,1365,12,1969,20,1068,11
2514,16,1365,12,1969,20,1153,11
2514,16,1365,12,1969,20,1186,11
2514,16,1365,12,1969,20,1194,11
2514,16,1365,12,1969,20,1259,11
2514,16,1365,12,1969,20,1260,11
2514,16,1365,12,1969,20,1312,11
2514,16,1365,12,1969,20,1388,11
2514,16,1365,12,1969,20,1391,11
2514,16,1365,12,1969,20,1422,11
2514,16,1365,12,1969,20,1556,11
2514,16,1365,12,1969,20,1568,11
2514,16,1365,12,1969,20,1599,11
2514,16,1365,12,1969,20,1747,11
2514,16,1365,12,1969,20,1773,11
2514,16,1365,12,1969,20,1799,11
2514,16,1365,12,1969,20,1818,11
2514,16,1365,12,1969,20,1873,11
2514,16,1365,12,1969,20,1940,11
2514,16,1365,12,1969,20,1956,11
2514,16,1365,12,1969,20,1997,11
2514,16,1365,12,1969,20,2068,11
2514,16,1365,12,1969,20,2079,11
2514,16,1365,12,1969,20,2123,11
2514,16,1365,12,1969,20,2196,11
2514,16,1365,12,1969,20,2206,11
2514,16,1365,12,1969,20,2216,11
2514,16,1365,12,1969,20,2244,11
2514,16,1365,12,1969,20,2259,11
2514,16,1365,12,1969,20,2261,11
2514,16,1365,12,1969,20,2289,11
2514,16,1365,12,1969,20,2359,11
2514,16,1365,12,1969,20,2370,11
2514,16,1365,12,1969,20,2405,11
