2514,16,388,35,445,12,45,11
2514,16,388,35,445,12,159,11
2514,16,388,35,445,12,272,11
2514,16,388,35,445,12,338,11
2514,16,388,35,445,12,390,11
2514,16,388,35,445,12,457,11
2514,16,388,35,445,12,463,11
2514,16,388,35,445,12,620,11
2514,16,388,35,445,12,700,11
2514,16,388,35,445,12,742,11
2514,16,388,35,445,12,758,11
2514,16,388,35,445,12,879,11
2514,16,388,35,445,12,927,11
2514,16,388,35,445,12,979,11
2514,16,388,35,445,12,1003,11
2514,16,388,35,445,12,1044,11
2514,16,388,35,445,12,1068,11
2514,16,388,35,445,12,1153,11
2514,16,388,35,445,12,1186,11
2514,16,388,35,445,12,1194,11
2514,16,388,35,445,12,1259,11
2514,16,388,35,445,12,1260,11
2514,16,388,35,445,12,1312,11
2514,16,388,35,445,12,1388,11
2514,16,388,35,445,12,1391,11
2514,16,388,35,445,12,1422,11
2514,16,388,35,445,12,1556,11
2514,16,388,35,445,12,1568,11
2514,16,388,35,445,12,1599,11
2514,16,388,35,445,12,1747,11
2514,16,388,35,445,12,1773,11
2514,16,388,35,445,12,1799,11
2514,16,388,35,445,12,1818,11
2514,16,388,35,445,12,1873,11
2514,16,388,35,445,12,1940,11
2514,16,388,35,445,12,1956,11
2514,16,388,35,445,12,1997,11
2514,16,388,35,445,12,2068,11
2514,16,388,35,445,12,2079,11
2514,16,388,35,445,12,2123,11
2514,16,388,35,445,12,2196,11
2514,16,388,35,445,12,2206,11
2514,16,388,35,445,12,2216,11
2514,16,388,35,445,12,2244,11
2514,16,388,35,445,12,2259,11
2514,16,388,35,445,12,2261,11
2514,16,388,35,445,12,2289,11
2514,16,388,35,445,12,2359,11
2514,16,388,35,445,12,2370,11
2514,16,388,35,445,12,2405,11
2514,16,388,35,553,44,45,11
2514,16,388,35,553,44,159,11
2514,16,388,35,553,44,272,11
2514,16,388,35,553,44,338,11
2514,16,388,35,553,44,390,11
2514,16,388,35,553,44,457,11
2514,16,388,35,553,44,463,11
2514,16,388,35,553,44,620,11
2514,16,388,35,553,44,700,11
2514,16,388,35,553,44,742,11
2514,16,388,35,553,44,758,11
2514,16,388,35,553,44,879,11
2514,16,388,35,553,44,927,11
2514,16,388,35,553,44,979,11
2514,16,388,35,553,44,1003,11
2514,16,388,35,553,44,1044,11
2514,16,388,35,553,44,1068,11
2514,16,388,35,553,44,1153,11
2514,16,388,35,553,44,1186,11
2514,16,388,35,553,44,1194,11
2514,16,388,35,553,44,1259,11
2514,16,388,35,553,44,1260,11
2514,16,388,35,553,44,1312,11
2514,16,388,35,553,44,1388,11
2514,16,388,35,553,44,1391,11
2514,16,388,35,553,44,1422,11
2514,16,388,35,553,44,1556,11
2514,16,388,35,553,44,1568,11
2514,16,388,35,553,44,1599,11
2514,16,388,35,553,44,1747,11
2514,16,388,35,553,44,1773,11
2514,16,388,35,553,44,1799,11
2514,16,388,35,553,44,1818,11
2514,16,388,35,553,44,1873,11
2514,16,388,35,553,44,1940,11
2514,16,388,35,553,44,1956,11
2514,16,388,35,553,44,1997,11
2514,16,388,35,553,44,2068,11
2514,16,388,35,553,44,2079,11
2514,16,388,35,553,44,2123,11
2514,16,388,35,553,44,2196,11
2514,16,388,35,553,44,2206,11
2514,16,388,35,553,44,2216,11
2514,16,388,35,553,44,2244,11
2514,16,388,35,553,44,2259,11
2514,16,388,35,553,44,2261,11
2514,16,388,35,553,44,2289,11
2514,16,388,35,553,44,2359,11
2514,16,388,35,553,44,2370,11
2514,16,388,35,553,44,2405,11
2514,16,388,35,565,39,45,11
2514,16,388,35,565,39,159,11
2514,16,388,35,565,39,272,11
2514,16,388,35,565,39,338,11
2514,16,388,35,565,39,390,11
2514,16,388,35,565,39,457,11
2514,16,388,35,565,39,463,11
2514,16,388,35,565,39,620,11
2514,16,388,35,565,39,700,11
2514,16,388,35,565,39,742,11
2514,16,388,35,565,39,758,11
2514,16,388,35,565,39,879,11
2514,16,388,35,565,39,927,11
2514,16,388,35,565,39,979,11
2514,16,388,35,565,39,1003,11
2514,16,388,35,565,39,1044,11
2514,16,388,35,565,39,1068,11
2514,16,388,35,565,39,1153,11
2514,16,388,35,565,39,1186,11
2514,16,388,35,565,39,1194,11
2514,16,388,35,565,39,1259,11
2514,16,388,35,565,39,1260,11
2514,16,388,35,565,39,1312,11
2514,16,388,35,565,39,1388,11
2514,16,388,35,565,39,1391,11
2514,16,388,35,565,39,1422,11
2514,16,388,35,565,39,1556,11
2514,16,388,35,565,39,1568,11
2514,16,388,35,565,39,1599,11
2514,16,388,35,565,39,1747,11
2514,16,388,35,565,39,1773,11
2514,16,388,35,565,39,1799,11
2514,16,388,35,565,39,1818,11
2514,16,388,35,565,39,1873,11
2514,16,388,35,565,39,1940,11
2514,16,388,35,565,39,1956,11
2514,16,388,35,565,39,1997,11
2514,16,388,35,565,39,2068,11
2514,16,388,35,565,39,2079,11
2514,16,388,35,565,39,2123,11
2514,16,388,35,565,39,2196,11
2514,16,388,35,565,39,2206,11
2514,16,388,35,565,39,2216,11
2514,16,388,35,565,39,2244,11
2514,16,388,35,565,39,2259,11
2514,16,388,35,565,39,2261,11
2514,16,388,35,565,39,2289,11
2514,16,388,35,565,39,2359,11
2514,16,388,35,565,39,2370,11
2514,16,388,35,565,39,2405,11
2514,16,388,35,643,50,45,11
2514,16,388,35,643,50,159,11
2514,16,388,35,643,50,272,11
2514,16,388,35,643,50,338,11
2514,16,388,35,643,50,390,11
2514,16,388,35,643,50,457,11
2514,16,388,35,643,50,463,11
2514,16,388,35,643,50,620,11
2514,16,388,35,643,50,700,11
2514,16,388,35,643,50,742,11
2514,16,388,35,643,50,758,11
2514,16,388,35,643,50,879,11
2514,16,388,35,643,50,927,11
2514,16,388,35,643,50,979,11
2514,16,388,35,643,50,1003,11
2514,16,388,35,643,50,1044,11
2514,16,388,35,643,50,1068,11
2514,16,388,35,643,50,1153,11
2514,16,388,35,643,50,1186,11
2514,16,388,35,643,50,1194,11
2514,16,388,35,643,50,1259,11
2514,16,388,35,643,50,1260,11
2514,16,388,35,643,50,1312,11
2514,16,388,35,643,50,1388,11
2514,16,388,35,643,50,1391,11
2514,16,388,35,643,50,1422,11
2514,16,388,35,643,50,1556,11
2514,16,388,35,643,50,1568,11
2514,16,388,35,643,50,1599,11
2514,16,388,35,643,50,1747,11
2514,16,388,35,643,50,1773,11
2514,16,388,35,643,50,1799,11
2514,16,388,35,643,50,1818,11
2514,16,388,35,643,50,1873,11
2514,16,388,35,643,50,1940,11
2514,16,388,35,643,50,1956,11
2514,16,388,35,643,50,1997,11
2514,16,388,35,643,50,2068,11
2514,16,388,35,643,50,2079,11
2514,16,388,35,643,50,2123,11
2514,16,388,35,643,50,2196,11
2514,16,388,35,643,50,2206,11
2514,16,388,35,643,50,2216,11
2514,16,388,35,643,50,2244,11
2514,16,388,35,643,50,2259,11
2514,16,388,35,643,50,2261,11
2514,16,388,35,643,50,2289,11
2514,16,388,35,643,50,2359,11
2514,16,388,35,643,50,2370,11
2514,16,388,35,643,50,2405,11
2514,16,388,35,905,20,45,11
2514,16,388,35,905,20,159,11
2514,16,388,35,905,20,272,11
2514,16,388,35,905,20,338,11
2514,16,388,35,905,20,390,11
2514,16,388,35,905,20,463,11
2514,16,388,35,905,20,620,11
2514,16,388,35,905,20,742,11
2514,16,388,35,905,20,758,11
2514,16,388,35,905,20,879,11
2514,16,388,35,905,20,979,11
2514,16,388,35,905,20,1044,11
2514,16,388,35,905,20,1068,11
2514,16,388,35,905,20,1186,11
2514,16,388,35,905,20,1259,11
2514,16,388,35,905,20,1260,11
2514,16,388,35,905,20,1312,11
2514,16,388,35,905,20,1388,11
2514,16,388,35,905,20,1391,11
2514,16,388,35,905,20,1422,11
2514,16,388,35,905,20,1556,11
2514,16,388,35,905,20,1747,11
2514,16,388,35,905,20,1773,11
2514,16,388,35,905,20,1799,11
2514,16,388,35,905,20,1873,11
2514,16,388,35,905,20,1956,11
2514,16,388,35,905,20,1997,11
2514,16,388,35,905,20,2068,11
2514,16,388,35,905,20,2079,11
2514,16,388,35,905,20,2123,11
2514,16,388,35,905,20,2196,11
2514,16,388,35,905,20,2206,11
2514,16,388,35,905,20,2216,11
2514,16,388,35,905,20,2244,11
2514,16,388,35,905,20,2259,11
2514,16,388,35,905,20,2261,11
2514,16,388,35,905,20,2289,11
2514,16,388,35,905,20,2359,11
2514,16,388,35,905,20,2370,11
2514,16,388,35,905,20,2405,11
2514,16,388,35,1017,42,45,11
2514,16,388,35,1017,42,159,11
2514,16,388,35,1017,42,272,11
2514,16,388,35,1017,42,338,11
2514,16,388,35,1017,42,390,11
2514,16,388,35,1017,42,457,11
2514,16,388,35,1017,42,463,11
2514,16,388,35,1017,42,620,11
2514,16,388,35,1017,42,700,11
2514,16,388,35,1017,42,742,11
2514,16,388,35,1017,42,758,11
2514,16,388,35,1017,42,879,11
2514,16,388,35,1017,42,927,11
2514,16,388,35,1017,42,979,11
2514,16,388,35,1017,42,1003,11
2514,16,388,35,1017,42,1044,11
2514,16,388,35,1017,42,1068,11
2514,16,388,35,1017,42,1153,11
2514,16,388,35,1017,42,1186,11
2514,16,388,35,1017,42,1194,11
2514,16,388,35,1017,42,1259,11
2514,16,388,35,1017,42,1260,11
2514,16,388,35,1017,42,1312,11
2514,16,388,35,1017,42,1388,11
2514,16,388,35,1017,42,1391,11
2514,16,388,35,1017,42,1422,11
2514,16,388,35,1017,42,1556,11
2514,16,388,35,1017,42,1568,11
2514,16,388,35,1017,42,1599,11
2514,16,388,35,1017,42,1747,11
2514,16,388,35,1017,42,1773,11
2514,16,388,35,1017,42,1799,11
2514,16,388,35,1017,42,1818,11
2514,16,388,35,1017,42,1873,11
2514,16,388,35,1017,42,1940,11
2514,16,388,35,1017,42,1956,11
2514,16,388,35,1017,42,1997,11
2514,16,388,35,1017,42,2068,11
2514,16,388,35,1017,42,2079,11
2514,16,388,35,1017,42,2123,11
2514,16,388,35,1017,42,2196,11
2514,16,388,35,1017,42,2206,11
2514,16,388,35,1017,42,2216,11
2514,16,388,35,1017,42,2244,11
2514,16,388,35,1017,42,2259,11
2514,16,388,35,1017,42,2261,11
2514,16,388,35,1017,42,2289,11
2514,16,388,35,1017,42,2359,11
2514,16,388,35,1017,42,2370,11
2514,16,388,35,1017,42,2405,11
2514,16,388,35,1035,17,45,11
2514,16,388,35,1035,17,159,11
2514,16,388,35,1035,17,272,11
2514,16,388,35,1035,17,338,11
2514,16,388,35,1035,17,390,11
2514,16,388,35,1035,17,457,11
2514,16,388,35,1035,17,463,11
2514,16,388,35,1035,17,620,11
2514,16,388,35,1035,17,700,11
2514,16,388,35,1035,17,742,11
2514,16,388,35,1035,17,758,11
2514,16,388,35,1035,17,879,11
2514,16,388,35,1035,17,927,11
2514,16,388,35,1035,17,979,11
2514,16,388,35,1035,17,1003,11
2514,16,388,35,1035,17,1044,11
2514,16,388,35,1035,17,1068,11
2514,16,388,35,1035,17,1153,11
2514,16,388,35,1035,17,1186,11
2514,16,388,35,1035,17,1194,11
2514,16,388,35,1035,17,1259,11
2514,16,388,35,1035,17,1260,11
2514,16,388,35,1035,17,1312,11
2514,16,388,35,1035,17,1388,11
2514,16,388,35,1035,17,1391,11
2514,16,388,35,1035,17,1422,11
2514,16,388,35,1035,17,1556,11
2514,16,388,35,1035,17,1568,11
2514,16,388,35,1035,17,1599,11
2514,16,388,35,1035,17,1747,11
2514,16,388,35,1035,17,1773,11
2514,16,388,35,1035,17,1799,11
2514,16,388,35,1035,17,1818,11
2514,16,388,35,1035,17,1873,11
2514,16,388,35,1035,17,1940,11
2514,16,388,35,1035,17,1956,11
2514,16,388,35,1035,17,1997,11
2514,16,388,35,1035,17,2068,11
2514,16,388,35,1035,17,2079,11
2514,16,388,35,1035,17,2123,11
2514,16,388,35,1035,17,2196,11
2514,16,388,35,1035,17,2206,11
2514,16,388,35,1035,17,2216,11
2514,16,388,35,1035,17,2244,11
2514,16,388,35,1035,17,2259,11
2514,16,388,35,1035,17,2261,11
2514,16,388,35,1035,17,2289,11
2514,16,388,35,1035,17,2359,11
2514,16,388,35,1035,17,2370,11
2514,16,388,35,1035,17,2405,11
2514,16,388,35,1489,35,45,11
2514,16,388,35,1489,35,159,11
2514,16,388,35,1489,35,272,11
2514,16,388,35,1489,35,338,11
2514,16,388,35,1489,35,390,11
2514,16,388,35,1489,35,457,11
2514,16,388,35,1489,35,463,11
2514,16,388,35,1489,35,620,11
2514,16,388,35,1489,35,700,11
2514,16,388,35,1489,35,742,11
2514,16,388,35,1489,35,758,11
2514,16,388,35,1489,35,879,11
2514,16,388,35,1489,35,927,11
2514,16,388,35,1489,35,979,11
2514,16,388,35,1489,35,1003,11
2514,16,388,35,1489,35,1044,11
2514,16,388,35,1489,35,1068,11
2514,16,388,35,1489,35,1153,11
2514,16,388,35,1489,35,1186,11
2514,16,388,35,1489,35,1194,11
2514,16,388,35,1489,35,1259,11
2514,16,388,35,1489,35,1260,11
2514,16,388,35,1489,35,1312,11
2514,16,388,35,1489,35,1388,11
2514,16,388,35,1489,35,1391,11
2514,16,388,35,1489,35,1422,11
2514,16,388,35,1489,35,1556,11
2514,16,388,35,1489,35,1568,11
2514,16,388,35,1489,35,1599,11
2514,16,388,35,1489,35,1747,11
2514,16,388,35,1489,35,1773,11
2514,16,388,35,1489,35,1799,11
2514,16,388,35,1489,35,1818,11
2514,16,388,35,1489,35,1873,11
2514,16,388,35,1489,35,1940,11
2514,16,388,35,1489,35,1956,11
2514,16,388,35,1489,35,1997,11
2514,16,388,35,1489,35,2068,11
2514,16,388,35,1489,35,2079,11
2514,16,388,35,1489,35,2123,11
2514,16,388,35,1489,35,2196,11
2514,16,388,35,1489,35,2206,11
2514,16,388,35,1489,35,2216,11
2514,16,388,35,1489,35,2244,11
2514,16,388,35,1489,35,2259,11
2514,16,388,35,1489,35,2261,11
2514,16,388,35,1489,35,2289,11
2514,16,388,35,1489,35,2359,11
2514,16,388,35,1489,35,2370,11
2514,16,388,35,1489,35,2405,11
2514,16,388,35,1555,22,45,11
2514,16,388,35,1555,22,159,11
2514,16,388,35,1555,22,272,11
2514,16,388,35,1555,22,338,11
2514,16,388,35,1555,22,390,11
2514,16,388,35,1555,22,457,11
2514,16,388,35,1555,22,463,11
2514,16,388,35,1555,22,620,11
2514,16,388,35,1555,22,700,11
2514,16,388,35,1555,22,742,11
2514,16,388,35,1555,22,758,11
2514,16,388,35,1555,22,879,11
2514,16,388,35,1555,22,927,11
2514,16,388,35,1555,22,979,11
2514,16,388,35,1555,22,1003,11
2514,16,388,35,1555,22,1044,11
2514,16,388,35,1555,22,1068,11
2514,16,388,35,1555,22,1153,11
2514,16,388,35,1555,22,1186,11
2514,16,388,35,1555,22,1194,11
2514,16,388,35,1555,22,1259,11
2514,16,388,35,1555,22,1260,11
2514,16,388,35,1555,22,1312,11
2514,16,388,35,1555,22,1388,11
2514,16,388,35,1555,22,1391,11
2514,16,388,35,1555,22,1422,11
2514,16,388,35,1555,22,1556,11
2514,16,388,35,1555,22,1568,11
2514,16,388,35,1555,22,1599,11
2514,16,388,35,1555,22,1747,11
2514,16,388,35,1555,22,1773,11
2514,16,388,35,1555,22,1799,11
2514,16,388,35,1555,22,1818,11
2514,16,388,35,1555,22,1873,11
2514,16,388,35,1555,22,1940,11
2514,16,388,35,1555,22,1956,11
2514,16,388,35,1555,22,1997,11
2514,16,388,35,1555,22,2068,11
2514,16,388,35,1555,22,2079,11
2514,16,388,35,1555,22,2123,11
2514,16,388,35,1555,22,2196,11
2514,16,388,35,1555,22,2206,11
2514,16,388,35,1555,22,2216,11
2514,16,388,35,1555,22,2244,11
2514,16,388,35,1555,22,2259,11
2514,16,388,35,1555,22,2261,11
2514,16,388,35,1555,22,2289,11
2514,16,388,35,1555,22,2359,11
2514,16,388,35,1555,22,2370,11
2514,16,388,35,1555,22,2405,11
2514,16,388,35,1571,28,45,11
2514,16,388,35,1571,28,159,11
2514,16,388,35,1571,28,272,11
2514,16,388,35,1571,28,338,11
2514,16,388,35,1571,28,390,11
2514,16,388,35,1571,28,457,11
2514,16,388,35,1571,28,463,11
2514,16,388,35,1571,28,620,11
2514,16,388,35,1571,28,700,11
2514,16,388,35,1571,28,742,11
2514,16,388,35,1571,28,758,11
2514,16,388,35,1571,28,879,11
2514,16,388,35,1571,28,927,11
2514,16,388,35,1571,28,979,11
2514,16,388,35,1571,28,1003,11
2514,16,388,35,1571,28,1044,11
2514,16,388,35,1571,28,1068,11
2514,16,388,35,1571,28,1153,11
2514,16,388,35,1571,28,1186,11
2514,16,388,35,1571,28,1194,11
2514,16,388,35,1571,28,1259,11
2514,16,388,35,1571,28,1260,11
2514,16,388,35,1571,28,1312,11
2514,16,388,35,1571,28,1388,11
2514,16,388,35,1571,28,1391,11
2514,16,388,35,1571,28,1422,11
2514,16,388,35,1571,28,1556,11
2514,16,388,35,1571,28,1568,11
2514,16,388,35,1571,28,1599,11
2514,16,388,35,1571,28,1747,11
2514,16,388,35,1571,28,1773,11
2514,16,388,35,1571,28,1799,11
2514,16,388,35,1571,28,1818,11
2514,16,388,35,1571,28,1873,11
2514,16,388,35,1571,28,1940,11
2514,16,388,35,1571,28,1956,11
2514,16,388,35,1571,28,1997,11
2514,16,388,35,1571,28,2068,11
2514,16,388,35,1571,28,2079,11
2514,16,388,35,1571,28,2123,11
2514,16,388,35,1571,28,2196,11
2514,16,388,35,1571,28,2206,11
2514,16,388,35,1571,28,2216,11
2514,16,388,35,1571,28,2244,11
2514,16,388,35,1571,28,2259,11
2514,16,388,35,1571,28,2261,11
2514,16,388,35,1571,28,2289,11
2514,16,388,35,1571,28,2359,11
2514,16,388,35,1571,28,2370,11
2514,16,388,35,1571,28,2405,11
2514,16,388,35,1585,12,45,11
2514,16,388,35,1585,12,159,11
2514,16,388,35,1585,12,272,11
2514,16,388,35,1585,12,338,11
2514,16,388,35,1585,12,390,11
2514,16,388,35,1585,12,457,11
2514,16,388,35,1585,12,463,11
2514,16,388,35,1585,12,620,11
2514,16,388,35,1585,12,700,11
2514,16,388,35,1585,12,742,11
2514,16,388,35,1585,12,758,11
2514,16,388,35,1585,12,879,11
2514,16,388,35,1585,12,927,11
2514,16,388,35,1585,12,979,11
2514,16,388,35,1585,12,1003,11
2514,16,388,35,1585,12,1044,11
2514,16,388,35,1585,12,1068,11
2514,16,388,35,1585,12,1153,11
2514,16,388,35,1585,12,1186,11
2514,16,388,35,1585,12,1194,11
2514,16,388,35,1585,12,1259,11
2514,16,388,35,1585,12,1260,11
2514,16,388,35,1585,12,1312,11
2514,16,388,35,1585,12,1388,11
2514,16,388,35,1585,12,1391,11
2514,16,388,35,1585,12,1422,11
2514,16,388,35,1585,12,1556,11
2514,16,388,35,1585,12,1568,11
2514,16,388,35,1585,12,1599,11
2514,16,388,35,1585,12,1747,11
2514,16,388,35,1585,12,1773,11
2514,16,388,35,1585,12,1799,11
2514,16,388,35,1585,12,1818,11
2514,16,388,35,1585,12,1873,11
2514,16,388,35,1585,12,1940,11
2514,16,388,35,1585,12,1956,11
2514,16,388,35,1585,12,1997,11
2514,16,388,35,1585,12,2068,11
2514,16,388,35,1585,12,2079,11
2514,16,388,35,1585,12,2123,11
2514,16,388,35,1585,12,2196,11
2514,16,388,35,1585,12,2206,11
2514,16,388,35,1585,12,2216,11
2514,16,388,35,1585,12,2244,11
2514,16,388,35,1585,12,2259,11
2514,16,388,35,1585,12,2261,11
2514,16,388,35,1585,12,2289,11
2514,16,388,35,1585,12,2359,11
2514,16,388,35,1585,12,2370,11
2514,16,388,35,1585,12,2405,11
2514,16,388,35,1699,44,45,11
2514,16,388,35,1699,44,159,11
2514,16,388,35,1699,44,272,11
2514,16,388,35,1699,44,338,11
2514,16,388,35,1699,44,390,11
2514,16,388,35,1699,44,457,11
2514,16,388,35,1699,44,463,11
2514,16,388,35,1699,44,620,11
2514,16,388,35,1699,44,700,11
2514,16,388,35,1699,44,742,11
2514,16,388,35,1699,44,758,11
2514,16,388,35,1699,44,879,11
2514,16,388,35,1699,44,927,11
2514,16,388,35,1699,44,979,11
2514,16,388,35,1699,44,1003,11
2514,16,388,35,1699,44,1044,11
2514,16,388,35,1699,44,1068,11
2514,16,388,35,1699,44,1153,11
2514,16,388,35,1699,44,1186,11
2514,16,388,35,1699,44,1194,11
2514,16,388,35,1699,44,1259,11
2514,16,388,35,1699,44,1260,11
2514,16,388,35,1699,44,1312,11
2514,16,388,35,1699,44,1388,11
2514,16,388,35,1699,44,1391,11
2514,16,388,35,1699,44,1422,11
2514,16,388,35,1699,44,1556,11
2514,16,388,35,1699,44,1568,11
2514,16,388,35,1699,44,1599,11
2514,16,388,35,1699,44,1747,11
2514,16,388,35,1699,44,1773,11
2514,16,388,35,1699,44,1799,11
2514,16,388,35,1699,44,1818,11
2514,16,388,35,1699,44,1873,11
2514,16,388,35,1699,44,1940,11
2514,16,388,35,1699,44,1956,11
2514,16,388,35,1699,44,1997,11
2514,16,388,35,1699,44,2068,11
2514,16,388,35,1699,44,2079,11
2514,16,388,35,1699,44,2123,11
2514,16,388,35,1699,44,2196,11
2514,16,388,35,1699,44,2206,11
2514,16,388,35,1699,44,2216,11
2514,16,388,35,1699,44,2244,11
2514,16,388,35,1699,44,2259,11
2514,16,388,35,1699,44,2261,11
2514,16,388,35,1699,44,2289,11
2514,16,388,35,1699,44,2359,11
2514,16,388,35,1699,44,2370,11
2514,16,388,35,1699,44,2405,11
2514,16,388,35,1967,15,45,11
2514,16,388,35,1967,15,159,11
2514,16,388,35,1967,15,272,11
2514,16,388,35,1967,15,338,11
2514,16,388,35,1967,15,390,11
2514,16,388,35,1967,15,457,11
2514,16,388,35,1967,15,463,11
2514,16,388,35,1967,15,620,11
2514,16,388,35,1967,15,700,11
2514,16,388,35,1967,15,742,11
2514,16,388,35,1967,15,758,11
2514,16,388,35,1967,15,879,11
2514,16,388,35,1967,15,927,11
2514,16,388,35,1967,15,979,11
2514,16,388,35,1967,15,1003,11
2514,16,388,35,1967,15,1044,11
2514,16,388,35,1967,15,1068,11
2514,16,388,35,1967,15,1153,11
2514,16,388,35,1967,15,1186,11
2514,16,388,35,1967,15,1194,11
2514,16,388,35,1967,15,1259,11
2514,16,388,35,1967,15,1260,11
2514,16,388,35,1967,15,1312,11
2514,16,388,35,1967,15,1388,11
2514,16,388,35,1967,15,1391,11
2514,16,388,35,1967,15,1422,11
2514,16,388,35,1967,15,1556,11
2514,16,388,35,1967,15,1568,11
2514,16,388,35,1967,15,1599,11
2514,16,388,35,1967,15,1747,11
2514,16,388,35,1967,15,1773,11
2514,16,388,35,1967,15,1799,11
2514,16,388,35,1967,15,1818,11
2514,16,388,35,1967,15,1873,11
2514,16,388,35,1967,15,1940,11
2514,16,388,35,1967,15,1956,11
2514,16,388,35,1967,15,1997,11
2514,16,388,35,1967,15,2068,11
2514,16,388,35,1967,15,2079,11
2514,16,388,35,1967,15,2123,11
2514,16,388,35,1967,15,2196,11
2514,16,388,35,1967,15,2206,11
2514,16,388,35,1967,15,2216,11
2514,16,388,35,1967,15,2244,11
2514,16,388,35,1967,15,2259,11
2514,16,388,35,1967,15,2261,11
2514,16,388,35,1967,15,2289,11
2514,16,388,35,1967,15,2359,11
2514,16,388,35,1967,15,2370,11
2514,16,388,35,1967,15,2405,11
