2514,16,250,39,280,22,45,11
2514,16,250,39,280,22,159,11
2514,16,250,39,280,22,272,11
2514,16,250,39,280,22,338,11
2514,16,250,39,280,22,390,11
2514,16,250,39,280,22,457,11
2514,16,250,39,280,22,463,11
2514,16,250,39,280,22,620,11
2514,16,250,39,280,22,700,11
2514,16,250,39,280,22,742,11
2514,16,250,39,280,22,758,11
2514,16,250,39,280,22,879,11
2514,16,250,39,280,22,927,11
2514,16,250,39,280,22,979,11
2514,16,250,39,280,22,1003,11
2514,16,250,39,280,22,1044,11
2514,16,250,39,280,22,1068,11
2514,16,250,39,280,22,1153,11
2514,16,250,39,280,22,1186,11
2514,16,250,39,280,22,1194,11
2514,16,250,39,280,22,1259,11
2514,16,250,39,280,22,1260,11
2514,16,250,39,280,22,1312,11
2514,16,250,39,280,22,1388,11
2514,16,250,39,280,22,1391,11
2514,16,250,39,280,22,1422,11
2514,16,250,39,280,22,1556,11
2514,16,250,39,280,22,1568,11
2514,16,250,39,280,22,1599,11
2514,16,250,39,280,22,1747,11
2514,16,250,39,280,22,1773,11
2514,16,250,39,280,22,1799,11
2514,16,250,39,280,22,1818,11
2514,16,250,39,280,22,1873,11
2514,16,250,39,280,22,1940,11
2514,16,250,39,280,22,1956,11
2514,16,250,39,280,22,1997,11
2514,16,250,39,280,22,2068,11
2514,16,250,39,280,22,2079,11
2514,16,250,39,280,22,2123,11
2514,16,250,39,280,22,2196,11
2514,16,250,39,280,22,2206,11
2514,16,250,39,280,22,2216,11
2514,16,250,39,280,22,2244,11
2514,16,250,39,280,22,2259,11
2514,16,250,39,280,22,2261,11
2514,16,250,39,280,22,2289,11
2514,16,250,39,280,22,2359,11
2514,16,250,39,280,22,2370,11
2514,16,250,39,280,22,2405,11
2514,16,250,39,469,22,45,11
2514,16,250,39,469,22,159,11
2514,16,250,39,469,22,272,11
2514,16,250,39,469,22,338,11
2514,16,250,39,469,22,390,11
2514,16,250,39,469,22,457,11
2514,16,250,39,469,22,463,11
2514,16,250,39,469,22,620,11
2514,16,250,39,469,22,700,11
2514,16,250,39,469,22,742,11
2514,16,250,39,469,22,758,11
2514,16,250,39,469,22,879,11
2514,16,250,39,469,22,927,11
2514,16,250,39,469,22,979,11
2514,16,250,39,469,22,1003,11
2514,16,250,39,469,22,1044,11
2514,16,250,39,469,22,1068,11
2514,16,250,39,469,22,1153,11
2514,16,250,39,469,22,1186,11
2514,16,250,39,469,22,1194,11
2514,16,250,39,469,22,1259,11
2514,16,250,39,469,22,1260,11
2514,16,250,39,469,22,1312,11
2514,16,250,39,469,22,1388,11
2514,16,250,39,469,22,1391,11
2514,16,250,39,469,22,1422,11
2514,16,250,39,469,22,1556,11
2514,16,250,39,469,22,1568,11
2514,16,250,39,469,22,1599,11
2514,16,250,39,469,22,1747,11
2514,16,250,39,469,22,1773,11
2514,16,250,39,469,22,1799,11
2514,16,250,39,469,22,1818,11
2514,16,250,39,469,22,1873,11
2514,16,250,39,469,22,1940,11
2514,16,250,39,469,22,1956,11
2514,16,250,39,469,22,1997,11
2514,16,250,39,469,22,2068,11
2514,16,250,39,469,22,2079,11
2514,16,250,39,469,22,2123,11
2514,16,250,39,469,22,2196,11
2514,16,250,39,469,22,2206,11
2514,16,250,39,469,22,2216,11
2514,16,250,39,469,22,2244,11
2514,16,250,39,469,22,2259,11
2514,16,250,39,469,22,2261,11
2514,16,250,39,469,22,2289,11
2514,16,250,39,469,22,2359,11
2514,16,250,39,469,22,2370,11
2514,16,250,39,469,22,2405,11
2514,16,250,39,856,27,45,11
2514,16,250,39,856,27,159,11
2514,16,250,39,856,27,272,11
2514,16,250,39,856,27,338,11
2514,16,250,39,856,27,390,11
2514,16,250,39,856,27,457,11
2514,16,250,39,856,27,463,11
2514,16,250,39,856,27,620,11
2514,16,250,39,856,27,700,11
2514,16,250,39,856,27,742,11
2514,16,250,39,856,27,758,11
2514,16,250,39,856,27,879,11
2514,16,250,39,856,27,927,11
2514,16,250,39,856,27,979,11
2514,16,250,39,856,27,1003,11
2514,16,250,39,856,27,1044,11
2514,16,250,39,856,27,1068,11
2514,16,250,39,856,27,1153,11
2514,16,250,39,856,27,1186,11
2514,16,250,39,856,27,1194,11
2514,16,250,39,856,27,1259,11
2514,16,250,39,856,27,1260,11
2514,16,250,39,856,27,1312,11
2514,16,250,39,856,27,1388,11
2514,16,250,39,856,27,1391,11
2514,16,250,39,856,27,1422,11
2514,16,250,39,856,27,1556,11
2514,16,250,39,856,27,1568,11
2514,16,250,39,856,27,1599,11
2514,16,250,39,856,27,1747,11
2514,16,250,39,856,27,1773,11
2514,16,250,39,856,27,1799,11
2514,16,250,39,856,27,1818,11
2514,16,250,39,856,27,1873,11
2514,16,250,39,856,27,1940,11
2514,16,250,39,856,27,1956,11
2514,16,250,39,856,27,1997,11
2514,16,250,39,856,27,2068,11
2514,16,250,39,856,27,2079,11
2514,16,250,39,856,27,2123,11
2514,16,250,39,856,27,2196,11
2514,16,250,39,856,27,2206,11
2514,16,250,39,856,27,2216,11
2514,16,250,39,856,27,2244,11
2514,16,250,39,856,27,2259,11
2514,16,250,39,856,27,2261,11
2514,16,250,39,856,27,2289,11
2514,16,250,39,856,27,2359,11
2514,16,250,39,856,27,2370,11
2514,16,250,39,856,27,2405,11
2514,16,250,39,1242,24,45,11
2514,16,250,39,1242,24,159,11
2514,16,250,39,1242,24,272,11
2514,16,250,39,1242,24,338,11
2514,16,250,39,1242,24,390,11
2514,16,250,39,1242,24,457,11
2514,16,250,39,1242,24,463,11
2514,16,250,39,1242,24,620,11
2514,16,250,39,1242,24,700,11
2514,16,250,39,1242,24,742,11
2514,16,250,39,1242,24,758,11
2514,16,250,39,1242,24,879,11
2514,16,250,39,1242,24,927,11
2514,16,250,39,1242,24,979,11
2514,16,250,39,1242,24,1003,11
2514,16,250,39,1242,24,1044,11
2514,16,250,39,1242,24,1068,11
2514,16,250,39,1242,24,1153,11
2514,16,250,39,1242,24,1186,11
2514,16,250,39,1242,24,1194,11
2514,16,250,39,1242,24,1259,11
2514,16,250,39,1242,24,1260,11
2514,16,250,39,1242,24,1312,11
2514,16,250,39,1242,24,1388,11
2514,16,250,39,1242,24,1391,11
2514,16,250,39,1242,24,1422,11
2514,16,250,39,1242,24,1556,11
2514,16,250,39,1242,24,1568,11
2514,16,250,39,1242,24,1599,11
2514,16,250,39,1242,24,1747,11
2514,16,250,39,1242,24,1773,11
2514,16,250,39,1242,24,1799,11
2514,16,250,39,1242,24,1818,11
2514,16,250,39,1242,24,1873,11
2514,16,250,39,1242,24,1940,11
2514,16,250,39,1242,24,1956,11
2514,16,250,39,1242,24,1997,11
2514,16,250,39,1242,24,2068,11
2514,16,250,39,1242,24,2079,11
2514,16,250,39,1242,24,2123,11
2514,16,250,39,1242,24,2196,11
2514,16,250,39,1242,24,2206,11
2514,16,250,39,1242,24,2216,11
2514,16,250,39,1242,24,2244,11
2514,16,250,39,1242,24,2259,11
2514,16,250,39,1242,24,2261,11
2514,16,250,39,1242,24,2289,11
2514,16,250,39,1242,24,2359,11
2514,16,250,39,1242,24,2370,11
2514,16,250,39,1242,24,2405,11
2514,16,250,39,1262,21,45,11
2514,16,250,39,1262,21,159,11
2514,16,250,39,1262,21,272,11
2514,16,250,39,1262,21,338,11
2514,16,250,39,1262,21,390,11
2514,16,250,39,1262,21,457,11
2514,16,250,39,1262,21,463,11
2514,16,250,39,1262,21,620,11
2514,16,250,39,1262,21,700,11
2514,16,250,39,1262,21,742,11
2514,16,250,39,1262,21,758,11
2514,16,250,39,1262,21,879,11
2514,16,250,39,1262,21,927,11
2514,16,250,39,1262,21,979,11
2514,16,250,39,1262,21,1003,11
2514,16,250,39,1262,21,1044,11
2514,16,250,39,1262,21,1068,11
2514,16,250,39,1262,21,1153,11
2514,16,250,39,1262,21,1186,11
2514,16,250,39,1262,21,1194,11
2514,16,250,39,1262,21,1259,11
2514,16,250,39,1262,21,1260,11
2514,16,250,39,1262,21,1312,11
2514,16,250,39,1262,21,1388,11
2514,16,250,39,1262,21,1391,11
2514,16,250,39,1262,21,1422,11
2514,16,250,39,1262,21,1556,11
2514,16,250,39,1262,21,1568,11
2514,16,250,39,1262,21,1599,11
2514,16,250,39,1262,21,1747,11
2514,16,250,39,1262,21,1773,11
2514,16,250,39,1262,21,1799,11
2514,16,250,39,1262,21,1818,11
2514,16,250,39,1262,21,1873,11
2514,16,250,39,1262,21,1940,11
2514,16,250,39,1262,21,1956,11
2514,16,250,39,1262,21,1997,11
2514,16,250,39,1262,21,2068,11
2514,16,250,39,1262,21,2079,11
2514,16,250,39,1262,21,2123,11
2514,16,250,39,1262,21,2196,11
2514,16,250,39,1262,21,2206,11
2514,16,250,39,1262,21,2216,11
2514,16,250,39,1262,21,2244,11
2514,16,250,39,1262,21,2259,11
2514,16,250,39,1262,21,2261,11
2514,16,250,39,1262,21,2289,11
2514,16,250,39,1262,21,2359,11
2514,16,250,39,1262,21,2370,11
2514,16,250,39,1262,21,2405,11
2514,16,250,39,1289,34,45,11
2514,16,250,39,1289,34,159,11
2514,16,250,39,1289,34,272,11
2514,16,250,39,1289,34,338,11
2514,16,250,39,1289,34,390,11
2514,16,250,39,1289,34,457,11
2514,16,250,39,1289,34,463,11
2514,16,250,39,1289,34,620,11
2514,16,250,39,1289,34,700,11
2514,16,250,39,1289,34,742,11
2514,16,250,39,1289,34,758,11
2514,16,250,39,1289,34,879,11
2514,16,250,39,1289,34,927,11
2514,16,250,39,1289,34,979,11
2514,16,250,39,1289,34,1003,11
2514,16,250,39,1289,34,1044,11
2514,16,250,39,1289,34,1068,11
2514,16,250,39,1289,34,1153,11
2514,16,250,39,1289,34,1186,11
2514,16,250,39,1289,34,1194,11
2514,16,250,39,1289,34,1259,11
2514,16,250,39,1289,34,1260,11
2514,16,250,39,1289,34,1312,11
2514,16,250,39,1289,34,1388,11
2514,16,250,39,1289,34,1391,11
2514,16,250,39,1289,34,1422,11
2514,16,250,39,1289,34,1556,11
2514,16,250,39,1289,34,1568,11
2514,16,250,39,1289,34,1599,11
2514,16,250,39,1289,34,1747,11
2514,16,250,39,1289,34,1773,11
2514,16,250,39,1289,34,1799,11
2514,16,250,39,1289,34,1818,11
2514,16,250,39,1289,34,1873,11
2514,16,250,39,1289,34,1940,11
2514,16,250,39,1289,34,1956,11
2514,16,250,39,1289,34,1997,11
2514,16,250,39,1289,34,2068,11
2514,16,250,39,1289,34,2079,11
2514,16,250,39,1289,34,2123,11
2514,16,250,39,1289,34,2196,11
2514,16,250,39,1289,34,2206,11
2514,16,250,39,1289,34,2216,11
2514,16,250,39,1289,34,2244,11
2514,16,250,39,1289,34,2259,11
2514,16,250,39,1289,34,2261,11
2514,16,250,39,1289,34,2289,11
2514,16,250,39,1289,34,2359,11
2514,16,250,39,1289,34,2370,11
2514,16,250,39,1289,34,2405,11
2514,16,250,39,1349,42,45,11
2514,16,250,39,1349,42,159,11
2514,16,250,39,1349,42,272,11
2514,16,250,39,1349,42,338,11
2514,16,250,39,1349,42,390,11
2514,16,250,39,1349,42,457,11
2514,16,250,39,1349,42,463,11
2514,16,250,39,1349,42,620,11
2514,16,250,39,1349,42,700,11
2514,16,250,39,1349,42,742,11
2514,16,250,39,1349,42,758,11
2514,16,250,39,1349,42,879,11
2514,16,250,39,1349,42,927,11
2514,16,250,39,1349,42,979,11
2514,16,250,39,1349,42,1003,11
2514,16,250,39,1349,42,1044,11
2514,16,250,39,1349,42,1068,11
2514,16,250,39,1349,42,1153,11
2514,16,250,39,1349,42,1186,11
2514,16,250,39,1349,42,1194,11
2514,16,250,39,1349,42,1259,11
2514,16,250,39,1349,42,1260,11
2514,16,250,39,1349,42,1312,11
2514,16,250,39,1349,42,1388,11
2514,16,250,39,1349,42,1391,11
2514,16,250,39,1349,42,1422,11
2514,16,250,39,1349,42,1556,11
2514,16,250,39,1349,42,1568,11
2514,16,250,39,1349,42,1599,11
2514,16,250,39,1349,42,1747,11
2514,16,250,39,1349,42,1773,11
2514,16,250,39,1349,42,1799,11
2514,16,250,39,1349,42,1818,11
2514,16,250,39,1349,42,1873,11
2514,16,250,39,1349,42,1940,11
2514,16,250,39,1349,42,1956,11
2514,16,250,39,1349,42,1997,11
2514,16,250,39,1349,42,2068,11
2514,16,250,39,1349,42,2079,11
2514,16,250,39,1349,42,2123,11
2514,16,250,39,1349,42,2196,11
2514,16,250,39,1349,42,2206,11
2514,16,250,39,1349,42,2216,11
2514,16,250,39,1349,42,2244,11
2514,16,250,39,1349,42,2259,11
2514,16,250,39,1349,42,2261,11
2514,16,250,39,1349,42,2289,11
2514,16,250,39,1349,42,2359,11
2514,16,250,39,1349,42,2370,11
2514,16,250,39,1349,42,2405,11
2514,16,250,39,1421,27,45,11
2514,16,250,39,1421,27,159,11
2514,16,250,39,1421,27,272,11
2514,16,250,39,1421,27,338,11
2514,16,250,39,1421,27,390,11
2514,16,250,39,1421,27,457,11
2514,16,250,39,1421,27,463,11
2514,16,250,39,1421,27,620,11
2514,16,250,39,1421,27,700,11
2514,16,250,39,1421,27,742,11
2514,16,250,39,1421,27,758,11
2514,16,250,39,1421,27,879,11
2514,16,250,39,1421,27,927,11
2514,16,250,39,1421,27,979,11
2514,16,250,39,1421,27,1003,11
2514,16,250,39,1421,27,1044,11
2514,16,250,39,1421,27,1068,11
2514,16,250,39,1421,27,1153,11
2514,16,250,39,1421,27,1186,11
2514,16,250,39,1421,27,1194,11
2514,16,250,39,1421,27,1259,11
2514,16,250,39,1421,27,1260,11
2514,16,250,39,1421,27,1312,11
2514,16,250,39,1421,27,1388,11
2514,16,250,39,1421,27,1391,11
2514,16,250,39,1421,27,1422,11
2514,16,250,39,1421,27,1556,11
2514,16,250,39,1421,27,1568,11
2514,16,250,39,1421,27,1599,11
2514,16,250,39,1421,27,1747,11
2514,16,250,39,1421,27,1773,11
2514,16,250,39,1421,27,1799,11
2514,16,250,39,1421,27,1818,11
2514,16,250,39,1421,27,1873,11
2514,16,250,39,1421,27,1940,11
2514,16,250,39,1421,27,1956,11
2514,16,250,39,1421,27,1997,11
2514,16,250,39,1421,27,2068,11
2514,16,250,39,1421,27,2079,11
2514,16,250,39,1421,27,2123,11
2514,16,250,39,1421,27,2196,11
2514,16,250,39,1421,27,2206,11
2514,16,250,39,1421,27,2216,11
2514,16,250,39,1421,27,2244,11
2514,16,250,39,1421,27,2259,11
2514,16,250,39,1421,27,2261,11
2514,16,250,39,1421,27,2289,11
2514,16,250,39,1421,27,2359,11
2514,16,250,39,1421,27,2370,11
2514,16,250,39,1421,27,2405,11
2514,16,250,39,1697,42,45,11
2514,16,250,39,1697,42,159,11
2514,16,250,39,1697,42,272,11
2514,16,250,39,1697,42,338,11
2514,16,250,39,1697,42,390,11
2514,16,250,39,1697,42,457,11
2514,16,250,39,1697,42,463,11
2514,16,250,39,1697,42,620,11
2514,16,250,39,1697,42,700,11
2514,16,250,39,1697,42,742,11
2514,16,250,39,1697,42,758,11
2514,16,250,39,1697,42,879,11
2514,16,250,39,1697,42,927,11
2514,16,250,39,1697,42,979,11
2514,16,250,39,1697,42,1003,11
2514,16,250,39,1697,42,1044,11
2514,16,250,39,1697,42,1068,11
2514,16,250,39,1697,42,1153,11
2514,16,250,39,1697,42,1186,11
2514,16,250,39,1697,42,1194,11
2514,16,250,39,1697,42,1259,11
2514,16,250,39,1697,42,1260,11
2514,16,250,39,1697,42,1312,11
2514,16,250,39,1697,42,1388,11
2514,16,250,39,1697,42,1391,11
2514,16,250,39,1697,42,1422,11
2514,16,250,39,1697,42,1556,11
2514,16,250,39,1697,42,1568,11
2514,16,250,39,1697,42,1599,11
2514,16,250,39,1697,42,1747,11
2514,16,250,39,1697,42,1773,11
2514,16,250,39,1697,42,1799,11
2514,16,250,39,1697,42,1818,11
2514,16,250,39,1697,42,1873,11
2514,16,250,39,1697,42,1940,11
2514,16,250,39,1697,42,1956,11
2514,16,250,39,1697,42,1997,11
2514,16,250,39,1697,42,2068,11
2514,16,250,39,1697,42,2079,11
2514,16,250,39,1697,42,2123,11
2514,16,250,39,1697,42,2196,11
2514,16,250,39,1697,42,2206,11
2514,16,250,39,1697,42,2216,11
2514,16,250,39,1697,42,2244,11
2514,16,250,39,1697,42,2259,11
2514,16,250,39,1697,42,2261,11
2514,16,250,39,1697,42,2289,11
2514,16,250,39,1697,42,2359,11
2514,16,250,39,1697,42,2370,11
2514,16,250,39,1697,42,2405,11
2514,16,250,39,1717,26,45,11
2514,16,250,39,1717,26,159,11
2514,16,250,39,1717,26,272,11
2514,16,250,39,1717,26,338,11
2514,16,250,39,1717,26,390,11
2514,16,250,39,1717,26,457,11
2514,16,250,39,1717,26,463,11
2514,16,250,39,1717,26,620,11
2514,16,250,39,1717,26,700,11
2514,16,250,39,1717,26,742,11
2514,16,250,39,1717,26,758,11
2514,16,250,39,1717,26,879,11
2514,16,250,39,1717,26,927,11
2514,16,250,39,1717,26,979,11
2514,16,250,39,1717,26,1003,11
2514,16,250,39,1717,26,1044,11
2514,16,250,39,1717,26,1068,11
2514,16,250,39,1717,26,1153,11
2514,16,250,39,1717,26,1186,11
2514,16,250,39,1717,26,1194,11
2514,16,250,39,1717,26,1259,11
2514,16,250,39,1717,26,1260,11
2514,16,250,39,1717,26,1312,11
2514,16,250,39,1717,26,1388,11
2514,16,250,39,1717,26,1391,11
2514,16,250,39,1717,26,1422,11
2514,16,250,39,1717,26,1556,11
2514,16,250,39,1717,26,1568,11
2514,16,250,39,1717,26,1599,11
2514,16,250,39,1717,26,1747,11
2514,16,250,39,1717,26,1773,11
2514,16,250,39,1717,26,1799,11
2514,16,250,39,1717,26,1818,11
2514,16,250,39,1717,26,1873,11
2514,16,250,39,1717,26,1940,11
2514,16,250,39,1717,26,1956,11
2514,16,250,39,1717,26,1997,11
2514,16,250,39,1717,26,2068,11
2514,16,250,39,1717,26,2079,11
2514,16,250,39,1717,26,2123,11
2514,16,250,39,1717,26,2196,11
2514,16,250,39,1717,26,2206,11
2514,16,250,39,1717,26,2216,11
2514,16,250,39,1717,26,2244,11
2514,16,250,39,1717,26,2259,11
2514,16,250,39,1717,26,2261,11
2514,16,250,39,1717,26,2289,11
2514,16,250,39,1717,26,2359,11
2514,16,250,39,1717,26,2370,11
2514,16,250,39,1717,26,2405,11
2514,16,250,39,1736,42,45,11
2514,16,250,39,1736,42,272,11
2514,16,250,39,1736,42,338,11
2514,16,250,39,1736,42,390,11
2514,16,250,39,1736,42,620,11
2514,16,250,39,1736,42,742,11
2514,16,250,39,1736,42,758,11
2514,16,250,39,1736,42,979,11
2514,16,250,39,1736,42,1044,11
2514,16,250,39,1736,42,1068,11
2514,16,250,39,1736,42,1186,11
2514,16,250,39,1736,42,1259,11
2514,16,250,39,1736,42,1260,11
2514,16,250,39,1736,42,1312,11
2514,16,250,39,1736,42,1391,11
2514,16,250,39,1736,42,1422,11
2514,16,250,39,1736,42,1747,11
2514,16,250,39,1736,42,1773,11
2514,16,250,39,1736,42,1799,11
2514,16,250,39,1736,42,1956,11
2514,16,250,39,1736,42,1997,11
2514,16,250,39,1736,42,2068,11
2514,16,250,39,1736,42,2079,11
2514,16,250,39,1736,42,2206,11
2514,16,250,39,1736,42,2244,11
2514,16,250,39,1736,42,2259,11
2514,16,250,39,1736,42,2261,11
2514,16,250,39,1736,42,2289,11
2514,16,250,39,1736,42,2359,11
2514,16,250,39,1736,42,2405,11
2514,16,250,39,1756,21,457,11
2514,16,250,39,1756,21,700,11
2514,16,250,39,1756,21,927,11
2514,16,250,39,1756,21,1003,11
2514,16,250,39,1756,21,1153,11
2514,16,250,39,1756,21,1194,11
2514,16,250,39,1756,21,1568,11
2514,16,250,39,1756,21,1599,11
2514,16,250,39,1756,21,1818,11
2514,16,250,39,1756,21,1940,11
2514,16,250,39,1962,22,45,11
2514,16,250,39,1962,22,159,11
2514,16,250,39,1962,22,272,11
2514,16,250,39,1962,22,338,11
2514,16,250,39,1962,22,390,11
2514,16,250,39,1962,22,457,11
2514,16,250,39,1962,22,463,11
2514,16,250,39,1962,22,620,11
2514,16,250,39,1962,22,700,11
2514,16,250,39,1962,22,742,11
2514,16,250,39,1962,22,758,11
2514,16,250,39,1962,22,879,11
2514,16,250,39,1962,22,927,11
2514,16,250,39,1962,22,979,11
2514,16,250,39,1962,22,1003,11
2514,16,250,39,1962,22,1044,11
2514,16,250,39,1962,22,1068,11
2514,16,250,39,1962,22,1153,11
2514,16,250,39,1962,22,1186,11
2514,16,250,39,1962,22,1194,11
2514,16,250,39,1962,22,1259,11
2514,16,250,39,1962,22,1260,11
2514,16,250,39,1962,22,1312,11
2514,16,250,39,1962,22,1388,11
2514,16,250,39,1962,22,1391,11
2514,16,250,39,1962,22,1422,11
2514,16,250,39,1962,22,1556,11
2514,16,250,39,1962,22,1568,11
2514,16,250,39,1962,22,1599,11
2514,16,250,39,1962,22,1747,11
2514,16,250,39,1962,22,1773,11
2514,16,250,39,1962,22,1799,11
2514,16,250,39,1962,22,1818,11
2514,16,250,39,1962,22,1873,11
2514,16,250,39,1962,22,1940,11
2514,16,250,39,1962,22,1956,11
2514,16,250,39,1962,22,1997,11
2514,16,250,39,1962,22,2068,11
2514,16,250,39,1962,22,2079,11
2514,16,250,39,1962,22,2123,11
2514,16,250,39,1962,22,2196,11
2514,16,250,39,1962,22,2206,11
2514,16,250,39,1962,22,2216,11
2514,16,250,39,1962,22,2244,11
2514,16,250,39,1962,22,2259,11
2514,16,250,39,1962,22,2261,11
2514,16,250,39,1962,22,2289,11
2514,16,250,39,1962,22,2359,11
2514,16,250,39,1962,22,2370,11
2514,16,250,39,1962,22,2405,11
2514,16,250,39,1965,24,45,11
2514,16,250,39,1965,24,159,11
2514,16,250,39,1965,24,272,11
2514,16,250,39,1965,24,338,11
2514,16,250,39,1965,24,390,11
2514,16,250,39,1965,24,457,11
2514,16,250,39,1965,24,463,11
2514,16,250,39,1965,24,620,11
2514,16,250,39,1965,24,700,11
2514,16,250,39,1965,24,742,11
2514,16,250,39,1965,24,758,11
2514,16,250,39,1965,24,879,11
2514,16,250,39,1965,24,927,11
2514,16,250,39,1965,24,979,11
2514,16,250,39,1965,24,1003,11
2514,16,250,39,1965,24,1044,11
2514,16,250,39,1965,24,1068,11
2514,16,250,39,1965,24,1153,11
2514,16,250,39,1965,24,1186,11
2514,16,250,39,1965,24,1194,11
2514,16,250,39,1965,24,1259,11
2514,16,250,39,1965,24,1260,11
2514,16,250,39,1965,24,1312,11
2514,16,250,39,1965,24,1388,11
2514,16,250,39,1965,24,1391,11
2514,16,250,39,1965,24,1422,11
2514,16,250,39,1965,24,1556,11
2514,16,250,39,1965,24,1568,11
2514,16,250,39,1965,24,1599,11
2514,16,250,39,1965,24,1747,11
2514,16,250,39,1965,24,1773,11
2514,16,250,39,1965,24,1799,11
2514,16,250,39,1965,24,1818,11
2514,16,250,39,1965,24,1873,11
2514,16,250,39,1965,24,1940,11
2514,16,250,39,1965,24,1956,11
2514,16,250,39,1965,24,1997,11
2514,16,250,39,1965,24,2068,11
2514,16,250,39,1965,24,2079,11
2514,16,250,39,1965,24,2123,11
2514,16,250,39,1965,24,2196,11
2514,16,250,39,1965,24,2206,11
2514,16,250,39,1965,24,2216,11
2514,16,250,39,1965,24,2244,11
2514,16,250,39,1965,24,2259,11
2514,16,250,39,1965,24,2261,11
2514,16,250,39,1965,24,2289,11
2514,16,250,39,1965,24,2359,11
2514,16,250,39,1965,24,2370,11
2514,16,250,39,1965,24,2405,11
