2514,16,1475,16,10,20,45,11
2514,16,1475,16,10,20,159,11
2514,16,1475,16,10,20,272,11
2514,16,1475,16,10,20,338,11
2514,16,1475,16,10,20,390,11
2514,16,1475,16,10,20,457,11
2514,16,1475,16,10,20,463,11
2514,16,1475,16,10,20,620,11
2514,16,1475,16,10,20,700,11
2514,16,1475,16,10,20,742,11
2514,16,1475,16,10,20,758,11
2514,16,1475,16,10,20,879,11
2514,16,1475,16,10,20,927,11
2514,16,1475,16,10,20,979,11
2514,16,1475,16,10,20,1003,11
2514,16,1475,16,10,20,1044,11
2514,16,1475,16,10,20,1068,11
2514,16,1475,16,10,20,1153,11
2514,16,1475,16,10,20,1186,11
2514,16,1475,16,10,20,1194,11
2514,16,1475,16,10,20,1259,11
2514,16,1475,16,10,20,1260,11
2514,16,1475,16,10,20,1312,11
2514,16,1475,16,10,20,1388,11
2514,16,1475,16,10,20,1391,11
2514,16,1475,16,10,20,1422,11
2514,16,1475,16,10,20,1556,11
2514,16,1475,16,10,20,1568,11
2514,16,1475,16,10,20,1599,11
2514,16,1475,16,10,20,1747,11
2514,16,1475,16,10,20,1773,11
2514,16,1475,16,10,20,1799,11
2514,16,1475,16,10,20,1818,11
2514,16,1475,16,10,20,1873,11
2514,16,1475,16,10,20,1940,11
2514,16,1475,16,10,20,1956,11
2514,16,1475,16,10,20,1997,11
2514,16,1475,16,10,20,2068,11
2514,16,1475,16,10,20,2079,11
2514,16,1475,16,10,20,2123,11
2514,16,1475,16,10,20,2196,11
2514,16,1475,16,10,20,2206,11
2514,16,1475,16,10,20,2216,11
2514,16,1475,16,10,20,2244,11
2514,16,1475,16,10,20,2259,11
2514,16,1475,16,10,20,2261,11
2514,16,1475,16,10,20,2289,11
2514,16,1475,16,10,20,2359,11
2514,16,1475,16,10,20,2370,11
2514,16,1475,16,10,20,2405,11
2514,16,1475,16,41,17,45,11
2514,16,1475,16,41,17,159,11
2514,16,1475,16,41,17,272,11
2514,16,1475,16,41,17,338,11
2514,16,1475,16,41,17,390,11
2514,16,1475,16,41,17,457,11
2514,16,1475,16,41,17,463,11
2514,16,1475,16,41,17,620,11
2514,16,1475,16,41,17,700,11
2514,16,1475,16,41,17,742,11
2514,16,1475,16,41,17,758,11
2514,16,1475,16,41,17,879,11
2514,16,1475,16,41,17,927,11
2514,16,1475,16,41,17,979,11
2514,16,1475,16,41,17,1003,11
2514,16,1475,16,41,17,1044,11
2514,16,1475,16,41,17,1068,11
2514,16,1475,16,41,17,1153,11
2514,16,1475,16,41,17,1186,11
2514,16,1475,16,41,17,1194,11
2514,16,1475,16,41,17,1259,11
2514,16,1475,16,41,17,1260,11
2514,16,1475,16,41,17,1312,11
2514,16,1475,16,41,17,1388,11
2514,16,1475,16,41,17,1391,11
2514,16,1475,16,41,17,1422,11
2514,16,1475,16,41,17,1556,11
2514,16,1475,16,41,17,1568,11
2514,16,1475,16,41,17,1599,11
2514,16,1475,16,41,17,1747,11
2514,16,1475,16,41,17,1773,11
2514,16,1475,16,41,17,1799,11
2514,16,1475,16,41,17,1818,11
2514,16,1475,16,41,17,1873,11
2514,16,1475,16,41,17,1940,11
2514,16,1475,16,41,17,1956,11
2514,16,1475,16,41,17,1997,11
2514,16,1475,16,41,17,2068,11
2514,16,1475,16,41,17,2079,11
2514,16,1475,16,41,17,2123,11
2514,16,1475,16,41,17,2196,11
2514,16,1475,16,41,17,2206,11
2514,16,1475,16,41,17,2216,11
2514,16,1475,16,41,17,2244,11
2514,16,1475,16,41,17,2259,11
2514,16,1475,16,41,17,2261,11
2514,16,1475,16,41,17,2289,11
2514,16,1475,16,41,17,2359,11
2514,16,1475,16,41,17,2370,11
2514,16,1475,16,41,17,2405,11
2514,16,1475,16,385,21,45,11
2514,16,1475,16,385,21,159,11
2514,16,1475,16,385,21,272,11
2514,16,1475,16,385,21,338,11
2514,16,1475,16,385,21,390,11
2514,16,1475,16,385,21,457,11
2514,16,1475,16,385,21,463,11
2514,16,1475,16,385,21,620,11
2514,16,1475,16,385,21,700,11
2514,16,1475,16,385,21,742,11
2514,16,1475,16,385,21,758,11
2514,16,1475,16,385,21,879,11
2514,16,1475,16,385,21,927,11
2514,16,1475,16,385,21,979,11
2514,16,1475,16,385,21,1003,11
2514,16,1475,16,385,21,1044,11
2514,16,1475,16,385,21,1068,11
2514,16,1475,16,385,21,1153,11
2514,16,1475,16,385,21,1186,11
2514,16,1475,16,385,21,1194,11
2514,16,1475,16,385,21,1259,11
2514,16,1475,16,385,21,1260,11
2514,16,1475,16,385,21,1312,11
2514,16,1475,16,385,21,1388,11
2514,16,1475,16,385,21,1391,11
2514,16,1475,16,385,21,1422,11
2514,16,1475,16,385,21,1556,11
2514,16,1475,16,385,21,1568,11
2514,16,1475,16,385,21,1599,11
2514,16,1475,16,385,21,1747,11
2514,16,1475,16,385,21,1773,11
2514,16,1475,16,385,21,1799,11
2514,16,1475,16,385,21,1818,11
2514,16,1475,16,385,21,1873,11
2514,16,1475,16,385,21,1940,11
2514,16,1475,16,385,21,1956,11
2514,16,1475,16,385,21,1997,11
2514,16,1475,16,385,21,2068,11
2514,16,1475,16,385,21,2079,11
2514,16,1475,16,385,21,2123,11
2514,16,1475,16,385,21,2196,11
2514,16,1475,16,385,21,2206,11
2514,16,1475,16,385,21,2216,11
2514,16,1475,16,385,21,2244,11
2514,16,1475,16,385,21,2259,11
2514,16,1475,16,385,21,2261,11
2514,16,1475,16,385,21,2289,11
2514,16,1475,16,385,21,2359,11
2514,16,1475,16,385,21,2370,11
2514,16,1475,16,385,21,2405,11
2514,16,1475,16,447,22,45,11
2514,16,1475,16,447,22,159,11
2514,16,1475,16,447,22,272,11
2514,16,1475,16,447,22,338,11
2514,16,1475,16,447,22,390,11
2514,16,1475,16,447,22,457,11
2514,16,1475,16,447,22,463,11
2514,16,1475,16,447,22,620,11
2514,16,1475,16,447,22,700,11
2514,16,1475,16,447,22,742,11
2514,16,1475,16,447,22,758,11
2514,16,1475,16,447,22,879,11
2514,16,1475,16,447,22,927,11
2514,16,1475,16,447,22,979,11
2514,16,1475,16,447,22,1003,11
2514,16,1475,16,447,22,1044,11
2514,16,1475,16,447,22,1068,11
2514,16,1475,16,447,22,1153,11
2514,16,1475,16,447,22,1186,11
2514,16,1475,16,447,22,1194,11
2514,16,1475,16,447,22,1259,11
2514,16,1475,16,447,22,1260,11
2514,16,1475,16,447,22,1312,11
2514,16,1475,16,447,22,1388,11
2514,16,1475,16,447,22,1391,11
2514,16,1475,16,447,22,1422,11
2514,16,1475,16,447,22,1556,11
2514,16,1475,16,447,22,1568,11
2514,16,1475,16,447,22,1599,11
2514,16,1475,16,447,22,1747,11
2514,16,1475,16,447,22,1773,11
2514,16,1475,16,447,22,1799,11
2514,16,1475,16,447,22,1818,11
2514,16,1475,16,447,22,1873,11
2514,16,1475,16,447,22,1940,11
2514,16,1475,16,447,22,1956,11
2514,16,1475,16,447,22,1997,11
2514,16,1475,16,447,22,2068,11
2514,16,1475,16,447,22,2079,11
2514,16,1475,16,447,22,2123,11
2514,16,1475,16,447,22,2196,11
2514,16,1475,16,447,22,2206,11
2514,16,1475,16,447,22,2216,11
2514,16,1475,16,447,22,2244,11
2514,16,1475,16,447,22,2259,11
2514,16,1475,16,447,22,2261,11
2514,16,1475,16,447,22,2289,11
2514,16,1475,16,447,22,2359,11
2514,16,1475,16,447,22,2370,11
2514,16,1475,16,447,22,2405,11
2514,16,1475,16,708,9,45,11
2514,16,1475,16,708,9,159,11
2514,16,1475,16,708,9,272,11
2514,16,1475,16,708,9,338,11
2514,16,1475,16,708,9,390,11
2514,16,1475,16,708,9,457,11
2514,16,1475,16,708,9,463,11
2514,16,1475,16,708,9,620,11
2514,16,1475,16,708,9,700,11
2514,16,1475,16,708,9,742,11
2514,16,1475,16,708,9,758,11
2514,16,1475,16,708,9,879,11
2514,16,1475,16,708,9,927,11
2514,16,1475,16,708,9,979,11
2514,16,1475,16,708,9,1003,11
2514,16,1475,16,708,9,1044,11
2514,16,1475,16,708,9,1068,11
2514,16,1475,16,708,9,1153,11
2514,16,1475,16,708,9,1186,11
2514,16,1475,16,708,9,1194,11
2514,16,1475,16,708,9,1259,11
2514,16,1475,16,708,9,1260,11
2514,16,1475,16,708,9,1312,11
2514,16,1475,16,708,9,1388,11
2514,16,1475,16,708,9,1391,11
2514,16,1475,16,708,9,1422,11
2514,16,1475,16,708,9,1556,11
2514,16,1475,16,708,9,1568,11
2514,16,1475,16,708,9,1599,11
2514,16,1475,16,708,9,1747,11
2514,16,1475,16,708,9,1773,11
2514,16,1475,16,708,9,1799,11
2514,16,1475,16,708,9,1818,11
2514,16,1475,16,708,9,1873,11
2514,16,1475,16,708,9,1940,11
2514,16,1475,16,708,9,1956,11
2514,16,1475,16,708,9,1997,11
2514,16,1475,16,708,9,2068,11
2514,16,1475,16,708,9,2079,11
2514,16,1475,16,708,9,2123,11
2514,16,1475,16,708,9,2196,11
2514,16,1475,16,708,9,2206,11
2514,16,1475,16,708,9,2216,11
2514,16,1475,16,708,9,2244,11
2514,16,1475,16,708,9,2259,11
2514,16,1475,16,708,9,2261,11
2514,16,1475,16,708,9,2289,11
2514,16,1475,16,708,9,2359,11
2514,16,1475,16,708,9,2370,11
2514,16,1475,16,708,9,2405,11
2514,16,1475,16,883,27,45,11
2514,16,1475,16,883,27,159,11
2514,16,1475,16,883,27,272,11
2514,16,1475,16,883,27,338,11
2514,16,1475,16,883,27,390,11
2514,16,1475,16,883,27,457,11
2514,16,1475,16,883,27,463,11
2514,16,1475,16,883,27,620,11
2514,16,1475,16,883,27,700,11
2514,16,1475,16,883,27,742,11
2514,16,1475,16,883,27,758,11
2514,16,1475,16,883,27,879,11
2514,16,1475,16,883,27,927,11
2514,16,1475,16,883,27,979,11
2514,16,1475,16,883,27,1003,11
2514,16,1475,16,883,27,1044,11
2514,16,1475,16,883,27,1068,11
2514,16,1475,16,883,27,1153,11
2514,16,1475,16,883,27,1186,11
2514,16,1475,16,883,27,1194,11
2514,16,1475,16,883,27,1259,11
2514,16,1475,16,883,27,1260,11
2514,16,1475,16,883,27,1312,11
2514,16,1475,16,883,27,1388,11
2514,16,1475,16,883,27,1391,11
2514,16,1475,16,883,27,1422,11
2514,16,1475,16,883,27,1556,11
2514,16,1475,16,883,27,1568,11
2514,16,1475,16,883,27,1599,11
2514,16,1475,16,883,27,1747,11
2514,16,1475,16,883,27,1773,11
2514,16,1475,16,883,27,1799,11
2514,16,1475,16,883,27,1818,11
2514,16,1475,16,883,27,1873,11
2514,16,1475,16,883,27,1940,11
2514,16,1475,16,883,27,1956,11
2514,16,1475,16,883,27,1997,11
2514,16,1475,16,883,27,2068,11
2514,16,1475,16,883,27,2079,11
2514,16,1475,16,883,27,2123,11
2514,16,1475,16,883,27,2196,11
2514,16,1475,16,883,27,2206,11
2514,16,1475,16,883,27,2216,11
2514,16,1475,16,883,27,2244,11
2514,16,1475,16,883,27,2259,11
2514,16,1475,16,883,27,2261,11
2514,16,1475,16,883,27,2289,11
2514,16,1475,16,883,27,2359,11
2514,16,1475,16,883,27,2370,11
2514,16,1475,16,883,27,2405,11
2514,16,1475,16,960,23,45,11
2514,16,1475,16,960,23,159,11
2514,16,1475,16,960,23,272,11
2514,16,1475,16,960,23,338,11
2514,16,1475,16,960,23,390,11
2514,16,1475,16,960,23,457,11
2514,16,1475,16,960,23,463,11
2514,16,1475,16,960,23,620,11
2514,16,1475,16,960,23,700,11
2514,16,1475,16,960,23,742,11
2514,16,1475,16,960,23,758,11
2514,16,1475,16,960,23,879,11
2514,16,1475,16,960,23,927,11
2514,16,1475,16,960,23,979,11
2514,16,1475,16,960,23,1003,11
2514,16,1475,16,960,23,1044,11
2514,16,1475,16,960,23,1068,11
2514,16,1475,16,960,23,1153,11
2514,16,1475,16,960,23,1186,11
2514,16,1475,16,960,23,1194,11
2514,16,1475,16,960,23,1259,11
2514,16,1475,16,960,23,1260,11
2514,16,1475,16,960,23,1312,11
2514,16,1475,16,960,23,1388,11
2514,16,1475,16,960,23,1391,11
2514,16,1475,16,960,23,1422,11
2514,16,1475,16,960,23,1556,11
2514,16,1475,16,960,23,1568,11
2514,16,1475,16,960,23,1599,11
2514,16,1475,16,960,23,1747,11
2514,16,1475,16,960,23,1773,11
2514,16,1475,16,960,23,1799,11
2514,16,1475,16,960,23,1818,11
2514,16,1475,16,960,23,1873,11
2514,16,1475,16,960,23,1940,11
2514,16,1475,16,960,23,1956,11
2514,16,1475,16,960,23,1997,11
2514,16,1475,16,960,23,2068,11
2514,16,1475,16,960,23,2079,11
2514,16,1475,16,960,23,2123,11
2514,16,1475,16,960,23,2196,11
2514,16,1475,16,960,23,2206,11
2514,16,1475,16,960,23,2216,11
2514,16,1475,16,960,23,2244,11
2514,16,1475,16,960,23,2259,11
2514,16,1475,16,960,23,2261,11
2514,16,1475,16,960,23,2289,11
2514,16,1475,16,960,23,2359,11
2514,16,1475,16,960,23,2370,11
2514,16,1475,16,960,23,2405,11
2514,16,1475,16,1103,29,45,11
2514,16,1475,16,1103,29,159,11
2514,16,1475,16,1103,29,272,11
2514,16,1475,16,1103,29,338,11
2514,16,1475,16,1103,29,390,11
2514,16,1475,16,1103,29,457,11
2514,16,1475,16,1103,29,463,11
2514,16,1475,16,1103,29,620,11
2514,16,1475,16,1103,29,700,11
2514,16,1475,16,1103,29,742,11
2514,16,1475,16,1103,29,758,11
2514,16,1475,16,1103,29,879,11
2514,16,1475,16,1103,29,927,11
2514,16,1475,16,1103,29,979,11
2514,16,1475,16,1103,29,1003,11
2514,16,1475,16,1103,29,1044,11
2514,16,1475,16,1103,29,1068,11
2514,16,1475,16,1103,29,1153,11
2514,16,1475,16,1103,29,1186,11
2514,16,1475,16,1103,29,1194,11
2514,16,1475,16,1103,29,1259,11
2514,16,1475,16,1103,29,1260,11
2514,16,1475,16,1103,29,1312,11
2514,16,1475,16,1103,29,1388,11
2514,16,1475,16,1103,29,1391,11
2514,16,1475,16,1103,29,1422,11
2514,16,1475,16,1103,29,1556,11
2514,16,1475,16,1103,29,1568,11
2514,16,1475,16,1103,29,1599,11
2514,16,1475,16,1103,29,1747,11
2514,16,1475,16,1103,29,1773,11
2514,16,1475,16,1103,29,1799,11
2514,16,1475,16,1103,29,1818,11
2514,16,1475,16,1103,29,1873,11
2514,16,1475,16,1103,29,1940,11
2514,16,1475,16,1103,29,1956,11
2514,16,1475,16,1103,29,1997,11
2514,16,1475,16,1103,29,2068,11
2514,16,1475,16,1103,29,2079,11
2514,16,1475,16,1103,29,2123,11
2514,16,1475,16,1103,29,2196,11
2514,16,1475,16,1103,29,2206,11
2514,16,1475,16,1103,29,2216,11
2514,16,1475,16,1103,29,2244,11
2514,16,1475,16,1103,29,2259,11
2514,16,1475,16,1103,29,2261,11
2514,16,1475,16,1103,29,2289,11
2514,16,1475,16,1103,29,2359,11
2514,16,1475,16,1103,29,2370,11
2514,16,1475,16,1103,29,2405,11
2514,16,1475,16,1284,28,45,11
2514,16,1475,16,1284,28,159,11
2514,16,1475,16,1284,28,272,11
2514,16,1475,16,1284,28,338,11
2514,16,1475,16,1284,28,390,11
2514,16,1475,16,1284,28,457,11
2514,16,1475,16,1284,28,463,11
2514,16,1475,16,1284,28,620,11
2514,16,1475,16,1284,28,700,11
2514,16,1475,16,1284,28,742,11
2514,16,1475,16,1284,28,758,11
2514,16,1475,16,1284,28,879,11
2514,16,1475,16,1284,28,927,11
2514,16,1475,16,1284,28,979,11
2514,16,1475,16,1284,28,1003,11
2514,16,1475,16,1284,28,1044,11
2514,16,1475,16,1284,28,1068,11
2514,16,1475,16,1284,28,1153,11
2514,16,1475,16,1284,28,1186,11
2514,16,1475,16,1284,28,1194,11
2514,16,1475,16,1284,28,1259,11
2514,16,1475,16,1284,28,1260,11
2514,16,1475,16,1284,28,1312,11
2514,16,1475,16,1284,28,1388,11
2514,16,1475,16,1284,28,1391,11
2514,16,1475,16,1284,28,1422,11
2514,16,1475,16,1284,28,1556,11
2514,16,1475,16,1284,28,1568,11
2514,16,1475,16,1284,28,1599,11
2514,16,1475,16,1284,28,1747,11
2514,16,1475,16,1284,28,1773,11
2514,16,1475,16,1284,28,1799,11
2514,16,1475,16,1284,28,1818,11
2514,16,1475,16,1284,28,1873,11
2514,16,1475,16,1284,28,1940,11
2514,16,1475,16,1284,28,1956,11
2514,16,1475,16,1284,28,1997,11
2514,16,1475,16,1284,28,2068,11
2514,16,1475,16,1284,28,2079,11
2514,16,1475,16,1284,28,2123,11
2514,16,1475,16,1284,28,2196,11
2514,16,1475,16,1284,28,2206,11
2514,16,1475,16,1284,28,2216,11
2514,16,1475,16,1284,28,2244,11
2514,16,1475,16,1284,28,2259,11
2514,16,1475,16,1284,28,2261,11
2514,16,1475,16,1284,28,2289,11
2514,16,1475,16,1284,28,2359,11
2514,16,1475,16,1284,28,2370,11
2514,16,1475,16,1284,28,2405,11
2514,16,1475,16,1347,36,45,11
2514,16,1475,16,1347,36,159,11
2514,16,1475,16,1347,36,272,11
2514,16,1475,16,1347,36,338,11
2514,16,1475,16,1347,36,390,11
2514,16,1475,16,1347,36,457,11
2514,16,1475,16,1347,36,463,11
2514,16,1475,16,1347,36,620,11
2514,16,1475,16,1347,36,700,11
2514,16,1475,16,1347,36,742,11
2514,16,1475,16,1347,36,758,11
2514,16,1475,16,1347,36,879,11
2514,16,1475,16,1347,36,927,11
2514,16,1475,16,1347,36,979,11
2514,16,1475,16,1347,36,1003,11
2514,16,1475,16,1347,36,1044,11
2514,16,1475,16,1347,36,1068,11
2514,16,1475,16,1347,36,1153,11
2514,16,1475,16,1347,36,1186,11
2514,16,1475,16,1347,36,1194,11
2514,16,1475,16,1347,36,1259,11
2514,16,1475,16,1347,36,1260,11
2514,16,1475,16,1347,36,1312,11
2514,16,1475,16,1347,36,1388,11
2514,16,1475,16,1347,36,1391,11
2514,16,1475,16,1347,36,1422,11
2514,16,1475,16,1347,36,1556,11
2514,16,1475,16,1347,36,1568,11
2514,16,1475,16,1347,36,1599,11
2514,16,1475,16,1347,36,1747,11
2514,16,1475,16,1347,36,1773,11
2514,16,1475,16,1347,36,1799,11
2514,16,1475,16,1347,36,1818,11
2514,16,1475,16,1347,36,1873,11
2514,16,1475,16,1347,36,1940,11
2514,16,1475,16,1347,36,1956,11
2514,16,1475,16,1347,36,1997,11
2514,16,1475,16,1347,36,2068,11
2514,16,1475,16,1347,36,2079,11
2514,16,1475,16,1347,36,2123,11
2514,16,1475,16,1347,36,2196,11
2514,16,1475,16,1347,36,2206,11
2514,16,1475,16,1347,36,2216,11
2514,16,1475,16,1347,36,2244,11
2514,16,1475,16,1347,36,2259,11
2514,16,1475,16,1347,36,2261,11
2514,16,1475,16,1347,36,2289,11
2514,16,1475,16,1347,36,2359,11
2514,16,1475,16,1347,36,2370,11
2514,16,1475,16,1347,36,2405,11
2514,16,1475,16,1348,26,457,11
2514,16,1475,16,1348,26,700,11
2514,16,1475,16,1348,26,927,11
2514,16,1475,16,1348,26,1003,11
2514,16,1475,16,1348,26,1153,11
2514,16,1475,16,1348,26,1194,11
2514,16,1475,16,1348,26,1568,11
2514,16,1475,16,1348,26,1599,11
2514,16,1475,16,1348,26,1818,11
2514,16,1475,16,1348,26,1940,11
2514,16,1475,16,1450,34,45,11
2514,16,1475,16,1450,34,159,11
2514,16,1475,16,1450,34,272,11
2514,16,1475,16,1450,34,338,11
2514,16,1475,16,1450,34,390,11
2514,16,1475,16,1450,34,457,11
2514,16,1475,16,1450,34,463,11
2514,16,1475,16,1450,34,620,11
2514,16,1475,16,1450,34,700,11
2514,16,1475,16,1450,34,742,11
2514,16,1475,16,1450,34,758,11
2514,16,1475,16,1450,34,879,11
2514,16,1475,16,1450,34,927,11
2514,16,1475,16,1450,34,979,11
2514,16,1475,16,1450,34,1003,11
2514,16,1475,16,1450,34,1044,11
2514,16,1475,16,1450,34,1068,11
2514,16,1475,16,1450,34,1153,11
2514,16,1475,16,1450,34,1186,11
2514,16,1475,16,1450,34,1194,11
2514,16,1475,16,1450,34,1259,11
2514,16,1475,16,1450,34,1260,11
2514,16,1475,16,1450,34,1312,11
2514,16,1475,16,1450,34,1388,11
2514,16,1475,16,1450,34,1391,11
2514,16,1475,16,1450,34,1422,11
2514,16,1475,16,1450,34,1556,11
2514,16,1475,16,1450,34,1568,11
2514,16,1475,16,1450,34,1599,11
2514,16,1475,16,1450,34,1747,11
2514,16,1475,16,1450,34,1773,11
2514,16,1475,16,1450,34,1799,11
2514,16,1475,16,1450,34,1818,11
2514,16,1475,16,1450,34,1873,11
2514,16,1475,16,1450,34,1940,11
2514,16,1475,16,1450,34,1956,11
2514,16,1475,16,1450,34,1997,11
2514,16,1475,16,1450,34,2068,11
2514,16,1475,16,1450,34,2079,11
2514,16,1475,16,1450,34,2123,11
2514,16,1475,16,1450,34,2196,11
2514,16,1475,16,1450,34,2206,11
2514,16,1475,16,1450,34,2216,11
2514,16,1475,16,1450,34,2244,11
2514,16,1475,16,1450,34,2259,11
2514,16,1475,16,1450,34,2261,11
2514,16,1475,16,1450,34,2289,11
2514,16,1475,16,1450,34,2359,11
2514,16,1475,16,1450,34,2370,11
2514,16,1475,16,1450,34,2405,11
2514,16,1475,16,1526,31,45,11
2514,16,1475,16,1526,31,159,11
2514,16,1475,16,1526,31,272,11
2514,16,1475,16,1526,31,338,11
2514,16,1475,16,1526,31,390,11
2514,16,1475,16,1526,31,457,11
2514,16,1475,16,1526,31,463,11
2514,16,1475,16,1526,31,620,11
2514,16,1475,16,1526,31,700,11
2514,16,1475,16,1526,31,742,11
2514,16,1475,16,1526,31,758,11
2514,16,1475,16,1526,31,879,11
2514,16,1475,16,1526,31,927,11
2514,16,1475,16,1526,31,979,11
2514,16,1475,16,1526,31,1003,11
2514,16,1475,16,1526,31,1044,11
2514,16,1475,16,1526,31,1068,11
2514,16,1475,16,1526,31,1153,11
2514,16,1475,16,1526,31,1186,11
2514,16,1475,16,1526,31,1194,11
2514,16,1475,16,1526,31,1259,11
2514,16,1475,16,1526,31,1260,11
2514,16,1475,16,1526,31,1312,11
2514,16,1475,16,1526,31,1388,11
2514,16,1475,16,1526,31,1391,11
2514,16,1475,16,1526,31,1422,11
2514,16,1475,16,1526,31,1556,11
2514,16,1475,16,1526,31,1568,11
2514,16,1475,16,1526,31,1599,11
2514,16,1475,16,1526,31,1747,11
2514,16,1475,16,1526,31,1773,11
2514,16,1475,16,1526,31,1799,11
2514,16,1475,16,1526,31,1818,11
2514,16,1475,16,1526,31,1873,11
2514,16,1475,16,1526,31,1940,11
2514,16,1475,16,1526,31,1956,11
2514,16,1475,16,1526,31,1997,11
2514,16,1475,16,1526,31,2068,11
2514,16,1475,16,1526,31,2079,11
2514,16,1475,16,1526,31,2123,11
2514,16,1475,16,1526,31,2196,11
2514,16,1475,16,1526,31,2206,11
2514,16,1475,16,1526,31,2216,11
2514,16,1475,16,1526,31,2244,11
2514,16,1475,16,1526,31,2259,11
2514,16,1475,16,1526,31,2261,11
2514,16,1475,16,1526,31,2289,11
2514,16,1475,16,1526,31,2359,11
2514,16,1475,16,1526,31,2370,11
2514,16,1475,16,1526,31,2405,11
2514,16,1475,16,1861,38,45,11
2514,16,1475,16,1861,38,272,11
2514,16,1475,16,1861,38,338,11
2514,16,1475,16,1861,38,390,11
2514,16,1475,16,1861,38,620,11
2514,16,1475,16,1861,38,742,11
2514,16,1475,16,1861,38,758,11
2514,16,1475,16,1861,38,979,11
2514,16,1475,16,1861,38,1044,11
2514,16,1475,16,1861,38,1068,11
2514,16,1475,16,1861,38,1186,11
2514,16,1475,16,1861,38,1259,11
2514,16,1475,16,1861,38,1260,11
2514,16,1475,16,1861,38,1312,11
2514,16,1475,16,1861,38,1391,11
2514,16,1475,16,1861,38,1422,11
2514,16,1475,16,1861,38,1747,11
2514,16,1475,16,1861,38,1773,11
2514,16,1475,16,1861,38,1799,11
2514,16,1475,16,1861,38,1956,11
2514,16,1475,16,1861,38,1997,11
2514,16,1475,16,1861,38,2068,11
2514,16,1475,16,1861,38,2079,11
2514,16,1475,16,1861,38,2206,11
2514,16,1475,16,1861,38,2244,11
2514,16,1475,16,1861,38,2259,11
2514,16,1475,16,1861,38,2261,11
2514,16,1475,16,1861,38,2289,11
2514,16,1475,16,1861,38,2359,11
2514,16,1475,16,1861,38,2405,11
