2514,16,1834,18,124,20,45,11
2514,16,1834,18,124,20,159,11
2514,16,1834,18,124,20,272,11
2514,16,1834,18,124,20,338,11
2514,16,1834,18,124,20,390,11
2514,16,1834,18,124,20,457,11
2514,16,1834,18,124,20,463,11
2514,16,1834,18,124,20,620,11
2514,16,1834,18,124,20,700,11
2514,16,1834,18,124,20,742,11
2514,16,1834,18,124,20,758,11
2514,16,1834,18,124,20,879,11
2514,16,1834,18,124,20,927,11
2514,16,1834,18,124,20,979,11
2514,16,1834,18,124,20,1003,11
2514,16,1834,18,124,20,1044,11
2514,16,1834,18,124,20,1068,11
2514,16,1834,18,124,20,1153,11
2514,16,1834,18,124,20,1186,11
2514,16,1834,18,124,20,1194,11
2514,16,1834,18,124,20,1259,11
2514,16,1834,18,124,20,1260,11
2514,16,1834,18,124,20,1312,11
2514,16,1834,18,124,20,1388,11
2514,16,1834,18,124,20,1391,11
2514,16,1834,18,124,20,1422,11
2514,16,1834,18,124,20,1556,11
2514,16,1834,18,124,20,1568,11
2514,16,1834,18,124,20,1599,11
2514,16,1834,18,124,20,1747,11
2514,16,1834,18,124,20,1773,11
2514,16,1834,18,124,20,1799,11
2514,16,1834,18,124,20,1818,11
2514,16,1834,18,124,20,1873,11
2514,16,1834,18,124,20,1940,11
2514,16,1834,18,124,20,1956,11
2514,16,1834,18,124,20,1997,11
2514,16,1834,18,124,20,2068,11
2514,16,1834,18,124,20,2079,11
2514,16,1834,18,124,20,2123,11
2514,16,1834,18,124,20,2196,11
2514,16,1834,18,124,20,2206,11
2514,16,1834,18,124,20,2216,11
2514,16,1834,18,124,20,2244,11
2514,16,1834,18,124,20,2259,11
2514,16,1834,18,124,20,2261,11
2514,16,1834,18,124,20,2289,11
2514,16,1834,18,124,20,2359,11
2514,16,1834,18,124,20,2370,11
2514,16,1834,18,124,20,2405,11
2514,16,1834,18,241,27,45,11
2514,16,1834,18,241,27,159,11
2514,16,1834,18,241,27,272,11
2514,16,1834,18,241,27,338,11
2514,16,1834,18,241,27,390,11
2514,16,1834,18,241,27,457,11
2514,16,1834,18,241,27,463,11
2514,16,1834,18,241,27,620,11
2514,16,1834,18,241,27,700,11
2514,16,1834,18,241,27,742,11
2514,16,1834,18,241,27,758,11
2514,16,1834,18,241,27,879,11
2514,16,1834,18,241,27,927,11
2514,16,1834,18,241,27,979,11
2514,16,1834,18,241,27,1003,11
2514,16,1834,18,241,27,1044,11
2514,16,1834,18,241,27,1068,11
2514,16,1834,18,241,27,1153,11
2514,16,1834,18,241,27,1186,11
2514,16,1834,18,241,27,1194,11
2514,16,1834,18,241,27,1259,11
2514,16,1834,18,241,27,1260,11
2514,16,1834,18,241,27,1312,11
2514,16,1834,18,241,27,1388,11
2514,16,1834,18,241,27,1391,11
2514,16,1834,18,241,27,1422,11
2514,16,1834,18,241,27,1556,11
2514,16,1834,18,241,27,1568,11
2514,16,1834,18,241,27,1599,11
2514,16,1834,18,241,27,1747,11
2514,16,1834,18,241,27,1773,11
2514,16,1834,18,241,27,1799,11
2514,16,1834,18,241,27,1818,11
2514,16,1834,18,241,27,1873,11
2514,16,1834,18,241,27,1940,11
2514,16,1834,18,241,27,1956,11
2514,16,1834,18,241,27,1997,11
2514,16,1834,18,241,27,2068,11
2514,16,1834,18,241,27,2079,11
2514,16,1834,18,241,27,2123,11
2514,16,1834,18,241,27,2196,11
2514,16,1834,18,241,27,2206,11
2514,16,1834,18,241,27,2216,11
2514,16,1834,18,241,27,2244,11
2514,16,1834,18,241,27,2259,11
2514,16,1834,18,241,27,2261,11
2514,16,1834,18,241,27,2289,11
2514,16,1834,18,241,27,2359,11
2514,16,1834,18,241,27,2370,11
2514,16,1834,18,241,27,2405,11
2514,16,1834,18,366,50,45,11
2514,16,1834,18,366,50,159,11
2514,16,1834,18,366,50,272,11
2514,16,1834,18,366,50,338,11
2514,16,1834,18,366,50,390,11
2514,16,1834,18,366,50,457,11
2514,16,1834,18,366,50,463,11
2514,16,1834,18,366,50,620,11
2514,16,1834,18,366,50,700,11
2514,16,1834,18,366,50,742,11
2514,16,1834,18,366,50,758,11
2514,16,1834,18,366,50,879,11
2514,16,1834,18,366,50,927,11
2514,16,1834,18,366,50,979,11
2514,16,1834,18,366,50,1003,11
2514,16,1834,18,366,50,1044,11
2514,16,1834,18,366,50,1068,11
2514,16,1834,18,366,50,1153,11
2514,16,1834,18,366,50,1186,11
2514,16,1834,18,366,50,1194,11
2514,16,1834,18,366,50,1259,11
2514,16,1834,18,366,50,1260,11
2514,16,1834,18,366,50,1312,11
2514,16,1834,18,366,50,1388,11
2514,16,1834,18,366,50,1391,11
2514,16,1834,18,366,50,1422,11
2514,16,1834,18,366,50,1556,11
2514,16,1834,18,366,50,1568,11
2514,16,1834,18,366,50,1599,11
2514,16,1834,18,366,50,1747,11
2514,16,1834,18,366,50,1773,11
2514,16,1834,18,366,50,1799,11
2514,16,1834,18,366,50,1818,11
2514,16,1834,18,366,50,1873,11
2514,16,1834,18,366,50,1940,11
2514,16,1834,18,366,50,1956,11
2514,16,1834,18,366,50,1997,11
2514,16,1834,18,366,50,2068,11
2514,16,1834,18,366,50,2079,11
2514,16,1834,18,366,50,2123,11
2514,16,1834,18,366,50,2196,11
2514,16,1834,18,366,50,2206,11
2514,16,1834,18,366,50,2216,11
2514,16,1834,18,366,50,2244,11
2514,16,1834,18,366,50,2259,11
2514,16,1834,18,366,50,2261,11
2514,16,1834,18,366,50,2289,11
2514,16,1834,18,366,50,2359,11
2514,16,1834,18,366,50,2370,11
2514,16,1834,18,366,50,2405,11
2514,16,1834,18,410,44,45,11
2514,16,1834,18,410,44,159,11
2514,16,1834,18,410,44,272,11
2514,16,1834,18,410,44,338,11
2514,16,1834,18,410,44,390,11
2514,16,1834,18,410,44,457,11
2514,16,1834,18,410,44,463,11
2514,16,1834,18,410,44,620,11
2514,16,1834,18,410,44,700,11
2514,16,1834,18,410,44,742,11
2514,16,1834,18,410,44,758,11
2514,16,1834,18,410,44,879,11
2514,16,1834,18,410,44,927,11
2514,16,1834,18,410,44,979,11
2514,16,1834,18,410,44,1003,11
2514,16,1834,18,410,44,1044,11
2514,16,1834,18,410,44,1068,11
2514,16,1834,18,410,44,1153,11
2514,16,1834,18,410,44,1186,11
2514,16,1834,18,410,44,1194,11
2514,16,1834,18,410,44,1259,11
2514,16,1834,18,410,44,1260,11
2514,16,1834,18,410,44,1312,11
2514,16,1834,18,410,44,1388,11
2514,16,1834,18,410,44,1391,11
2514,16,1834,18,410,44,1422,11
2514,16,1834,18,410,44,1556,11
2514,16,1834,18,410,44,1568,11
2514,16,1834,18,410,44,1599,11
2514,16,1834,18,410,44,1747,11
2514,16,1834,18,410,44,1773,11
2514,16,1834,18,410,44,1799,11
2514,16,1834,18,410,44,1818,11
2514,16,1834,18,410,44,1873,11
2514,16,1834,18,410,44,1940,11
2514,16,1834,18,410,44,1956,11
2514,16,1834,18,410,44,1997,11
2514,16,1834,18,410,44,2068,11
2514,16,1834,18,410,44,2079,11
2514,16,1834,18,410,44,2123,11
2514,16,1834,18,410,44,2196,11
2514,16,1834,18,410,44,2206,11
2514,16,1834,18,410,44,2216,11
2514,16,1834,18,410,44,2244,11
2514,16,1834,18,410,44,2259,11
2514,16,1834,18,410,44,2261,11
2514,16,1834,18,410,44,2289,11
2514,16,1834,18,410,44,2359,11
2514,16,1834,18,410,44,2370,11
2514,16,1834,18,410,44,2405,11
2514,16,1834,18,412,18,159,11
2514,16,1834,18,412,18,457,11
2514,16,1834,18,412,18,463,11
2514,16,1834,18,412,18,700,11
2514,16,1834,18,412,18,879,11
2514,16,1834,18,412,18,927,11
2514,16,1834,18,412,18,1003,11
2514,16,1834,18,412,18,1153,11
2514,16,1834,18,412,18,1194,11
2514,16,1834,18,412,18,1388,11
2514,16,1834,18,412,18,1556,11
2514,16,1834,18,412,18,1568,11
2514,16,1834,18,412,18,1599,11
2514,16,1834,18,412,18,1818,11
2514,16,1834,18,412,18,1873,11
2514,16,1834,18,412,18,1940,11
2514,16,1834,18,412,18,2123,11
2514,16,1834,18,412,18,2196,11
2514,16,1834,18,412,18,2216,11
2514,16,1834,18,412,18,2370,11
2514,16,1834,18,416,9,45,11
2514,16,1834,18,416,9,159,11
2514,16,1834,18,416,9,272,11
2514,16,1834,18,416,9,338,11
2514,16,1834,18,416,9,390,11
2514,16,1834,18,416,9,457,11
2514,16,1834,18,416,9,463,11
2514,16,1834,18,416,9,620,11
2514,16,1834,18,416,9,700,11
2514,16,1834,18,416,9,742,11
2514,16,1834,18,416,9,758,11
2514,16,1834,18,416,9,879,11
2514,16,1834,18,416,9,927,11
2514,16,1834,18,416,9,979,11
2514,16,1834,18,416,9,1003,11
2514,16,1834,18,416,9,1044,11
2514,16,1834,18,416,9,1068,11
2514,16,1834,18,416,9,1153,11
2514,16,1834,18,416,9,1186,11
2514,16,1834,18,416,9,1194,11
2514,16,1834,18,416,9,1259,11
2514,16,1834,18,416,9,1260,11
2514,16,1834,18,416,9,1312,11
2514,16,1834,18,416,9,1388,11
2514,16,1834,18,416,9,1391,11
2514,16,1834,18,416,9,1422,11
2514,16,1834,18,416,9,1556,11
2514,16,1834,18,416,9,1568,11
2514,16,1834,18,416,9,1599,11
2514,16,1834,18,416,9,1747,11
2514,16,1834,18,416,9,1773,11
2514,16,1834,18,416,9,1799,11
2514,16,1834,18,416,9,1818,11
2514,16,1834,18,416,9,1873,11
2514,16,1834,18,416,9,1940,11
2514,16,1834,18,416,9,1956,11
2514,16,1834,18,416,9,1997,11
2514,16,1834,18,416,9,2068,11
2514,16,1834,18,416,9,2079,11
2514,16,1834,18,416,9,2123,11
2514,16,1834,18,416,9,2196,11
2514,16,1834,18,416,9,2206,11
2514,16,1834,18,416,9,2216,11
2514,16,1834,18,416,9,2244,11
2514,16,1834,18,416,9,2259,11
2514,16,1834,18,416,9,2261,11
2514,16,1834,18,416,9,2289,11
2514,16,1834,18,416,9,2359,11
2514,16,1834,18,416,9,2370,11
2514,16,1834,18,416,9,2405,11
2514,16,1834,18,969,29,45,11
2514,16,1834,18,969,29,159,11
2514,16,1834,18,969,29,272,11
2514,16,1834,18,969,29,338,11
2514,16,1834,18,969,29,390,11
2514,16,1834,18,969,29,457,11
2514,16,1834,18,969,29,463,11
2514,16,1834,18,969,29,620,11
2514,16,1834,18,969,29,700,11
2514,16,1834,18,969,29,742,11
2514,16,1834,18,969,29,758,11
2514,16,1834,18,969,29,879,11
2514,16,1834,18,969,29,927,11
2514,16,1834,18,969,29,979,11
2514,16,1834,18,969,29,1003,11
2514,16,1834,18,969,29,1044,11
2514,16,1834,18,969,29,1068,11
2514,16,1834,18,969,29,1153,11
2514,16,1834,18,969,29,1186,11
2514,16,1834,18,969,29,1194,11
2514,16,1834,18,969,29,1259,11
2514,16,1834,18,969,29,1260,11
2514,16,1834,18,969,29,1312,11
2514,16,1834,18,969,29,1388,11
2514,16,1834,18,969,29,1391,11
2514,16,1834,18,969,29,1422,11
2514,16,1834,18,969,29,1556,11
2514,16,1834,18,969,29,1568,11
2514,16,1834,18,969,29,1599,11
2514,16,1834,18,969,29,1747,11
2514,16,1834,18,969,29,1773,11
2514,16,1834,18,969,29,1799,11
2514,16,1834,18,969,29,1818,11
2514,16,1834,18,969,29,1873,11
2514,16,1834,18,969,29,1940,11
2514,16,1834,18,969,29,1956,11
2514,16,1834,18,969,29,1997,11
2514,16,1834,18,969,29,2068,11
2514,16,1834,18,969,29,2079,11
2514,16,1834,18,969,29,2123,11
2514,16,1834,18,969,29,2196,11
2514,16,1834,18,969,29,2206,11
2514,16,1834,18,969,29,2216,11
2514,16,1834,18,969,29,2244,11
2514,16,1834,18,969,29,2259,11
2514,16,1834,18,969,29,2261,11
2514,16,1834,18,969,29,2289,11
2514,16,1834,18,969,29,2359,11
2514,16,1834,18,969,29,2370,11
2514,16,1834,18,969,29,2405,11
2514,16,1834,18,1147,45,45,11
2514,16,1834,18,1147,45,338,11
2514,16,1834,18,1147,45,390,11
2514,16,1834,18,1147,45,620,11
2514,16,1834,18,1147,45,742,11
2514,16,1834,18,1147,45,758,11
2514,16,1834,18,1147,45,979,11
2514,16,1834,18,1147,45,1044,11
2514,16,1834,18,1147,45,1186,11
2514,16,1834,18,1147,45,1259,11
2514,16,1834,18,1147,45,1312,11
2514,16,1834,18,1147,45,1773,11
2514,16,1834,18,1147,45,1799,11
2514,16,1834,18,1147,45,1956,11
2514,16,1834,18,1147,45,1997,11
2514,16,1834,18,1147,45,2206,11
2514,16,1834,18,1147,45,2244,11
2514,16,1834,18,1147,45,2261,11
2514,16,1834,18,1147,45,2289,11
2514,16,1834,18,1147,45,2359,11
2514,16,1834,18,1472,14,45,11
2514,16,1834,18,1472,14,159,11
2514,16,1834,18,1472,14,272,11
2514,16,1834,18,1472,14,338,11
2514,16,1834,18,1472,14,390,11
2514,16,1834,18,1472,14,457,11
2514,16,1834,18,1472,14,463,11
2514,16,1834,18,1472,14,620,11
2514,16,1834,18,1472,14,700,11
2514,16,1834,18,1472,14,742,11
2514,16,1834,18,1472,14,758,11
2514,16,1834,18,1472,14,879,11
2514,16,1834,18,1472,14,927,11
2514,16,1834,18,1472,14,979,11
2514,16,1834,18,1472,14,1003,11
2514,16,1834,18,1472,14,1044,11
2514,16,1834,18,1472,14,1068,11
2514,16,1834,18,1472,14,1153,11
2514,16,1834,18,1472,14,1186,11
2514,16,1834,18,1472,14,1194,11
2514,16,1834,18,1472,14,1259,11
2514,16,1834,18,1472,14,1260,11
2514,16,1834,18,1472,14,1312,11
2514,16,1834,18,1472,14,1388,11
2514,16,1834,18,1472,14,1391,11
2514,16,1834,18,1472,14,1422,11
2514,16,1834,18,1472,14,1556,11
2514,16,1834,18,1472,14,1568,11
2514,16,1834,18,1472,14,1599,11
2514,16,1834,18,1472,14,1747,11
2514,16,1834,18,1472,14,1773,11
2514,16,1834,18,1472,14,1799,11
2514,16,1834,18,1472,14,1818,11
2514,16,1834,18,1472,14,1873,11
2514,16,1834,18,1472,14,1940,11
2514,16,1834,18,1472,14,1956,11
2514,16,1834,18,1472,14,1997,11
2514,16,1834,18,1472,14,2068,11
2514,16,1834,18,1472,14,2079,11
2514,16,1834,18,1472,14,2123,11
2514,16,1834,18,1472,14,2196,11
2514,16,1834,18,1472,14,2206,11
2514,16,1834,18,1472,14,2216,11
2514,16,1834,18,1472,14,2244,11
2514,16,1834,18,1472,14,2259,11
2514,16,1834,18,1472,14,2261,11
2514,16,1834,18,1472,14,2289,11
2514,16,1834,18,1472,14,2359,11
2514,16,1834,18,1472,14,2370,11
2514,16,1834,18,1472,14,2405,11
2514,16,1834,18,1521,35,45,11
2514,16,1834,18,1521,35,159,11
2514,16,1834,18,1521,35,272,11
2514,16,1834,18,1521,35,338,11
2514,16,1834,18,1521,35,390,11
2514,16,1834,18,1521,35,457,11
2514,16,1834,18,1521,35,463,11
2514,16,1834,18,1521,35,620,11
2514,16,1834,18,1521,35,700,11
2514,16,1834,18,1521,35,742,11
2514,16,1834,18,1521,35,758,11
2514,16,1834,18,1521,35,879,11
2514,16,1834,18,1521,35,927,11
2514,16,1834,18,1521,35,979,11
2514,16,1834,18,1521,35,1003,11
2514,16,1834,18,1521,35,1044,11
2514,16,1834,18,1521,35,1068,11
2514,16,1834,18,1521,35,1153,11
2514,16,1834,18,1521,35,1186,11
2514,16,1834,18,1521,35,1194,11
2514,16,1834,18,1521,35,1259,11
2514,16,1834,18,1521,35,1260,11
2514,16,1834,18,1521,35,1312,11
2514,16,1834,18,1521,35,1388,11
2514,16,1834,18,1521,35,1391,11
2514,16,1834,18,1521,35,1422,11
2514,16,1834,18,1521,35,1556,11
2514,16,1834,18,1521,35,1568,11
2514,16,1834,18,1521,35,1599,11
2514,16,1834,18,1521,35,1747,11
2514,16,1834,18,1521,35,1773,11
2514,16,1834,18,1521,35,1799,11
2514,16,1834,18,1521,35,1818,11
2514,16,1834,18,1521,35,1873,11
2514,16,1834,18,1521,35,1940,11
2514,16,1834,18,1521,35,1956,11
2514,16,1834,18,1521,35,1997,11
2514,16,1834,18,1521,35,2068,11
2514,16,1834,18,1521,35,2079,11
2514,16,1834,18,1521,35,2123,11
2514,16,1834,18,1521,35,2196,11
2514,16,1834,18,1521,35,2206,11
2514,16,1834,18,1521,35,2216,11
2514,16,1834,18,1521,35,2244,11
2514,16,1834,18,1521,35,2259,11
2514,16,1834,18,1521,35,2261,11
2514,16,1834,18,1521,35,2289,11
2514,16,1834,18,1521,35,2359,11
2514,16,1834,18,1521,35,2370,11
2514,16,1834,18,1521,35,2405,11
2514,16,1834,18,1669,9,45,11
2514,16,1834,18,1669,9,159,11
2514,16,1834,18,1669,9,272,11
2514,16,1834,18,1669,9,338,11
2514,16,1834,18,1669,9,390,11
2514,16,1834,18,1669,9,457,11
2514,16,1834,18,1669,9,463,11
2514,16,1834,18,1669,9,620,11
2514,16,1834,18,1669,9,700,11
2514,16,1834,18,1669,9,742,11
2514,16,1834,18,1669,9,758,11
2514,16,1834,18,1669,9,879,11
2514,16,1834,18,1669,9,927,11
2514,16,1834,18,1669,9,979,11
2514,16,1834,18,1669,9,1003,11
2514,16,1834,18,1669,9,1044,11
2514,16,1834,18,1669,9,1068,11
2514,16,1834,18,1669,9,1153,11
2514,16,1834,18,1669,9,1186,11
2514,16,1834,18,1669,9,1194,11
2514,16,1834,18,1669,9,1259,11
2514,16,1834,18,1669,9,1260,11
2514,16,1834,18,1669,9,1312,11
2514,16,1834,18,1669,9,1388,11
2514,16,1834,18,1669,9,1391,11
2514,16,1834,18,1669,9,1422,11
2514,16,1834,18,1669,9,1556,11
2514,16,1834,18,1669,9,1568,11
2514,16,1834,18,1669,9,1599,11
2514,16,1834,18,1669,9,1747,11
2514,16,1834,18,1669,9,1773,11
2514,16,1834,18,1669,9,1799,11
2514,16,1834,18,1669,9,1818,11
2514,16,1834,18,1669,9,1873,11
2514,16,1834,18,1669,9,1940,11
2514,16,1834,18,1669,9,1956,11
2514,16,1834,18,1669,9,1997,11
2514,16,1834,18,1669,9,2068,11
2514,16,1834,18,1669,9,2079,11
2514,16,1834,18,1669,9,2123,11
2514,16,1834,18,1669,9,2196,11
2514,16,1834,18,1669,9,2206,11
2514,16,1834,18,1669,9,2216,11
2514,16,1834,18,1669,9,2244,11
2514,16,1834,18,1669,9,2259,11
2514,16,1834,18,1669,9,2261,11
2514,16,1834,18,1669,9,2289,11
2514,16,1834,18,1669,9,2359,11
2514,16,1834,18,1669,9,2370,11
2514,16,1834,18,1669,9,2405,11
2514,16,1834,18,1868,39,45,11
2514,16,1834,18,1868,39,159,11
2514,16,1834,18,1868,39,272,11
2514,16,1834,18,1868,39,338,11
2514,16,1834,18,1868,39,390,11
2514,16,1834,18,1868,39,457,11
2514,16,1834,18,1868,39,463,11
2514,16,1834,18,1868,39,620,11
2514,16,1834,18,1868,39,700,11
2514,16,1834,18,1868,39,742,11
2514,16,1834,18,1868,39,758,11
2514,16,1834,18,1868,39,879,11
2514,16,1834,18,1868,39,927,11
2514,16,1834,18,1868,39,979,11
2514,16,1834,18,1868,39,1003,11
2514,16,1834,18,1868,39,1044,11
2514,16,1834,18,1868,39,1068,11
2514,16,1834,18,1868,39,1153,11
2514,16,1834,18,1868,39,1186,11
2514,16,1834,18,1868,39,1194,11
2514,16,1834,18,1868,39,1259,11
2514,16,1834,18,1868,39,1260,11
2514,16,1834,18,1868,39,1312,11
2514,16,1834,18,1868,39,1388,11
2514,16,1834,18,1868,39,1391,11
2514,16,1834,18,1868,39,1422,11
2514,16,1834,18,1868,39,1556,11
2514,16,1834,18,1868,39,1568,11
2514,16,1834,18,1868,39,1599,11
2514,16,1834,18,1868,39,1747,11
2514,16,1834,18,1868,39,1773,11
2514,16,1834,18,1868,39,1799,11
2514,16,1834,18,1868,39,1818,11
2514,16,1834,18,1868,39,1873,11
2514,16,1834,18,1868,39,1940,11
2514,16,1834,18,1868,39,1956,11
2514,16,1834,18,1868,39,1997,11
2514,16,1834,18,1868,39,2068,11
2514,16,1834,18,1868,39,2079,11
2514,16,1834,18,1868,39,2123,11
2514,16,1834,18,1868,39,2196,11
2514,16,1834,18,1868,39,2206,11
2514,16,1834,18,1868,39,2216,11
2514,16,1834,18,1868,39,2244,11
2514,16,1834,18,1868,39,2259,11
2514,16,1834,18,1868,39,2261,11
2514,16,1834,18,1868,39,2289,11
2514,16,1834,18,1868,39,2359,11
2514,16,1834,18,1868,39,2370,11
2514,16,1834,18,1868,39,2405,11
2514,16,1834,18,1890,10,45,11
2514,16,1834,18,1890,10,159,11
2514,16,1834,18,1890,10,272,11
2514,16,1834,18,1890,10,338,11
2514,16,1834,18,1890,10,390,11
2514,16,1834,18,1890,10,457,11
2514,16,1834,18,1890,10,463,11
2514,16,1834,18,1890,10,620,11
2514,16,1834,18,1890,10,700,11
2514,16,1834,18,1890,10,742,11
2514,16,1834,18,1890,10,758,11
2514,16,1834,18,1890,10,879,11
2514,16,1834,18,1890,10,927,11
2514,16,1834,18,1890,10,979,11
2514,16,1834,18,1890,10,1003,11
2514,16,1834,18,1890,10,1044,11
2514,16,1834,18,1890,10,1068,11
2514,16,1834,18,1890,10,1153,11
2514,16,1834,18,1890,10,1186,11
2514,16,1834,18,1890,10,1194,11
2514,16,1834,18,1890,10,1259,11
2514,16,1834,18,1890,10,1260,11
2514,16,1834,18,1890,10,1312,11
2514,16,1834,18,1890,10,1388,11
2514,16,1834,18,1890,10,1391,11
2514,16,1834,18,1890,10,1422,11
2514,16,1834,18,1890,10,1556,11
2514,16,1834,18,1890,10,1568,11
2514,16,1834,18,1890,10,1599,11
2514,16,1834,18,1890,10,1747,11
2514,16,1834,18,1890,10,1773,11
2514,16,1834,18,1890,10,1799,11
2514,16,1834,18,1890,10,1818,11
2514,16,1834,18,1890,10,1873,11
2514,16,1834,18,1890,10,1940,11
2514,16,1834,18,1890,10,1956,11
2514,16,1834,18,1890,10,1997,11
2514,16,1834,18,1890,10,2068,11
2514,16,1834,18,1890,10,2079,11
2514,16,1834,18,1890,10,2123,11
2514,16,1834,18,1890,10,2196,11
2514,16,1834,18,1890,10,2206,11
2514,16,1834,18,1890,10,2216,11
2514,16,1834,18,1890,10,2244,11
2514,16,1834,18,1890,10,2259,11
2514,16,1834,18,1890,10,2261,11
2514,16,1834,18,1890,10,2289,11
2514,16,1834,18,1890,10,2359,11
2514,16,1834,18,1890,10,2370,11
2514,16,1834,18,1890,10,2405,11
2514,16,1834,18,1933,40,45,11
2514,16,1834,18,1933,40,159,11
2514,16,1834,18,1933,40,272,11
2514,16,1834,18,1933,40,338,11
2514,16,1834,18,1933,40,390,11
2514,16,1834,18,1933,40,457,11
2514,16,1834,18,1933,40,463,11
2514,16,1834,18,1933,40,620,11
2514,16,1834,18,1933,40,700,11
2514,16,1834,18,1933,40,742,11
2514,16,1834,18,1933,40,758,11
2514,16,1834,18,1933,40,879,11
2514,16,1834,18,1933,40,927,11
2514,16,1834,18,1933,40,979,11
2514,16,1834,18,1933,40,1003,11
2514,16,1834,18,1933,40,1044,11
2514,16,1834,18,1933,40,1068,11
2514,16,1834,18,1933,40,1153,11
2514,16,1834,18,1933,40,1186,11
2514,16,1834,18,1933,40,1194,11
2514,16,1834,18,1933,40,1259,11
2514,16,1834,18,1933,40,1260,11
2514,16,1834,18,1933,40,1312,11
2514,16,1834,18,1933,40,1388,11
2514,16,1834,18,1933,40,1391,11
2514,16,1834,18,1933,40,1422,11
2514,16,1834,18,1933,40,1556,11
2514,16,1834,18,1933,40,1568,11
2514,16,1834,18,1933,40,1599,11
2514,16,1834,18,1933,40,1747,11
2514,16,1834,18,1933,40,1773,11
2514,16,1834,18,1933,40,1799,11
2514,16,1834,18,1933,40,1818,11
2514,16,1834,18,1933,40,1873,11
2514,16,1834,18,1933,40,1940,11
2514,16,1834,18,1933,40,1956,11
2514,16,1834,18,1933,40,1997,11
2514,16,1834,18,1933,40,2068,11
2514,16,1834,18,1933,40,2079,11
2514,16,1834,18,1933,40,2123,11
2514,16,1834,18,1933,40,2196,11
2514,16,1834,18,1933,40,2206,11
2514,16,1834,18,1933,40,2216,11
2514,16,1834,18,1933,40,2244,11
2514,16,1834,18,1933,40,2259,11
2514,16,1834,18,1933,40,2261,11
2514,16,1834,18,1933,40,2289,11
2514,16,1834,18,1933,40,2359,11
2514,16,1834,18,1933,40,2370,11
2514,16,1834,18,1933,40,2405,11
