2514,16,828,18,69,24,45,11
2514,16,828,18,69,24,159,11
2514,16,828,18,69,24,272,11
2514,16,828,18,69,24,338,11
2514,16,828,18,69,24,390,11
2514,16,828,18,69,24,457,11
2514,16,828,18,69,24,463,11
2514,16,828,18,69,24,620,11
2514,16,828,18,69,24,700,11
2514,16,828,18,69,24,742,11
2514,16,828,18,69,24,758,11
2514,16,828,18,69,24,879,11
2514,16,828,18,69,24,927,11
2514,16,828,18,69,24,979,11
2514,16,828,18,69,24,1003,11
2514,16,828,18,69,24,1044,11
2514,16,828,18,69,24,1068,11
2514,16,828,18,69,24,1153,11
2514,16,828,18,69,24,1186,11
2514,16,828,18,69,24,1194,11
2514,16,828,18,69,24,1259,11
2514,16,828,18,69,24,1260,11
2514,16,828,18,69,24,1312,11
2514,16,828,18,69,24,1388,11
2514,16,828,18,69,24,1391,11
2514,16,828,18,69,24,1422,11
2514,16,828,18,69,24,1556,11
2514,16,828,18,69,24,1568,11
2514,16,828,18,69,24,1599,11
2514,16,828,18,69,24,1747,11
2514,16,828,18,69,24,1773,11
2514,16,828,18,69,24,1799,11
2514,16,828,18,69,24,1818,11
2514,16,828,18,69,24,1873,11
2514,16,828,18,69,24,1940,11
2514,16,828,18,69,24,1956,11
2514,16,828,18,69,24,1997,11
2514,16,828,18,69,24,2068,11
2514,16,828,18,69,24,2079,11
2514,16,828,18,69,24,2123,11
2514,16,828,18,69,24,2196,11
2514,16,828,18,69,24,2206,11
2514,16,828,18,69,24,2216,11
2514,16,828,18,69,24,2244,11
2514,16,828,18,69,24,2259,11
2514,16,828,18,69,24,2261,11
2514,16,828,18,69,24,2289,11
2514,16,828,18,69,24,2359,11
2514,16,828,18,69,24,2370,11
2514,16,828,18,69,24,2405,11
2514,16,828,18,107,46,45,11
2514,16,828,18,107,46,159,11
2514,16,828,18,107,46,272,11
2514,16,828,18,107,46,338,11
2514,16,828,18,107,46,390,11
2514,16,828,18,107,46,457,11
2514,16,828,18,107,46,463,11
2514,16,828,18,107,46,620,11
2514,16,828,18,107,46,700,11
2514,16,828,18,107,46,742,11
2514,16,828,18,107,46,758,11
2514,16,828,18,107,46,879,11
2514,16,828,18,107,46,927,11
2514,16,828,18,107,46,979,11
2514,16,828,18,107,46,1003,11
2514,16,828,18,107,46,1044,11
2514,16,828,18,107,46,1068,11
2514,16,828,18,107,46,1153,11
2514,16,828,18,107,46,1186,11
2514,16,828,18,107,46,1194,11
2514,16,828,18,107,46,1259,11
2514,16,828,18,107,46,1260,11
2514,16,828,18,107,46,1312,11
2514,16,828,18,107,46,1388,11
2514,16,828,18,107,46,1391,11
2514,16,828,18,107,46,1422,11
2514,16,828,18,107,46,1556,11
2514,16,828,18,107,46,1568,11
2514,16,828,18,107,46,1599,11
2514,16,828,18,107,46,1747,11
2514,16,828,18,107,46,1773,11
2514,16,828,18,107,46,1799,11
2514,16,828,18,107,46,1818,11
2514,16,828,18,107,46,1873,11
2514,16,828,18,107,46,1940,11
2514,16,828,18,107,46,1956,11
2514,16,828,18,107,46,1997,11
2514,16,828,18,107,46,2068,11
2514,16,828,18,107,46,2079,11
2514,16,828,18,107,46,2123,11
2514,16,828,18,107,46,2196,11
2514,16,828,18,107,46,2206,11
2514,16,828,18,107,46,2216,11
2514,16,828,18,107,46,2244,11
2514,16,828,18,107,46,2259,11
2514,16,828,18,107,46,2261,11
2514,16,828,18,107,46,2289,11
2514,16,828,18,107,46,2359,11
2514,16,828,18,107,46,2370,11
2514,16,828,18,107,46,2405,11
2514,16,828,18,140,40,45,11
2514,16,828,18,140,40,159,11
2514,16,828,18,140,40,272,11
2514,16,828,18,140,40,338,11
2514,16,828,18,140,40,390,11
2514,16,828,18,140,40,457,11
2514,16,828,18,140,40,463,11
2514,16,828,18,140,40,620,11
2514,16,828,18,140,40,700,11
2514,16,828,18,140,40,742,11
2514,16,828,18,140,40,758,11
2514,16,828,18,140,40,879,11
2514,16,828,18,140,40,927,11
2514,16,828,18,140,40,979,11
2514,16,828,18,140,40,1003,11
2514,16,828,18,140,40,1044,11
2514,16,828,18,140,40,1068,11
2514,16,828,18,140,40,1153,11
2514,16,828,18,140,40,1186,11
2514,16,828,18,140,40,1194,11
2514,16,828,18,140,40,1259,11
2514,16,828,18,140,40,1260,11
2514,16,828,18,140,40,1312,11
2514,16,828,18,140,40,1388,11
2514,16,828,18,140,40,1391,11
2514,16,828,18,140,40,1422,11
2514,16,828,18,140,40,1556,11
2514,16,828,18,140,40,1568,11
2514,16,828,18,140,40,1599,11
2514,16,828,18,140,40,1747,11
2514,16,828,18,140,40,1773,11
2514,16,828,18,140,40,1799,11
2514,16,828,18,140,40,1818,11
2514,16,828,18,140,40,1873,11
2514,16,828,18,140,40,1940,11
2514,16,828,18,140,40,1956,11
2514,16,828,18,140,40,1997,11
2514,16,828,18,140,40,2068,11
2514,16,828,18,140,40,2079,11
2514,16,828,18,140,40,2123,11
2514,16,828,18,140,40,2196,11
2514,16,828,18,140,40,2206,11
2514,16,828,18,140,40,2216,11
2514,16,828,18,140,40,2244,11
2514,16,828,18,140,40,2259,11
2514,16,828,18,140,40,2261,11
2514,16,828,18,140,40,2289,11
2514,16,828,18,140,40,2359,11
2514,16,828,18,140,40,2370,11
2514,16,828,18,140,40,2405,11
2514,16,828,18,508,48,45,11
2514,16,828,18,508,48,159,11
2514,16,828,18,508,48,272,11
2514,16,828,18,508,48,338,11
2514,16,828,18,508,48,390,11
2514,16,828,18,508,48,457,11
2514,16,828,18,508,48,463,11
2514,16,828,18,508,48,620,11
2514,16,828,18,508,48,700,11
2514,16,828,18,508,48,742,11
2514,16,828,18,508,48,758,11
2514,16,828,18,508,48,879,11
2514,16,828,18,508,48,927,11
2514,16,828,18,508,48,979,11
2514,16,828,18,508,48,1003,11
2514,16,828,18,508,48,1044,11
2514,16,828,18,508,48,1068,11
2514,16,828,18,508,48,1153,11
2514,16,828,18,508,48,1186,11
2514,16,828,18,508,48,1194,11
2514,16,828,18,508,48,1259,11
2514,16,828,18,508,48,1260,11
2514,16,828,18,508,48,1312,11
2514,16,828,18,508,48,1388,11
2514,16,828,18,508,48,1391,11
2514,16,828,18,508,48,1422,11
2514,16,828,18,508,48,1556,11
2514,16,828,18,508,48,1568,11
2514,16,828,18,508,48,1599,11
2514,16,828,18,508,48,1747,11
2514,16,828,18,508,48,1773,11
2514,16,828,18,508,48,1799,11
2514,16,828,18,508,48,1818,11
2514,16,828,18,508,48,1873,11
2514,16,828,18,508,48,1940,11
2514,16,828,18,508,48,1956,11
2514,16,828,18,508,48,1997,11
2514,16,828,18,508,48,2068,11
2514,16,828,18,508,48,2079,11
2514,16,828,18,508,48,2123,11
2514,16,828,18,508,48,2196,11
2514,16,828,18,508,48,2206,11
2514,16,828,18,508,48,2216,11
2514,16,828,18,508,48,2244,11
2514,16,828,18,508,48,2259,11
2514,16,828,18,508,48,2261,11
2514,16,828,18,508,48,2289,11
2514,16,828,18,508,48,2359,11
2514,16,828,18,508,48,2370,11
2514,16,828,18,508,48,2405,11
2514,16,828,18,722,21,45,11
2514,16,828,18,722,21,159,11
2514,16,828,18,722,21,272,11
2514,16,828,18,722,21,338,11
2514,16,828,18,722,21,390,11
2514,16,828,18,722,21,457,11
2514,16,828,18,722,21,463,11
2514,16,828,18,722,21,620,11
2514,16,828,18,722,21,700,11
2514,16,828,18,722,21,742,11
2514,16,828,18,722,21,758,11
2514,16,828,18,722,21,879,11
2514,16,828,18,722,21,927,11
2514,16,828,18,722,21,979,11
2514,16,828,18,722,21,1003,11
2514,16,828,18,722,21,1044,11
2514,16,828,18,722,21,1068,11
2514,16,828,18,722,21,1153,11
2514,16,828,18,722,21,1186,11
2514,16,828,18,722,21,1194,11
2514,16,828,18,722,21,1259,11
2514,16,828,18,722,21,1260,11
2514,16,828,18,722,21,1312,11
2514,16,828,18,722,21,1388,11
2514,16,828,18,722,21,1391,11
2514,16,828,18,722,21,1422,11
2514,16,828,18,722,21,1556,11
2514,16,828,18,722,21,1568,11
2514,16,828,18,722,21,1599,11
2514,16,828,18,722,21,1747,11
2514,16,828,18,722,21,1773,11
2514,16,828,18,722,21,1799,11
2514,16,828,18,722,21,1818,11
2514,16,828,18,722,21,1873,11
2514,16,828,18,722,21,1940,11
2514,16,828,18,722,21,1956,11
2514,16,828,18,722,21,1997,11
2514,16,828,18,722,21,2068,11
2514,16,828,18,722,21,2079,11
2514,16,828,18,722,21,2123,11
2514,16,828,18,722,21,2196,11
2514,16,828,18,722,21,2206,11
2514,16,828,18,722,21,2216,11
2514,16,828,18,722,21,2244,11
2514,16,828,18,722,21,2259,11
2514,16,828,18,722,21,2261,11
2514,16,828,18,722,21,2289,11
2514,16,828,18,722,21,2359,11
2514,16,828,18,722,21,2370,11
2514,16,828,18,722,21,2405,11
2514,16,828,18,818,42,45,11
2514,16,828,18,818,42,159,11
2514,16,828,18,818,42,272,11
2514,16,828,18,818,42,338,11
2514,16,828,18,818,42,390,11
2514,16,828,18,818,42,457,11
2514,16,828,18,818,42,463,11
2514,16,828,18,818,42,620,11
2514,16,828,18,818,42,700,11
2514,16,828,18,818,42,742,11
2514,16,828,18,818,42,758,11
2514,16,828,18,818,42,879,11
2514,16,828,18,818,42,927,11
2514,16,828,18,818,42,979,11
2514,16,828,18,818,42,1003,11
2514,16,828,18,818,42,1044,11
2514,16,828,18,818,42,1068,11
2514,16,828,18,818,42,1153,11
2514,16,828,18,818,42,1186,11
2514,16,828,18,818,42,1194,11
2514,16,828,18,818,42,1259,11
2514,16,828,18,818,42,1260,11
2514,16,828,18,818,42,1312,11
2514,16,828,18,818,42,1388,11
2514,16,828,18,818,42,1391,11
2514,16,828,18,818,42,1422,11
2514,16,828,18,818,42,1556,11
2514,16,828,18,818,42,1568,11
2514,16,828,18,818,42,1599,11
2514,16,828,18,818,42,1747,11
2514,16,828,18,818,42,1773,11
2514,16,828,18,818,42,1799,11
2514,16,828,18,818,42,1818,11
2514,16,828,18,818,42,1873,11
2514,16,828,18,818,42,1940,11
2514,16,828,18,818,42,1956,11
2514,16,828,18,818,42,1997,11
2514,16,828,18,818,42,2068,11
2514,16,828,18,818,42,2079,11
2514,16,828,18,818,42,2123,11
2514,16,828,18,818,42,2196,11
2514,16,828,18,818,42,2206,11
2514,16,828,18,818,42,2216,11
2514,16,828,18,818,42,2244,11
2514,16,828,18,818,42,2259,11
2514,16,828,18,818,42,2261,11
2514,16,828,18,818,42,2289,11
2514,16,828,18,818,42,2359,11
2514,16,828,18,818,42,2370,11
2514,16,828,18,818,42,2405,11
2514,16,828,18,1026,13,159,11
2514,16,828,18,1026,13,272,11
2514,16,828,18,1026,13,338,11
2514,16,828,18,1026,13,457,11
2514,16,828,18,1026,13,463,11
2514,16,828,18,1026,13,700,11
2514,16,828,18,1026,13,742,11
2514,16,828,18,1026,13,758,11
2514,16,828,18,1026,13,879,11
2514,16,828,18,1026,13,927,11
2514,16,828,18,1026,13,1003,11
2514,16,828,18,1026,13,1044,11
2514,16,828,18,1026,13,1068,11
2514,16,828,18,1026,13,1153,11
2514,16,828,18,1026,13,1186,11
2514,16,828,18,1026,13,1194,11
2514,16,828,18,1026,13,1259,11
2514,16,828,18,1026,13,1260,11
2514,16,828,18,1026,13,1312,11
2514,16,828,18,1026,13,1388,11
2514,16,828,18,1026,13,1391,11
2514,16,828,18,1026,13,1422,11
2514,16,828,18,1026,13,1556,11
2514,16,828,18,1026,13,1568,11
2514,16,828,18,1026,13,1599,11
2514,16,828,18,1026,13,1747,11
2514,16,828,18,1026,13,1773,11
2514,16,828,18,1026,13,1818,11
2514,16,828,18,1026,13,1873,11
2514,16,828,18,1026,13,1940,11
2514,16,828,18,1026,13,1997,11
2514,16,828,18,1026,13,2068,11
2514,16,828,18,1026,13,2079,11
2514,16,828,18,1026,13,2123,11
2514,16,828,18,1026,13,2196,11
2514,16,828,18,1026,13,2216,11
2514,16,828,18,1026,13,2259,11
2514,16,828,18,1026,13,2289,11
2514,16,828,18,1026,13,2370,11
2514,16,828,18,1026,13,2405,11
2514,16,828,18,1158,34,45,11
2514,16,828,18,1158,34,159,11
2514,16,828,18,1158,34,272,11
2514,16,828,18,1158,34,338,11
2514,16,828,18,1158,34,390,11
2514,16,828,18,1158,34,457,11
2514,16,828,18,1158,34,463,11
2514,16,828,18,1158,34,620,11
2514,16,828,18,1158,34,700,11
2514,16,828,18,1158,34,742,11
2514,16,828,18,1158,34,758,11
2514,16,828,18,1158,34,879,11
2514,16,828,18,1158,34,927,11
2514,16,828,18,1158,34,979,11
2514,16,828,18,1158,34,1003,11
2514,16,828,18,1158,34,1044,11
2514,16,828,18,1158,34,1068,11
2514,16,828,18,1158,34,1153,11
2514,16,828,18,1158,34,1186,11
2514,16,828,18,1158,34,1194,11
2514,16,828,18,1158,34,1259,11
2514,16,828,18,1158,34,1260,11
2514,16,828,18,1158,34,1312,11
2514,16,828,18,1158,34,1388,11
2514,16,828,18,1158,34,1391,11
2514,16,828,18,1158,34,1422,11
2514,16,828,18,1158,34,1556,11
2514,16,828,18,1158,34,1568,11
2514,16,828,18,1158,34,1599,11
2514,16,828,18,1158,34,1747,11
2514,16,828,18,1158,34,1773,11
2514,16,828,18,1158,34,1799,11
2514,16,828,18,1158,34,1818,11
2514,16,828,18,1158,34,1873,11
2514,16,828,18,1158,34,1940,11
2514,16,828,18,1158,34,1956,11
2514,16,828,18,1158,34,1997,11
2514,16,828,18,1158,34,2068,11
2514,16,828,18,1158,34,2079,11
2514,16,828,18,1158,34,2123,11
2514,16,828,18,1158,34,2196,11
2514,16,828,18,1158,34,2206,11
2514,16,828,18,1158,34,2216,11
2514,16,828,18,1158,34,2244,11
2514,16,828,18,1158,34,2259,11
2514,16,828,18,1158,34,2261,11
2514,16,828,18,1158,34,2289,11
2514,16,828,18,1158,34,2359,11
2514,16,828,18,1158,34,2370,11
2514,16,828,18,1158,34,2405,11
2514,16,828,18,1213,47,45,11
2514,16,828,18,1213,47,159,11
2514,16,828,18,1213,47,272,11
2514,16,828,18,1213,47,338,11
2514,16,828,18,1213,47,390,11
2514,16,828,18,1213,47,457,11
2514,16,828,18,1213,47,463,11
2514,16,828,18,1213,47,620,11
2514,16,828,18,1213,47,700,11
2514,16,828,18,1213,47,742,11
2514,16,828,18,1213,47,758,11
2514,16,828,18,1213,47,879,11
2514,16,828,18,1213,47,927,11
2514,16,828,18,1213,47,979,11
2514,16,828,18,1213,47,1003,11
2514,16,828,18,1213,47,1044,11
2514,16,828,18,1213,47,1068,11
2514,16,828,18,1213,47,1153,11
2514,16,828,18,1213,47,1186,11
2514,16,828,18,1213,47,1194,11
2514,16,828,18,1213,47,1259,11
2514,16,828,18,1213,47,1260,11
2514,16,828,18,1213,47,1312,11
2514,16,828,18,1213,47,1388,11
2514,16,828,18,1213,47,1391,11
2514,16,828,18,1213,47,1422,11
2514,16,828,18,1213,47,1556,11
2514,16,828,18,1213,47,1568,11
2514,16,828,18,1213,47,1599,11
2514,16,828,18,1213,47,1747,11
2514,16,828,18,1213,47,1773,11
2514,16,828,18,1213,47,1799,11
2514,16,828,18,1213,47,1818,11
2514,16,828,18,1213,47,1873,11
2514,16,828,18,1213,47,1940,11
2514,16,828,18,1213,47,1956,11
2514,16,828,18,1213,47,1997,11
2514,16,828,18,1213,47,2068,11
2514,16,828,18,1213,47,2079,11
2514,16,828,18,1213,47,2123,11
2514,16,828,18,1213,47,2196,11
2514,16,828,18,1213,47,2206,11
2514,16,828,18,1213,47,2216,11
2514,16,828,18,1213,47,2244,11
2514,16,828,18,1213,47,2259,11
2514,16,828,18,1213,47,2261,11
2514,16,828,18,1213,47,2289,11
2514,16,828,18,1213,47,2359,11
2514,16,828,18,1213,47,2370,11
2514,16,828,18,1213,47,2405,11
2514,16,828,18,1221,34,45,11
2514,16,828,18,1221,34,159,11
2514,16,828,18,1221,34,272,11
2514,16,828,18,1221,34,338,11
2514,16,828,18,1221,34,390,11
2514,16,828,18,1221,34,457,11
2514,16,828,18,1221,34,463,11
2514,16,828,18,1221,34,620,11
2514,16,828,18,1221,34,700,11
2514,16,828,18,1221,34,742,11
2514,16,828,18,1221,34,758,11
2514,16,828,18,1221,34,879,11
2514,16,828,18,1221,34,927,11
2514,16,828,18,1221,34,979,11
2514,16,828,18,1221,34,1003,11
2514,16,828,18,1221,34,1044,11
2514,16,828,18,1221,34,1068,11
2514,16,828,18,1221,34,1153,11
2514,16,828,18,1221,34,1186,11
2514,16,828,18,1221,34,1194,11
2514,16,828,18,1221,34,1259,11
2514,16,828,18,1221,34,1260,11
2514,16,828,18,1221,34,1312,11
2514,16,828,18,1221,34,1388,11
2514,16,828,18,1221,34,1391,11
2514,16,828,18,1221,34,1422,11
2514,16,828,18,1221,34,1556,11
2514,16,828,18,1221,34,1568,11
2514,16,828,18,1221,34,1599,11
2514,16,828,18,1221,34,1747,11
2514,16,828,18,1221,34,1773,11
2514,16,828,18,1221,34,1799,11
2514,16,828,18,1221,34,1818,11
2514,16,828,18,1221,34,1873,11
2514,16,828,18,1221,34,1940,11
2514,16,828,18,1221,34,1956,11
2514,16,828,18,1221,34,1997,11
2514,16,828,18,1221,34,2068,11
2514,16,828,18,1221,34,2079,11
2514,16,828,18,1221,34,2123,11
2514,16,828,18,1221,34,2196,11
2514,16,828,18,1221,34,2206,11
2514,16,828,18,1221,34,2216,11
2514,16,828,18,1221,34,2244,11
2514,16,828,18,1221,34,2259,11
2514,16,828,18,1221,34,2261,11
2514,16,828,18,1221,34,2289,11
2514,16,828,18,1221,34,2359,11
2514,16,828,18,1221,34,2370,11
2514,16,828,18,1221,34,2405,11
2514,16,828,18,1378,17,45,11
2514,16,828,18,1378,17,159,11
2514,16,828,18,1378,17,272,11
2514,16,828,18,1378,17,338,11
2514,16,828,18,1378,17,390,11
2514,16,828,18,1378,17,457,11
2514,16,828,18,1378,17,463,11
2514,16,828,18,1378,17,620,11
2514,16,828,18,1378,17,700,11
2514,16,828,18,1378,17,742,11
2514,16,828,18,1378,17,758,11
2514,16,828,18,1378,17,879,11
2514,16,828,18,1378,17,927,11
2514,16,828,18,1378,17,979,11
2514,16,828,18,1378,17,1003,11
2514,16,828,18,1378,17,1044,11
2514,16,828,18,1378,17,1068,11
2514,16,828,18,1378,17,1153,11
2514,16,828,18,1378,17,1186,11
2514,16,828,18,1378,17,1194,11
2514,16,828,18,1378,17,1259,11
2514,16,828,18,1378,17,1260,11
2514,16,828,18,1378,17,1312,11
2514,16,828,18,1378,17,1388,11
2514,16,828,18,1378,17,1391,11
2514,16,828,18,1378,17,1422,11
2514,16,828,18,1378,17,1556,11
2514,16,828,18,1378,17,1568,11
2514,16,828,18,1378,17,1599,11
2514,16,828,18,1378,17,1747,11
2514,16,828,18,1378,17,1773,11
2514,16,828,18,1378,17,1799,11
2514,16,828,18,1378,17,1818,11
2514,16,828,18,1378,17,1873,11
2514,16,828,18,1378,17,1940,11
2514,16,828,18,1378,17,1956,11
2514,16,828,18,1378,17,1997,11
2514,16,828,18,1378,17,2068,11
2514,16,828,18,1378,17,2079,11
2514,16,828,18,1378,17,2123,11
2514,16,828,18,1378,17,2196,11
2514,16,828,18,1378,17,2206,11
2514,16,828,18,1378,17,2216,11
2514,16,828,18,1378,17,2244,11
2514,16,828,18,1378,17,2259,11
2514,16,828,18,1378,17,2261,11
2514,16,828,18,1378,17,2289,11
2514,16,828,18,1378,17,2359,11
2514,16,828,18,1378,17,2370,11
2514,16,828,18,1378,17,2405,11
2514,16,828,18,1902,31,45,11
2514,16,828,18,1902,31,159,11
2514,16,828,18,1902,31,272,11
2514,16,828,18,1902,31,338,11
2514,16,828,18,1902,31,390,11
2514,16,828,18,1902,31,457,11
2514,16,828,18,1902,31,463,11
2514,16,828,18,1902,31,620,11
2514,16,828,18,1902,31,700,11
2514,16,828,18,1902,31,742,11
2514,16,828,18,1902,31,758,11
2514,16,828,18,1902,31,879,11
2514,16,828,18,1902,31,927,11
2514,16,828,18,1902,31,979,11
2514,16,828,18,1902,31,1003,11
2514,16,828,18,1902,31,1044,11
2514,16,828,18,1902,31,1068,11
2514,16,828,18,1902,31,1153,11
2514,16,828,18,1902,31,1186,11
2514,16,828,18,1902,31,1194,11
2514,16,828,18,1902,31,1259,11
2514,16,828,18,1902,31,1260,11
2514,16,828,18,1902,31,1312,11
2514,16,828,18,1902,31,1388,11
2514,16,828,18,1902,31,1391,11
2514,16,828,18,1902,31,1422,11
2514,16,828,18,1902,31,1556,11
2514,16,828,18,1902,31,1568,11
2514,16,828,18,1902,31,1599,11
2514,16,828,18,1902,31,1747,11
2514,16,828,18,1902,31,1773,11
2514,16,828,18,1902,31,1799,11
2514,16,828,18,1902,31,1818,11
2514,16,828,18,1902,31,1873,11
2514,16,828,18,1902,31,1940,11
2514,16,828,18,1902,31,1956,11
2514,16,828,18,1902,31,1997,11
2514,16,828,18,1902,31,2068,11
2514,16,828,18,1902,31,2079,11
2514,16,828,18,1902,31,2123,11
2514,16,828,18,1902,31,2196,11
2514,16,828,18,1902,31,2206,11
2514,16,828,18,1902,31,2216,11
2514,16,828,18,1902,31,2244,11
2514,16,828,18,1902,31,2259,11
2514,16,828,18,1902,31,2261,11
2514,16,828,18,1902,31,2289,11
2514,16,828,18,1902,31,2359,11
2514,16,828,18,1902,31,2370,11
2514,16,828,18,1902,31,2405,11
2514,16,828,18,1921,22,45,11
2514,16,828,18,1921,22,159,11
2514,16,828,18,1921,22,272,11
2514,16,828,18,1921,22,338,11
2514,16,828,18,1921,22,390,11
2514,16,828,18,1921,22,457,11
2514,16,828,18,1921,22,463,11
2514,16,828,18,1921,22,620,11
2514,16,828,18,1921,22,700,11
2514,16,828,18,1921,22,742,11
2514,16,828,18,1921,22,758,11
2514,16,828,18,1921,22,879,11
2514,16,828,18,1921,22,927,11
2514,16,828,18,1921,22,979,11
2514,16,828,18,1921,22,1003,11
2514,16,828,18,1921,22,1044,11
2514,16,828,18,1921,22,1068,11
2514,16,828,18,1921,22,1153,11
2514,16,828,18,1921,22,1186,11
2514,16,828,18,1921,22,1194,11
2514,16,828,18,1921,22,1259,11
2514,16,828,18,1921,22,1260,11
2514,16,828,18,1921,22,1312,11
2514,16,828,18,1921,22,1388,11
2514,16,828,18,1921,22,1391,11
2514,16,828,18,1921,22,1422,11
2514,16,828,18,1921,22,1556,11
2514,16,828,18,1921,22,1568,11
2514,16,828,18,1921,22,1599,11
2514,16,828,18,1921,22,1747,11
2514,16,828,18,1921,22,1773,11
2514,16,828,18,1921,22,1799,11
2514,16,828,18,1921,22,1818,11
2514,16,828,18,1921,22,1873,11
2514,16,828,18,1921,22,1940,11
2514,16,828,18,1921,22,1956,11
2514,16,828,18,1921,22,1997,11
2514,16,828,18,1921,22,2068,11
2514,16,828,18,1921,22,2079,11
2514,16,828,18,1921,22,2123,11
2514,16,828,18,1921,22,2196,11
2514,16,828,18,1921,22,2206,11
2514,16,828,18,1921,22,2216,11
2514,16,828,18,1921,22,2244,11
2514,16,828,18,1921,22,2259,11
2514,16,828,18,1921,22,2261,11
2514,16,828,18,1921,22,2289,11
2514,16,828,18,1921,22,2359,11
2514,16,828,18,1921,22,2370,11
2514,16,828,18,1921,22,2405,11
