2514,16,1690,41,27,30,45,11
2514,16,1690,41,27,30,159,11
2514,16,1690,41,27,30,272,11
2514,16,1690,41,27,30,338,11
2514,16,1690,41,27,30,390,11
2514,16,1690,41,27,30,457,11
2514,16,1690,41,27,30,463,11
2514,16,1690,41,27,30,620,11
2514,16,1690,41,27,30,700,11
2514,16,1690,41,27,30,742,11
2514,16,1690,41,27,30,758,11
2514,16,1690,41,27,30,879,11
2514,16,1690,41,27,30,927,11
2514,16,1690,41,27,30,979,11
2514,16,1690,41,27,30,1003,11
2514,16,1690,41,27,30,1044,11
2514,16,1690,41,27,30,1068,11
2514,16,1690,41,27,30,1153,11
2514,16,1690,41,27,30,1186,11
2514,16,1690,41,27,30,1194,11
2514,16,1690,41,27,30,1259,11
2514,16,1690,41,27,30,1260,11
2514,16,1690,41,27,30,1312,11
2514,16,1690,41,27,30,1388,11
2514,16,1690,41,27,30,1391,11
2514,16,1690,41,27,30,1422,11
2514,16,1690,41,27,30,1556,11
2514,16,1690,41,27,30,1568,11
2514,16,1690,41,27,30,1599,11
2514,16,1690,41,27,30,1747,11
2514,16,1690,41,27,30,1773,11
2514,16,1690,41,27,30,1799,11
2514,16,1690,41,27,30,1818,11
2514,16,1690,41,27,30,1873,11
2514,16,1690,41,27,30,1940,11
2514,16,1690,41,27,30,1956,11
2514,16,1690,41,27,30,1997,11
2514,16,1690,41,27,30,2068,11
2514,16,1690,41,27,30,2079,11
2514,16,1690,41,27,30,2123,11
2514,16,1690,41,27,30,2196,11
2514,16,1690,41,27,30,2206,11
2514,16,1690,41,27,30,2216,11
2514,16,1690,41,27,30,2244,11
2514,16,1690,41,27,30,2259,11
2514,16,1690,41,27,30,2261,11
2514,16,1690,41,27,30,2289,11
2514,16,1690,41,27,30,2359,11
2514,16,1690,41,27,30,2370,11
2514,16,1690,41,27,30,2405,11
2514,16,1690,41,194,10,45,11
2514,16,1690,41,194,10,159,11
2514,16,1690,41,194,10,272,11
2514,16,1690,41,194,10,338,11
2514,16,1690,41,194,10,390,11
2514,16,1690,41,194,10,457,11
2514,16,1690,41,194,10,463,11
2514,16,1690,41,194,10,620,11
2514,16,1690,41,194,10,700,11
2514,16,1690,41,194,10,742,11
2514,16,1690,41,194,10,758,11
2514,16,1690,41,194,10,879,11
2514,16,1690,41,194,10,927,11
2514,16,1690,41,194,10,979,11
2514,16,1690,41,194,10,1003,11
2514,16,1690,41,194,10,1044,11
2514,16,1690,41,194,10,1068,11
2514,16,1690,41,194,10,1153,11
2514,16,1690,41,194,10,1186,11
2514,16,1690,41,194,10,1194,11
2514,16,1690,41,194,10,1259,11
2514,16,1690,41,194,10,1260,11
2514,16,1690,41,194,10,1312,11
2514,16,1690,41,194,10,1388,11
2514,16,1690,41,194,10,1391,11
2514,16,1690,41,194,10,1422,11
2514,16,1690,41,194,10,1556,11
2514,16,1690,41,194,10,1568,11
2514,16,1690,41,194,10,1599,11
2514,16,1690,41,194,10,1747,11
2514,16,1690,41,194,10,1773,11
2514,16,1690,41,194,10,1799,11
2514,16,1690,41,194,10,1818,11
2514,16,1690,41,194,10,1873,11
2514,16,1690,41,194,10,1940,11
2514,16,1690,41,194,10,1956,11
2514,16,1690,41,194,10,1997,11
2514,16,1690,41,194,10,2068,11
2514,16,1690,41,194,10,2079,11
2514,16,1690,41,194,10,2123,11
2514,16,1690,41,194,10,2196,11
2514,16,1690,41,194,10,2206,11
2514,16,1690,41,194,10,2216,11
2514,16,1690,41,194,10,2244,11
2514,16,1690,41,194,10,2259,11
2514,16,1690,41,194,10,2261,11
2514,16,1690,41,194,10,2289,11
2514,16,1690,41,194,10,2359,11
2514,16,1690,41,194,10,2370,11
2514,16,1690,41,194,10,2405,11
2514,16,1690,41,627,33,45,11
2514,16,1690,41,627,33,159,11
2514,16,1690,41,627,33,272,11
2514,16,1690,41,627,33,338,11
2514,16,1690,41,627,33,390,11
2514,16,1690,41,627,33,457,11
2514,16,1690,41,627,33,463,11
2514,16,1690,41,627,33,620,11
2514,16,1690,41,627,33,700,11
2514,16,1690,41,627,33,742,11
2514,16,1690,41,627,33,758,11
2514,16,1690,41,627,33,879,11
2514,16,1690,41,627,33,927,11
2514,16,1690,41,627,33,979,11
2514,16,1690,41,627,33,1003,11
2514,16,1690,41,627,33,1044,11
2514,16,1690,41,627,33,1068,11
2514,16,1690,41,627,33,1153,11
2514,16,1690,41,627,33,1186,11
2514,16,1690,41,627,33,1194,11
2514,16,1690,41,627,33,1259,11
2514,16,1690,41,627,33,1260,11
2514,16,1690,41,627,33,1312,11
2514,16,1690,41,627,33,1388,11
2514,16,1690,41,627,33,1391,11
2514,16,1690,41,627,33,1422,11
2514,16,1690,41,627,33,1556,11
2514,16,1690,41,627,33,1568,11
2514,16,1690,41,627,33,1599,11
2514,16,1690,41,627,33,1747,11
2514,16,1690,41,627,33,1773,11
2514,16,1690,41,627,33,1799,11
2514,16,1690,41,627,33,1818,11
2514,16,1690,41,627,33,1873,11
2514,16,1690,41,627,33,1940,11
2514,16,1690,41,627,33,1956,11
2514,16,1690,41,627,33,1997,11
2514,16,1690,41,627,33,2068,11
2514,16,1690,41,627,33,2079,11
2514,16,1690,41,627,33,2123,11
2514,16,1690,41,627,33,2196,11
2514,16,1690,41,627,33,2206,11
2514,16,1690,41,627,33,2216,11
2514,16,1690,41,627,33,2244,11
2514,16,1690,41,627,33,2259,11
2514,16,1690,41,627,33,2261,11
2514,16,1690,41,627,33,2289,11
2514,16,1690,41,627,33,2359,11
2514,16,1690,41,627,33,2370,11
2514,16,1690,41,627,33,2405,11
2514,16,1690,41,779,44,45,11
2514,16,1690,41,779,44,159,11
2514,16,1690,41,779,44,272,11
2514,16,1690,41,779,44,338,11
2514,16,1690,41,779,44,390,11
2514,16,1690,41,779,44,457,11
2514,16,1690,41,779,44,463,11
2514,16,1690,41,779,44,620,11
2514,16,1690,41,779,44,700,11
2514,16,1690,41,779,44,742,11
2514,16,1690,41,779,44,758,11
2514,16,1690,41,779,44,879,11
2514,16,1690,41,779,44,927,11
2514,16,1690,41,779,44,979,11
2514,16,1690,41,779,44,1003,11
2514,16,1690,41,779,44,1044,11
2514,16,1690,41,779,44,1068,11
2514,16,1690,41,779,44,1153,11
2514,16,1690,41,779,44,1186,11
2514,16,1690,41,779,44,1194,11
2514,16,1690,41,779,44,1259,11
2514,16,1690,41,779,44,1260,11
2514,16,1690,41,779,44,1312,11
2514,16,1690,41,779,44,1388,11
2514,16,1690,41,779,44,1391,11
2514,16,1690,41,779,44,1422,11
2514,16,1690,41,779,44,1556,11
2514,16,1690,41,779,44,1568,11
2514,16,1690,41,779,44,1599,11
2514,16,1690,41,779,44,1747,11
2514,16,1690,41,779,44,1773,11
2514,16,1690,41,779,44,1799,11
2514,16,1690,41,779,44,1818,11
2514,16,1690,41,779,44,1873,11
2514,16,1690,41,779,44,1940,11
2514,16,1690,41,779,44,1956,11
2514,16,1690,41,779,44,1997,11
2514,16,1690,41,779,44,2068,11
2514,16,1690,41,779,44,2079,11
2514,16,1690,41,779,44,2123,11
2514,16,1690,41,779,44,2196,11
2514,16,1690,41,779,44,2206,11
2514,16,1690,41,779,44,2216,11
2514,16,1690,41,779,44,2244,11
2514,16,1690,41,779,44,2259,11
2514,16,1690,41,779,44,2261,11
2514,16,1690,41,779,44,2289,11
2514,16,1690,41,779,44,2359,11
2514,16,1690,41,779,44,2370,11
2514,16,1690,41,779,44,2405,11
2514,16,1690,41,984,26,45,11
2514,16,1690,41,984,26,159,11
2514,16,1690,41,984,26,272,11
2514,16,1690,41,984,26,338,11
2514,16,1690,41,984,26,390,11
2514,16,1690,41,984,26,457,11
2514,16,1690,41,984,26,463,11
2514,16,1690,41,984,26,620,11
2514,16,1690,41,984,26,700,11
2514,16,1690,41,984,26,742,11
2514,16,1690,41,984,26,758,11
2514,16,1690,41,984,26,879,11
2514,16,1690,41,984,26,927,11
2514,16,1690,41,984,26,979,11
2514,16,1690,41,984,26,1003,11
2514,16,1690,41,984,26,1044,11
2514,16,1690,41,984,26,1068,11
2514,16,1690,41,984,26,1153,11
2514,16,1690,41,984,26,1186,11
2514,16,1690,41,984,26,1194,11
2514,16,1690,41,984,26,1259,11
2514,16,1690,41,984,26,1260,11
2514,16,1690,41,984,26,1312,11
2514,16,1690,41,984,26,1388,11
2514,16,1690,41,984,26,1391,11
2514,16,1690,41,984,26,1422,11
2514,16,1690,41,984,26,1556,11
2514,16,1690,41,984,26,1568,11
2514,16,1690,41,984,26,1599,11
2514,16,1690,41,984,26,1747,11
2514,16,1690,41,984,26,1773,11
2514,16,1690,41,984,26,1799,11
2514,16,1690,41,984,26,1818,11
2514,16,1690,41,984,26,1873,11
2514,16,1690,41,984,26,1940,11
2514,16,1690,41,984,26,1956,11
2514,16,1690,41,984,26,1997,11
2514,16,1690,41,984,26,2068,11
2514,16,1690,41,984,26,2079,11
2514,16,1690,41,984,26,2123,11
2514,16,1690,41,984,26,2196,11
2514,16,1690,41,984,26,2206,11
2514,16,1690,41,984,26,2216,11
2514,16,1690,41,984,26,2244,11
2514,16,1690,41,984,26,2259,11
2514,16,1690,41,984,26,2261,11
2514,16,1690,41,984,26,2289,11
2514,16,1690,41,984,26,2359,11
2514,16,1690,41,984,26,2370,11
2514,16,1690,41,984,26,2405,11
2514,16,1690,41,1030,18,45,11
2514,16,1690,41,1030,18,159,11
2514,16,1690,41,1030,18,272,11
2514,16,1690,41,1030,18,338,11
2514,16,1690,41,1030,18,390,11
2514,16,1690,41,1030,18,457,11
2514,16,1690,41,1030,18,463,11
2514,16,1690,41,1030,18,620,11
2514,16,1690,41,1030,18,700,11
2514,16,1690,41,1030,18,742,11
2514,16,1690,41,1030,18,758,11
2514,16,1690,41,1030,18,879,11
2514,16,1690,41,1030,18,927,11
2514,16,1690,41,1030,18,979,11
2514,16,1690,41,1030,18,1003,11
2514,16,1690,41,1030,18,1044,11
2514,16,1690,41,1030,18,1068,11
2514,16,1690,41,1030,18,1153,11
2514,16,1690,41,1030,18,1186,11
2514,16,1690,41,1030,18,1194,11
2514,16,1690,41,1030,18,1259,11
2514,16,1690,41,1030,18,1260,11
2514,16,1690,41,1030,18,1312,11
2514,16,1690,41,1030,18,1388,11
2514,16,1690,41,1030,18,1391,11
2514,16,1690,41,1030,18,1422,11
2514,16,1690,41,1030,18,1556,11
2514,16,1690,41,1030,18,1568,11
2514,16,1690,41,1030,18,1599,11
2514,16,1690,41,1030,18,1747,11
2514,16,1690,41,1030,18,1773,11
2514,16,1690,41,1030,18,1799,11
2514,16,1690,41,1030,18,1818,11
2514,16,1690,41,1030,18,1873,11
2514,16,1690,41,1030,18,1940,11
2514,16,1690,41,1030,18,1956,11
2514,16,1690,41,1030,18,1997,11
2514,16,1690,41,1030,18,2068,11
2514,16,1690,41,1030,18,2079,11
2514,16,1690,41,1030,18,2123,11
2514,16,1690,41,1030,18,2196,11
2514,16,1690,41,1030,18,2206,11
2514,16,1690,41,1030,18,2216,11
2514,16,1690,41,1030,18,2244,11
2514,16,1690,41,1030,18,2259,11
2514,16,1690,41,1030,18,2261,11
2514,16,1690,41,1030,18,2289,11
2514,16,1690,41,1030,18,2359,11
2514,16,1690,41,1030,18,2370,11
2514,16,1690,41,1030,18,2405,11
2514,16,1690,41,1337,48,45,11
2514,16,1690,41,1337,48,272,11
2514,16,1690,41,1337,48,338,11
2514,16,1690,41,1337,48,390,11
2514,16,1690,41,1337,48,620,11
2514,16,1690,41,1337,48,742,11
2514,16,1690,41,1337,48,758,11
2514,16,1690,41,1337,48,979,11
2514,16,1690,41,1337,48,1044,11
2514,16,1690,41,1337,48,1068,11
2514,16,1690,41,1337,48,1186,11
2514,16,1690,41,1337,48,1259,11
2514,16,1690,41,1337,48,1260,11
2514,16,1690,41,1337,48,1312,11
2514,16,1690,41,1337,48,1391,11
2514,16,1690,41,1337,48,1422,11
2514,16,1690,41,1337,48,1747,11
2514,16,1690,41,1337,48,1773,11
2514,16,1690,41,1337,48,1799,11
2514,16,1690,41,1337,48,1956,11
2514,16,1690,41,1337,48,1997,11
2514,16,1690,41,1337,48,2068,11
2514,16,1690,41,1337,48,2079,11
2514,16,1690,41,1337,48,2206,11
2514,16,1690,41,1337,48,2244,11
2514,16,1690,41,1337,48,2259,11
2514,16,1690,41,1337,48,2261,11
2514,16,1690,41,1337,48,2289,11
2514,16,1690,41,1337,48,2359,11
2514,16,1690,41,1337,48,2405,11
2514,16,1690,41,1579,18,45,11
2514,16,1690,41,1579,18,159,11
2514,16,1690,41,1579,18,272,11
2514,16,1690,41,1579,18,338,11
2514,16,1690,41,1579,18,390,11
2514,16,1690,41,1579,18,457,11
2514,16,1690,41,1579,18,463,11
2514,16,1690,41,1579,18,620,11
2514,16,1690,41,1579,18,700,11
2514,16,1690,41,1579,18,742,11
2514,16,1690,41,1579,18,758,11
2514,16,1690,41,1579,18,879,11
2514,16,1690,41,1579,18,927,11
2514,16,1690,41,1579,18,979,11
2514,16,1690,41,1579,18,1003,11
2514,16,1690,41,1579,18,1044,11
2514,16,1690,41,1579,18,1068,11
2514,16,1690,41,1579,18,1153,11
2514,16,1690,41,1579,18,1186,11
2514,16,1690,41,1579,18,1194,11
2514,16,1690,41,1579,18,1259,11
2514,16,1690,41,1579,18,1260,11
2514,16,1690,41,1579,18,1312,11
2514,16,1690,41,1579,18,1388,11
2514,16,1690,41,1579,18,1391,11
2514,16,1690,41,1579,18,1422,11
2514,16,1690,41,1579,18,1556,11
2514,16,1690,41,1579,18,1568,11
2514,16,1690,41,1579,18,1599,11
2514,16,1690,41,1579,18,1747,11
2514,16,1690,41,1579,18,1773,11
2514,16,1690,41,1579,18,1799,11
2514,16,1690,41,1579,18,1818,11
2514,16,1690,41,1579,18,1873,11
2514,16,1690,41,1579,18,1940,11
2514,16,1690,41,1579,18,1956,11
2514,16,1690,41,1579,18,1997,11
2514,16,1690,41,1579,18,2068,11
2514,16,1690,41,1579,18,2079,11
2514,16,1690,41,1579,18,2123,11
2514,16,1690,41,1579,18,2196,11
2514,16,1690,41,1579,18,2206,11
2514,16,1690,41,1579,18,2216,11
2514,16,1690,41,1579,18,2244,11
2514,16,1690,41,1579,18,2259,11
2514,16,1690,41,1579,18,2261,11
2514,16,1690,41,1579,18,2289,11
2514,16,1690,41,1579,18,2359,11
2514,16,1690,41,1579,18,2370,11
2514,16,1690,41,1579,18,2405,11
2514,16,1690,41,1637,22,45,11
2514,16,1690,41,1637,22,159,11
2514,16,1690,41,1637,22,272,11
2514,16,1690,41,1637,22,338,11
2514,16,1690,41,1637,22,390,11
2514,16,1690,41,1637,22,457,11
2514,16,1690,41,1637,22,463,11
2514,16,1690,41,1637,22,620,11
2514,16,1690,41,1637,22,700,11
2514,16,1690,41,1637,22,742,11
2514,16,1690,41,1637,22,758,11
2514,16,1690,41,1637,22,879,11
2514,16,1690,41,1637,22,927,11
2514,16,1690,41,1637,22,979,11
2514,16,1690,41,1637,22,1003,11
2514,16,1690,41,1637,22,1044,11
2514,16,1690,41,1637,22,1068,11
2514,16,1690,41,1637,22,1153,11
2514,16,1690,41,1637,22,1186,11
2514,16,1690,41,1637,22,1194,11
2514,16,1690,41,1637,22,1259,11
2514,16,1690,41,1637,22,1260,11
2514,16,1690,41,1637,22,1312,11
2514,16,1690,41,1637,22,1388,11
2514,16,1690,41,1637,22,1391,11
2514,16,1690,41,1637,22,1422,11
2514,16,1690,41,1637,22,1556,11
2514,16,1690,41,1637,22,1568,11
2514,16,1690,41,1637,22,1599,11
2514,16,1690,41,1637,22,1747,11
2514,16,1690,41,1637,22,1773,11
2514,16,1690,41,1637,22,1799,11
2514,16,1690,41,1637,22,1818,11
2514,16,1690,41,1637,22,1873,11
2514,16,1690,41,1637,22,1940,11
2514,16,1690,41,1637,22,1956,11
2514,16,1690,41,1637,22,1997,11
2514,16,1690,41,1637,22,2068,11
2514,16,1690,41,1637,22,2079,11
2514,16,1690,41,1637,22,2123,11
2514,16,1690,41,1637,22,2196,11
2514,16,1690,41,1637,22,2206,11
2514,16,1690,41,1637,22,2216,11
2514,16,1690,41,1637,22,2244,11
2514,16,1690,41,1637,22,2259,11
2514,16,1690,41,1637,22,2261,11
2514,16,1690,41,1637,22,2289,11
2514,16,1690,41,1637,22,2359,11
2514,16,1690,41,1637,22,2370,11
2514,16,1690,41,1637,22,2405,11
2514,16,1690,41,1654,49,45,11
2514,16,1690,41,1654,49,159,11
2514,16,1690,41,1654,49,272,11
2514,16,1690,41,1654,49,338,11
2514,16,1690,41,1654,49,390,11
2514,16,1690,41,1654,49,457,11
2514,16,1690,41,1654,49,463,11
2514,16,1690,41,1654,49,620,11
2514,16,1690,41,1654,49,700,11
2514,16,1690,41,1654,49,742,11
2514,16,1690,41,1654,49,758,11
2514,16,1690,41,1654,49,879,11
2514,16,1690,41,1654,49,927,11
2514,16,1690,41,1654,49,979,11
2514,16,1690,41,1654,49,1003,11
2514,16,1690,41,1654,49,1044,11
2514,16,1690,41,1654,49,1068,11
2514,16,1690,41,1654,49,1153,11
2514,16,1690,41,1654,49,1186,11
2514,16,1690,41,1654,49,1194,11
2514,16,1690,41,1654,49,1259,11
2514,16,1690,41,1654,49,1260,11
2514,16,1690,41,1654,49,1312,11
2514,16,1690,41,1654,49,1388,11
2514,16,1690,41,1654,49,1391,11
2514,16,1690,41,1654,49,1422,11
2514,16,1690,41,1654,49,1556,11
2514,16,1690,41,1654,49,1568,11
2514,16,1690,41,1654,49,1599,11
2514,16,1690,41,1654,49,1747,11
2514,16,1690,41,1654,49,1773,11
2514,16,1690,41,1654,49,1799,11
2514,16,1690,41,1654,49,1818,11
2514,16,1690,41,1654,49,1873,11
2514,16,1690,41,1654,49,1940,11
2514,16,1690,41,1654,49,1956,11
2514,16,1690,41,1654,49,1997,11
2514,16,1690,41,1654,49,2068,11
2514,16,1690,41,1654,49,2079,11
2514,16,1690,41,1654,49,2123,11
2514,16,1690,41,1654,49,2196,11
2514,16,1690,41,1654,49,2206,11
2514,16,1690,41,1654,49,2216,11
2514,16,1690,41,1654,49,2244,11
2514,16,1690,41,1654,49,2259,11
2514,16,1690,41,1654,49,2261,11
2514,16,1690,41,1654,49,2289,11
2514,16,1690,41,1654,49,2359,11
2514,16,1690,41,1654,49,2370,11
2514,16,1690,41,1654,49,2405,11
2514,16,1690,41,1716,30,45,11
2514,16,1690,41,1716,30,159,11
2514,16,1690,41,1716,30,272,11
2514,16,1690,41,1716,30,338,11
2514,16,1690,41,1716,30,390,11
2514,16,1690,41,1716,30,457,11
2514,16,1690,41,1716,30,463,11
2514,16,1690,41,1716,30,620,11
2514,16,1690,41,1716,30,700,11
2514,16,1690,41,1716,30,742,11
2514,16,1690,41,1716,30,758,11
2514,16,1690,41,1716,30,879,11
2514,16,1690,41,1716,30,927,11
2514,16,1690,41,1716,30,979,11
2514,16,1690,41,1716,30,1003,11
2514,16,1690,41,1716,30,1044,11
2514,16,1690,41,1716,30,1068,11
2514,16,1690,41,1716,30,1153,11
2514,16,1690,41,1716,30,1186,11
2514,16,1690,41,1716,30,1194,11
2514,16,1690,41,1716,30,1259,11
2514,16,1690,41,1716,30,1260,11
2514,16,1690,41,1716,30,1312,11
2514,16,1690,41,1716,30,1388,11
2514,16,1690,41,1716,30,1391,11
2514,16,1690,41,1716,30,1422,11
2514,16,1690,41,1716,30,1556,11
2514,16,1690,41,1716,30,1568,11
2514,16,1690,41,1716,30,1599,11
2514,16,1690,41,1716,30,1747,11
2514,16,1690,41,1716,30,1773,11
2514,16,1690,41,1716,30,1799,11
2514,16,1690,41,1716,30,1818,11
2514,16,1690,41,1716,30,1873,11
2514,16,1690,41,1716,30,1940,11
2514,16,1690,41,1716,30,1956,11
2514,16,1690,41,1716,30,1997,11
2514,16,1690,41,1716,30,2068,11
2514,16,1690,41,1716,30,2079,11
2514,16,1690,41,1716,30,2123,11
2514,16,1690,41,1716,30,2196,11
2514,16,1690,41,1716,30,2206,11
2514,16,1690,41,1716,30,2216,11
2514,16,1690,41,1716,30,2244,11
2514,16,1690,41,1716,30,2259,11
2514,16,1690,41,1716,30,2261,11
2514,16,1690,41,1716,30,2289,11
2514,16,1690,41,1716,30,2359,11
2514,16,1690,41,1716,30,2370,11
2514,16,1690,41,1716,30,2405,11
2514,16,1690,41,1829,34,45,11
2514,16,1690,41,1829,34,159,11
2514,16,1690,41,1829,34,272,11
2514,16,1690,41,1829,34,338,11
2514,16,1690,41,1829,34,390,11
2514,16,1690,41,1829,34,457,11
2514,16,1690,41,1829,34,463,11
2514,16,1690,41,1829,34,620,11
2514,16,1690,41,1829,34,700,11
2514,16,1690,41,1829,34,742,11
2514,16,1690,41,1829,34,758,11
2514,16,1690,41,1829,34,879,11
2514,16,1690,41,1829,34,927,11
2514,16,1690,41,1829,34,979,11
2514,16,1690,41,1829,34,1003,11
2514,16,1690,41,1829,34,1044,11
2514,16,1690,41,1829,34,1068,11
2514,16,1690,41,1829,34,1153,11
2514,16,1690,41,1829,34,1186,11
2514,16,1690,41,1829,34,1194,11
2514,16,1690,41,1829,34,1259,11
2514,16,1690,41,1829,34,1260,11
2514,16,1690,41,1829,34,1312,11
2514,16,1690,41,1829,34,1388,11
2514,16,1690,41,1829,34,1391,11
2514,16,1690,41,1829,34,1422,11
2514,16,1690,41,1829,34,1556,11
2514,16,1690,41,1829,34,1568,11
2514,16,1690,41,1829,34,1599,11
2514,16,1690,41,1829,34,1747,11
2514,16,1690,41,1829,34,1773,11
2514,16,1690,41,1829,34,1799,11
2514,16,1690,41,1829,34,1818,11
2514,16,1690,41,1829,34,1873,11
2514,16,1690,41,1829,34,1940,11
2514,16,1690,41,1829,34,1956,11
2514,16,1690,41,1829,34,1997,11
2514,16,1690,41,1829,34,2068,11
2514,16,1690,41,1829,34,2079,11
2514,16,1690,41,1829,34,2123,11
2514,16,1690,41,1829,34,2196,11
2514,16,1690,41,1829,34,2206,11
2514,16,1690,41,1829,34,2216,11
2514,16,1690,41,1829,34,2244,11
2514,16,1690,41,1829,34,2259,11
2514,16,1690,41,1829,34,2261,11
2514,16,1690,41,1829,34,2289,11
2514,16,1690,41,1829,34,2359,11
2514,16,1690,41,1829,34,2370,11
2514,16,1690,41,1829,34,2405,11
2514,16,1690,41,1934,28,45,11
2514,16,1690,41,1934,28,159,11
2514,16,1690,41,1934,28,272,11
2514,16,1690,41,1934,28,338,11
2514,16,1690,41,1934,28,390,11
2514,16,1690,41,1934,28,457,11
2514,16,1690,41,1934,28,463,11
2514,16,1690,41,1934,28,620,11
2514,16,1690,41,1934,28,700,11
2514,16,1690,41,1934,28,742,11
2514,16,1690,41,1934,28,758,11
2514,16,1690,41,1934,28,879,11
2514,16,1690,41,1934,28,927,11
2514,16,1690,41,1934,28,979,11
2514,16,1690,41,1934,28,1003,11
2514,16,1690,41,1934,28,1044,11
2514,16,1690,41,1934,28,1068,11
2514,16,1690,41,1934,28,1153,11
2514,16,1690,41,1934,28,1186,11
2514,16,1690,41,1934,28,1194,11
2514,16,1690,41,1934,28,1259,11
2514,16,1690,41,1934,28,1260,11
2514,16,1690,41,1934,28,1312,11
2514,16,1690,41,1934,28,1388,11
2514,16,1690,41,1934,28,1391,11
2514,16,1690,41,1934,28,1422,11
2514,16,1690,41,1934,28,1556,11
2514,16,1690,41,1934,28,1568,11
2514,16,1690,41,1934,28,1599,11
2514,16,1690,41,1934,28,1747,11
2514,16,1690,41,1934,28,1773,11
2514,16,1690,41,1934,28,1799,11
2514,16,1690,41,1934,28,1818,11
2514,16,1690,41,1934,28,1873,11
2514,16,1690,41,1934,28,1940,11
2514,16,1690,41,1934,28,1956,11
2514,16,1690,41,1934,28,1997,11
2514,16,1690,41,1934,28,2068,11
2514,16,1690,41,1934,28,2079,11
2514,16,1690,41,1934,28,2123,11
2514,16,1690,41,1934,28,2196,11
2514,16,1690,41,1934,28,2206,11
2514,16,1690,41,1934,28,2216,11
2514,16,1690,41,1934,28,2244,11
2514,16,1690,41,1934,28,2259,11
2514,16,1690,41,1934,28,2261,11
2514,16,1690,41,1934,28,2289,11
2514,16,1690,41,1934,28,2359,11
2514,16,1690,41,1934,28,2370,11
2514,16,1690,41,1934,28,2405,11
2514,16,1690,41,1986,24,457,11
2514,16,1690,41,1986,24,700,11
2514,16,1690,41,1986,24,927,11
2514,16,1690,41,1986,24,1003,11
2514,16,1690,41,1986,24,1153,11
2514,16,1690,41,1986,24,1194,11
2514,16,1690,41,1986,24,1568,11
2514,16,1690,41,1986,24,1599,11
2514,16,1690,41,1986,24,1818,11
2514,16,1690,41,1986,24,1940,11
