2514,16,331,25,115,45,45,11
2514,16,331,25,115,45,159,11
2514,16,331,25,115,45,272,11
2514,16,331,25,115,45,338,11
2514,16,331,25,115,45,390,11
2514,16,331,25,115,45,457,11
2514,16,331,25,115,45,463,11
2514,16,331,25,115,45,620,11
2514,16,331,25,115,45,700,11
2514,16,331,25,115,45,742,11
2514,16,331,25,115,45,758,11
2514,16,331,25,115,45,879,11
2514,16,331,25,115,45,927,11
2514,16,331,25,115,45,979,11
2514,16,331,25,115,45,1003,11
2514,16,331,25,115,45,1044,11
2514,16,331,25,115,45,1068,11
2514,16,331,25,115,45,1153,11
2514,16,331,25,115,45,1186,11
2514,16,331,25,115,45,1194,11
2514,16,331,25,115,45,1259,11
2514,16,331,25,115,45,1260,11
2514,16,331,25,115,45,1312,11
2514,16,331,25,115,45,1388,11
2514,16,331,25,115,45,1391,11
2514,16,331,25,115,45,1422,11
2514,16,331,25,115,45,1556,11
2514,16,331,25,115,45,1568,11
2514,16,331,25,115,45,1599,11
2514,16,331,25,115,45,1747,11
2514,16,331,25,115,45,1773,11
2514,16,331,25,115,45,1799,11
2514,16,331,25,115,45,1818,11
2514,16,331,25,115,45,1873,11
2514,16,331,25,115,45,1940,11
2514,16,331,25,115,45,1956,11
2514,16,331,25,115,45,1997,11
2514,16,331,25,115,45,2068,11
2514,16,331,25,115,45,2079,11
2514,16,331,25,115,45,2123,11
2514,16,331,25,115,45,2196,11
2514,16,331,25,115,45,2206,11
2514,16,331,25,115,45,2216,11
2514,16,331,25,115,45,2244,11
2514,16,331,25,115,45,2259,11
2514,16,331,25,115,45,2261,11
2514,16,331,25,115,45,2289,11
2514,16,331,25,115,45,2359,11
2514,16,331,25,115,45,2370,11
2514,16,331,25,115,45,2405,11
2514,16,331,25,496,49,45,11
2514,16,331,25,496,49,159,11
2514,16,331,25,496,49,272,11
2514,16,331,25,496,49,338,11
2514,16,331,25,496,49,390,11
2514,16,331,25,496,49,457,11
2514,16,331,25,496,49,463,11
2514,16,331,25,496,49,620,11
2514,16,331,25,496,49,700,11
2514,16,331,25,496,49,742,11
2514,16,331,25,496,49,758,11
2514,16,331,25,496,49,879,11
2514,16,331,25,496,49,927,11
2514,16,331,25,496,49,979,11
2514,16,331,25,496,49,1003,11
2514,16,331,25,496,49,1044,11
2514,16,331,25,496,49,1068,11
2514,16,331,25,496,49,1153,11
2514,16,331,25,496,49,1186,11
2514,16,331,25,496,49,1194,11
2514,16,331,25,496,49,1259,11
2514,16,331,25,496,49,1260,11
2514,16,331,25,496,49,1312,11
2514,16,331,25,496,49,1388,11
2514,16,331,25,496,49,1391,11
2514,16,331,25,496,49,1422,11
2514,16,331,25,496,49,1556,11
2514,16,331,25,496,49,1568,11
2514,16,331,25,496,49,1599,11
2514,16,331,25,496,49,1747,11
2514,16,331,25,496,49,1773,11
2514,16,331,25,496,49,1799,11
2514,16,331,25,496,49,1818,11
2514,16,331,25,496,49,1873,11
2514,16,331,25,496,49,1940,11
2514,16,331,25,496,49,1956,11
2514,16,331,25,496,49,1997,11
2514,16,331,25,496,49,2068,11
2514,16,331,25,496,49,2079,11
2514,16,331,25,496,49,2123,11
2514,16,331,25,496,49,2196,11
2514,16,331,25,496,49,2206,11
2514,16,331,25,496,49,2216,11
2514,16,331,25,496,49,2244,11
2514,16,331,25,496,49,2259,11
2514,16,331,25,496,49,2261,11
2514,16,331,25,496,49,2289,11
2514,16,331,25,496,49,2359,11
2514,16,331,25,496,49,2370,11
2514,16,331,25,496,49,2405,11
2514,16,331,25,656,45,45,11
2514,16,331,25,656,45,272,11
2514,16,331,25,656,45,338,11
2514,16,331,25,656,45,390,11
2514,16,331,25,656,45,620,11
2514,16,331,25,656,45,742,11
2514,16,331,25,656,45,758,11
2514,16,331,25,656,45,979,11
2514,16,331,25,656,45,1044,11
2514,16,331,25,656,45,1068,11
2514,16,331,25,656,45,1186,11
2514,16,331,25,656,45,1259,11
2514,16,331,25,656,45,1260,11
2514,16,331,25,656,45,1312,11
2514,16,331,25,656,45,1391,11
2514,16,331,25,656,45,1422,11
2514,16,331,25,656,45,1747,11
2514,16,331,25,656,45,1773,11
2514,16,331,25,656,45,1799,11
2514,16,331,25,656,45,1956,11
2514,16,331,25,656,45,1997,11
2514,16,331,25,656,45,2068,11
2514,16,331,25,656,45,2079,11
2514,16,331,25,656,45,2206,11
2514,16,331,25,656,45,2244,11
2514,16,331,25,656,45,2259,11
2514,16,331,25,656,45,2261,11
2514,16,331,25,656,45,2289,11
2514,16,331,25,656,45,2359,11
2514,16,331,25,656,45,2405,11
2514,16,331,25,725,45,45,11
2514,16,331,25,725,45,159,11
2514,16,331,25,725,45,272,11
2514,16,331,25,725,45,338,11
2514,16,331,25,725,45,390,11
2514,16,331,25,725,45,457,11
2514,16,331,25,725,45,463,11
2514,16,331,25,725,45,620,11
2514,16,331,25,725,45,700,11
2514,16,331,25,725,45,742,11
2514,16,331,25,725,45,758,11
2514,16,331,25,725,45,879,11
2514,16,331,25,725,45,927,11
2514,16,331,25,725,45,979,11
2514,16,331,25,725,45,1003,11
2514,16,331,25,725,45,1044,11
2514,16,331,25,725,45,1068,11
2514,16,331,25,725,45,1153,11
2514,16,331,25,725,45,1186,11
2514,16,331,25,725,45,1194,11
2514,16,331,25,725,45,1259,11
2514,16,331,25,725,45,1260,11
2514,16,331,25,725,45,1312,11
2514,16,331,25,725,45,1388,11
2514,16,331,25,725,45,1391,11
2514,16,331,25,725,45,1422,11
2514,16,331,25,725,45,1556,11
2514,16,331,25,725,45,1568,11
2514,16,331,25,725,45,1599,11
2514,16,331,25,725,45,1747,11
2514,16,331,25,725,45,1773,11
2514,16,331,25,725,45,1799,11
2514,16,331,25,725,45,1818,11
2514,16,331,25,725,45,1873,11
2514,16,331,25,725,45,1940,11
2514,16,331,25,725,45,1956,11
2514,16,331,25,725,45,1997,11
2514,16,331,25,725,45,2068,11
2514,16,331,25,725,45,2079,11
2514,16,331,25,725,45,2123,11
2514,16,331,25,725,45,2196,11
2514,16,331,25,725,45,2206,11
2514,16,331,25,725,45,2216,11
2514,16,331,25,725,45,2244,11
2514,16,331,25,725,45,2259,11
2514,16,331,25,725,45,2261,11
2514,16,331,25,725,45,2289,11
2514,16,331,25,725,45,2359,11
2514,16,331,25,725,45,2370,11
2514,16,331,25,725,45,2405,11
2514,16,331,25,837,23,45,11
2514,16,331,25,837,23,159,11
2514,16,331,25,837,23,272,11
2514,16,331,25,837,23,338,11
2514,16,331,25,837,23,390,11
2514,16,331,25,837,23,457,11
2514,16,331,25,837,23,463,11
2514,16,331,25,837,23,620,11
2514,16,331,25,837,23,700,11
2514,16,331,25,837,23,742,11
2514,16,331,25,837,23,758,11
2514,16,331,25,837,23,879,11
2514,16,331,25,837,23,927,11
2514,16,331,25,837,23,979,11
2514,16,331,25,837,23,1003,11
2514,16,331,25,837,23,1044,11
2514,16,331,25,837,23,1068,11
2514,16,331,25,837,23,1153,11
2514,16,331,25,837,23,1186,11
2514,16,331,25,837,23,1194,11
2514,16,331,25,837,23,1259,11
2514,16,331,25,837,23,1260,11
2514,16,331,25,837,23,1312,11
2514,16,331,25,837,23,1388,11
2514,16,331,25,837,23,1391,11
2514,16,331,25,837,23,1422,11
2514,16,331,25,837,23,1556,11
2514,16,331,25,837,23,1568,11
2514,16,331,25,837,23,1599,11
2514,16,331,25,837,23,1747,11
2514,16,331,25,837,23,1773,11
2514,16,331,25,837,23,1799,11
2514,16,331,25,837,23,1818,11
2514,16,331,25,837,23,1873,11
2514,16,331,25,837,23,1940,11
2514,16,331,25,837,23,1956,11
2514,16,331,25,837,23,1997,11
2514,16,331,25,837,23,2068,11
2514,16,331,25,837,23,2079,11
2514,16,331,25,837,23,2123,11
2514,16,331,25,837,23,2196,11
2514,16,331,25,837,23,2206,11
2514,16,331,25,837,23,2216,11
2514,16,331,25,837,23,2244,11
2514,16,331,25,837,23,2259,11
2514,16,331,25,837,23,2261,11
2514,16,331,25,837,23,2289,11
2514,16,331,25,837,23,2359,11
2514,16,331,25,837,23,2370,11
2514,16,331,25,837,23,2405,11
2514,16,331,25,1010,30,45,11
2514,16,331,25,1010,30,159,11
2514,16,331,25,1010,30,272,11
2514,16,331,25,1010,30,338,11
2514,16,331,25,1010,30,390,11
2514,16,331,25,1010,30,457,11
2514,16,331,25,1010,30,463,11
2514,16,331,25,1010,30,620,11
2514,16,331,25,1010,30,700,11
2514,16,331,25,1010,30,742,11
2514,16,331,25,1010,30,758,11
2514,16,331,25,1010,30,879,11
2514,16,331,25,1010,30,927,11
2514,16,331,25,1010,30,979,11
2514,16,331,25,1010,30,1003,11
2514,16,331,25,1010,30,1044,11
2514,16,331,25,1010,30,1068,11
2514,16,331,25,1010,30,1153,11
2514,16,331,25,1010,30,1186,11
2514,16,331,25,1010,30,1194,11
2514,16,331,25,1010,30,1259,11
2514,16,331,25,1010,30,1260,11
2514,16,331,25,1010,30,1312,11
2514,16,331,25,1010,30,1388,11
2514,16,331,25,1010,30,1391,11
2514,16,331,25,1010,30,1422,11
2514,16,331,25,1010,30,1556,11
2514,16,331,25,1010,30,1568,11
2514,16,331,25,1010,30,1599,11
2514,16,331,25,1010,30,1747,11
2514,16,331,25,1010,30,1773,11
2514,16,331,25,1010,30,1799,11
2514,16,331,25,1010,30,1818,11
2514,16,331,25,1010,30,1873,11
2514,16,331,25,1010,30,1940,11
2514,16,331,25,1010,30,1956,11
2514,16,331,25,1010,30,1997,11
2514,16,331,25,1010,30,2068,11
2514,16,331,25,1010,30,2079,11
2514,16,331,25,1010,30,2123,11
2514,16,331,25,1010,30,2196,11
2514,16,331,25,1010,30,2206,11
2514,16,331,25,1010,30,2216,11
2514,16,331,25,1010,30,2244,11
2514,16,331,25,1010,30,2259,11
2514,16,331,25,1010,30,2261,11
2514,16,331,25,1010,30,2289,11
2514,16,331,25,1010,30,2359,11
2514,16,331,25,1010,30,2370,11
2514,16,331,25,1010,30,2405,11
2514,16,331,25,1143,18,45,11
2514,16,331,25,1143,18,159,11
2514,16,331,25,1143,18,272,11
2514,16,331,25,1143,18,338,11
2514,16,331,25,1143,18,390,11
2514,16,331,25,1143,18,457,11
2514,16,331,25,1143,18,463,11
2514,16,331,25,1143,18,620,11
2514,16,331,25,1143,18,700,11
2514,16,331,25,1143,18,742,11
2514,16,331,25,1143,18,758,11
2514,16,331,25,1143,18,879,11
2514,16,331,25,1143,18,927,11
2514,16,331,25,1143,18,979,11
2514,16,331,25,1143,18,1003,11
2514,16,331,25,1143,18,1044,11
2514,16,331,25,1143,18,1068,11
2514,16,331,25,1143,18,1153,11
2514,16,331,25,1143,18,1186,11
2514,16,331,25,1143,18,1194,11
2514,16,331,25,1143,18,1259,11
2514,16,331,25,1143,18,1260,11
2514,16,331,25,1143,18,1312,11
2514,16,331,25,1143,18,1388,11
2514,16,331,25,1143,18,1391,11
2514,16,331,25,1143,18,1422,11
2514,16,331,25,1143,18,1556,11
2514,16,331,25,1143,18,1568,11
2514,16,331,25,1143,18,1599,11
2514,16,331,25,1143,18,1747,11
2514,16,331,25,1143,18,1773,11
2514,16,331,25,1143,18,1799,11
2514,16,331,25,1143,18,1818,11
2514,16,331,25,1143,18,1873,11
2514,16,331,25,1143,18,1940,11
2514,16,331,25,1143,18,1956,11
2514,16,331,25,1143,18,1997,11
2514,16,331,25,1143,18,2068,11
2514,16,331,25,1143,18,2079,11
2514,16,331,25,1143,18,2123,11
2514,16,331,25,1143,18,2196,11
2514,16,331,25,1143,18,2206,11
2514,16,331,25,1143,18,2216,11
2514,16,331,25,1143,18,2244,11
2514,16,331,25,1143,18,2259,11
2514,16,331,25,1143,18,2261,11
2514,16,331,25,1143,18,2289,11
2514,16,331,25,1143,18,2359,11
2514,16,331,25,1143,18,2370,11
2514,16,331,25,1143,18,2405,11
2514,16,331,25,1219,16,45,11
2514,16,331,25,1219,16,159,11
2514,16,331,25,1219,16,272,11
2514,16,331,25,1219,16,338,11
2514,16,331,25,1219,16,390,11
2514,16,331,25,1219,16,457,11
2514,16,331,25,1219,16,463,11
2514,16,331,25,1219,16,620,11
2514,16,331,25,1219,16,700,11
2514,16,331,25,1219,16,742,11
2514,16,331,25,1219,16,758,11
2514,16,331,25,1219,16,879,11
2514,16,331,25,1219,16,927,11
2514,16,331,25,1219,16,979,11
2514,16,331,25,1219,16,1003,11
2514,16,331,25,1219,16,1044,11
2514,16,331,25,1219,16,1068,11
2514,16,331,25,1219,16,1153,11
2514,16,331,25,1219,16,1186,11
2514,16,331,25,1219,16,1194,11
2514,16,331,25,1219,16,1259,11
2514,16,331,25,1219,16,1260,11
2514,16,331,25,1219,16,1312,11
2514,16,331,25,1219,16,1388,11
2514,16,331,25,1219,16,1391,11
2514,16,331,25,1219,16,1422,11
2514,16,331,25,1219,16,1556,11
2514,16,331,25,1219,16,1568,11
2514,16,331,25,1219,16,1599,11
2514,16,331,25,1219,16,1747,11
2514,16,331,25,1219,16,1773,11
2514,16,331,25,1219,16,1799,11
2514,16,331,25,1219,16,1818,11
2514,16,331,25,1219,16,1873,11
2514,16,331,25,1219,16,1940,11
2514,16,331,25,1219,16,1956,11
2514,16,331,25,1219,16,1997,11
2514,16,331,25,1219,16,2068,11
2514,16,331,25,1219,16,2079,11
2514,16,331,25,1219,16,2123,11
2514,16,331,25,1219,16,2196,11
2514,16,331,25,1219,16,2206,11
2514,16,331,25,1219,16,2216,11
2514,16,331,25,1219,16,2244,11
2514,16,331,25,1219,16,2259,11
2514,16,331,25,1219,16,2261,11
2514,16,331,25,1219,16,2289,11
2514,16,331,25,1219,16,2359,11
2514,16,331,25,1219,16,2370,11
2514,16,331,25,1219,16,2405,11
2514,16,331,25,1285,26,45,11
2514,16,331,25,1285,26,159,11
2514,16,331,25,1285,26,272,11
2514,16,331,25,1285,26,338,11
2514,16,331,25,1285,26,390,11
2514,16,331,25,1285,26,457,11
2514,16,331,25,1285,26,463,11
2514,16,331,25,1285,26,620,11
2514,16,331,25,1285,26,700,11
2514,16,331,25,1285,26,742,11
2514,16,331,25,1285,26,758,11
2514,16,331,25,1285,26,879,11
2514,16,331,25,1285,26,927,11
2514,16,331,25,1285,26,979,11
2514,16,331,25,1285,26,1003,11
2514,16,331,25,1285,26,1044,11
2514,16,331,25,1285,26,1068,11
2514,16,331,25,1285,26,1153,11
2514,16,331,25,1285,26,1186,11
2514,16,331,25,1285,26,1194,11
2514,16,331,25,1285,26,1259,11
2514,16,331,25,1285,26,1260,11
2514,16,331,25,1285,26,1312,11
2514,16,331,25,1285,26,1388,11
2514,16,331,25,1285,26,1391,11
2514,16,331,25,1285,26,1422,11
2514,16,331,25,1285,26,1556,11
2514,16,331,25,1285,26,1568,11
2514,16,331,25,1285,26,1599,11
2514,16,331,25,1285,26,1747,11
2514,16,331,25,1285,26,1773,11
2514,16,331,25,1285,26,1799,11
2514,16,331,25,1285,26,1818,11
2514,16,331,25,1285,26,1873,11
2514,16,331,25,1285,26,1940,11
2514,16,331,25,1285,26,1956,11
2514,16,331,25,1285,26,1997,11
2514,16,331,25,1285,26,2068,11
2514,16,331,25,1285,26,2079,11
2514,16,331,25,1285,26,2123,11
2514,16,331,25,1285,26,2196,11
2514,16,331,25,1285,26,2206,11
2514,16,331,25,1285,26,2216,11
2514,16,331,25,1285,26,2244,11
2514,16,331,25,1285,26,2259,11
2514,16,331,25,1285,26,2261,11
2514,16,331,25,1285,26,2289,11
2514,16,331,25,1285,26,2359,11
2514,16,331,25,1285,26,2370,11
2514,16,331,25,1285,26,2405,11
2514,16,331,25,1373,17,457,11
2514,16,331,25,1373,17,700,11
2514,16,331,25,1373,17,927,11
2514,16,331,25,1373,17,1003,11
2514,16,331,25,1373,17,1153,11
2514,16,331,25,1373,17,1194,11
2514,16,331,25,1373,17,1568,11
2514,16,331,25,1373,17,1599,11
2514,16,331,25,1373,17,1818,11
2514,16,331,25,1373,17,1940,11
2514,16,331,25,1575,14,45,11
2514,16,331,25,1575,14,159,11
2514,16,331,25,1575,14,272,11
2514,16,331,25,1575,14,338,11
2514,16,331,25,1575,14,390,11
2514,16,331,25,1575,14,457,11
2514,16,331,25,1575,14,463,11
2514,16,331,25,1575,14,620,11
2514,16,331,25,1575,14,700,11
2514,16,331,25,1575,14,742,11
2514,16,331,25,1575,14,758,11
2514,16,331,25,1575,14,879,11
2514,16,331,25,1575,14,927,11
2514,16,331,25,1575,14,979,11
2514,16,331,25,1575,14,1003,11
2514,16,331,25,1575,14,1044,11
2514,16,331,25,1575,14,1068,11
2514,16,331,25,1575,14,1153,11
2514,16,331,25,1575,14,1186,11
2514,16,331,25,1575,14,1194,11
2514,16,331,25,1575,14,1259,11
2514,16,331,25,1575,14,1260,11
2514,16,331,25,1575,14,1312,11
2514,16,331,25,1575,14,1388,11
2514,16,331,25,1575,14,1391,11
2514,16,331,25,1575,14,1422,11
2514,16,331,25,1575,14,1556,11
2514,16,331,25,1575,14,1568,11
2514,16,331,25,1575,14,1599,11
2514,16,331,25,1575,14,1747,11
2514,16,331,25,1575,14,1773,11
2514,16,331,25,1575,14,1799,11
2514,16,331,25,1575,14,1818,11
2514,16,331,25,1575,14,1873,11
2514,16,331,25,1575,14,1940,11
2514,16,331,25,1575,14,1956,11
2514,16,331,25,1575,14,1997,11
2514,16,331,25,1575,14,2068,11
2514,16,331,25,1575,14,2079,11
2514,16,331,25,1575,14,2123,11
2514,16,331,25,1575,14,2196,11
2514,16,331,25,1575,14,2206,11
2514,16,331,25,1575,14,2216,11
2514,16,331,25,1575,14,2244,11
2514,16,331,25,1575,14,2259,11
2514,16,331,25,1575,14,2261,11
2514,16,331,25,1575,14,2289,11
2514,16,331,25,1575,14,2359,11
2514,16,331,25,1575,14,2370,11
2514,16,331,25,1575,14,2405,11
2514,16,331,25,1700,48,45,11
2514,16,331,25,1700,48,159,11
2514,16,331,25,1700,48,272,11
2514,16,331,25,1700,48,338,11
2514,16,331,25,1700,48,390,11
2514,16,331,25,1700,48,457,11
2514,16,331,25,1700,48,463,11
2514,16,331,25,1700,48,620,11
2514,16,331,25,1700,48,700,11
2514,16,331,25,1700,48,742,11
2514,16,331,25,1700,48,758,11
2514,16,331,25,1700,48,879,11
2514,16,331,25,1700,48,927,11
2514,16,331,25,1700,48,979,11
2514,16,331,25,1700,48,1003,11
2514,16,331,25,1700,48,1044,11
2514,16,331,25,1700,48,1068,11
2514,16,331,25,1700,48,1153,11
2514,16,331,25,1700,48,1186,11
2514,16,331,25,1700,48,1194,11
2514,16,331,25,1700,48,1259,11
2514,16,331,25,1700,48,1260,11
2514,16,331,25,1700,48,1312,11
2514,16,331,25,1700,48,1388,11
2514,16,331,25,1700,48,1391,11
2514,16,331,25,1700,48,1422,11
2514,16,331,25,1700,48,1556,11
2514,16,331,25,1700,48,1568,11
2514,16,331,25,1700,48,1599,11
2514,16,331,25,1700,48,1747,11
2514,16,331,25,1700,48,1773,11
2514,16,331,25,1700,48,1799,11
2514,16,331,25,1700,48,1818,11
2514,16,331,25,1700,48,1873,11
2514,16,331,25,1700,48,1940,11
2514,16,331,25,1700,48,1956,11
2514,16,331,25,1700,48,1997,11
2514,16,331,25,1700,48,2068,11
2514,16,331,25,1700,48,2079,11
2514,16,331,25,1700,48,2123,11
2514,16,331,25,1700,48,2196,11
2514,16,331,25,1700,48,2206,11
2514,16,331,25,1700,48,2216,11
2514,16,331,25,1700,48,2244,11
2514,16,331,25,1700,48,2259,11
2514,16,331,25,1700,48,2261,11
2514,16,331,25,1700,48,2289,11
2514,16,331,25,1700,48,2359,11
2514,16,331,25,1700,48,2370,11
2514,16,331,25,1700,48,2405,11
2514,16,331,25,1940,49,45,11
2514,16,331,25,1940,49,159,11
2514,16,331,25,1940,49,272,11
2514,16,331,25,1940,49,338,11
2514,16,331,25,1940,49,390,11
2514,16,331,25,1940,49,457,11
2514,16,331,25,1940,49,463,11
2514,16,331,25,1940,49,620,11
2514,16,331,25,1940,49,700,11
2514,16,331,25,1940,49,742,11
2514,16,331,25,1940,49,758,11
2514,16,331,25,1940,49,879,11
2514,16,331,25,1940,49,927,11
2514,16,331,25,1940,49,979,11
2514,16,331,25,1940,49,1003,11
2514,16,331,25,1940,49,1044,11
2514,16,331,25,1940,49,1068,11
2514,16,331,25,1940,49,1153,11
2514,16,331,25,1940,49,1186,11
2514,16,331,25,1940,49,1194,11
2514,16,331,25,1940,49,1259,11
2514,16,331,25,1940,49,1260,11
2514,16,331,25,1940,49,1312,11
2514,16,331,25,1940,49,1388,11
2514,16,331,25,1940,49,1391,11
2514,16,331,25,1940,49,1422,11
2514,16,331,25,1940,49,1556,11
2514,16,331,25,1940,49,1568,11
2514,16,331,25,1940,49,1599,11
2514,16,331,25,1940,49,1747,11
2514,16,331,25,1940,49,1773,11
2514,16,331,25,1940,49,1799,11
2514,16,331,25,1940,49,1818,11
2514,16,331,25,1940,49,1873,11
2514,16,331,25,1940,49,1940,11
2514,16,331,25,1940,49,1956,11
2514,16,331,25,1940,49,1997,11
2514,16,331,25,1940,49,2068,11
2514,16,331,25,1940,49,2079,11
2514,16,331,25,1940,49,2123,11
2514,16,331,25,1940,49,2196,11
2514,16,331,25,1940,49,2206,11
2514,16,331,25,1940,49,2216,11
2514,16,331,25,1940,49,2244,11
2514,16,331,25,1940,49,2259,11
2514,16,331,25,1940,49,2261,11
2514,16,331,25,1940,49,2289,11
2514,16,331,25,1940,49,2359,11
2514,16,331,25,1940,49,2370,11
2514,16,331,25,1940,49,2405,11
2514,16,331,25,1994,43,45,11
2514,16,331,25,1994,43,159,11
2514,16,331,25,1994,43,272,11
2514,16,331,25,1994,43,338,11
2514,16,331,25,1994,43,390,11
2514,16,331,25,1994,43,457,11
2514,16,331,25,1994,43,463,11
2514,16,331,25,1994,43,620,11
2514,16,331,25,1994,43,700,11
2514,16,331,25,1994,43,742,11
2514,16,331,25,1994,43,758,11
2514,16,331,25,1994,43,879,11
2514,16,331,25,1994,43,927,11
2514,16,331,25,1994,43,979,11
2514,16,331,25,1994,43,1003,11
2514,16,331,25,1994,43,1044,11
2514,16,331,25,1994,43,1068,11
2514,16,331,25,1994,43,1153,11
2514,16,331,25,1994,43,1186,11
2514,16,331,25,1994,43,1194,11
2514,16,331,25,1994,43,1259,11
2514,16,331,25,1994,43,1260,11
2514,16,331,25,1994,43,1312,11
2514,16,331,25,1994,43,1388,11
2514,16,331,25,1994,43,1391,11
2514,16,331,25,1994,43,1422,11
2514,16,331,25,1994,43,1556,11
2514,16,331,25,1994,43,1568,11
2514,16,331,25,1994,43,1599,11
2514,16,331,25,1994,43,1747,11
2514,16,331,25,1994,43,1773,11
2514,16,331,25,1994,43,1799,11
2514,16,331,25,1994,43,1818,11
2514,16,331,25,1994,43,1873,11
2514,16,331,25,1994,43,1940,11
2514,16,331,25,1994,43,1956,11
2514,16,331,25,1994,43,1997,11
2514,16,331,25,1994,43,2068,11
2514,16,331,25,1994,43,2079,11
2514,16,331,25,1994,43,2123,11
2514,16,331,25,1994,43,2196,11
2514,16,331,25,1994,43,2206,11
2514,16,331,25,1994,43,2216,11
2514,16,331,25,1994,43,2244,11
2514,16,331,25,1994,43,2259,11
2514,16,331,25,1994,43,2261,11
2514,16,331,25,1994,43,2289,11
2514,16,331,25,1994,43,2359,11
2514,16,331,25,1994,43,2370,11
2514,16,331,25,1994,43,2405,11
