2514,16,198,0,29,31,45,11
2514,16,198,0,29,31,159,11
2514,16,198,0,29,31,272,11
2514,16,198,0,29,31,338,11
2514,16,198,0,29,31,390,11
2514,16,198,0,29,31,457,11
2514,16,198,0,29,31,463,11
2514,16,198,0,29,31,620,11
2514,16,198,0,29,31,700,11
2514,16,198,0,29,31,742,11
2514,16,198,0,29,31,758,11
2514,16,198,0,29,31,879,11
2514,16,198,0,29,31,927,11
2514,16,198,0,29,31,979,11
2514,16,198,0,29,31,1003,11
2514,16,198,0,29,31,1044,11
2514,16,198,0,29,31,1068,11
2514,16,198,0,29,31,1153,11
2514,16,198,0,29,31,1186,11
2514,16,198,0,29,31,1194,11
2514,16,198,0,29,31,1259,11
2514,16,198,0,29,31,1260,11
2514,16,198,0,29,31,1312,11
2514,16,198,0,29,31,1388,11
2514,16,198,0,29,31,1391,11
2514,16,198,0,29,31,1422,11
2514,16,198,0,29,31,1556,11
2514,16,198,0,29,31,1568,11
2514,16,198,0,29,31,1599,11
2514,16,198,0,29,31,1747,11
2514,16,198,0,29,31,1773,11
2514,16,198,0,29,31,1799,11
2514,16,198,0,29,31,1818,11
2514,16,198,0,29,31,1873,11
2514,16,198,0,29,31,1940,11
2514,16,198,0,29,31,1956,11
2514,16,198,0,29,31,1997,11
2514,16,198,0,29,31,2068,11
2514,16,198,0,29,31,2079,11
2514,16,198,0,29,31,2123,11
2514,16,198,0,29,31,2196,11
2514,16,198,0,29,31,2206,11
2514,16,198,0,29,31,2216,11
2514,16,198,0,29,31,2244,11
2514,16,198,0,29,31,2259,11
2514,16,198,0,29,31,2261,11
2514,16,198,0,29,31,2289,11
2514,16,198,0,29,31,2359,11
2514,16,198,0,29,31,2370,11
2514,16,198,0,29,31,2405,11
2514,16,198,0,247,9,45,11
2514,16,198,0,247,9,159,11
2514,16,198,0,247,9,272,11
2514,16,198,0,247,9,338,11
2514,16,198,0,247,9,390,11
2514,16,198,0,247,9,457,11
2514,16,198,0,247,9,463,11
2514,16,198,0,247,9,620,11
2514,16,198,0,247,9,700,11
2514,16,198,0,247,9,742,11
2514,16,198,0,247,9,758,11
2514,16,198,0,247,9,879,11
2514,16,198,0,247,9,927,11
2514,16,198,0,247,9,979,11
2514,16,198,0,247,9,1003,11
2514,16,198,0,247,9,1044,11
2514,16,198,0,247,9,1068,11
2514,16,198,0,247,9,1153,11
2514,16,198,0,247,9,1186,11
2514,16,198,0,247,9,1194,11
2514,16,198,0,247,9,1259,11
2514,16,198,0,247,9,1260,11
2514,16,198,0,247,9,1312,11
2514,16,198,0,247,9,1388,11
2514,16,198,0,247,9,1391,11
2514,16,198,0,247,9,1422,11
2514,16,198,0,247,9,1556,11
2514,16,198,0,247,9,1568,11
2514,16,198,0,247,9,1599,11
2514,16,198,0,247,9,1747,11
2514,16,198,0,247,9,1773,11
2514,16,198,0,247,9,1799,11
2514,16,198,0,247,9,1818,11
2514,16,198,0,247,9,1873,11
2514,16,198,0,247,9,1940,11
2514,16,198,0,247,9,1956,11
2514,16,198,0,247,9,1997,11
2514,16,198,0,247,9,2068,11
2514,16,198,0,247,9,2079,11
2514,16,198,0,247,9,2123,11
2514,16,198,0,247,9,2196,11
2514,16,198,0,247,9,2206,11
2514,16,198,0,247,9,2216,11
2514,16,198,0,247,9,2244,11
2514,16,198,0,247,9,2259,11
2514,16,198,0,247,9,2261,11
2514,16,198,0,247,9,2289,11
2514,16,198,0,247,9,2359,11
2514,16,198,0,247,9,2370,11
2514,16,198,0,247,9,2405,11
2514,16,198,0,276,17,45,11
2514,16,198,0,276,17,159,11
2514,16,198,0,276,17,272,11
2514,16,198,0,276,17,338,11
2514,16,198,0,276,17,390,11
2514,16,198,0,276,17,457,11
2514,16,198,0,276,17,463,11
2514,16,198,0,276,17,620,11
2514,16,198,0,276,17,700,11
2514,16,198,0,276,17,742,11
2514,16,198,0,276,17,758,11
2514,16,198,0,276,17,879,11
2514,16,198,0,276,17,927,11
2514,16,198,0,276,17,979,11
2514,16,198,0,276,17,1003,11
2514,16,198,0,276,17,1044,11
2514,16,198,0,276,17,1068,11
2514,16,198,0,276,17,1153,11
2514,16,198,0,276,17,1186,11
2514,16,198,0,276,17,1194,11
2514,16,198,0,276,17,1259,11
2514,16,198,0,276,17,1260,11
2514,16,198,0,276,17,1312,11
2514,16,198,0,276,17,1388,11
2514,16,198,0,276,17,1391,11
2514,16,198,0,276,17,1422,11
2514,16,198,0,276,17,1556,11
2514,16,198,0,276,17,1568,11
2514,16,198,0,276,17,1599,11
2514,16,198,0,276,17,1747,11
2514,16,198,0,276,17,1773,11
2514,16,198,0,276,17,1799,11
2514,16,198,0,276,17,1818,11
2514,16,198,0,276,17,1873,11
2514,16,198,0,276,17,1940,11
2514,16,198,0,276,17,1956,11
2514,16,198,0,276,17,1997,11
2514,16,198,0,276,17,2068,11
2514,16,198,0,276,17,2079,11
2514,16,198,0,276,17,2123,11
2514,16,198,0,276,17,2196,11
2514,16,198,0,276,17,2206,11
2514,16,198,0,276,17,2216,11
2514,16,198,0,276,17,2244,11
2514,16,198,0,276,17,2259,11
2514,16,198,0,276,17,2261,11
2514,16,198,0,276,17,2289,11
2514,16,198,0,276,17,2359,11
2514,16,198,0,276,17,2370,11
2514,16,198,0,276,17,2405,11
2514,16,198,0,349,43,45,11
2514,16,198,0,349,43,159,11
2514,16,198,0,349,43,272,11
2514,16,198,0,349,43,338,11
2514,16,198,0,349,43,390,11
2514,16,198,0,349,43,457,11
2514,16,198,0,349,43,463,11
2514,16,198,0,349,43,620,11
2514,16,198,0,349,43,700,11
2514,16,198,0,349,43,742,11
2514,16,198,0,349,43,758,11
2514,16,198,0,349,43,879,11
2514,16,198,0,349,43,927,11
2514,16,198,0,349,43,979,11
2514,16,198,0,349,43,1003,11
2514,16,198,0,349,43,1044,11
2514,16,198,0,349,43,1068,11
2514,16,198,0,349,43,1153,11
2514,16,198,0,349,43,1186,11
2514,16,198,0,349,43,1194,11
2514,16,198,0,349,43,1259,11
2514,16,198,0,349,43,1260,11
2514,16,198,0,349,43,1312,11
2514,16,198,0,349,43,1388,11
2514,16,198,0,349,43,1391,11
2514,16,198,0,349,43,1422,11
2514,16,198,0,349,43,1556,11
2514,16,198,0,349,43,1568,11
2514,16,198,0,349,43,1599,11
2514,16,198,0,349,43,1747,11
2514,16,198,0,349,43,1773,11
2514,16,198,0,349,43,1799,11
2514,16,198,0,349,43,1818,11
2514,16,198,0,349,43,1873,11
2514,16,198,0,349,43,1940,11
2514,16,198,0,349,43,1956,11
2514,16,198,0,349,43,1997,11
2514,16,198,0,349,43,2068,11
2514,16,198,0,349,43,2079,11
2514,16,198,0,349,43,2123,11
2514,16,198,0,349,43,2196,11
2514,16,198,0,349,43,2206,11
2514,16,198,0,349,43,2216,11
2514,16,198,0,349,43,2244,11
2514,16,198,0,349,43,2259,11
2514,16,198,0,349,43,2261,11
2514,16,198,0,349,43,2289,11
2514,16,198,0,349,43,2359,11
2514,16,198,0,349,43,2370,11
2514,16,198,0,349,43,2405,11
2514,16,198,0,362,18,457,11
2514,16,198,0,362,18,700,11
2514,16,198,0,362,18,927,11
2514,16,198,0,362,18,1003,11
2514,16,198,0,362,18,1153,11
2514,16,198,0,362,18,1194,11
2514,16,198,0,362,18,1568,11
2514,16,198,0,362,18,1599,11
2514,16,198,0,362,18,1818,11
2514,16,198,0,362,18,1940,11
2514,16,198,0,483,34,45,11
2514,16,198,0,483,34,159,11
2514,16,198,0,483,34,272,11
2514,16,198,0,483,34,338,11
2514,16,198,0,483,34,390,11
2514,16,198,0,483,34,457,11
2514,16,198,0,483,34,463,11
2514,16,198,0,483,34,620,11
2514,16,198,0,483,34,700,11
2514,16,198,0,483,34,742,11
2514,16,198,0,483,34,758,11
2514,16,198,0,483,34,879,11
2514,16,198,0,483,34,927,11
2514,16,198,0,483,34,979,11
2514,16,198,0,483,34,1003,11
2514,16,198,0,483,34,1044,11
2514,16,198,0,483,34,1068,11
2514,16,198,0,483,34,1153,11
2514,16,198,0,483,34,1186,11
2514,16,198,0,483,34,1194,11
2514,16,198,0,483,34,1259,11
2514,16,198,0,483,34,1260,11
2514,16,198,0,483,34,1312,11
2514,16,198,0,483,34,1388,11
2514,16,198,0,483,34,1391,11
2514,16,198,0,483,34,1422,11
2514,16,198,0,483,34,1556,11
2514,16,198,0,483,34,1568,11
2514,16,198,0,483,34,1599,11
2514,16,198,0,483,34,1747,11
2514,16,198,0,483,34,1773,11
2514,16,198,0,483,34,1799,11
2514,16,198,0,483,34,1818,11
2514,16,198,0,483,34,1873,11
2514,16,198,0,483,34,1940,11
2514,16,198,0,483,34,1956,11
2514,16,198,0,483,34,1997,11
2514,16,198,0,483,34,2068,11
2514,16,198,0,483,34,2079,11
2514,16,198,0,483,34,2123,11
2514,16,198,0,483,34,2196,11
2514,16,198,0,483,34,2206,11
2514,16,198,0,483,34,2216,11
2514,16,198,0,483,34,2244,11
2514,16,198,0,483,34,2259,11
2514,16,198,0,483,34,2261,11
2514,16,198,0,483,34,2289,11
2514,16,198,0,483,34,2359,11
2514,16,198,0,483,34,2370,11
2514,16,198,0,483,34,2405,11
2514,16,198,0,493,16,45,11
2514,16,198,0,493,16,159,11
2514,16,198,0,493,16,272,11
2514,16,198,0,493,16,338,11
2514,16,198,0,493,16,390,11
2514,16,198,0,493,16,457,11
2514,16,198,0,493,16,463,11
2514,16,198,0,493,16,620,11
2514,16,198,0,493,16,700,11
2514,16,198,0,493,16,742,11
2514,16,198,0,493,16,758,11
2514,16,198,0,493,16,879,11
2514,16,198,0,493,16,927,11
2514,16,198,0,493,16,979,11
2514,16,198,0,493,16,1003,11
2514,16,198,0,493,16,1044,11
2514,16,198,0,493,16,1068,11
2514,16,198,0,493,16,1153,11
2514,16,198,0,493,16,1186,11
2514,16,198,0,493,16,1194,11
2514,16,198,0,493,16,1259,11
2514,16,198,0,493,16,1260,11
2514,16,198,0,493,16,1312,11
2514,16,198,0,493,16,1388,11
2514,16,198,0,493,16,1391,11
2514,16,198,0,493,16,1422,11
2514,16,198,0,493,16,1556,11
2514,16,198,0,493,16,1568,11
2514,16,198,0,493,16,1599,11
2514,16,198,0,493,16,1747,11
2514,16,198,0,493,16,1773,11
2514,16,198,0,493,16,1799,11
2514,16,198,0,493,16,1818,11
2514,16,198,0,493,16,1873,11
2514,16,198,0,493,16,1940,11
2514,16,198,0,493,16,1956,11
2514,16,198,0,493,16,1997,11
2514,16,198,0,493,16,2068,11
2514,16,198,0,493,16,2079,11
2514,16,198,0,493,16,2123,11
2514,16,198,0,493,16,2196,11
2514,16,198,0,493,16,2206,11
2514,16,198,0,493,16,2216,11
2514,16,198,0,493,16,2244,11
2514,16,198,0,493,16,2259,11
2514,16,198,0,493,16,2261,11
2514,16,198,0,493,16,2289,11
2514,16,198,0,493,16,2359,11
2514,16,198,0,493,16,2370,11
2514,16,198,0,493,16,2405,11
2514,16,198,0,780,28,45,11
2514,16,198,0,780,28,159,11
2514,16,198,0,780,28,272,11
2514,16,198,0,780,28,338,11
2514,16,198,0,780,28,390,11
2514,16,198,0,780,28,457,11
2514,16,198,0,780,28,463,11
2514,16,198,0,780,28,620,11
2514,16,198,0,780,28,700,11
2514,16,198,0,780,28,742,11
2514,16,198,0,780,28,758,11
2514,16,198,0,780,28,879,11
2514,16,198,0,780,28,927,11
2514,16,198,0,780,28,979,11
2514,16,198,0,780,28,1003,11
2514,16,198,0,780,28,1044,11
2514,16,198,0,780,28,1068,11
2514,16,198,0,780,28,1153,11
2514,16,198,0,780,28,1186,11
2514,16,198,0,780,28,1194,11
2514,16,198,0,780,28,1259,11
2514,16,198,0,780,28,1260,11
2514,16,198,0,780,28,1312,11
2514,16,198,0,780,28,1388,11
2514,16,198,0,780,28,1391,11
2514,16,198,0,780,28,1422,11
2514,16,198,0,780,28,1556,11
2514,16,198,0,780,28,1568,11
2514,16,198,0,780,28,1599,11
2514,16,198,0,780,28,1747,11
2514,16,198,0,780,28,1773,11
2514,16,198,0,780,28,1799,11
2514,16,198,0,780,28,1818,11
2514,16,198,0,780,28,1873,11
2514,16,198,0,780,28,1940,11
2514,16,198,0,780,28,1956,11
2514,16,198,0,780,28,1997,11
2514,16,198,0,780,28,2068,11
2514,16,198,0,780,28,2079,11
2514,16,198,0,780,28,2123,11
2514,16,198,0,780,28,2196,11
2514,16,198,0,780,28,2206,11
2514,16,198,0,780,28,2216,11
2514,16,198,0,780,28,2244,11
2514,16,198,0,780,28,2259,11
2514,16,198,0,780,28,2261,11
2514,16,198,0,780,28,2289,11
2514,16,198,0,780,28,2359,11
2514,16,198,0,780,28,2370,11
2514,16,198,0,780,28,2405,11
2514,16,198,0,793,43,45,11
2514,16,198,0,793,43,159,11
2514,16,198,0,793,43,272,11
2514,16,198,0,793,43,338,11
2514,16,198,0,793,43,390,11
2514,16,198,0,793,43,457,11
2514,16,198,0,793,43,463,11
2514,16,198,0,793,43,620,11
2514,16,198,0,793,43,700,11
2514,16,198,0,793,43,742,11
2514,16,198,0,793,43,758,11
2514,16,198,0,793,43,879,11
2514,16,198,0,793,43,927,11
2514,16,198,0,793,43,979,11
2514,16,198,0,793,43,1003,11
2514,16,198,0,793,43,1044,11
2514,16,198,0,793,43,1068,11
2514,16,198,0,793,43,1153,11
2514,16,198,0,793,43,1186,11
2514,16,198,0,793,43,1194,11
2514,16,198,0,793,43,1259,11
2514,16,198,0,793,43,1260,11
2514,16,198,0,793,43,1312,11
2514,16,198,0,793,43,1388,11
2514,16,198,0,793,43,1391,11
2514,16,198,0,793,43,1422,11
2514,16,198,0,793,43,1556,11
2514,16,198,0,793,43,1568,11
2514,16,198,0,793,43,1599,11
2514,16,198,0,793,43,1747,11
2514,16,198,0,793,43,1773,11
2514,16,198,0,793,43,1799,11
2514,16,198,0,793,43,1818,11
2514,16,198,0,793,43,1873,11
2514,16,198,0,793,43,1940,11
2514,16,198,0,793,43,1956,11
2514,16,198,0,793,43,1997,11
2514,16,198,0,793,43,2068,11
2514,16,198,0,793,43,2079,11
2514,16,198,0,793,43,2123,11
2514,16,198,0,793,43,2196,11
2514,16,198,0,793,43,2206,11
2514,16,198,0,793,43,2216,11
2514,16,198,0,793,43,2244,11
2514,16,198,0,793,43,2259,11
2514,16,198,0,793,43,2261,11
2514,16,198,0,793,43,2289,11
2514,16,198,0,793,43,2359,11
2514,16,198,0,793,43,2370,11
2514,16,198,0,793,43,2405,11
2514,16,198,0,857,14,45,11
2514,16,198,0,857,14,159,11
2514,16,198,0,857,14,272,11
2514,16,198,0,857,14,338,11
2514,16,198,0,857,14,390,11
2514,16,198,0,857,14,457,11
2514,16,198,0,857,14,463,11
2514,16,198,0,857,14,620,11
2514,16,198,0,857,14,700,11
2514,16,198,0,857,14,742,11
2514,16,198,0,857,14,758,11
2514,16,198,0,857,14,879,11
2514,16,198,0,857,14,927,11
2514,16,198,0,857,14,979,11
2514,16,198,0,857,14,1003,11
2514,16,198,0,857,14,1044,11
2514,16,198,0,857,14,1068,11
2514,16,198,0,857,14,1153,11
2514,16,198,0,857,14,1186,11
2514,16,198,0,857,14,1194,11
2514,16,198,0,857,14,1259,11
2514,16,198,0,857,14,1260,11
2514,16,198,0,857,14,1312,11
2514,16,198,0,857,14,1388,11
2514,16,198,0,857,14,1391,11
2514,16,198,0,857,14,1422,11
2514,16,198,0,857,14,1556,11
2514,16,198,0,857,14,1568,11
2514,16,198,0,857,14,1599,11
2514,16,198,0,857,14,1747,11
2514,16,198,0,857,14,1773,11
2514,16,198,0,857,14,1799,11
2514,16,198,0,857,14,1818,11
2514,16,198,0,857,14,1873,11
2514,16,198,0,857,14,1940,11
2514,16,198,0,857,14,1956,11
2514,16,198,0,857,14,1997,11
2514,16,198,0,857,14,2068,11
2514,16,198,0,857,14,2079,11
2514,16,198,0,857,14,2123,11
2514,16,198,0,857,14,2196,11
2514,16,198,0,857,14,2206,11
2514,16,198,0,857,14,2216,11
2514,16,198,0,857,14,2244,11
2514,16,198,0,857,14,2259,11
2514,16,198,0,857,14,2261,11
2514,16,198,0,857,14,2289,11
2514,16,198,0,857,14,2359,11
2514,16,198,0,857,14,2370,11
2514,16,198,0,857,14,2405,11
2514,16,198,0,993,9,45,11
2514,16,198,0,993,9,159,11
2514,16,198,0,993,9,272,11
2514,16,198,0,993,9,338,11
2514,16,198,0,993,9,390,11
2514,16,198,0,993,9,457,11
2514,16,198,0,993,9,463,11
2514,16,198,0,993,9,620,11
2514,16,198,0,993,9,700,11
2514,16,198,0,993,9,742,11
2514,16,198,0,993,9,758,11
2514,16,198,0,993,9,879,11
2514,16,198,0,993,9,927,11
2514,16,198,0,993,9,979,11
2514,16,198,0,993,9,1003,11
2514,16,198,0,993,9,1044,11
2514,16,198,0,993,9,1068,11
2514,16,198,0,993,9,1153,11
2514,16,198,0,993,9,1186,11
2514,16,198,0,993,9,1194,11
2514,16,198,0,993,9,1259,11
2514,16,198,0,993,9,1260,11
2514,16,198,0,993,9,1312,11
2514,16,198,0,993,9,1388,11
2514,16,198,0,993,9,1391,11
2514,16,198,0,993,9,1422,11
2514,16,198,0,993,9,1556,11
2514,16,198,0,993,9,1568,11
2514,16,198,0,993,9,1599,11
2514,16,198,0,993,9,1747,11
2514,16,198,0,993,9,1773,11
2514,16,198,0,993,9,1799,11
2514,16,198,0,993,9,1818,11
2514,16,198,0,993,9,1873,11
2514,16,198,0,993,9,1940,11
2514,16,198,0,993,9,1956,11
2514,16,198,0,993,9,1997,11
2514,16,198,0,993,9,2068,11
2514,16,198,0,993,9,2079,11
2514,16,198,0,993,9,2123,11
2514,16,198,0,993,9,2196,11
2514,16,198,0,993,9,2206,11
2514,16,198,0,993,9,2216,11
2514,16,198,0,993,9,2244,11
2514,16,198,0,993,9,2259,11
2514,16,198,0,993,9,2261,11
2514,16,198,0,993,9,2289,11
2514,16,198,0,993,9,2359,11
2514,16,198,0,993,9,2370,11
2514,16,198,0,993,9,2405,11
2514,16,198,0,1001,22,45,11
2514,16,198,0,1001,22,159,11
2514,16,198,0,1001,22,272,11
2514,16,198,0,1001,22,338,11
2514,16,198,0,1001,22,390,11
2514,16,198,0,1001,22,457,11
2514,16,198,0,1001,22,463,11
2514,16,198,0,1001,22,620,11
2514,16,198,0,1001,22,700,11
2514,16,198,0,1001,22,742,11
2514,16,198,0,1001,22,758,11
2514,16,198,0,1001,22,879,11
2514,16,198,0,1001,22,927,11
2514,16,198,0,1001,22,979,11
2514,16,198,0,1001,22,1003,11
2514,16,198,0,1001,22,1044,11
2514,16,198,0,1001,22,1068,11
2514,16,198,0,1001,22,1153,11
2514,16,198,0,1001,22,1186,11
2514,16,198,0,1001,22,1194,11
2514,16,198,0,1001,22,1259,11
2514,16,198,0,1001,22,1260,11
2514,16,198,0,1001,22,1312,11
2514,16,198,0,1001,22,1388,11
2514,16,198,0,1001,22,1391,11
2514,16,198,0,1001,22,1422,11
2514,16,198,0,1001,22,1556,11
2514,16,198,0,1001,22,1568,11
2514,16,198,0,1001,22,1599,11
2514,16,198,0,1001,22,1747,11
2514,16,198,0,1001,22,1773,11
2514,16,198,0,1001,22,1799,11
2514,16,198,0,1001,22,1818,11
2514,16,198,0,1001,22,1873,11
2514,16,198,0,1001,22,1940,11
2514,16,198,0,1001,22,1956,11
2514,16,198,0,1001,22,1997,11
2514,16,198,0,1001,22,2068,11
2514,16,198,0,1001,22,2079,11
2514,16,198,0,1001,22,2123,11
2514,16,198,0,1001,22,2196,11
2514,16,198,0,1001,22,2206,11
2514,16,198,0,1001,22,2216,11
2514,16,198,0,1001,22,2244,11
2514,16,198,0,1001,22,2259,11
2514,16,198,0,1001,22,2261,11
2514,16,198,0,1001,22,2289,11
2514,16,198,0,1001,22,2359,11
2514,16,198,0,1001,22,2370,11
2514,16,198,0,1001,22,2405,11
2514,16,198,0,1228,37,45,11
2514,16,198,0,1228,37,272,11
2514,16,198,0,1228,37,338,11
2514,16,198,0,1228,37,390,11
2514,16,198,0,1228,37,620,11
2514,16,198,0,1228,37,742,11
2514,16,198,0,1228,37,758,11
2514,16,198,0,1228,37,979,11
2514,16,198,0,1228,37,1044,11
2514,16,198,0,1228,37,1068,11
2514,16,198,0,1228,37,1186,11
2514,16,198,0,1228,37,1259,11
2514,16,198,0,1228,37,1260,11
2514,16,198,0,1228,37,1312,11
2514,16,198,0,1228,37,1391,11
2514,16,198,0,1228,37,1422,11
2514,16,198,0,1228,37,1747,11
2514,16,198,0,1228,37,1773,11
2514,16,198,0,1228,37,1799,11
2514,16,198,0,1228,37,1956,11
2514,16,198,0,1228,37,1997,11
2514,16,198,0,1228,37,2068,11
2514,16,198,0,1228,37,2079,11
2514,16,198,0,1228,37,2206,11
2514,16,198,0,1228,37,2244,11
2514,16,198,0,1228,37,2259,11
2514,16,198,0,1228,37,2261,11
2514,16,198,0,1228,37,2289,11
2514,16,198,0,1228,37,2359,11
2514,16,198,0,1228,37,2405,11
2514,16,198,0,1607,36,45,11
2514,16,198,0,1607,36,159,11
2514,16,198,0,1607,36,272,11
2514,16,198,0,1607,36,338,11
2514,16,198,0,1607,36,390,11
2514,16,198,0,1607,36,457,11
2514,16,198,0,1607,36,463,11
2514,16,198,0,1607,36,620,11
2514,16,198,0,1607,36,700,11
2514,16,198,0,1607,36,742,11
2514,16,198,0,1607,36,758,11
2514,16,198,0,1607,36,879,11
2514,16,198,0,1607,36,927,11
2514,16,198,0,1607,36,979,11
2514,16,198,0,1607,36,1003,11
2514,16,198,0,1607,36,1044,11
2514,16,198,0,1607,36,1068,11
2514,16,198,0,1607,36,1153,11
2514,16,198,0,1607,36,1186,11
2514,16,198,0,1607,36,1194,11
2514,16,198,0,1607,36,1259,11
2514,16,198,0,1607,36,1260,11
2514,16,198,0,1607,36,1312,11
2514,16,198,0,1607,36,1388,11
2514,16,198,0,1607,36,1391,11
2514,16,198,0,1607,36,1422,11
2514,16,198,0,1607,36,1556,11
2514,16,198,0,1607,36,1568,11
2514,16,198,0,1607,36,1599,11
2514,16,198,0,1607,36,1747,11
2514,16,198,0,1607,36,1773,11
2514,16,198,0,1607,36,1799,11
2514,16,198,0,1607,36,1818,11
2514,16,198,0,1607,36,1873,11
2514,16,198,0,1607,36,1940,11
2514,16,198,0,1607,36,1956,11
2514,16,198,0,1607,36,1997,11
2514,16,198,0,1607,36,2068,11
2514,16,198,0,1607,36,2079,11
2514,16,198,0,1607,36,2123,11
2514,16,198,0,1607,36,2196,11
2514,16,198,0,1607,36,2206,11
2514,16,198,0,1607,36,2216,11
2514,16,198,0,1607,36,2244,11
2514,16,198,0,1607,36,2259,11
2514,16,198,0,1607,36,2261,11
2514,16,198,0,1607,36,2289,11
2514,16,198,0,1607,36,2359,11
2514,16,198,0,1607,36,2370,11
2514,16,198,0,1607,36,2405,11
