2514,16,1732,1,69,24,45,11
2514,16,1732,1,69,24,159,11
2514,16,1732,1,69,24,272,11
2514,16,1732,1,69,24,338,11
2514,16,1732,1,69,24,390,11
2514,16,1732,1,69,24,457,11
2514,16,1732,1,69,24,463,11
2514,16,1732,1,69,24,620,11
2514,16,1732,1,69,24,700,11
2514,16,1732,1,69,24,742,11
2514,16,1732,1,69,24,758,11
2514,16,1732,1,69,24,879,11
2514,16,1732,1,69,24,927,11
2514,16,1732,1,69,24,979,11
2514,16,1732,1,69,24,1003,11
2514,16,1732,1,69,24,1044,11
2514,16,1732,1,69,24,1068,11
2514,16,1732,1,69,24,1153,11
2514,16,1732,1,69,24,1186,11
2514,16,1732,1,69,24,1194,11
2514,16,1732,1,69,24,1259,11
2514,16,1732,1,69,24,1260,11
2514,16,1732,1,69,24,1312,11
2514,16,1732,1,69,24,1388,11
2514,16,1732,1,69,24,1391,11
2514,16,1732,1,69,24,1422,11
2514,16,1732,1,69,24,1556,11
2514,16,1732,1,69,24,1568,11
2514,16,1732,1,69,24,1599,11
2514,16,1732,1,69,24,1747,11
2514,16,1732,1,69,24,1773,11
2514,16,1732,1,69,24,1799,11
2514,16,1732,1,69,24,1818,11
2514,16,1732,1,69,24,1873,11
2514,16,1732,1,69,24,1940,11
2514,16,1732,1,69,24,1956,11
2514,16,1732,1,69,24,1997,11
2514,16,1732,1,69,24,2068,11
2514,16,1732,1,69,24,2079,11
2514,16,1732,1,69,24,2123,11
2514,16,1732,1,69,24,2196,11
2514,16,1732,1,69,24,2206,11
2514,16,1732,1,69,24,2216,11
2514,16,1732,1,69,24,2244,11
2514,16,1732,1,69,24,2259,11
2514,16,1732,1,69,24,2261,11
2514,16,1732,1,69,24,2289,11
2514,16,1732,1,69,24,2359,11
2514,16,1732,1,69,24,2370,11
2514,16,1732,1,69,24,2405,11
2514,16,1732,1,107,46,159,11
2514,16,1732,1,107,46,457,11
2514,16,1732,1,107,46,463,11
2514,16,1732,1,107,46,700,11
2514,16,1732,1,107,46,879,11
2514,16,1732,1,107,46,927,11
2514,16,1732,1,107,46,1003,11
2514,16,1732,1,107,46,1153,11
2514,16,1732,1,107,46,1194,11
2514,16,1732,1,107,46,1388,11
2514,16,1732,1,107,46,1556,11
2514,16,1732,1,107,46,1568,11
2514,16,1732,1,107,46,1599,11
2514,16,1732,1,107,46,1818,11
2514,16,1732,1,107,46,1873,11
2514,16,1732,1,107,46,1940,11
2514,16,1732,1,107,46,2123,11
2514,16,1732,1,107,46,2196,11
2514,16,1732,1,107,46,2216,11
2514,16,1732,1,107,46,2370,11
2514,16,1732,1,112,26,45,11
2514,16,1732,1,112,26,159,11
2514,16,1732,1,112,26,272,11
2514,16,1732,1,112,26,338,11
2514,16,1732,1,112,26,390,11
2514,16,1732,1,112,26,457,11
2514,16,1732,1,112,26,463,11
2514,16,1732,1,112,26,620,11
2514,16,1732,1,112,26,700,11
2514,16,1732,1,112,26,742,11
2514,16,1732,1,112,26,758,11
2514,16,1732,1,112,26,879,11
2514,16,1732,1,112,26,927,11
2514,16,1732,1,112,26,979,11
2514,16,1732,1,112,26,1003,11
2514,16,1732,1,112,26,1044,11
2514,16,1732,1,112,26,1068,11
2514,16,1732,1,112,26,1153,11
2514,16,1732,1,112,26,1186,11
2514,16,1732,1,112,26,1194,11
2514,16,1732,1,112,26,1259,11
2514,16,1732,1,112,26,1260,11
2514,16,1732,1,112,26,1312,11
2514,16,1732,1,112,26,1388,11
2514,16,1732,1,112,26,1391,11
2514,16,1732,1,112,26,1422,11
2514,16,1732,1,112,26,1556,11
2514,16,1732,1,112,26,1568,11
2514,16,1732,1,112,26,1599,11
2514,16,1732,1,112,26,1747,11
2514,16,1732,1,112,26,1773,11
2514,16,1732,1,112,26,1799,11
2514,16,1732,1,112,26,1818,11
2514,16,1732,1,112,26,1873,11
2514,16,1732,1,112,26,1940,11
2514,16,1732,1,112,26,1956,11
2514,16,1732,1,112,26,1997,11
2514,16,1732,1,112,26,2068,11
2514,16,1732,1,112,26,2079,11
2514,16,1732,1,112,26,2123,11
2514,16,1732,1,112,26,2196,11
2514,16,1732,1,112,26,2206,11
2514,16,1732,1,112,26,2216,11
2514,16,1732,1,112,26,2244,11
2514,16,1732,1,112,26,2259,11
2514,16,1732,1,112,26,2261,11
2514,16,1732,1,112,26,2289,11
2514,16,1732,1,112,26,2359,11
2514,16,1732,1,112,26,2370,11
2514,16,1732,1,112,26,2405,11
2514,16,1732,1,722,21,45,11
2514,16,1732,1,722,21,159,11
2514,16,1732,1,722,21,272,11
2514,16,1732,1,722,21,338,11
2514,16,1732,1,722,21,390,11
2514,16,1732,1,722,21,457,11
2514,16,1732,1,722,21,463,11
2514,16,1732,1,722,21,620,11
2514,16,1732,1,722,21,700,11
2514,16,1732,1,722,21,742,11
2514,16,1732,1,722,21,758,11
2514,16,1732,1,722,21,879,11
2514,16,1732,1,722,21,927,11
2514,16,1732,1,722,21,979,11
2514,16,1732,1,722,21,1003,11
2514,16,1732,1,722,21,1044,11
2514,16,1732,1,722,21,1068,11
2514,16,1732,1,722,21,1153,11
2514,16,1732,1,722,21,1186,11
2514,16,1732,1,722,21,1194,11
2514,16,1732,1,722,21,1259,11
2514,16,1732,1,722,21,1260,11
2514,16,1732,1,722,21,1312,11
2514,16,1732,1,722,21,1388,11
2514,16,1732,1,722,21,1391,11
2514,16,1732,1,722,21,1422,11
2514,16,1732,1,722,21,1556,11
2514,16,1732,1,722,21,1568,11
2514,16,1732,1,722,21,1599,11
2514,16,1732,1,722,21,1747,11
2514,16,1732,1,722,21,1773,11
2514,16,1732,1,722,21,1799,11
2514,16,1732,1,722,21,1818,11
2514,16,1732,1,722,21,1873,11
2514,16,1732,1,722,21,1940,11
2514,16,1732,1,722,21,1956,11
2514,16,1732,1,722,21,1997,11
2514,16,1732,1,722,21,2068,11
2514,16,1732,1,722,21,2079,11
2514,16,1732,1,722,21,2123,11
2514,16,1732,1,722,21,2196,11
2514,16,1732,1,722,21,2206,11
2514,16,1732,1,722,21,2216,11
2514,16,1732,1,722,21,2244,11
2514,16,1732,1,722,21,2259,11
2514,16,1732,1,722,21,2261,11
2514,16,1732,1,722,21,2289,11
2514,16,1732,1,722,21,2359,11
2514,16,1732,1,722,21,2370,11
2514,16,1732,1,722,21,2405,11
2514,16,1732,1,1028,24,45,11
2514,16,1732,1,1028,24,159,11
2514,16,1732,1,1028,24,272,11
2514,16,1732,1,1028,24,338,11
2514,16,1732,1,1028,24,390,11
2514,16,1732,1,1028,24,457,11
2514,16,1732,1,1028,24,463,11
2514,16,1732,1,1028,24,620,11
2514,16,1732,1,1028,24,700,11
2514,16,1732,1,1028,24,742,11
2514,16,1732,1,1028,24,758,11
2514,16,1732,1,1028,24,879,11
2514,16,1732,1,1028,24,927,11
2514,16,1732,1,1028,24,979,11
2514,16,1732,1,1028,24,1003,11
2514,16,1732,1,1028,24,1044,11
2514,16,1732,1,1028,24,1068,11
2514,16,1732,1,1028,24,1153,11
2514,16,1732,1,1028,24,1186,11
2514,16,1732,1,1028,24,1194,11
2514,16,1732,1,1028,24,1259,11
2514,16,1732,1,1028,24,1260,11
2514,16,1732,1,1028,24,1312,11
2514,16,1732,1,1028,24,1388,11
2514,16,1732,1,1028,24,1391,11
2514,16,1732,1,1028,24,1422,11
2514,16,1732,1,1028,24,1556,11
2514,16,1732,1,1028,24,1568,11
2514,16,1732,1,1028,24,1599,11
2514,16,1732,1,1028,24,1747,11
2514,16,1732,1,1028,24,1773,11
2514,16,1732,1,1028,24,1799,11
2514,16,1732,1,1028,24,1818,11
2514,16,1732,1,1028,24,1873,11
2514,16,1732,1,1028,24,1940,11
2514,16,1732,1,1028,24,1956,11
2514,16,1732,1,1028,24,1997,11
2514,16,1732,1,1028,24,2068,11
2514,16,1732,1,1028,24,2079,11
2514,16,1732,1,1028,24,2123,11
2514,16,1732,1,1028,24,2196,11
2514,16,1732,1,1028,24,2206,11
2514,16,1732,1,1028,24,2216,11
2514,16,1732,1,1028,24,2244,11
2514,16,1732,1,1028,24,2259,11
2514,16,1732,1,1028,24,2261,11
2514,16,1732,1,1028,24,2289,11
2514,16,1732,1,1028,24,2359,11
2514,16,1732,1,1028,24,2370,11
2514,16,1732,1,1028,24,2405,11
2514,16,1732,1,1063,48,45,11
2514,16,1732,1,1063,48,159,11
2514,16,1732,1,1063,48,272,11
2514,16,1732,1,1063,48,338,11
2514,16,1732,1,1063,48,390,11
2514,16,1732,1,1063,48,457,11
2514,16,1732,1,1063,48,463,11
2514,16,1732,1,1063,48,620,11
2514,16,1732,1,1063,48,700,11
2514,16,1732,1,1063,48,742,11
2514,16,1732,1,1063,48,758,11
2514,16,1732,1,1063,48,879,11
2514,16,1732,1,1063,48,927,11
2514,16,1732,1,1063,48,979,11
2514,16,1732,1,1063,48,1003,11
2514,16,1732,1,1063,48,1044,11
2514,16,1732,1,1063,48,1068,11
2514,16,1732,1,1063,48,1153,11
2514,16,1732,1,1063,48,1186,11
2514,16,1732,1,1063,48,1194,11
2514,16,1732,1,1063,48,1259,11
2514,16,1732,1,1063,48,1260,11
2514,16,1732,1,1063,48,1312,11
2514,16,1732,1,1063,48,1388,11
2514,16,1732,1,1063,48,1391,11
2514,16,1732,1,1063,48,1422,11
2514,16,1732,1,1063,48,1556,11
2514,16,1732,1,1063,48,1568,11
2514,16,1732,1,1063,48,1599,11
2514,16,1732,1,1063,48,1747,11
2514,16,1732,1,1063,48,1773,11
2514,16,1732,1,1063,48,1799,11
2514,16,1732,1,1063,48,1818,11
2514,16,1732,1,1063,48,1873,11
2514,16,1732,1,1063,48,1940,11
2514,16,1732,1,1063,48,1956,11
2514,16,1732,1,1063,48,1997,11
2514,16,1732,1,1063,48,2068,11
2514,16,1732,1,1063,48,2079,11
2514,16,1732,1,1063,48,2123,11
2514,16,1732,1,1063,48,2196,11
2514,16,1732,1,1063,48,2206,11
2514,16,1732,1,1063,48,2216,11
2514,16,1732,1,1063,48,2244,11
2514,16,1732,1,1063,48,2259,11
2514,16,1732,1,1063,48,2261,11
2514,16,1732,1,1063,48,2289,11
2514,16,1732,1,1063,48,2359,11
2514,16,1732,1,1063,48,2370,11
2514,16,1732,1,1063,48,2405,11
2514,16,1732,1,1158,34,45,11
2514,16,1732,1,1158,34,159,11
2514,16,1732,1,1158,34,272,11
2514,16,1732,1,1158,34,338,11
2514,16,1732,1,1158,34,390,11
2514,16,1732,1,1158,34,457,11
2514,16,1732,1,1158,34,463,11
2514,16,1732,1,1158,34,620,11
2514,16,1732,1,1158,34,700,11
2514,16,1732,1,1158,34,742,11
2514,16,1732,1,1158,34,758,11
2514,16,1732,1,1158,34,879,11
2514,16,1732,1,1158,34,927,11
2514,16,1732,1,1158,34,979,11
2514,16,1732,1,1158,34,1003,11
2514,16,1732,1,1158,34,1044,11
2514,16,1732,1,1158,34,1068,11
2514,16,1732,1,1158,34,1153,11
2514,16,1732,1,1158,34,1186,11
2514,16,1732,1,1158,34,1194,11
2514,16,1732,1,1158,34,1259,11
2514,16,1732,1,1158,34,1260,11
2514,16,1732,1,1158,34,1312,11
2514,16,1732,1,1158,34,1388,11
2514,16,1732,1,1158,34,1391,11
2514,16,1732,1,1158,34,1422,11
2514,16,1732,1,1158,34,1556,11
2514,16,1732,1,1158,34,1568,11
2514,16,1732,1,1158,34,1599,11
2514,16,1732,1,1158,34,1747,11
2514,16,1732,1,1158,34,1773,11
2514,16,1732,1,1158,34,1799,11
2514,16,1732,1,1158,34,1818,11
2514,16,1732,1,1158,34,1873,11
2514,16,1732,1,1158,34,1940,11
2514,16,1732,1,1158,34,1956,11
2514,16,1732,1,1158,34,1997,11
2514,16,1732,1,1158,34,2068,11
2514,16,1732,1,1158,34,2079,11
2514,16,1732,1,1158,34,2123,11
2514,16,1732,1,1158,34,2196,11
2514,16,1732,1,1158,34,2206,11
2514,16,1732,1,1158,34,2216,11
2514,16,1732,1,1158,34,2244,11
2514,16,1732,1,1158,34,2259,11
2514,16,1732,1,1158,34,2261,11
2514,16,1732,1,1158,34,2289,11
2514,16,1732,1,1158,34,2359,11
2514,16,1732,1,1158,34,2370,11
2514,16,1732,1,1158,34,2405,11
2514,16,1732,1,1213,47,45,11
2514,16,1732,1,1213,47,159,11
2514,16,1732,1,1213,47,272,11
2514,16,1732,1,1213,47,338,11
2514,16,1732,1,1213,47,390,11
2514,16,1732,1,1213,47,457,11
2514,16,1732,1,1213,47,463,11
2514,16,1732,1,1213,47,620,11
2514,16,1732,1,1213,47,700,11
2514,16,1732,1,1213,47,742,11
2514,16,1732,1,1213,47,758,11
2514,16,1732,1,1213,47,879,11
2514,16,1732,1,1213,47,927,11
2514,16,1732,1,1213,47,979,11
2514,16,1732,1,1213,47,1003,11
2514,16,1732,1,1213,47,1044,11
2514,16,1732,1,1213,47,1068,11
2514,16,1732,1,1213,47,1153,11
2514,16,1732,1,1213,47,1186,11
2514,16,1732,1,1213,47,1194,11
2514,16,1732,1,1213,47,1259,11
2514,16,1732,1,1213,47,1260,11
2514,16,1732,1,1213,47,1312,11
2514,16,1732,1,1213,47,1388,11
2514,16,1732,1,1213,47,1391,11
2514,16,1732,1,1213,47,1422,11
2514,16,1732,1,1213,47,1556,11
2514,16,1732,1,1213,47,1568,11
2514,16,1732,1,1213,47,1599,11
2514,16,1732,1,1213,47,1747,11
2514,16,1732,1,1213,47,1773,11
2514,16,1732,1,1213,47,1799,11
2514,16,1732,1,1213,47,1818,11
2514,16,1732,1,1213,47,1873,11
2514,16,1732,1,1213,47,1940,11
2514,16,1732,1,1213,47,1956,11
2514,16,1732,1,1213,47,1997,11
2514,16,1732,1,1213,47,2068,11
2514,16,1732,1,1213,47,2079,11
2514,16,1732,1,1213,47,2123,11
2514,16,1732,1,1213,47,2196,11
2514,16,1732,1,1213,47,2206,11
2514,16,1732,1,1213,47,2216,11
2514,16,1732,1,1213,47,2244,11
2514,16,1732,1,1213,47,2259,11
2514,16,1732,1,1213,47,2261,11
2514,16,1732,1,1213,47,2289,11
2514,16,1732,1,1213,47,2359,11
2514,16,1732,1,1213,47,2370,11
2514,16,1732,1,1213,47,2405,11
2514,16,1732,1,1221,34,45,11
2514,16,1732,1,1221,34,159,11
2514,16,1732,1,1221,34,272,11
2514,16,1732,1,1221,34,338,11
2514,16,1732,1,1221,34,390,11
2514,16,1732,1,1221,34,457,11
2514,16,1732,1,1221,34,463,11
2514,16,1732,1,1221,34,620,11
2514,16,1732,1,1221,34,700,11
2514,16,1732,1,1221,34,742,11
2514,16,1732,1,1221,34,758,11
2514,16,1732,1,1221,34,879,11
2514,16,1732,1,1221,34,927,11
2514,16,1732,1,1221,34,979,11
2514,16,1732,1,1221,34,1003,11
2514,16,1732,1,1221,34,1044,11
2514,16,1732,1,1221,34,1068,11
2514,16,1732,1,1221,34,1153,11
2514,16,1732,1,1221,34,1186,11
2514,16,1732,1,1221,34,1194,11
2514,16,1732,1,1221,34,1259,11
2514,16,1732,1,1221,34,1260,11
2514,16,1732,1,1221,34,1312,11
2514,16,1732,1,1221,34,1388,11
2514,16,1732,1,1221,34,1391,11
2514,16,1732,1,1221,34,1422,11
2514,16,1732,1,1221,34,1556,11
2514,16,1732,1,1221,34,1568,11
2514,16,1732,1,1221,34,1599,11
2514,16,1732,1,1221,34,1747,11
2514,16,1732,1,1221,34,1773,11
2514,16,1732,1,1221,34,1799,11
2514,16,1732,1,1221,34,1818,11
2514,16,1732,1,1221,34,1873,11
2514,16,1732,1,1221,34,1940,11
2514,16,1732,1,1221,34,1956,11
2514,16,1732,1,1221,34,1997,11
2514,16,1732,1,1221,34,2068,11
2514,16,1732,1,1221,34,2079,11
2514,16,1732,1,1221,34,2123,11
2514,16,1732,1,1221,34,2196,11
2514,16,1732,1,1221,34,2206,11
2514,16,1732,1,1221,34,2216,11
2514,16,1732,1,1221,34,2244,11
2514,16,1732,1,1221,34,2259,11
2514,16,1732,1,1221,34,2261,11
2514,16,1732,1,1221,34,2289,11
2514,16,1732,1,1221,34,2359,11
2514,16,1732,1,1221,34,2370,11
2514,16,1732,1,1221,34,2405,11
2514,16,1732,1,1268,13,45,11
2514,16,1732,1,1268,13,159,11
2514,16,1732,1,1268,13,272,11
2514,16,1732,1,1268,13,338,11
2514,16,1732,1,1268,13,390,11
2514,16,1732,1,1268,13,457,11
2514,16,1732,1,1268,13,463,11
2514,16,1732,1,1268,13,620,11
2514,16,1732,1,1268,13,700,11
2514,16,1732,1,1268,13,742,11
2514,16,1732,1,1268,13,758,11
2514,16,1732,1,1268,13,879,11
2514,16,1732,1,1268,13,927,11
2514,16,1732,1,1268,13,979,11
2514,16,1732,1,1268,13,1003,11
2514,16,1732,1,1268,13,1044,11
2514,16,1732,1,1268,13,1068,11
2514,16,1732,1,1268,13,1153,11
2514,16,1732,1,1268,13,1186,11
2514,16,1732,1,1268,13,1194,11
2514,16,1732,1,1268,13,1259,11
2514,16,1732,1,1268,13,1260,11
2514,16,1732,1,1268,13,1312,11
2514,16,1732,1,1268,13,1388,11
2514,16,1732,1,1268,13,1391,11
2514,16,1732,1,1268,13,1422,11
2514,16,1732,1,1268,13,1556,11
2514,16,1732,1,1268,13,1568,11
2514,16,1732,1,1268,13,1599,11
2514,16,1732,1,1268,13,1747,11
2514,16,1732,1,1268,13,1773,11
2514,16,1732,1,1268,13,1799,11
2514,16,1732,1,1268,13,1818,11
2514,16,1732,1,1268,13,1873,11
2514,16,1732,1,1268,13,1940,11
2514,16,1732,1,1268,13,1956,11
2514,16,1732,1,1268,13,1997,11
2514,16,1732,1,1268,13,2068,11
2514,16,1732,1,1268,13,2079,11
2514,16,1732,1,1268,13,2123,11
2514,16,1732,1,1268,13,2196,11
2514,16,1732,1,1268,13,2206,11
2514,16,1732,1,1268,13,2216,11
2514,16,1732,1,1268,13,2244,11
2514,16,1732,1,1268,13,2259,11
2514,16,1732,1,1268,13,2261,11
2514,16,1732,1,1268,13,2289,11
2514,16,1732,1,1268,13,2359,11
2514,16,1732,1,1268,13,2370,11
2514,16,1732,1,1268,13,2405,11
2514,16,1732,1,1378,17,45,11
2514,16,1732,1,1378,17,159,11
2514,16,1732,1,1378,17,272,11
2514,16,1732,1,1378,17,338,11
2514,16,1732,1,1378,17,390,11
2514,16,1732,1,1378,17,457,11
2514,16,1732,1,1378,17,463,11
2514,16,1732,1,1378,17,620,11
2514,16,1732,1,1378,17,700,11
2514,16,1732,1,1378,17,742,11
2514,16,1732,1,1378,17,758,11
2514,16,1732,1,1378,17,879,11
2514,16,1732,1,1378,17,927,11
2514,16,1732,1,1378,17,979,11
2514,16,1732,1,1378,17,1003,11
2514,16,1732,1,1378,17,1044,11
2514,16,1732,1,1378,17,1068,11
2514,16,1732,1,1378,17,1153,11
2514,16,1732,1,1378,17,1186,11
2514,16,1732,1,1378,17,1194,11
2514,16,1732,1,1378,17,1259,11
2514,16,1732,1,1378,17,1260,11
2514,16,1732,1,1378,17,1312,11
2514,16,1732,1,1378,17,1388,11
2514,16,1732,1,1378,17,1391,11
2514,16,1732,1,1378,17,1422,11
2514,16,1732,1,1378,17,1556,11
2514,16,1732,1,1378,17,1568,11
2514,16,1732,1,1378,17,1599,11
2514,16,1732,1,1378,17,1747,11
2514,16,1732,1,1378,17,1773,11
2514,16,1732,1,1378,17,1799,11
2514,16,1732,1,1378,17,1818,11
2514,16,1732,1,1378,17,1873,11
2514,16,1732,1,1378,17,1940,11
2514,16,1732,1,1378,17,1956,11
2514,16,1732,1,1378,17,1997,11
2514,16,1732,1,1378,17,2068,11
2514,16,1732,1,1378,17,2079,11
2514,16,1732,1,1378,17,2123,11
2514,16,1732,1,1378,17,2196,11
2514,16,1732,1,1378,17,2206,11
2514,16,1732,1,1378,17,2216,11
2514,16,1732,1,1378,17,2244,11
2514,16,1732,1,1378,17,2259,11
2514,16,1732,1,1378,17,2261,11
2514,16,1732,1,1378,17,2289,11
2514,16,1732,1,1378,17,2359,11
2514,16,1732,1,1378,17,2370,11
2514,16,1732,1,1378,17,2405,11
2514,16,1732,1,1461,47,45,11
2514,16,1732,1,1461,47,338,11
2514,16,1732,1,1461,47,390,11
2514,16,1732,1,1461,47,620,11
2514,16,1732,1,1461,47,742,11
2514,16,1732,1,1461,47,758,11
2514,16,1732,1,1461,47,979,11
2514,16,1732,1,1461,47,1044,11
2514,16,1732,1,1461,47,1186,11
2514,16,1732,1,1461,47,1259,11
2514,16,1732,1,1461,47,1312,11
2514,16,1732,1,1461,47,1773,11
2514,16,1732,1,1461,47,1799,11
2514,16,1732,1,1461,47,1956,11
2514,16,1732,1,1461,47,1997,11
2514,16,1732,1,1461,47,2206,11
2514,16,1732,1,1461,47,2244,11
2514,16,1732,1,1461,47,2261,11
2514,16,1732,1,1461,47,2289,11
2514,16,1732,1,1461,47,2359,11
2514,16,1732,1,1670,50,45,11
2514,16,1732,1,1670,50,159,11
2514,16,1732,1,1670,50,272,11
2514,16,1732,1,1670,50,338,11
2514,16,1732,1,1670,50,390,11
2514,16,1732,1,1670,50,457,11
2514,16,1732,1,1670,50,463,11
2514,16,1732,1,1670,50,620,11
2514,16,1732,1,1670,50,700,11
2514,16,1732,1,1670,50,742,11
2514,16,1732,1,1670,50,758,11
2514,16,1732,1,1670,50,879,11
2514,16,1732,1,1670,50,927,11
2514,16,1732,1,1670,50,979,11
2514,16,1732,1,1670,50,1003,11
2514,16,1732,1,1670,50,1044,11
2514,16,1732,1,1670,50,1068,11
2514,16,1732,1,1670,50,1153,11
2514,16,1732,1,1670,50,1186,11
2514,16,1732,1,1670,50,1194,11
2514,16,1732,1,1670,50,1259,11
2514,16,1732,1,1670,50,1260,11
2514,16,1732,1,1670,50,1312,11
2514,16,1732,1,1670,50,1388,11
2514,16,1732,1,1670,50,1391,11
2514,16,1732,1,1670,50,1422,11
2514,16,1732,1,1670,50,1556,11
2514,16,1732,1,1670,50,1568,11
2514,16,1732,1,1670,50,1599,11
2514,16,1732,1,1670,50,1747,11
2514,16,1732,1,1670,50,1773,11
2514,16,1732,1,1670,50,1799,11
2514,16,1732,1,1670,50,1818,11
2514,16,1732,1,1670,50,1873,11
2514,16,1732,1,1670,50,1940,11
2514,16,1732,1,1670,50,1956,11
2514,16,1732,1,1670,50,1997,11
2514,16,1732,1,1670,50,2068,11
2514,16,1732,1,1670,50,2079,11
2514,16,1732,1,1670,50,2123,11
2514,16,1732,1,1670,50,2196,11
2514,16,1732,1,1670,50,2206,11
2514,16,1732,1,1670,50,2216,11
2514,16,1732,1,1670,50,2244,11
2514,16,1732,1,1670,50,2259,11
2514,16,1732,1,1670,50,2261,11
2514,16,1732,1,1670,50,2289,11
2514,16,1732,1,1670,50,2359,11
2514,16,1732,1,1670,50,2370,11
2514,16,1732,1,1670,50,2405,11
2514,16,1732,1,1966,29,45,11
2514,16,1732,1,1966,29,159,11
2514,16,1732,1,1966,29,272,11
2514,16,1732,1,1966,29,338,11
2514,16,1732,1,1966,29,390,11
2514,16,1732,1,1966,29,457,11
2514,16,1732,1,1966,29,463,11
2514,16,1732,1,1966,29,620,11
2514,16,1732,1,1966,29,700,11
2514,16,1732,1,1966,29,742,11
2514,16,1732,1,1966,29,758,11
2514,16,1732,1,1966,29,879,11
2514,16,1732,1,1966,29,927,11
2514,16,1732,1,1966,29,979,11
2514,16,1732,1,1966,29,1003,11
2514,16,1732,1,1966,29,1044,11
2514,16,1732,1,1966,29,1068,11
2514,16,1732,1,1966,29,1153,11
2514,16,1732,1,1966,29,1186,11
2514,16,1732,1,1966,29,1194,11
2514,16,1732,1,1966,29,1259,11
2514,16,1732,1,1966,29,1260,11
2514,16,1732,1,1966,29,1312,11
2514,16,1732,1,1966,29,1388,11
2514,16,1732,1,1966,29,1391,11
2514,16,1732,1,1966,29,1422,11
2514,16,1732,1,1966,29,1556,11
2514,16,1732,1,1966,29,1568,11
2514,16,1732,1,1966,29,1599,11
2514,16,1732,1,1966,29,1747,11
2514,16,1732,1,1966,29,1773,11
2514,16,1732,1,1966,29,1799,11
2514,16,1732,1,1966,29,1818,11
2514,16,1732,1,1966,29,1873,11
2514,16,1732,1,1966,29,1940,11
2514,16,1732,1,1966,29,1956,11
2514,16,1732,1,1966,29,1997,11
2514,16,1732,1,1966,29,2068,11
2514,16,1732,1,1966,29,2079,11
2514,16,1732,1,1966,29,2123,11
2514,16,1732,1,1966,29,2196,11
2514,16,1732,1,1966,29,2206,11
2514,16,1732,1,1966,29,2216,11
2514,16,1732,1,1966,29,2244,11
2514,16,1732,1,1966,29,2259,11
2514,16,1732,1,1966,29,2261,11
2514,16,1732,1,1966,29,2289,11
2514,16,1732,1,1966,29,2359,11
2514,16,1732,1,1966,29,2370,11
2514,16,1732,1,1966,29,2405,11
