2514,16,1687,41,39,48,159,11
2514,16,1687,41,39,48,272,11
2514,16,1687,41,39,48,457,11
2514,16,1687,41,39,48,463,11
2514,16,1687,41,39,48,700,11
2514,16,1687,41,39,48,879,11
2514,16,1687,41,39,48,927,11
2514,16,1687,41,39,48,1003,11
2514,16,1687,41,39,48,1068,11
2514,16,1687,41,39,48,1153,11
2514,16,1687,41,39,48,1194,11
2514,16,1687,41,39,48,1260,11
2514,16,1687,41,39,48,1388,11
2514,16,1687,41,39,48,1391,11
2514,16,1687,41,39,48,1422,11
2514,16,1687,41,39,48,1556,11
2514,16,1687,41,39,48,1568,11
2514,16,1687,41,39,48,1599,11
2514,16,1687,41,39,48,1747,11
2514,16,1687,41,39,48,1818,11
2514,16,1687,41,39,48,1873,11
2514,16,1687,41,39,48,1940,11
2514,16,1687,41,39,48,2068,11
2514,16,1687,41,39,48,2079,11
2514,16,1687,41,39,48,2123,11
2514,16,1687,41,39,48,2196,11
2514,16,1687,41,39,48,2216,11
2514,16,1687,41,39,48,2259,11
2514,16,1687,41,39,48,2370,11
2514,16,1687,41,39,48,2405,11
2514,16,1687,41,188,28,45,11
2514,16,1687,41,188,28,159,11
2514,16,1687,41,188,28,272,11
2514,16,1687,41,188,28,338,11
2514,16,1687,41,188,28,390,11
2514,16,1687,41,188,28,457,11
2514,16,1687,41,188,28,463,11
2514,16,1687,41,188,28,620,11
2514,16,1687,41,188,28,700,11
2514,16,1687,41,188,28,742,11
2514,16,1687,41,188,28,758,11
2514,16,1687,41,188,28,879,11
2514,16,1687,41,188,28,927,11
2514,16,1687,41,188,28,979,11
2514,16,1687,41,188,28,1003,11
2514,16,1687,41,188,28,1044,11
2514,16,1687,41,188,28,1068,11
2514,16,1687,41,188,28,1153,11
2514,16,1687,41,188,28,1186,11
2514,16,1687,41,188,28,1194,11
2514,16,1687,41,188,28,1259,11
2514,16,1687,41,188,28,1260,11
2514,16,1687,41,188,28,1312,11
2514,16,1687,41,188,28,1388,11
2514,16,1687,41,188,28,1391,11
2514,16,1687,41,188,28,1422,11
2514,16,1687,41,188,28,1556,11
2514,16,1687,41,188,28,1568,11
2514,16,1687,41,188,28,1599,11
2514,16,1687,41,188,28,1747,11
2514,16,1687,41,188,28,1773,11
2514,16,1687,41,188,28,1799,11
2514,16,1687,41,188,28,1818,11
2514,16,1687,41,188,28,1873,11
2514,16,1687,41,188,28,1940,11
2514,16,1687,41,188,28,1956,11
2514,16,1687,41,188,28,1997,11
2514,16,1687,41,188,28,2068,11
2514,16,1687,41,188,28,2079,11
2514,16,1687,41,188,28,2123,11
2514,16,1687,41,188,28,2196,11
2514,16,1687,41,188,28,2206,11
2514,16,1687,41,188,28,2216,11
2514,16,1687,41,188,28,2244,11
2514,16,1687,41,188,28,2259,11
2514,16,1687,41,188,28,2261,11
2514,16,1687,41,188,28,2289,11
2514,16,1687,41,188,28,2359,11
2514,16,1687,41,188,28,2370,11
2514,16,1687,41,188,28,2405,11
2514,16,1687,41,263,24,45,11
2514,16,1687,41,263,24,159,11
2514,16,1687,41,263,24,272,11
2514,16,1687,41,263,24,338,11
2514,16,1687,41,263,24,390,11
2514,16,1687,41,263,24,457,11
2514,16,1687,41,263,24,463,11
2514,16,1687,41,263,24,620,11
2514,16,1687,41,263,24,700,11
2514,16,1687,41,263,24,742,11
2514,16,1687,41,263,24,758,11
2514,16,1687,41,263,24,879,11
2514,16,1687,41,263,24,927,11
2514,16,1687,41,263,24,979,11
2514,16,1687,41,263,24,1003,11
2514,16,1687,41,263,24,1044,11
2514,16,1687,41,263,24,1068,11
2514,16,1687,41,263,24,1153,11
2514,16,1687,41,263,24,1186,11
2514,16,1687,41,263,24,1194,11
2514,16,1687,41,263,24,1259,11
2514,16,1687,41,263,24,1260,11
2514,16,1687,41,263,24,1312,11
2514,16,1687,41,263,24,1388,11
2514,16,1687,41,263,24,1391,11
2514,16,1687,41,263,24,1422,11
2514,16,1687,41,263,24,1556,11
2514,16,1687,41,263,24,1568,11
2514,16,1687,41,263,24,1599,11
2514,16,1687,41,263,24,1747,11
2514,16,1687,41,263,24,1773,11
2514,16,1687,41,263,24,1799,11
2514,16,1687,41,263,24,1818,11
2514,16,1687,41,263,24,1873,11
2514,16,1687,41,263,24,1940,11
2514,16,1687,41,263,24,1956,11
2514,16,1687,41,263,24,1997,11
2514,16,1687,41,263,24,2068,11
2514,16,1687,41,263,24,2079,11
2514,16,1687,41,263,24,2123,11
2514,16,1687,41,263,24,2196,11
2514,16,1687,41,263,24,2206,11
2514,16,1687,41,263,24,2216,11
2514,16,1687,41,263,24,2244,11
2514,16,1687,41,263,24,2259,11
2514,16,1687,41,263,24,2261,11
2514,16,1687,41,263,24,2289,11
2514,16,1687,41,263,24,2359,11
2514,16,1687,41,263,24,2370,11
2514,16,1687,41,263,24,2405,11
2514,16,1687,41,987,13,45,11
2514,16,1687,41,987,13,159,11
2514,16,1687,41,987,13,272,11
2514,16,1687,41,987,13,338,11
2514,16,1687,41,987,13,390,11
2514,16,1687,41,987,13,457,11
2514,16,1687,41,987,13,463,11
2514,16,1687,41,987,13,620,11
2514,16,1687,41,987,13,700,11
2514,16,1687,41,987,13,742,11
2514,16,1687,41,987,13,758,11
2514,16,1687,41,987,13,879,11
2514,16,1687,41,987,13,927,11
2514,16,1687,41,987,13,979,11
2514,16,1687,41,987,13,1003,11
2514,16,1687,41,987,13,1044,11
2514,16,1687,41,987,13,1068,11
2514,16,1687,41,987,13,1153,11
2514,16,1687,41,987,13,1186,11
2514,16,1687,41,987,13,1194,11
2514,16,1687,41,987,13,1259,11
2514,16,1687,41,987,13,1260,11
2514,16,1687,41,987,13,1312,11
2514,16,1687,41,987,13,1388,11
2514,16,1687,41,987,13,1391,11
2514,16,1687,41,987,13,1422,11
2514,16,1687,41,987,13,1556,11
2514,16,1687,41,987,13,1568,11
2514,16,1687,41,987,13,1599,11
2514,16,1687,41,987,13,1747,11
2514,16,1687,41,987,13,1773,11
2514,16,1687,41,987,13,1799,11
2514,16,1687,41,987,13,1818,11
2514,16,1687,41,987,13,1873,11
2514,16,1687,41,987,13,1940,11
2514,16,1687,41,987,13,1956,11
2514,16,1687,41,987,13,1997,11
2514,16,1687,41,987,13,2068,11
2514,16,1687,41,987,13,2079,11
2514,16,1687,41,987,13,2123,11
2514,16,1687,41,987,13,2196,11
2514,16,1687,41,987,13,2206,11
2514,16,1687,41,987,13,2216,11
2514,16,1687,41,987,13,2244,11
2514,16,1687,41,987,13,2259,11
2514,16,1687,41,987,13,2261,11
2514,16,1687,41,987,13,2289,11
2514,16,1687,41,987,13,2359,11
2514,16,1687,41,987,13,2370,11
2514,16,1687,41,987,13,2405,11
2514,16,1687,41,1096,44,45,11
2514,16,1687,41,1096,44,159,11
2514,16,1687,41,1096,44,272,11
2514,16,1687,41,1096,44,338,11
2514,16,1687,41,1096,44,390,11
2514,16,1687,41,1096,44,457,11
2514,16,1687,41,1096,44,463,11
2514,16,1687,41,1096,44,620,11
2514,16,1687,41,1096,44,700,11
2514,16,1687,41,1096,44,742,11
2514,16,1687,41,1096,44,758,11
2514,16,1687,41,1096,44,879,11
2514,16,1687,41,1096,44,927,11
2514,16,1687,41,1096,44,979,11
2514,16,1687,41,1096,44,1003,11
2514,16,1687,41,1096,44,1044,11
2514,16,1687,41,1096,44,1068,11
2514,16,1687,41,1096,44,1153,11
2514,16,1687,41,1096,44,1186,11
2514,16,1687,41,1096,44,1194,11
2514,16,1687,41,1096,44,1259,11
2514,16,1687,41,1096,44,1260,11
2514,16,1687,41,1096,44,1312,11
2514,16,1687,41,1096,44,1388,11
2514,16,1687,41,1096,44,1391,11
2514,16,1687,41,1096,44,1422,11
2514,16,1687,41,1096,44,1556,11
2514,16,1687,41,1096,44,1568,11
2514,16,1687,41,1096,44,1599,11
2514,16,1687,41,1096,44,1747,11
2514,16,1687,41,1096,44,1773,11
2514,16,1687,41,1096,44,1799,11
2514,16,1687,41,1096,44,1818,11
2514,16,1687,41,1096,44,1873,11
2514,16,1687,41,1096,44,1940,11
2514,16,1687,41,1096,44,1956,11
2514,16,1687,41,1096,44,1997,11
2514,16,1687,41,1096,44,2068,11
2514,16,1687,41,1096,44,2079,11
2514,16,1687,41,1096,44,2123,11
2514,16,1687,41,1096,44,2196,11
2514,16,1687,41,1096,44,2206,11
2514,16,1687,41,1096,44,2216,11
2514,16,1687,41,1096,44,2244,11
2514,16,1687,41,1096,44,2259,11
2514,16,1687,41,1096,44,2261,11
2514,16,1687,41,1096,44,2289,11
2514,16,1687,41,1096,44,2359,11
2514,16,1687,41,1096,44,2370,11
2514,16,1687,41,1096,44,2405,11
2514,16,1687,41,1142,39,45,11
2514,16,1687,41,1142,39,159,11
2514,16,1687,41,1142,39,272,11
2514,16,1687,41,1142,39,338,11
2514,16,1687,41,1142,39,390,11
2514,16,1687,41,1142,39,457,11
2514,16,1687,41,1142,39,463,11
2514,16,1687,41,1142,39,620,11
2514,16,1687,41,1142,39,700,11
2514,16,1687,41,1142,39,742,11
2514,16,1687,41,1142,39,758,11
2514,16,1687,41,1142,39,879,11
2514,16,1687,41,1142,39,927,11
2514,16,1687,41,1142,39,979,11
2514,16,1687,41,1142,39,1003,11
2514,16,1687,41,1142,39,1044,11
2514,16,1687,41,1142,39,1068,11
2514,16,1687,41,1142,39,1153,11
2514,16,1687,41,1142,39,1186,11
2514,16,1687,41,1142,39,1194,11
2514,16,1687,41,1142,39,1259,11
2514,16,1687,41,1142,39,1260,11
2514,16,1687,41,1142,39,1312,11
2514,16,1687,41,1142,39,1388,11
2514,16,1687,41,1142,39,1391,11
2514,16,1687,41,1142,39,1422,11
2514,16,1687,41,1142,39,1556,11
2514,16,1687,41,1142,39,1568,11
2514,16,1687,41,1142,39,1599,11
2514,16,1687,41,1142,39,1747,11
2514,16,1687,41,1142,39,1773,11
2514,16,1687,41,1142,39,1799,11
2514,16,1687,41,1142,39,1818,11
2514,16,1687,41,1142,39,1873,11
2514,16,1687,41,1142,39,1940,11
2514,16,1687,41,1142,39,1956,11
2514,16,1687,41,1142,39,1997,11
2514,16,1687,41,1142,39,2068,11
2514,16,1687,41,1142,39,2079,11
2514,16,1687,41,1142,39,2123,11
2514,16,1687,41,1142,39,2196,11
2514,16,1687,41,1142,39,2206,11
2514,16,1687,41,1142,39,2216,11
2514,16,1687,41,1142,39,2244,11
2514,16,1687,41,1142,39,2259,11
2514,16,1687,41,1142,39,2261,11
2514,16,1687,41,1142,39,2289,11
2514,16,1687,41,1142,39,2359,11
2514,16,1687,41,1142,39,2370,11
2514,16,1687,41,1142,39,2405,11
2514,16,1687,41,1179,27,45,11
2514,16,1687,41,1179,27,159,11
2514,16,1687,41,1179,27,272,11
2514,16,1687,41,1179,27,338,11
2514,16,1687,41,1179,27,390,11
2514,16,1687,41,1179,27,457,11
2514,16,1687,41,1179,27,463,11
2514,16,1687,41,1179,27,620,11
2514,16,1687,41,1179,27,700,11
2514,16,1687,41,1179,27,742,11
2514,16,1687,41,1179,27,758,11
2514,16,1687,41,1179,27,879,11
2514,16,1687,41,1179,27,927,11
2514,16,1687,41,1179,27,979,11
2514,16,1687,41,1179,27,1003,11
2514,16,1687,41,1179,27,1044,11
2514,16,1687,41,1179,27,1068,11
2514,16,1687,41,1179,27,1153,11
2514,16,1687,41,1179,27,1186,11
2514,16,1687,41,1179,27,1194,11
2514,16,1687,41,1179,27,1259,11
2514,16,1687,41,1179,27,1260,11
2514,16,1687,41,1179,27,1312,11
2514,16,1687,41,1179,27,1388,11
2514,16,1687,41,1179,27,1391,11
2514,16,1687,41,1179,27,1422,11
2514,16,1687,41,1179,27,1556,11
2514,16,1687,41,1179,27,1568,11
2514,16,1687,41,1179,27,1599,11
2514,16,1687,41,1179,27,1747,11
2514,16,1687,41,1179,27,1773,11
2514,16,1687,41,1179,27,1799,11
2514,16,1687,41,1179,27,1818,11
2514,16,1687,41,1179,27,1873,11
2514,16,1687,41,1179,27,1940,11
2514,16,1687,41,1179,27,1956,11
2514,16,1687,41,1179,27,1997,11
2514,16,1687,41,1179,27,2068,11
2514,16,1687,41,1179,27,2079,11
2514,16,1687,41,1179,27,2123,11
2514,16,1687,41,1179,27,2196,11
2514,16,1687,41,1179,27,2206,11
2514,16,1687,41,1179,27,2216,11
2514,16,1687,41,1179,27,2244,11
2514,16,1687,41,1179,27,2259,11
2514,16,1687,41,1179,27,2261,11
2514,16,1687,41,1179,27,2289,11
2514,16,1687,41,1179,27,2359,11
2514,16,1687,41,1179,27,2370,11
2514,16,1687,41,1179,27,2405,11
2514,16,1687,41,1282,12,45,11
2514,16,1687,41,1282,12,159,11
2514,16,1687,41,1282,12,272,11
2514,16,1687,41,1282,12,338,11
2514,16,1687,41,1282,12,390,11
2514,16,1687,41,1282,12,457,11
2514,16,1687,41,1282,12,463,11
2514,16,1687,41,1282,12,620,11
2514,16,1687,41,1282,12,700,11
2514,16,1687,41,1282,12,742,11
2514,16,1687,41,1282,12,758,11
2514,16,1687,41,1282,12,879,11
2514,16,1687,41,1282,12,927,11
2514,16,1687,41,1282,12,979,11
2514,16,1687,41,1282,12,1003,11
2514,16,1687,41,1282,12,1044,11
2514,16,1687,41,1282,12,1068,11
2514,16,1687,41,1282,12,1153,11
2514,16,1687,41,1282,12,1186,11
2514,16,1687,41,1282,12,1194,11
2514,16,1687,41,1282,12,1259,11
2514,16,1687,41,1282,12,1260,11
2514,16,1687,41,1282,12,1312,11
2514,16,1687,41,1282,12,1388,11
2514,16,1687,41,1282,12,1391,11
2514,16,1687,41,1282,12,1422,11
2514,16,1687,41,1282,12,1556,11
2514,16,1687,41,1282,12,1568,11
2514,16,1687,41,1282,12,1599,11
2514,16,1687,41,1282,12,1747,11
2514,16,1687,41,1282,12,1773,11
2514,16,1687,41,1282,12,1799,11
2514,16,1687,41,1282,12,1818,11
2514,16,1687,41,1282,12,1873,11
2514,16,1687,41,1282,12,1940,11
2514,16,1687,41,1282,12,1956,11
2514,16,1687,41,1282,12,1997,11
2514,16,1687,41,1282,12,2068,11
2514,16,1687,41,1282,12,2079,11
2514,16,1687,41,1282,12,2123,11
2514,16,1687,41,1282,12,2196,11
2514,16,1687,41,1282,12,2206,11
2514,16,1687,41,1282,12,2216,11
2514,16,1687,41,1282,12,2244,11
2514,16,1687,41,1282,12,2259,11
2514,16,1687,41,1282,12,2261,11
2514,16,1687,41,1282,12,2289,11
2514,16,1687,41,1282,12,2359,11
2514,16,1687,41,1282,12,2370,11
2514,16,1687,41,1282,12,2405,11
2514,16,1687,41,1354,45,45,11
2514,16,1687,41,1354,45,390,11
2514,16,1687,41,1354,45,620,11
2514,16,1687,41,1354,45,979,11
2514,16,1687,41,1354,45,1799,11
2514,16,1687,41,1354,45,1956,11
2514,16,1687,41,1354,45,2206,11
2514,16,1687,41,1354,45,2244,11
2514,16,1687,41,1354,45,2261,11
2514,16,1687,41,1354,45,2359,11
2514,16,1687,41,1382,28,45,11
2514,16,1687,41,1382,28,159,11
2514,16,1687,41,1382,28,272,11
2514,16,1687,41,1382,28,338,11
2514,16,1687,41,1382,28,390,11
2514,16,1687,41,1382,28,457,11
2514,16,1687,41,1382,28,463,11
2514,16,1687,41,1382,28,620,11
2514,16,1687,41,1382,28,700,11
2514,16,1687,41,1382,28,742,11
2514,16,1687,41,1382,28,758,11
2514,16,1687,41,1382,28,879,11
2514,16,1687,41,1382,28,927,11
2514,16,1687,41,1382,28,979,11
2514,16,1687,41,1382,28,1003,11
2514,16,1687,41,1382,28,1044,11
2514,16,1687,41,1382,28,1068,11
2514,16,1687,41,1382,28,1153,11
2514,16,1687,41,1382,28,1186,11
2514,16,1687,41,1382,28,1194,11
2514,16,1687,41,1382,28,1259,11
2514,16,1687,41,1382,28,1260,11
2514,16,1687,41,1382,28,1312,11
2514,16,1687,41,1382,28,1388,11
2514,16,1687,41,1382,28,1391,11
2514,16,1687,41,1382,28,1422,11
2514,16,1687,41,1382,28,1556,11
2514,16,1687,41,1382,28,1568,11
2514,16,1687,41,1382,28,1599,11
2514,16,1687,41,1382,28,1747,11
2514,16,1687,41,1382,28,1773,11
2514,16,1687,41,1382,28,1799,11
2514,16,1687,41,1382,28,1818,11
2514,16,1687,41,1382,28,1873,11
2514,16,1687,41,1382,28,1940,11
2514,16,1687,41,1382,28,1956,11
2514,16,1687,41,1382,28,1997,11
2514,16,1687,41,1382,28,2068,11
2514,16,1687,41,1382,28,2079,11
2514,16,1687,41,1382,28,2123,11
2514,16,1687,41,1382,28,2196,11
2514,16,1687,41,1382,28,2206,11
2514,16,1687,41,1382,28,2216,11
2514,16,1687,41,1382,28,2244,11
2514,16,1687,41,1382,28,2259,11
2514,16,1687,41,1382,28,2261,11
2514,16,1687,41,1382,28,2289,11
2514,16,1687,41,1382,28,2359,11
2514,16,1687,41,1382,28,2370,11
2514,16,1687,41,1382,28,2405,11
2514,16,1687,41,1464,47,45,11
2514,16,1687,41,1464,47,159,11
2514,16,1687,41,1464,47,272,11
2514,16,1687,41,1464,47,338,11
2514,16,1687,41,1464,47,390,11
2514,16,1687,41,1464,47,457,11
2514,16,1687,41,1464,47,463,11
2514,16,1687,41,1464,47,620,11
2514,16,1687,41,1464,47,700,11
2514,16,1687,41,1464,47,742,11
2514,16,1687,41,1464,47,758,11
2514,16,1687,41,1464,47,879,11
2514,16,1687,41,1464,47,927,11
2514,16,1687,41,1464,47,979,11
2514,16,1687,41,1464,47,1003,11
2514,16,1687,41,1464,47,1044,11
2514,16,1687,41,1464,47,1068,11
2514,16,1687,41,1464,47,1153,11
2514,16,1687,41,1464,47,1186,11
2514,16,1687,41,1464,47,1194,11
2514,16,1687,41,1464,47,1259,11
2514,16,1687,41,1464,47,1260,11
2514,16,1687,41,1464,47,1312,11
2514,16,1687,41,1464,47,1388,11
2514,16,1687,41,1464,47,1391,11
2514,16,1687,41,1464,47,1422,11
2514,16,1687,41,1464,47,1556,11
2514,16,1687,41,1464,47,1568,11
2514,16,1687,41,1464,47,1599,11
2514,16,1687,41,1464,47,1747,11
2514,16,1687,41,1464,47,1773,11
2514,16,1687,41,1464,47,1799,11
2514,16,1687,41,1464,47,1818,11
2514,16,1687,41,1464,47,1873,11
2514,16,1687,41,1464,47,1940,11
2514,16,1687,41,1464,47,1956,11
2514,16,1687,41,1464,47,1997,11
2514,16,1687,41,1464,47,2068,11
2514,16,1687,41,1464,47,2079,11
2514,16,1687,41,1464,47,2123,11
2514,16,1687,41,1464,47,2196,11
2514,16,1687,41,1464,47,2206,11
2514,16,1687,41,1464,47,2216,11
2514,16,1687,41,1464,47,2244,11
2514,16,1687,41,1464,47,2259,11
2514,16,1687,41,1464,47,2261,11
2514,16,1687,41,1464,47,2289,11
2514,16,1687,41,1464,47,2359,11
2514,16,1687,41,1464,47,2370,11
2514,16,1687,41,1464,47,2405,11
2514,16,1687,41,1520,22,45,11
2514,16,1687,41,1520,22,159,11
2514,16,1687,41,1520,22,272,11
2514,16,1687,41,1520,22,338,11
2514,16,1687,41,1520,22,390,11
2514,16,1687,41,1520,22,457,11
2514,16,1687,41,1520,22,463,11
2514,16,1687,41,1520,22,620,11
2514,16,1687,41,1520,22,700,11
2514,16,1687,41,1520,22,742,11
2514,16,1687,41,1520,22,758,11
2514,16,1687,41,1520,22,879,11
2514,16,1687,41,1520,22,927,11
2514,16,1687,41,1520,22,979,11
2514,16,1687,41,1520,22,1003,11
2514,16,1687,41,1520,22,1044,11
2514,16,1687,41,1520,22,1068,11
2514,16,1687,41,1520,22,1153,11
2514,16,1687,41,1520,22,1186,11
2514,16,1687,41,1520,22,1194,11
2514,16,1687,41,1520,22,1259,11
2514,16,1687,41,1520,22,1260,11
2514,16,1687,41,1520,22,1312,11
2514,16,1687,41,1520,22,1388,11
2514,16,1687,41,1520,22,1391,11
2514,16,1687,41,1520,22,1422,11
2514,16,1687,41,1520,22,1556,11
2514,16,1687,41,1520,22,1568,11
2514,16,1687,41,1520,22,1599,11
2514,16,1687,41,1520,22,1747,11
2514,16,1687,41,1520,22,1773,11
2514,16,1687,41,1520,22,1799,11
2514,16,1687,41,1520,22,1818,11
2514,16,1687,41,1520,22,1873,11
2514,16,1687,41,1520,22,1940,11
2514,16,1687,41,1520,22,1956,11
2514,16,1687,41,1520,22,1997,11
2514,16,1687,41,1520,22,2068,11
2514,16,1687,41,1520,22,2079,11
2514,16,1687,41,1520,22,2123,11
2514,16,1687,41,1520,22,2196,11
2514,16,1687,41,1520,22,2206,11
2514,16,1687,41,1520,22,2216,11
2514,16,1687,41,1520,22,2244,11
2514,16,1687,41,1520,22,2259,11
2514,16,1687,41,1520,22,2261,11
2514,16,1687,41,1520,22,2289,11
2514,16,1687,41,1520,22,2359,11
2514,16,1687,41,1520,22,2370,11
2514,16,1687,41,1520,22,2405,11
2514,16,1687,41,1588,12,45,11
2514,16,1687,41,1588,12,159,11
2514,16,1687,41,1588,12,272,11
2514,16,1687,41,1588,12,338,11
2514,16,1687,41,1588,12,390,11
2514,16,1687,41,1588,12,457,11
2514,16,1687,41,1588,12,463,11
2514,16,1687,41,1588,12,620,11
2514,16,1687,41,1588,12,700,11
2514,16,1687,41,1588,12,742,11
2514,16,1687,41,1588,12,758,11
2514,16,1687,41,1588,12,879,11
2514,16,1687,41,1588,12,927,11
2514,16,1687,41,1588,12,979,11
2514,16,1687,41,1588,12,1003,11
2514,16,1687,41,1588,12,1044,11
2514,16,1687,41,1588,12,1068,11
2514,16,1687,41,1588,12,1153,11
2514,16,1687,41,1588,12,1186,11
2514,16,1687,41,1588,12,1194,11
2514,16,1687,41,1588,12,1259,11
2514,16,1687,41,1588,12,1260,11
2514,16,1687,41,1588,12,1312,11
2514,16,1687,41,1588,12,1388,11
2514,16,1687,41,1588,12,1391,11
2514,16,1687,41,1588,12,1422,11
2514,16,1687,41,1588,12,1556,11
2514,16,1687,41,1588,12,1568,11
2514,16,1687,41,1588,12,1599,11
2514,16,1687,41,1588,12,1747,11
2514,16,1687,41,1588,12,1773,11
2514,16,1687,41,1588,12,1799,11
2514,16,1687,41,1588,12,1818,11
2514,16,1687,41,1588,12,1873,11
2514,16,1687,41,1588,12,1940,11
2514,16,1687,41,1588,12,1956,11
2514,16,1687,41,1588,12,1997,11
2514,16,1687,41,1588,12,2068,11
2514,16,1687,41,1588,12,2079,11
2514,16,1687,41,1588,12,2123,11
2514,16,1687,41,1588,12,2196,11
2514,16,1687,41,1588,12,2206,11
2514,16,1687,41,1588,12,2216,11
2514,16,1687,41,1588,12,2244,11
2514,16,1687,41,1588,12,2259,11
2514,16,1687,41,1588,12,2261,11
2514,16,1687,41,1588,12,2289,11
2514,16,1687,41,1588,12,2359,11
2514,16,1687,41,1588,12,2370,11
2514,16,1687,41,1588,12,2405,11
2514,16,1687,41,1838,14,45,11
2514,16,1687,41,1838,14,159,11
2514,16,1687,41,1838,14,272,11
2514,16,1687,41,1838,14,338,11
2514,16,1687,41,1838,14,390,11
2514,16,1687,41,1838,14,457,11
2514,16,1687,41,1838,14,463,11
2514,16,1687,41,1838,14,620,11
2514,16,1687,41,1838,14,700,11
2514,16,1687,41,1838,14,742,11
2514,16,1687,41,1838,14,758,11
2514,16,1687,41,1838,14,879,11
2514,16,1687,41,1838,14,927,11
2514,16,1687,41,1838,14,979,11
2514,16,1687,41,1838,14,1003,11
2514,16,1687,41,1838,14,1044,11
2514,16,1687,41,1838,14,1068,11
2514,16,1687,41,1838,14,1153,11
2514,16,1687,41,1838,14,1186,11
2514,16,1687,41,1838,14,1194,11
2514,16,1687,41,1838,14,1259,11
2514,16,1687,41,1838,14,1260,11
2514,16,1687,41,1838,14,1312,11
2514,16,1687,41,1838,14,1388,11
2514,16,1687,41,1838,14,1391,11
2514,16,1687,41,1838,14,1422,11
2514,16,1687,41,1838,14,1556,11
2514,16,1687,41,1838,14,1568,11
2514,16,1687,41,1838,14,1599,11
2514,16,1687,41,1838,14,1747,11
2514,16,1687,41,1838,14,1773,11
2514,16,1687,41,1838,14,1799,11
2514,16,1687,41,1838,14,1818,11
2514,16,1687,41,1838,14,1873,11
2514,16,1687,41,1838,14,1940,11
2514,16,1687,41,1838,14,1956,11
2514,16,1687,41,1838,14,1997,11
2514,16,1687,41,1838,14,2068,11
2514,16,1687,41,1838,14,2079,11
2514,16,1687,41,1838,14,2123,11
2514,16,1687,41,1838,14,2196,11
2514,16,1687,41,1838,14,2206,11
2514,16,1687,41,1838,14,2216,11
2514,16,1687,41,1838,14,2244,11
2514,16,1687,41,1838,14,2259,11
2514,16,1687,41,1838,14,2261,11
2514,16,1687,41,1838,14,2289,11
2514,16,1687,41,1838,14,2359,11
2514,16,1687,41,1838,14,2370,11
2514,16,1687,41,1838,14,2405,11
