2514,16,890,10,59,37,45,11
2514,16,890,10,59,37,159,11
2514,16,890,10,59,37,272,11
2514,16,890,10,59,37,338,11
2514,16,890,10,59,37,390,11
2514,16,890,10,59,37,457,11
2514,16,890,10,59,37,463,11
2514,16,890,10,59,37,620,11
2514,16,890,10,59,37,700,11
2514,16,890,10,59,37,742,11
2514,16,890,10,59,37,758,11
2514,16,890,10,59,37,879,11
2514,16,890,10,59,37,927,11
2514,16,890,10,59,37,979,11
2514,16,890,10,59,37,1003,11
2514,16,890,10,59,37,1044,11
2514,16,890,10,59,37,1068,11
2514,16,890,10,59,37,1153,11
2514,16,890,10,59,37,1186,11
2514,16,890,10,59,37,1194,11
2514,16,890,10,59,37,1259,11
2514,16,890,10,59,37,1260,11
2514,16,890,10,59,37,1312,11
2514,16,890,10,59,37,1388,11
2514,16,890,10,59,37,1391,11
2514,16,890,10,59,37,1422,11
2514,16,890,10,59,37,1556,11
2514,16,890,10,59,37,1568,11
2514,16,890,10,59,37,1599,11
2514,16,890,10,59,37,1747,11
2514,16,890,10,59,37,1773,11
2514,16,890,10,59,37,1799,11
2514,16,890,10,59,37,1818,11
2514,16,890,10,59,37,1873,11
2514,16,890,10,59,37,1940,11
2514,16,890,10,59,37,1956,11
2514,16,890,10,59,37,1997,11
2514,16,890,10,59,37,2068,11
2514,16,890,10,59,37,2079,11
2514,16,890,10,59,37,2123,11
2514,16,890,10,59,37,2196,11
2514,16,890,10,59,37,2206,11
2514,16,890,10,59,37,2216,11
2514,16,890,10,59,37,2244,11
2514,16,890,10,59,37,2259,11
2514,16,890,10,59,37,2261,11
2514,16,890,10,59,37,2289,11
2514,16,890,10,59,37,2359,11
2514,16,890,10,59,37,2370,11
2514,16,890,10,59,37,2405,11
2514,16,890,10,210,26,45,11
2514,16,890,10,210,26,159,11
2514,16,890,10,210,26,272,11
2514,16,890,10,210,26,338,11
2514,16,890,10,210,26,390,11
2514,16,890,10,210,26,457,11
2514,16,890,10,210,26,463,11
2514,16,890,10,210,26,620,11
2514,16,890,10,210,26,700,11
2514,16,890,10,210,26,742,11
2514,16,890,10,210,26,758,11
2514,16,890,10,210,26,879,11
2514,16,890,10,210,26,927,11
2514,16,890,10,210,26,979,11
2514,16,890,10,210,26,1003,11
2514,16,890,10,210,26,1044,11
2514,16,890,10,210,26,1068,11
2514,16,890,10,210,26,1153,11
2514,16,890,10,210,26,1186,11
2514,16,890,10,210,26,1194,11
2514,16,890,10,210,26,1259,11
2514,16,890,10,210,26,1260,11
2514,16,890,10,210,26,1312,11
2514,16,890,10,210,26,1388,11
2514,16,890,10,210,26,1391,11
2514,16,890,10,210,26,1422,11
2514,16,890,10,210,26,1556,11
2514,16,890,10,210,26,1568,11
2514,16,890,10,210,26,1599,11
2514,16,890,10,210,26,1747,11
2514,16,890,10,210,26,1773,11
2514,16,890,10,210,26,1799,11
2514,16,890,10,210,26,1818,11
2514,16,890,10,210,26,1873,11
2514,16,890,10,210,26,1940,11
2514,16,890,10,210,26,1956,11
2514,16,890,10,210,26,1997,11
2514,16,890,10,210,26,2068,11
2514,16,890,10,210,26,2079,11
2514,16,890,10,210,26,2123,11
2514,16,890,10,210,26,2196,11
2514,16,890,10,210,26,2206,11
2514,16,890,10,210,26,2216,11
2514,16,890,10,210,26,2244,11
2514,16,890,10,210,26,2259,11
2514,16,890,10,210,26,2261,11
2514,16,890,10,210,26,2289,11
2514,16,890,10,210,26,2359,11
2514,16,890,10,210,26,2370,11
2514,16,890,10,210,26,2405,11
2514,16,890,10,506,44,45,11
2514,16,890,10,506,44,159,11
2514,16,890,10,506,44,272,11
2514,16,890,10,506,44,338,11
2514,16,890,10,506,44,390,11
2514,16,890,10,506,44,457,11
2514,16,890,10,506,44,463,11
2514,16,890,10,506,44,620,11
2514,16,890,10,506,44,700,11
2514,16,890,10,506,44,742,11
2514,16,890,10,506,44,758,11
2514,16,890,10,506,44,879,11
2514,16,890,10,506,44,927,11
2514,16,890,10,506,44,979,11
2514,16,890,10,506,44,1003,11
2514,16,890,10,506,44,1044,11
2514,16,890,10,506,44,1068,11
2514,16,890,10,506,44,1153,11
2514,16,890,10,506,44,1186,11
2514,16,890,10,506,44,1194,11
2514,16,890,10,506,44,1259,11
2514,16,890,10,506,44,1260,11
2514,16,890,10,506,44,1312,11
2514,16,890,10,506,44,1388,11
2514,16,890,10,506,44,1391,11
2514,16,890,10,506,44,1422,11
2514,16,890,10,506,44,1556,11
2514,16,890,10,506,44,1568,11
2514,16,890,10,506,44,1599,11
2514,16,890,10,506,44,1747,11
2514,16,890,10,506,44,1773,11
2514,16,890,10,506,44,1799,11
2514,16,890,10,506,44,1818,11
2514,16,890,10,506,44,1873,11
2514,16,890,10,506,44,1940,11
2514,16,890,10,506,44,1956,11
2514,16,890,10,506,44,1997,11
2514,16,890,10,506,44,2068,11
2514,16,890,10,506,44,2079,11
2514,16,890,10,506,44,2123,11
2514,16,890,10,506,44,2196,11
2514,16,890,10,506,44,2206,11
2514,16,890,10,506,44,2216,11
2514,16,890,10,506,44,2244,11
2514,16,890,10,506,44,2259,11
2514,16,890,10,506,44,2261,11
2514,16,890,10,506,44,2289,11
2514,16,890,10,506,44,2359,11
2514,16,890,10,506,44,2370,11
2514,16,890,10,506,44,2405,11
2514,16,890,10,683,12,45,11
2514,16,890,10,683,12,159,11
2514,16,890,10,683,12,272,11
2514,16,890,10,683,12,338,11
2514,16,890,10,683,12,390,11
2514,16,890,10,683,12,457,11
2514,16,890,10,683,12,463,11
2514,16,890,10,683,12,620,11
2514,16,890,10,683,12,700,11
2514,16,890,10,683,12,742,11
2514,16,890,10,683,12,758,11
2514,16,890,10,683,12,879,11
2514,16,890,10,683,12,927,11
2514,16,890,10,683,12,979,11
2514,16,890,10,683,12,1003,11
2514,16,890,10,683,12,1044,11
2514,16,890,10,683,12,1068,11
2514,16,890,10,683,12,1153,11
2514,16,890,10,683,12,1186,11
2514,16,890,10,683,12,1194,11
2514,16,890,10,683,12,1259,11
2514,16,890,10,683,12,1260,11
2514,16,890,10,683,12,1312,11
2514,16,890,10,683,12,1388,11
2514,16,890,10,683,12,1391,11
2514,16,890,10,683,12,1422,11
2514,16,890,10,683,12,1556,11
2514,16,890,10,683,12,1568,11
2514,16,890,10,683,12,1599,11
2514,16,890,10,683,12,1747,11
2514,16,890,10,683,12,1773,11
2514,16,890,10,683,12,1799,11
2514,16,890,10,683,12,1818,11
2514,16,890,10,683,12,1873,11
2514,16,890,10,683,12,1940,11
2514,16,890,10,683,12,1956,11
2514,16,890,10,683,12,1997,11
2514,16,890,10,683,12,2068,11
2514,16,890,10,683,12,2079,11
2514,16,890,10,683,12,2123,11
2514,16,890,10,683,12,2196,11
2514,16,890,10,683,12,2206,11
2514,16,890,10,683,12,2216,11
2514,16,890,10,683,12,2244,11
2514,16,890,10,683,12,2259,11
2514,16,890,10,683,12,2261,11
2514,16,890,10,683,12,2289,11
2514,16,890,10,683,12,2359,11
2514,16,890,10,683,12,2370,11
2514,16,890,10,683,12,2405,11
2514,16,890,10,715,37,45,11
2514,16,890,10,715,37,159,11
2514,16,890,10,715,37,272,11
2514,16,890,10,715,37,338,11
2514,16,890,10,715,37,390,11
2514,16,890,10,715,37,457,11
2514,16,890,10,715,37,463,11
2514,16,890,10,715,37,620,11
2514,16,890,10,715,37,700,11
2514,16,890,10,715,37,742,11
2514,16,890,10,715,37,758,11
2514,16,890,10,715,37,879,11
2514,16,890,10,715,37,927,11
2514,16,890,10,715,37,979,11
2514,16,890,10,715,37,1003,11
2514,16,890,10,715,37,1044,11
2514,16,890,10,715,37,1068,11
2514,16,890,10,715,37,1153,11
2514,16,890,10,715,37,1186,11
2514,16,890,10,715,37,1194,11
2514,16,890,10,715,37,1259,11
2514,16,890,10,715,37,1260,11
2514,16,890,10,715,37,1312,11
2514,16,890,10,715,37,1388,11
2514,16,890,10,715,37,1391,11
2514,16,890,10,715,37,1422,11
2514,16,890,10,715,37,1556,11
2514,16,890,10,715,37,1568,11
2514,16,890,10,715,37,1599,11
2514,16,890,10,715,37,1747,11
2514,16,890,10,715,37,1773,11
2514,16,890,10,715,37,1799,11
2514,16,890,10,715,37,1818,11
2514,16,890,10,715,37,1873,11
2514,16,890,10,715,37,1940,11
2514,16,890,10,715,37,1956,11
2514,16,890,10,715,37,1997,11
2514,16,890,10,715,37,2068,11
2514,16,890,10,715,37,2079,11
2514,16,890,10,715,37,2123,11
2514,16,890,10,715,37,2196,11
2514,16,890,10,715,37,2206,11
2514,16,890,10,715,37,2216,11
2514,16,890,10,715,37,2244,11
2514,16,890,10,715,37,2259,11
2514,16,890,10,715,37,2261,11
2514,16,890,10,715,37,2289,11
2514,16,890,10,715,37,2359,11
2514,16,890,10,715,37,2370,11
2514,16,890,10,715,37,2405,11
2514,16,890,10,737,46,45,11
2514,16,890,10,737,46,159,11
2514,16,890,10,737,46,272,11
2514,16,890,10,737,46,338,11
2514,16,890,10,737,46,390,11
2514,16,890,10,737,46,457,11
2514,16,890,10,737,46,463,11
2514,16,890,10,737,46,620,11
2514,16,890,10,737,46,700,11
2514,16,890,10,737,46,742,11
2514,16,890,10,737,46,758,11
2514,16,890,10,737,46,879,11
2514,16,890,10,737,46,927,11
2514,16,890,10,737,46,979,11
2514,16,890,10,737,46,1003,11
2514,16,890,10,737,46,1044,11
2514,16,890,10,737,46,1068,11
2514,16,890,10,737,46,1153,11
2514,16,890,10,737,46,1186,11
2514,16,890,10,737,46,1194,11
2514,16,890,10,737,46,1259,11
2514,16,890,10,737,46,1260,11
2514,16,890,10,737,46,1312,11
2514,16,890,10,737,46,1388,11
2514,16,890,10,737,46,1391,11
2514,16,890,10,737,46,1422,11
2514,16,890,10,737,46,1556,11
2514,16,890,10,737,46,1568,11
2514,16,890,10,737,46,1599,11
2514,16,890,10,737,46,1747,11
2514,16,890,10,737,46,1773,11
2514,16,890,10,737,46,1799,11
2514,16,890,10,737,46,1818,11
2514,16,890,10,737,46,1873,11
2514,16,890,10,737,46,1940,11
2514,16,890,10,737,46,1956,11
2514,16,890,10,737,46,1997,11
2514,16,890,10,737,46,2068,11
2514,16,890,10,737,46,2079,11
2514,16,890,10,737,46,2123,11
2514,16,890,10,737,46,2196,11
2514,16,890,10,737,46,2206,11
2514,16,890,10,737,46,2216,11
2514,16,890,10,737,46,2244,11
2514,16,890,10,737,46,2259,11
2514,16,890,10,737,46,2261,11
2514,16,890,10,737,46,2289,11
2514,16,890,10,737,46,2359,11
2514,16,890,10,737,46,2370,11
2514,16,890,10,737,46,2405,11
2514,16,890,10,865,49,159,11
2514,16,890,10,865,49,272,11
2514,16,890,10,865,49,338,11
2514,16,890,10,865,49,457,11
2514,16,890,10,865,49,463,11
2514,16,890,10,865,49,700,11
2514,16,890,10,865,49,742,11
2514,16,890,10,865,49,758,11
2514,16,890,10,865,49,879,11
2514,16,890,10,865,49,927,11
2514,16,890,10,865,49,1003,11
2514,16,890,10,865,49,1044,11
2514,16,890,10,865,49,1068,11
2514,16,890,10,865,49,1153,11
2514,16,890,10,865,49,1186,11
2514,16,890,10,865,49,1194,11
2514,16,890,10,865,49,1259,11
2514,16,890,10,865,49,1260,11
2514,16,890,10,865,49,1312,11
2514,16,890,10,865,49,1388,11
2514,16,890,10,865,49,1391,11
2514,16,890,10,865,49,1422,11
2514,16,890,10,865,49,1556,11
2514,16,890,10,865,49,1568,11
2514,16,890,10,865,49,1599,11
2514,16,890,10,865,49,1747,11
2514,16,890,10,865,49,1773,11
2514,16,890,10,865,49,1818,11
2514,16,890,10,865,49,1873,11
2514,16,890,10,865,49,1940,11
2514,16,890,10,865,49,1997,11
2514,16,890,10,865,49,2068,11
2514,16,890,10,865,49,2079,11
2514,16,890,10,865,49,2123,11
2514,16,890,10,865,49,2196,11
2514,16,890,10,865,49,2216,11
2514,16,890,10,865,49,2259,11
2514,16,890,10,865,49,2289,11
2514,16,890,10,865,49,2370,11
2514,16,890,10,865,49,2405,11
2514,16,890,10,912,20,45,11
2514,16,890,10,912,20,159,11
2514,16,890,10,912,20,272,11
2514,16,890,10,912,20,338,11
2514,16,890,10,912,20,390,11
2514,16,890,10,912,20,457,11
2514,16,890,10,912,20,463,11
2514,16,890,10,912,20,620,11
2514,16,890,10,912,20,700,11
2514,16,890,10,912,20,742,11
2514,16,890,10,912,20,758,11
2514,16,890,10,912,20,879,11
2514,16,890,10,912,20,927,11
2514,16,890,10,912,20,979,11
2514,16,890,10,912,20,1003,11
2514,16,890,10,912,20,1044,11
2514,16,890,10,912,20,1068,11
2514,16,890,10,912,20,1153,11
2514,16,890,10,912,20,1186,11
2514,16,890,10,912,20,1194,11
2514,16,890,10,912,20,1259,11
2514,16,890,10,912,20,1260,11
2514,16,890,10,912,20,1312,11
2514,16,890,10,912,20,1388,11
2514,16,890,10,912,20,1391,11
2514,16,890,10,912,20,1422,11
2514,16,890,10,912,20,1556,11
2514,16,890,10,912,20,1568,11
2514,16,890,10,912,20,1599,11
2514,16,890,10,912,20,1747,11
2514,16,890,10,912,20,1773,11
2514,16,890,10,912,20,1799,11
2514,16,890,10,912,20,1818,11
2514,16,890,10,912,20,1873,11
2514,16,890,10,912,20,1940,11
2514,16,890,10,912,20,1956,11
2514,16,890,10,912,20,1997,11
2514,16,890,10,912,20,2068,11
2514,16,890,10,912,20,2079,11
2514,16,890,10,912,20,2123,11
2514,16,890,10,912,20,2196,11
2514,16,890,10,912,20,2206,11
2514,16,890,10,912,20,2216,11
2514,16,890,10,912,20,2244,11
2514,16,890,10,912,20,2259,11
2514,16,890,10,912,20,2261,11
2514,16,890,10,912,20,2289,11
2514,16,890,10,912,20,2359,11
2514,16,890,10,912,20,2370,11
2514,16,890,10,912,20,2405,11
2514,16,890,10,925,27,45,11
2514,16,890,10,925,27,159,11
2514,16,890,10,925,27,272,11
2514,16,890,10,925,27,338,11
2514,16,890,10,925,27,390,11
2514,16,890,10,925,27,457,11
2514,16,890,10,925,27,463,11
2514,16,890,10,925,27,620,11
2514,16,890,10,925,27,700,11
2514,16,890,10,925,27,742,11
2514,16,890,10,925,27,758,11
2514,16,890,10,925,27,879,11
2514,16,890,10,925,27,927,11
2514,16,890,10,925,27,979,11
2514,16,890,10,925,27,1003,11
2514,16,890,10,925,27,1044,11
2514,16,890,10,925,27,1068,11
2514,16,890,10,925,27,1153,11
2514,16,890,10,925,27,1186,11
2514,16,890,10,925,27,1194,11
2514,16,890,10,925,27,1259,11
2514,16,890,10,925,27,1260,11
2514,16,890,10,925,27,1312,11
2514,16,890,10,925,27,1388,11
2514,16,890,10,925,27,1391,11
2514,16,890,10,925,27,1422,11
2514,16,890,10,925,27,1556,11
2514,16,890,10,925,27,1568,11
2514,16,890,10,925,27,1599,11
2514,16,890,10,925,27,1747,11
2514,16,890,10,925,27,1773,11
2514,16,890,10,925,27,1799,11
2514,16,890,10,925,27,1818,11
2514,16,890,10,925,27,1873,11
2514,16,890,10,925,27,1940,11
2514,16,890,10,925,27,1956,11
2514,16,890,10,925,27,1997,11
2514,16,890,10,925,27,2068,11
2514,16,890,10,925,27,2079,11
2514,16,890,10,925,27,2123,11
2514,16,890,10,925,27,2196,11
2514,16,890,10,925,27,2206,11
2514,16,890,10,925,27,2216,11
2514,16,890,10,925,27,2244,11
2514,16,890,10,925,27,2259,11
2514,16,890,10,925,27,2261,11
2514,16,890,10,925,27,2289,11
2514,16,890,10,925,27,2359,11
2514,16,890,10,925,27,2370,11
2514,16,890,10,925,27,2405,11
2514,16,890,10,1085,41,45,11
2514,16,890,10,1085,41,159,11
2514,16,890,10,1085,41,272,11
2514,16,890,10,1085,41,338,11
2514,16,890,10,1085,41,390,11
2514,16,890,10,1085,41,457,11
2514,16,890,10,1085,41,463,11
2514,16,890,10,1085,41,620,11
2514,16,890,10,1085,41,700,11
2514,16,890,10,1085,41,742,11
2514,16,890,10,1085,41,758,11
2514,16,890,10,1085,41,879,11
2514,16,890,10,1085,41,927,11
2514,16,890,10,1085,41,979,11
2514,16,890,10,1085,41,1003,11
2514,16,890,10,1085,41,1044,11
2514,16,890,10,1085,41,1068,11
2514,16,890,10,1085,41,1153,11
2514,16,890,10,1085,41,1186,11
2514,16,890,10,1085,41,1194,11
2514,16,890,10,1085,41,1259,11
2514,16,890,10,1085,41,1260,11
2514,16,890,10,1085,41,1312,11
2514,16,890,10,1085,41,1388,11
2514,16,890,10,1085,41,1391,11
2514,16,890,10,1085,41,1422,11
2514,16,890,10,1085,41,1556,11
2514,16,890,10,1085,41,1568,11
2514,16,890,10,1085,41,1599,11
2514,16,890,10,1085,41,1747,11
2514,16,890,10,1085,41,1773,11
2514,16,890,10,1085,41,1799,11
2514,16,890,10,1085,41,1818,11
2514,16,890,10,1085,41,1873,11
2514,16,890,10,1085,41,1940,11
2514,16,890,10,1085,41,1956,11
2514,16,890,10,1085,41,1997,11
2514,16,890,10,1085,41,2068,11
2514,16,890,10,1085,41,2079,11
2514,16,890,10,1085,41,2123,11
2514,16,890,10,1085,41,2196,11
2514,16,890,10,1085,41,2206,11
2514,16,890,10,1085,41,2216,11
2514,16,890,10,1085,41,2244,11
2514,16,890,10,1085,41,2259,11
2514,16,890,10,1085,41,2261,11
2514,16,890,10,1085,41,2289,11
2514,16,890,10,1085,41,2359,11
2514,16,890,10,1085,41,2370,11
2514,16,890,10,1085,41,2405,11
2514,16,890,10,1329,16,45,11
2514,16,890,10,1329,16,159,11
2514,16,890,10,1329,16,272,11
2514,16,890,10,1329,16,338,11
2514,16,890,10,1329,16,390,11
2514,16,890,10,1329,16,457,11
2514,16,890,10,1329,16,463,11
2514,16,890,10,1329,16,620,11
2514,16,890,10,1329,16,700,11
2514,16,890,10,1329,16,742,11
2514,16,890,10,1329,16,758,11
2514,16,890,10,1329,16,879,11
2514,16,890,10,1329,16,927,11
2514,16,890,10,1329,16,979,11
2514,16,890,10,1329,16,1003,11
2514,16,890,10,1329,16,1044,11
2514,16,890,10,1329,16,1068,11
2514,16,890,10,1329,16,1153,11
2514,16,890,10,1329,16,1186,11
2514,16,890,10,1329,16,1194,11
2514,16,890,10,1329,16,1259,11
2514,16,890,10,1329,16,1260,11
2514,16,890,10,1329,16,1312,11
2514,16,890,10,1329,16,1388,11
2514,16,890,10,1329,16,1391,11
2514,16,890,10,1329,16,1422,11
2514,16,890,10,1329,16,1556,11
2514,16,890,10,1329,16,1568,11
2514,16,890,10,1329,16,1599,11
2514,16,890,10,1329,16,1747,11
2514,16,890,10,1329,16,1773,11
2514,16,890,10,1329,16,1799,11
2514,16,890,10,1329,16,1818,11
2514,16,890,10,1329,16,1873,11
2514,16,890,10,1329,16,1940,11
2514,16,890,10,1329,16,1956,11
2514,16,890,10,1329,16,1997,11
2514,16,890,10,1329,16,2068,11
2514,16,890,10,1329,16,2079,11
2514,16,890,10,1329,16,2123,11
2514,16,890,10,1329,16,2196,11
2514,16,890,10,1329,16,2206,11
2514,16,890,10,1329,16,2216,11
2514,16,890,10,1329,16,2244,11
2514,16,890,10,1329,16,2259,11
2514,16,890,10,1329,16,2261,11
2514,16,890,10,1329,16,2289,11
2514,16,890,10,1329,16,2359,11
2514,16,890,10,1329,16,2370,11
2514,16,890,10,1329,16,2405,11
2514,16,890,10,1410,44,45,11
2514,16,890,10,1410,44,159,11
2514,16,890,10,1410,44,272,11
2514,16,890,10,1410,44,338,11
2514,16,890,10,1410,44,390,11
2514,16,890,10,1410,44,457,11
2514,16,890,10,1410,44,463,11
2514,16,890,10,1410,44,620,11
2514,16,890,10,1410,44,700,11
2514,16,890,10,1410,44,742,11
2514,16,890,10,1410,44,758,11
2514,16,890,10,1410,44,879,11
2514,16,890,10,1410,44,927,11
2514,16,890,10,1410,44,979,11
2514,16,890,10,1410,44,1003,11
2514,16,890,10,1410,44,1044,11
2514,16,890,10,1410,44,1068,11
2514,16,890,10,1410,44,1153,11
2514,16,890,10,1410,44,1186,11
2514,16,890,10,1410,44,1194,11
2514,16,890,10,1410,44,1259,11
2514,16,890,10,1410,44,1260,11
2514,16,890,10,1410,44,1312,11
2514,16,890,10,1410,44,1388,11
2514,16,890,10,1410,44,1391,11
2514,16,890,10,1410,44,1422,11
2514,16,890,10,1410,44,1556,11
2514,16,890,10,1410,44,1568,11
2514,16,890,10,1410,44,1599,11
2514,16,890,10,1410,44,1747,11
2514,16,890,10,1410,44,1773,11
2514,16,890,10,1410,44,1799,11
2514,16,890,10,1410,44,1818,11
2514,16,890,10,1410,44,1873,11
2514,16,890,10,1410,44,1940,11
2514,16,890,10,1410,44,1956,11
2514,16,890,10,1410,44,1997,11
2514,16,890,10,1410,44,2068,11
2514,16,890,10,1410,44,2079,11
2514,16,890,10,1410,44,2123,11
2514,16,890,10,1410,44,2196,11
2514,16,890,10,1410,44,2206,11
2514,16,890,10,1410,44,2216,11
2514,16,890,10,1410,44,2244,11
2514,16,890,10,1410,44,2259,11
2514,16,890,10,1410,44,2261,11
2514,16,890,10,1410,44,2289,11
2514,16,890,10,1410,44,2359,11
2514,16,890,10,1410,44,2370,11
2514,16,890,10,1410,44,2405,11
2514,16,890,10,1731,32,45,11
2514,16,890,10,1731,32,159,11
2514,16,890,10,1731,32,272,11
2514,16,890,10,1731,32,338,11
2514,16,890,10,1731,32,390,11
2514,16,890,10,1731,32,457,11
2514,16,890,10,1731,32,463,11
2514,16,890,10,1731,32,620,11
2514,16,890,10,1731,32,700,11
2514,16,890,10,1731,32,742,11
2514,16,890,10,1731,32,758,11
2514,16,890,10,1731,32,879,11
2514,16,890,10,1731,32,927,11
2514,16,890,10,1731,32,979,11
2514,16,890,10,1731,32,1003,11
2514,16,890,10,1731,32,1044,11
2514,16,890,10,1731,32,1068,11
2514,16,890,10,1731,32,1153,11
2514,16,890,10,1731,32,1186,11
2514,16,890,10,1731,32,1194,11
2514,16,890,10,1731,32,1259,11
2514,16,890,10,1731,32,1260,11
2514,16,890,10,1731,32,1312,11
2514,16,890,10,1731,32,1388,11
2514,16,890,10,1731,32,1391,11
2514,16,890,10,1731,32,1422,11
2514,16,890,10,1731,32,1556,11
2514,16,890,10,1731,32,1568,11
2514,16,890,10,1731,32,1599,11
2514,16,890,10,1731,32,1747,11
2514,16,890,10,1731,32,1773,11
2514,16,890,10,1731,32,1799,11
2514,16,890,10,1731,32,1818,11
2514,16,890,10,1731,32,1873,11
2514,16,890,10,1731,32,1940,11
2514,16,890,10,1731,32,1956,11
2514,16,890,10,1731,32,1997,11
2514,16,890,10,1731,32,2068,11
2514,16,890,10,1731,32,2079,11
2514,16,890,10,1731,32,2123,11
2514,16,890,10,1731,32,2196,11
2514,16,890,10,1731,32,2206,11
2514,16,890,10,1731,32,2216,11
2514,16,890,10,1731,32,2244,11
2514,16,890,10,1731,32,2259,11
2514,16,890,10,1731,32,2261,11
2514,16,890,10,1731,32,2289,11
2514,16,890,10,1731,32,2359,11
2514,16,890,10,1731,32,2370,11
2514,16,890,10,1731,32,2405,11
