2514,16,28,42,158,40,45,11
2514,16,28,42,158,40,159,11
2514,16,28,42,158,40,272,11
2514,16,28,42,158,40,338,11
2514,16,28,42,158,40,390,11
2514,16,28,42,158,40,457,11
2514,16,28,42,158,40,463,11
2514,16,28,42,158,40,620,11
2514,16,28,42,158,40,700,11
2514,16,28,42,158,40,742,11
2514,16,28,42,158,40,758,11
2514,16,28,42,158,40,879,11
2514,16,28,42,158,40,927,11
2514,16,28,42,158,40,979,11
2514,16,28,42,158,40,1003,11
2514,16,28,42,158,40,1044,11
2514,16,28,42,158,40,1068,11
2514,16,28,42,158,40,1153,11
2514,16,28,42,158,40,1186,11
2514,16,28,42,158,40,1194,11
2514,16,28,42,158,40,1259,11
2514,16,28,42,158,40,1260,11
2514,16,28,42,158,40,1312,11
2514,16,28,42,158,40,1388,11
2514,16,28,42,158,40,1391,11
2514,16,28,42,158,40,1422,11
2514,16,28,42,158,40,1556,11
2514,16,28,42,158,40,1568,11
2514,16,28,42,158,40,1599,11
2514,16,28,42,158,40,1747,11
2514,16,28,42,158,40,1773,11
2514,16,28,42,158,40,1799,11
2514,16,28,42,158,40,1818,11
2514,16,28,42,158,40,1873,11
2514,16,28,42,158,40,1940,11
2514,16,28,42,158,40,1956,11
2514,16,28,42,158,40,1997,11
2514,16,28,42,158,40,2068,11
2514,16,28,42,158,40,2079,11
2514,16,28,42,158,40,2123,11
2514,16,28,42,158,40,2196,11
2514,16,28,42,158,40,2206,11
2514,16,28,42,158,40,2216,11
2514,16,28,42,158,40,2244,11
2514,16,28,42,158,40,2259,11
2514,16,28,42,158,40,2261,11
2514,16,28,42,158,40,2289,11
2514,16,28,42,158,40,2359,11
2514,16,28,42,158,40,2370,11
2514,16,28,42,158,40,2405,11
2514,16,28,42,269,47,45,11
2514,16,28,42,269,47,159,11
2514,16,28,42,269,47,272,11
2514,16,28,42,269,47,338,11
2514,16,28,42,269,47,390,11
2514,16,28,42,269,47,457,11
2514,16,28,42,269,47,463,11
2514,16,28,42,269,47,620,11
2514,16,28,42,269,47,700,11
2514,16,28,42,269,47,742,11
2514,16,28,42,269,47,758,11
2514,16,28,42,269,47,879,11
2514,16,28,42,269,47,927,11
2514,16,28,42,269,47,979,11
2514,16,28,42,269,47,1003,11
2514,16,28,42,269,47,1044,11
2514,16,28,42,269,47,1068,11
2514,16,28,42,269,47,1153,11
2514,16,28,42,269,47,1186,11
2514,16,28,42,269,47,1194,11
2514,16,28,42,269,47,1259,11
2514,16,28,42,269,47,1260,11
2514,16,28,42,269,47,1312,11
2514,16,28,42,269,47,1388,11
2514,16,28,42,269,47,1391,11
2514,16,28,42,269,47,1422,11
2514,16,28,42,269,47,1556,11
2514,16,28,42,269,47,1568,11
2514,16,28,42,269,47,1599,11
2514,16,28,42,269,47,1747,11
2514,16,28,42,269,47,1773,11
2514,16,28,42,269,47,1799,11
2514,16,28,42,269,47,1818,11
2514,16,28,42,269,47,1873,11
2514,16,28,42,269,47,1940,11
2514,16,28,42,269,47,1956,11
2514,16,28,42,269,47,1997,11
2514,16,28,42,269,47,2068,11
2514,16,28,42,269,47,2079,11
2514,16,28,42,269,47,2123,11
2514,16,28,42,269,47,2196,11
2514,16,28,42,269,47,2206,11
2514,16,28,42,269,47,2216,11
2514,16,28,42,269,47,2244,11
2514,16,28,42,269,47,2259,11
2514,16,28,42,269,47,2261,11
2514,16,28,42,269,47,2289,11
2514,16,28,42,269,47,2359,11
2514,16,28,42,269,47,2370,11
2514,16,28,42,269,47,2405,11
2514,16,28,42,332,41,45,11
2514,16,28,42,332,41,159,11
2514,16,28,42,332,41,272,11
2514,16,28,42,332,41,338,11
2514,16,28,42,332,41,390,11
2514,16,28,42,332,41,457,11
2514,16,28,42,332,41,463,11
2514,16,28,42,332,41,620,11
2514,16,28,42,332,41,700,11
2514,16,28,42,332,41,742,11
2514,16,28,42,332,41,758,11
2514,16,28,42,332,41,879,11
2514,16,28,42,332,41,927,11
2514,16,28,42,332,41,979,11
2514,16,28,42,332,41,1003,11
2514,16,28,42,332,41,1044,11
2514,16,28,42,332,41,1068,11
2514,16,28,42,332,41,1153,11
2514,16,28,42,332,41,1186,11
2514,16,28,42,332,41,1194,11
2514,16,28,42,332,41,1259,11
2514,16,28,42,332,41,1260,11
2514,16,28,42,332,41,1312,11
2514,16,28,42,332,41,1388,11
2514,16,28,42,332,41,1391,11
2514,16,28,42,332,41,1422,11
2514,16,28,42,332,41,1556,11
2514,16,28,42,332,41,1568,11
2514,16,28,42,332,41,1599,11
2514,16,28,42,332,41,1747,11
2514,16,28,42,332,41,1773,11
2514,16,28,42,332,41,1799,11
2514,16,28,42,332,41,1818,11
2514,16,28,42,332,41,1873,11
2514,16,28,42,332,41,1940,11
2514,16,28,42,332,41,1956,11
2514,16,28,42,332,41,1997,11
2514,16,28,42,332,41,2068,11
2514,16,28,42,332,41,2079,11
2514,16,28,42,332,41,2123,11
2514,16,28,42,332,41,2196,11
2514,16,28,42,332,41,2206,11
2514,16,28,42,332,41,2216,11
2514,16,28,42,332,41,2244,11
2514,16,28,42,332,41,2259,11
2514,16,28,42,332,41,2261,11
2514,16,28,42,332,41,2289,11
2514,16,28,42,332,41,2359,11
2514,16,28,42,332,41,2370,11
2514,16,28,42,332,41,2405,11
2514,16,28,42,364,46,45,11
2514,16,28,42,364,46,159,11
2514,16,28,42,364,46,272,11
2514,16,28,42,364,46,338,11
2514,16,28,42,364,46,390,11
2514,16,28,42,364,46,457,11
2514,16,28,42,364,46,463,11
2514,16,28,42,364,46,620,11
2514,16,28,42,364,46,700,11
2514,16,28,42,364,46,742,11
2514,16,28,42,364,46,758,11
2514,16,28,42,364,46,879,11
2514,16,28,42,364,46,927,11
2514,16,28,42,364,46,979,11
2514,16,28,42,364,46,1003,11
2514,16,28,42,364,46,1044,11
2514,16,28,42,364,46,1068,11
2514,16,28,42,364,46,1153,11
2514,16,28,42,364,46,1186,11
2514,16,28,42,364,46,1194,11
2514,16,28,42,364,46,1259,11
2514,16,28,42,364,46,1260,11
2514,16,28,42,364,46,1312,11
2514,16,28,42,364,46,1388,11
2514,16,28,42,364,46,1391,11
2514,16,28,42,364,46,1422,11
2514,16,28,42,364,46,1556,11
2514,16,28,42,364,46,1568,11
2514,16,28,42,364,46,1599,11
2514,16,28,42,364,46,1747,11
2514,16,28,42,364,46,1773,11
2514,16,28,42,364,46,1799,11
2514,16,28,42,364,46,1818,11
2514,16,28,42,364,46,1873,11
2514,16,28,42,364,46,1940,11
2514,16,28,42,364,46,1956,11
2514,16,28,42,364,46,1997,11
2514,16,28,42,364,46,2068,11
2514,16,28,42,364,46,2079,11
2514,16,28,42,364,46,2123,11
2514,16,28,42,364,46,2196,11
2514,16,28,42,364,46,2206,11
2514,16,28,42,364,46,2216,11
2514,16,28,42,364,46,2244,11
2514,16,28,42,364,46,2259,11
2514,16,28,42,364,46,2261,11
2514,16,28,42,364,46,2289,11
2514,16,28,42,364,46,2359,11
2514,16,28,42,364,46,2370,11
2514,16,28,42,364,46,2405,11
2514,16,28,42,428,37,45,11
2514,16,28,42,428,37,159,11
2514,16,28,42,428,37,272,11
2514,16,28,42,428,37,338,11
2514,16,28,42,428,37,390,11
2514,16,28,42,428,37,457,11
2514,16,28,42,428,37,463,11
2514,16,28,42,428,37,620,11
2514,16,28,42,428,37,700,11
2514,16,28,42,428,37,742,11
2514,16,28,42,428,37,758,11
2514,16,28,42,428,37,879,11
2514,16,28,42,428,37,927,11
2514,16,28,42,428,37,979,11
2514,16,28,42,428,37,1003,11
2514,16,28,42,428,37,1044,11
2514,16,28,42,428,37,1068,11
2514,16,28,42,428,37,1153,11
2514,16,28,42,428,37,1186,11
2514,16,28,42,428,37,1194,11
2514,16,28,42,428,37,1259,11
2514,16,28,42,428,37,1260,11
2514,16,28,42,428,37,1312,11
2514,16,28,42,428,37,1388,11
2514,16,28,42,428,37,1391,11
2514,16,28,42,428,37,1422,11
2514,16,28,42,428,37,1556,11
2514,16,28,42,428,37,1568,11
2514,16,28,42,428,37,1599,11
2514,16,28,42,428,37,1747,11
2514,16,28,42,428,37,1773,11
2514,16,28,42,428,37,1799,11
2514,16,28,42,428,37,1818,11
2514,16,28,42,428,37,1873,11
2514,16,28,42,428,37,1940,11
2514,16,28,42,428,37,1956,11
2514,16,28,42,428,37,1997,11
2514,16,28,42,428,37,2068,11
2514,16,28,42,428,37,2079,11
2514,16,28,42,428,37,2123,11
2514,16,28,42,428,37,2196,11
2514,16,28,42,428,37,2206,11
2514,16,28,42,428,37,2216,11
2514,16,28,42,428,37,2244,11
2514,16,28,42,428,37,2259,11
2514,16,28,42,428,37,2261,11
2514,16,28,42,428,37,2289,11
2514,16,28,42,428,37,2359,11
2514,16,28,42,428,37,2370,11
2514,16,28,42,428,37,2405,11
2514,16,28,42,444,38,45,11
2514,16,28,42,444,38,159,11
2514,16,28,42,444,38,272,11
2514,16,28,42,444,38,338,11
2514,16,28,42,444,38,390,11
2514,16,28,42,444,38,457,11
2514,16,28,42,444,38,463,11
2514,16,28,42,444,38,620,11
2514,16,28,42,444,38,700,11
2514,16,28,42,444,38,742,11
2514,16,28,42,444,38,758,11
2514,16,28,42,444,38,879,11
2514,16,28,42,444,38,927,11
2514,16,28,42,444,38,979,11
2514,16,28,42,444,38,1003,11
2514,16,28,42,444,38,1044,11
2514,16,28,42,444,38,1068,11
2514,16,28,42,444,38,1153,11
2514,16,28,42,444,38,1186,11
2514,16,28,42,444,38,1194,11
2514,16,28,42,444,38,1259,11
2514,16,28,42,444,38,1260,11
2514,16,28,42,444,38,1312,11
2514,16,28,42,444,38,1388,11
2514,16,28,42,444,38,1391,11
2514,16,28,42,444,38,1422,11
2514,16,28,42,444,38,1556,11
2514,16,28,42,444,38,1568,11
2514,16,28,42,444,38,1599,11
2514,16,28,42,444,38,1747,11
2514,16,28,42,444,38,1773,11
2514,16,28,42,444,38,1799,11
2514,16,28,42,444,38,1818,11
2514,16,28,42,444,38,1873,11
2514,16,28,42,444,38,1940,11
2514,16,28,42,444,38,1956,11
2514,16,28,42,444,38,1997,11
2514,16,28,42,444,38,2068,11
2514,16,28,42,444,38,2079,11
2514,16,28,42,444,38,2123,11
2514,16,28,42,444,38,2196,11
2514,16,28,42,444,38,2206,11
2514,16,28,42,444,38,2216,11
2514,16,28,42,444,38,2244,11
2514,16,28,42,444,38,2259,11
2514,16,28,42,444,38,2261,11
2514,16,28,42,444,38,2289,11
2514,16,28,42,444,38,2359,11
2514,16,28,42,444,38,2370,11
2514,16,28,42,444,38,2405,11
2514,16,28,42,516,48,45,11
2514,16,28,42,516,48,159,11
2514,16,28,42,516,48,272,11
2514,16,28,42,516,48,338,11
2514,16,28,42,516,48,390,11
2514,16,28,42,516,48,457,11
2514,16,28,42,516,48,463,11
2514,16,28,42,516,48,620,11
2514,16,28,42,516,48,700,11
2514,16,28,42,516,48,742,11
2514,16,28,42,516,48,758,11
2514,16,28,42,516,48,879,11
2514,16,28,42,516,48,927,11
2514,16,28,42,516,48,979,11
2514,16,28,42,516,48,1003,11
2514,16,28,42,516,48,1044,11
2514,16,28,42,516,48,1068,11
2514,16,28,42,516,48,1153,11
2514,16,28,42,516,48,1186,11
2514,16,28,42,516,48,1194,11
2514,16,28,42,516,48,1259,11
2514,16,28,42,516,48,1260,11
2514,16,28,42,516,48,1312,11
2514,16,28,42,516,48,1388,11
2514,16,28,42,516,48,1391,11
2514,16,28,42,516,48,1422,11
2514,16,28,42,516,48,1556,11
2514,16,28,42,516,48,1568,11
2514,16,28,42,516,48,1599,11
2514,16,28,42,516,48,1747,11
2514,16,28,42,516,48,1773,11
2514,16,28,42,516,48,1799,11
2514,16,28,42,516,48,1818,11
2514,16,28,42,516,48,1873,11
2514,16,28,42,516,48,1940,11
2514,16,28,42,516,48,1956,11
2514,16,28,42,516,48,1997,11
2514,16,28,42,516,48,2068,11
2514,16,28,42,516,48,2079,11
2514,16,28,42,516,48,2123,11
2514,16,28,42,516,48,2196,11
2514,16,28,42,516,48,2206,11
2514,16,28,42,516,48,2216,11
2514,16,28,42,516,48,2244,11
2514,16,28,42,516,48,2259,11
2514,16,28,42,516,48,2261,11
2514,16,28,42,516,48,2289,11
2514,16,28,42,516,48,2359,11
2514,16,28,42,516,48,2370,11
2514,16,28,42,516,48,2405,11
2514,16,28,42,798,22,45,11
2514,16,28,42,798,22,159,11
2514,16,28,42,798,22,272,11
2514,16,28,42,798,22,338,11
2514,16,28,42,798,22,390,11
2514,16,28,42,798,22,457,11
2514,16,28,42,798,22,463,11
2514,16,28,42,798,22,620,11
2514,16,28,42,798,22,700,11
2514,16,28,42,798,22,742,11
2514,16,28,42,798,22,758,11
2514,16,28,42,798,22,879,11
2514,16,28,42,798,22,927,11
2514,16,28,42,798,22,979,11
2514,16,28,42,798,22,1003,11
2514,16,28,42,798,22,1044,11
2514,16,28,42,798,22,1068,11
2514,16,28,42,798,22,1153,11
2514,16,28,42,798,22,1186,11
2514,16,28,42,798,22,1194,11
2514,16,28,42,798,22,1259,11
2514,16,28,42,798,22,1260,11
2514,16,28,42,798,22,1312,11
2514,16,28,42,798,22,1388,11
2514,16,28,42,798,22,1391,11
2514,16,28,42,798,22,1422,11
2514,16,28,42,798,22,1556,11
2514,16,28,42,798,22,1568,11
2514,16,28,42,798,22,1599,11
2514,16,28,42,798,22,1747,11
2514,16,28,42,798,22,1773,11
2514,16,28,42,798,22,1799,11
2514,16,28,42,798,22,1818,11
2514,16,28,42,798,22,1873,11
2514,16,28,42,798,22,1940,11
2514,16,28,42,798,22,1956,11
2514,16,28,42,798,22,1997,11
2514,16,28,42,798,22,2068,11
2514,16,28,42,798,22,2079,11
2514,16,28,42,798,22,2123,11
2514,16,28,42,798,22,2196,11
2514,16,28,42,798,22,2206,11
2514,16,28,42,798,22,2216,11
2514,16,28,42,798,22,2244,11
2514,16,28,42,798,22,2259,11
2514,16,28,42,798,22,2261,11
2514,16,28,42,798,22,2289,11
2514,16,28,42,798,22,2359,11
2514,16,28,42,798,22,2370,11
2514,16,28,42,798,22,2405,11
2514,16,28,42,1283,14,45,11
2514,16,28,42,1283,14,159,11
2514,16,28,42,1283,14,272,11
2514,16,28,42,1283,14,338,11
2514,16,28,42,1283,14,390,11
2514,16,28,42,1283,14,457,11
2514,16,28,42,1283,14,463,11
2514,16,28,42,1283,14,620,11
2514,16,28,42,1283,14,700,11
2514,16,28,42,1283,14,742,11
2514,16,28,42,1283,14,758,11
2514,16,28,42,1283,14,879,11
2514,16,28,42,1283,14,927,11
2514,16,28,42,1283,14,979,11
2514,16,28,42,1283,14,1003,11
2514,16,28,42,1283,14,1044,11
2514,16,28,42,1283,14,1068,11
2514,16,28,42,1283,14,1153,11
2514,16,28,42,1283,14,1186,11
2514,16,28,42,1283,14,1194,11
2514,16,28,42,1283,14,1259,11
2514,16,28,42,1283,14,1260,11
2514,16,28,42,1283,14,1312,11
2514,16,28,42,1283,14,1388,11
2514,16,28,42,1283,14,1391,11
2514,16,28,42,1283,14,1422,11
2514,16,28,42,1283,14,1556,11
2514,16,28,42,1283,14,1568,11
2514,16,28,42,1283,14,1599,11
2514,16,28,42,1283,14,1747,11
2514,16,28,42,1283,14,1773,11
2514,16,28,42,1283,14,1799,11
2514,16,28,42,1283,14,1818,11
2514,16,28,42,1283,14,1873,11
2514,16,28,42,1283,14,1940,11
2514,16,28,42,1283,14,1956,11
2514,16,28,42,1283,14,1997,11
2514,16,28,42,1283,14,2068,11
2514,16,28,42,1283,14,2079,11
2514,16,28,42,1283,14,2123,11
2514,16,28,42,1283,14,2196,11
2514,16,28,42,1283,14,2206,11
2514,16,28,42,1283,14,2216,11
2514,16,28,42,1283,14,2244,11
2514,16,28,42,1283,14,2259,11
2514,16,28,42,1283,14,2261,11
2514,16,28,42,1283,14,2289,11
2514,16,28,42,1283,14,2359,11
2514,16,28,42,1283,14,2370,11
2514,16,28,42,1283,14,2405,11
2514,16,28,42,1300,38,45,11
2514,16,28,42,1300,38,159,11
2514,16,28,42,1300,38,272,11
2514,16,28,42,1300,38,338,11
2514,16,28,42,1300,38,390,11
2514,16,28,42,1300,38,457,11
2514,16,28,42,1300,38,463,11
2514,16,28,42,1300,38,620,11
2514,16,28,42,1300,38,700,11
2514,16,28,42,1300,38,742,11
2514,16,28,42,1300,38,758,11
2514,16,28,42,1300,38,879,11
2514,16,28,42,1300,38,927,11
2514,16,28,42,1300,38,979,11
2514,16,28,42,1300,38,1003,11
2514,16,28,42,1300,38,1044,11
2514,16,28,42,1300,38,1068,11
2514,16,28,42,1300,38,1153,11
2514,16,28,42,1300,38,1186,11
2514,16,28,42,1300,38,1194,11
2514,16,28,42,1300,38,1259,11
2514,16,28,42,1300,38,1260,11
2514,16,28,42,1300,38,1312,11
2514,16,28,42,1300,38,1388,11
2514,16,28,42,1300,38,1391,11
2514,16,28,42,1300,38,1422,11
2514,16,28,42,1300,38,1556,11
2514,16,28,42,1300,38,1568,11
2514,16,28,42,1300,38,1599,11
2514,16,28,42,1300,38,1747,11
2514,16,28,42,1300,38,1773,11
2514,16,28,42,1300,38,1799,11
2514,16,28,42,1300,38,1818,11
2514,16,28,42,1300,38,1873,11
2514,16,28,42,1300,38,1940,11
2514,16,28,42,1300,38,1956,11
2514,16,28,42,1300,38,1997,11
2514,16,28,42,1300,38,2068,11
2514,16,28,42,1300,38,2079,11
2514,16,28,42,1300,38,2123,11
2514,16,28,42,1300,38,2196,11
2514,16,28,42,1300,38,2206,11
2514,16,28,42,1300,38,2216,11
2514,16,28,42,1300,38,2244,11
2514,16,28,42,1300,38,2259,11
2514,16,28,42,1300,38,2261,11
2514,16,28,42,1300,38,2289,11
2514,16,28,42,1300,38,2359,11
2514,16,28,42,1300,38,2370,11
2514,16,28,42,1300,38,2405,11
2514,16,28,42,1416,32,159,11
2514,16,28,42,1416,32,272,11
2514,16,28,42,1416,32,338,11
2514,16,28,42,1416,32,457,11
2514,16,28,42,1416,32,463,11
2514,16,28,42,1416,32,700,11
2514,16,28,42,1416,32,742,11
2514,16,28,42,1416,32,758,11
2514,16,28,42,1416,32,879,11
2514,16,28,42,1416,32,927,11
2514,16,28,42,1416,32,1003,11
2514,16,28,42,1416,32,1044,11
2514,16,28,42,1416,32,1068,11
2514,16,28,42,1416,32,1153,11
2514,16,28,42,1416,32,1186,11
2514,16,28,42,1416,32,1194,11
2514,16,28,42,1416,32,1259,11
2514,16,28,42,1416,32,1260,11
2514,16,28,42,1416,32,1312,11
2514,16,28,42,1416,32,1388,11
2514,16,28,42,1416,32,1391,11
2514,16,28,42,1416,32,1422,11
2514,16,28,42,1416,32,1556,11
2514,16,28,42,1416,32,1568,11
2514,16,28,42,1416,32,1599,11
2514,16,28,42,1416,32,1747,11
2514,16,28,42,1416,32,1773,11
2514,16,28,42,1416,32,1818,11
2514,16,28,42,1416,32,1873,11
2514,16,28,42,1416,32,1940,11
2514,16,28,42,1416,32,1997,11
2514,16,28,42,1416,32,2068,11
2514,16,28,42,1416,32,2079,11
2514,16,28,42,1416,32,2123,11
2514,16,28,42,1416,32,2196,11
2514,16,28,42,1416,32,2216,11
2514,16,28,42,1416,32,2259,11
2514,16,28,42,1416,32,2289,11
2514,16,28,42,1416,32,2370,11
2514,16,28,42,1416,32,2405,11
2514,16,28,42,1422,30,45,11
2514,16,28,42,1422,30,159,11
2514,16,28,42,1422,30,272,11
2514,16,28,42,1422,30,338,11
2514,16,28,42,1422,30,390,11
2514,16,28,42,1422,30,457,11
2514,16,28,42,1422,30,463,11
2514,16,28,42,1422,30,620,11
2514,16,28,42,1422,30,700,11
2514,16,28,42,1422,30,742,11
2514,16,28,42,1422,30,758,11
2514,16,28,42,1422,30,879,11
2514,16,28,42,1422,30,927,11
2514,16,28,42,1422,30,979,11
2514,16,28,42,1422,30,1003,11
2514,16,28,42,1422,30,1044,11
2514,16,28,42,1422,30,1068,11
2514,16,28,42,1422,30,1153,11
2514,16,28,42,1422,30,1186,11
2514,16,28,42,1422,30,1194,11
2514,16,28,42,1422,30,1259,11
2514,16,28,42,1422,30,1260,11
2514,16,28,42,1422,30,1312,11
2514,16,28,42,1422,30,1388,11
2514,16,28,42,1422,30,1391,11
2514,16,28,42,1422,30,1422,11
2514,16,28,42,1422,30,1556,11
2514,16,28,42,1422,30,1568,11
2514,16,28,42,1422,30,1599,11
2514,16,28,42,1422,30,1747,11
2514,16,28,42,1422,30,1773,11
2514,16,28,42,1422,30,1799,11
2514,16,28,42,1422,30,1818,11
2514,16,28,42,1422,30,1873,11
2514,16,28,42,1422,30,1940,11
2514,16,28,42,1422,30,1956,11
2514,16,28,42,1422,30,1997,11
2514,16,28,42,1422,30,2068,11
2514,16,28,42,1422,30,2079,11
2514,16,28,42,1422,30,2123,11
2514,16,28,42,1422,30,2196,11
2514,16,28,42,1422,30,2206,11
2514,16,28,42,1422,30,2216,11
2514,16,28,42,1422,30,2244,11
2514,16,28,42,1422,30,2259,11
2514,16,28,42,1422,30,2261,11
2514,16,28,42,1422,30,2289,11
2514,16,28,42,1422,30,2359,11
2514,16,28,42,1422,30,2370,11
2514,16,28,42,1422,30,2405,11
2514,16,28,42,1487,44,45,11
2514,16,28,42,1487,44,159,11
2514,16,28,42,1487,44,272,11
2514,16,28,42,1487,44,338,11
2514,16,28,42,1487,44,390,11
2514,16,28,42,1487,44,457,11
2514,16,28,42,1487,44,463,11
2514,16,28,42,1487,44,620,11
2514,16,28,42,1487,44,700,11
2514,16,28,42,1487,44,742,11
2514,16,28,42,1487,44,758,11
2514,16,28,42,1487,44,879,11
2514,16,28,42,1487,44,927,11
2514,16,28,42,1487,44,979,11
2514,16,28,42,1487,44,1003,11
2514,16,28,42,1487,44,1044,11
2514,16,28,42,1487,44,1068,11
2514,16,28,42,1487,44,1153,11
2514,16,28,42,1487,44,1186,11
2514,16,28,42,1487,44,1194,11
2514,16,28,42,1487,44,1259,11
2514,16,28,42,1487,44,1260,11
2514,16,28,42,1487,44,1312,11
2514,16,28,42,1487,44,1388,11
2514,16,28,42,1487,44,1391,11
2514,16,28,42,1487,44,1422,11
2514,16,28,42,1487,44,1556,11
2514,16,28,42,1487,44,1568,11
2514,16,28,42,1487,44,1599,11
2514,16,28,42,1487,44,1747,11
2514,16,28,42,1487,44,1773,11
2514,16,28,42,1487,44,1799,11
2514,16,28,42,1487,44,1818,11
2514,16,28,42,1487,44,1873,11
2514,16,28,42,1487,44,1940,11
2514,16,28,42,1487,44,1956,11
2514,16,28,42,1487,44,1997,11
2514,16,28,42,1487,44,2068,11
2514,16,28,42,1487,44,2079,11
2514,16,28,42,1487,44,2123,11
2514,16,28,42,1487,44,2196,11
2514,16,28,42,1487,44,2206,11
2514,16,28,42,1487,44,2216,11
2514,16,28,42,1487,44,2244,11
2514,16,28,42,1487,44,2259,11
2514,16,28,42,1487,44,2261,11
2514,16,28,42,1487,44,2289,11
2514,16,28,42,1487,44,2359,11
2514,16,28,42,1487,44,2370,11
2514,16,28,42,1487,44,2405,11
