2514,16,832,6,25,49,45,11
2514,16,832,6,25,49,159,11
2514,16,832,6,25,49,272,11
2514,16,832,6,25,49,338,11
2514,16,832,6,25,49,390,11
2514,16,832,6,25,49,457,11
2514,16,832,6,25,49,463,11
2514,16,832,6,25,49,620,11
2514,16,832,6,25,49,700,11
2514,16,832,6,25,49,742,11
2514,16,832,6,25,49,758,11
2514,16,832,6,25,49,879,11
2514,16,832,6,25,49,927,11
2514,16,832,6,25,49,979,11
2514,16,832,6,25,49,1003,11
2514,16,832,6,25,49,1044,11
2514,16,832,6,25,49,1068,11
2514,16,832,6,25,49,1153,11
2514,16,832,6,25,49,1186,11
2514,16,832,6,25,49,1194,11
2514,16,832,6,25,49,1259,11
2514,16,832,6,25,49,1260,11
2514,16,832,6,25,49,1312,11
2514,16,832,6,25,49,1388,11
2514,16,832,6,25,49,1391,11
2514,16,832,6,25,49,1422,11
2514,16,832,6,25,49,1556,11
2514,16,832,6,25,49,1568,11
2514,16,832,6,25,49,1599,11
2514,16,832,6,25,49,1747,11
2514,16,832,6,25,49,1773,11
2514,16,832,6,25,49,1799,11
2514,16,832,6,25,49,1818,11
2514,16,832,6,25,49,1873,11
2514,16,832,6,25,49,1940,11
2514,16,832,6,25,49,1956,11
2514,16,832,6,25,49,1997,11
2514,16,832,6,25,49,2068,11
2514,16,832,6,25,49,2079,11
2514,16,832,6,25,49,2123,11
2514,16,832,6,25,49,2196,11
2514,16,832,6,25,49,2206,11
2514,16,832,6,25,49,2216,11
2514,16,832,6,25,49,2244,11
2514,16,832,6,25,49,2259,11
2514,16,832,6,25,49,2261,11
2514,16,832,6,25,49,2289,11
2514,16,832,6,25,49,2359,11
2514,16,832,6,25,49,2370,11
2514,16,832,6,25,49,2405,11
2514,16,832,6,526,49,45,11
2514,16,832,6,526,49,159,11
2514,16,832,6,526,49,272,11
2514,16,832,6,526,49,338,11
2514,16,832,6,526,49,390,11
2514,16,832,6,526,49,457,11
2514,16,832,6,526,49,463,11
2514,16,832,6,526,49,620,11
2514,16,832,6,526,49,700,11
2514,16,832,6,526,49,742,11
2514,16,832,6,526,49,758,11
2514,16,832,6,526,49,879,11
2514,16,832,6,526,49,927,11
2514,16,832,6,526,49,979,11
2514,16,832,6,526,49,1003,11
2514,16,832,6,526,49,1044,11
2514,16,832,6,526,49,1068,11
2514,16,832,6,526,49,1153,11
2514,16,832,6,526,49,1186,11
2514,16,832,6,526,49,1194,11
2514,16,832,6,526,49,1259,11
2514,16,832,6,526,49,1260,11
2514,16,832,6,526,49,1312,11
2514,16,832,6,526,49,1388,11
2514,16,832,6,526,49,1391,11
2514,16,832,6,526,49,1422,11
2514,16,832,6,526,49,1556,11
2514,16,832,6,526,49,1568,11
2514,16,832,6,526,49,1599,11
2514,16,832,6,526,49,1747,11
2514,16,832,6,526,49,1773,11
2514,16,832,6,526,49,1799,11
2514,16,832,6,526,49,1818,11
2514,16,832,6,526,49,1873,11
2514,16,832,6,526,49,1940,11
2514,16,832,6,526,49,1956,11
2514,16,832,6,526,49,1997,11
2514,16,832,6,526,49,2068,11
2514,16,832,6,526,49,2079,11
2514,16,832,6,526,49,2123,11
2514,16,832,6,526,49,2196,11
2514,16,832,6,526,49,2206,11
2514,16,832,6,526,49,2216,11
2514,16,832,6,526,49,2244,11
2514,16,832,6,526,49,2259,11
2514,16,832,6,526,49,2261,11
2514,16,832,6,526,49,2289,11
2514,16,832,6,526,49,2359,11
2514,16,832,6,526,49,2370,11
2514,16,832,6,526,49,2405,11
2514,16,832,6,581,44,45,11
2514,16,832,6,581,44,159,11
2514,16,832,6,581,44,272,11
2514,16,832,6,581,44,338,11
2514,16,832,6,581,44,390,11
2514,16,832,6,581,44,457,11
2514,16,832,6,581,44,463,11
2514,16,832,6,581,44,620,11
2514,16,832,6,581,44,700,11
2514,16,832,6,581,44,742,11
2514,16,832,6,581,44,758,11
2514,16,832,6,581,44,879,11
2514,16,832,6,581,44,927,11
2514,16,832,6,581,44,979,11
2514,16,832,6,581,44,1003,11
2514,16,832,6,581,44,1044,11
2514,16,832,6,581,44,1068,11
2514,16,832,6,581,44,1153,11
2514,16,832,6,581,44,1186,11
2514,16,832,6,581,44,1194,11
2514,16,832,6,581,44,1259,11
2514,16,832,6,581,44,1260,11
2514,16,832,6,581,44,1312,11
2514,16,832,6,581,44,1388,11
2514,16,832,6,581,44,1391,11
2514,16,832,6,581,44,1422,11
2514,16,832,6,581,44,1556,11
2514,16,832,6,581,44,1568,11
2514,16,832,6,581,44,1599,11
2514,16,832,6,581,44,1747,11
2514,16,832,6,581,44,1773,11
2514,16,832,6,581,44,1799,11
2514,16,832,6,581,44,1818,11
2514,16,832,6,581,44,1873,11
2514,16,832,6,581,44,1940,11
2514,16,832,6,581,44,1956,11
2514,16,832,6,581,44,1997,11
2514,16,832,6,581,44,2068,11
2514,16,832,6,581,44,2079,11
2514,16,832,6,581,44,2123,11
2514,16,832,6,581,44,2196,11
2514,16,832,6,581,44,2206,11
2514,16,832,6,581,44,2216,11
2514,16,832,6,581,44,2244,11
2514,16,832,6,581,44,2259,11
2514,16,832,6,581,44,2261,11
2514,16,832,6,581,44,2289,11
2514,16,832,6,581,44,2359,11
2514,16,832,6,581,44,2370,11
2514,16,832,6,581,44,2405,11
2514,16,832,6,585,10,45,11
2514,16,832,6,585,10,159,11
2514,16,832,6,585,10,272,11
2514,16,832,6,585,10,338,11
2514,16,832,6,585,10,390,11
2514,16,832,6,585,10,457,11
2514,16,832,6,585,10,463,11
2514,16,832,6,585,10,620,11
2514,16,832,6,585,10,700,11
2514,16,832,6,585,10,742,11
2514,16,832,6,585,10,758,11
2514,16,832,6,585,10,879,11
2514,16,832,6,585,10,927,11
2514,16,832,6,585,10,979,11
2514,16,832,6,585,10,1003,11
2514,16,832,6,585,10,1044,11
2514,16,832,6,585,10,1068,11
2514,16,832,6,585,10,1153,11
2514,16,832,6,585,10,1186,11
2514,16,832,6,585,10,1194,11
2514,16,832,6,585,10,1259,11
2514,16,832,6,585,10,1260,11
2514,16,832,6,585,10,1312,11
2514,16,832,6,585,10,1388,11
2514,16,832,6,585,10,1391,11
2514,16,832,6,585,10,1422,11
2514,16,832,6,585,10,1556,11
2514,16,832,6,585,10,1568,11
2514,16,832,6,585,10,1599,11
2514,16,832,6,585,10,1747,11
2514,16,832,6,585,10,1773,11
2514,16,832,6,585,10,1799,11
2514,16,832,6,585,10,1818,11
2514,16,832,6,585,10,1873,11
2514,16,832,6,585,10,1940,11
2514,16,832,6,585,10,1956,11
2514,16,832,6,585,10,1997,11
2514,16,832,6,585,10,2068,11
2514,16,832,6,585,10,2079,11
2514,16,832,6,585,10,2123,11
2514,16,832,6,585,10,2196,11
2514,16,832,6,585,10,2206,11
2514,16,832,6,585,10,2216,11
2514,16,832,6,585,10,2244,11
2514,16,832,6,585,10,2259,11
2514,16,832,6,585,10,2261,11
2514,16,832,6,585,10,2289,11
2514,16,832,6,585,10,2359,11
2514,16,832,6,585,10,2370,11
2514,16,832,6,585,10,2405,11
2514,16,832,6,717,45,45,11
2514,16,832,6,717,45,159,11
2514,16,832,6,717,45,272,11
2514,16,832,6,717,45,338,11
2514,16,832,6,717,45,390,11
2514,16,832,6,717,45,457,11
2514,16,832,6,717,45,463,11
2514,16,832,6,717,45,620,11
2514,16,832,6,717,45,700,11
2514,16,832,6,717,45,742,11
2514,16,832,6,717,45,758,11
2514,16,832,6,717,45,879,11
2514,16,832,6,717,45,927,11
2514,16,832,6,717,45,979,11
2514,16,832,6,717,45,1003,11
2514,16,832,6,717,45,1044,11
2514,16,832,6,717,45,1068,11
2514,16,832,6,717,45,1153,11
2514,16,832,6,717,45,1186,11
2514,16,832,6,717,45,1194,11
2514,16,832,6,717,45,1259,11
2514,16,832,6,717,45,1260,11
2514,16,832,6,717,45,1312,11
2514,16,832,6,717,45,1388,11
2514,16,832,6,717,45,1391,11
2514,16,832,6,717,45,1422,11
2514,16,832,6,717,45,1556,11
2514,16,832,6,717,45,1568,11
2514,16,832,6,717,45,1599,11
2514,16,832,6,717,45,1747,11
2514,16,832,6,717,45,1773,11
2514,16,832,6,717,45,1799,11
2514,16,832,6,717,45,1818,11
2514,16,832,6,717,45,1873,11
2514,16,832,6,717,45,1940,11
2514,16,832,6,717,45,1956,11
2514,16,832,6,717,45,1997,11
2514,16,832,6,717,45,2068,11
2514,16,832,6,717,45,2079,11
2514,16,832,6,717,45,2123,11
2514,16,832,6,717,45,2196,11
2514,16,832,6,717,45,2206,11
2514,16,832,6,717,45,2216,11
2514,16,832,6,717,45,2244,11
2514,16,832,6,717,45,2259,11
2514,16,832,6,717,45,2261,11
2514,16,832,6,717,45,2289,11
2514,16,832,6,717,45,2359,11
2514,16,832,6,717,45,2370,11
2514,16,832,6,717,45,2405,11
2514,16,832,6,973,20,45,11
2514,16,832,6,973,20,159,11
2514,16,832,6,973,20,272,11
2514,16,832,6,973,20,338,11
2514,16,832,6,973,20,390,11
2514,16,832,6,973,20,457,11
2514,16,832,6,973,20,463,11
2514,16,832,6,973,20,620,11
2514,16,832,6,973,20,700,11
2514,16,832,6,973,20,742,11
2514,16,832,6,973,20,758,11
2514,16,832,6,973,20,879,11
2514,16,832,6,973,20,927,11
2514,16,832,6,973,20,979,11
2514,16,832,6,973,20,1003,11
2514,16,832,6,973,20,1044,11
2514,16,832,6,973,20,1068,11
2514,16,832,6,973,20,1153,11
2514,16,832,6,973,20,1186,11
2514,16,832,6,973,20,1194,11
2514,16,832,6,973,20,1259,11
2514,16,832,6,973,20,1260,11
2514,16,832,6,973,20,1312,11
2514,16,832,6,973,20,1388,11
2514,16,832,6,973,20,1391,11
2514,16,832,6,973,20,1422,11
2514,16,832,6,973,20,1556,11
2514,16,832,6,973,20,1568,11
2514,16,832,6,973,20,1599,11
2514,16,832,6,973,20,1747,11
2514,16,832,6,973,20,1773,11
2514,16,832,6,973,20,1799,11
2514,16,832,6,973,20,1818,11
2514,16,832,6,973,20,1873,11
2514,16,832,6,973,20,1940,11
2514,16,832,6,973,20,1956,11
2514,16,832,6,973,20,1997,11
2514,16,832,6,973,20,2068,11
2514,16,832,6,973,20,2079,11
2514,16,832,6,973,20,2123,11
2514,16,832,6,973,20,2196,11
2514,16,832,6,973,20,2206,11
2514,16,832,6,973,20,2216,11
2514,16,832,6,973,20,2244,11
2514,16,832,6,973,20,2259,11
2514,16,832,6,973,20,2261,11
2514,16,832,6,973,20,2289,11
2514,16,832,6,973,20,2359,11
2514,16,832,6,973,20,2370,11
2514,16,832,6,973,20,2405,11
2514,16,832,6,1178,31,45,11
2514,16,832,6,1178,31,159,11
2514,16,832,6,1178,31,272,11
2514,16,832,6,1178,31,338,11
2514,16,832,6,1178,31,390,11
2514,16,832,6,1178,31,457,11
2514,16,832,6,1178,31,463,11
2514,16,832,6,1178,31,620,11
2514,16,832,6,1178,31,700,11
2514,16,832,6,1178,31,742,11
2514,16,832,6,1178,31,758,11
2514,16,832,6,1178,31,879,11
2514,16,832,6,1178,31,927,11
2514,16,832,6,1178,31,979,11
2514,16,832,6,1178,31,1003,11
2514,16,832,6,1178,31,1044,11
2514,16,832,6,1178,31,1068,11
2514,16,832,6,1178,31,1153,11
2514,16,832,6,1178,31,1186,11
2514,16,832,6,1178,31,1194,11
2514,16,832,6,1178,31,1259,11
2514,16,832,6,1178,31,1260,11
2514,16,832,6,1178,31,1312,11
2514,16,832,6,1178,31,1388,11
2514,16,832,6,1178,31,1391,11
2514,16,832,6,1178,31,1422,11
2514,16,832,6,1178,31,1556,11
2514,16,832,6,1178,31,1568,11
2514,16,832,6,1178,31,1599,11
2514,16,832,6,1178,31,1747,11
2514,16,832,6,1178,31,1773,11
2514,16,832,6,1178,31,1799,11
2514,16,832,6,1178,31,1818,11
2514,16,832,6,1178,31,1873,11
2514,16,832,6,1178,31,1940,11
2514,16,832,6,1178,31,1956,11
2514,16,832,6,1178,31,1997,11
2514,16,832,6,1178,31,2068,11
2514,16,832,6,1178,31,2079,11
2514,16,832,6,1178,31,2123,11
2514,16,832,6,1178,31,2196,11
2514,16,832,6,1178,31,2206,11
2514,16,832,6,1178,31,2216,11
2514,16,832,6,1178,31,2244,11
2514,16,832,6,1178,31,2259,11
2514,16,832,6,1178,31,2261,11
2514,16,832,6,1178,31,2289,11
2514,16,832,6,1178,31,2359,11
2514,16,832,6,1178,31,2370,11
2514,16,832,6,1178,31,2405,11
2514,16,832,6,1214,35,457,11
2514,16,832,6,1214,35,700,11
2514,16,832,6,1214,35,927,11
2514,16,832,6,1214,35,1003,11
2514,16,832,6,1214,35,1153,11
2514,16,832,6,1214,35,1194,11
2514,16,832,6,1214,35,1568,11
2514,16,832,6,1214,35,1599,11
2514,16,832,6,1214,35,1818,11
2514,16,832,6,1214,35,1940,11
2514,16,832,6,1288,18,45,11
2514,16,832,6,1288,18,159,11
2514,16,832,6,1288,18,272,11
2514,16,832,6,1288,18,338,11
2514,16,832,6,1288,18,390,11
2514,16,832,6,1288,18,457,11
2514,16,832,6,1288,18,463,11
2514,16,832,6,1288,18,620,11
2514,16,832,6,1288,18,700,11
2514,16,832,6,1288,18,742,11
2514,16,832,6,1288,18,758,11
2514,16,832,6,1288,18,879,11
2514,16,832,6,1288,18,927,11
2514,16,832,6,1288,18,979,11
2514,16,832,6,1288,18,1003,11
2514,16,832,6,1288,18,1044,11
2514,16,832,6,1288,18,1068,11
2514,16,832,6,1288,18,1153,11
2514,16,832,6,1288,18,1186,11
2514,16,832,6,1288,18,1194,11
2514,16,832,6,1288,18,1259,11
2514,16,832,6,1288,18,1260,11
2514,16,832,6,1288,18,1312,11
2514,16,832,6,1288,18,1388,11
2514,16,832,6,1288,18,1391,11
2514,16,832,6,1288,18,1422,11
2514,16,832,6,1288,18,1556,11
2514,16,832,6,1288,18,1568,11
2514,16,832,6,1288,18,1599,11
2514,16,832,6,1288,18,1747,11
2514,16,832,6,1288,18,1773,11
2514,16,832,6,1288,18,1799,11
2514,16,832,6,1288,18,1818,11
2514,16,832,6,1288,18,1873,11
2514,16,832,6,1288,18,1940,11
2514,16,832,6,1288,18,1956,11
2514,16,832,6,1288,18,1997,11
2514,16,832,6,1288,18,2068,11
2514,16,832,6,1288,18,2079,11
2514,16,832,6,1288,18,2123,11
2514,16,832,6,1288,18,2196,11
2514,16,832,6,1288,18,2206,11
2514,16,832,6,1288,18,2216,11
2514,16,832,6,1288,18,2244,11
2514,16,832,6,1288,18,2259,11
2514,16,832,6,1288,18,2261,11
2514,16,832,6,1288,18,2289,11
2514,16,832,6,1288,18,2359,11
2514,16,832,6,1288,18,2370,11
2514,16,832,6,1288,18,2405,11
2514,16,832,6,1316,36,45,11
2514,16,832,6,1316,36,159,11
2514,16,832,6,1316,36,272,11
2514,16,832,6,1316,36,338,11
2514,16,832,6,1316,36,390,11
2514,16,832,6,1316,36,457,11
2514,16,832,6,1316,36,463,11
2514,16,832,6,1316,36,620,11
2514,16,832,6,1316,36,700,11
2514,16,832,6,1316,36,742,11
2514,16,832,6,1316,36,758,11
2514,16,832,6,1316,36,879,11
2514,16,832,6,1316,36,927,11
2514,16,832,6,1316,36,979,11
2514,16,832,6,1316,36,1003,11
2514,16,832,6,1316,36,1044,11
2514,16,832,6,1316,36,1068,11
2514,16,832,6,1316,36,1153,11
2514,16,832,6,1316,36,1186,11
2514,16,832,6,1316,36,1194,11
2514,16,832,6,1316,36,1259,11
2514,16,832,6,1316,36,1260,11
2514,16,832,6,1316,36,1312,11
2514,16,832,6,1316,36,1388,11
2514,16,832,6,1316,36,1391,11
2514,16,832,6,1316,36,1422,11
2514,16,832,6,1316,36,1556,11
2514,16,832,6,1316,36,1568,11
2514,16,832,6,1316,36,1599,11
2514,16,832,6,1316,36,1747,11
2514,16,832,6,1316,36,1773,11
2514,16,832,6,1316,36,1799,11
2514,16,832,6,1316,36,1818,11
2514,16,832,6,1316,36,1873,11
2514,16,832,6,1316,36,1940,11
2514,16,832,6,1316,36,1956,11
2514,16,832,6,1316,36,1997,11
2514,16,832,6,1316,36,2068,11
2514,16,832,6,1316,36,2079,11
2514,16,832,6,1316,36,2123,11
2514,16,832,6,1316,36,2196,11
2514,16,832,6,1316,36,2206,11
2514,16,832,6,1316,36,2216,11
2514,16,832,6,1316,36,2244,11
2514,16,832,6,1316,36,2259,11
2514,16,832,6,1316,36,2261,11
2514,16,832,6,1316,36,2289,11
2514,16,832,6,1316,36,2359,11
2514,16,832,6,1316,36,2370,11
2514,16,832,6,1316,36,2405,11
2514,16,832,6,1561,36,45,11
2514,16,832,6,1561,36,159,11
2514,16,832,6,1561,36,272,11
2514,16,832,6,1561,36,338,11
2514,16,832,6,1561,36,390,11
2514,16,832,6,1561,36,457,11
2514,16,832,6,1561,36,463,11
2514,16,832,6,1561,36,620,11
2514,16,832,6,1561,36,700,11
2514,16,832,6,1561,36,742,11
2514,16,832,6,1561,36,758,11
2514,16,832,6,1561,36,879,11
2514,16,832,6,1561,36,927,11
2514,16,832,6,1561,36,979,11
2514,16,832,6,1561,36,1003,11
2514,16,832,6,1561,36,1044,11
2514,16,832,6,1561,36,1068,11
2514,16,832,6,1561,36,1153,11
2514,16,832,6,1561,36,1186,11
2514,16,832,6,1561,36,1194,11
2514,16,832,6,1561,36,1259,11
2514,16,832,6,1561,36,1260,11
2514,16,832,6,1561,36,1312,11
2514,16,832,6,1561,36,1388,11
2514,16,832,6,1561,36,1391,11
2514,16,832,6,1561,36,1422,11
2514,16,832,6,1561,36,1556,11
2514,16,832,6,1561,36,1568,11
2514,16,832,6,1561,36,1599,11
2514,16,832,6,1561,36,1747,11
2514,16,832,6,1561,36,1773,11
2514,16,832,6,1561,36,1799,11
2514,16,832,6,1561,36,1818,11
2514,16,832,6,1561,36,1873,11
2514,16,832,6,1561,36,1940,11
2514,16,832,6,1561,36,1956,11
2514,16,832,6,1561,36,1997,11
2514,16,832,6,1561,36,2068,11
2514,16,832,6,1561,36,2079,11
2514,16,832,6,1561,36,2123,11
2514,16,832,6,1561,36,2196,11
2514,16,832,6,1561,36,2206,11
2514,16,832,6,1561,36,2216,11
2514,16,832,6,1561,36,2244,11
2514,16,832,6,1561,36,2259,11
2514,16,832,6,1561,36,2261,11
2514,16,832,6,1561,36,2289,11
2514,16,832,6,1561,36,2359,11
2514,16,832,6,1561,36,2370,11
2514,16,832,6,1561,36,2405,11
2514,16,832,6,1655,44,45,11
2514,16,832,6,1655,44,159,11
2514,16,832,6,1655,44,272,11
2514,16,832,6,1655,44,338,11
2514,16,832,6,1655,44,390,11
2514,16,832,6,1655,44,457,11
2514,16,832,6,1655,44,463,11
2514,16,832,6,1655,44,620,11
2514,16,832,6,1655,44,700,11
2514,16,832,6,1655,44,742,11
2514,16,832,6,1655,44,758,11
2514,16,832,6,1655,44,879,11
2514,16,832,6,1655,44,927,11
2514,16,832,6,1655,44,979,11
2514,16,832,6,1655,44,1003,11
2514,16,832,6,1655,44,1044,11
2514,16,832,6,1655,44,1068,11
2514,16,832,6,1655,44,1153,11
2514,16,832,6,1655,44,1186,11
2514,16,832,6,1655,44,1194,11
2514,16,832,6,1655,44,1259,11
2514,16,832,6,1655,44,1260,11
2514,16,832,6,1655,44,1312,11
2514,16,832,6,1655,44,1388,11
2514,16,832,6,1655,44,1391,11
2514,16,832,6,1655,44,1422,11
2514,16,832,6,1655,44,1556,11
2514,16,832,6,1655,44,1568,11
2514,16,832,6,1655,44,1599,11
2514,16,832,6,1655,44,1747,11
2514,16,832,6,1655,44,1773,11
2514,16,832,6,1655,44,1799,11
2514,16,832,6,1655,44,1818,11
2514,16,832,6,1655,44,1873,11
2514,16,832,6,1655,44,1940,11
2514,16,832,6,1655,44,1956,11
2514,16,832,6,1655,44,1997,11
2514,16,832,6,1655,44,2068,11
2514,16,832,6,1655,44,2079,11
2514,16,832,6,1655,44,2123,11
2514,16,832,6,1655,44,2196,11
2514,16,832,6,1655,44,2206,11
2514,16,832,6,1655,44,2216,11
2514,16,832,6,1655,44,2244,11
2514,16,832,6,1655,44,2259,11
2514,16,832,6,1655,44,2261,11
2514,16,832,6,1655,44,2289,11
2514,16,832,6,1655,44,2359,11
2514,16,832,6,1655,44,2370,11
2514,16,832,6,1655,44,2405,11
2514,16,832,6,1909,46,45,11
2514,16,832,6,1909,46,159,11
2514,16,832,6,1909,46,272,11
2514,16,832,6,1909,46,338,11
2514,16,832,6,1909,46,390,11
2514,16,832,6,1909,46,457,11
2514,16,832,6,1909,46,463,11
2514,16,832,6,1909,46,620,11
2514,16,832,6,1909,46,700,11
2514,16,832,6,1909,46,742,11
2514,16,832,6,1909,46,758,11
2514,16,832,6,1909,46,879,11
2514,16,832,6,1909,46,927,11
2514,16,832,6,1909,46,979,11
2514,16,832,6,1909,46,1003,11
2514,16,832,6,1909,46,1044,11
2514,16,832,6,1909,46,1068,11
2514,16,832,6,1909,46,1153,11
2514,16,832,6,1909,46,1186,11
2514,16,832,6,1909,46,1194,11
2514,16,832,6,1909,46,1259,11
2514,16,832,6,1909,46,1260,11
2514,16,832,6,1909,46,1312,11
2514,16,832,6,1909,46,1388,11
2514,16,832,6,1909,46,1391,11
2514,16,832,6,1909,46,1422,11
2514,16,832,6,1909,46,1556,11
2514,16,832,6,1909,46,1568,11
2514,16,832,6,1909,46,1599,11
2514,16,832,6,1909,46,1747,11
2514,16,832,6,1909,46,1773,11
2514,16,832,6,1909,46,1799,11
2514,16,832,6,1909,46,1818,11
2514,16,832,6,1909,46,1873,11
2514,16,832,6,1909,46,1940,11
2514,16,832,6,1909,46,1956,11
2514,16,832,6,1909,46,1997,11
2514,16,832,6,1909,46,2068,11
2514,16,832,6,1909,46,2079,11
2514,16,832,6,1909,46,2123,11
2514,16,832,6,1909,46,2196,11
2514,16,832,6,1909,46,2206,11
2514,16,832,6,1909,46,2216,11
2514,16,832,6,1909,46,2244,11
2514,16,832,6,1909,46,2259,11
2514,16,832,6,1909,46,2261,11
2514,16,832,6,1909,46,2289,11
2514,16,832,6,1909,46,2359,11
2514,16,832,6,1909,46,2370,11
2514,16,832,6,1909,46,2405,11
2514,16,832,6,1956,44,45,11
2514,16,832,6,1956,44,272,11
2514,16,832,6,1956,44,338,11
2514,16,832,6,1956,44,390,11
2514,16,832,6,1956,44,620,11
2514,16,832,6,1956,44,742,11
2514,16,832,6,1956,44,758,11
2514,16,832,6,1956,44,979,11
2514,16,832,6,1956,44,1044,11
2514,16,832,6,1956,44,1068,11
2514,16,832,6,1956,44,1186,11
2514,16,832,6,1956,44,1259,11
2514,16,832,6,1956,44,1260,11
2514,16,832,6,1956,44,1312,11
2514,16,832,6,1956,44,1391,11
2514,16,832,6,1956,44,1422,11
2514,16,832,6,1956,44,1747,11
2514,16,832,6,1956,44,1773,11
2514,16,832,6,1956,44,1799,11
2514,16,832,6,1956,44,1956,11
2514,16,832,6,1956,44,1997,11
2514,16,832,6,1956,44,2068,11
2514,16,832,6,1956,44,2079,11
2514,16,832,6,1956,44,2206,11
2514,16,832,6,1956,44,2244,11
2514,16,832,6,1956,44,2259,11
2514,16,832,6,1956,44,2261,11
2514,16,832,6,1956,44,2289,11
2514,16,832,6,1956,44,2359,11
2514,16,832,6,1956,44,2405,11
