2514,16,1010,12,11,21,45,11
2514,16,1010,12,11,21,159,11
2514,16,1010,12,11,21,272,11
2514,16,1010,12,11,21,338,11
2514,16,1010,12,11,21,390,11
2514,16,1010,12,11,21,457,11
2514,16,1010,12,11,21,463,11
2514,16,1010,12,11,21,620,11
2514,16,1010,12,11,21,700,11
2514,16,1010,12,11,21,742,11
2514,16,1010,12,11,21,758,11
2514,16,1010,12,11,21,879,11
2514,16,1010,12,11,21,927,11
2514,16,1010,12,11,21,979,11
2514,16,1010,12,11,21,1003,11
2514,16,1010,12,11,21,1044,11
2514,16,1010,12,11,21,1068,11
2514,16,1010,12,11,21,1153,11
2514,16,1010,12,11,21,1186,11
2514,16,1010,12,11,21,1194,11
2514,16,1010,12,11,21,1259,11
2514,16,1010,12,11,21,1260,11
2514,16,1010,12,11,21,1312,11
2514,16,1010,12,11,21,1388,11
2514,16,1010,12,11,21,1391,11
2514,16,1010,12,11,21,1422,11
2514,16,1010,12,11,21,1556,11
2514,16,1010,12,11,21,1568,11
2514,16,1010,12,11,21,1599,11
2514,16,1010,12,11,21,1747,11
2514,16,1010,12,11,21,1773,11
2514,16,1010,12,11,21,1799,11
2514,16,1010,12,11,21,1818,11
2514,16,1010,12,11,21,1873,11
2514,16,1010,12,11,21,1940,11
2514,16,1010,12,11,21,1956,11
2514,16,1010,12,11,21,1997,11
2514,16,1010,12,11,21,2068,11
2514,16,1010,12,11,21,2079,11
2514,16,1010,12,11,21,2123,11
2514,16,1010,12,11,21,2196,11
2514,16,1010,12,11,21,2206,11
2514,16,1010,12,11,21,2216,11
2514,16,1010,12,11,21,2244,11
2514,16,1010,12,11,21,2259,11
2514,16,1010,12,11,21,2261,11
2514,16,1010,12,11,21,2289,11
2514,16,1010,12,11,21,2359,11
2514,16,1010,12,11,21,2370,11
2514,16,1010,12,11,21,2405,11
2514,16,1010,12,86,45,45,11
2514,16,1010,12,86,45,159,11
2514,16,1010,12,86,45,272,11
2514,16,1010,12,86,45,338,11
2514,16,1010,12,86,45,390,11
2514,16,1010,12,86,45,457,11
2514,16,1010,12,86,45,463,11
2514,16,1010,12,86,45,620,11
2514,16,1010,12,86,45,700,11
2514,16,1010,12,86,45,742,11
2514,16,1010,12,86,45,758,11
2514,16,1010,12,86,45,879,11
2514,16,1010,12,86,45,927,11
2514,16,1010,12,86,45,979,11
2514,16,1010,12,86,45,1003,11
2514,16,1010,12,86,45,1044,11
2514,16,1010,12,86,45,1068,11
2514,16,1010,12,86,45,1153,11
2514,16,1010,12,86,45,1186,11
2514,16,1010,12,86,45,1194,11
2514,16,1010,12,86,45,1259,11
2514,16,1010,12,86,45,1260,11
2514,16,1010,12,86,45,1312,11
2514,16,1010,12,86,45,1388,11
2514,16,1010,12,86,45,1391,11
2514,16,1010,12,86,45,1422,11
2514,16,1010,12,86,45,1556,11
2514,16,1010,12,86,45,1568,11
2514,16,1010,12,86,45,1599,11
2514,16,1010,12,86,45,1747,11
2514,16,1010,12,86,45,1773,11
2514,16,1010,12,86,45,1799,11
2514,16,1010,12,86,45,1818,11
2514,16,1010,12,86,45,1873,11
2514,16,1010,12,86,45,1940,11
2514,16,1010,12,86,45,1956,11
2514,16,1010,12,86,45,1997,11
2514,16,1010,12,86,45,2068,11
2514,16,1010,12,86,45,2079,11
2514,16,1010,12,86,45,2123,11
2514,16,1010,12,86,45,2196,11
2514,16,1010,12,86,45,2206,11
2514,16,1010,12,86,45,2216,11
2514,16,1010,12,86,45,2244,11
2514,16,1010,12,86,45,2259,11
2514,16,1010,12,86,45,2261,11
2514,16,1010,12,86,45,2289,11
2514,16,1010,12,86,45,2359,11
2514,16,1010,12,86,45,2370,11
2514,16,1010,12,86,45,2405,11
2514,16,1010,12,272,26,45,11
2514,16,1010,12,272,26,159,11
2514,16,1010,12,272,26,272,11
2514,16,1010,12,272,26,338,11
2514,16,1010,12,272,26,390,11
2514,16,1010,12,272,26,457,11
2514,16,1010,12,272,26,463,11
2514,16,1010,12,272,26,620,11
2514,16,1010,12,272,26,700,11
2514,16,1010,12,272,26,742,11
2514,16,1010,12,272,26,758,11
2514,16,1010,12,272,26,879,11
2514,16,1010,12,272,26,927,11
2514,16,1010,12,272,26,979,11
2514,16,1010,12,272,26,1003,11
2514,16,1010,12,272,26,1044,11
2514,16,1010,12,272,26,1068,11
2514,16,1010,12,272,26,1153,11
2514,16,1010,12,272,26,1186,11
2514,16,1010,12,272,26,1194,11
2514,16,1010,12,272,26,1259,11
2514,16,1010,12,272,26,1260,11
2514,16,1010,12,272,26,1312,11
2514,16,1010,12,272,26,1388,11
2514,16,1010,12,272,26,1391,11
2514,16,1010,12,272,26,1422,11
2514,16,1010,12,272,26,1556,11
2514,16,1010,12,272,26,1568,11
2514,16,1010,12,272,26,1599,11
2514,16,1010,12,272,26,1747,11
2514,16,1010,12,272,26,1773,11
2514,16,1010,12,272,26,1799,11
2514,16,1010,12,272,26,1818,11
2514,16,1010,12,272,26,1873,11
2514,16,1010,12,272,26,1940,11
2514,16,1010,12,272,26,1956,11
2514,16,1010,12,272,26,1997,11
2514,16,1010,12,272,26,2068,11
2514,16,1010,12,272,26,2079,11
2514,16,1010,12,272,26,2123,11
2514,16,1010,12,272,26,2196,11
2514,16,1010,12,272,26,2206,11
2514,16,1010,12,272,26,2216,11
2514,16,1010,12,272,26,2244,11
2514,16,1010,12,272,26,2259,11
2514,16,1010,12,272,26,2261,11
2514,16,1010,12,272,26,2289,11
2514,16,1010,12,272,26,2359,11
2514,16,1010,12,272,26,2370,11
2514,16,1010,12,272,26,2405,11
2514,16,1010,12,337,28,45,11
2514,16,1010,12,337,28,159,11
2514,16,1010,12,337,28,272,11
2514,16,1010,12,337,28,338,11
2514,16,1010,12,337,28,390,11
2514,16,1010,12,337,28,457,11
2514,16,1010,12,337,28,463,11
2514,16,1010,12,337,28,620,11
2514,16,1010,12,337,28,700,11
2514,16,1010,12,337,28,742,11
2514,16,1010,12,337,28,758,11
2514,16,1010,12,337,28,879,11
2514,16,1010,12,337,28,927,11
2514,16,1010,12,337,28,979,11
2514,16,1010,12,337,28,1003,11
2514,16,1010,12,337,28,1044,11
2514,16,1010,12,337,28,1068,11
2514,16,1010,12,337,28,1153,11
2514,16,1010,12,337,28,1186,11
2514,16,1010,12,337,28,1194,11
2514,16,1010,12,337,28,1259,11
2514,16,1010,12,337,28,1260,11
2514,16,1010,12,337,28,1312,11
2514,16,1010,12,337,28,1388,11
2514,16,1010,12,337,28,1391,11
2514,16,1010,12,337,28,1422,11
2514,16,1010,12,337,28,1556,11
2514,16,1010,12,337,28,1568,11
2514,16,1010,12,337,28,1599,11
2514,16,1010,12,337,28,1747,11
2514,16,1010,12,337,28,1773,11
2514,16,1010,12,337,28,1799,11
2514,16,1010,12,337,28,1818,11
2514,16,1010,12,337,28,1873,11
2514,16,1010,12,337,28,1940,11
2514,16,1010,12,337,28,1956,11
2514,16,1010,12,337,28,1997,11
2514,16,1010,12,337,28,2068,11
2514,16,1010,12,337,28,2079,11
2514,16,1010,12,337,28,2123,11
2514,16,1010,12,337,28,2196,11
2514,16,1010,12,337,28,2206,11
2514,16,1010,12,337,28,2216,11
2514,16,1010,12,337,28,2244,11
2514,16,1010,12,337,28,2259,11
2514,16,1010,12,337,28,2261,11
2514,16,1010,12,337,28,2289,11
2514,16,1010,12,337,28,2359,11
2514,16,1010,12,337,28,2370,11
2514,16,1010,12,337,28,2405,11
2514,16,1010,12,433,49,45,11
2514,16,1010,12,433,49,159,11
2514,16,1010,12,433,49,272,11
2514,16,1010,12,433,49,338,11
2514,16,1010,12,433,49,390,11
2514,16,1010,12,433,49,457,11
2514,16,1010,12,433,49,463,11
2514,16,1010,12,433,49,620,11
2514,16,1010,12,433,49,700,11
2514,16,1010,12,433,49,742,11
2514,16,1010,12,433,49,758,11
2514,16,1010,12,433,49,879,11
2514,16,1010,12,433,49,927,11
2514,16,1010,12,433,49,979,11
2514,16,1010,12,433,49,1003,11
2514,16,1010,12,433,49,1044,11
2514,16,1010,12,433,49,1068,11
2514,16,1010,12,433,49,1153,11
2514,16,1010,12,433,49,1186,11
2514,16,1010,12,433,49,1194,11
2514,16,1010,12,433,49,1259,11
2514,16,1010,12,433,49,1260,11
2514,16,1010,12,433,49,1312,11
2514,16,1010,12,433,49,1388,11
2514,16,1010,12,433,49,1391,11
2514,16,1010,12,433,49,1422,11
2514,16,1010,12,433,49,1556,11
2514,16,1010,12,433,49,1568,11
2514,16,1010,12,433,49,1599,11
2514,16,1010,12,433,49,1747,11
2514,16,1010,12,433,49,1773,11
2514,16,1010,12,433,49,1799,11
2514,16,1010,12,433,49,1818,11
2514,16,1010,12,433,49,1873,11
2514,16,1010,12,433,49,1940,11
2514,16,1010,12,433,49,1956,11
2514,16,1010,12,433,49,1997,11
2514,16,1010,12,433,49,2068,11
2514,16,1010,12,433,49,2079,11
2514,16,1010,12,433,49,2123,11
2514,16,1010,12,433,49,2196,11
2514,16,1010,12,433,49,2206,11
2514,16,1010,12,433,49,2216,11
2514,16,1010,12,433,49,2244,11
2514,16,1010,12,433,49,2259,11
2514,16,1010,12,433,49,2261,11
2514,16,1010,12,433,49,2289,11
2514,16,1010,12,433,49,2359,11
2514,16,1010,12,433,49,2370,11
2514,16,1010,12,433,49,2405,11
2514,16,1010,12,470,45,45,11
2514,16,1010,12,470,45,159,11
2514,16,1010,12,470,45,272,11
2514,16,1010,12,470,45,338,11
2514,16,1010,12,470,45,390,11
2514,16,1010,12,470,45,457,11
2514,16,1010,12,470,45,463,11
2514,16,1010,12,470,45,620,11
2514,16,1010,12,470,45,700,11
2514,16,1010,12,470,45,742,11
2514,16,1010,12,470,45,758,11
2514,16,1010,12,470,45,879,11
2514,16,1010,12,470,45,927,11
2514,16,1010,12,470,45,979,11
2514,16,1010,12,470,45,1003,11
2514,16,1010,12,470,45,1044,11
2514,16,1010,12,470,45,1068,11
2514,16,1010,12,470,45,1153,11
2514,16,1010,12,470,45,1186,11
2514,16,1010,12,470,45,1194,11
2514,16,1010,12,470,45,1259,11
2514,16,1010,12,470,45,1260,11
2514,16,1010,12,470,45,1312,11
2514,16,1010,12,470,45,1388,11
2514,16,1010,12,470,45,1391,11
2514,16,1010,12,470,45,1422,11
2514,16,1010,12,470,45,1556,11
2514,16,1010,12,470,45,1568,11
2514,16,1010,12,470,45,1599,11
2514,16,1010,12,470,45,1747,11
2514,16,1010,12,470,45,1773,11
2514,16,1010,12,470,45,1799,11
2514,16,1010,12,470,45,1818,11
2514,16,1010,12,470,45,1873,11
2514,16,1010,12,470,45,1940,11
2514,16,1010,12,470,45,1956,11
2514,16,1010,12,470,45,1997,11
2514,16,1010,12,470,45,2068,11
2514,16,1010,12,470,45,2079,11
2514,16,1010,12,470,45,2123,11
2514,16,1010,12,470,45,2196,11
2514,16,1010,12,470,45,2206,11
2514,16,1010,12,470,45,2216,11
2514,16,1010,12,470,45,2244,11
2514,16,1010,12,470,45,2259,11
2514,16,1010,12,470,45,2261,11
2514,16,1010,12,470,45,2289,11
2514,16,1010,12,470,45,2359,11
2514,16,1010,12,470,45,2370,11
2514,16,1010,12,470,45,2405,11
2514,16,1010,12,507,22,45,11
2514,16,1010,12,507,22,159,11
2514,16,1010,12,507,22,272,11
2514,16,1010,12,507,22,338,11
2514,16,1010,12,507,22,390,11
2514,16,1010,12,507,22,457,11
2514,16,1010,12,507,22,463,11
2514,16,1010,12,507,22,620,11
2514,16,1010,12,507,22,700,11
2514,16,1010,12,507,22,742,11
2514,16,1010,12,507,22,758,11
2514,16,1010,12,507,22,879,11
2514,16,1010,12,507,22,927,11
2514,16,1010,12,507,22,979,11
2514,16,1010,12,507,22,1003,11
2514,16,1010,12,507,22,1044,11
2514,16,1010,12,507,22,1068,11
2514,16,1010,12,507,22,1153,11
2514,16,1010,12,507,22,1186,11
2514,16,1010,12,507,22,1194,11
2514,16,1010,12,507,22,1259,11
2514,16,1010,12,507,22,1260,11
2514,16,1010,12,507,22,1312,11
2514,16,1010,12,507,22,1388,11
2514,16,1010,12,507,22,1391,11
2514,16,1010,12,507,22,1422,11
2514,16,1010,12,507,22,1556,11
2514,16,1010,12,507,22,1568,11
2514,16,1010,12,507,22,1599,11
2514,16,1010,12,507,22,1747,11
2514,16,1010,12,507,22,1773,11
2514,16,1010,12,507,22,1799,11
2514,16,1010,12,507,22,1818,11
2514,16,1010,12,507,22,1873,11
2514,16,1010,12,507,22,1940,11
2514,16,1010,12,507,22,1956,11
2514,16,1010,12,507,22,1997,11
2514,16,1010,12,507,22,2068,11
2514,16,1010,12,507,22,2079,11
2514,16,1010,12,507,22,2123,11
2514,16,1010,12,507,22,2196,11
2514,16,1010,12,507,22,2206,11
2514,16,1010,12,507,22,2216,11
2514,16,1010,12,507,22,2244,11
2514,16,1010,12,507,22,2259,11
2514,16,1010,12,507,22,2261,11
2514,16,1010,12,507,22,2289,11
2514,16,1010,12,507,22,2359,11
2514,16,1010,12,507,22,2370,11
2514,16,1010,12,507,22,2405,11
2514,16,1010,12,754,10,45,11
2514,16,1010,12,754,10,390,11
2514,16,1010,12,754,10,620,11
2514,16,1010,12,754,10,979,11
2514,16,1010,12,754,10,1799,11
2514,16,1010,12,754,10,1956,11
2514,16,1010,12,754,10,2206,11
2514,16,1010,12,754,10,2244,11
2514,16,1010,12,754,10,2261,11
2514,16,1010,12,754,10,2359,11
2514,16,1010,12,992,33,45,11
2514,16,1010,12,992,33,159,11
2514,16,1010,12,992,33,272,11
2514,16,1010,12,992,33,338,11
2514,16,1010,12,992,33,390,11
2514,16,1010,12,992,33,457,11
2514,16,1010,12,992,33,463,11
2514,16,1010,12,992,33,620,11
2514,16,1010,12,992,33,700,11
2514,16,1010,12,992,33,742,11
2514,16,1010,12,992,33,758,11
2514,16,1010,12,992,33,879,11
2514,16,1010,12,992,33,927,11
2514,16,1010,12,992,33,979,11
2514,16,1010,12,992,33,1003,11
2514,16,1010,12,992,33,1044,11
2514,16,1010,12,992,33,1068,11
2514,16,1010,12,992,33,1153,11
2514,16,1010,12,992,33,1186,11
2514,16,1010,12,992,33,1194,11
2514,16,1010,12,992,33,1259,11
2514,16,1010,12,992,33,1260,11
2514,16,1010,12,992,33,1312,11
2514,16,1010,12,992,33,1388,11
2514,16,1010,12,992,33,1391,11
2514,16,1010,12,992,33,1422,11
2514,16,1010,12,992,33,1556,11
2514,16,1010,12,992,33,1568,11
2514,16,1010,12,992,33,1599,11
2514,16,1010,12,992,33,1747,11
2514,16,1010,12,992,33,1773,11
2514,16,1010,12,992,33,1799,11
2514,16,1010,12,992,33,1818,11
2514,16,1010,12,992,33,1873,11
2514,16,1010,12,992,33,1940,11
2514,16,1010,12,992,33,1956,11
2514,16,1010,12,992,33,1997,11
2514,16,1010,12,992,33,2068,11
2514,16,1010,12,992,33,2079,11
2514,16,1010,12,992,33,2123,11
2514,16,1010,12,992,33,2196,11
2514,16,1010,12,992,33,2206,11
2514,16,1010,12,992,33,2216,11
2514,16,1010,12,992,33,2244,11
2514,16,1010,12,992,33,2259,11
2514,16,1010,12,992,33,2261,11
2514,16,1010,12,992,33,2289,11
2514,16,1010,12,992,33,2359,11
2514,16,1010,12,992,33,2370,11
2514,16,1010,12,992,33,2405,11
2514,16,1010,12,1092,28,159,11
2514,16,1010,12,1092,28,272,11
2514,16,1010,12,1092,28,457,11
2514,16,1010,12,1092,28,463,11
2514,16,1010,12,1092,28,700,11
2514,16,1010,12,1092,28,879,11
2514,16,1010,12,1092,28,927,11
2514,16,1010,12,1092,28,1003,11
2514,16,1010,12,1092,28,1068,11
2514,16,1010,12,1092,28,1153,11
2514,16,1010,12,1092,28,1194,11
2514,16,1010,12,1092,28,1260,11
2514,16,1010,12,1092,28,1388,11
2514,16,1010,12,1092,28,1391,11
2514,16,1010,12,1092,28,1422,11
2514,16,1010,12,1092,28,1556,11
2514,16,1010,12,1092,28,1568,11
2514,16,1010,12,1092,28,1599,11
2514,16,1010,12,1092,28,1747,11
2514,16,1010,12,1092,28,1818,11
2514,16,1010,12,1092,28,1873,11
2514,16,1010,12,1092,28,1940,11
2514,16,1010,12,1092,28,2068,11
2514,16,1010,12,1092,28,2079,11
2514,16,1010,12,1092,28,2123,11
2514,16,1010,12,1092,28,2196,11
2514,16,1010,12,1092,28,2216,11
2514,16,1010,12,1092,28,2259,11
2514,16,1010,12,1092,28,2370,11
2514,16,1010,12,1092,28,2405,11
2514,16,1010,12,1449,14,45,11
2514,16,1010,12,1449,14,159,11
2514,16,1010,12,1449,14,272,11
2514,16,1010,12,1449,14,338,11
2514,16,1010,12,1449,14,390,11
2514,16,1010,12,1449,14,457,11
2514,16,1010,12,1449,14,463,11
2514,16,1010,12,1449,14,620,11
2514,16,1010,12,1449,14,700,11
2514,16,1010,12,1449,14,742,11
2514,16,1010,12,1449,14,758,11
2514,16,1010,12,1449,14,879,11
2514,16,1010,12,1449,14,927,11
2514,16,1010,12,1449,14,979,11
2514,16,1010,12,1449,14,1003,11
2514,16,1010,12,1449,14,1044,11
2514,16,1010,12,1449,14,1068,11
2514,16,1010,12,1449,14,1153,11
2514,16,1010,12,1449,14,1186,11
2514,16,1010,12,1449,14,1194,11
2514,16,1010,12,1449,14,1259,11
2514,16,1010,12,1449,14,1260,11
2514,16,1010,12,1449,14,1312,11
2514,16,1010,12,1449,14,1388,11
2514,16,1010,12,1449,14,1391,11
2514,16,1010,12,1449,14,1422,11
2514,16,1010,12,1449,14,1556,11
2514,16,1010,12,1449,14,1568,11
2514,16,1010,12,1449,14,1599,11
2514,16,1010,12,1449,14,1747,11
2514,16,1010,12,1449,14,1773,11
2514,16,1010,12,1449,14,1799,11
2514,16,1010,12,1449,14,1818,11
2514,16,1010,12,1449,14,1873,11
2514,16,1010,12,1449,14,1940,11
2514,16,1010,12,1449,14,1956,11
2514,16,1010,12,1449,14,1997,11
2514,16,1010,12,1449,14,2068,11
2514,16,1010,12,1449,14,2079,11
2514,16,1010,12,1449,14,2123,11
2514,16,1010,12,1449,14,2196,11
2514,16,1010,12,1449,14,2206,11
2514,16,1010,12,1449,14,2216,11
2514,16,1010,12,1449,14,2244,11
2514,16,1010,12,1449,14,2259,11
2514,16,1010,12,1449,14,2261,11
2514,16,1010,12,1449,14,2289,11
2514,16,1010,12,1449,14,2359,11
2514,16,1010,12,1449,14,2370,11
2514,16,1010,12,1449,14,2405,11
2514,16,1010,12,1475,42,45,11
2514,16,1010,12,1475,42,159,11
2514,16,1010,12,1475,42,272,11
2514,16,1010,12,1475,42,338,11
2514,16,1010,12,1475,42,390,11
2514,16,1010,12,1475,42,457,11
2514,16,1010,12,1475,42,463,11
2514,16,1010,12,1475,42,620,11
2514,16,1010,12,1475,42,700,11
2514,16,1010,12,1475,42,742,11
2514,16,1010,12,1475,42,758,11
2514,16,1010,12,1475,42,879,11
2514,16,1010,12,1475,42,927,11
2514,16,1010,12,1475,42,979,11
2514,16,1010,12,1475,42,1003,11
2514,16,1010,12,1475,42,1044,11
2514,16,1010,12,1475,42,1068,11
2514,16,1010,12,1475,42,1153,11
2514,16,1010,12,1475,42,1186,11
2514,16,1010,12,1475,42,1194,11
2514,16,1010,12,1475,42,1259,11
2514,16,1010,12,1475,42,1260,11
2514,16,1010,12,1475,42,1312,11
2514,16,1010,12,1475,42,1388,11
2514,16,1010,12,1475,42,1391,11
2514,16,1010,12,1475,42,1422,11
2514,16,1010,12,1475,42,1556,11
2514,16,1010,12,1475,42,1568,11
2514,16,1010,12,1475,42,1599,11
2514,16,1010,12,1475,42,1747,11
2514,16,1010,12,1475,42,1773,11
2514,16,1010,12,1475,42,1799,11
2514,16,1010,12,1475,42,1818,11
2514,16,1010,12,1475,42,1873,11
2514,16,1010,12,1475,42,1940,11
2514,16,1010,12,1475,42,1956,11
2514,16,1010,12,1475,42,1997,11
2514,16,1010,12,1475,42,2068,11
2514,16,1010,12,1475,42,2079,11
2514,16,1010,12,1475,42,2123,11
2514,16,1010,12,1475,42,2196,11
2514,16,1010,12,1475,42,2206,11
2514,16,1010,12,1475,42,2216,11
2514,16,1010,12,1475,42,2244,11
2514,16,1010,12,1475,42,2259,11
2514,16,1010,12,1475,42,2261,11
2514,16,1010,12,1475,42,2289,11
2514,16,1010,12,1475,42,2359,11
2514,16,1010,12,1475,42,2370,11
2514,16,1010,12,1475,42,2405,11
2514,16,1010,12,1740,36,45,11
2514,16,1010,12,1740,36,159,11
2514,16,1010,12,1740,36,272,11
2514,16,1010,12,1740,36,338,11
2514,16,1010,12,1740,36,390,11
2514,16,1010,12,1740,36,457,11
2514,16,1010,12,1740,36,463,11
2514,16,1010,12,1740,36,620,11
2514,16,1010,12,1740,36,700,11
2514,16,1010,12,1740,36,742,11
2514,16,1010,12,1740,36,758,11
2514,16,1010,12,1740,36,879,11
2514,16,1010,12,1740,36,927,11
2514,16,1010,12,1740,36,979,11
2514,16,1010,12,1740,36,1003,11
2514,16,1010,12,1740,36,1044,11
2514,16,1010,12,1740,36,1068,11
2514,16,1010,12,1740,36,1153,11
2514,16,1010,12,1740,36,1186,11
2514,16,1010,12,1740,36,1194,11
2514,16,1010,12,1740,36,1259,11
2514,16,1010,12,1740,36,1260,11
2514,16,1010,12,1740,36,1312,11
2514,16,1010,12,1740,36,1388,11
2514,16,1010,12,1740,36,1391,11
2514,16,1010,12,1740,36,1422,11
2514,16,1010,12,1740,36,1556,11
2514,16,1010,12,1740,36,1568,11
2514,16,1010,12,1740,36,1599,11
2514,16,1010,12,1740,36,1747,11
2514,16,1010,12,1740,36,1773,11
2514,16,1010,12,1740,36,1799,11
2514,16,1010,12,1740,36,1818,11
2514,16,1010,12,1740,36,1873,11
2514,16,1010,12,1740,36,1940,11
2514,16,1010,12,1740,36,1956,11
2514,16,1010,12,1740,36,1997,11
2514,16,1010,12,1740,36,2068,11
2514,16,1010,12,1740,36,2079,11
2514,16,1010,12,1740,36,2123,11
2514,16,1010,12,1740,36,2196,11
2514,16,1010,12,1740,36,2206,11
2514,16,1010,12,1740,36,2216,11
2514,16,1010,12,1740,36,2244,11
2514,16,1010,12,1740,36,2259,11
2514,16,1010,12,1740,36,2261,11
2514,16,1010,12,1740,36,2289,11
2514,16,1010,12,1740,36,2359,11
2514,16,1010,12,1740,36,2370,11
2514,16,1010,12,1740,36,2405,11
2514,16,1010,12,1811,34,45,11
2514,16,1010,12,1811,34,159,11
2514,16,1010,12,1811,34,272,11
2514,16,1010,12,1811,34,338,11
2514,16,1010,12,1811,34,390,11
2514,16,1010,12,1811,34,457,11
2514,16,1010,12,1811,34,463,11
2514,16,1010,12,1811,34,620,11
2514,16,1010,12,1811,34,700,11
2514,16,1010,12,1811,34,742,11
2514,16,1010,12,1811,34,758,11
2514,16,1010,12,1811,34,879,11
2514,16,1010,12,1811,34,927,11
2514,16,1010,12,1811,34,979,11
2514,16,1010,12,1811,34,1003,11
2514,16,1010,12,1811,34,1044,11
2514,16,1010,12,1811,34,1068,11
2514,16,1010,12,1811,34,1153,11
2514,16,1010,12,1811,34,1186,11
2514,16,1010,12,1811,34,1194,11
2514,16,1010,12,1811,34,1259,11
2514,16,1010,12,1811,34,1260,11
2514,16,1010,12,1811,34,1312,11
2514,16,1010,12,1811,34,1388,11
2514,16,1010,12,1811,34,1391,11
2514,16,1010,12,1811,34,1422,11
2514,16,1010,12,1811,34,1556,11
2514,16,1010,12,1811,34,1568,11
2514,16,1010,12,1811,34,1599,11
2514,16,1010,12,1811,34,1747,11
2514,16,1010,12,1811,34,1773,11
2514,16,1010,12,1811,34,1799,11
2514,16,1010,12,1811,34,1818,11
2514,16,1010,12,1811,34,1873,11
2514,16,1010,12,1811,34,1940,11
2514,16,1010,12,1811,34,1956,11
2514,16,1010,12,1811,34,1997,11
2514,16,1010,12,1811,34,2068,11
2514,16,1010,12,1811,34,2079,11
2514,16,1010,12,1811,34,2123,11
2514,16,1010,12,1811,34,2196,11
2514,16,1010,12,1811,34,2206,11
2514,16,1010,12,1811,34,2216,11
2514,16,1010,12,1811,34,2244,11
2514,16,1010,12,1811,34,2259,11
2514,16,1010,12,1811,34,2261,11
2514,16,1010,12,1811,34,2289,11
2514,16,1010,12,1811,34,2359,11
2514,16,1010,12,1811,34,2370,11
2514,16,1010,12,1811,34,2405,11
