2514,16,1483,41,9,25,45,11
2514,16,1483,41,9,25,159,11
2514,16,1483,41,9,25,272,11
2514,16,1483,41,9,25,338,11
2514,16,1483,41,9,25,390,11
2514,16,1483,41,9,25,457,11
2514,16,1483,41,9,25,463,11
2514,16,1483,41,9,25,620,11
2514,16,1483,41,9,25,700,11
2514,16,1483,41,9,25,742,11
2514,16,1483,41,9,25,758,11
2514,16,1483,41,9,25,879,11
2514,16,1483,41,9,25,927,11
2514,16,1483,41,9,25,979,11
2514,16,1483,41,9,25,1003,11
2514,16,1483,41,9,25,1044,11
2514,16,1483,41,9,25,1068,11
2514,16,1483,41,9,25,1153,11
2514,16,1483,41,9,25,1186,11
2514,16,1483,41,9,25,1194,11
2514,16,1483,41,9,25,1259,11
2514,16,1483,41,9,25,1260,11
2514,16,1483,41,9,25,1312,11
2514,16,1483,41,9,25,1388,11
2514,16,1483,41,9,25,1391,11
2514,16,1483,41,9,25,1422,11
2514,16,1483,41,9,25,1556,11
2514,16,1483,41,9,25,1568,11
2514,16,1483,41,9,25,1599,11
2514,16,1483,41,9,25,1747,11
2514,16,1483,41,9,25,1773,11
2514,16,1483,41,9,25,1799,11
2514,16,1483,41,9,25,1818,11
2514,16,1483,41,9,25,1873,11
2514,16,1483,41,9,25,1940,11
2514,16,1483,41,9,25,1956,11
2514,16,1483,41,9,25,1997,11
2514,16,1483,41,9,25,2068,11
2514,16,1483,41,9,25,2079,11
2514,16,1483,41,9,25,2123,11
2514,16,1483,41,9,25,2196,11
2514,16,1483,41,9,25,2206,11
2514,16,1483,41,9,25,2216,11
2514,16,1483,41,9,25,2244,11
2514,16,1483,41,9,25,2259,11
2514,16,1483,41,9,25,2261,11
2514,16,1483,41,9,25,2289,11
2514,16,1483,41,9,25,2359,11
2514,16,1483,41,9,25,2370,11
2514,16,1483,41,9,25,2405,11
2514,16,1483,41,369,19,45,11
2514,16,1483,41,369,19,159,11
2514,16,1483,41,369,19,272,11
2514,16,1483,41,369,19,338,11
2514,16,1483,41,369,19,390,11
2514,16,1483,41,369,19,457,11
2514,16,1483,41,369,19,463,11
2514,16,1483,41,369,19,620,11
2514,16,1483,41,369,19,700,11
2514,16,1483,41,369,19,742,11
2514,16,1483,41,369,19,758,11
2514,16,1483,41,369,19,879,11
2514,16,1483,41,369,19,927,11
2514,16,1483,41,369,19,979,11
2514,16,1483,41,369,19,1003,11
2514,16,1483,41,369,19,1044,11
2514,16,1483,41,369,19,1068,11
2514,16,1483,41,369,19,1153,11
2514,16,1483,41,369,19,1186,11
2514,16,1483,41,369,19,1194,11
2514,16,1483,41,369,19,1259,11
2514,16,1483,41,369,19,1260,11
2514,16,1483,41,369,19,1312,11
2514,16,1483,41,369,19,1388,11
2514,16,1483,41,369,19,1391,11
2514,16,1483,41,369,19,1422,11
2514,16,1483,41,369,19,1556,11
2514,16,1483,41,369,19,1568,11
2514,16,1483,41,369,19,1599,11
2514,16,1483,41,369,19,1747,11
2514,16,1483,41,369,19,1773,11
2514,16,1483,41,369,19,1799,11
2514,16,1483,41,369,19,1818,11
2514,16,1483,41,369,19,1873,11
2514,16,1483,41,369,19,1940,11
2514,16,1483,41,369,19,1956,11
2514,16,1483,41,369,19,1997,11
2514,16,1483,41,369,19,2068,11
2514,16,1483,41,369,19,2079,11
2514,16,1483,41,369,19,2123,11
2514,16,1483,41,369,19,2196,11
2514,16,1483,41,369,19,2206,11
2514,16,1483,41,369,19,2216,11
2514,16,1483,41,369,19,2244,11
2514,16,1483,41,369,19,2259,11
2514,16,1483,41,369,19,2261,11
2514,16,1483,41,369,19,2289,11
2514,16,1483,41,369,19,2359,11
2514,16,1483,41,369,19,2370,11
2514,16,1483,41,369,19,2405,11
2514,16,1483,41,380,33,45,11
2514,16,1483,41,380,33,159,11
2514,16,1483,41,380,33,272,11
2514,16,1483,41,380,33,338,11
2514,16,1483,41,380,33,390,11
2514,16,1483,41,380,33,457,11
2514,16,1483,41,380,33,463,11
2514,16,1483,41,380,33,620,11
2514,16,1483,41,380,33,700,11
2514,16,1483,41,380,33,742,11
2514,16,1483,41,380,33,758,11
2514,16,1483,41,380,33,879,11
2514,16,1483,41,380,33,927,11
2514,16,1483,41,380,33,979,11
2514,16,1483,41,380,33,1003,11
2514,16,1483,41,380,33,1044,11
2514,16,1483,41,380,33,1068,11
2514,16,1483,41,380,33,1153,11
2514,16,1483,41,380,33,1186,11
2514,16,1483,41,380,33,1194,11
2514,16,1483,41,380,33,1259,11
2514,16,1483,41,380,33,1260,11
2514,16,1483,41,380,33,1312,11
2514,16,1483,41,380,33,1388,11
2514,16,1483,41,380,33,1391,11
2514,16,1483,41,380,33,1422,11
2514,16,1483,41,380,33,1556,11
2514,16,1483,41,380,33,1568,11
2514,16,1483,41,380,33,1599,11
2514,16,1483,41,380,33,1747,11
2514,16,1483,41,380,33,1773,11
2514,16,1483,41,380,33,1799,11
2514,16,1483,41,380,33,1818,11
2514,16,1483,41,380,33,1873,11
2514,16,1483,41,380,33,1940,11
2514,16,1483,41,380,33,1956,11
2514,16,1483,41,380,33,1997,11
2514,16,1483,41,380,33,2068,11
2514,16,1483,41,380,33,2079,11
2514,16,1483,41,380,33,2123,11
2514,16,1483,41,380,33,2196,11
2514,16,1483,41,380,33,2206,11
2514,16,1483,41,380,33,2216,11
2514,16,1483,41,380,33,2244,11
2514,16,1483,41,380,33,2259,11
2514,16,1483,41,380,33,2261,11
2514,16,1483,41,380,33,2289,11
2514,16,1483,41,380,33,2359,11
2514,16,1483,41,380,33,2370,11
2514,16,1483,41,380,33,2405,11
2514,16,1483,41,418,15,45,11
2514,16,1483,41,418,15,159,11
2514,16,1483,41,418,15,272,11
2514,16,1483,41,418,15,338,11
2514,16,1483,41,418,15,390,11
2514,16,1483,41,418,15,457,11
2514,16,1483,41,418,15,463,11
2514,16,1483,41,418,15,620,11
2514,16,1483,41,418,15,700,11
2514,16,1483,41,418,15,742,11
2514,16,1483,41,418,15,758,11
2514,16,1483,41,418,15,879,11
2514,16,1483,41,418,15,927,11
2514,16,1483,41,418,15,979,11
2514,16,1483,41,418,15,1003,11
2514,16,1483,41,418,15,1044,11
2514,16,1483,41,418,15,1068,11
2514,16,1483,41,418,15,1153,11
2514,16,1483,41,418,15,1186,11
2514,16,1483,41,418,15,1194,11
2514,16,1483,41,418,15,1259,11
2514,16,1483,41,418,15,1260,11
2514,16,1483,41,418,15,1312,11
2514,16,1483,41,418,15,1388,11
2514,16,1483,41,418,15,1391,11
2514,16,1483,41,418,15,1422,11
2514,16,1483,41,418,15,1556,11
2514,16,1483,41,418,15,1568,11
2514,16,1483,41,418,15,1599,11
2514,16,1483,41,418,15,1747,11
2514,16,1483,41,418,15,1773,11
2514,16,1483,41,418,15,1799,11
2514,16,1483,41,418,15,1818,11
2514,16,1483,41,418,15,1873,11
2514,16,1483,41,418,15,1940,11
2514,16,1483,41,418,15,1956,11
2514,16,1483,41,418,15,1997,11
2514,16,1483,41,418,15,2068,11
2514,16,1483,41,418,15,2079,11
2514,16,1483,41,418,15,2123,11
2514,16,1483,41,418,15,2196,11
2514,16,1483,41,418,15,2206,11
2514,16,1483,41,418,15,2216,11
2514,16,1483,41,418,15,2244,11
2514,16,1483,41,418,15,2259,11
2514,16,1483,41,418,15,2261,11
2514,16,1483,41,418,15,2289,11
2514,16,1483,41,418,15,2359,11
2514,16,1483,41,418,15,2370,11
2514,16,1483,41,418,15,2405,11
2514,16,1483,41,527,39,45,11
2514,16,1483,41,527,39,159,11
2514,16,1483,41,527,39,272,11
2514,16,1483,41,527,39,338,11
2514,16,1483,41,527,39,390,11
2514,16,1483,41,527,39,457,11
2514,16,1483,41,527,39,463,11
2514,16,1483,41,527,39,620,11
2514,16,1483,41,527,39,700,11
2514,16,1483,41,527,39,742,11
2514,16,1483,41,527,39,758,11
2514,16,1483,41,527,39,879,11
2514,16,1483,41,527,39,927,11
2514,16,1483,41,527,39,979,11
2514,16,1483,41,527,39,1003,11
2514,16,1483,41,527,39,1044,11
2514,16,1483,41,527,39,1068,11
2514,16,1483,41,527,39,1153,11
2514,16,1483,41,527,39,1186,11
2514,16,1483,41,527,39,1194,11
2514,16,1483,41,527,39,1259,11
2514,16,1483,41,527,39,1260,11
2514,16,1483,41,527,39,1312,11
2514,16,1483,41,527,39,1388,11
2514,16,1483,41,527,39,1391,11
2514,16,1483,41,527,39,1422,11
2514,16,1483,41,527,39,1556,11
2514,16,1483,41,527,39,1568,11
2514,16,1483,41,527,39,1599,11
2514,16,1483,41,527,39,1747,11
2514,16,1483,41,527,39,1773,11
2514,16,1483,41,527,39,1799,11
2514,16,1483,41,527,39,1818,11
2514,16,1483,41,527,39,1873,11
2514,16,1483,41,527,39,1940,11
2514,16,1483,41,527,39,1956,11
2514,16,1483,41,527,39,1997,11
2514,16,1483,41,527,39,2068,11
2514,16,1483,41,527,39,2079,11
2514,16,1483,41,527,39,2123,11
2514,16,1483,41,527,39,2196,11
2514,16,1483,41,527,39,2206,11
2514,16,1483,41,527,39,2216,11
2514,16,1483,41,527,39,2244,11
2514,16,1483,41,527,39,2259,11
2514,16,1483,41,527,39,2261,11
2514,16,1483,41,527,39,2289,11
2514,16,1483,41,527,39,2359,11
2514,16,1483,41,527,39,2370,11
2514,16,1483,41,527,39,2405,11
2514,16,1483,41,876,33,45,11
2514,16,1483,41,876,33,159,11
2514,16,1483,41,876,33,272,11
2514,16,1483,41,876,33,338,11
2514,16,1483,41,876,33,390,11
2514,16,1483,41,876,33,457,11
2514,16,1483,41,876,33,463,11
2514,16,1483,41,876,33,620,11
2514,16,1483,41,876,33,700,11
2514,16,1483,41,876,33,742,11
2514,16,1483,41,876,33,758,11
2514,16,1483,41,876,33,879,11
2514,16,1483,41,876,33,927,11
2514,16,1483,41,876,33,979,11
2514,16,1483,41,876,33,1003,11
2514,16,1483,41,876,33,1044,11
2514,16,1483,41,876,33,1068,11
2514,16,1483,41,876,33,1153,11
2514,16,1483,41,876,33,1186,11
2514,16,1483,41,876,33,1194,11
2514,16,1483,41,876,33,1259,11
2514,16,1483,41,876,33,1260,11
2514,16,1483,41,876,33,1312,11
2514,16,1483,41,876,33,1388,11
2514,16,1483,41,876,33,1391,11
2514,16,1483,41,876,33,1422,11
2514,16,1483,41,876,33,1556,11
2514,16,1483,41,876,33,1568,11
2514,16,1483,41,876,33,1599,11
2514,16,1483,41,876,33,1747,11
2514,16,1483,41,876,33,1773,11
2514,16,1483,41,876,33,1799,11
2514,16,1483,41,876,33,1818,11
2514,16,1483,41,876,33,1873,11
2514,16,1483,41,876,33,1940,11
2514,16,1483,41,876,33,1956,11
2514,16,1483,41,876,33,1997,11
2514,16,1483,41,876,33,2068,11
2514,16,1483,41,876,33,2079,11
2514,16,1483,41,876,33,2123,11
2514,16,1483,41,876,33,2196,11
2514,16,1483,41,876,33,2206,11
2514,16,1483,41,876,33,2216,11
2514,16,1483,41,876,33,2244,11
2514,16,1483,41,876,33,2259,11
2514,16,1483,41,876,33,2261,11
2514,16,1483,41,876,33,2289,11
2514,16,1483,41,876,33,2359,11
2514,16,1483,41,876,33,2370,11
2514,16,1483,41,876,33,2405,11
2514,16,1483,41,971,17,45,11
2514,16,1483,41,971,17,159,11
2514,16,1483,41,971,17,272,11
2514,16,1483,41,971,17,338,11
2514,16,1483,41,971,17,390,11
2514,16,1483,41,971,17,457,11
2514,16,1483,41,971,17,463,11
2514,16,1483,41,971,17,620,11
2514,16,1483,41,971,17,700,11
2514,16,1483,41,971,17,742,11
2514,16,1483,41,971,17,758,11
2514,16,1483,41,971,17,879,11
2514,16,1483,41,971,17,927,11
2514,16,1483,41,971,17,979,11
2514,16,1483,41,971,17,1003,11
2514,16,1483,41,971,17,1044,11
2514,16,1483,41,971,17,1068,11
2514,16,1483,41,971,17,1153,11
2514,16,1483,41,971,17,1186,11
2514,16,1483,41,971,17,1194,11
2514,16,1483,41,971,17,1259,11
2514,16,1483,41,971,17,1260,11
2514,16,1483,41,971,17,1312,11
2514,16,1483,41,971,17,1388,11
2514,16,1483,41,971,17,1391,11
2514,16,1483,41,971,17,1422,11
2514,16,1483,41,971,17,1556,11
2514,16,1483,41,971,17,1568,11
2514,16,1483,41,971,17,1599,11
2514,16,1483,41,971,17,1747,11
2514,16,1483,41,971,17,1773,11
2514,16,1483,41,971,17,1799,11
2514,16,1483,41,971,17,1818,11
2514,16,1483,41,971,17,1873,11
2514,16,1483,41,971,17,1940,11
2514,16,1483,41,971,17,1956,11
2514,16,1483,41,971,17,1997,11
2514,16,1483,41,971,17,2068,11
2514,16,1483,41,971,17,2079,11
2514,16,1483,41,971,17,2123,11
2514,16,1483,41,971,17,2196,11
2514,16,1483,41,971,17,2206,11
2514,16,1483,41,971,17,2216,11
2514,16,1483,41,971,17,2244,11
2514,16,1483,41,971,17,2259,11
2514,16,1483,41,971,17,2261,11
2514,16,1483,41,971,17,2289,11
2514,16,1483,41,971,17,2359,11
2514,16,1483,41,971,17,2370,11
2514,16,1483,41,971,17,2405,11
2514,16,1483,41,1059,22,457,11
2514,16,1483,41,1059,22,700,11
2514,16,1483,41,1059,22,927,11
2514,16,1483,41,1059,22,1003,11
2514,16,1483,41,1059,22,1153,11
2514,16,1483,41,1059,22,1194,11
2514,16,1483,41,1059,22,1568,11
2514,16,1483,41,1059,22,1599,11
2514,16,1483,41,1059,22,1818,11
2514,16,1483,41,1059,22,1940,11
2514,16,1483,41,1261,26,45,11
2514,16,1483,41,1261,26,159,11
2514,16,1483,41,1261,26,272,11
2514,16,1483,41,1261,26,338,11
2514,16,1483,41,1261,26,390,11
2514,16,1483,41,1261,26,457,11
2514,16,1483,41,1261,26,463,11
2514,16,1483,41,1261,26,620,11
2514,16,1483,41,1261,26,700,11
2514,16,1483,41,1261,26,742,11
2514,16,1483,41,1261,26,758,11
2514,16,1483,41,1261,26,879,11
2514,16,1483,41,1261,26,927,11
2514,16,1483,41,1261,26,979,11
2514,16,1483,41,1261,26,1003,11
2514,16,1483,41,1261,26,1044,11
2514,16,1483,41,1261,26,1068,11
2514,16,1483,41,1261,26,1153,11
2514,16,1483,41,1261,26,1186,11
2514,16,1483,41,1261,26,1194,11
2514,16,1483,41,1261,26,1259,11
2514,16,1483,41,1261,26,1260,11
2514,16,1483,41,1261,26,1312,11
2514,16,1483,41,1261,26,1388,11
2514,16,1483,41,1261,26,1391,11
2514,16,1483,41,1261,26,1422,11
2514,16,1483,41,1261,26,1556,11
2514,16,1483,41,1261,26,1568,11
2514,16,1483,41,1261,26,1599,11
2514,16,1483,41,1261,26,1747,11
2514,16,1483,41,1261,26,1773,11
2514,16,1483,41,1261,26,1799,11
2514,16,1483,41,1261,26,1818,11
2514,16,1483,41,1261,26,1873,11
2514,16,1483,41,1261,26,1940,11
2514,16,1483,41,1261,26,1956,11
2514,16,1483,41,1261,26,1997,11
2514,16,1483,41,1261,26,2068,11
2514,16,1483,41,1261,26,2079,11
2514,16,1483,41,1261,26,2123,11
2514,16,1483,41,1261,26,2196,11
2514,16,1483,41,1261,26,2206,11
2514,16,1483,41,1261,26,2216,11
2514,16,1483,41,1261,26,2244,11
2514,16,1483,41,1261,26,2259,11
2514,16,1483,41,1261,26,2261,11
2514,16,1483,41,1261,26,2289,11
2514,16,1483,41,1261,26,2359,11
2514,16,1483,41,1261,26,2370,11
2514,16,1483,41,1261,26,2405,11
2514,16,1483,41,1426,23,45,11
2514,16,1483,41,1426,23,159,11
2514,16,1483,41,1426,23,272,11
2514,16,1483,41,1426,23,338,11
2514,16,1483,41,1426,23,390,11
2514,16,1483,41,1426,23,457,11
2514,16,1483,41,1426,23,463,11
2514,16,1483,41,1426,23,620,11
2514,16,1483,41,1426,23,700,11
2514,16,1483,41,1426,23,742,11
2514,16,1483,41,1426,23,758,11
2514,16,1483,41,1426,23,879,11
2514,16,1483,41,1426,23,927,11
2514,16,1483,41,1426,23,979,11
2514,16,1483,41,1426,23,1003,11
2514,16,1483,41,1426,23,1044,11
2514,16,1483,41,1426,23,1068,11
2514,16,1483,41,1426,23,1153,11
2514,16,1483,41,1426,23,1186,11
2514,16,1483,41,1426,23,1194,11
2514,16,1483,41,1426,23,1259,11
2514,16,1483,41,1426,23,1260,11
2514,16,1483,41,1426,23,1312,11
2514,16,1483,41,1426,23,1388,11
2514,16,1483,41,1426,23,1391,11
2514,16,1483,41,1426,23,1422,11
2514,16,1483,41,1426,23,1556,11
2514,16,1483,41,1426,23,1568,11
2514,16,1483,41,1426,23,1599,11
2514,16,1483,41,1426,23,1747,11
2514,16,1483,41,1426,23,1773,11
2514,16,1483,41,1426,23,1799,11
2514,16,1483,41,1426,23,1818,11
2514,16,1483,41,1426,23,1873,11
2514,16,1483,41,1426,23,1940,11
2514,16,1483,41,1426,23,1956,11
2514,16,1483,41,1426,23,1997,11
2514,16,1483,41,1426,23,2068,11
2514,16,1483,41,1426,23,2079,11
2514,16,1483,41,1426,23,2123,11
2514,16,1483,41,1426,23,2196,11
2514,16,1483,41,1426,23,2206,11
2514,16,1483,41,1426,23,2216,11
2514,16,1483,41,1426,23,2244,11
2514,16,1483,41,1426,23,2259,11
2514,16,1483,41,1426,23,2261,11
2514,16,1483,41,1426,23,2289,11
2514,16,1483,41,1426,23,2359,11
2514,16,1483,41,1426,23,2370,11
2514,16,1483,41,1426,23,2405,11
2514,16,1483,41,1657,50,45,11
2514,16,1483,41,1657,50,159,11
2514,16,1483,41,1657,50,272,11
2514,16,1483,41,1657,50,338,11
2514,16,1483,41,1657,50,390,11
2514,16,1483,41,1657,50,457,11
2514,16,1483,41,1657,50,463,11
2514,16,1483,41,1657,50,620,11
2514,16,1483,41,1657,50,700,11
2514,16,1483,41,1657,50,742,11
2514,16,1483,41,1657,50,758,11
2514,16,1483,41,1657,50,879,11
2514,16,1483,41,1657,50,927,11
2514,16,1483,41,1657,50,979,11
2514,16,1483,41,1657,50,1003,11
2514,16,1483,41,1657,50,1044,11
2514,16,1483,41,1657,50,1068,11
2514,16,1483,41,1657,50,1153,11
2514,16,1483,41,1657,50,1186,11
2514,16,1483,41,1657,50,1194,11
2514,16,1483,41,1657,50,1259,11
2514,16,1483,41,1657,50,1260,11
2514,16,1483,41,1657,50,1312,11
2514,16,1483,41,1657,50,1388,11
2514,16,1483,41,1657,50,1391,11
2514,16,1483,41,1657,50,1422,11
2514,16,1483,41,1657,50,1556,11
2514,16,1483,41,1657,50,1568,11
2514,16,1483,41,1657,50,1599,11
2514,16,1483,41,1657,50,1747,11
2514,16,1483,41,1657,50,1773,11
2514,16,1483,41,1657,50,1799,11
2514,16,1483,41,1657,50,1818,11
2514,16,1483,41,1657,50,1873,11
2514,16,1483,41,1657,50,1940,11
2514,16,1483,41,1657,50,1956,11
2514,16,1483,41,1657,50,1997,11
2514,16,1483,41,1657,50,2068,11
2514,16,1483,41,1657,50,2079,11
2514,16,1483,41,1657,50,2123,11
2514,16,1483,41,1657,50,2196,11
2514,16,1483,41,1657,50,2206,11
2514,16,1483,41,1657,50,2216,11
2514,16,1483,41,1657,50,2244,11
2514,16,1483,41,1657,50,2259,11
2514,16,1483,41,1657,50,2261,11
2514,16,1483,41,1657,50,2289,11
2514,16,1483,41,1657,50,2359,11
2514,16,1483,41,1657,50,2370,11
2514,16,1483,41,1657,50,2405,11
2514,16,1483,41,1673,39,45,11
2514,16,1483,41,1673,39,159,11
2514,16,1483,41,1673,39,272,11
2514,16,1483,41,1673,39,338,11
2514,16,1483,41,1673,39,390,11
2514,16,1483,41,1673,39,457,11
2514,16,1483,41,1673,39,463,11
2514,16,1483,41,1673,39,620,11
2514,16,1483,41,1673,39,700,11
2514,16,1483,41,1673,39,742,11
2514,16,1483,41,1673,39,758,11
2514,16,1483,41,1673,39,879,11
2514,16,1483,41,1673,39,927,11
2514,16,1483,41,1673,39,979,11
2514,16,1483,41,1673,39,1003,11
2514,16,1483,41,1673,39,1044,11
2514,16,1483,41,1673,39,1068,11
2514,16,1483,41,1673,39,1153,11
2514,16,1483,41,1673,39,1186,11
2514,16,1483,41,1673,39,1194,11
2514,16,1483,41,1673,39,1259,11
2514,16,1483,41,1673,39,1260,11
2514,16,1483,41,1673,39,1312,11
2514,16,1483,41,1673,39,1388,11
2514,16,1483,41,1673,39,1391,11
2514,16,1483,41,1673,39,1422,11
2514,16,1483,41,1673,39,1556,11
2514,16,1483,41,1673,39,1568,11
2514,16,1483,41,1673,39,1599,11
2514,16,1483,41,1673,39,1747,11
2514,16,1483,41,1673,39,1773,11
2514,16,1483,41,1673,39,1799,11
2514,16,1483,41,1673,39,1818,11
2514,16,1483,41,1673,39,1873,11
2514,16,1483,41,1673,39,1940,11
2514,16,1483,41,1673,39,1956,11
2514,16,1483,41,1673,39,1997,11
2514,16,1483,41,1673,39,2068,11
2514,16,1483,41,1673,39,2079,11
2514,16,1483,41,1673,39,2123,11
2514,16,1483,41,1673,39,2196,11
2514,16,1483,41,1673,39,2206,11
2514,16,1483,41,1673,39,2216,11
2514,16,1483,41,1673,39,2244,11
2514,16,1483,41,1673,39,2259,11
2514,16,1483,41,1673,39,2261,11
2514,16,1483,41,1673,39,2289,11
2514,16,1483,41,1673,39,2359,11
2514,16,1483,41,1673,39,2370,11
2514,16,1483,41,1673,39,2405,11
2514,16,1483,41,1922,23,45,11
2514,16,1483,41,1922,23,159,11
2514,16,1483,41,1922,23,272,11
2514,16,1483,41,1922,23,338,11
2514,16,1483,41,1922,23,390,11
2514,16,1483,41,1922,23,457,11
2514,16,1483,41,1922,23,463,11
2514,16,1483,41,1922,23,620,11
2514,16,1483,41,1922,23,700,11
2514,16,1483,41,1922,23,742,11
2514,16,1483,41,1922,23,758,11
2514,16,1483,41,1922,23,879,11
2514,16,1483,41,1922,23,927,11
2514,16,1483,41,1922,23,979,11
2514,16,1483,41,1922,23,1003,11
2514,16,1483,41,1922,23,1044,11
2514,16,1483,41,1922,23,1068,11
2514,16,1483,41,1922,23,1153,11
2514,16,1483,41,1922,23,1186,11
2514,16,1483,41,1922,23,1194,11
2514,16,1483,41,1922,23,1259,11
2514,16,1483,41,1922,23,1260,11
2514,16,1483,41,1922,23,1312,11
2514,16,1483,41,1922,23,1388,11
2514,16,1483,41,1922,23,1391,11
2514,16,1483,41,1922,23,1422,11
2514,16,1483,41,1922,23,1556,11
2514,16,1483,41,1922,23,1568,11
2514,16,1483,41,1922,23,1599,11
2514,16,1483,41,1922,23,1747,11
2514,16,1483,41,1922,23,1773,11
2514,16,1483,41,1922,23,1799,11
2514,16,1483,41,1922,23,1818,11
2514,16,1483,41,1922,23,1873,11
2514,16,1483,41,1922,23,1940,11
2514,16,1483,41,1922,23,1956,11
2514,16,1483,41,1922,23,1997,11
2514,16,1483,41,1922,23,2068,11
2514,16,1483,41,1922,23,2079,11
2514,16,1483,41,1922,23,2123,11
2514,16,1483,41,1922,23,2196,11
2514,16,1483,41,1922,23,2206,11
2514,16,1483,41,1922,23,2216,11
2514,16,1483,41,1922,23,2244,11
2514,16,1483,41,1922,23,2259,11
2514,16,1483,41,1922,23,2261,11
2514,16,1483,41,1922,23,2289,11
2514,16,1483,41,1922,23,2359,11
2514,16,1483,41,1922,23,2370,11
2514,16,1483,41,1922,23,2405,11
2514,16,1483,41,1999,14,45,11
2514,16,1483,41,1999,14,272,11
2514,16,1483,41,1999,14,338,11
2514,16,1483,41,1999,14,390,11
2514,16,1483,41,1999,14,620,11
2514,16,1483,41,1999,14,742,11
2514,16,1483,41,1999,14,758,11
2514,16,1483,41,1999,14,979,11
2514,16,1483,41,1999,14,1044,11
2514,16,1483,41,1999,14,1068,11
2514,16,1483,41,1999,14,1186,11
2514,16,1483,41,1999,14,1259,11
2514,16,1483,41,1999,14,1260,11
2514,16,1483,41,1999,14,1312,11
2514,16,1483,41,1999,14,1391,11
2514,16,1483,41,1999,14,1422,11
2514,16,1483,41,1999,14,1747,11
2514,16,1483,41,1999,14,1773,11
2514,16,1483,41,1999,14,1799,11
2514,16,1483,41,1999,14,1956,11
2514,16,1483,41,1999,14,1997,11
2514,16,1483,41,1999,14,2068,11
2514,16,1483,41,1999,14,2079,11
2514,16,1483,41,1999,14,2206,11
2514,16,1483,41,1999,14,2244,11
2514,16,1483,41,1999,14,2259,11
2514,16,1483,41,1999,14,2261,11
2514,16,1483,41,1999,14,2289,11
2514,16,1483,41,1999,14,2359,11
2514,16,1483,41,1999,14,2405,11
