2514,16,1806,9,366,50,45,11
2514,16,1806,9,366,50,159,11
2514,16,1806,9,366,50,272,11
2514,16,1806,9,366,50,338,11
2514,16,1806,9,366,50,390,11
2514,16,1806,9,366,50,463,11
2514,16,1806,9,366,50,620,11
2514,16,1806,9,366,50,742,11
2514,16,1806,9,366,50,758,11
2514,16,1806,9,366,50,879,11
2514,16,1806,9,366,50,979,11
2514,16,1806,9,366,50,1044,11
2514,16,1806,9,366,50,1068,11
2514,16,1806,9,366,50,1186,11
2514,16,1806,9,366,50,1259,11
2514,16,1806,9,366,50,1260,11
2514,16,1806,9,366,50,1312,11
2514,16,1806,9,366,50,1388,11
2514,16,1806,9,366,50,1391,11
2514,16,1806,9,366,50,1422,11
2514,16,1806,9,366,50,1556,11
2514,16,1806,9,366,50,1747,11
2514,16,1806,9,366,50,1773,11
2514,16,1806,9,366,50,1799,11
2514,16,1806,9,366,50,1873,11
2514,16,1806,9,366,50,1956,11
2514,16,1806,9,366,50,1997,11
2514,16,1806,9,366,50,2068,11
2514,16,1806,9,366,50,2079,11
2514,16,1806,9,366,50,2123,11
2514,16,1806,9,366,50,2196,11
2514,16,1806,9,366,50,2206,11
2514,16,1806,9,366,50,2216,11
2514,16,1806,9,366,50,2244,11
2514,16,1806,9,366,50,2259,11
2514,16,1806,9,366,50,2261,11
2514,16,1806,9,366,50,2289,11
2514,16,1806,9,366,50,2359,11
2514,16,1806,9,366,50,2370,11
2514,16,1806,9,366,50,2405,11
2514,16,1806,9,400,50,45,11
2514,16,1806,9,400,50,159,11
2514,16,1806,9,400,50,272,11
2514,16,1806,9,400,50,338,11
2514,16,1806,9,400,50,390,11
2514,16,1806,9,400,50,457,11
2514,16,1806,9,400,50,463,11
2514,16,1806,9,400,50,620,11
2514,16,1806,9,400,50,700,11
2514,16,1806,9,400,50,742,11
2514,16,1806,9,400,50,758,11
2514,16,1806,9,400,50,879,11
2514,16,1806,9,400,50,927,11
2514,16,1806,9,400,50,979,11
2514,16,1806,9,400,50,1003,11
2514,16,1806,9,400,50,1044,11
2514,16,1806,9,400,50,1068,11
2514,16,1806,9,400,50,1153,11
2514,16,1806,9,400,50,1186,11
2514,16,1806,9,400,50,1194,11
2514,16,1806,9,400,50,1259,11
2514,16,1806,9,400,50,1260,11
2514,16,1806,9,400,50,1312,11
2514,16,1806,9,400,50,1388,11
2514,16,1806,9,400,50,1391,11
2514,16,1806,9,400,50,1422,11
2514,16,1806,9,400,50,1556,11
2514,16,1806,9,400,50,1568,11
2514,16,1806,9,400,50,1599,11
2514,16,1806,9,400,50,1747,11
2514,16,1806,9,400,50,1773,11
2514,16,1806,9,400,50,1799,11
2514,16,1806,9,400,50,1818,11
2514,16,1806,9,400,50,1873,11
2514,16,1806,9,400,50,1940,11
2514,16,1806,9,400,50,1956,11
2514,16,1806,9,400,50,1997,11
2514,16,1806,9,400,50,2068,11
2514,16,1806,9,400,50,2079,11
2514,16,1806,9,400,50,2123,11
2514,16,1806,9,400,50,2196,11
2514,16,1806,9,400,50,2206,11
2514,16,1806,9,400,50,2216,11
2514,16,1806,9,400,50,2244,11
2514,16,1806,9,400,50,2259,11
2514,16,1806,9,400,50,2261,11
2514,16,1806,9,400,50,2289,11
2514,16,1806,9,400,50,2359,11
2514,16,1806,9,400,50,2370,11
2514,16,1806,9,400,50,2405,11
2514,16,1806,9,412,18,45,11
2514,16,1806,9,412,18,159,11
2514,16,1806,9,412,18,272,11
2514,16,1806,9,412,18,338,11
2514,16,1806,9,412,18,390,11
2514,16,1806,9,412,18,457,11
2514,16,1806,9,412,18,463,11
2514,16,1806,9,412,18,620,11
2514,16,1806,9,412,18,700,11
2514,16,1806,9,412,18,742,11
2514,16,1806,9,412,18,758,11
2514,16,1806,9,412,18,879,11
2514,16,1806,9,412,18,927,11
2514,16,1806,9,412,18,979,11
2514,16,1806,9,412,18,1003,11
2514,16,1806,9,412,18,1044,11
2514,16,1806,9,412,18,1068,11
2514,16,1806,9,412,18,1153,11
2514,16,1806,9,412,18,1186,11
2514,16,1806,9,412,18,1194,11
2514,16,1806,9,412,18,1259,11
2514,16,1806,9,412,18,1260,11
2514,16,1806,9,412,18,1312,11
2514,16,1806,9,412,18,1388,11
2514,16,1806,9,412,18,1391,11
2514,16,1806,9,412,18,1422,11
2514,16,1806,9,412,18,1556,11
2514,16,1806,9,412,18,1568,11
2514,16,1806,9,412,18,1599,11
2514,16,1806,9,412,18,1747,11
2514,16,1806,9,412,18,1773,11
2514,16,1806,9,412,18,1799,11
2514,16,1806,9,412,18,1818,11
2514,16,1806,9,412,18,1873,11
2514,16,1806,9,412,18,1940,11
2514,16,1806,9,412,18,1956,11
2514,16,1806,9,412,18,1997,11
2514,16,1806,9,412,18,2068,11
2514,16,1806,9,412,18,2079,11
2514,16,1806,9,412,18,2123,11
2514,16,1806,9,412,18,2196,11
2514,16,1806,9,412,18,2206,11
2514,16,1806,9,412,18,2216,11
2514,16,1806,9,412,18,2244,11
2514,16,1806,9,412,18,2259,11
2514,16,1806,9,412,18,2261,11
2514,16,1806,9,412,18,2289,11
2514,16,1806,9,412,18,2359,11
2514,16,1806,9,412,18,2370,11
2514,16,1806,9,412,18,2405,11
2514,16,1806,9,828,17,45,11
2514,16,1806,9,828,17,159,11
2514,16,1806,9,828,17,272,11
2514,16,1806,9,828,17,338,11
2514,16,1806,9,828,17,390,11
2514,16,1806,9,828,17,457,11
2514,16,1806,9,828,17,463,11
2514,16,1806,9,828,17,620,11
2514,16,1806,9,828,17,700,11
2514,16,1806,9,828,17,742,11
2514,16,1806,9,828,17,758,11
2514,16,1806,9,828,17,879,11
2514,16,1806,9,828,17,927,11
2514,16,1806,9,828,17,979,11
2514,16,1806,9,828,17,1003,11
2514,16,1806,9,828,17,1044,11
2514,16,1806,9,828,17,1068,11
2514,16,1806,9,828,17,1153,11
2514,16,1806,9,828,17,1186,11
2514,16,1806,9,828,17,1194,11
2514,16,1806,9,828,17,1259,11
2514,16,1806,9,828,17,1260,11
2514,16,1806,9,828,17,1312,11
2514,16,1806,9,828,17,1388,11
2514,16,1806,9,828,17,1391,11
2514,16,1806,9,828,17,1422,11
2514,16,1806,9,828,17,1556,11
2514,16,1806,9,828,17,1568,11
2514,16,1806,9,828,17,1599,11
2514,16,1806,9,828,17,1747,11
2514,16,1806,9,828,17,1773,11
2514,16,1806,9,828,17,1799,11
2514,16,1806,9,828,17,1818,11
2514,16,1806,9,828,17,1873,11
2514,16,1806,9,828,17,1940,11
2514,16,1806,9,828,17,1956,11
2514,16,1806,9,828,17,1997,11
2514,16,1806,9,828,17,2068,11
2514,16,1806,9,828,17,2079,11
2514,16,1806,9,828,17,2123,11
2514,16,1806,9,828,17,2196,11
2514,16,1806,9,828,17,2206,11
2514,16,1806,9,828,17,2216,11
2514,16,1806,9,828,17,2244,11
2514,16,1806,9,828,17,2259,11
2514,16,1806,9,828,17,2261,11
2514,16,1806,9,828,17,2289,11
2514,16,1806,9,828,17,2359,11
2514,16,1806,9,828,17,2370,11
2514,16,1806,9,828,17,2405,11
2514,16,1806,9,877,50,45,11
2514,16,1806,9,877,50,159,11
2514,16,1806,9,877,50,272,11
2514,16,1806,9,877,50,338,11
2514,16,1806,9,877,50,390,11
2514,16,1806,9,877,50,457,11
2514,16,1806,9,877,50,463,11
2514,16,1806,9,877,50,620,11
2514,16,1806,9,877,50,700,11
2514,16,1806,9,877,50,742,11
2514,16,1806,9,877,50,758,11
2514,16,1806,9,877,50,879,11
2514,16,1806,9,877,50,927,11
2514,16,1806,9,877,50,979,11
2514,16,1806,9,877,50,1003,11
2514,16,1806,9,877,50,1044,11
2514,16,1806,9,877,50,1068,11
2514,16,1806,9,877,50,1153,11
2514,16,1806,9,877,50,1186,11
2514,16,1806,9,877,50,1194,11
2514,16,1806,9,877,50,1259,11
2514,16,1806,9,877,50,1260,11
2514,16,1806,9,877,50,1312,11
2514,16,1806,9,877,50,1388,11
2514,16,1806,9,877,50,1391,11
2514,16,1806,9,877,50,1422,11
2514,16,1806,9,877,50,1556,11
2514,16,1806,9,877,50,1568,11
2514,16,1806,9,877,50,1599,11
2514,16,1806,9,877,50,1747,11
2514,16,1806,9,877,50,1773,11
2514,16,1806,9,877,50,1799,11
2514,16,1806,9,877,50,1818,11
2514,16,1806,9,877,50,1873,11
2514,16,1806,9,877,50,1940,11
2514,16,1806,9,877,50,1956,11
2514,16,1806,9,877,50,1997,11
2514,16,1806,9,877,50,2068,11
2514,16,1806,9,877,50,2079,11
2514,16,1806,9,877,50,2123,11
2514,16,1806,9,877,50,2196,11
2514,16,1806,9,877,50,2206,11
2514,16,1806,9,877,50,2216,11
2514,16,1806,9,877,50,2244,11
2514,16,1806,9,877,50,2259,11
2514,16,1806,9,877,50,2261,11
2514,16,1806,9,877,50,2289,11
2514,16,1806,9,877,50,2359,11
2514,16,1806,9,877,50,2370,11
2514,16,1806,9,877,50,2405,11
2514,16,1806,9,969,29,45,11
2514,16,1806,9,969,29,159,11
2514,16,1806,9,969,29,272,11
2514,16,1806,9,969,29,338,11
2514,16,1806,9,969,29,390,11
2514,16,1806,9,969,29,457,11
2514,16,1806,9,969,29,463,11
2514,16,1806,9,969,29,620,11
2514,16,1806,9,969,29,700,11
2514,16,1806,9,969,29,742,11
2514,16,1806,9,969,29,758,11
2514,16,1806,9,969,29,879,11
2514,16,1806,9,969,29,927,11
2514,16,1806,9,969,29,979,11
2514,16,1806,9,969,29,1003,11
2514,16,1806,9,969,29,1044,11
2514,16,1806,9,969,29,1068,11
2514,16,1806,9,969,29,1153,11
2514,16,1806,9,969,29,1186,11
2514,16,1806,9,969,29,1194,11
2514,16,1806,9,969,29,1259,11
2514,16,1806,9,969,29,1260,11
2514,16,1806,9,969,29,1312,11
2514,16,1806,9,969,29,1388,11
2514,16,1806,9,969,29,1391,11
2514,16,1806,9,969,29,1422,11
2514,16,1806,9,969,29,1556,11
2514,16,1806,9,969,29,1568,11
2514,16,1806,9,969,29,1599,11
2514,16,1806,9,969,29,1747,11
2514,16,1806,9,969,29,1773,11
2514,16,1806,9,969,29,1799,11
2514,16,1806,9,969,29,1818,11
2514,16,1806,9,969,29,1873,11
2514,16,1806,9,969,29,1940,11
2514,16,1806,9,969,29,1956,11
2514,16,1806,9,969,29,1997,11
2514,16,1806,9,969,29,2068,11
2514,16,1806,9,969,29,2079,11
2514,16,1806,9,969,29,2123,11
2514,16,1806,9,969,29,2196,11
2514,16,1806,9,969,29,2206,11
2514,16,1806,9,969,29,2216,11
2514,16,1806,9,969,29,2244,11
2514,16,1806,9,969,29,2259,11
2514,16,1806,9,969,29,2261,11
2514,16,1806,9,969,29,2289,11
2514,16,1806,9,969,29,2359,11
2514,16,1806,9,969,29,2370,11
2514,16,1806,9,969,29,2405,11
2514,16,1806,9,1355,44,45,11
2514,16,1806,9,1355,44,159,11
2514,16,1806,9,1355,44,272,11
2514,16,1806,9,1355,44,338,11
2514,16,1806,9,1355,44,390,11
2514,16,1806,9,1355,44,457,11
2514,16,1806,9,1355,44,463,11
2514,16,1806,9,1355,44,620,11
2514,16,1806,9,1355,44,700,11
2514,16,1806,9,1355,44,742,11
2514,16,1806,9,1355,44,758,11
2514,16,1806,9,1355,44,879,11
2514,16,1806,9,1355,44,927,11
2514,16,1806,9,1355,44,979,11
2514,16,1806,9,1355,44,1003,11
2514,16,1806,9,1355,44,1044,11
2514,16,1806,9,1355,44,1068,11
2514,16,1806,9,1355,44,1153,11
2514,16,1806,9,1355,44,1186,11
2514,16,1806,9,1355,44,1194,11
2514,16,1806,9,1355,44,1259,11
2514,16,1806,9,1355,44,1260,11
2514,16,1806,9,1355,44,1312,11
2514,16,1806,9,1355,44,1388,11
2514,16,1806,9,1355,44,1391,11
2514,16,1806,9,1355,44,1422,11
2514,16,1806,9,1355,44,1556,11
2514,16,1806,9,1355,44,1568,11
2514,16,1806,9,1355,44,1599,11
2514,16,1806,9,1355,44,1747,11
2514,16,1806,9,1355,44,1773,11
2514,16,1806,9,1355,44,1799,11
2514,16,1806,9,1355,44,1818,11
2514,16,1806,9,1355,44,1873,11
2514,16,1806,9,1355,44,1940,11
2514,16,1806,9,1355,44,1956,11
2514,16,1806,9,1355,44,1997,11
2514,16,1806,9,1355,44,2068,11
2514,16,1806,9,1355,44,2079,11
2514,16,1806,9,1355,44,2123,11
2514,16,1806,9,1355,44,2196,11
2514,16,1806,9,1355,44,2206,11
2514,16,1806,9,1355,44,2216,11
2514,16,1806,9,1355,44,2244,11
2514,16,1806,9,1355,44,2259,11
2514,16,1806,9,1355,44,2261,11
2514,16,1806,9,1355,44,2289,11
2514,16,1806,9,1355,44,2359,11
2514,16,1806,9,1355,44,2370,11
2514,16,1806,9,1355,44,2405,11
2514,16,1806,9,1398,31,45,11
2514,16,1806,9,1398,31,159,11
2514,16,1806,9,1398,31,272,11
2514,16,1806,9,1398,31,338,11
2514,16,1806,9,1398,31,390,11
2514,16,1806,9,1398,31,457,11
2514,16,1806,9,1398,31,463,11
2514,16,1806,9,1398,31,620,11
2514,16,1806,9,1398,31,700,11
2514,16,1806,9,1398,31,742,11
2514,16,1806,9,1398,31,758,11
2514,16,1806,9,1398,31,879,11
2514,16,1806,9,1398,31,927,11
2514,16,1806,9,1398,31,979,11
2514,16,1806,9,1398,31,1003,11
2514,16,1806,9,1398,31,1044,11
2514,16,1806,9,1398,31,1068,11
2514,16,1806,9,1398,31,1153,11
2514,16,1806,9,1398,31,1186,11
2514,16,1806,9,1398,31,1194,11
2514,16,1806,9,1398,31,1259,11
2514,16,1806,9,1398,31,1260,11
2514,16,1806,9,1398,31,1312,11
2514,16,1806,9,1398,31,1388,11
2514,16,1806,9,1398,31,1391,11
2514,16,1806,9,1398,31,1422,11
2514,16,1806,9,1398,31,1556,11
2514,16,1806,9,1398,31,1568,11
2514,16,1806,9,1398,31,1599,11
2514,16,1806,9,1398,31,1747,11
2514,16,1806,9,1398,31,1773,11
2514,16,1806,9,1398,31,1799,11
2514,16,1806,9,1398,31,1818,11
2514,16,1806,9,1398,31,1873,11
2514,16,1806,9,1398,31,1940,11
2514,16,1806,9,1398,31,1956,11
2514,16,1806,9,1398,31,1997,11
2514,16,1806,9,1398,31,2068,11
2514,16,1806,9,1398,31,2079,11
2514,16,1806,9,1398,31,2123,11
2514,16,1806,9,1398,31,2196,11
2514,16,1806,9,1398,31,2206,11
2514,16,1806,9,1398,31,2216,11
2514,16,1806,9,1398,31,2244,11
2514,16,1806,9,1398,31,2259,11
2514,16,1806,9,1398,31,2261,11
2514,16,1806,9,1398,31,2289,11
2514,16,1806,9,1398,31,2359,11
2514,16,1806,9,1398,31,2370,11
2514,16,1806,9,1398,31,2405,11
2514,16,1806,9,1413,28,45,11
2514,16,1806,9,1413,28,159,11
2514,16,1806,9,1413,28,272,11
2514,16,1806,9,1413,28,338,11
2514,16,1806,9,1413,28,390,11
2514,16,1806,9,1413,28,457,11
2514,16,1806,9,1413,28,463,11
2514,16,1806,9,1413,28,620,11
2514,16,1806,9,1413,28,700,11
2514,16,1806,9,1413,28,742,11
2514,16,1806,9,1413,28,758,11
2514,16,1806,9,1413,28,879,11
2514,16,1806,9,1413,28,927,11
2514,16,1806,9,1413,28,979,11
2514,16,1806,9,1413,28,1003,11
2514,16,1806,9,1413,28,1044,11
2514,16,1806,9,1413,28,1068,11
2514,16,1806,9,1413,28,1153,11
2514,16,1806,9,1413,28,1186,11
2514,16,1806,9,1413,28,1194,11
2514,16,1806,9,1413,28,1259,11
2514,16,1806,9,1413,28,1260,11
2514,16,1806,9,1413,28,1312,11
2514,16,1806,9,1413,28,1388,11
2514,16,1806,9,1413,28,1391,11
2514,16,1806,9,1413,28,1422,11
2514,16,1806,9,1413,28,1556,11
2514,16,1806,9,1413,28,1568,11
2514,16,1806,9,1413,28,1599,11
2514,16,1806,9,1413,28,1747,11
2514,16,1806,9,1413,28,1773,11
2514,16,1806,9,1413,28,1799,11
2514,16,1806,9,1413,28,1818,11
2514,16,1806,9,1413,28,1873,11
2514,16,1806,9,1413,28,1940,11
2514,16,1806,9,1413,28,1956,11
2514,16,1806,9,1413,28,1997,11
2514,16,1806,9,1413,28,2068,11
2514,16,1806,9,1413,28,2079,11
2514,16,1806,9,1413,28,2123,11
2514,16,1806,9,1413,28,2196,11
2514,16,1806,9,1413,28,2206,11
2514,16,1806,9,1413,28,2216,11
2514,16,1806,9,1413,28,2244,11
2514,16,1806,9,1413,28,2259,11
2514,16,1806,9,1413,28,2261,11
2514,16,1806,9,1413,28,2289,11
2514,16,1806,9,1413,28,2359,11
2514,16,1806,9,1413,28,2370,11
2514,16,1806,9,1413,28,2405,11
2514,16,1806,9,1669,9,45,11
2514,16,1806,9,1669,9,159,11
2514,16,1806,9,1669,9,272,11
2514,16,1806,9,1669,9,338,11
2514,16,1806,9,1669,9,390,11
2514,16,1806,9,1669,9,457,11
2514,16,1806,9,1669,9,463,11
2514,16,1806,9,1669,9,620,11
2514,16,1806,9,1669,9,700,11
2514,16,1806,9,1669,9,742,11
2514,16,1806,9,1669,9,758,11
2514,16,1806,9,1669,9,879,11
2514,16,1806,9,1669,9,927,11
2514,16,1806,9,1669,9,979,11
2514,16,1806,9,1669,9,1003,11
2514,16,1806,9,1669,9,1044,11
2514,16,1806,9,1669,9,1068,11
2514,16,1806,9,1669,9,1153,11
2514,16,1806,9,1669,9,1186,11
2514,16,1806,9,1669,9,1194,11
2514,16,1806,9,1669,9,1259,11
2514,16,1806,9,1669,9,1260,11
2514,16,1806,9,1669,9,1312,11
2514,16,1806,9,1669,9,1388,11
2514,16,1806,9,1669,9,1391,11
2514,16,1806,9,1669,9,1422,11
2514,16,1806,9,1669,9,1556,11
2514,16,1806,9,1669,9,1568,11
2514,16,1806,9,1669,9,1599,11
2514,16,1806,9,1669,9,1747,11
2514,16,1806,9,1669,9,1773,11
2514,16,1806,9,1669,9,1799,11
2514,16,1806,9,1669,9,1818,11
2514,16,1806,9,1669,9,1873,11
2514,16,1806,9,1669,9,1940,11
2514,16,1806,9,1669,9,1956,11
2514,16,1806,9,1669,9,1997,11
2514,16,1806,9,1669,9,2068,11
2514,16,1806,9,1669,9,2079,11
2514,16,1806,9,1669,9,2123,11
2514,16,1806,9,1669,9,2196,11
2514,16,1806,9,1669,9,2206,11
2514,16,1806,9,1669,9,2216,11
2514,16,1806,9,1669,9,2244,11
2514,16,1806,9,1669,9,2259,11
2514,16,1806,9,1669,9,2261,11
2514,16,1806,9,1669,9,2289,11
2514,16,1806,9,1669,9,2359,11
2514,16,1806,9,1669,9,2370,11
2514,16,1806,9,1669,9,2405,11
2514,16,1806,9,1798,20,45,11
2514,16,1806,9,1798,20,159,11
2514,16,1806,9,1798,20,272,11
2514,16,1806,9,1798,20,338,11
2514,16,1806,9,1798,20,390,11
2514,16,1806,9,1798,20,457,11
2514,16,1806,9,1798,20,463,11
2514,16,1806,9,1798,20,620,11
2514,16,1806,9,1798,20,700,11
2514,16,1806,9,1798,20,742,11
2514,16,1806,9,1798,20,758,11
2514,16,1806,9,1798,20,879,11
2514,16,1806,9,1798,20,927,11
2514,16,1806,9,1798,20,979,11
2514,16,1806,9,1798,20,1003,11
2514,16,1806,9,1798,20,1044,11
2514,16,1806,9,1798,20,1068,11
2514,16,1806,9,1798,20,1153,11
2514,16,1806,9,1798,20,1186,11
2514,16,1806,9,1798,20,1194,11
2514,16,1806,9,1798,20,1259,11
2514,16,1806,9,1798,20,1260,11
2514,16,1806,9,1798,20,1312,11
2514,16,1806,9,1798,20,1388,11
2514,16,1806,9,1798,20,1391,11
2514,16,1806,9,1798,20,1422,11
2514,16,1806,9,1798,20,1556,11
2514,16,1806,9,1798,20,1568,11
2514,16,1806,9,1798,20,1599,11
2514,16,1806,9,1798,20,1747,11
2514,16,1806,9,1798,20,1773,11
2514,16,1806,9,1798,20,1799,11
2514,16,1806,9,1798,20,1818,11
2514,16,1806,9,1798,20,1873,11
2514,16,1806,9,1798,20,1940,11
2514,16,1806,9,1798,20,1956,11
2514,16,1806,9,1798,20,1997,11
2514,16,1806,9,1798,20,2068,11
2514,16,1806,9,1798,20,2079,11
2514,16,1806,9,1798,20,2123,11
2514,16,1806,9,1798,20,2196,11
2514,16,1806,9,1798,20,2206,11
2514,16,1806,9,1798,20,2216,11
2514,16,1806,9,1798,20,2244,11
2514,16,1806,9,1798,20,2259,11
2514,16,1806,9,1798,20,2261,11
2514,16,1806,9,1798,20,2289,11
2514,16,1806,9,1798,20,2359,11
2514,16,1806,9,1798,20,2370,11
2514,16,1806,9,1798,20,2405,11
2514,16,1806,9,1854,25,45,11
2514,16,1806,9,1854,25,159,11
2514,16,1806,9,1854,25,272,11
2514,16,1806,9,1854,25,338,11
2514,16,1806,9,1854,25,390,11
2514,16,1806,9,1854,25,457,11
2514,16,1806,9,1854,25,463,11
2514,16,1806,9,1854,25,620,11
2514,16,1806,9,1854,25,700,11
2514,16,1806,9,1854,25,742,11
2514,16,1806,9,1854,25,758,11
2514,16,1806,9,1854,25,879,11
2514,16,1806,9,1854,25,927,11
2514,16,1806,9,1854,25,979,11
2514,16,1806,9,1854,25,1003,11
2514,16,1806,9,1854,25,1044,11
2514,16,1806,9,1854,25,1068,11
2514,16,1806,9,1854,25,1153,11
2514,16,1806,9,1854,25,1186,11
2514,16,1806,9,1854,25,1194,11
2514,16,1806,9,1854,25,1259,11
2514,16,1806,9,1854,25,1260,11
2514,16,1806,9,1854,25,1312,11
2514,16,1806,9,1854,25,1388,11
2514,16,1806,9,1854,25,1391,11
2514,16,1806,9,1854,25,1422,11
2514,16,1806,9,1854,25,1556,11
2514,16,1806,9,1854,25,1568,11
2514,16,1806,9,1854,25,1599,11
2514,16,1806,9,1854,25,1747,11
2514,16,1806,9,1854,25,1773,11
2514,16,1806,9,1854,25,1799,11
2514,16,1806,9,1854,25,1818,11
2514,16,1806,9,1854,25,1873,11
2514,16,1806,9,1854,25,1940,11
2514,16,1806,9,1854,25,1956,11
2514,16,1806,9,1854,25,1997,11
2514,16,1806,9,1854,25,2068,11
2514,16,1806,9,1854,25,2079,11
2514,16,1806,9,1854,25,2123,11
2514,16,1806,9,1854,25,2196,11
2514,16,1806,9,1854,25,2206,11
2514,16,1806,9,1854,25,2216,11
2514,16,1806,9,1854,25,2244,11
2514,16,1806,9,1854,25,2259,11
2514,16,1806,9,1854,25,2261,11
2514,16,1806,9,1854,25,2289,11
2514,16,1806,9,1854,25,2359,11
2514,16,1806,9,1854,25,2370,11
2514,16,1806,9,1854,25,2405,11
2514,16,1806,9,1866,11,45,11
2514,16,1806,9,1866,11,159,11
2514,16,1806,9,1866,11,272,11
2514,16,1806,9,1866,11,338,11
2514,16,1806,9,1866,11,390,11
2514,16,1806,9,1866,11,457,11
2514,16,1806,9,1866,11,463,11
2514,16,1806,9,1866,11,620,11
2514,16,1806,9,1866,11,700,11
2514,16,1806,9,1866,11,742,11
2514,16,1806,9,1866,11,758,11
2514,16,1806,9,1866,11,879,11
2514,16,1806,9,1866,11,927,11
2514,16,1806,9,1866,11,979,11
2514,16,1806,9,1866,11,1003,11
2514,16,1806,9,1866,11,1044,11
2514,16,1806,9,1866,11,1068,11
2514,16,1806,9,1866,11,1153,11
2514,16,1806,9,1866,11,1186,11
2514,16,1806,9,1866,11,1194,11
2514,16,1806,9,1866,11,1259,11
2514,16,1806,9,1866,11,1260,11
2514,16,1806,9,1866,11,1312,11
2514,16,1806,9,1866,11,1388,11
2514,16,1806,9,1866,11,1391,11
2514,16,1806,9,1866,11,1422,11
2514,16,1806,9,1866,11,1556,11
2514,16,1806,9,1866,11,1568,11
2514,16,1806,9,1866,11,1599,11
2514,16,1806,9,1866,11,1747,11
2514,16,1806,9,1866,11,1773,11
2514,16,1806,9,1866,11,1799,11
2514,16,1806,9,1866,11,1818,11
2514,16,1806,9,1866,11,1873,11
2514,16,1806,9,1866,11,1940,11
2514,16,1806,9,1866,11,1956,11
2514,16,1806,9,1866,11,1997,11
2514,16,1806,9,1866,11,2068,11
2514,16,1806,9,1866,11,2079,11
2514,16,1806,9,1866,11,2123,11
2514,16,1806,9,1866,11,2196,11
2514,16,1806,9,1866,11,2206,11
2514,16,1806,9,1866,11,2216,11
2514,16,1806,9,1866,11,2244,11
2514,16,1806,9,1866,11,2259,11
2514,16,1806,9,1866,11,2261,11
2514,16,1806,9,1866,11,2289,11
2514,16,1806,9,1866,11,2359,11
2514,16,1806,9,1866,11,2370,11
2514,16,1806,9,1866,11,2405,11
