2514,16,1833,14,2,13,45,11
2514,16,1833,14,2,13,159,11
2514,16,1833,14,2,13,272,11
2514,16,1833,14,2,13,338,11
2514,16,1833,14,2,13,390,11
2514,16,1833,14,2,13,457,11
2514,16,1833,14,2,13,463,11
2514,16,1833,14,2,13,620,11
2514,16,1833,14,2,13,700,11
2514,16,1833,14,2,13,742,11
2514,16,1833,14,2,13,758,11
2514,16,1833,14,2,13,879,11
2514,16,1833,14,2,13,927,11
2514,16,1833,14,2,13,979,11
2514,16,1833,14,2,13,1003,11
2514,16,1833,14,2,13,1044,11
2514,16,1833,14,2,13,1068,11
2514,16,1833,14,2,13,1153,11
2514,16,1833,14,2,13,1186,11
2514,16,1833,14,2,13,1194,11
2514,16,1833,14,2,13,1259,11
2514,16,1833,14,2,13,1260,11
2514,16,1833,14,2,13,1312,11
2514,16,1833,14,2,13,1388,11
2514,16,1833,14,2,13,1391,11
2514,16,1833,14,2,13,1422,11
2514,16,1833,14,2,13,1556,11
2514,16,1833,14,2,13,1568,11
2514,16,1833,14,2,13,1599,11
2514,16,1833,14,2,13,1747,11
2514,16,1833,14,2,13,1773,11
2514,16,1833,14,2,13,1799,11
2514,16,1833,14,2,13,1818,11
2514,16,1833,14,2,13,1873,11
2514,16,1833,14,2,13,1940,11
2514,16,1833,14,2,13,1956,11
2514,16,1833,14,2,13,1997,11
2514,16,1833,14,2,13,2068,11
2514,16,1833,14,2,13,2079,11
2514,16,1833,14,2,13,2123,11
2514,16,1833,14,2,13,2196,11
2514,16,1833,14,2,13,2206,11
2514,16,1833,14,2,13,2216,11
2514,16,1833,14,2,13,2244,11
2514,16,1833,14,2,13,2259,11
2514,16,1833,14,2,13,2261,11
2514,16,1833,14,2,13,2289,11
2514,16,1833,14,2,13,2359,11
2514,16,1833,14,2,13,2370,11
2514,16,1833,14,2,13,2405,11
2514,16,1833,14,19,23,45,11
2514,16,1833,14,19,23,159,11
2514,16,1833,14,19,23,272,11
2514,16,1833,14,19,23,338,11
2514,16,1833,14,19,23,390,11
2514,16,1833,14,19,23,457,11
2514,16,1833,14,19,23,463,11
2514,16,1833,14,19,23,620,11
2514,16,1833,14,19,23,700,11
2514,16,1833,14,19,23,742,11
2514,16,1833,14,19,23,758,11
2514,16,1833,14,19,23,879,11
2514,16,1833,14,19,23,927,11
2514,16,1833,14,19,23,979,11
2514,16,1833,14,19,23,1003,11
2514,16,1833,14,19,23,1044,11
2514,16,1833,14,19,23,1068,11
2514,16,1833,14,19,23,1153,11
2514,16,1833,14,19,23,1186,11
2514,16,1833,14,19,23,1194,11
2514,16,1833,14,19,23,1259,11
2514,16,1833,14,19,23,1260,11
2514,16,1833,14,19,23,1312,11
2514,16,1833,14,19,23,1388,11
2514,16,1833,14,19,23,1391,11
2514,16,1833,14,19,23,1422,11
2514,16,1833,14,19,23,1556,11
2514,16,1833,14,19,23,1568,11
2514,16,1833,14,19,23,1599,11
2514,16,1833,14,19,23,1747,11
2514,16,1833,14,19,23,1773,11
2514,16,1833,14,19,23,1799,11
2514,16,1833,14,19,23,1818,11
2514,16,1833,14,19,23,1873,11
2514,16,1833,14,19,23,1940,11
2514,16,1833,14,19,23,1956,11
2514,16,1833,14,19,23,1997,11
2514,16,1833,14,19,23,2068,11
2514,16,1833,14,19,23,2079,11
2514,16,1833,14,19,23,2123,11
2514,16,1833,14,19,23,2196,11
2514,16,1833,14,19,23,2206,11
2514,16,1833,14,19,23,2216,11
2514,16,1833,14,19,23,2244,11
2514,16,1833,14,19,23,2259,11
2514,16,1833,14,19,23,2261,11
2514,16,1833,14,19,23,2289,11
2514,16,1833,14,19,23,2359,11
2514,16,1833,14,19,23,2370,11
2514,16,1833,14,19,23,2405,11
2514,16,1833,14,327,13,45,11
2514,16,1833,14,327,13,390,11
2514,16,1833,14,327,13,620,11
2514,16,1833,14,327,13,979,11
2514,16,1833,14,327,13,1799,11
2514,16,1833,14,327,13,1956,11
2514,16,1833,14,327,13,2206,11
2514,16,1833,14,327,13,2244,11
2514,16,1833,14,327,13,2261,11
2514,16,1833,14,327,13,2359,11
2514,16,1833,14,404,48,45,11
2514,16,1833,14,404,48,159,11
2514,16,1833,14,404,48,272,11
2514,16,1833,14,404,48,338,11
2514,16,1833,14,404,48,390,11
2514,16,1833,14,404,48,457,11
2514,16,1833,14,404,48,463,11
2514,16,1833,14,404,48,620,11
2514,16,1833,14,404,48,700,11
2514,16,1833,14,404,48,742,11
2514,16,1833,14,404,48,758,11
2514,16,1833,14,404,48,879,11
2514,16,1833,14,404,48,927,11
2514,16,1833,14,404,48,979,11
2514,16,1833,14,404,48,1003,11
2514,16,1833,14,404,48,1044,11
2514,16,1833,14,404,48,1068,11
2514,16,1833,14,404,48,1153,11
2514,16,1833,14,404,48,1186,11
2514,16,1833,14,404,48,1194,11
2514,16,1833,14,404,48,1259,11
2514,16,1833,14,404,48,1260,11
2514,16,1833,14,404,48,1312,11
2514,16,1833,14,404,48,1388,11
2514,16,1833,14,404,48,1391,11
2514,16,1833,14,404,48,1422,11
2514,16,1833,14,404,48,1556,11
2514,16,1833,14,404,48,1568,11
2514,16,1833,14,404,48,1599,11
2514,16,1833,14,404,48,1747,11
2514,16,1833,14,404,48,1773,11
2514,16,1833,14,404,48,1799,11
2514,16,1833,14,404,48,1818,11
2514,16,1833,14,404,48,1873,11
2514,16,1833,14,404,48,1940,11
2514,16,1833,14,404,48,1956,11
2514,16,1833,14,404,48,1997,11
2514,16,1833,14,404,48,2068,11
2514,16,1833,14,404,48,2079,11
2514,16,1833,14,404,48,2123,11
2514,16,1833,14,404,48,2196,11
2514,16,1833,14,404,48,2206,11
2514,16,1833,14,404,48,2216,11
2514,16,1833,14,404,48,2244,11
2514,16,1833,14,404,48,2259,11
2514,16,1833,14,404,48,2261,11
2514,16,1833,14,404,48,2289,11
2514,16,1833,14,404,48,2359,11
2514,16,1833,14,404,48,2370,11
2514,16,1833,14,404,48,2405,11
2514,16,1833,14,415,32,45,11
2514,16,1833,14,415,32,159,11
2514,16,1833,14,415,32,272,11
2514,16,1833,14,415,32,338,11
2514,16,1833,14,415,32,390,11
2514,16,1833,14,415,32,457,11
2514,16,1833,14,415,32,463,11
2514,16,1833,14,415,32,620,11
2514,16,1833,14,415,32,700,11
2514,16,1833,14,415,32,742,11
2514,16,1833,14,415,32,758,11
2514,16,1833,14,415,32,879,11
2514,16,1833,14,415,32,927,11
2514,16,1833,14,415,32,979,11
2514,16,1833,14,415,32,1003,11
2514,16,1833,14,415,32,1044,11
2514,16,1833,14,415,32,1068,11
2514,16,1833,14,415,32,1153,11
2514,16,1833,14,415,32,1186,11
2514,16,1833,14,415,32,1194,11
2514,16,1833,14,415,32,1259,11
2514,16,1833,14,415,32,1260,11
2514,16,1833,14,415,32,1312,11
2514,16,1833,14,415,32,1388,11
2514,16,1833,14,415,32,1391,11
2514,16,1833,14,415,32,1422,11
2514,16,1833,14,415,32,1556,11
2514,16,1833,14,415,32,1568,11
2514,16,1833,14,415,32,1599,11
2514,16,1833,14,415,32,1747,11
2514,16,1833,14,415,32,1773,11
2514,16,1833,14,415,32,1799,11
2514,16,1833,14,415,32,1818,11
2514,16,1833,14,415,32,1873,11
2514,16,1833,14,415,32,1940,11
2514,16,1833,14,415,32,1956,11
2514,16,1833,14,415,32,1997,11
2514,16,1833,14,415,32,2068,11
2514,16,1833,14,415,32,2079,11
2514,16,1833,14,415,32,2123,11
2514,16,1833,14,415,32,2196,11
2514,16,1833,14,415,32,2206,11
2514,16,1833,14,415,32,2216,11
2514,16,1833,14,415,32,2244,11
2514,16,1833,14,415,32,2259,11
2514,16,1833,14,415,32,2261,11
2514,16,1833,14,415,32,2289,11
2514,16,1833,14,415,32,2359,11
2514,16,1833,14,415,32,2370,11
2514,16,1833,14,415,32,2405,11
2514,16,1833,14,608,17,45,11
2514,16,1833,14,608,17,159,11
2514,16,1833,14,608,17,272,11
2514,16,1833,14,608,17,338,11
2514,16,1833,14,608,17,390,11
2514,16,1833,14,608,17,457,11
2514,16,1833,14,608,17,463,11
2514,16,1833,14,608,17,620,11
2514,16,1833,14,608,17,700,11
2514,16,1833,14,608,17,742,11
2514,16,1833,14,608,17,758,11
2514,16,1833,14,608,17,879,11
2514,16,1833,14,608,17,927,11
2514,16,1833,14,608,17,979,11
2514,16,1833,14,608,17,1003,11
2514,16,1833,14,608,17,1044,11
2514,16,1833,14,608,17,1068,11
2514,16,1833,14,608,17,1153,11
2514,16,1833,14,608,17,1186,11
2514,16,1833,14,608,17,1194,11
2514,16,1833,14,608,17,1259,11
2514,16,1833,14,608,17,1260,11
2514,16,1833,14,608,17,1312,11
2514,16,1833,14,608,17,1388,11
2514,16,1833,14,608,17,1391,11
2514,16,1833,14,608,17,1422,11
2514,16,1833,14,608,17,1556,11
2514,16,1833,14,608,17,1568,11
2514,16,1833,14,608,17,1599,11
2514,16,1833,14,608,17,1747,11
2514,16,1833,14,608,17,1773,11
2514,16,1833,14,608,17,1799,11
2514,16,1833,14,608,17,1818,11
2514,16,1833,14,608,17,1873,11
2514,16,1833,14,608,17,1940,11
2514,16,1833,14,608,17,1956,11
2514,16,1833,14,608,17,1997,11
2514,16,1833,14,608,17,2068,11
2514,16,1833,14,608,17,2079,11
2514,16,1833,14,608,17,2123,11
2514,16,1833,14,608,17,2196,11
2514,16,1833,14,608,17,2206,11
2514,16,1833,14,608,17,2216,11
2514,16,1833,14,608,17,2244,11
2514,16,1833,14,608,17,2259,11
2514,16,1833,14,608,17,2261,11
2514,16,1833,14,608,17,2289,11
2514,16,1833,14,608,17,2359,11
2514,16,1833,14,608,17,2370,11
2514,16,1833,14,608,17,2405,11
2514,16,1833,14,778,37,45,11
2514,16,1833,14,778,37,159,11
2514,16,1833,14,778,37,272,11
2514,16,1833,14,778,37,338,11
2514,16,1833,14,778,37,390,11
2514,16,1833,14,778,37,457,11
2514,16,1833,14,778,37,463,11
2514,16,1833,14,778,37,620,11
2514,16,1833,14,778,37,700,11
2514,16,1833,14,778,37,742,11
2514,16,1833,14,778,37,758,11
2514,16,1833,14,778,37,879,11
2514,16,1833,14,778,37,927,11
2514,16,1833,14,778,37,979,11
2514,16,1833,14,778,37,1003,11
2514,16,1833,14,778,37,1044,11
2514,16,1833,14,778,37,1068,11
2514,16,1833,14,778,37,1153,11
2514,16,1833,14,778,37,1186,11
2514,16,1833,14,778,37,1194,11
2514,16,1833,14,778,37,1259,11
2514,16,1833,14,778,37,1260,11
2514,16,1833,14,778,37,1312,11
2514,16,1833,14,778,37,1388,11
2514,16,1833,14,778,37,1391,11
2514,16,1833,14,778,37,1422,11
2514,16,1833,14,778,37,1556,11
2514,16,1833,14,778,37,1568,11
2514,16,1833,14,778,37,1599,11
2514,16,1833,14,778,37,1747,11
2514,16,1833,14,778,37,1773,11
2514,16,1833,14,778,37,1799,11
2514,16,1833,14,778,37,1818,11
2514,16,1833,14,778,37,1873,11
2514,16,1833,14,778,37,1940,11
2514,16,1833,14,778,37,1956,11
2514,16,1833,14,778,37,1997,11
2514,16,1833,14,778,37,2068,11
2514,16,1833,14,778,37,2079,11
2514,16,1833,14,778,37,2123,11
2514,16,1833,14,778,37,2196,11
2514,16,1833,14,778,37,2206,11
2514,16,1833,14,778,37,2216,11
2514,16,1833,14,778,37,2244,11
2514,16,1833,14,778,37,2259,11
2514,16,1833,14,778,37,2261,11
2514,16,1833,14,778,37,2289,11
2514,16,1833,14,778,37,2359,11
2514,16,1833,14,778,37,2370,11
2514,16,1833,14,778,37,2405,11
2514,16,1833,14,840,35,45,11
2514,16,1833,14,840,35,159,11
2514,16,1833,14,840,35,272,11
2514,16,1833,14,840,35,338,11
2514,16,1833,14,840,35,390,11
2514,16,1833,14,840,35,457,11
2514,16,1833,14,840,35,463,11
2514,16,1833,14,840,35,620,11
2514,16,1833,14,840,35,700,11
2514,16,1833,14,840,35,742,11
2514,16,1833,14,840,35,758,11
2514,16,1833,14,840,35,879,11
2514,16,1833,14,840,35,927,11
2514,16,1833,14,840,35,979,11
2514,16,1833,14,840,35,1003,11
2514,16,1833,14,840,35,1044,11
2514,16,1833,14,840,35,1068,11
2514,16,1833,14,840,35,1153,11
2514,16,1833,14,840,35,1186,11
2514,16,1833,14,840,35,1194,11
2514,16,1833,14,840,35,1259,11
2514,16,1833,14,840,35,1260,11
2514,16,1833,14,840,35,1312,11
2514,16,1833,14,840,35,1388,11
2514,16,1833,14,840,35,1391,11
2514,16,1833,14,840,35,1422,11
2514,16,1833,14,840,35,1556,11
2514,16,1833,14,840,35,1568,11
2514,16,1833,14,840,35,1599,11
2514,16,1833,14,840,35,1747,11
2514,16,1833,14,840,35,1773,11
2514,16,1833,14,840,35,1799,11
2514,16,1833,14,840,35,1818,11
2514,16,1833,14,840,35,1873,11
2514,16,1833,14,840,35,1940,11
2514,16,1833,14,840,35,1956,11
2514,16,1833,14,840,35,1997,11
2514,16,1833,14,840,35,2068,11
2514,16,1833,14,840,35,2079,11
2514,16,1833,14,840,35,2123,11
2514,16,1833,14,840,35,2196,11
2514,16,1833,14,840,35,2206,11
2514,16,1833,14,840,35,2216,11
2514,16,1833,14,840,35,2244,11
2514,16,1833,14,840,35,2259,11
2514,16,1833,14,840,35,2261,11
2514,16,1833,14,840,35,2289,11
2514,16,1833,14,840,35,2359,11
2514,16,1833,14,840,35,2370,11
2514,16,1833,14,840,35,2405,11
2514,16,1833,14,965,28,45,11
2514,16,1833,14,965,28,159,11
2514,16,1833,14,965,28,272,11
2514,16,1833,14,965,28,338,11
2514,16,1833,14,965,28,390,11
2514,16,1833,14,965,28,457,11
2514,16,1833,14,965,28,463,11
2514,16,1833,14,965,28,620,11
2514,16,1833,14,965,28,700,11
2514,16,1833,14,965,28,742,11
2514,16,1833,14,965,28,758,11
2514,16,1833,14,965,28,879,11
2514,16,1833,14,965,28,927,11
2514,16,1833,14,965,28,979,11
2514,16,1833,14,965,28,1003,11
2514,16,1833,14,965,28,1044,11
2514,16,1833,14,965,28,1068,11
2514,16,1833,14,965,28,1153,11
2514,16,1833,14,965,28,1186,11
2514,16,1833,14,965,28,1194,11
2514,16,1833,14,965,28,1259,11
2514,16,1833,14,965,28,1260,11
2514,16,1833,14,965,28,1312,11
2514,16,1833,14,965,28,1388,11
2514,16,1833,14,965,28,1391,11
2514,16,1833,14,965,28,1422,11
2514,16,1833,14,965,28,1556,11
2514,16,1833,14,965,28,1568,11
2514,16,1833,14,965,28,1599,11
2514,16,1833,14,965,28,1747,11
2514,16,1833,14,965,28,1773,11
2514,16,1833,14,965,28,1799,11
2514,16,1833,14,965,28,1818,11
2514,16,1833,14,965,28,1873,11
2514,16,1833,14,965,28,1940,11
2514,16,1833,14,965,28,1956,11
2514,16,1833,14,965,28,1997,11
2514,16,1833,14,965,28,2068,11
2514,16,1833,14,965,28,2079,11
2514,16,1833,14,965,28,2123,11
2514,16,1833,14,965,28,2196,11
2514,16,1833,14,965,28,2206,11
2514,16,1833,14,965,28,2216,11
2514,16,1833,14,965,28,2244,11
2514,16,1833,14,965,28,2259,11
2514,16,1833,14,965,28,2261,11
2514,16,1833,14,965,28,2289,11
2514,16,1833,14,965,28,2359,11
2514,16,1833,14,965,28,2370,11
2514,16,1833,14,965,28,2405,11
2514,16,1833,14,1145,9,45,11
2514,16,1833,14,1145,9,159,11
2514,16,1833,14,1145,9,272,11
2514,16,1833,14,1145,9,338,11
2514,16,1833,14,1145,9,390,11
2514,16,1833,14,1145,9,457,11
2514,16,1833,14,1145,9,463,11
2514,16,1833,14,1145,9,620,11
2514,16,1833,14,1145,9,700,11
2514,16,1833,14,1145,9,742,11
2514,16,1833,14,1145,9,758,11
2514,16,1833,14,1145,9,879,11
2514,16,1833,14,1145,9,927,11
2514,16,1833,14,1145,9,979,11
2514,16,1833,14,1145,9,1003,11
2514,16,1833,14,1145,9,1044,11
2514,16,1833,14,1145,9,1068,11
2514,16,1833,14,1145,9,1153,11
2514,16,1833,14,1145,9,1186,11
2514,16,1833,14,1145,9,1194,11
2514,16,1833,14,1145,9,1259,11
2514,16,1833,14,1145,9,1260,11
2514,16,1833,14,1145,9,1312,11
2514,16,1833,14,1145,9,1388,11
2514,16,1833,14,1145,9,1391,11
2514,16,1833,14,1145,9,1422,11
2514,16,1833,14,1145,9,1556,11
2514,16,1833,14,1145,9,1568,11
2514,16,1833,14,1145,9,1599,11
2514,16,1833,14,1145,9,1747,11
2514,16,1833,14,1145,9,1773,11
2514,16,1833,14,1145,9,1799,11
2514,16,1833,14,1145,9,1818,11
2514,16,1833,14,1145,9,1873,11
2514,16,1833,14,1145,9,1940,11
2514,16,1833,14,1145,9,1956,11
2514,16,1833,14,1145,9,1997,11
2514,16,1833,14,1145,9,2068,11
2514,16,1833,14,1145,9,2079,11
2514,16,1833,14,1145,9,2123,11
2514,16,1833,14,1145,9,2196,11
2514,16,1833,14,1145,9,2206,11
2514,16,1833,14,1145,9,2216,11
2514,16,1833,14,1145,9,2244,11
2514,16,1833,14,1145,9,2259,11
2514,16,1833,14,1145,9,2261,11
2514,16,1833,14,1145,9,2289,11
2514,16,1833,14,1145,9,2359,11
2514,16,1833,14,1145,9,2370,11
2514,16,1833,14,1145,9,2405,11
2514,16,1833,14,1358,20,45,11
2514,16,1833,14,1358,20,159,11
2514,16,1833,14,1358,20,272,11
2514,16,1833,14,1358,20,338,11
2514,16,1833,14,1358,20,390,11
2514,16,1833,14,1358,20,457,11
2514,16,1833,14,1358,20,463,11
2514,16,1833,14,1358,20,620,11
2514,16,1833,14,1358,20,700,11
2514,16,1833,14,1358,20,742,11
2514,16,1833,14,1358,20,758,11
2514,16,1833,14,1358,20,879,11
2514,16,1833,14,1358,20,927,11
2514,16,1833,14,1358,20,979,11
2514,16,1833,14,1358,20,1003,11
2514,16,1833,14,1358,20,1044,11
2514,16,1833,14,1358,20,1068,11
2514,16,1833,14,1358,20,1153,11
2514,16,1833,14,1358,20,1186,11
2514,16,1833,14,1358,20,1194,11
2514,16,1833,14,1358,20,1259,11
2514,16,1833,14,1358,20,1260,11
2514,16,1833,14,1358,20,1312,11
2514,16,1833,14,1358,20,1388,11
2514,16,1833,14,1358,20,1391,11
2514,16,1833,14,1358,20,1422,11
2514,16,1833,14,1358,20,1556,11
2514,16,1833,14,1358,20,1568,11
2514,16,1833,14,1358,20,1599,11
2514,16,1833,14,1358,20,1747,11
2514,16,1833,14,1358,20,1773,11
2514,16,1833,14,1358,20,1799,11
2514,16,1833,14,1358,20,1818,11
2514,16,1833,14,1358,20,1873,11
2514,16,1833,14,1358,20,1940,11
2514,16,1833,14,1358,20,1956,11
2514,16,1833,14,1358,20,1997,11
2514,16,1833,14,1358,20,2068,11
2514,16,1833,14,1358,20,2079,11
2514,16,1833,14,1358,20,2123,11
2514,16,1833,14,1358,20,2196,11
2514,16,1833,14,1358,20,2206,11
2514,16,1833,14,1358,20,2216,11
2514,16,1833,14,1358,20,2244,11
2514,16,1833,14,1358,20,2259,11
2514,16,1833,14,1358,20,2261,11
2514,16,1833,14,1358,20,2289,11
2514,16,1833,14,1358,20,2359,11
2514,16,1833,14,1358,20,2370,11
2514,16,1833,14,1358,20,2405,11
2514,16,1833,14,1584,13,159,11
2514,16,1833,14,1584,13,272,11
2514,16,1833,14,1584,13,457,11
2514,16,1833,14,1584,13,463,11
2514,16,1833,14,1584,13,700,11
2514,16,1833,14,1584,13,879,11
2514,16,1833,14,1584,13,927,11
2514,16,1833,14,1584,13,1003,11
2514,16,1833,14,1584,13,1068,11
2514,16,1833,14,1584,13,1153,11
2514,16,1833,14,1584,13,1194,11
2514,16,1833,14,1584,13,1260,11
2514,16,1833,14,1584,13,1388,11
2514,16,1833,14,1584,13,1391,11
2514,16,1833,14,1584,13,1422,11
2514,16,1833,14,1584,13,1556,11
2514,16,1833,14,1584,13,1568,11
2514,16,1833,14,1584,13,1599,11
2514,16,1833,14,1584,13,1747,11
2514,16,1833,14,1584,13,1818,11
2514,16,1833,14,1584,13,1873,11
2514,16,1833,14,1584,13,1940,11
2514,16,1833,14,1584,13,2068,11
2514,16,1833,14,1584,13,2079,11
2514,16,1833,14,1584,13,2123,11
2514,16,1833,14,1584,13,2196,11
2514,16,1833,14,1584,13,2216,11
2514,16,1833,14,1584,13,2259,11
2514,16,1833,14,1584,13,2370,11
2514,16,1833,14,1584,13,2405,11
2514,16,1833,14,1831,38,45,11
2514,16,1833,14,1831,38,159,11
2514,16,1833,14,1831,38,272,11
2514,16,1833,14,1831,38,338,11
2514,16,1833,14,1831,38,390,11
2514,16,1833,14,1831,38,457,11
2514,16,1833,14,1831,38,463,11
2514,16,1833,14,1831,38,620,11
2514,16,1833,14,1831,38,700,11
2514,16,1833,14,1831,38,742,11
2514,16,1833,14,1831,38,758,11
2514,16,1833,14,1831,38,879,11
2514,16,1833,14,1831,38,927,11
2514,16,1833,14,1831,38,979,11
2514,16,1833,14,1831,38,1003,11
2514,16,1833,14,1831,38,1044,11
2514,16,1833,14,1831,38,1068,11
2514,16,1833,14,1831,38,1153,11
2514,16,1833,14,1831,38,1186,11
2514,16,1833,14,1831,38,1194,11
2514,16,1833,14,1831,38,1259,11
2514,16,1833,14,1831,38,1260,11
2514,16,1833,14,1831,38,1312,11
2514,16,1833,14,1831,38,1388,11
2514,16,1833,14,1831,38,1391,11
2514,16,1833,14,1831,38,1422,11
2514,16,1833,14,1831,38,1556,11
2514,16,1833,14,1831,38,1568,11
2514,16,1833,14,1831,38,1599,11
2514,16,1833,14,1831,38,1747,11
2514,16,1833,14,1831,38,1773,11
2514,16,1833,14,1831,38,1799,11
2514,16,1833,14,1831,38,1818,11
2514,16,1833,14,1831,38,1873,11
2514,16,1833,14,1831,38,1940,11
2514,16,1833,14,1831,38,1956,11
2514,16,1833,14,1831,38,1997,11
2514,16,1833,14,1831,38,2068,11
2514,16,1833,14,1831,38,2079,11
2514,16,1833,14,1831,38,2123,11
2514,16,1833,14,1831,38,2196,11
2514,16,1833,14,1831,38,2206,11
2514,16,1833,14,1831,38,2216,11
2514,16,1833,14,1831,38,2244,11
2514,16,1833,14,1831,38,2259,11
2514,16,1833,14,1831,38,2261,11
2514,16,1833,14,1831,38,2289,11
2514,16,1833,14,1831,38,2359,11
2514,16,1833,14,1831,38,2370,11
2514,16,1833,14,1831,38,2405,11
2514,16,1833,14,1907,24,45,11
2514,16,1833,14,1907,24,159,11
2514,16,1833,14,1907,24,272,11
2514,16,1833,14,1907,24,338,11
2514,16,1833,14,1907,24,390,11
2514,16,1833,14,1907,24,457,11
2514,16,1833,14,1907,24,463,11
2514,16,1833,14,1907,24,620,11
2514,16,1833,14,1907,24,700,11
2514,16,1833,14,1907,24,742,11
2514,16,1833,14,1907,24,758,11
2514,16,1833,14,1907,24,879,11
2514,16,1833,14,1907,24,927,11
2514,16,1833,14,1907,24,979,11
2514,16,1833,14,1907,24,1003,11
2514,16,1833,14,1907,24,1044,11
2514,16,1833,14,1907,24,1068,11
2514,16,1833,14,1907,24,1153,11
2514,16,1833,14,1907,24,1186,11
2514,16,1833,14,1907,24,1194,11
2514,16,1833,14,1907,24,1259,11
2514,16,1833,14,1907,24,1260,11
2514,16,1833,14,1907,24,1312,11
2514,16,1833,14,1907,24,1388,11
2514,16,1833,14,1907,24,1391,11
2514,16,1833,14,1907,24,1422,11
2514,16,1833,14,1907,24,1556,11
2514,16,1833,14,1907,24,1568,11
2514,16,1833,14,1907,24,1599,11
2514,16,1833,14,1907,24,1747,11
2514,16,1833,14,1907,24,1773,11
2514,16,1833,14,1907,24,1799,11
2514,16,1833,14,1907,24,1818,11
2514,16,1833,14,1907,24,1873,11
2514,16,1833,14,1907,24,1940,11
2514,16,1833,14,1907,24,1956,11
2514,16,1833,14,1907,24,1997,11
2514,16,1833,14,1907,24,2068,11
2514,16,1833,14,1907,24,2079,11
2514,16,1833,14,1907,24,2123,11
2514,16,1833,14,1907,24,2196,11
2514,16,1833,14,1907,24,2206,11
2514,16,1833,14,1907,24,2216,11
2514,16,1833,14,1907,24,2244,11
2514,16,1833,14,1907,24,2259,11
2514,16,1833,14,1907,24,2261,11
2514,16,1833,14,1907,24,2289,11
2514,16,1833,14,1907,24,2359,11
2514,16,1833,14,1907,24,2370,11
2514,16,1833,14,1907,24,2405,11
