2514,16,1788,8,10,20,45,11
2514,16,1788,8,10,20,159,11
2514,16,1788,8,10,20,272,11
2514,16,1788,8,10,20,338,11
2514,16,1788,8,10,20,390,11
2514,16,1788,8,10,20,463,11
2514,16,1788,8,10,20,620,11
2514,16,1788,8,10,20,742,11
2514,16,1788,8,10,20,758,11
2514,16,1788,8,10,20,879,11
2514,16,1788,8,10,20,979,11
2514,16,1788,8,10,20,1044,11
2514,16,1788,8,10,20,1068,11
2514,16,1788,8,10,20,1186,11
2514,16,1788,8,10,20,1259,11
2514,16,1788,8,10,20,1260,11
2514,16,1788,8,10,20,1312,11
2514,16,1788,8,10,20,1388,11
2514,16,1788,8,10,20,1391,11
2514,16,1788,8,10,20,1422,11
2514,16,1788,8,10,20,1556,11
2514,16,1788,8,10,20,1747,11
2514,16,1788,8,10,20,1773,11
2514,16,1788,8,10,20,1799,11
2514,16,1788,8,10,20,1873,11
2514,16,1788,8,10,20,1956,11
2514,16,1788,8,10,20,1997,11
2514,16,1788,8,10,20,2068,11
2514,16,1788,8,10,20,2079,11
2514,16,1788,8,10,20,2123,11
2514,16,1788,8,10,20,2196,11
2514,16,1788,8,10,20,2206,11
2514,16,1788,8,10,20,2216,11
2514,16,1788,8,10,20,2244,11
2514,16,1788,8,10,20,2259,11
2514,16,1788,8,10,20,2261,11
2514,16,1788,8,10,20,2289,11
2514,16,1788,8,10,20,2359,11
2514,16,1788,8,10,20,2370,11
2514,16,1788,8,10,20,2405,11
2514,16,1788,8,41,17,45,11
2514,16,1788,8,41,17,159,11
2514,16,1788,8,41,17,272,11
2514,16,1788,8,41,17,338,11
2514,16,1788,8,41,17,390,11
2514,16,1788,8,41,17,457,11
2514,16,1788,8,41,17,463,11
2514,16,1788,8,41,17,620,11
2514,16,1788,8,41,17,700,11
2514,16,1788,8,41,17,742,11
2514,16,1788,8,41,17,758,11
2514,16,1788,8,41,17,879,11
2514,16,1788,8,41,17,927,11
2514,16,1788,8,41,17,979,11
2514,16,1788,8,41,17,1003,11
2514,16,1788,8,41,17,1044,11
2514,16,1788,8,41,17,1068,11
2514,16,1788,8,41,17,1153,11
2514,16,1788,8,41,17,1186,11
2514,16,1788,8,41,17,1194,11
2514,16,1788,8,41,17,1259,11
2514,16,1788,8,41,17,1260,11
2514,16,1788,8,41,17,1312,11
2514,16,1788,8,41,17,1388,11
2514,16,1788,8,41,17,1391,11
2514,16,1788,8,41,17,1422,11
2514,16,1788,8,41,17,1556,11
2514,16,1788,8,41,17,1568,11
2514,16,1788,8,41,17,1599,11
2514,16,1788,8,41,17,1747,11
2514,16,1788,8,41,17,1773,11
2514,16,1788,8,41,17,1799,11
2514,16,1788,8,41,17,1818,11
2514,16,1788,8,41,17,1873,11
2514,16,1788,8,41,17,1940,11
2514,16,1788,8,41,17,1956,11
2514,16,1788,8,41,17,1997,11
2514,16,1788,8,41,17,2068,11
2514,16,1788,8,41,17,2079,11
2514,16,1788,8,41,17,2123,11
2514,16,1788,8,41,17,2196,11
2514,16,1788,8,41,17,2206,11
2514,16,1788,8,41,17,2216,11
2514,16,1788,8,41,17,2244,11
2514,16,1788,8,41,17,2259,11
2514,16,1788,8,41,17,2261,11
2514,16,1788,8,41,17,2289,11
2514,16,1788,8,41,17,2359,11
2514,16,1788,8,41,17,2370,11
2514,16,1788,8,41,17,2405,11
2514,16,1788,8,500,45,45,11
2514,16,1788,8,500,45,159,11
2514,16,1788,8,500,45,272,11
2514,16,1788,8,500,45,338,11
2514,16,1788,8,500,45,390,11
2514,16,1788,8,500,45,457,11
2514,16,1788,8,500,45,463,11
2514,16,1788,8,500,45,620,11
2514,16,1788,8,500,45,700,11
2514,16,1788,8,500,45,742,11
2514,16,1788,8,500,45,758,11
2514,16,1788,8,500,45,879,11
2514,16,1788,8,500,45,927,11
2514,16,1788,8,500,45,979,11
2514,16,1788,8,500,45,1003,11
2514,16,1788,8,500,45,1044,11
2514,16,1788,8,500,45,1068,11
2514,16,1788,8,500,45,1153,11
2514,16,1788,8,500,45,1186,11
2514,16,1788,8,500,45,1194,11
2514,16,1788,8,500,45,1259,11
2514,16,1788,8,500,45,1260,11
2514,16,1788,8,500,45,1312,11
2514,16,1788,8,500,45,1388,11
2514,16,1788,8,500,45,1391,11
2514,16,1788,8,500,45,1422,11
2514,16,1788,8,500,45,1556,11
2514,16,1788,8,500,45,1568,11
2514,16,1788,8,500,45,1599,11
2514,16,1788,8,500,45,1747,11
2514,16,1788,8,500,45,1773,11
2514,16,1788,8,500,45,1799,11
2514,16,1788,8,500,45,1818,11
2514,16,1788,8,500,45,1873,11
2514,16,1788,8,500,45,1940,11
2514,16,1788,8,500,45,1956,11
2514,16,1788,8,500,45,1997,11
2514,16,1788,8,500,45,2068,11
2514,16,1788,8,500,45,2079,11
2514,16,1788,8,500,45,2123,11
2514,16,1788,8,500,45,2196,11
2514,16,1788,8,500,45,2206,11
2514,16,1788,8,500,45,2216,11
2514,16,1788,8,500,45,2244,11
2514,16,1788,8,500,45,2259,11
2514,16,1788,8,500,45,2261,11
2514,16,1788,8,500,45,2289,11
2514,16,1788,8,500,45,2359,11
2514,16,1788,8,500,45,2370,11
2514,16,1788,8,500,45,2405,11
2514,16,1788,8,708,9,45,11
2514,16,1788,8,708,9,159,11
2514,16,1788,8,708,9,272,11
2514,16,1788,8,708,9,338,11
2514,16,1788,8,708,9,390,11
2514,16,1788,8,708,9,457,11
2514,16,1788,8,708,9,463,11
2514,16,1788,8,708,9,620,11
2514,16,1788,8,708,9,700,11
2514,16,1788,8,708,9,742,11
2514,16,1788,8,708,9,758,11
2514,16,1788,8,708,9,879,11
2514,16,1788,8,708,9,927,11
2514,16,1788,8,708,9,979,11
2514,16,1788,8,708,9,1003,11
2514,16,1788,8,708,9,1044,11
2514,16,1788,8,708,9,1068,11
2514,16,1788,8,708,9,1153,11
2514,16,1788,8,708,9,1186,11
2514,16,1788,8,708,9,1194,11
2514,16,1788,8,708,9,1259,11
2514,16,1788,8,708,9,1260,11
2514,16,1788,8,708,9,1312,11
2514,16,1788,8,708,9,1388,11
2514,16,1788,8,708,9,1391,11
2514,16,1788,8,708,9,1422,11
2514,16,1788,8,708,9,1556,11
2514,16,1788,8,708,9,1568,11
2514,16,1788,8,708,9,1599,11
2514,16,1788,8,708,9,1747,11
2514,16,1788,8,708,9,1773,11
2514,16,1788,8,708,9,1799,11
2514,16,1788,8,708,9,1818,11
2514,16,1788,8,708,9,1873,11
2514,16,1788,8,708,9,1940,11
2514,16,1788,8,708,9,1956,11
2514,16,1788,8,708,9,1997,11
2514,16,1788,8,708,9,2068,11
2514,16,1788,8,708,9,2079,11
2514,16,1788,8,708,9,2123,11
2514,16,1788,8,708,9,2196,11
2514,16,1788,8,708,9,2206,11
2514,16,1788,8,708,9,2216,11
2514,16,1788,8,708,9,2244,11
2514,16,1788,8,708,9,2259,11
2514,16,1788,8,708,9,2261,11
2514,16,1788,8,708,9,2289,11
2514,16,1788,8,708,9,2359,11
2514,16,1788,8,708,9,2370,11
2514,16,1788,8,708,9,2405,11
2514,16,1788,8,883,27,45,11
2514,16,1788,8,883,27,159,11
2514,16,1788,8,883,27,272,11
2514,16,1788,8,883,27,338,11
2514,16,1788,8,883,27,390,11
2514,16,1788,8,883,27,457,11
2514,16,1788,8,883,27,463,11
2514,16,1788,8,883,27,620,11
2514,16,1788,8,883,27,700,11
2514,16,1788,8,883,27,742,11
2514,16,1788,8,883,27,758,11
2514,16,1788,8,883,27,879,11
2514,16,1788,8,883,27,927,11
2514,16,1788,8,883,27,979,11
2514,16,1788,8,883,27,1003,11
2514,16,1788,8,883,27,1044,11
2514,16,1788,8,883,27,1068,11
2514,16,1788,8,883,27,1153,11
2514,16,1788,8,883,27,1186,11
2514,16,1788,8,883,27,1194,11
2514,16,1788,8,883,27,1259,11
2514,16,1788,8,883,27,1260,11
2514,16,1788,8,883,27,1312,11
2514,16,1788,8,883,27,1388,11
2514,16,1788,8,883,27,1391,11
2514,16,1788,8,883,27,1422,11
2514,16,1788,8,883,27,1556,11
2514,16,1788,8,883,27,1568,11
2514,16,1788,8,883,27,1599,11
2514,16,1788,8,883,27,1747,11
2514,16,1788,8,883,27,1773,11
2514,16,1788,8,883,27,1799,11
2514,16,1788,8,883,27,1818,11
2514,16,1788,8,883,27,1873,11
2514,16,1788,8,883,27,1940,11
2514,16,1788,8,883,27,1956,11
2514,16,1788,8,883,27,1997,11
2514,16,1788,8,883,27,2068,11
2514,16,1788,8,883,27,2079,11
2514,16,1788,8,883,27,2123,11
2514,16,1788,8,883,27,2196,11
2514,16,1788,8,883,27,2206,11
2514,16,1788,8,883,27,2216,11
2514,16,1788,8,883,27,2244,11
2514,16,1788,8,883,27,2259,11
2514,16,1788,8,883,27,2261,11
2514,16,1788,8,883,27,2289,11
2514,16,1788,8,883,27,2359,11
2514,16,1788,8,883,27,2370,11
2514,16,1788,8,883,27,2405,11
2514,16,1788,8,960,23,45,11
2514,16,1788,8,960,23,159,11
2514,16,1788,8,960,23,272,11
2514,16,1788,8,960,23,338,11
2514,16,1788,8,960,23,390,11
2514,16,1788,8,960,23,457,11
2514,16,1788,8,960,23,463,11
2514,16,1788,8,960,23,620,11
2514,16,1788,8,960,23,700,11
2514,16,1788,8,960,23,742,11
2514,16,1788,8,960,23,758,11
2514,16,1788,8,960,23,879,11
2514,16,1788,8,960,23,927,11
2514,16,1788,8,960,23,979,11
2514,16,1788,8,960,23,1003,11
2514,16,1788,8,960,23,1044,11
2514,16,1788,8,960,23,1068,11
2514,16,1788,8,960,23,1153,11
2514,16,1788,8,960,23,1186,11
2514,16,1788,8,960,23,1194,11
2514,16,1788,8,960,23,1259,11
2514,16,1788,8,960,23,1260,11
2514,16,1788,8,960,23,1312,11
2514,16,1788,8,960,23,1388,11
2514,16,1788,8,960,23,1391,11
2514,16,1788,8,960,23,1422,11
2514,16,1788,8,960,23,1556,11
2514,16,1788,8,960,23,1568,11
2514,16,1788,8,960,23,1599,11
2514,16,1788,8,960,23,1747,11
2514,16,1788,8,960,23,1773,11
2514,16,1788,8,960,23,1799,11
2514,16,1788,8,960,23,1818,11
2514,16,1788,8,960,23,1873,11
2514,16,1788,8,960,23,1940,11
2514,16,1788,8,960,23,1956,11
2514,16,1788,8,960,23,1997,11
2514,16,1788,8,960,23,2068,11
2514,16,1788,8,960,23,2079,11
2514,16,1788,8,960,23,2123,11
2514,16,1788,8,960,23,2196,11
2514,16,1788,8,960,23,2206,11
2514,16,1788,8,960,23,2216,11
2514,16,1788,8,960,23,2244,11
2514,16,1788,8,960,23,2259,11
2514,16,1788,8,960,23,2261,11
2514,16,1788,8,960,23,2289,11
2514,16,1788,8,960,23,2359,11
2514,16,1788,8,960,23,2370,11
2514,16,1788,8,960,23,2405,11
2514,16,1788,8,1039,44,45,11
2514,16,1788,8,1039,44,159,11
2514,16,1788,8,1039,44,272,11
2514,16,1788,8,1039,44,338,11
2514,16,1788,8,1039,44,390,11
2514,16,1788,8,1039,44,457,11
2514,16,1788,8,1039,44,463,11
2514,16,1788,8,1039,44,620,11
2514,16,1788,8,1039,44,700,11
2514,16,1788,8,1039,44,742,11
2514,16,1788,8,1039,44,758,11
2514,16,1788,8,1039,44,879,11
2514,16,1788,8,1039,44,927,11
2514,16,1788,8,1039,44,979,11
2514,16,1788,8,1039,44,1003,11
2514,16,1788,8,1039,44,1044,11
2514,16,1788,8,1039,44,1068,11
2514,16,1788,8,1039,44,1153,11
2514,16,1788,8,1039,44,1186,11
2514,16,1788,8,1039,44,1194,11
2514,16,1788,8,1039,44,1259,11
2514,16,1788,8,1039,44,1260,11
2514,16,1788,8,1039,44,1312,11
2514,16,1788,8,1039,44,1388,11
2514,16,1788,8,1039,44,1391,11
2514,16,1788,8,1039,44,1422,11
2514,16,1788,8,1039,44,1556,11
2514,16,1788,8,1039,44,1568,11
2514,16,1788,8,1039,44,1599,11
2514,16,1788,8,1039,44,1747,11
2514,16,1788,8,1039,44,1773,11
2514,16,1788,8,1039,44,1799,11
2514,16,1788,8,1039,44,1818,11
2514,16,1788,8,1039,44,1873,11
2514,16,1788,8,1039,44,1940,11
2514,16,1788,8,1039,44,1956,11
2514,16,1788,8,1039,44,1997,11
2514,16,1788,8,1039,44,2068,11
2514,16,1788,8,1039,44,2079,11
2514,16,1788,8,1039,44,2123,11
2514,16,1788,8,1039,44,2196,11
2514,16,1788,8,1039,44,2206,11
2514,16,1788,8,1039,44,2216,11
2514,16,1788,8,1039,44,2244,11
2514,16,1788,8,1039,44,2259,11
2514,16,1788,8,1039,44,2261,11
2514,16,1788,8,1039,44,2289,11
2514,16,1788,8,1039,44,2359,11
2514,16,1788,8,1039,44,2370,11
2514,16,1788,8,1039,44,2405,11
2514,16,1788,8,1103,29,45,11
2514,16,1788,8,1103,29,159,11
2514,16,1788,8,1103,29,272,11
2514,16,1788,8,1103,29,338,11
2514,16,1788,8,1103,29,390,11
2514,16,1788,8,1103,29,457,11
2514,16,1788,8,1103,29,463,11
2514,16,1788,8,1103,29,620,11
2514,16,1788,8,1103,29,700,11
2514,16,1788,8,1103,29,742,11
2514,16,1788,8,1103,29,758,11
2514,16,1788,8,1103,29,879,11
2514,16,1788,8,1103,29,927,11
2514,16,1788,8,1103,29,979,11
2514,16,1788,8,1103,29,1003,11
2514,16,1788,8,1103,29,1044,11
2514,16,1788,8,1103,29,1068,11
2514,16,1788,8,1103,29,1153,11
2514,16,1788,8,1103,29,1186,11
2514,16,1788,8,1103,29,1194,11
2514,16,1788,8,1103,29,1259,11
2514,16,1788,8,1103,29,1260,11
2514,16,1788,8,1103,29,1312,11
2514,16,1788,8,1103,29,1388,11
2514,16,1788,8,1103,29,1391,11
2514,16,1788,8,1103,29,1422,11
2514,16,1788,8,1103,29,1556,11
2514,16,1788,8,1103,29,1568,11
2514,16,1788,8,1103,29,1599,11
2514,16,1788,8,1103,29,1747,11
2514,16,1788,8,1103,29,1773,11
2514,16,1788,8,1103,29,1799,11
2514,16,1788,8,1103,29,1818,11
2514,16,1788,8,1103,29,1873,11
2514,16,1788,8,1103,29,1940,11
2514,16,1788,8,1103,29,1956,11
2514,16,1788,8,1103,29,1997,11
2514,16,1788,8,1103,29,2068,11
2514,16,1788,8,1103,29,2079,11
2514,16,1788,8,1103,29,2123,11
2514,16,1788,8,1103,29,2196,11
2514,16,1788,8,1103,29,2206,11
2514,16,1788,8,1103,29,2216,11
2514,16,1788,8,1103,29,2244,11
2514,16,1788,8,1103,29,2259,11
2514,16,1788,8,1103,29,2261,11
2514,16,1788,8,1103,29,2289,11
2514,16,1788,8,1103,29,2359,11
2514,16,1788,8,1103,29,2370,11
2514,16,1788,8,1103,29,2405,11
2514,16,1788,8,1266,24,45,11
2514,16,1788,8,1266,24,159,11
2514,16,1788,8,1266,24,272,11
2514,16,1788,8,1266,24,338,11
2514,16,1788,8,1266,24,390,11
2514,16,1788,8,1266,24,457,11
2514,16,1788,8,1266,24,463,11
2514,16,1788,8,1266,24,620,11
2514,16,1788,8,1266,24,700,11
2514,16,1788,8,1266,24,742,11
2514,16,1788,8,1266,24,758,11
2514,16,1788,8,1266,24,879,11
2514,16,1788,8,1266,24,927,11
2514,16,1788,8,1266,24,979,11
2514,16,1788,8,1266,24,1003,11
2514,16,1788,8,1266,24,1044,11
2514,16,1788,8,1266,24,1068,11
2514,16,1788,8,1266,24,1153,11
2514,16,1788,8,1266,24,1186,11
2514,16,1788,8,1266,24,1194,11
2514,16,1788,8,1266,24,1259,11
2514,16,1788,8,1266,24,1260,11
2514,16,1788,8,1266,24,1312,11
2514,16,1788,8,1266,24,1388,11
2514,16,1788,8,1266,24,1391,11
2514,16,1788,8,1266,24,1422,11
2514,16,1788,8,1266,24,1556,11
2514,16,1788,8,1266,24,1568,11
2514,16,1788,8,1266,24,1599,11
2514,16,1788,8,1266,24,1747,11
2514,16,1788,8,1266,24,1773,11
2514,16,1788,8,1266,24,1799,11
2514,16,1788,8,1266,24,1818,11
2514,16,1788,8,1266,24,1873,11
2514,16,1788,8,1266,24,1940,11
2514,16,1788,8,1266,24,1956,11
2514,16,1788,8,1266,24,1997,11
2514,16,1788,8,1266,24,2068,11
2514,16,1788,8,1266,24,2079,11
2514,16,1788,8,1266,24,2123,11
2514,16,1788,8,1266,24,2196,11
2514,16,1788,8,1266,24,2206,11
2514,16,1788,8,1266,24,2216,11
2514,16,1788,8,1266,24,2244,11
2514,16,1788,8,1266,24,2259,11
2514,16,1788,8,1266,24,2261,11
2514,16,1788,8,1266,24,2289,11
2514,16,1788,8,1266,24,2359,11
2514,16,1788,8,1266,24,2370,11
2514,16,1788,8,1266,24,2405,11
2514,16,1788,8,1284,28,45,11
2514,16,1788,8,1284,28,159,11
2514,16,1788,8,1284,28,272,11
2514,16,1788,8,1284,28,338,11
2514,16,1788,8,1284,28,390,11
2514,16,1788,8,1284,28,457,11
2514,16,1788,8,1284,28,463,11
2514,16,1788,8,1284,28,620,11
2514,16,1788,8,1284,28,700,11
2514,16,1788,8,1284,28,742,11
2514,16,1788,8,1284,28,758,11
2514,16,1788,8,1284,28,879,11
2514,16,1788,8,1284,28,927,11
2514,16,1788,8,1284,28,979,11
2514,16,1788,8,1284,28,1003,11
2514,16,1788,8,1284,28,1044,11
2514,16,1788,8,1284,28,1068,11
2514,16,1788,8,1284,28,1153,11
2514,16,1788,8,1284,28,1186,11
2514,16,1788,8,1284,28,1194,11
2514,16,1788,8,1284,28,1259,11
2514,16,1788,8,1284,28,1260,11
2514,16,1788,8,1284,28,1312,11
2514,16,1788,8,1284,28,1388,11
2514,16,1788,8,1284,28,1391,11
2514,16,1788,8,1284,28,1422,11
2514,16,1788,8,1284,28,1556,11
2514,16,1788,8,1284,28,1568,11
2514,16,1788,8,1284,28,1599,11
2514,16,1788,8,1284,28,1747,11
2514,16,1788,8,1284,28,1773,11
2514,16,1788,8,1284,28,1799,11
2514,16,1788,8,1284,28,1818,11
2514,16,1788,8,1284,28,1873,11
2514,16,1788,8,1284,28,1940,11
2514,16,1788,8,1284,28,1956,11
2514,16,1788,8,1284,28,1997,11
2514,16,1788,8,1284,28,2068,11
2514,16,1788,8,1284,28,2079,11
2514,16,1788,8,1284,28,2123,11
2514,16,1788,8,1284,28,2196,11
2514,16,1788,8,1284,28,2206,11
2514,16,1788,8,1284,28,2216,11
2514,16,1788,8,1284,28,2244,11
2514,16,1788,8,1284,28,2259,11
2514,16,1788,8,1284,28,2261,11
2514,16,1788,8,1284,28,2289,11
2514,16,1788,8,1284,28,2359,11
2514,16,1788,8,1284,28,2370,11
2514,16,1788,8,1284,28,2405,11
2514,16,1788,8,1348,26,45,11
2514,16,1788,8,1348,26,159,11
2514,16,1788,8,1348,26,272,11
2514,16,1788,8,1348,26,338,11
2514,16,1788,8,1348,26,390,11
2514,16,1788,8,1348,26,457,11
2514,16,1788,8,1348,26,463,11
2514,16,1788,8,1348,26,620,11
2514,16,1788,8,1348,26,700,11
2514,16,1788,8,1348,26,742,11
2514,16,1788,8,1348,26,758,11
2514,16,1788,8,1348,26,879,11
2514,16,1788,8,1348,26,927,11
2514,16,1788,8,1348,26,979,11
2514,16,1788,8,1348,26,1003,11
2514,16,1788,8,1348,26,1044,11
2514,16,1788,8,1348,26,1068,11
2514,16,1788,8,1348,26,1153,11
2514,16,1788,8,1348,26,1186,11
2514,16,1788,8,1348,26,1194,11
2514,16,1788,8,1348,26,1259,11
2514,16,1788,8,1348,26,1260,11
2514,16,1788,8,1348,26,1312,11
2514,16,1788,8,1348,26,1388,11
2514,16,1788,8,1348,26,1391,11
2514,16,1788,8,1348,26,1422,11
2514,16,1788,8,1348,26,1556,11
2514,16,1788,8,1348,26,1568,11
2514,16,1788,8,1348,26,1599,11
2514,16,1788,8,1348,26,1747,11
2514,16,1788,8,1348,26,1773,11
2514,16,1788,8,1348,26,1799,11
2514,16,1788,8,1348,26,1818,11
2514,16,1788,8,1348,26,1873,11
2514,16,1788,8,1348,26,1940,11
2514,16,1788,8,1348,26,1956,11
2514,16,1788,8,1348,26,1997,11
2514,16,1788,8,1348,26,2068,11
2514,16,1788,8,1348,26,2079,11
2514,16,1788,8,1348,26,2123,11
2514,16,1788,8,1348,26,2196,11
2514,16,1788,8,1348,26,2206,11
2514,16,1788,8,1348,26,2216,11
2514,16,1788,8,1348,26,2244,11
2514,16,1788,8,1348,26,2259,11
2514,16,1788,8,1348,26,2261,11
2514,16,1788,8,1348,26,2289,11
2514,16,1788,8,1348,26,2359,11
2514,16,1788,8,1348,26,2370,11
2514,16,1788,8,1348,26,2405,11
2514,16,1788,8,1450,34,45,11
2514,16,1788,8,1450,34,159,11
2514,16,1788,8,1450,34,272,11
2514,16,1788,8,1450,34,338,11
2514,16,1788,8,1450,34,390,11
2514,16,1788,8,1450,34,457,11
2514,16,1788,8,1450,34,463,11
2514,16,1788,8,1450,34,620,11
2514,16,1788,8,1450,34,700,11
2514,16,1788,8,1450,34,742,11
2514,16,1788,8,1450,34,758,11
2514,16,1788,8,1450,34,879,11
2514,16,1788,8,1450,34,927,11
2514,16,1788,8,1450,34,979,11
2514,16,1788,8,1450,34,1003,11
2514,16,1788,8,1450,34,1044,11
2514,16,1788,8,1450,34,1068,11
2514,16,1788,8,1450,34,1153,11
2514,16,1788,8,1450,34,1186,11
2514,16,1788,8,1450,34,1194,11
2514,16,1788,8,1450,34,1259,11
2514,16,1788,8,1450,34,1260,11
2514,16,1788,8,1450,34,1312,11
2514,16,1788,8,1450,34,1388,11
2514,16,1788,8,1450,34,1391,11
2514,16,1788,8,1450,34,1422,11
2514,16,1788,8,1450,34,1556,11
2514,16,1788,8,1450,34,1568,11
2514,16,1788,8,1450,34,1599,11
2514,16,1788,8,1450,34,1747,11
2514,16,1788,8,1450,34,1773,11
2514,16,1788,8,1450,34,1799,11
2514,16,1788,8,1450,34,1818,11
2514,16,1788,8,1450,34,1873,11
2514,16,1788,8,1450,34,1940,11
2514,16,1788,8,1450,34,1956,11
2514,16,1788,8,1450,34,1997,11
2514,16,1788,8,1450,34,2068,11
2514,16,1788,8,1450,34,2079,11
2514,16,1788,8,1450,34,2123,11
2514,16,1788,8,1450,34,2196,11
2514,16,1788,8,1450,34,2206,11
2514,16,1788,8,1450,34,2216,11
2514,16,1788,8,1450,34,2244,11
2514,16,1788,8,1450,34,2259,11
2514,16,1788,8,1450,34,2261,11
2514,16,1788,8,1450,34,2289,11
2514,16,1788,8,1450,34,2359,11
2514,16,1788,8,1450,34,2370,11
2514,16,1788,8,1450,34,2405,11
2514,16,1788,8,1632,24,45,11
2514,16,1788,8,1632,24,159,11
2514,16,1788,8,1632,24,272,11
2514,16,1788,8,1632,24,338,11
2514,16,1788,8,1632,24,390,11
2514,16,1788,8,1632,24,457,11
2514,16,1788,8,1632,24,463,11
2514,16,1788,8,1632,24,620,11
2514,16,1788,8,1632,24,700,11
2514,16,1788,8,1632,24,742,11
2514,16,1788,8,1632,24,758,11
2514,16,1788,8,1632,24,879,11
2514,16,1788,8,1632,24,927,11
2514,16,1788,8,1632,24,979,11
2514,16,1788,8,1632,24,1003,11
2514,16,1788,8,1632,24,1044,11
2514,16,1788,8,1632,24,1068,11
2514,16,1788,8,1632,24,1153,11
2514,16,1788,8,1632,24,1186,11
2514,16,1788,8,1632,24,1194,11
2514,16,1788,8,1632,24,1259,11
2514,16,1788,8,1632,24,1260,11
2514,16,1788,8,1632,24,1312,11
2514,16,1788,8,1632,24,1388,11
2514,16,1788,8,1632,24,1391,11
2514,16,1788,8,1632,24,1422,11
2514,16,1788,8,1632,24,1556,11
2514,16,1788,8,1632,24,1568,11
2514,16,1788,8,1632,24,1599,11
2514,16,1788,8,1632,24,1747,11
2514,16,1788,8,1632,24,1773,11
2514,16,1788,8,1632,24,1799,11
2514,16,1788,8,1632,24,1818,11
2514,16,1788,8,1632,24,1873,11
2514,16,1788,8,1632,24,1940,11
2514,16,1788,8,1632,24,1956,11
2514,16,1788,8,1632,24,1997,11
2514,16,1788,8,1632,24,2068,11
2514,16,1788,8,1632,24,2079,11
2514,16,1788,8,1632,24,2123,11
2514,16,1788,8,1632,24,2196,11
2514,16,1788,8,1632,24,2206,11
2514,16,1788,8,1632,24,2216,11
2514,16,1788,8,1632,24,2244,11
2514,16,1788,8,1632,24,2259,11
2514,16,1788,8,1632,24,2261,11
2514,16,1788,8,1632,24,2289,11
2514,16,1788,8,1632,24,2359,11
2514,16,1788,8,1632,24,2370,11
2514,16,1788,8,1632,24,2405,11
