2514,16,860,29,12,41,45,11
2514,16,860,29,12,41,159,11
2514,16,860,29,12,41,272,11
2514,16,860,29,12,41,338,11
2514,16,860,29,12,41,390,11
2514,16,860,29,12,41,463,11
2514,16,860,29,12,41,620,11
2514,16,860,29,12,41,742,11
2514,16,860,29,12,41,758,11
2514,16,860,29,12,41,879,11
2514,16,860,29,12,41,979,11
2514,16,860,29,12,41,1044,11
2514,16,860,29,12,41,1068,11
2514,16,860,29,12,41,1186,11
2514,16,860,29,12,41,1259,11
2514,16,860,29,12,41,1260,11
2514,16,860,29,12,41,1312,11
2514,16,860,29,12,41,1388,11
2514,16,860,29,12,41,1391,11
2514,16,860,29,12,41,1422,11
2514,16,860,29,12,41,1556,11
2514,16,860,29,12,41,1747,11
2514,16,860,29,12,41,1773,11
2514,16,860,29,12,41,1799,11
2514,16,860,29,12,41,1873,11
2514,16,860,29,12,41,1956,11
2514,16,860,29,12,41,1997,11
2514,16,860,29,12,41,2068,11
2514,16,860,29,12,41,2079,11
2514,16,860,29,12,41,2123,11
2514,16,860,29,12,41,2196,11
2514,16,860,29,12,41,2206,11
2514,16,860,29,12,41,2216,11
2514,16,860,29,12,41,2244,11
2514,16,860,29,12,41,2259,11
2514,16,860,29,12,41,2261,11
2514,16,860,29,12,41,2289,11
2514,16,860,29,12,41,2359,11
2514,16,860,29,12,41,2370,11
2514,16,860,29,12,41,2405,11
2514,16,860,29,505,42,45,11
2514,16,860,29,505,42,159,11
2514,16,860,29,505,42,272,11
2514,16,860,29,505,42,338,11
2514,16,860,29,505,42,390,11
2514,16,860,29,505,42,457,11
2514,16,860,29,505,42,463,11
2514,16,860,29,505,42,620,11
2514,16,860,29,505,42,700,11
2514,16,860,29,505,42,742,11
2514,16,860,29,505,42,758,11
2514,16,860,29,505,42,879,11
2514,16,860,29,505,42,927,11
2514,16,860,29,505,42,979,11
2514,16,860,29,505,42,1003,11
2514,16,860,29,505,42,1044,11
2514,16,860,29,505,42,1068,11
2514,16,860,29,505,42,1153,11
2514,16,860,29,505,42,1186,11
2514,16,860,29,505,42,1194,11
2514,16,860,29,505,42,1259,11
2514,16,860,29,505,42,1260,11
2514,16,860,29,505,42,1312,11
2514,16,860,29,505,42,1388,11
2514,16,860,29,505,42,1391,11
2514,16,860,29,505,42,1422,11
2514,16,860,29,505,42,1556,11
2514,16,860,29,505,42,1568,11
2514,16,860,29,505,42,1599,11
2514,16,860,29,505,42,1747,11
2514,16,860,29,505,42,1773,11
2514,16,860,29,505,42,1799,11
2514,16,860,29,505,42,1818,11
2514,16,860,29,505,42,1873,11
2514,16,860,29,505,42,1940,11
2514,16,860,29,505,42,1956,11
2514,16,860,29,505,42,1997,11
2514,16,860,29,505,42,2068,11
2514,16,860,29,505,42,2079,11
2514,16,860,29,505,42,2123,11
2514,16,860,29,505,42,2196,11
2514,16,860,29,505,42,2206,11
2514,16,860,29,505,42,2216,11
2514,16,860,29,505,42,2244,11
2514,16,860,29,505,42,2259,11
2514,16,860,29,505,42,2261,11
2514,16,860,29,505,42,2289,11
2514,16,860,29,505,42,2359,11
2514,16,860,29,505,42,2370,11
2514,16,860,29,505,42,2405,11
2514,16,860,29,599,45,45,11
2514,16,860,29,599,45,159,11
2514,16,860,29,599,45,272,11
2514,16,860,29,599,45,338,11
2514,16,860,29,599,45,390,11
2514,16,860,29,599,45,457,11
2514,16,860,29,599,45,463,11
2514,16,860,29,599,45,620,11
2514,16,860,29,599,45,700,11
2514,16,860,29,599,45,742,11
2514,16,860,29,599,45,758,11
2514,16,860,29,599,45,879,11
2514,16,860,29,599,45,927,11
2514,16,860,29,599,45,979,11
2514,16,860,29,599,45,1003,11
2514,16,860,29,599,45,1044,11
2514,16,860,29,599,45,1068,11
2514,16,860,29,599,45,1153,11
2514,16,860,29,599,45,1186,11
2514,16,860,29,599,45,1194,11
2514,16,860,29,599,45,1259,11
2514,16,860,29,599,45,1260,11
2514,16,860,29,599,45,1312,11
2514,16,860,29,599,45,1388,11
2514,16,860,29,599,45,1391,11
2514,16,860,29,599,45,1422,11
2514,16,860,29,599,45,1556,11
2514,16,860,29,599,45,1568,11
2514,16,860,29,599,45,1599,11
2514,16,860,29,599,45,1747,11
2514,16,860,29,599,45,1773,11
2514,16,860,29,599,45,1799,11
2514,16,860,29,599,45,1818,11
2514,16,860,29,599,45,1873,11
2514,16,860,29,599,45,1940,11
2514,16,860,29,599,45,1956,11
2514,16,860,29,599,45,1997,11
2514,16,860,29,599,45,2068,11
2514,16,860,29,599,45,2079,11
2514,16,860,29,599,45,2123,11
2514,16,860,29,599,45,2196,11
2514,16,860,29,599,45,2206,11
2514,16,860,29,599,45,2216,11
2514,16,860,29,599,45,2244,11
2514,16,860,29,599,45,2259,11
2514,16,860,29,599,45,2261,11
2514,16,860,29,599,45,2289,11
2514,16,860,29,599,45,2359,11
2514,16,860,29,599,45,2370,11
2514,16,860,29,599,45,2405,11
2514,16,860,29,879,39,45,11
2514,16,860,29,879,39,159,11
2514,16,860,29,879,39,272,11
2514,16,860,29,879,39,338,11
2514,16,860,29,879,39,390,11
2514,16,860,29,879,39,457,11
2514,16,860,29,879,39,463,11
2514,16,860,29,879,39,620,11
2514,16,860,29,879,39,700,11
2514,16,860,29,879,39,742,11
2514,16,860,29,879,39,758,11
2514,16,860,29,879,39,879,11
2514,16,860,29,879,39,927,11
2514,16,860,29,879,39,979,11
2514,16,860,29,879,39,1003,11
2514,16,860,29,879,39,1044,11
2514,16,860,29,879,39,1068,11
2514,16,860,29,879,39,1153,11
2514,16,860,29,879,39,1186,11
2514,16,860,29,879,39,1194,11
2514,16,860,29,879,39,1259,11
2514,16,860,29,879,39,1260,11
2514,16,860,29,879,39,1312,11
2514,16,860,29,879,39,1388,11
2514,16,860,29,879,39,1391,11
2514,16,860,29,879,39,1422,11
2514,16,860,29,879,39,1556,11
2514,16,860,29,879,39,1568,11
2514,16,860,29,879,39,1599,11
2514,16,860,29,879,39,1747,11
2514,16,860,29,879,39,1773,11
2514,16,860,29,879,39,1799,11
2514,16,860,29,879,39,1818,11
2514,16,860,29,879,39,1873,11
2514,16,860,29,879,39,1940,11
2514,16,860,29,879,39,1956,11
2514,16,860,29,879,39,1997,11
2514,16,860,29,879,39,2068,11
2514,16,860,29,879,39,2079,11
2514,16,860,29,879,39,2123,11
2514,16,860,29,879,39,2196,11
2514,16,860,29,879,39,2206,11
2514,16,860,29,879,39,2216,11
2514,16,860,29,879,39,2244,11
2514,16,860,29,879,39,2259,11
2514,16,860,29,879,39,2261,11
2514,16,860,29,879,39,2289,11
2514,16,860,29,879,39,2359,11
2514,16,860,29,879,39,2370,11
2514,16,860,29,879,39,2405,11
2514,16,860,29,966,18,45,11
2514,16,860,29,966,18,159,11
2514,16,860,29,966,18,272,11
2514,16,860,29,966,18,338,11
2514,16,860,29,966,18,390,11
2514,16,860,29,966,18,457,11
2514,16,860,29,966,18,463,11
2514,16,860,29,966,18,620,11
2514,16,860,29,966,18,700,11
2514,16,860,29,966,18,742,11
2514,16,860,29,966,18,758,11
2514,16,860,29,966,18,879,11
2514,16,860,29,966,18,927,11
2514,16,860,29,966,18,979,11
2514,16,860,29,966,18,1003,11
2514,16,860,29,966,18,1044,11
2514,16,860,29,966,18,1068,11
2514,16,860,29,966,18,1153,11
2514,16,860,29,966,18,1186,11
2514,16,860,29,966,18,1194,11
2514,16,860,29,966,18,1259,11
2514,16,860,29,966,18,1260,11
2514,16,860,29,966,18,1312,11
2514,16,860,29,966,18,1388,11
2514,16,860,29,966,18,1391,11
2514,16,860,29,966,18,1422,11
2514,16,860,29,966,18,1556,11
2514,16,860,29,966,18,1568,11
2514,16,860,29,966,18,1599,11
2514,16,860,29,966,18,1747,11
2514,16,860,29,966,18,1773,11
2514,16,860,29,966,18,1799,11
2514,16,860,29,966,18,1818,11
2514,16,860,29,966,18,1873,11
2514,16,860,29,966,18,1940,11
2514,16,860,29,966,18,1956,11
2514,16,860,29,966,18,1997,11
2514,16,860,29,966,18,2068,11
2514,16,860,29,966,18,2079,11
2514,16,860,29,966,18,2123,11
2514,16,860,29,966,18,2196,11
2514,16,860,29,966,18,2206,11
2514,16,860,29,966,18,2216,11
2514,16,860,29,966,18,2244,11
2514,16,860,29,966,18,2259,11
2514,16,860,29,966,18,2261,11
2514,16,860,29,966,18,2289,11
2514,16,860,29,966,18,2359,11
2514,16,860,29,966,18,2370,11
2514,16,860,29,966,18,2405,11
2514,16,860,29,1056,45,45,11
2514,16,860,29,1056,45,159,11
2514,16,860,29,1056,45,272,11
2514,16,860,29,1056,45,338,11
2514,16,860,29,1056,45,390,11
2514,16,860,29,1056,45,457,11
2514,16,860,29,1056,45,463,11
2514,16,860,29,1056,45,620,11
2514,16,860,29,1056,45,700,11
2514,16,860,29,1056,45,742,11
2514,16,860,29,1056,45,758,11
2514,16,860,29,1056,45,879,11
2514,16,860,29,1056,45,927,11
2514,16,860,29,1056,45,979,11
2514,16,860,29,1056,45,1003,11
2514,16,860,29,1056,45,1044,11
2514,16,860,29,1056,45,1068,11
2514,16,860,29,1056,45,1153,11
2514,16,860,29,1056,45,1186,11
2514,16,860,29,1056,45,1194,11
2514,16,860,29,1056,45,1259,11
2514,16,860,29,1056,45,1260,11
2514,16,860,29,1056,45,1312,11
2514,16,860,29,1056,45,1388,11
2514,16,860,29,1056,45,1391,11
2514,16,860,29,1056,45,1422,11
2514,16,860,29,1056,45,1556,11
2514,16,860,29,1056,45,1568,11
2514,16,860,29,1056,45,1599,11
2514,16,860,29,1056,45,1747,11
2514,16,860,29,1056,45,1773,11
2514,16,860,29,1056,45,1799,11
2514,16,860,29,1056,45,1818,11
2514,16,860,29,1056,45,1873,11
2514,16,860,29,1056,45,1940,11
2514,16,860,29,1056,45,1956,11
2514,16,860,29,1056,45,1997,11
2514,16,860,29,1056,45,2068,11
2514,16,860,29,1056,45,2079,11
2514,16,860,29,1056,45,2123,11
2514,16,860,29,1056,45,2196,11
2514,16,860,29,1056,45,2206,11
2514,16,860,29,1056,45,2216,11
2514,16,860,29,1056,45,2244,11
2514,16,860,29,1056,45,2259,11
2514,16,860,29,1056,45,2261,11
2514,16,860,29,1056,45,2289,11
2514,16,860,29,1056,45,2359,11
2514,16,860,29,1056,45,2370,11
2514,16,860,29,1056,45,2405,11
2514,16,860,29,1098,22,45,11
2514,16,860,29,1098,22,159,11
2514,16,860,29,1098,22,272,11
2514,16,860,29,1098,22,338,11
2514,16,860,29,1098,22,390,11
2514,16,860,29,1098,22,457,11
2514,16,860,29,1098,22,463,11
2514,16,860,29,1098,22,620,11
2514,16,860,29,1098,22,700,11
2514,16,860,29,1098,22,742,11
2514,16,860,29,1098,22,758,11
2514,16,860,29,1098,22,879,11
2514,16,860,29,1098,22,927,11
2514,16,860,29,1098,22,979,11
2514,16,860,29,1098,22,1003,11
2514,16,860,29,1098,22,1044,11
2514,16,860,29,1098,22,1068,11
2514,16,860,29,1098,22,1153,11
2514,16,860,29,1098,22,1186,11
2514,16,860,29,1098,22,1194,11
2514,16,860,29,1098,22,1259,11
2514,16,860,29,1098,22,1260,11
2514,16,860,29,1098,22,1312,11
2514,16,860,29,1098,22,1388,11
2514,16,860,29,1098,22,1391,11
2514,16,860,29,1098,22,1422,11
2514,16,860,29,1098,22,1556,11
2514,16,860,29,1098,22,1568,11
2514,16,860,29,1098,22,1599,11
2514,16,860,29,1098,22,1747,11
2514,16,860,29,1098,22,1773,11
2514,16,860,29,1098,22,1799,11
2514,16,860,29,1098,22,1818,11
2514,16,860,29,1098,22,1873,11
2514,16,860,29,1098,22,1940,11
2514,16,860,29,1098,22,1956,11
2514,16,860,29,1098,22,1997,11
2514,16,860,29,1098,22,2068,11
2514,16,860,29,1098,22,2079,11
2514,16,860,29,1098,22,2123,11
2514,16,860,29,1098,22,2196,11
2514,16,860,29,1098,22,2206,11
2514,16,860,29,1098,22,2216,11
2514,16,860,29,1098,22,2244,11
2514,16,860,29,1098,22,2259,11
2514,16,860,29,1098,22,2261,11
2514,16,860,29,1098,22,2289,11
2514,16,860,29,1098,22,2359,11
2514,16,860,29,1098,22,2370,11
2514,16,860,29,1098,22,2405,11
2514,16,860,29,1173,16,45,11
2514,16,860,29,1173,16,159,11
2514,16,860,29,1173,16,272,11
2514,16,860,29,1173,16,338,11
2514,16,860,29,1173,16,390,11
2514,16,860,29,1173,16,457,11
2514,16,860,29,1173,16,463,11
2514,16,860,29,1173,16,620,11
2514,16,860,29,1173,16,700,11
2514,16,860,29,1173,16,742,11
2514,16,860,29,1173,16,758,11
2514,16,860,29,1173,16,879,11
2514,16,860,29,1173,16,927,11
2514,16,860,29,1173,16,979,11
2514,16,860,29,1173,16,1003,11
2514,16,860,29,1173,16,1044,11
2514,16,860,29,1173,16,1068,11
2514,16,860,29,1173,16,1153,11
2514,16,860,29,1173,16,1186,11
2514,16,860,29,1173,16,1194,11
2514,16,860,29,1173,16,1259,11
2514,16,860,29,1173,16,1260,11
2514,16,860,29,1173,16,1312,11
2514,16,860,29,1173,16,1388,11
2514,16,860,29,1173,16,1391,11
2514,16,860,29,1173,16,1422,11
2514,16,860,29,1173,16,1556,11
2514,16,860,29,1173,16,1568,11
2514,16,860,29,1173,16,1599,11
2514,16,860,29,1173,16,1747,11
2514,16,860,29,1173,16,1773,11
2514,16,860,29,1173,16,1799,11
2514,16,860,29,1173,16,1818,11
2514,16,860,29,1173,16,1873,11
2514,16,860,29,1173,16,1940,11
2514,16,860,29,1173,16,1956,11
2514,16,860,29,1173,16,1997,11
2514,16,860,29,1173,16,2068,11
2514,16,860,29,1173,16,2079,11
2514,16,860,29,1173,16,2123,11
2514,16,860,29,1173,16,2196,11
2514,16,860,29,1173,16,2206,11
2514,16,860,29,1173,16,2216,11
2514,16,860,29,1173,16,2244,11
2514,16,860,29,1173,16,2259,11
2514,16,860,29,1173,16,2261,11
2514,16,860,29,1173,16,2289,11
2514,16,860,29,1173,16,2359,11
2514,16,860,29,1173,16,2370,11
2514,16,860,29,1173,16,2405,11
2514,16,860,29,1277,27,45,11
2514,16,860,29,1277,27,159,11
2514,16,860,29,1277,27,272,11
2514,16,860,29,1277,27,338,11
2514,16,860,29,1277,27,390,11
2514,16,860,29,1277,27,457,11
2514,16,860,29,1277,27,463,11
2514,16,860,29,1277,27,620,11
2514,16,860,29,1277,27,700,11
2514,16,860,29,1277,27,742,11
2514,16,860,29,1277,27,758,11
2514,16,860,29,1277,27,879,11
2514,16,860,29,1277,27,927,11
2514,16,860,29,1277,27,979,11
2514,16,860,29,1277,27,1003,11
2514,16,860,29,1277,27,1044,11
2514,16,860,29,1277,27,1068,11
2514,16,860,29,1277,27,1153,11
2514,16,860,29,1277,27,1186,11
2514,16,860,29,1277,27,1194,11
2514,16,860,29,1277,27,1259,11
2514,16,860,29,1277,27,1260,11
2514,16,860,29,1277,27,1312,11
2514,16,860,29,1277,27,1388,11
2514,16,860,29,1277,27,1391,11
2514,16,860,29,1277,27,1422,11
2514,16,860,29,1277,27,1556,11
2514,16,860,29,1277,27,1568,11
2514,16,860,29,1277,27,1599,11
2514,16,860,29,1277,27,1747,11
2514,16,860,29,1277,27,1773,11
2514,16,860,29,1277,27,1799,11
2514,16,860,29,1277,27,1818,11
2514,16,860,29,1277,27,1873,11
2514,16,860,29,1277,27,1940,11
2514,16,860,29,1277,27,1956,11
2514,16,860,29,1277,27,1997,11
2514,16,860,29,1277,27,2068,11
2514,16,860,29,1277,27,2079,11
2514,16,860,29,1277,27,2123,11
2514,16,860,29,1277,27,2196,11
2514,16,860,29,1277,27,2206,11
2514,16,860,29,1277,27,2216,11
2514,16,860,29,1277,27,2244,11
2514,16,860,29,1277,27,2259,11
2514,16,860,29,1277,27,2261,11
2514,16,860,29,1277,27,2289,11
2514,16,860,29,1277,27,2359,11
2514,16,860,29,1277,27,2370,11
2514,16,860,29,1277,27,2405,11
2514,16,860,29,1293,49,45,11
2514,16,860,29,1293,49,159,11
2514,16,860,29,1293,49,272,11
2514,16,860,29,1293,49,338,11
2514,16,860,29,1293,49,390,11
2514,16,860,29,1293,49,457,11
2514,16,860,29,1293,49,463,11
2514,16,860,29,1293,49,620,11
2514,16,860,29,1293,49,700,11
2514,16,860,29,1293,49,742,11
2514,16,860,29,1293,49,758,11
2514,16,860,29,1293,49,879,11
2514,16,860,29,1293,49,927,11
2514,16,860,29,1293,49,979,11
2514,16,860,29,1293,49,1003,11
2514,16,860,29,1293,49,1044,11
2514,16,860,29,1293,49,1068,11
2514,16,860,29,1293,49,1153,11
2514,16,860,29,1293,49,1186,11
2514,16,860,29,1293,49,1194,11
2514,16,860,29,1293,49,1259,11
2514,16,860,29,1293,49,1260,11
2514,16,860,29,1293,49,1312,11
2514,16,860,29,1293,49,1388,11
2514,16,860,29,1293,49,1391,11
2514,16,860,29,1293,49,1422,11
2514,16,860,29,1293,49,1556,11
2514,16,860,29,1293,49,1568,11
2514,16,860,29,1293,49,1599,11
2514,16,860,29,1293,49,1747,11
2514,16,860,29,1293,49,1773,11
2514,16,860,29,1293,49,1799,11
2514,16,860,29,1293,49,1818,11
2514,16,860,29,1293,49,1873,11
2514,16,860,29,1293,49,1940,11
2514,16,860,29,1293,49,1956,11
2514,16,860,29,1293,49,1997,11
2514,16,860,29,1293,49,2068,11
2514,16,860,29,1293,49,2079,11
2514,16,860,29,1293,49,2123,11
2514,16,860,29,1293,49,2196,11
2514,16,860,29,1293,49,2206,11
2514,16,860,29,1293,49,2216,11
2514,16,860,29,1293,49,2244,11
2514,16,860,29,1293,49,2259,11
2514,16,860,29,1293,49,2261,11
2514,16,860,29,1293,49,2289,11
2514,16,860,29,1293,49,2359,11
2514,16,860,29,1293,49,2370,11
2514,16,860,29,1293,49,2405,11
2514,16,860,29,1495,31,45,11
2514,16,860,29,1495,31,159,11
2514,16,860,29,1495,31,272,11
2514,16,860,29,1495,31,338,11
2514,16,860,29,1495,31,390,11
2514,16,860,29,1495,31,457,11
2514,16,860,29,1495,31,463,11
2514,16,860,29,1495,31,620,11
2514,16,860,29,1495,31,700,11
2514,16,860,29,1495,31,742,11
2514,16,860,29,1495,31,758,11
2514,16,860,29,1495,31,879,11
2514,16,860,29,1495,31,927,11
2514,16,860,29,1495,31,979,11
2514,16,860,29,1495,31,1003,11
2514,16,860,29,1495,31,1044,11
2514,16,860,29,1495,31,1068,11
2514,16,860,29,1495,31,1153,11
2514,16,860,29,1495,31,1186,11
2514,16,860,29,1495,31,1194,11
2514,16,860,29,1495,31,1259,11
2514,16,860,29,1495,31,1260,11
2514,16,860,29,1495,31,1312,11
2514,16,860,29,1495,31,1388,11
2514,16,860,29,1495,31,1391,11
2514,16,860,29,1495,31,1422,11
2514,16,860,29,1495,31,1556,11
2514,16,860,29,1495,31,1568,11
2514,16,860,29,1495,31,1599,11
2514,16,860,29,1495,31,1747,11
2514,16,860,29,1495,31,1773,11
2514,16,860,29,1495,31,1799,11
2514,16,860,29,1495,31,1818,11
2514,16,860,29,1495,31,1873,11
2514,16,860,29,1495,31,1940,11
2514,16,860,29,1495,31,1956,11
2514,16,860,29,1495,31,1997,11
2514,16,860,29,1495,31,2068,11
2514,16,860,29,1495,31,2079,11
2514,16,860,29,1495,31,2123,11
2514,16,860,29,1495,31,2196,11
2514,16,860,29,1495,31,2206,11
2514,16,860,29,1495,31,2216,11
2514,16,860,29,1495,31,2244,11
2514,16,860,29,1495,31,2259,11
2514,16,860,29,1495,31,2261,11
2514,16,860,29,1495,31,2289,11
2514,16,860,29,1495,31,2359,11
2514,16,860,29,1495,31,2370,11
2514,16,860,29,1495,31,2405,11
2514,16,860,29,1497,43,45,11
2514,16,860,29,1497,43,159,11
2514,16,860,29,1497,43,272,11
2514,16,860,29,1497,43,338,11
2514,16,860,29,1497,43,390,11
2514,16,860,29,1497,43,457,11
2514,16,860,29,1497,43,463,11
2514,16,860,29,1497,43,620,11
2514,16,860,29,1497,43,700,11
2514,16,860,29,1497,43,742,11
2514,16,860,29,1497,43,758,11
2514,16,860,29,1497,43,879,11
2514,16,860,29,1497,43,927,11
2514,16,860,29,1497,43,979,11
2514,16,860,29,1497,43,1003,11
2514,16,860,29,1497,43,1044,11
2514,16,860,29,1497,43,1068,11
2514,16,860,29,1497,43,1153,11
2514,16,860,29,1497,43,1186,11
2514,16,860,29,1497,43,1194,11
2514,16,860,29,1497,43,1259,11
2514,16,860,29,1497,43,1260,11
2514,16,860,29,1497,43,1312,11
2514,16,860,29,1497,43,1388,11
2514,16,860,29,1497,43,1391,11
2514,16,860,29,1497,43,1422,11
2514,16,860,29,1497,43,1556,11
2514,16,860,29,1497,43,1568,11
2514,16,860,29,1497,43,1599,11
2514,16,860,29,1497,43,1747,11
2514,16,860,29,1497,43,1773,11
2514,16,860,29,1497,43,1799,11
2514,16,860,29,1497,43,1818,11
2514,16,860,29,1497,43,1873,11
2514,16,860,29,1497,43,1940,11
2514,16,860,29,1497,43,1956,11
2514,16,860,29,1497,43,1997,11
2514,16,860,29,1497,43,2068,11
2514,16,860,29,1497,43,2079,11
2514,16,860,29,1497,43,2123,11
2514,16,860,29,1497,43,2196,11
2514,16,860,29,1497,43,2206,11
2514,16,860,29,1497,43,2216,11
2514,16,860,29,1497,43,2244,11
2514,16,860,29,1497,43,2259,11
2514,16,860,29,1497,43,2261,11
2514,16,860,29,1497,43,2289,11
2514,16,860,29,1497,43,2359,11
2514,16,860,29,1497,43,2370,11
2514,16,860,29,1497,43,2405,11
2514,16,860,29,1706,29,45,11
2514,16,860,29,1706,29,159,11
2514,16,860,29,1706,29,272,11
2514,16,860,29,1706,29,338,11
2514,16,860,29,1706,29,390,11
2514,16,860,29,1706,29,457,11
2514,16,860,29,1706,29,463,11
2514,16,860,29,1706,29,620,11
2514,16,860,29,1706,29,700,11
2514,16,860,29,1706,29,742,11
2514,16,860,29,1706,29,758,11
2514,16,860,29,1706,29,879,11
2514,16,860,29,1706,29,927,11
2514,16,860,29,1706,29,979,11
2514,16,860,29,1706,29,1003,11
2514,16,860,29,1706,29,1044,11
2514,16,860,29,1706,29,1068,11
2514,16,860,29,1706,29,1153,11
2514,16,860,29,1706,29,1186,11
2514,16,860,29,1706,29,1194,11
2514,16,860,29,1706,29,1259,11
2514,16,860,29,1706,29,1260,11
2514,16,860,29,1706,29,1312,11
2514,16,860,29,1706,29,1388,11
2514,16,860,29,1706,29,1391,11
2514,16,860,29,1706,29,1422,11
2514,16,860,29,1706,29,1556,11
2514,16,860,29,1706,29,1568,11
2514,16,860,29,1706,29,1599,11
2514,16,860,29,1706,29,1747,11
2514,16,860,29,1706,29,1773,11
2514,16,860,29,1706,29,1799,11
2514,16,860,29,1706,29,1818,11
2514,16,860,29,1706,29,1873,11
2514,16,860,29,1706,29,1940,11
2514,16,860,29,1706,29,1956,11
2514,16,860,29,1706,29,1997,11
2514,16,860,29,1706,29,2068,11
2514,16,860,29,1706,29,2079,11
2514,16,860,29,1706,29,2123,11
2514,16,860,29,1706,29,2196,11
2514,16,860,29,1706,29,2206,11
2514,16,860,29,1706,29,2216,11
2514,16,860,29,1706,29,2244,11
2514,16,860,29,1706,29,2259,11
2514,16,860,29,1706,29,2261,11
2514,16,860,29,1706,29,2289,11
2514,16,860,29,1706,29,2359,11
2514,16,860,29,1706,29,2370,11
2514,16,860,29,1706,29,2405,11
