2514,16,1788,8,195,34,45,11
2514,16,1788,8,195,34,159,11
2514,16,1788,8,195,34,272,11
2514,16,1788,8,195,34,338,11
2514,16,1788,8,195,34,390,11
2514,16,1788,8,195,34,457,11
2514,16,1788,8,195,34,463,11
2514,16,1788,8,195,34,620,11
2514,16,1788,8,195,34,700,11
2514,16,1788,8,195,34,742,11
2514,16,1788,8,195,34,758,11
2514,16,1788,8,195,34,879,11
2514,16,1788,8,195,34,927,11
2514,16,1788,8,195,34,979,11
2514,16,1788,8,195,34,1003,11
2514,16,1788,8,195,34,1044,11
2514,16,1788,8,195,34,1068,11
2514,16,1788,8,195,34,1153,11
2514,16,1788,8,195,34,1186,11
2514,16,1788,8,195,34,1194,11
2514,16,1788,8,195,34,1259,11
2514,16,1788,8,195,34,1260,11
2514,16,1788,8,195,34,1312,11
2514,16,1788,8,195,34,1388,11
2514,16,1788,8,195,34,1391,11
2514,16,1788,8,195,34,1422,11
2514,16,1788,8,195,34,1556,11
2514,16,1788,8,195,34,1568,11
2514,16,1788,8,195,34,1599,11
2514,16,1788,8,195,34,1747,11
2514,16,1788,8,195,34,1773,11
2514,16,1788,8,195,34,1799,11
2514,16,1788,8,195,34,1818,11
2514,16,1788,8,195,34,1873,11
2514,16,1788,8,195,34,1940,11
2514,16,1788,8,195,34,1956,11
2514,16,1788,8,195,34,1997,11
2514,16,1788,8,195,34,2068,11
2514,16,1788,8,195,34,2079,11
2514,16,1788,8,195,34,2123,11
2514,16,1788,8,195,34,2196,11
2514,16,1788,8,195,34,2206,11
2514,16,1788,8,195,34,2216,11
2514,16,1788,8,195,34,2244,11
2514,16,1788,8,195,34,2259,11
2514,16,1788,8,195,34,2261,11
2514,16,1788,8,195,34,2289,11
2514,16,1788,8,195,34,2359,11
2514,16,1788,8,195,34,2370,11
2514,16,1788,8,195,34,2405,11
2514,16,1788,8,281,11,45,11
2514,16,1788,8,281,11,159,11
2514,16,1788,8,281,11,272,11
2514,16,1788,8,281,11,338,11
2514,16,1788,8,281,11,390,11
2514,16,1788,8,281,11,457,11
2514,16,1788,8,281,11,463,11
2514,16,1788,8,281,11,620,11
2514,16,1788,8,281,11,700,11
2514,16,1788,8,281,11,742,11
2514,16,1788,8,281,11,758,11
2514,16,1788,8,281,11,879,11
2514,16,1788,8,281,11,927,11
2514,16,1788,8,281,11,979,11
2514,16,1788,8,281,11,1003,11
2514,16,1788,8,281,11,1044,11
2514,16,1788,8,281,11,1068,11
2514,16,1788,8,281,11,1153,11
2514,16,1788,8,281,11,1186,11
2514,16,1788,8,281,11,1194,11
2514,16,1788,8,281,11,1259,11
2514,16,1788,8,281,11,1260,11
2514,16,1788,8,281,11,1312,11
2514,16,1788,8,281,11,1388,11
2514,16,1788,8,281,11,1391,11
2514,16,1788,8,281,11,1422,11
2514,16,1788,8,281,11,1556,11
2514,16,1788,8,281,11,1568,11
2514,16,1788,8,281,11,1599,11
2514,16,1788,8,281,11,1747,11
2514,16,1788,8,281,11,1773,11
2514,16,1788,8,281,11,1799,11
2514,16,1788,8,281,11,1818,11
2514,16,1788,8,281,11,1873,11
2514,16,1788,8,281,11,1940,11
2514,16,1788,8,281,11,1956,11
2514,16,1788,8,281,11,1997,11
2514,16,1788,8,281,11,2068,11
2514,16,1788,8,281,11,2079,11
2514,16,1788,8,281,11,2123,11
2514,16,1788,8,281,11,2196,11
2514,16,1788,8,281,11,2206,11
2514,16,1788,8,281,11,2216,11
2514,16,1788,8,281,11,2244,11
2514,16,1788,8,281,11,2259,11
2514,16,1788,8,281,11,2261,11
2514,16,1788,8,281,11,2289,11
2514,16,1788,8,281,11,2359,11
2514,16,1788,8,281,11,2370,11
2514,16,1788,8,281,11,2405,11
2514,16,1788,8,459,12,45,11
2514,16,1788,8,459,12,159,11
2514,16,1788,8,459,12,272,11
2514,16,1788,8,459,12,338,11
2514,16,1788,8,459,12,390,11
2514,16,1788,8,459,12,457,11
2514,16,1788,8,459,12,463,11
2514,16,1788,8,459,12,620,11
2514,16,1788,8,459,12,700,11
2514,16,1788,8,459,12,742,11
2514,16,1788,8,459,12,758,11
2514,16,1788,8,459,12,879,11
2514,16,1788,8,459,12,927,11
2514,16,1788,8,459,12,979,11
2514,16,1788,8,459,12,1003,11
2514,16,1788,8,459,12,1044,11
2514,16,1788,8,459,12,1068,11
2514,16,1788,8,459,12,1153,11
2514,16,1788,8,459,12,1186,11
2514,16,1788,8,459,12,1194,11
2514,16,1788,8,459,12,1259,11
2514,16,1788,8,459,12,1260,11
2514,16,1788,8,459,12,1312,11
2514,16,1788,8,459,12,1388,11
2514,16,1788,8,459,12,1391,11
2514,16,1788,8,459,12,1422,11
2514,16,1788,8,459,12,1556,11
2514,16,1788,8,459,12,1568,11
2514,16,1788,8,459,12,1599,11
2514,16,1788,8,459,12,1747,11
2514,16,1788,8,459,12,1773,11
2514,16,1788,8,459,12,1799,11
2514,16,1788,8,459,12,1818,11
2514,16,1788,8,459,12,1873,11
2514,16,1788,8,459,12,1940,11
2514,16,1788,8,459,12,1956,11
2514,16,1788,8,459,12,1997,11
2514,16,1788,8,459,12,2068,11
2514,16,1788,8,459,12,2079,11
2514,16,1788,8,459,12,2123,11
2514,16,1788,8,459,12,2196,11
2514,16,1788,8,459,12,2206,11
2514,16,1788,8,459,12,2216,11
2514,16,1788,8,459,12,2244,11
2514,16,1788,8,459,12,2259,11
2514,16,1788,8,459,12,2261,11
2514,16,1788,8,459,12,2289,11
2514,16,1788,8,459,12,2359,11
2514,16,1788,8,459,12,2370,11
2514,16,1788,8,459,12,2405,11
2514,16,1788,8,758,10,159,11
2514,16,1788,8,758,10,272,11
2514,16,1788,8,758,10,338,11
2514,16,1788,8,758,10,457,11
2514,16,1788,8,758,10,463,11
2514,16,1788,8,758,10,700,11
2514,16,1788,8,758,10,742,11
2514,16,1788,8,758,10,758,11
2514,16,1788,8,758,10,879,11
2514,16,1788,8,758,10,927,11
2514,16,1788,8,758,10,1003,11
2514,16,1788,8,758,10,1044,11
2514,16,1788,8,758,10,1068,11
2514,16,1788,8,758,10,1153,11
2514,16,1788,8,758,10,1186,11
2514,16,1788,8,758,10,1194,11
2514,16,1788,8,758,10,1259,11
2514,16,1788,8,758,10,1260,11
2514,16,1788,8,758,10,1312,11
2514,16,1788,8,758,10,1388,11
2514,16,1788,8,758,10,1391,11
2514,16,1788,8,758,10,1422,11
2514,16,1788,8,758,10,1556,11
2514,16,1788,8,758,10,1568,11
2514,16,1788,8,758,10,1599,11
2514,16,1788,8,758,10,1747,11
2514,16,1788,8,758,10,1773,11
2514,16,1788,8,758,10,1818,11
2514,16,1788,8,758,10,1873,11
2514,16,1788,8,758,10,1940,11
2514,16,1788,8,758,10,1997,11
2514,16,1788,8,758,10,2068,11
2514,16,1788,8,758,10,2079,11
2514,16,1788,8,758,10,2123,11
2514,16,1788,8,758,10,2196,11
2514,16,1788,8,758,10,2216,11
2514,16,1788,8,758,10,2259,11
2514,16,1788,8,758,10,2289,11
2514,16,1788,8,758,10,2370,11
2514,16,1788,8,758,10,2405,11
2514,16,1788,8,805,45,45,11
2514,16,1788,8,805,45,159,11
2514,16,1788,8,805,45,272,11
2514,16,1788,8,805,45,338,11
2514,16,1788,8,805,45,390,11
2514,16,1788,8,805,45,457,11
2514,16,1788,8,805,45,463,11
2514,16,1788,8,805,45,620,11
2514,16,1788,8,805,45,700,11
2514,16,1788,8,805,45,742,11
2514,16,1788,8,805,45,758,11
2514,16,1788,8,805,45,879,11
2514,16,1788,8,805,45,927,11
2514,16,1788,8,805,45,979,11
2514,16,1788,8,805,45,1003,11
2514,16,1788,8,805,45,1044,11
2514,16,1788,8,805,45,1068,11
2514,16,1788,8,805,45,1153,11
2514,16,1788,8,805,45,1186,11
2514,16,1788,8,805,45,1194,11
2514,16,1788,8,805,45,1259,11
2514,16,1788,8,805,45,1260,11
2514,16,1788,8,805,45,1312,11
2514,16,1788,8,805,45,1388,11
2514,16,1788,8,805,45,1391,11
2514,16,1788,8,805,45,1422,11
2514,16,1788,8,805,45,1556,11
2514,16,1788,8,805,45,1568,11
2514,16,1788,8,805,45,1599,11
2514,16,1788,8,805,45,1747,11
2514,16,1788,8,805,45,1773,11
2514,16,1788,8,805,45,1799,11
2514,16,1788,8,805,45,1818,11
2514,16,1788,8,805,45,1873,11
2514,16,1788,8,805,45,1940,11
2514,16,1788,8,805,45,1956,11
2514,16,1788,8,805,45,1997,11
2514,16,1788,8,805,45,2068,11
2514,16,1788,8,805,45,2079,11
2514,16,1788,8,805,45,2123,11
2514,16,1788,8,805,45,2196,11
2514,16,1788,8,805,45,2206,11
2514,16,1788,8,805,45,2216,11
2514,16,1788,8,805,45,2244,11
2514,16,1788,8,805,45,2259,11
2514,16,1788,8,805,45,2261,11
2514,16,1788,8,805,45,2289,11
2514,16,1788,8,805,45,2359,11
2514,16,1788,8,805,45,2370,11
2514,16,1788,8,805,45,2405,11
2514,16,1788,8,1381,39,45,11
2514,16,1788,8,1381,39,159,11
2514,16,1788,8,1381,39,272,11
2514,16,1788,8,1381,39,338,11
2514,16,1788,8,1381,39,390,11
2514,16,1788,8,1381,39,457,11
2514,16,1788,8,1381,39,463,11
2514,16,1788,8,1381,39,620,11
2514,16,1788,8,1381,39,700,11
2514,16,1788,8,1381,39,742,11
2514,16,1788,8,1381,39,758,11
2514,16,1788,8,1381,39,879,11
2514,16,1788,8,1381,39,927,11
2514,16,1788,8,1381,39,979,11
2514,16,1788,8,1381,39,1003,11
2514,16,1788,8,1381,39,1044,11
2514,16,1788,8,1381,39,1068,11
2514,16,1788,8,1381,39,1153,11
2514,16,1788,8,1381,39,1186,11
2514,16,1788,8,1381,39,1194,11
2514,16,1788,8,1381,39,1259,11
2514,16,1788,8,1381,39,1260,11
2514,16,1788,8,1381,39,1312,11
2514,16,1788,8,1381,39,1388,11
2514,16,1788,8,1381,39,1391,11
2514,16,1788,8,1381,39,1422,11
2514,16,1788,8,1381,39,1556,11
2514,16,1788,8,1381,39,1568,11
2514,16,1788,8,1381,39,1599,11
2514,16,1788,8,1381,39,1747,11
2514,16,1788,8,1381,39,1773,11
2514,16,1788,8,1381,39,1799,11
2514,16,1788,8,1381,39,1818,11
2514,16,1788,8,1381,39,1873,11
2514,16,1788,8,1381,39,1940,11
2514,16,1788,8,1381,39,1956,11
2514,16,1788,8,1381,39,1997,11
2514,16,1788,8,1381,39,2068,11
2514,16,1788,8,1381,39,2079,11
2514,16,1788,8,1381,39,2123,11
2514,16,1788,8,1381,39,2196,11
2514,16,1788,8,1381,39,2206,11
2514,16,1788,8,1381,39,2216,11
2514,16,1788,8,1381,39,2244,11
2514,16,1788,8,1381,39,2259,11
2514,16,1788,8,1381,39,2261,11
2514,16,1788,8,1381,39,2289,11
2514,16,1788,8,1381,39,2359,11
2514,16,1788,8,1381,39,2370,11
2514,16,1788,8,1381,39,2405,11
2514,16,1788,8,1390,37,45,11
2514,16,1788,8,1390,37,159,11
2514,16,1788,8,1390,37,272,11
2514,16,1788,8,1390,37,338,11
2514,16,1788,8,1390,37,390,11
2514,16,1788,8,1390,37,457,11
2514,16,1788,8,1390,37,463,11
2514,16,1788,8,1390,37,620,11
2514,16,1788,8,1390,37,700,11
2514,16,1788,8,1390,37,742,11
2514,16,1788,8,1390,37,758,11
2514,16,1788,8,1390,37,879,11
2514,16,1788,8,1390,37,927,11
2514,16,1788,8,1390,37,979,11
2514,16,1788,8,1390,37,1003,11
2514,16,1788,8,1390,37,1044,11
2514,16,1788,8,1390,37,1068,11
2514,16,1788,8,1390,37,1153,11
2514,16,1788,8,1390,37,1186,11
2514,16,1788,8,1390,37,1194,11
2514,16,1788,8,1390,37,1259,11
2514,16,1788,8,1390,37,1260,11
2514,16,1788,8,1390,37,1312,11
2514,16,1788,8,1390,37,1388,11
2514,16,1788,8,1390,37,1391,11
2514,16,1788,8,1390,37,1422,11
2514,16,1788,8,1390,37,1556,11
2514,16,1788,8,1390,37,1568,11
2514,16,1788,8,1390,37,1599,11
2514,16,1788,8,1390,37,1747,11
2514,16,1788,8,1390,37,1773,11
2514,16,1788,8,1390,37,1799,11
2514,16,1788,8,1390,37,1818,11
2514,16,1788,8,1390,37,1873,11
2514,16,1788,8,1390,37,1940,11
2514,16,1788,8,1390,37,1956,11
2514,16,1788,8,1390,37,1997,11
2514,16,1788,8,1390,37,2068,11
2514,16,1788,8,1390,37,2079,11
2514,16,1788,8,1390,37,2123,11
2514,16,1788,8,1390,37,2196,11
2514,16,1788,8,1390,37,2206,11
2514,16,1788,8,1390,37,2216,11
2514,16,1788,8,1390,37,2244,11
2514,16,1788,8,1390,37,2259,11
2514,16,1788,8,1390,37,2261,11
2514,16,1788,8,1390,37,2289,11
2514,16,1788,8,1390,37,2359,11
2514,16,1788,8,1390,37,2370,11
2514,16,1788,8,1390,37,2405,11
2514,16,1788,8,1432,30,45,11
2514,16,1788,8,1432,30,159,11
2514,16,1788,8,1432,30,272,11
2514,16,1788,8,1432,30,338,11
2514,16,1788,8,1432,30,390,11
2514,16,1788,8,1432,30,457,11
2514,16,1788,8,1432,30,463,11
2514,16,1788,8,1432,30,620,11
2514,16,1788,8,1432,30,700,11
2514,16,1788,8,1432,30,742,11
2514,16,1788,8,1432,30,758,11
2514,16,1788,8,1432,30,879,11
2514,16,1788,8,1432,30,927,11
2514,16,1788,8,1432,30,979,11
2514,16,1788,8,1432,30,1003,11
2514,16,1788,8,1432,30,1044,11
2514,16,1788,8,1432,30,1068,11
2514,16,1788,8,1432,30,1153,11
2514,16,1788,8,1432,30,1186,11
2514,16,1788,8,1432,30,1194,11
2514,16,1788,8,1432,30,1259,11
2514,16,1788,8,1432,30,1260,11
2514,16,1788,8,1432,30,1312,11
2514,16,1788,8,1432,30,1388,11
2514,16,1788,8,1432,30,1391,11
2514,16,1788,8,1432,30,1422,11
2514,16,1788,8,1432,30,1556,11
2514,16,1788,8,1432,30,1568,11
2514,16,1788,8,1432,30,1599,11
2514,16,1788,8,1432,30,1747,11
2514,16,1788,8,1432,30,1773,11
2514,16,1788,8,1432,30,1799,11
2514,16,1788,8,1432,30,1818,11
2514,16,1788,8,1432,30,1873,11
2514,16,1788,8,1432,30,1940,11
2514,16,1788,8,1432,30,1956,11
2514,16,1788,8,1432,30,1997,11
2514,16,1788,8,1432,30,2068,11
2514,16,1788,8,1432,30,2079,11
2514,16,1788,8,1432,30,2123,11
2514,16,1788,8,1432,30,2196,11
2514,16,1788,8,1432,30,2206,11
2514,16,1788,8,1432,30,2216,11
2514,16,1788,8,1432,30,2244,11
2514,16,1788,8,1432,30,2259,11
2514,16,1788,8,1432,30,2261,11
2514,16,1788,8,1432,30,2289,11
2514,16,1788,8,1432,30,2359,11
2514,16,1788,8,1432,30,2370,11
2514,16,1788,8,1432,30,2405,11
2514,16,1788,8,1589,16,45,11
2514,16,1788,8,1589,16,159,11
2514,16,1788,8,1589,16,272,11
2514,16,1788,8,1589,16,338,11
2514,16,1788,8,1589,16,390,11
2514,16,1788,8,1589,16,457,11
2514,16,1788,8,1589,16,463,11
2514,16,1788,8,1589,16,620,11
2514,16,1788,8,1589,16,700,11
2514,16,1788,8,1589,16,742,11
2514,16,1788,8,1589,16,758,11
2514,16,1788,8,1589,16,879,11
2514,16,1788,8,1589,16,927,11
2514,16,1788,8,1589,16,979,11
2514,16,1788,8,1589,16,1003,11
2514,16,1788,8,1589,16,1044,11
2514,16,1788,8,1589,16,1068,11
2514,16,1788,8,1589,16,1153,11
2514,16,1788,8,1589,16,1186,11
2514,16,1788,8,1589,16,1194,11
2514,16,1788,8,1589,16,1259,11
2514,16,1788,8,1589,16,1260,11
2514,16,1788,8,1589,16,1312,11
2514,16,1788,8,1589,16,1388,11
2514,16,1788,8,1589,16,1391,11
2514,16,1788,8,1589,16,1422,11
2514,16,1788,8,1589,16,1556,11
2514,16,1788,8,1589,16,1568,11
2514,16,1788,8,1589,16,1599,11
2514,16,1788,8,1589,16,1747,11
2514,16,1788,8,1589,16,1773,11
2514,16,1788,8,1589,16,1799,11
2514,16,1788,8,1589,16,1818,11
2514,16,1788,8,1589,16,1873,11
2514,16,1788,8,1589,16,1940,11
2514,16,1788,8,1589,16,1956,11
2514,16,1788,8,1589,16,1997,11
2514,16,1788,8,1589,16,2068,11
2514,16,1788,8,1589,16,2079,11
2514,16,1788,8,1589,16,2123,11
2514,16,1788,8,1589,16,2196,11
2514,16,1788,8,1589,16,2206,11
2514,16,1788,8,1589,16,2216,11
2514,16,1788,8,1589,16,2244,11
2514,16,1788,8,1589,16,2259,11
2514,16,1788,8,1589,16,2261,11
2514,16,1788,8,1589,16,2289,11
2514,16,1788,8,1589,16,2359,11
2514,16,1788,8,1589,16,2370,11
2514,16,1788,8,1589,16,2405,11
2514,16,1788,8,1643,40,45,11
2514,16,1788,8,1643,40,159,11
2514,16,1788,8,1643,40,272,11
2514,16,1788,8,1643,40,338,11
2514,16,1788,8,1643,40,390,11
2514,16,1788,8,1643,40,457,11
2514,16,1788,8,1643,40,463,11
2514,16,1788,8,1643,40,620,11
2514,16,1788,8,1643,40,700,11
2514,16,1788,8,1643,40,742,11
2514,16,1788,8,1643,40,758,11
2514,16,1788,8,1643,40,879,11
2514,16,1788,8,1643,40,927,11
2514,16,1788,8,1643,40,979,11
2514,16,1788,8,1643,40,1003,11
2514,16,1788,8,1643,40,1044,11
2514,16,1788,8,1643,40,1068,11
2514,16,1788,8,1643,40,1153,11
2514,16,1788,8,1643,40,1186,11
2514,16,1788,8,1643,40,1194,11
2514,16,1788,8,1643,40,1259,11
2514,16,1788,8,1643,40,1260,11
2514,16,1788,8,1643,40,1312,11
2514,16,1788,8,1643,40,1388,11
2514,16,1788,8,1643,40,1391,11
2514,16,1788,8,1643,40,1422,11
2514,16,1788,8,1643,40,1556,11
2514,16,1788,8,1643,40,1568,11
2514,16,1788,8,1643,40,1599,11
2514,16,1788,8,1643,40,1747,11
2514,16,1788,8,1643,40,1773,11
2514,16,1788,8,1643,40,1799,11
2514,16,1788,8,1643,40,1818,11
2514,16,1788,8,1643,40,1873,11
2514,16,1788,8,1643,40,1940,11
2514,16,1788,8,1643,40,1956,11
2514,16,1788,8,1643,40,1997,11
2514,16,1788,8,1643,40,2068,11
2514,16,1788,8,1643,40,2079,11
2514,16,1788,8,1643,40,2123,11
2514,16,1788,8,1643,40,2196,11
2514,16,1788,8,1643,40,2206,11
2514,16,1788,8,1643,40,2216,11
2514,16,1788,8,1643,40,2244,11
2514,16,1788,8,1643,40,2259,11
2514,16,1788,8,1643,40,2261,11
2514,16,1788,8,1643,40,2289,11
2514,16,1788,8,1643,40,2359,11
2514,16,1788,8,1643,40,2370,11
2514,16,1788,8,1643,40,2405,11
2514,16,1788,8,1872,20,45,11
2514,16,1788,8,1872,20,159,11
2514,16,1788,8,1872,20,272,11
2514,16,1788,8,1872,20,338,11
2514,16,1788,8,1872,20,390,11
2514,16,1788,8,1872,20,457,11
2514,16,1788,8,1872,20,463,11
2514,16,1788,8,1872,20,620,11
2514,16,1788,8,1872,20,700,11
2514,16,1788,8,1872,20,742,11
2514,16,1788,8,1872,20,758,11
2514,16,1788,8,1872,20,879,11
2514,16,1788,8,1872,20,927,11
2514,16,1788,8,1872,20,979,11
2514,16,1788,8,1872,20,1003,11
2514,16,1788,8,1872,20,1044,11
2514,16,1788,8,1872,20,1068,11
2514,16,1788,8,1872,20,1153,11
2514,16,1788,8,1872,20,1186,11
2514,16,1788,8,1872,20,1194,11
2514,16,1788,8,1872,20,1259,11
2514,16,1788,8,1872,20,1260,11
2514,16,1788,8,1872,20,1312,11
2514,16,1788,8,1872,20,1388,11
2514,16,1788,8,1872,20,1391,11
2514,16,1788,8,1872,20,1422,11
2514,16,1788,8,1872,20,1556,11
2514,16,1788,8,1872,20,1568,11
2514,16,1788,8,1872,20,1599,11
2514,16,1788,8,1872,20,1747,11
2514,16,1788,8,1872,20,1773,11
2514,16,1788,8,1872,20,1799,11
2514,16,1788,8,1872,20,1818,11
2514,16,1788,8,1872,20,1873,11
2514,16,1788,8,1872,20,1940,11
2514,16,1788,8,1872,20,1956,11
2514,16,1788,8,1872,20,1997,11
2514,16,1788,8,1872,20,2068,11
2514,16,1788,8,1872,20,2079,11
2514,16,1788,8,1872,20,2123,11
2514,16,1788,8,1872,20,2196,11
2514,16,1788,8,1872,20,2206,11
2514,16,1788,8,1872,20,2216,11
2514,16,1788,8,1872,20,2244,11
2514,16,1788,8,1872,20,2259,11
2514,16,1788,8,1872,20,2261,11
2514,16,1788,8,1872,20,2289,11
2514,16,1788,8,1872,20,2359,11
2514,16,1788,8,1872,20,2370,11
2514,16,1788,8,1872,20,2405,11
2514,16,1788,8,1879,43,45,11
2514,16,1788,8,1879,43,159,11
2514,16,1788,8,1879,43,272,11
2514,16,1788,8,1879,43,338,11
2514,16,1788,8,1879,43,390,11
2514,16,1788,8,1879,43,457,11
2514,16,1788,8,1879,43,463,11
2514,16,1788,8,1879,43,620,11
2514,16,1788,8,1879,43,700,11
2514,16,1788,8,1879,43,742,11
2514,16,1788,8,1879,43,758,11
2514,16,1788,8,1879,43,879,11
2514,16,1788,8,1879,43,927,11
2514,16,1788,8,1879,43,979,11
2514,16,1788,8,1879,43,1003,11
2514,16,1788,8,1879,43,1044,11
2514,16,1788,8,1879,43,1068,11
2514,16,1788,8,1879,43,1153,11
2514,16,1788,8,1879,43,1186,11
2514,16,1788,8,1879,43,1194,11
2514,16,1788,8,1879,43,1259,11
2514,16,1788,8,1879,43,1260,11
2514,16,1788,8,1879,43,1312,11
2514,16,1788,8,1879,43,1388,11
2514,16,1788,8,1879,43,1391,11
2514,16,1788,8,1879,43,1422,11
2514,16,1788,8,1879,43,1556,11
2514,16,1788,8,1879,43,1568,11
2514,16,1788,8,1879,43,1599,11
2514,16,1788,8,1879,43,1747,11
2514,16,1788,8,1879,43,1773,11
2514,16,1788,8,1879,43,1799,11
2514,16,1788,8,1879,43,1818,11
2514,16,1788,8,1879,43,1873,11
2514,16,1788,8,1879,43,1940,11
2514,16,1788,8,1879,43,1956,11
2514,16,1788,8,1879,43,1997,11
2514,16,1788,8,1879,43,2068,11
2514,16,1788,8,1879,43,2079,11
2514,16,1788,8,1879,43,2123,11
2514,16,1788,8,1879,43,2196,11
2514,16,1788,8,1879,43,2206,11
2514,16,1788,8,1879,43,2216,11
2514,16,1788,8,1879,43,2244,11
2514,16,1788,8,1879,43,2259,11
2514,16,1788,8,1879,43,2261,11
2514,16,1788,8,1879,43,2289,11
2514,16,1788,8,1879,43,2359,11
2514,16,1788,8,1879,43,2370,11
2514,16,1788,8,1879,43,2405,11
2514,16,1788,8,1958,33,45,11
2514,16,1788,8,1958,33,159,11
2514,16,1788,8,1958,33,272,11
2514,16,1788,8,1958,33,338,11
2514,16,1788,8,1958,33,390,11
2514,16,1788,8,1958,33,457,11
2514,16,1788,8,1958,33,463,11
2514,16,1788,8,1958,33,620,11
2514,16,1788,8,1958,33,700,11
2514,16,1788,8,1958,33,742,11
2514,16,1788,8,1958,33,758,11
2514,16,1788,8,1958,33,879,11
2514,16,1788,8,1958,33,927,11
2514,16,1788,8,1958,33,979,11
2514,16,1788,8,1958,33,1003,11
2514,16,1788,8,1958,33,1044,11
2514,16,1788,8,1958,33,1068,11
2514,16,1788,8,1958,33,1153,11
2514,16,1788,8,1958,33,1186,11
2514,16,1788,8,1958,33,1194,11
2514,16,1788,8,1958,33,1259,11
2514,16,1788,8,1958,33,1260,11
2514,16,1788,8,1958,33,1312,11
2514,16,1788,8,1958,33,1388,11
2514,16,1788,8,1958,33,1391,11
2514,16,1788,8,1958,33,1422,11
2514,16,1788,8,1958,33,1556,11
2514,16,1788,8,1958,33,1568,11
2514,16,1788,8,1958,33,1599,11
2514,16,1788,8,1958,33,1747,11
2514,16,1788,8,1958,33,1773,11
2514,16,1788,8,1958,33,1799,11
2514,16,1788,8,1958,33,1818,11
2514,16,1788,8,1958,33,1873,11
2514,16,1788,8,1958,33,1940,11
2514,16,1788,8,1958,33,1956,11
2514,16,1788,8,1958,33,1997,11
2514,16,1788,8,1958,33,2068,11
2514,16,1788,8,1958,33,2079,11
2514,16,1788,8,1958,33,2123,11
2514,16,1788,8,1958,33,2196,11
2514,16,1788,8,1958,33,2206,11
2514,16,1788,8,1958,33,2216,11
2514,16,1788,8,1958,33,2244,11
2514,16,1788,8,1958,33,2259,11
2514,16,1788,8,1958,33,2261,11
2514,16,1788,8,1958,33,2289,11
2514,16,1788,8,1958,33,2359,11
2514,16,1788,8,1958,33,2370,11
2514,16,1788,8,1958,33,2405,11
