2514,16,194,22,66,14,45,11
2514,16,194,22,66,14,159,11
2514,16,194,22,66,14,272,11
2514,16,194,22,66,14,338,11
2514,16,194,22,66,14,390,11
2514,16,194,22,66,14,457,11
2514,16,194,22,66,14,463,11
2514,16,194,22,66,14,620,11
2514,16,194,22,66,14,700,11
2514,16,194,22,66,14,742,11
2514,16,194,22,66,14,758,11
2514,16,194,22,66,14,879,11
2514,16,194,22,66,14,927,11
2514,16,194,22,66,14,979,11
2514,16,194,22,66,14,1003,11
2514,16,194,22,66,14,1044,11
2514,16,194,22,66,14,1068,11
2514,16,194,22,66,14,1153,11
2514,16,194,22,66,14,1186,11
2514,16,194,22,66,14,1194,11
2514,16,194,22,66,14,1259,11
2514,16,194,22,66,14,1260,11
2514,16,194,22,66,14,1312,11
2514,16,194,22,66,14,1388,11
2514,16,194,22,66,14,1391,11
2514,16,194,22,66,14,1422,11
2514,16,194,22,66,14,1556,11
2514,16,194,22,66,14,1568,11
2514,16,194,22,66,14,1599,11
2514,16,194,22,66,14,1747,11
2514,16,194,22,66,14,1773,11
2514,16,194,22,66,14,1799,11
2514,16,194,22,66,14,1818,11
2514,16,194,22,66,14,1873,11
2514,16,194,22,66,14,1940,11
2514,16,194,22,66,14,1956,11
2514,16,194,22,66,14,1997,11
2514,16,194,22,66,14,2068,11
2514,16,194,22,66,14,2079,11
2514,16,194,22,66,14,2123,11
2514,16,194,22,66,14,2196,11
2514,16,194,22,66,14,2206,11
2514,16,194,22,66,14,2216,11
2514,16,194,22,66,14,2244,11
2514,16,194,22,66,14,2259,11
2514,16,194,22,66,14,2261,11
2514,16,194,22,66,14,2289,11
2514,16,194,22,66,14,2359,11
2514,16,194,22,66,14,2370,11
2514,16,194,22,66,14,2405,11
2514,16,194,22,175,19,45,11
2514,16,194,22,175,19,159,11
2514,16,194,22,175,19,272,11
2514,16,194,22,175,19,338,11
2514,16,194,22,175,19,390,11
2514,16,194,22,175,19,457,11
2514,16,194,22,175,19,463,11
2514,16,194,22,175,19,620,11
2514,16,194,22,175,19,700,11
2514,16,194,22,175,19,742,11
2514,16,194,22,175,19,758,11
2514,16,194,22,175,19,879,11
2514,16,194,22,175,19,927,11
2514,16,194,22,175,19,979,11
2514,16,194,22,175,19,1003,11
2514,16,194,22,175,19,1044,11
2514,16,194,22,175,19,1068,11
2514,16,194,22,175,19,1153,11
2514,16,194,22,175,19,1186,11
2514,16,194,22,175,19,1194,11
2514,16,194,22,175,19,1259,11
2514,16,194,22,175,19,1260,11
2514,16,194,22,175,19,1312,11
2514,16,194,22,175,19,1388,11
2514,16,194,22,175,19,1391,11
2514,16,194,22,175,19,1422,11
2514,16,194,22,175,19,1556,11
2514,16,194,22,175,19,1568,11
2514,16,194,22,175,19,1599,11
2514,16,194,22,175,19,1747,11
2514,16,194,22,175,19,1773,11
2514,16,194,22,175,19,1799,11
2514,16,194,22,175,19,1818,11
2514,16,194,22,175,19,1873,11
2514,16,194,22,175,19,1940,11
2514,16,194,22,175,19,1956,11
2514,16,194,22,175,19,1997,11
2514,16,194,22,175,19,2068,11
2514,16,194,22,175,19,2079,11
2514,16,194,22,175,19,2123,11
2514,16,194,22,175,19,2196,11
2514,16,194,22,175,19,2206,11
2514,16,194,22,175,19,2216,11
2514,16,194,22,175,19,2244,11
2514,16,194,22,175,19,2259,11
2514,16,194,22,175,19,2261,11
2514,16,194,22,175,19,2289,11
2514,16,194,22,175,19,2359,11
2514,16,194,22,175,19,2370,11
2514,16,194,22,175,19,2405,11
2514,16,194,22,190,10,45,11
2514,16,194,22,190,10,159,11
2514,16,194,22,190,10,272,11
2514,16,194,22,190,10,338,11
2514,16,194,22,190,10,390,11
2514,16,194,22,190,10,457,11
2514,16,194,22,190,10,463,11
2514,16,194,22,190,10,620,11
2514,16,194,22,190,10,700,11
2514,16,194,22,190,10,742,11
2514,16,194,22,190,10,758,11
2514,16,194,22,190,10,879,11
2514,16,194,22,190,10,927,11
2514,16,194,22,190,10,979,11
2514,16,194,22,190,10,1003,11
2514,16,194,22,190,10,1044,11
2514,16,194,22,190,10,1068,11
2514,16,194,22,190,10,1153,11
2514,16,194,22,190,10,1186,11
2514,16,194,22,190,10,1194,11
2514,16,194,22,190,10,1259,11
2514,16,194,22,190,10,1260,11
2514,16,194,22,190,10,1312,11
2514,16,194,22,190,10,1388,11
2514,16,194,22,190,10,1391,11
2514,16,194,22,190,10,1422,11
2514,16,194,22,190,10,1556,11
2514,16,194,22,190,10,1568,11
2514,16,194,22,190,10,1599,11
2514,16,194,22,190,10,1747,11
2514,16,194,22,190,10,1773,11
2514,16,194,22,190,10,1799,11
2514,16,194,22,190,10,1818,11
2514,16,194,22,190,10,1873,11
2514,16,194,22,190,10,1940,11
2514,16,194,22,190,10,1956,11
2514,16,194,22,190,10,1997,11
2514,16,194,22,190,10,2068,11
2514,16,194,22,190,10,2079,11
2514,16,194,22,190,10,2123,11
2514,16,194,22,190,10,2196,11
2514,16,194,22,190,10,2206,11
2514,16,194,22,190,10,2216,11
2514,16,194,22,190,10,2244,11
2514,16,194,22,190,10,2259,11
2514,16,194,22,190,10,2261,11
2514,16,194,22,190,10,2289,11
2514,16,194,22,190,10,2359,11
2514,16,194,22,190,10,2370,11
2514,16,194,22,190,10,2405,11
2514,16,194,22,367,47,45,11
2514,16,194,22,367,47,159,11
2514,16,194,22,367,47,272,11
2514,16,194,22,367,47,338,11
2514,16,194,22,367,47,390,11
2514,16,194,22,367,47,457,11
2514,16,194,22,367,47,463,11
2514,16,194,22,367,47,620,11
2514,16,194,22,367,47,700,11
2514,16,194,22,367,47,742,11
2514,16,194,22,367,47,758,11
2514,16,194,22,367,47,879,11
2514,16,194,22,367,47,927,11
2514,16,194,22,367,47,979,11
2514,16,194,22,367,47,1003,11
2514,16,194,22,367,47,1044,11
2514,16,194,22,367,47,1068,11
2514,16,194,22,367,47,1153,11
2514,16,194,22,367,47,1186,11
2514,16,194,22,367,47,1194,11
2514,16,194,22,367,47,1259,11
2514,16,194,22,367,47,1260,11
2514,16,194,22,367,47,1312,11
2514,16,194,22,367,47,1388,11
2514,16,194,22,367,47,1391,11
2514,16,194,22,367,47,1422,11
2514,16,194,22,367,47,1556,11
2514,16,194,22,367,47,1568,11
2514,16,194,22,367,47,1599,11
2514,16,194,22,367,47,1747,11
2514,16,194,22,367,47,1773,11
2514,16,194,22,367,47,1799,11
2514,16,194,22,367,47,1818,11
2514,16,194,22,367,47,1873,11
2514,16,194,22,367,47,1940,11
2514,16,194,22,367,47,1956,11
2514,16,194,22,367,47,1997,11
2514,16,194,22,367,47,2068,11
2514,16,194,22,367,47,2079,11
2514,16,194,22,367,47,2123,11
2514,16,194,22,367,47,2196,11
2514,16,194,22,367,47,2206,11
2514,16,194,22,367,47,2216,11
2514,16,194,22,367,47,2244,11
2514,16,194,22,367,47,2259,11
2514,16,194,22,367,47,2261,11
2514,16,194,22,367,47,2289,11
2514,16,194,22,367,47,2359,11
2514,16,194,22,367,47,2370,11
2514,16,194,22,367,47,2405,11
2514,16,194,22,537,37,45,11
2514,16,194,22,537,37,159,11
2514,16,194,22,537,37,272,11
2514,16,194,22,537,37,338,11
2514,16,194,22,537,37,390,11
2514,16,194,22,537,37,457,11
2514,16,194,22,537,37,463,11
2514,16,194,22,537,37,620,11
2514,16,194,22,537,37,700,11
2514,16,194,22,537,37,742,11
2514,16,194,22,537,37,758,11
2514,16,194,22,537,37,879,11
2514,16,194,22,537,37,927,11
2514,16,194,22,537,37,979,11
2514,16,194,22,537,37,1003,11
2514,16,194,22,537,37,1044,11
2514,16,194,22,537,37,1068,11
2514,16,194,22,537,37,1153,11
2514,16,194,22,537,37,1186,11
2514,16,194,22,537,37,1194,11
2514,16,194,22,537,37,1259,11
2514,16,194,22,537,37,1260,11
2514,16,194,22,537,37,1312,11
2514,16,194,22,537,37,1388,11
2514,16,194,22,537,37,1391,11
2514,16,194,22,537,37,1422,11
2514,16,194,22,537,37,1556,11
2514,16,194,22,537,37,1568,11
2514,16,194,22,537,37,1599,11
2514,16,194,22,537,37,1747,11
2514,16,194,22,537,37,1773,11
2514,16,194,22,537,37,1799,11
2514,16,194,22,537,37,1818,11
2514,16,194,22,537,37,1873,11
2514,16,194,22,537,37,1940,11
2514,16,194,22,537,37,1956,11
2514,16,194,22,537,37,1997,11
2514,16,194,22,537,37,2068,11
2514,16,194,22,537,37,2079,11
2514,16,194,22,537,37,2123,11
2514,16,194,22,537,37,2196,11
2514,16,194,22,537,37,2206,11
2514,16,194,22,537,37,2216,11
2514,16,194,22,537,37,2244,11
2514,16,194,22,537,37,2259,11
2514,16,194,22,537,37,2261,11
2514,16,194,22,537,37,2289,11
2514,16,194,22,537,37,2359,11
2514,16,194,22,537,37,2370,11
2514,16,194,22,537,37,2405,11
2514,16,194,22,807,48,45,11
2514,16,194,22,807,48,159,11
2514,16,194,22,807,48,272,11
2514,16,194,22,807,48,338,11
2514,16,194,22,807,48,390,11
2514,16,194,22,807,48,457,11
2514,16,194,22,807,48,463,11
2514,16,194,22,807,48,620,11
2514,16,194,22,807,48,700,11
2514,16,194,22,807,48,742,11
2514,16,194,22,807,48,758,11
2514,16,194,22,807,48,879,11
2514,16,194,22,807,48,927,11
2514,16,194,22,807,48,979,11
2514,16,194,22,807,48,1003,11
2514,16,194,22,807,48,1044,11
2514,16,194,22,807,48,1068,11
2514,16,194,22,807,48,1153,11
2514,16,194,22,807,48,1186,11
2514,16,194,22,807,48,1194,11
2514,16,194,22,807,48,1259,11
2514,16,194,22,807,48,1260,11
2514,16,194,22,807,48,1312,11
2514,16,194,22,807,48,1388,11
2514,16,194,22,807,48,1391,11
2514,16,194,22,807,48,1422,11
2514,16,194,22,807,48,1556,11
2514,16,194,22,807,48,1568,11
2514,16,194,22,807,48,1599,11
2514,16,194,22,807,48,1747,11
2514,16,194,22,807,48,1773,11
2514,16,194,22,807,48,1799,11
2514,16,194,22,807,48,1818,11
2514,16,194,22,807,48,1873,11
2514,16,194,22,807,48,1940,11
2514,16,194,22,807,48,1956,11
2514,16,194,22,807,48,1997,11
2514,16,194,22,807,48,2068,11
2514,16,194,22,807,48,2079,11
2514,16,194,22,807,48,2123,11
2514,16,194,22,807,48,2196,11
2514,16,194,22,807,48,2206,11
2514,16,194,22,807,48,2216,11
2514,16,194,22,807,48,2244,11
2514,16,194,22,807,48,2259,11
2514,16,194,22,807,48,2261,11
2514,16,194,22,807,48,2289,11
2514,16,194,22,807,48,2359,11
2514,16,194,22,807,48,2370,11
2514,16,194,22,807,48,2405,11
2514,16,194,22,1352,15,45,11
2514,16,194,22,1352,15,159,11
2514,16,194,22,1352,15,272,11
2514,16,194,22,1352,15,338,11
2514,16,194,22,1352,15,390,11
2514,16,194,22,1352,15,457,11
2514,16,194,22,1352,15,463,11
2514,16,194,22,1352,15,620,11
2514,16,194,22,1352,15,700,11
2514,16,194,22,1352,15,742,11
2514,16,194,22,1352,15,758,11
2514,16,194,22,1352,15,879,11
2514,16,194,22,1352,15,927,11
2514,16,194,22,1352,15,979,11
2514,16,194,22,1352,15,1003,11
2514,16,194,22,1352,15,1044,11
2514,16,194,22,1352,15,1068,11
2514,16,194,22,1352,15,1153,11
2514,16,194,22,1352,15,1186,11
2514,16,194,22,1352,15,1194,11
2514,16,194,22,1352,15,1259,11
2514,16,194,22,1352,15,1260,11
2514,16,194,22,1352,15,1312,11
2514,16,194,22,1352,15,1388,11
2514,16,194,22,1352,15,1391,11
2514,16,194,22,1352,15,1422,11
2514,16,194,22,1352,15,1556,11
2514,16,194,22,1352,15,1568,11
2514,16,194,22,1352,15,1599,11
2514,16,194,22,1352,15,1747,11
2514,16,194,22,1352,15,1773,11
2514,16,194,22,1352,15,1799,11
2514,16,194,22,1352,15,1818,11
2514,16,194,22,1352,15,1873,11
2514,16,194,22,1352,15,1940,11
2514,16,194,22,1352,15,1956,11
2514,16,194,22,1352,15,1997,11
2514,16,194,22,1352,15,2068,11
2514,16,194,22,1352,15,2079,11
2514,16,194,22,1352,15,2123,11
2514,16,194,22,1352,15,2196,11
2514,16,194,22,1352,15,2206,11
2514,16,194,22,1352,15,2216,11
2514,16,194,22,1352,15,2244,11
2514,16,194,22,1352,15,2259,11
2514,16,194,22,1352,15,2261,11
2514,16,194,22,1352,15,2289,11
2514,16,194,22,1352,15,2359,11
2514,16,194,22,1352,15,2370,11
2514,16,194,22,1352,15,2405,11
2514,16,194,22,1419,29,45,11
2514,16,194,22,1419,29,159,11
2514,16,194,22,1419,29,272,11
2514,16,194,22,1419,29,338,11
2514,16,194,22,1419,29,390,11
2514,16,194,22,1419,29,457,11
2514,16,194,22,1419,29,463,11
2514,16,194,22,1419,29,620,11
2514,16,194,22,1419,29,700,11
2514,16,194,22,1419,29,742,11
2514,16,194,22,1419,29,758,11
2514,16,194,22,1419,29,879,11
2514,16,194,22,1419,29,927,11
2514,16,194,22,1419,29,979,11
2514,16,194,22,1419,29,1003,11
2514,16,194,22,1419,29,1044,11
2514,16,194,22,1419,29,1068,11
2514,16,194,22,1419,29,1153,11
2514,16,194,22,1419,29,1186,11
2514,16,194,22,1419,29,1194,11
2514,16,194,22,1419,29,1259,11
2514,16,194,22,1419,29,1260,11
2514,16,194,22,1419,29,1312,11
2514,16,194,22,1419,29,1388,11
2514,16,194,22,1419,29,1391,11
2514,16,194,22,1419,29,1422,11
2514,16,194,22,1419,29,1556,11
2514,16,194,22,1419,29,1568,11
2514,16,194,22,1419,29,1599,11
2514,16,194,22,1419,29,1747,11
2514,16,194,22,1419,29,1773,11
2514,16,194,22,1419,29,1799,11
2514,16,194,22,1419,29,1818,11
2514,16,194,22,1419,29,1873,11
2514,16,194,22,1419,29,1940,11
2514,16,194,22,1419,29,1956,11
2514,16,194,22,1419,29,1997,11
2514,16,194,22,1419,29,2068,11
2514,16,194,22,1419,29,2079,11
2514,16,194,22,1419,29,2123,11
2514,16,194,22,1419,29,2196,11
2514,16,194,22,1419,29,2206,11
2514,16,194,22,1419,29,2216,11
2514,16,194,22,1419,29,2244,11
2514,16,194,22,1419,29,2259,11
2514,16,194,22,1419,29,2261,11
2514,16,194,22,1419,29,2289,11
2514,16,194,22,1419,29,2359,11
2514,16,194,22,1419,29,2370,11
2514,16,194,22,1419,29,2405,11
2514,16,194,22,1484,34,45,11
2514,16,194,22,1484,34,338,11
2514,16,194,22,1484,34,390,11
2514,16,194,22,1484,34,620,11
2514,16,194,22,1484,34,742,11
2514,16,194,22,1484,34,758,11
2514,16,194,22,1484,34,979,11
2514,16,194,22,1484,34,1044,11
2514,16,194,22,1484,34,1186,11
2514,16,194,22,1484,34,1259,11
2514,16,194,22,1484,34,1312,11
2514,16,194,22,1484,34,1773,11
2514,16,194,22,1484,34,1799,11
2514,16,194,22,1484,34,1956,11
2514,16,194,22,1484,34,1997,11
2514,16,194,22,1484,34,2206,11
2514,16,194,22,1484,34,2244,11
2514,16,194,22,1484,34,2261,11
2514,16,194,22,1484,34,2289,11
2514,16,194,22,1484,34,2359,11
2514,16,194,22,1686,13,45,11
2514,16,194,22,1686,13,159,11
2514,16,194,22,1686,13,272,11
2514,16,194,22,1686,13,338,11
2514,16,194,22,1686,13,390,11
2514,16,194,22,1686,13,457,11
2514,16,194,22,1686,13,463,11
2514,16,194,22,1686,13,620,11
2514,16,194,22,1686,13,700,11
2514,16,194,22,1686,13,742,11
2514,16,194,22,1686,13,758,11
2514,16,194,22,1686,13,879,11
2514,16,194,22,1686,13,927,11
2514,16,194,22,1686,13,979,11
2514,16,194,22,1686,13,1003,11
2514,16,194,22,1686,13,1044,11
2514,16,194,22,1686,13,1068,11
2514,16,194,22,1686,13,1153,11
2514,16,194,22,1686,13,1186,11
2514,16,194,22,1686,13,1194,11
2514,16,194,22,1686,13,1259,11
2514,16,194,22,1686,13,1260,11
2514,16,194,22,1686,13,1312,11
2514,16,194,22,1686,13,1388,11
2514,16,194,22,1686,13,1391,11
2514,16,194,22,1686,13,1422,11
2514,16,194,22,1686,13,1556,11
2514,16,194,22,1686,13,1568,11
2514,16,194,22,1686,13,1599,11
2514,16,194,22,1686,13,1747,11
2514,16,194,22,1686,13,1773,11
2514,16,194,22,1686,13,1799,11
2514,16,194,22,1686,13,1818,11
2514,16,194,22,1686,13,1873,11
2514,16,194,22,1686,13,1940,11
2514,16,194,22,1686,13,1956,11
2514,16,194,22,1686,13,1997,11
2514,16,194,22,1686,13,2068,11
2514,16,194,22,1686,13,2079,11
2514,16,194,22,1686,13,2123,11
2514,16,194,22,1686,13,2196,11
2514,16,194,22,1686,13,2206,11
2514,16,194,22,1686,13,2216,11
2514,16,194,22,1686,13,2244,11
2514,16,194,22,1686,13,2259,11
2514,16,194,22,1686,13,2261,11
2514,16,194,22,1686,13,2289,11
2514,16,194,22,1686,13,2359,11
2514,16,194,22,1686,13,2370,11
2514,16,194,22,1686,13,2405,11
2514,16,194,22,1723,36,45,11
2514,16,194,22,1723,36,159,11
2514,16,194,22,1723,36,272,11
2514,16,194,22,1723,36,338,11
2514,16,194,22,1723,36,390,11
2514,16,194,22,1723,36,457,11
2514,16,194,22,1723,36,463,11
2514,16,194,22,1723,36,620,11
2514,16,194,22,1723,36,700,11
2514,16,194,22,1723,36,742,11
2514,16,194,22,1723,36,758,11
2514,16,194,22,1723,36,879,11
2514,16,194,22,1723,36,927,11
2514,16,194,22,1723,36,979,11
2514,16,194,22,1723,36,1003,11
2514,16,194,22,1723,36,1044,11
2514,16,194,22,1723,36,1068,11
2514,16,194,22,1723,36,1153,11
2514,16,194,22,1723,36,1186,11
2514,16,194,22,1723,36,1194,11
2514,16,194,22,1723,36,1259,11
2514,16,194,22,1723,36,1260,11
2514,16,194,22,1723,36,1312,11
2514,16,194,22,1723,36,1388,11
2514,16,194,22,1723,36,1391,11
2514,16,194,22,1723,36,1422,11
2514,16,194,22,1723,36,1556,11
2514,16,194,22,1723,36,1568,11
2514,16,194,22,1723,36,1599,11
2514,16,194,22,1723,36,1747,11
2514,16,194,22,1723,36,1773,11
2514,16,194,22,1723,36,1799,11
2514,16,194,22,1723,36,1818,11
2514,16,194,22,1723,36,1873,11
2514,16,194,22,1723,36,1940,11
2514,16,194,22,1723,36,1956,11
2514,16,194,22,1723,36,1997,11
2514,16,194,22,1723,36,2068,11
2514,16,194,22,1723,36,2079,11
2514,16,194,22,1723,36,2123,11
2514,16,194,22,1723,36,2196,11
2514,16,194,22,1723,36,2206,11
2514,16,194,22,1723,36,2216,11
2514,16,194,22,1723,36,2244,11
2514,16,194,22,1723,36,2259,11
2514,16,194,22,1723,36,2261,11
2514,16,194,22,1723,36,2289,11
2514,16,194,22,1723,36,2359,11
2514,16,194,22,1723,36,2370,11
2514,16,194,22,1723,36,2405,11
2514,16,194,22,1736,42,159,11
2514,16,194,22,1736,42,457,11
2514,16,194,22,1736,42,463,11
2514,16,194,22,1736,42,700,11
2514,16,194,22,1736,42,879,11
2514,16,194,22,1736,42,927,11
2514,16,194,22,1736,42,1003,11
2514,16,194,22,1736,42,1153,11
2514,16,194,22,1736,42,1194,11
2514,16,194,22,1736,42,1388,11
2514,16,194,22,1736,42,1556,11
2514,16,194,22,1736,42,1568,11
2514,16,194,22,1736,42,1599,11
2514,16,194,22,1736,42,1818,11
2514,16,194,22,1736,42,1873,11
2514,16,194,22,1736,42,1940,11
2514,16,194,22,1736,42,2123,11
2514,16,194,22,1736,42,2196,11
2514,16,194,22,1736,42,2216,11
2514,16,194,22,1736,42,2370,11
2514,16,194,22,1893,38,45,11
2514,16,194,22,1893,38,159,11
2514,16,194,22,1893,38,272,11
2514,16,194,22,1893,38,338,11
2514,16,194,22,1893,38,390,11
2514,16,194,22,1893,38,457,11
2514,16,194,22,1893,38,463,11
2514,16,194,22,1893,38,620,11
2514,16,194,22,1893,38,700,11
2514,16,194,22,1893,38,742,11
2514,16,194,22,1893,38,758,11
2514,16,194,22,1893,38,879,11
2514,16,194,22,1893,38,927,11
2514,16,194,22,1893,38,979,11
2514,16,194,22,1893,38,1003,11
2514,16,194,22,1893,38,1044,11
2514,16,194,22,1893,38,1068,11
2514,16,194,22,1893,38,1153,11
2514,16,194,22,1893,38,1186,11
2514,16,194,22,1893,38,1194,11
2514,16,194,22,1893,38,1259,11
2514,16,194,22,1893,38,1260,11
2514,16,194,22,1893,38,1312,11
2514,16,194,22,1893,38,1388,11
2514,16,194,22,1893,38,1391,11
2514,16,194,22,1893,38,1422,11
2514,16,194,22,1893,38,1556,11
2514,16,194,22,1893,38,1568,11
2514,16,194,22,1893,38,1599,11
2514,16,194,22,1893,38,1747,11
2514,16,194,22,1893,38,1773,11
2514,16,194,22,1893,38,1799,11
2514,16,194,22,1893,38,1818,11
2514,16,194,22,1893,38,1873,11
2514,16,194,22,1893,38,1940,11
2514,16,194,22,1893,38,1956,11
2514,16,194,22,1893,38,1997,11
2514,16,194,22,1893,38,2068,11
2514,16,194,22,1893,38,2079,11
2514,16,194,22,1893,38,2123,11
2514,16,194,22,1893,38,2196,11
2514,16,194,22,1893,38,2206,11
2514,16,194,22,1893,38,2216,11
2514,16,194,22,1893,38,2244,11
2514,16,194,22,1893,38,2259,11
2514,16,194,22,1893,38,2261,11
2514,16,194,22,1893,38,2289,11
2514,16,194,22,1893,38,2359,11
2514,16,194,22,1893,38,2370,11
2514,16,194,22,1893,38,2405,11
2514,16,194,22,1983,15,45,11
2514,16,194,22,1983,15,159,11
2514,16,194,22,1983,15,272,11
2514,16,194,22,1983,15,338,11
2514,16,194,22,1983,15,390,11
2514,16,194,22,1983,15,457,11
2514,16,194,22,1983,15,463,11
2514,16,194,22,1983,15,620,11
2514,16,194,22,1983,15,700,11
2514,16,194,22,1983,15,742,11
2514,16,194,22,1983,15,758,11
2514,16,194,22,1983,15,879,11
2514,16,194,22,1983,15,927,11
2514,16,194,22,1983,15,979,11
2514,16,194,22,1983,15,1003,11
2514,16,194,22,1983,15,1044,11
2514,16,194,22,1983,15,1068,11
2514,16,194,22,1983,15,1153,11
2514,16,194,22,1983,15,1186,11
2514,16,194,22,1983,15,1194,11
2514,16,194,22,1983,15,1259,11
2514,16,194,22,1983,15,1260,11
2514,16,194,22,1983,15,1312,11
2514,16,194,22,1983,15,1388,11
2514,16,194,22,1983,15,1391,11
2514,16,194,22,1983,15,1422,11
2514,16,194,22,1983,15,1556,11
2514,16,194,22,1983,15,1568,11
2514,16,194,22,1983,15,1599,11
2514,16,194,22,1983,15,1747,11
2514,16,194,22,1983,15,1773,11
2514,16,194,22,1983,15,1799,11
2514,16,194,22,1983,15,1818,11
2514,16,194,22,1983,15,1873,11
2514,16,194,22,1983,15,1940,11
2514,16,194,22,1983,15,1956,11
2514,16,194,22,1983,15,1997,11
2514,16,194,22,1983,15,2068,11
2514,16,194,22,1983,15,2079,11
2514,16,194,22,1983,15,2123,11
2514,16,194,22,1983,15,2196,11
2514,16,194,22,1983,15,2206,11
2514,16,194,22,1983,15,2216,11
2514,16,194,22,1983,15,2244,11
2514,16,194,22,1983,15,2259,11
2514,16,194,22,1983,15,2261,11
2514,16,194,22,1983,15,2289,11
2514,16,194,22,1983,15,2359,11
2514,16,194,22,1983,15,2370,11
2514,16,194,22,1983,15,2405,11
