2514,16,828,18,148,17,45,11
2514,16,828,18,148,17,159,11
2514,16,828,18,148,17,272,11
2514,16,828,18,148,17,338,11
2514,16,828,18,148,17,390,11
2514,16,828,18,148,17,457,11
2514,16,828,18,148,17,463,11
2514,16,828,18,148,17,620,11
2514,16,828,18,148,17,700,11
2514,16,828,18,148,17,742,11
2514,16,828,18,148,17,758,11
2514,16,828,18,148,17,879,11
2514,16,828,18,148,17,927,11
2514,16,828,18,148,17,979,11
2514,16,828,18,148,17,1003,11
2514,16,828,18,148,17,1044,11
2514,16,828,18,148,17,1068,11
2514,16,828,18,148,17,1153,11
2514,16,828,18,148,17,1186,11
2514,16,828,18,148,17,1194,11
2514,16,828,18,148,17,1259,11
2514,16,828,18,148,17,1260,11
2514,16,828,18,148,17,1312,11
2514,16,828,18,148,17,1388,11
2514,16,828,18,148,17,1391,11
2514,16,828,18,148,17,1422,11
2514,16,828,18,148,17,1556,11
2514,16,828,18,148,17,1568,11
2514,16,828,18,148,17,1599,11
2514,16,828,18,148,17,1747,11
2514,16,828,18,148,17,1773,11
2514,16,828,18,148,17,1799,11
2514,16,828,18,148,17,1818,11
2514,16,828,18,148,17,1873,11
2514,16,828,18,148,17,1940,11
2514,16,828,18,148,17,1956,11
2514,16,828,18,148,17,1997,11
2514,16,828,18,148,17,2068,11
2514,16,828,18,148,17,2079,11
2514,16,828,18,148,17,2123,11
2514,16,828,18,148,17,2196,11
2514,16,828,18,148,17,2206,11
2514,16,828,18,148,17,2216,11
2514,16,828,18,148,17,2244,11
2514,16,828,18,148,17,2259,11
2514,16,828,18,148,17,2261,11
2514,16,828,18,148,17,2289,11
2514,16,828,18,148,17,2359,11
2514,16,828,18,148,17,2370,11
2514,16,828,18,148,17,2405,11
2514,16,828,18,186,47,45,11
2514,16,828,18,186,47,159,11
2514,16,828,18,186,47,272,11
2514,16,828,18,186,47,338,11
2514,16,828,18,186,47,390,11
2514,16,828,18,186,47,457,11
2514,16,828,18,186,47,463,11
2514,16,828,18,186,47,620,11
2514,16,828,18,186,47,700,11
2514,16,828,18,186,47,742,11
2514,16,828,18,186,47,758,11
2514,16,828,18,186,47,879,11
2514,16,828,18,186,47,927,11
2514,16,828,18,186,47,979,11
2514,16,828,18,186,47,1003,11
2514,16,828,18,186,47,1044,11
2514,16,828,18,186,47,1068,11
2514,16,828,18,186,47,1153,11
2514,16,828,18,186,47,1186,11
2514,16,828,18,186,47,1194,11
2514,16,828,18,186,47,1259,11
2514,16,828,18,186,47,1260,11
2514,16,828,18,186,47,1312,11
2514,16,828,18,186,47,1388,11
2514,16,828,18,186,47,1391,11
2514,16,828,18,186,47,1422,11
2514,16,828,18,186,47,1556,11
2514,16,828,18,186,47,1568,11
2514,16,828,18,186,47,1599,11
2514,16,828,18,186,47,1747,11
2514,16,828,18,186,47,1773,11
2514,16,828,18,186,47,1799,11
2514,16,828,18,186,47,1818,11
2514,16,828,18,186,47,1873,11
2514,16,828,18,186,47,1940,11
2514,16,828,18,186,47,1956,11
2514,16,828,18,186,47,1997,11
2514,16,828,18,186,47,2068,11
2514,16,828,18,186,47,2079,11
2514,16,828,18,186,47,2123,11
2514,16,828,18,186,47,2196,11
2514,16,828,18,186,47,2206,11
2514,16,828,18,186,47,2216,11
2514,16,828,18,186,47,2244,11
2514,16,828,18,186,47,2259,11
2514,16,828,18,186,47,2261,11
2514,16,828,18,186,47,2289,11
2514,16,828,18,186,47,2359,11
2514,16,828,18,186,47,2370,11
2514,16,828,18,186,47,2405,11
2514,16,828,18,225,48,45,11
2514,16,828,18,225,48,159,11
2514,16,828,18,225,48,272,11
2514,16,828,18,225,48,338,11
2514,16,828,18,225,48,390,11
2514,16,828,18,225,48,463,11
2514,16,828,18,225,48,620,11
2514,16,828,18,225,48,742,11
2514,16,828,18,225,48,758,11
2514,16,828,18,225,48,879,11
2514,16,828,18,225,48,979,11
2514,16,828,18,225,48,1044,11
2514,16,828,18,225,48,1068,11
2514,16,828,18,225,48,1186,11
2514,16,828,18,225,48,1259,11
2514,16,828,18,225,48,1260,11
2514,16,828,18,225,48,1312,11
2514,16,828,18,225,48,1388,11
2514,16,828,18,225,48,1391,11
2514,16,828,18,225,48,1422,11
2514,16,828,18,225,48,1556,11
2514,16,828,18,225,48,1747,11
2514,16,828,18,225,48,1773,11
2514,16,828,18,225,48,1799,11
2514,16,828,18,225,48,1873,11
2514,16,828,18,225,48,1956,11
2514,16,828,18,225,48,1997,11
2514,16,828,18,225,48,2068,11
2514,16,828,18,225,48,2079,11
2514,16,828,18,225,48,2123,11
2514,16,828,18,225,48,2196,11
2514,16,828,18,225,48,2206,11
2514,16,828,18,225,48,2216,11
2514,16,828,18,225,48,2244,11
2514,16,828,18,225,48,2259,11
2514,16,828,18,225,48,2261,11
2514,16,828,18,225,48,2289,11
2514,16,828,18,225,48,2359,11
2514,16,828,18,225,48,2370,11
2514,16,828,18,225,48,2405,11
2514,16,828,18,253,22,45,11
2514,16,828,18,253,22,159,11
2514,16,828,18,253,22,272,11
2514,16,828,18,253,22,338,11
2514,16,828,18,253,22,390,11
2514,16,828,18,253,22,457,11
2514,16,828,18,253,22,463,11
2514,16,828,18,253,22,620,11
2514,16,828,18,253,22,700,11
2514,16,828,18,253,22,742,11
2514,16,828,18,253,22,758,11
2514,16,828,18,253,22,879,11
2514,16,828,18,253,22,927,11
2514,16,828,18,253,22,979,11
2514,16,828,18,253,22,1003,11
2514,16,828,18,253,22,1044,11
2514,16,828,18,253,22,1068,11
2514,16,828,18,253,22,1153,11
2514,16,828,18,253,22,1186,11
2514,16,828,18,253,22,1194,11
2514,16,828,18,253,22,1259,11
2514,16,828,18,253,22,1260,11
2514,16,828,18,253,22,1312,11
2514,16,828,18,253,22,1388,11
2514,16,828,18,253,22,1391,11
2514,16,828,18,253,22,1422,11
2514,16,828,18,253,22,1556,11
2514,16,828,18,253,22,1568,11
2514,16,828,18,253,22,1599,11
2514,16,828,18,253,22,1747,11
2514,16,828,18,253,22,1773,11
2514,16,828,18,253,22,1799,11
2514,16,828,18,253,22,1818,11
2514,16,828,18,253,22,1873,11
2514,16,828,18,253,22,1940,11
2514,16,828,18,253,22,1956,11
2514,16,828,18,253,22,1997,11
2514,16,828,18,253,22,2068,11
2514,16,828,18,253,22,2079,11
2514,16,828,18,253,22,2123,11
2514,16,828,18,253,22,2196,11
2514,16,828,18,253,22,2206,11
2514,16,828,18,253,22,2216,11
2514,16,828,18,253,22,2244,11
2514,16,828,18,253,22,2259,11
2514,16,828,18,253,22,2261,11
2514,16,828,18,253,22,2289,11
2514,16,828,18,253,22,2359,11
2514,16,828,18,253,22,2370,11
2514,16,828,18,253,22,2405,11
2514,16,828,18,356,23,45,11
2514,16,828,18,356,23,159,11
2514,16,828,18,356,23,272,11
2514,16,828,18,356,23,338,11
2514,16,828,18,356,23,390,11
2514,16,828,18,356,23,457,11
2514,16,828,18,356,23,463,11
2514,16,828,18,356,23,620,11
2514,16,828,18,356,23,700,11
2514,16,828,18,356,23,742,11
2514,16,828,18,356,23,758,11
2514,16,828,18,356,23,879,11
2514,16,828,18,356,23,927,11
2514,16,828,18,356,23,979,11
2514,16,828,18,356,23,1003,11
2514,16,828,18,356,23,1044,11
2514,16,828,18,356,23,1068,11
2514,16,828,18,356,23,1153,11
2514,16,828,18,356,23,1186,11
2514,16,828,18,356,23,1194,11
2514,16,828,18,356,23,1259,11
2514,16,828,18,356,23,1260,11
2514,16,828,18,356,23,1312,11
2514,16,828,18,356,23,1388,11
2514,16,828,18,356,23,1391,11
2514,16,828,18,356,23,1422,11
2514,16,828,18,356,23,1556,11
2514,16,828,18,356,23,1568,11
2514,16,828,18,356,23,1599,11
2514,16,828,18,356,23,1747,11
2514,16,828,18,356,23,1773,11
2514,16,828,18,356,23,1799,11
2514,16,828,18,356,23,1818,11
2514,16,828,18,356,23,1873,11
2514,16,828,18,356,23,1940,11
2514,16,828,18,356,23,1956,11
2514,16,828,18,356,23,1997,11
2514,16,828,18,356,23,2068,11
2514,16,828,18,356,23,2079,11
2514,16,828,18,356,23,2123,11
2514,16,828,18,356,23,2196,11
2514,16,828,18,356,23,2206,11
2514,16,828,18,356,23,2216,11
2514,16,828,18,356,23,2244,11
2514,16,828,18,356,23,2259,11
2514,16,828,18,356,23,2261,11
2514,16,828,18,356,23,2289,11
2514,16,828,18,356,23,2359,11
2514,16,828,18,356,23,2370,11
2514,16,828,18,356,23,2405,11
2514,16,828,18,473,13,45,11
2514,16,828,18,473,13,159,11
2514,16,828,18,473,13,272,11
2514,16,828,18,473,13,338,11
2514,16,828,18,473,13,390,11
2514,16,828,18,473,13,457,11
2514,16,828,18,473,13,463,11
2514,16,828,18,473,13,620,11
2514,16,828,18,473,13,700,11
2514,16,828,18,473,13,742,11
2514,16,828,18,473,13,758,11
2514,16,828,18,473,13,879,11
2514,16,828,18,473,13,927,11
2514,16,828,18,473,13,979,11
2514,16,828,18,473,13,1003,11
2514,16,828,18,473,13,1044,11
2514,16,828,18,473,13,1068,11
2514,16,828,18,473,13,1153,11
2514,16,828,18,473,13,1186,11
2514,16,828,18,473,13,1194,11
2514,16,828,18,473,13,1259,11
2514,16,828,18,473,13,1260,11
2514,16,828,18,473,13,1312,11
2514,16,828,18,473,13,1388,11
2514,16,828,18,473,13,1391,11
2514,16,828,18,473,13,1422,11
2514,16,828,18,473,13,1556,11
2514,16,828,18,473,13,1568,11
2514,16,828,18,473,13,1599,11
2514,16,828,18,473,13,1747,11
2514,16,828,18,473,13,1773,11
2514,16,828,18,473,13,1799,11
2514,16,828,18,473,13,1818,11
2514,16,828,18,473,13,1873,11
2514,16,828,18,473,13,1940,11
2514,16,828,18,473,13,1956,11
2514,16,828,18,473,13,1997,11
2514,16,828,18,473,13,2068,11
2514,16,828,18,473,13,2079,11
2514,16,828,18,473,13,2123,11
2514,16,828,18,473,13,2196,11
2514,16,828,18,473,13,2206,11
2514,16,828,18,473,13,2216,11
2514,16,828,18,473,13,2244,11
2514,16,828,18,473,13,2259,11
2514,16,828,18,473,13,2261,11
2514,16,828,18,473,13,2289,11
2514,16,828,18,473,13,2359,11
2514,16,828,18,473,13,2370,11
2514,16,828,18,473,13,2405,11
2514,16,828,18,748,24,45,11
2514,16,828,18,748,24,159,11
2514,16,828,18,748,24,272,11
2514,16,828,18,748,24,338,11
2514,16,828,18,748,24,390,11
2514,16,828,18,748,24,457,11
2514,16,828,18,748,24,463,11
2514,16,828,18,748,24,620,11
2514,16,828,18,748,24,700,11
2514,16,828,18,748,24,742,11
2514,16,828,18,748,24,758,11
2514,16,828,18,748,24,879,11
2514,16,828,18,748,24,927,11
2514,16,828,18,748,24,979,11
2514,16,828,18,748,24,1003,11
2514,16,828,18,748,24,1044,11
2514,16,828,18,748,24,1068,11
2514,16,828,18,748,24,1153,11
2514,16,828,18,748,24,1186,11
2514,16,828,18,748,24,1194,11
2514,16,828,18,748,24,1259,11
2514,16,828,18,748,24,1260,11
2514,16,828,18,748,24,1312,11
2514,16,828,18,748,24,1388,11
2514,16,828,18,748,24,1391,11
2514,16,828,18,748,24,1422,11
2514,16,828,18,748,24,1556,11
2514,16,828,18,748,24,1568,11
2514,16,828,18,748,24,1599,11
2514,16,828,18,748,24,1747,11
2514,16,828,18,748,24,1773,11
2514,16,828,18,748,24,1799,11
2514,16,828,18,748,24,1818,11
2514,16,828,18,748,24,1873,11
2514,16,828,18,748,24,1940,11
2514,16,828,18,748,24,1956,11
2514,16,828,18,748,24,1997,11
2514,16,828,18,748,24,2068,11
2514,16,828,18,748,24,2079,11
2514,16,828,18,748,24,2123,11
2514,16,828,18,748,24,2196,11
2514,16,828,18,748,24,2206,11
2514,16,828,18,748,24,2216,11
2514,16,828,18,748,24,2244,11
2514,16,828,18,748,24,2259,11
2514,16,828,18,748,24,2261,11
2514,16,828,18,748,24,2289,11
2514,16,828,18,748,24,2359,11
2514,16,828,18,748,24,2370,11
2514,16,828,18,748,24,2405,11
2514,16,828,18,808,23,45,11
2514,16,828,18,808,23,159,11
2514,16,828,18,808,23,272,11
2514,16,828,18,808,23,338,11
2514,16,828,18,808,23,390,11
2514,16,828,18,808,23,457,11
2514,16,828,18,808,23,463,11
2514,16,828,18,808,23,620,11
2514,16,828,18,808,23,700,11
2514,16,828,18,808,23,742,11
2514,16,828,18,808,23,758,11
2514,16,828,18,808,23,879,11
2514,16,828,18,808,23,927,11
2514,16,828,18,808,23,979,11
2514,16,828,18,808,23,1003,11
2514,16,828,18,808,23,1044,11
2514,16,828,18,808,23,1068,11
2514,16,828,18,808,23,1153,11
2514,16,828,18,808,23,1186,11
2514,16,828,18,808,23,1194,11
2514,16,828,18,808,23,1259,11
2514,16,828,18,808,23,1260,11
2514,16,828,18,808,23,1312,11
2514,16,828,18,808,23,1388,11
2514,16,828,18,808,23,1391,11
2514,16,828,18,808,23,1422,11
2514,16,828,18,808,23,1556,11
2514,16,828,18,808,23,1568,11
2514,16,828,18,808,23,1599,11
2514,16,828,18,808,23,1747,11
2514,16,828,18,808,23,1773,11
2514,16,828,18,808,23,1799,11
2514,16,828,18,808,23,1818,11
2514,16,828,18,808,23,1873,11
2514,16,828,18,808,23,1940,11
2514,16,828,18,808,23,1956,11
2514,16,828,18,808,23,1997,11
2514,16,828,18,808,23,2068,11
2514,16,828,18,808,23,2079,11
2514,16,828,18,808,23,2123,11
2514,16,828,18,808,23,2196,11
2514,16,828,18,808,23,2206,11
2514,16,828,18,808,23,2216,11
2514,16,828,18,808,23,2244,11
2514,16,828,18,808,23,2259,11
2514,16,828,18,808,23,2261,11
2514,16,828,18,808,23,2289,11
2514,16,828,18,808,23,2359,11
2514,16,828,18,808,23,2370,11
2514,16,828,18,808,23,2405,11
2514,16,828,18,916,19,45,11
2514,16,828,18,916,19,159,11
2514,16,828,18,916,19,272,11
2514,16,828,18,916,19,338,11
2514,16,828,18,916,19,390,11
2514,16,828,18,916,19,457,11
2514,16,828,18,916,19,463,11
2514,16,828,18,916,19,620,11
2514,16,828,18,916,19,700,11
2514,16,828,18,916,19,742,11
2514,16,828,18,916,19,758,11
2514,16,828,18,916,19,879,11
2514,16,828,18,916,19,927,11
2514,16,828,18,916,19,979,11
2514,16,828,18,916,19,1003,11
2514,16,828,18,916,19,1044,11
2514,16,828,18,916,19,1068,11
2514,16,828,18,916,19,1153,11
2514,16,828,18,916,19,1186,11
2514,16,828,18,916,19,1194,11
2514,16,828,18,916,19,1259,11
2514,16,828,18,916,19,1260,11
2514,16,828,18,916,19,1312,11
2514,16,828,18,916,19,1388,11
2514,16,828,18,916,19,1391,11
2514,16,828,18,916,19,1422,11
2514,16,828,18,916,19,1556,11
2514,16,828,18,916,19,1568,11
2514,16,828,18,916,19,1599,11
2514,16,828,18,916,19,1747,11
2514,16,828,18,916,19,1773,11
2514,16,828,18,916,19,1799,11
2514,16,828,18,916,19,1818,11
2514,16,828,18,916,19,1873,11
2514,16,828,18,916,19,1940,11
2514,16,828,18,916,19,1956,11
2514,16,828,18,916,19,1997,11
2514,16,828,18,916,19,2068,11
2514,16,828,18,916,19,2079,11
2514,16,828,18,916,19,2123,11
2514,16,828,18,916,19,2196,11
2514,16,828,18,916,19,2206,11
2514,16,828,18,916,19,2216,11
2514,16,828,18,916,19,2244,11
2514,16,828,18,916,19,2259,11
2514,16,828,18,916,19,2261,11
2514,16,828,18,916,19,2289,11
2514,16,828,18,916,19,2359,11
2514,16,828,18,916,19,2370,11
2514,16,828,18,916,19,2405,11
2514,16,828,18,1276,25,45,11
2514,16,828,18,1276,25,159,11
2514,16,828,18,1276,25,272,11
2514,16,828,18,1276,25,338,11
2514,16,828,18,1276,25,390,11
2514,16,828,18,1276,25,457,11
2514,16,828,18,1276,25,463,11
2514,16,828,18,1276,25,620,11
2514,16,828,18,1276,25,700,11
2514,16,828,18,1276,25,742,11
2514,16,828,18,1276,25,758,11
2514,16,828,18,1276,25,879,11
2514,16,828,18,1276,25,927,11
2514,16,828,18,1276,25,979,11
2514,16,828,18,1276,25,1003,11
2514,16,828,18,1276,25,1044,11
2514,16,828,18,1276,25,1068,11
2514,16,828,18,1276,25,1153,11
2514,16,828,18,1276,25,1186,11
2514,16,828,18,1276,25,1194,11
2514,16,828,18,1276,25,1259,11
2514,16,828,18,1276,25,1260,11
2514,16,828,18,1276,25,1312,11
2514,16,828,18,1276,25,1388,11
2514,16,828,18,1276,25,1391,11
2514,16,828,18,1276,25,1422,11
2514,16,828,18,1276,25,1556,11
2514,16,828,18,1276,25,1568,11
2514,16,828,18,1276,25,1599,11
2514,16,828,18,1276,25,1747,11
2514,16,828,18,1276,25,1773,11
2514,16,828,18,1276,25,1799,11
2514,16,828,18,1276,25,1818,11
2514,16,828,18,1276,25,1873,11
2514,16,828,18,1276,25,1940,11
2514,16,828,18,1276,25,1956,11
2514,16,828,18,1276,25,1997,11
2514,16,828,18,1276,25,2068,11
2514,16,828,18,1276,25,2079,11
2514,16,828,18,1276,25,2123,11
2514,16,828,18,1276,25,2196,11
2514,16,828,18,1276,25,2206,11
2514,16,828,18,1276,25,2216,11
2514,16,828,18,1276,25,2244,11
2514,16,828,18,1276,25,2259,11
2514,16,828,18,1276,25,2261,11
2514,16,828,18,1276,25,2289,11
2514,16,828,18,1276,25,2359,11
2514,16,828,18,1276,25,2370,11
2514,16,828,18,1276,25,2405,11
2514,16,828,18,1317,25,45,11
2514,16,828,18,1317,25,159,11
2514,16,828,18,1317,25,272,11
2514,16,828,18,1317,25,338,11
2514,16,828,18,1317,25,390,11
2514,16,828,18,1317,25,457,11
2514,16,828,18,1317,25,463,11
2514,16,828,18,1317,25,620,11
2514,16,828,18,1317,25,700,11
2514,16,828,18,1317,25,742,11
2514,16,828,18,1317,25,758,11
2514,16,828,18,1317,25,879,11
2514,16,828,18,1317,25,927,11
2514,16,828,18,1317,25,979,11
2514,16,828,18,1317,25,1003,11
2514,16,828,18,1317,25,1044,11
2514,16,828,18,1317,25,1068,11
2514,16,828,18,1317,25,1153,11
2514,16,828,18,1317,25,1186,11
2514,16,828,18,1317,25,1194,11
2514,16,828,18,1317,25,1259,11
2514,16,828,18,1317,25,1260,11
2514,16,828,18,1317,25,1312,11
2514,16,828,18,1317,25,1388,11
2514,16,828,18,1317,25,1391,11
2514,16,828,18,1317,25,1422,11
2514,16,828,18,1317,25,1556,11
2514,16,828,18,1317,25,1568,11
2514,16,828,18,1317,25,1599,11
2514,16,828,18,1317,25,1747,11
2514,16,828,18,1317,25,1773,11
2514,16,828,18,1317,25,1799,11
2514,16,828,18,1317,25,1818,11
2514,16,828,18,1317,25,1873,11
2514,16,828,18,1317,25,1940,11
2514,16,828,18,1317,25,1956,11
2514,16,828,18,1317,25,1997,11
2514,16,828,18,1317,25,2068,11
2514,16,828,18,1317,25,2079,11
2514,16,828,18,1317,25,2123,11
2514,16,828,18,1317,25,2196,11
2514,16,828,18,1317,25,2206,11
2514,16,828,18,1317,25,2216,11
2514,16,828,18,1317,25,2244,11
2514,16,828,18,1317,25,2259,11
2514,16,828,18,1317,25,2261,11
2514,16,828,18,1317,25,2289,11
2514,16,828,18,1317,25,2359,11
2514,16,828,18,1317,25,2370,11
2514,16,828,18,1317,25,2405,11
2514,16,828,18,1440,30,45,11
2514,16,828,18,1440,30,159,11
2514,16,828,18,1440,30,272,11
2514,16,828,18,1440,30,338,11
2514,16,828,18,1440,30,390,11
2514,16,828,18,1440,30,457,11
2514,16,828,18,1440,30,463,11
2514,16,828,18,1440,30,620,11
2514,16,828,18,1440,30,700,11
2514,16,828,18,1440,30,742,11
2514,16,828,18,1440,30,758,11
2514,16,828,18,1440,30,879,11
2514,16,828,18,1440,30,927,11
2514,16,828,18,1440,30,979,11
2514,16,828,18,1440,30,1003,11
2514,16,828,18,1440,30,1044,11
2514,16,828,18,1440,30,1068,11
2514,16,828,18,1440,30,1153,11
2514,16,828,18,1440,30,1186,11
2514,16,828,18,1440,30,1194,11
2514,16,828,18,1440,30,1259,11
2514,16,828,18,1440,30,1260,11
2514,16,828,18,1440,30,1312,11
2514,16,828,18,1440,30,1388,11
2514,16,828,18,1440,30,1391,11
2514,16,828,18,1440,30,1422,11
2514,16,828,18,1440,30,1556,11
2514,16,828,18,1440,30,1568,11
2514,16,828,18,1440,30,1599,11
2514,16,828,18,1440,30,1747,11
2514,16,828,18,1440,30,1773,11
2514,16,828,18,1440,30,1799,11
2514,16,828,18,1440,30,1818,11
2514,16,828,18,1440,30,1873,11
2514,16,828,18,1440,30,1940,11
2514,16,828,18,1440,30,1956,11
2514,16,828,18,1440,30,1997,11
2514,16,828,18,1440,30,2068,11
2514,16,828,18,1440,30,2079,11
2514,16,828,18,1440,30,2123,11
2514,16,828,18,1440,30,2196,11
2514,16,828,18,1440,30,2206,11
2514,16,828,18,1440,30,2216,11
2514,16,828,18,1440,30,2244,11
2514,16,828,18,1440,30,2259,11
2514,16,828,18,1440,30,2261,11
2514,16,828,18,1440,30,2289,11
2514,16,828,18,1440,30,2359,11
2514,16,828,18,1440,30,2370,11
2514,16,828,18,1440,30,2405,11
2514,16,828,18,1683,45,45,11
2514,16,828,18,1683,45,159,11
2514,16,828,18,1683,45,272,11
2514,16,828,18,1683,45,338,11
2514,16,828,18,1683,45,390,11
2514,16,828,18,1683,45,457,11
2514,16,828,18,1683,45,463,11
2514,16,828,18,1683,45,620,11
2514,16,828,18,1683,45,700,11
2514,16,828,18,1683,45,742,11
2514,16,828,18,1683,45,758,11
2514,16,828,18,1683,45,879,11
2514,16,828,18,1683,45,927,11
2514,16,828,18,1683,45,979,11
2514,16,828,18,1683,45,1003,11
2514,16,828,18,1683,45,1044,11
2514,16,828,18,1683,45,1068,11
2514,16,828,18,1683,45,1153,11
2514,16,828,18,1683,45,1186,11
2514,16,828,18,1683,45,1194,11
2514,16,828,18,1683,45,1259,11
2514,16,828,18,1683,45,1260,11
2514,16,828,18,1683,45,1312,11
2514,16,828,18,1683,45,1388,11
2514,16,828,18,1683,45,1391,11
2514,16,828,18,1683,45,1422,11
2514,16,828,18,1683,45,1556,11
2514,16,828,18,1683,45,1568,11
2514,16,828,18,1683,45,1599,11
2514,16,828,18,1683,45,1747,11
2514,16,828,18,1683,45,1773,11
2514,16,828,18,1683,45,1799,11
2514,16,828,18,1683,45,1818,11
2514,16,828,18,1683,45,1873,11
2514,16,828,18,1683,45,1940,11
2514,16,828,18,1683,45,1956,11
2514,16,828,18,1683,45,1997,11
2514,16,828,18,1683,45,2068,11
2514,16,828,18,1683,45,2079,11
2514,16,828,18,1683,45,2123,11
2514,16,828,18,1683,45,2196,11
2514,16,828,18,1683,45,2206,11
2514,16,828,18,1683,45,2216,11
2514,16,828,18,1683,45,2244,11
2514,16,828,18,1683,45,2259,11
2514,16,828,18,1683,45,2261,11
2514,16,828,18,1683,45,2289,11
2514,16,828,18,1683,45,2359,11
2514,16,828,18,1683,45,2370,11
2514,16,828,18,1683,45,2405,11
