2514,16,1529,29,41,17,45,11
2514,16,1529,29,41,17,159,11
2514,16,1529,29,41,17,272,11
2514,16,1529,29,41,17,338,11
2514,16,1529,29,41,17,390,11
2514,16,1529,29,41,17,457,11
2514,16,1529,29,41,17,463,11
2514,16,1529,29,41,17,620,11
2514,16,1529,29,41,17,700,11
2514,16,1529,29,41,17,742,11
2514,16,1529,29,41,17,758,11
2514,16,1529,29,41,17,879,11
2514,16,1529,29,41,17,927,11
2514,16,1529,29,41,17,979,11
2514,16,1529,29,41,17,1003,11
2514,16,1529,29,41,17,1044,11
2514,16,1529,29,41,17,1068,11
2514,16,1529,29,41,17,1153,11
2514,16,1529,29,41,17,1186,11
2514,16,1529,29,41,17,1194,11
2514,16,1529,29,41,17,1259,11
2514,16,1529,29,41,17,1260,11
2514,16,1529,29,41,17,1312,11
2514,16,1529,29,41,17,1388,11
2514,16,1529,29,41,17,1391,11
2514,16,1529,29,41,17,1422,11
2514,16,1529,29,41,17,1556,11
2514,16,1529,29,41,17,1568,11
2514,16,1529,29,41,17,1599,11
2514,16,1529,29,41,17,1747,11
2514,16,1529,29,41,17,1773,11
2514,16,1529,29,41,17,1799,11
2514,16,1529,29,41,17,1818,11
2514,16,1529,29,41,17,1873,11
2514,16,1529,29,41,17,1940,11
2514,16,1529,29,41,17,1956,11
2514,16,1529,29,41,17,1997,11
2514,16,1529,29,41,17,2068,11
2514,16,1529,29,41,17,2079,11
2514,16,1529,29,41,17,2123,11
2514,16,1529,29,41,17,2196,11
2514,16,1529,29,41,17,2206,11
2514,16,1529,29,41,17,2216,11
2514,16,1529,29,41,17,2244,11
2514,16,1529,29,41,17,2259,11
2514,16,1529,29,41,17,2261,11
2514,16,1529,29,41,17,2289,11
2514,16,1529,29,41,17,2359,11
2514,16,1529,29,41,17,2370,11
2514,16,1529,29,41,17,2405,11
2514,16,1529,29,66,14,45,11
2514,16,1529,29,66,14,159,11
2514,16,1529,29,66,14,272,11
2514,16,1529,29,66,14,338,11
2514,16,1529,29,66,14,390,11
2514,16,1529,29,66,14,457,11
2514,16,1529,29,66,14,463,11
2514,16,1529,29,66,14,620,11
2514,16,1529,29,66,14,700,11
2514,16,1529,29,66,14,742,11
2514,16,1529,29,66,14,758,11
2514,16,1529,29,66,14,879,11
2514,16,1529,29,66,14,927,11
2514,16,1529,29,66,14,979,11
2514,16,1529,29,66,14,1003,11
2514,16,1529,29,66,14,1044,11
2514,16,1529,29,66,14,1068,11
2514,16,1529,29,66,14,1153,11
2514,16,1529,29,66,14,1186,11
2514,16,1529,29,66,14,1194,11
2514,16,1529,29,66,14,1259,11
2514,16,1529,29,66,14,1260,11
2514,16,1529,29,66,14,1312,11
2514,16,1529,29,66,14,1388,11
2514,16,1529,29,66,14,1391,11
2514,16,1529,29,66,14,1422,11
2514,16,1529,29,66,14,1556,11
2514,16,1529,29,66,14,1568,11
2514,16,1529,29,66,14,1599,11
2514,16,1529,29,66,14,1747,11
2514,16,1529,29,66,14,1773,11
2514,16,1529,29,66,14,1799,11
2514,16,1529,29,66,14,1818,11
2514,16,1529,29,66,14,1873,11
2514,16,1529,29,66,14,1940,11
2514,16,1529,29,66,14,1956,11
2514,16,1529,29,66,14,1997,11
2514,16,1529,29,66,14,2068,11
2514,16,1529,29,66,14,2079,11
2514,16,1529,29,66,14,2123,11
2514,16,1529,29,66,14,2196,11
2514,16,1529,29,66,14,2206,11
2514,16,1529,29,66,14,2216,11
2514,16,1529,29,66,14,2244,11
2514,16,1529,29,66,14,2259,11
2514,16,1529,29,66,14,2261,11
2514,16,1529,29,66,14,2289,11
2514,16,1529,29,66,14,2359,11
2514,16,1529,29,66,14,2370,11
2514,16,1529,29,66,14,2405,11
2514,16,1529,29,190,10,159,11
2514,16,1529,29,190,10,272,11
2514,16,1529,29,190,10,338,11
2514,16,1529,29,190,10,457,11
2514,16,1529,29,190,10,463,11
2514,16,1529,29,190,10,700,11
2514,16,1529,29,190,10,742,11
2514,16,1529,29,190,10,758,11
2514,16,1529,29,190,10,879,11
2514,16,1529,29,190,10,927,11
2514,16,1529,29,190,10,1003,11
2514,16,1529,29,190,10,1044,11
2514,16,1529,29,190,10,1068,11
2514,16,1529,29,190,10,1153,11
2514,16,1529,29,190,10,1186,11
2514,16,1529,29,190,10,1194,11
2514,16,1529,29,190,10,1259,11
2514,16,1529,29,190,10,1260,11
2514,16,1529,29,190,10,1312,11
2514,16,1529,29,190,10,1388,11
2514,16,1529,29,190,10,1391,11
2514,16,1529,29,190,10,1422,11
2514,16,1529,29,190,10,1556,11
2514,16,1529,29,190,10,1568,11
2514,16,1529,29,190,10,1599,11
2514,16,1529,29,190,10,1747,11
2514,16,1529,29,190,10,1773,11
2514,16,1529,29,190,10,1818,11
2514,16,1529,29,190,10,1873,11
2514,16,1529,29,190,10,1940,11
2514,16,1529,29,190,10,1997,11
2514,16,1529,29,190,10,2068,11
2514,16,1529,29,190,10,2079,11
2514,16,1529,29,190,10,2123,11
2514,16,1529,29,190,10,2196,11
2514,16,1529,29,190,10,2216,11
2514,16,1529,29,190,10,2259,11
2514,16,1529,29,190,10,2289,11
2514,16,1529,29,190,10,2370,11
2514,16,1529,29,190,10,2405,11
2514,16,1529,29,438,45,45,11
2514,16,1529,29,438,45,159,11
2514,16,1529,29,438,45,272,11
2514,16,1529,29,438,45,338,11
2514,16,1529,29,438,45,390,11
2514,16,1529,29,438,45,457,11
2514,16,1529,29,438,45,463,11
2514,16,1529,29,438,45,620,11
2514,16,1529,29,438,45,700,11
2514,16,1529,29,438,45,742,11
2514,16,1529,29,438,45,758,11
2514,16,1529,29,438,45,879,11
2514,16,1529,29,438,45,927,11
2514,16,1529,29,438,45,979,11
2514,16,1529,29,438,45,1003,11
2514,16,1529,29,438,45,1044,11
2514,16,1529,29,438,45,1068,11
2514,16,1529,29,438,45,1153,11
2514,16,1529,29,438,45,1186,11
2514,16,1529,29,438,45,1194,11
2514,16,1529,29,438,45,1259,11
2514,16,1529,29,438,45,1260,11
2514,16,1529,29,438,45,1312,11
2514,16,1529,29,438,45,1388,11
2514,16,1529,29,438,45,1391,11
2514,16,1529,29,438,45,1422,11
2514,16,1529,29,438,45,1556,11
2514,16,1529,29,438,45,1568,11
2514,16,1529,29,438,45,1599,11
2514,16,1529,29,438,45,1747,11
2514,16,1529,29,438,45,1773,11
2514,16,1529,29,438,45,1799,11
2514,16,1529,29,438,45,1818,11
2514,16,1529,29,438,45,1873,11
2514,16,1529,29,438,45,1940,11
2514,16,1529,29,438,45,1956,11
2514,16,1529,29,438,45,1997,11
2514,16,1529,29,438,45,2068,11
2514,16,1529,29,438,45,2079,11
2514,16,1529,29,438,45,2123,11
2514,16,1529,29,438,45,2196,11
2514,16,1529,29,438,45,2206,11
2514,16,1529,29,438,45,2216,11
2514,16,1529,29,438,45,2244,11
2514,16,1529,29,438,45,2259,11
2514,16,1529,29,438,45,2261,11
2514,16,1529,29,438,45,2289,11
2514,16,1529,29,438,45,2359,11
2514,16,1529,29,438,45,2370,11
2514,16,1529,29,438,45,2405,11
2514,16,1529,29,500,45,45,11
2514,16,1529,29,500,45,159,11
2514,16,1529,29,500,45,272,11
2514,16,1529,29,500,45,338,11
2514,16,1529,29,500,45,390,11
2514,16,1529,29,500,45,457,11
2514,16,1529,29,500,45,463,11
2514,16,1529,29,500,45,620,11
2514,16,1529,29,500,45,700,11
2514,16,1529,29,500,45,742,11
2514,16,1529,29,500,45,758,11
2514,16,1529,29,500,45,879,11
2514,16,1529,29,500,45,927,11
2514,16,1529,29,500,45,979,11
2514,16,1529,29,500,45,1003,11
2514,16,1529,29,500,45,1044,11
2514,16,1529,29,500,45,1068,11
2514,16,1529,29,500,45,1153,11
2514,16,1529,29,500,45,1186,11
2514,16,1529,29,500,45,1194,11
2514,16,1529,29,500,45,1259,11
2514,16,1529,29,500,45,1260,11
2514,16,1529,29,500,45,1312,11
2514,16,1529,29,500,45,1388,11
2514,16,1529,29,500,45,1391,11
2514,16,1529,29,500,45,1422,11
2514,16,1529,29,500,45,1556,11
2514,16,1529,29,500,45,1568,11
2514,16,1529,29,500,45,1599,11
2514,16,1529,29,500,45,1747,11
2514,16,1529,29,500,45,1773,11
2514,16,1529,29,500,45,1799,11
2514,16,1529,29,500,45,1818,11
2514,16,1529,29,500,45,1873,11
2514,16,1529,29,500,45,1940,11
2514,16,1529,29,500,45,1956,11
2514,16,1529,29,500,45,1997,11
2514,16,1529,29,500,45,2068,11
2514,16,1529,29,500,45,2079,11
2514,16,1529,29,500,45,2123,11
2514,16,1529,29,500,45,2196,11
2514,16,1529,29,500,45,2206,11
2514,16,1529,29,500,45,2216,11
2514,16,1529,29,500,45,2244,11
2514,16,1529,29,500,45,2259,11
2514,16,1529,29,500,45,2261,11
2514,16,1529,29,500,45,2289,11
2514,16,1529,29,500,45,2359,11
2514,16,1529,29,500,45,2370,11
2514,16,1529,29,500,45,2405,11
2514,16,1529,29,960,23,45,11
2514,16,1529,29,960,23,159,11
2514,16,1529,29,960,23,272,11
2514,16,1529,29,960,23,338,11
2514,16,1529,29,960,23,390,11
2514,16,1529,29,960,23,457,11
2514,16,1529,29,960,23,463,11
2514,16,1529,29,960,23,620,11
2514,16,1529,29,960,23,700,11
2514,16,1529,29,960,23,742,11
2514,16,1529,29,960,23,758,11
2514,16,1529,29,960,23,879,11
2514,16,1529,29,960,23,927,11
2514,16,1529,29,960,23,979,11
2514,16,1529,29,960,23,1003,11
2514,16,1529,29,960,23,1044,11
2514,16,1529,29,960,23,1068,11
2514,16,1529,29,960,23,1153,11
2514,16,1529,29,960,23,1186,11
2514,16,1529,29,960,23,1194,11
2514,16,1529,29,960,23,1259,11
2514,16,1529,29,960,23,1260,11
2514,16,1529,29,960,23,1312,11
2514,16,1529,29,960,23,1388,11
2514,16,1529,29,960,23,1391,11
2514,16,1529,29,960,23,1422,11
2514,16,1529,29,960,23,1556,11
2514,16,1529,29,960,23,1568,11
2514,16,1529,29,960,23,1599,11
2514,16,1529,29,960,23,1747,11
2514,16,1529,29,960,23,1773,11
2514,16,1529,29,960,23,1799,11
2514,16,1529,29,960,23,1818,11
2514,16,1529,29,960,23,1873,11
2514,16,1529,29,960,23,1940,11
2514,16,1529,29,960,23,1956,11
2514,16,1529,29,960,23,1997,11
2514,16,1529,29,960,23,2068,11
2514,16,1529,29,960,23,2079,11
2514,16,1529,29,960,23,2123,11
2514,16,1529,29,960,23,2196,11
2514,16,1529,29,960,23,2206,11
2514,16,1529,29,960,23,2216,11
2514,16,1529,29,960,23,2244,11
2514,16,1529,29,960,23,2259,11
2514,16,1529,29,960,23,2261,11
2514,16,1529,29,960,23,2289,11
2514,16,1529,29,960,23,2359,11
2514,16,1529,29,960,23,2370,11
2514,16,1529,29,960,23,2405,11
2514,16,1529,29,1039,44,45,11
2514,16,1529,29,1039,44,159,11
2514,16,1529,29,1039,44,272,11
2514,16,1529,29,1039,44,338,11
2514,16,1529,29,1039,44,390,11
2514,16,1529,29,1039,44,457,11
2514,16,1529,29,1039,44,463,11
2514,16,1529,29,1039,44,620,11
2514,16,1529,29,1039,44,700,11
2514,16,1529,29,1039,44,742,11
2514,16,1529,29,1039,44,758,11
2514,16,1529,29,1039,44,879,11
2514,16,1529,29,1039,44,927,11
2514,16,1529,29,1039,44,979,11
2514,16,1529,29,1039,44,1003,11
2514,16,1529,29,1039,44,1044,11
2514,16,1529,29,1039,44,1068,11
2514,16,1529,29,1039,44,1153,11
2514,16,1529,29,1039,44,1186,11
2514,16,1529,29,1039,44,1194,11
2514,16,1529,29,1039,44,1259,11
2514,16,1529,29,1039,44,1260,11
2514,16,1529,29,1039,44,1312,11
2514,16,1529,29,1039,44,1388,11
2514,16,1529,29,1039,44,1391,11
2514,16,1529,29,1039,44,1422,11
2514,16,1529,29,1039,44,1556,11
2514,16,1529,29,1039,44,1568,11
2514,16,1529,29,1039,44,1599,11
2514,16,1529,29,1039,44,1747,11
2514,16,1529,29,1039,44,1773,11
2514,16,1529,29,1039,44,1799,11
2514,16,1529,29,1039,44,1818,11
2514,16,1529,29,1039,44,1873,11
2514,16,1529,29,1039,44,1940,11
2514,16,1529,29,1039,44,1956,11
2514,16,1529,29,1039,44,1997,11
2514,16,1529,29,1039,44,2068,11
2514,16,1529,29,1039,44,2079,11
2514,16,1529,29,1039,44,2123,11
2514,16,1529,29,1039,44,2196,11
2514,16,1529,29,1039,44,2206,11
2514,16,1529,29,1039,44,2216,11
2514,16,1529,29,1039,44,2244,11
2514,16,1529,29,1039,44,2259,11
2514,16,1529,29,1039,44,2261,11
2514,16,1529,29,1039,44,2289,11
2514,16,1529,29,1039,44,2359,11
2514,16,1529,29,1039,44,2370,11
2514,16,1529,29,1039,44,2405,11
2514,16,1529,29,1266,24,45,11
2514,16,1529,29,1266,24,159,11
2514,16,1529,29,1266,24,272,11
2514,16,1529,29,1266,24,338,11
2514,16,1529,29,1266,24,390,11
2514,16,1529,29,1266,24,457,11
2514,16,1529,29,1266,24,463,11
2514,16,1529,29,1266,24,620,11
2514,16,1529,29,1266,24,700,11
2514,16,1529,29,1266,24,742,11
2514,16,1529,29,1266,24,758,11
2514,16,1529,29,1266,24,879,11
2514,16,1529,29,1266,24,927,11
2514,16,1529,29,1266,24,979,11
2514,16,1529,29,1266,24,1003,11
2514,16,1529,29,1266,24,1044,11
2514,16,1529,29,1266,24,1068,11
2514,16,1529,29,1266,24,1153,11
2514,16,1529,29,1266,24,1186,11
2514,16,1529,29,1266,24,1194,11
2514,16,1529,29,1266,24,1259,11
2514,16,1529,29,1266,24,1260,11
2514,16,1529,29,1266,24,1312,11
2514,16,1529,29,1266,24,1388,11
2514,16,1529,29,1266,24,1391,11
2514,16,1529,29,1266,24,1422,11
2514,16,1529,29,1266,24,1556,11
2514,16,1529,29,1266,24,1568,11
2514,16,1529,29,1266,24,1599,11
2514,16,1529,29,1266,24,1747,11
2514,16,1529,29,1266,24,1773,11
2514,16,1529,29,1266,24,1799,11
2514,16,1529,29,1266,24,1818,11
2514,16,1529,29,1266,24,1873,11
2514,16,1529,29,1266,24,1940,11
2514,16,1529,29,1266,24,1956,11
2514,16,1529,29,1266,24,1997,11
2514,16,1529,29,1266,24,2068,11
2514,16,1529,29,1266,24,2079,11
2514,16,1529,29,1266,24,2123,11
2514,16,1529,29,1266,24,2196,11
2514,16,1529,29,1266,24,2206,11
2514,16,1529,29,1266,24,2216,11
2514,16,1529,29,1266,24,2244,11
2514,16,1529,29,1266,24,2259,11
2514,16,1529,29,1266,24,2261,11
2514,16,1529,29,1266,24,2289,11
2514,16,1529,29,1266,24,2359,11
2514,16,1529,29,1266,24,2370,11
2514,16,1529,29,1266,24,2405,11
2514,16,1529,29,1348,26,45,11
2514,16,1529,29,1348,26,159,11
2514,16,1529,29,1348,26,272,11
2514,16,1529,29,1348,26,338,11
2514,16,1529,29,1348,26,390,11
2514,16,1529,29,1348,26,457,11
2514,16,1529,29,1348,26,463,11
2514,16,1529,29,1348,26,620,11
2514,16,1529,29,1348,26,700,11
2514,16,1529,29,1348,26,742,11
2514,16,1529,29,1348,26,758,11
2514,16,1529,29,1348,26,879,11
2514,16,1529,29,1348,26,927,11
2514,16,1529,29,1348,26,979,11
2514,16,1529,29,1348,26,1003,11
2514,16,1529,29,1348,26,1044,11
2514,16,1529,29,1348,26,1068,11
2514,16,1529,29,1348,26,1153,11
2514,16,1529,29,1348,26,1186,11
2514,16,1529,29,1348,26,1194,11
2514,16,1529,29,1348,26,1259,11
2514,16,1529,29,1348,26,1260,11
2514,16,1529,29,1348,26,1312,11
2514,16,1529,29,1348,26,1388,11
2514,16,1529,29,1348,26,1391,11
2514,16,1529,29,1348,26,1422,11
2514,16,1529,29,1348,26,1556,11
2514,16,1529,29,1348,26,1568,11
2514,16,1529,29,1348,26,1599,11
2514,16,1529,29,1348,26,1747,11
2514,16,1529,29,1348,26,1773,11
2514,16,1529,29,1348,26,1799,11
2514,16,1529,29,1348,26,1818,11
2514,16,1529,29,1348,26,1873,11
2514,16,1529,29,1348,26,1940,11
2514,16,1529,29,1348,26,1956,11
2514,16,1529,29,1348,26,1997,11
2514,16,1529,29,1348,26,2068,11
2514,16,1529,29,1348,26,2079,11
2514,16,1529,29,1348,26,2123,11
2514,16,1529,29,1348,26,2196,11
2514,16,1529,29,1348,26,2206,11
2514,16,1529,29,1348,26,2216,11
2514,16,1529,29,1348,26,2244,11
2514,16,1529,29,1348,26,2259,11
2514,16,1529,29,1348,26,2261,11
2514,16,1529,29,1348,26,2289,11
2514,16,1529,29,1348,26,2359,11
2514,16,1529,29,1348,26,2370,11
2514,16,1529,29,1348,26,2405,11
2514,16,1529,29,1450,34,45,11
2514,16,1529,29,1450,34,159,11
2514,16,1529,29,1450,34,272,11
2514,16,1529,29,1450,34,338,11
2514,16,1529,29,1450,34,390,11
2514,16,1529,29,1450,34,457,11
2514,16,1529,29,1450,34,463,11
2514,16,1529,29,1450,34,620,11
2514,16,1529,29,1450,34,700,11
2514,16,1529,29,1450,34,742,11
2514,16,1529,29,1450,34,758,11
2514,16,1529,29,1450,34,879,11
2514,16,1529,29,1450,34,927,11
2514,16,1529,29,1450,34,979,11
2514,16,1529,29,1450,34,1003,11
2514,16,1529,29,1450,34,1044,11
2514,16,1529,29,1450,34,1068,11
2514,16,1529,29,1450,34,1153,11
2514,16,1529,29,1450,34,1186,11
2514,16,1529,29,1450,34,1194,11
2514,16,1529,29,1450,34,1259,11
2514,16,1529,29,1450,34,1260,11
2514,16,1529,29,1450,34,1312,11
2514,16,1529,29,1450,34,1388,11
2514,16,1529,29,1450,34,1391,11
2514,16,1529,29,1450,34,1422,11
2514,16,1529,29,1450,34,1556,11
2514,16,1529,29,1450,34,1568,11
2514,16,1529,29,1450,34,1599,11
2514,16,1529,29,1450,34,1747,11
2514,16,1529,29,1450,34,1773,11
2514,16,1529,29,1450,34,1799,11
2514,16,1529,29,1450,34,1818,11
2514,16,1529,29,1450,34,1873,11
2514,16,1529,29,1450,34,1940,11
2514,16,1529,29,1450,34,1956,11
2514,16,1529,29,1450,34,1997,11
2514,16,1529,29,1450,34,2068,11
2514,16,1529,29,1450,34,2079,11
2514,16,1529,29,1450,34,2123,11
2514,16,1529,29,1450,34,2196,11
2514,16,1529,29,1450,34,2206,11
2514,16,1529,29,1450,34,2216,11
2514,16,1529,29,1450,34,2244,11
2514,16,1529,29,1450,34,2259,11
2514,16,1529,29,1450,34,2261,11
2514,16,1529,29,1450,34,2289,11
2514,16,1529,29,1450,34,2359,11
2514,16,1529,29,1450,34,2370,11
2514,16,1529,29,1450,34,2405,11
2514,16,1529,29,1484,34,45,11
2514,16,1529,29,1484,34,159,11
2514,16,1529,29,1484,34,272,11
2514,16,1529,29,1484,34,338,11
2514,16,1529,29,1484,34,390,11
2514,16,1529,29,1484,34,457,11
2514,16,1529,29,1484,34,463,11
2514,16,1529,29,1484,34,620,11
2514,16,1529,29,1484,34,700,11
2514,16,1529,29,1484,34,742,11
2514,16,1529,29,1484,34,758,11
2514,16,1529,29,1484,34,879,11
2514,16,1529,29,1484,34,927,11
2514,16,1529,29,1484,34,979,11
2514,16,1529,29,1484,34,1003,11
2514,16,1529,29,1484,34,1044,11
2514,16,1529,29,1484,34,1068,11
2514,16,1529,29,1484,34,1153,11
2514,16,1529,29,1484,34,1186,11
2514,16,1529,29,1484,34,1194,11
2514,16,1529,29,1484,34,1259,11
2514,16,1529,29,1484,34,1260,11
2514,16,1529,29,1484,34,1312,11
2514,16,1529,29,1484,34,1388,11
2514,16,1529,29,1484,34,1391,11
2514,16,1529,29,1484,34,1422,11
2514,16,1529,29,1484,34,1556,11
2514,16,1529,29,1484,34,1568,11
2514,16,1529,29,1484,34,1599,11
2514,16,1529,29,1484,34,1747,11
2514,16,1529,29,1484,34,1773,11
2514,16,1529,29,1484,34,1799,11
2514,16,1529,29,1484,34,1818,11
2514,16,1529,29,1484,34,1873,11
2514,16,1529,29,1484,34,1940,11
2514,16,1529,29,1484,34,1956,11
2514,16,1529,29,1484,34,1997,11
2514,16,1529,29,1484,34,2068,11
2514,16,1529,29,1484,34,2079,11
2514,16,1529,29,1484,34,2123,11
2514,16,1529,29,1484,34,2196,11
2514,16,1529,29,1484,34,2206,11
2514,16,1529,29,1484,34,2216,11
2514,16,1529,29,1484,34,2244,11
2514,16,1529,29,1484,34,2259,11
2514,16,1529,29,1484,34,2261,11
2514,16,1529,29,1484,34,2289,11
2514,16,1529,29,1484,34,2359,11
2514,16,1529,29,1484,34,2370,11
2514,16,1529,29,1484,34,2405,11
2514,16,1529,29,1632,24,45,11
2514,16,1529,29,1632,24,159,11
2514,16,1529,29,1632,24,272,11
2514,16,1529,29,1632,24,338,11
2514,16,1529,29,1632,24,390,11
2514,16,1529,29,1632,24,457,11
2514,16,1529,29,1632,24,463,11
2514,16,1529,29,1632,24,620,11
2514,16,1529,29,1632,24,700,11
2514,16,1529,29,1632,24,742,11
2514,16,1529,29,1632,24,758,11
2514,16,1529,29,1632,24,879,11
2514,16,1529,29,1632,24,927,11
2514,16,1529,29,1632,24,979,11
2514,16,1529,29,1632,24,1003,11
2514,16,1529,29,1632,24,1044,11
2514,16,1529,29,1632,24,1068,11
2514,16,1529,29,1632,24,1153,11
2514,16,1529,29,1632,24,1186,11
2514,16,1529,29,1632,24,1194,11
2514,16,1529,29,1632,24,1259,11
2514,16,1529,29,1632,24,1260,11
2514,16,1529,29,1632,24,1312,11
2514,16,1529,29,1632,24,1388,11
2514,16,1529,29,1632,24,1391,11
2514,16,1529,29,1632,24,1422,11
2514,16,1529,29,1632,24,1556,11
2514,16,1529,29,1632,24,1568,11
2514,16,1529,29,1632,24,1599,11
2514,16,1529,29,1632,24,1747,11
2514,16,1529,29,1632,24,1773,11
2514,16,1529,29,1632,24,1799,11
2514,16,1529,29,1632,24,1818,11
2514,16,1529,29,1632,24,1873,11
2514,16,1529,29,1632,24,1940,11
2514,16,1529,29,1632,24,1956,11
2514,16,1529,29,1632,24,1997,11
2514,16,1529,29,1632,24,2068,11
2514,16,1529,29,1632,24,2079,11
2514,16,1529,29,1632,24,2123,11
2514,16,1529,29,1632,24,2196,11
2514,16,1529,29,1632,24,2206,11
2514,16,1529,29,1632,24,2216,11
2514,16,1529,29,1632,24,2244,11
2514,16,1529,29,1632,24,2259,11
2514,16,1529,29,1632,24,2261,11
2514,16,1529,29,1632,24,2289,11
2514,16,1529,29,1632,24,2359,11
2514,16,1529,29,1632,24,2370,11
2514,16,1529,29,1632,24,2405,11
2514,16,1529,29,1893,38,45,11
2514,16,1529,29,1893,38,159,11
2514,16,1529,29,1893,38,272,11
2514,16,1529,29,1893,38,338,11
2514,16,1529,29,1893,38,390,11
2514,16,1529,29,1893,38,457,11
2514,16,1529,29,1893,38,463,11
2514,16,1529,29,1893,38,620,11
2514,16,1529,29,1893,38,700,11
2514,16,1529,29,1893,38,742,11
2514,16,1529,29,1893,38,758,11
2514,16,1529,29,1893,38,879,11
2514,16,1529,29,1893,38,927,11
2514,16,1529,29,1893,38,979,11
2514,16,1529,29,1893,38,1003,11
2514,16,1529,29,1893,38,1044,11
2514,16,1529,29,1893,38,1068,11
2514,16,1529,29,1893,38,1153,11
2514,16,1529,29,1893,38,1186,11
2514,16,1529,29,1893,38,1194,11
2514,16,1529,29,1893,38,1259,11
2514,16,1529,29,1893,38,1260,11
2514,16,1529,29,1893,38,1312,11
2514,16,1529,29,1893,38,1388,11
2514,16,1529,29,1893,38,1391,11
2514,16,1529,29,1893,38,1422,11
2514,16,1529,29,1893,38,1556,11
2514,16,1529,29,1893,38,1568,11
2514,16,1529,29,1893,38,1599,11
2514,16,1529,29,1893,38,1747,11
2514,16,1529,29,1893,38,1773,11
2514,16,1529,29,1893,38,1799,11
2514,16,1529,29,1893,38,1818,11
2514,16,1529,29,1893,38,1873,11
2514,16,1529,29,1893,38,1940,11
2514,16,1529,29,1893,38,1956,11
2514,16,1529,29,1893,38,1997,11
2514,16,1529,29,1893,38,2068,11
2514,16,1529,29,1893,38,2079,11
2514,16,1529,29,1893,38,2123,11
2514,16,1529,29,1893,38,2196,11
2514,16,1529,29,1893,38,2206,11
2514,16,1529,29,1893,38,2216,11
2514,16,1529,29,1893,38,2244,11
2514,16,1529,29,1893,38,2259,11
2514,16,1529,29,1893,38,2261,11
2514,16,1529,29,1893,38,2289,11
2514,16,1529,29,1893,38,2359,11
2514,16,1529,29,1893,38,2370,11
2514,16,1529,29,1893,38,2405,11
