2514,16,1764,1,11,21,45,11
2514,16,1764,1,11,21,159,11
2514,16,1764,1,11,21,272,11
2514,16,1764,1,11,21,338,11
2514,16,1764,1,11,21,390,11
2514,16,1764,1,11,21,457,11
2514,16,1764,1,11,21,463,11
2514,16,1764,1,11,21,620,11
2514,16,1764,1,11,21,700,11
2514,16,1764,1,11,21,742,11
2514,16,1764,1,11,21,758,11
2514,16,1764,1,11,21,879,11
2514,16,1764,1,11,21,927,11
2514,16,1764,1,11,21,979,11
2514,16,1764,1,11,21,1003,11
2514,16,1764,1,11,21,1044,11
2514,16,1764,1,11,21,1068,11
2514,16,1764,1,11,21,1153,11
2514,16,1764,1,11,21,1186,11
2514,16,1764,1,11,21,1194,11
2514,16,1764,1,11,21,1259,11
2514,16,1764,1,11,21,1260,11
2514,16,1764,1,11,21,1312,11
2514,16,1764,1,11,21,1388,11
2514,16,1764,1,11,21,1391,11
2514,16,1764,1,11,21,1422,11
2514,16,1764,1,11,21,1556,11
2514,16,1764,1,11,21,1568,11
2514,16,1764,1,11,21,1599,11
2514,16,1764,1,11,21,1747,11
2514,16,1764,1,11,21,1773,11
2514,16,1764,1,11,21,1799,11
2514,16,1764,1,11,21,1818,11
2514,16,1764,1,11,21,1873,11
2514,16,1764,1,11,21,1940,11
2514,16,1764,1,11,21,1956,11
2514,16,1764,1,11,21,1997,11
2514,16,1764,1,11,21,2068,11
2514,16,1764,1,11,21,2079,11
2514,16,1764,1,11,21,2123,11
2514,16,1764,1,11,21,2196,11
2514,16,1764,1,11,21,2206,11
2514,16,1764,1,11,21,2216,11
2514,16,1764,1,11,21,2244,11
2514,16,1764,1,11,21,2259,11
2514,16,1764,1,11,21,2261,11
2514,16,1764,1,11,21,2289,11
2514,16,1764,1,11,21,2359,11
2514,16,1764,1,11,21,2370,11
2514,16,1764,1,11,21,2405,11
2514,16,1764,1,118,10,45,11
2514,16,1764,1,118,10,159,11
2514,16,1764,1,118,10,272,11
2514,16,1764,1,118,10,338,11
2514,16,1764,1,118,10,390,11
2514,16,1764,1,118,10,457,11
2514,16,1764,1,118,10,463,11
2514,16,1764,1,118,10,620,11
2514,16,1764,1,118,10,700,11
2514,16,1764,1,118,10,742,11
2514,16,1764,1,118,10,758,11
2514,16,1764,1,118,10,879,11
2514,16,1764,1,118,10,927,11
2514,16,1764,1,118,10,979,11
2514,16,1764,1,118,10,1003,11
2514,16,1764,1,118,10,1044,11
2514,16,1764,1,118,10,1068,11
2514,16,1764,1,118,10,1153,11
2514,16,1764,1,118,10,1186,11
2514,16,1764,1,118,10,1194,11
2514,16,1764,1,118,10,1259,11
2514,16,1764,1,118,10,1260,11
2514,16,1764,1,118,10,1312,11
2514,16,1764,1,118,10,1388,11
2514,16,1764,1,118,10,1391,11
2514,16,1764,1,118,10,1422,11
2514,16,1764,1,118,10,1556,11
2514,16,1764,1,118,10,1568,11
2514,16,1764,1,118,10,1599,11
2514,16,1764,1,118,10,1747,11
2514,16,1764,1,118,10,1773,11
2514,16,1764,1,118,10,1799,11
2514,16,1764,1,118,10,1818,11
2514,16,1764,1,118,10,1873,11
2514,16,1764,1,118,10,1940,11
2514,16,1764,1,118,10,1956,11
2514,16,1764,1,118,10,1997,11
2514,16,1764,1,118,10,2068,11
2514,16,1764,1,118,10,2079,11
2514,16,1764,1,118,10,2123,11
2514,16,1764,1,118,10,2196,11
2514,16,1764,1,118,10,2206,11
2514,16,1764,1,118,10,2216,11
2514,16,1764,1,118,10,2244,11
2514,16,1764,1,118,10,2259,11
2514,16,1764,1,118,10,2261,11
2514,16,1764,1,118,10,2289,11
2514,16,1764,1,118,10,2359,11
2514,16,1764,1,118,10,2370,11
2514,16,1764,1,118,10,2405,11
2514,16,1764,1,299,42,45,11
2514,16,1764,1,299,42,159,11
2514,16,1764,1,299,42,272,11
2514,16,1764,1,299,42,338,11
2514,16,1764,1,299,42,390,11
2514,16,1764,1,299,42,457,11
2514,16,1764,1,299,42,463,11
2514,16,1764,1,299,42,620,11
2514,16,1764,1,299,42,700,11
2514,16,1764,1,299,42,742,11
2514,16,1764,1,299,42,758,11
2514,16,1764,1,299,42,879,11
2514,16,1764,1,299,42,927,11
2514,16,1764,1,299,42,979,11
2514,16,1764,1,299,42,1003,11
2514,16,1764,1,299,42,1044,11
2514,16,1764,1,299,42,1068,11
2514,16,1764,1,299,42,1153,11
2514,16,1764,1,299,42,1186,11
2514,16,1764,1,299,42,1194,11
2514,16,1764,1,299,42,1259,11
2514,16,1764,1,299,42,1260,11
2514,16,1764,1,299,42,1312,11
2514,16,1764,1,299,42,1388,11
2514,16,1764,1,299,42,1391,11
2514,16,1764,1,299,42,1422,11
2514,16,1764,1,299,42,1556,11
2514,16,1764,1,299,42,1568,11
2514,16,1764,1,299,42,1599,11
2514,16,1764,1,299,42,1747,11
2514,16,1764,1,299,42,1773,11
2514,16,1764,1,299,42,1799,11
2514,16,1764,1,299,42,1818,11
2514,16,1764,1,299,42,1873,11
2514,16,1764,1,299,42,1940,11
2514,16,1764,1,299,42,1956,11
2514,16,1764,1,299,42,1997,11
2514,16,1764,1,299,42,2068,11
2514,16,1764,1,299,42,2079,11
2514,16,1764,1,299,42,2123,11
2514,16,1764,1,299,42,2196,11
2514,16,1764,1,299,42,2206,11
2514,16,1764,1,299,42,2216,11
2514,16,1764,1,299,42,2244,11
2514,16,1764,1,299,42,2259,11
2514,16,1764,1,299,42,2261,11
2514,16,1764,1,299,42,2289,11
2514,16,1764,1,299,42,2359,11
2514,16,1764,1,299,42,2370,11
2514,16,1764,1,299,42,2405,11
2514,16,1764,1,337,28,45,11
2514,16,1764,1,337,28,159,11
2514,16,1764,1,337,28,272,11
2514,16,1764,1,337,28,338,11
2514,16,1764,1,337,28,390,11
2514,16,1764,1,337,28,457,11
2514,16,1764,1,337,28,463,11
2514,16,1764,1,337,28,620,11
2514,16,1764,1,337,28,700,11
2514,16,1764,1,337,28,742,11
2514,16,1764,1,337,28,758,11
2514,16,1764,1,337,28,879,11
2514,16,1764,1,337,28,927,11
2514,16,1764,1,337,28,979,11
2514,16,1764,1,337,28,1003,11
2514,16,1764,1,337,28,1044,11
2514,16,1764,1,337,28,1068,11
2514,16,1764,1,337,28,1153,11
2514,16,1764,1,337,28,1186,11
2514,16,1764,1,337,28,1194,11
2514,16,1764,1,337,28,1259,11
2514,16,1764,1,337,28,1260,11
2514,16,1764,1,337,28,1312,11
2514,16,1764,1,337,28,1388,11
2514,16,1764,1,337,28,1391,11
2514,16,1764,1,337,28,1422,11
2514,16,1764,1,337,28,1556,11
2514,16,1764,1,337,28,1568,11
2514,16,1764,1,337,28,1599,11
2514,16,1764,1,337,28,1747,11
2514,16,1764,1,337,28,1773,11
2514,16,1764,1,337,28,1799,11
2514,16,1764,1,337,28,1818,11
2514,16,1764,1,337,28,1873,11
2514,16,1764,1,337,28,1940,11
2514,16,1764,1,337,28,1956,11
2514,16,1764,1,337,28,1997,11
2514,16,1764,1,337,28,2068,11
2514,16,1764,1,337,28,2079,11
2514,16,1764,1,337,28,2123,11
2514,16,1764,1,337,28,2196,11
2514,16,1764,1,337,28,2206,11
2514,16,1764,1,337,28,2216,11
2514,16,1764,1,337,28,2244,11
2514,16,1764,1,337,28,2259,11
2514,16,1764,1,337,28,2261,11
2514,16,1764,1,337,28,2289,11
2514,16,1764,1,337,28,2359,11
2514,16,1764,1,337,28,2370,11
2514,16,1764,1,337,28,2405,11
2514,16,1764,1,470,45,45,11
2514,16,1764,1,470,45,159,11
2514,16,1764,1,470,45,272,11
2514,16,1764,1,470,45,338,11
2514,16,1764,1,470,45,390,11
2514,16,1764,1,470,45,463,11
2514,16,1764,1,470,45,620,11
2514,16,1764,1,470,45,742,11
2514,16,1764,1,470,45,758,11
2514,16,1764,1,470,45,879,11
2514,16,1764,1,470,45,979,11
2514,16,1764,1,470,45,1044,11
2514,16,1764,1,470,45,1068,11
2514,16,1764,1,470,45,1186,11
2514,16,1764,1,470,45,1259,11
2514,16,1764,1,470,45,1260,11
2514,16,1764,1,470,45,1312,11
2514,16,1764,1,470,45,1388,11
2514,16,1764,1,470,45,1391,11
2514,16,1764,1,470,45,1422,11
2514,16,1764,1,470,45,1556,11
2514,16,1764,1,470,45,1747,11
2514,16,1764,1,470,45,1773,11
2514,16,1764,1,470,45,1799,11
2514,16,1764,1,470,45,1873,11
2514,16,1764,1,470,45,1956,11
2514,16,1764,1,470,45,1997,11
2514,16,1764,1,470,45,2068,11
2514,16,1764,1,470,45,2079,11
2514,16,1764,1,470,45,2123,11
2514,16,1764,1,470,45,2196,11
2514,16,1764,1,470,45,2206,11
2514,16,1764,1,470,45,2216,11
2514,16,1764,1,470,45,2244,11
2514,16,1764,1,470,45,2259,11
2514,16,1764,1,470,45,2261,11
2514,16,1764,1,470,45,2289,11
2514,16,1764,1,470,45,2359,11
2514,16,1764,1,470,45,2370,11
2514,16,1764,1,470,45,2405,11
2514,16,1764,1,545,22,45,11
2514,16,1764,1,545,22,159,11
2514,16,1764,1,545,22,272,11
2514,16,1764,1,545,22,338,11
2514,16,1764,1,545,22,390,11
2514,16,1764,1,545,22,457,11
2514,16,1764,1,545,22,463,11
2514,16,1764,1,545,22,620,11
2514,16,1764,1,545,22,700,11
2514,16,1764,1,545,22,742,11
2514,16,1764,1,545,22,758,11
2514,16,1764,1,545,22,879,11
2514,16,1764,1,545,22,927,11
2514,16,1764,1,545,22,979,11
2514,16,1764,1,545,22,1003,11
2514,16,1764,1,545,22,1044,11
2514,16,1764,1,545,22,1068,11
2514,16,1764,1,545,22,1153,11
2514,16,1764,1,545,22,1186,11
2514,16,1764,1,545,22,1194,11
2514,16,1764,1,545,22,1259,11
2514,16,1764,1,545,22,1260,11
2514,16,1764,1,545,22,1312,11
2514,16,1764,1,545,22,1388,11
2514,16,1764,1,545,22,1391,11
2514,16,1764,1,545,22,1422,11
2514,16,1764,1,545,22,1556,11
2514,16,1764,1,545,22,1568,11
2514,16,1764,1,545,22,1599,11
2514,16,1764,1,545,22,1747,11
2514,16,1764,1,545,22,1773,11
2514,16,1764,1,545,22,1799,11
2514,16,1764,1,545,22,1818,11
2514,16,1764,1,545,22,1873,11
2514,16,1764,1,545,22,1940,11
2514,16,1764,1,545,22,1956,11
2514,16,1764,1,545,22,1997,11
2514,16,1764,1,545,22,2068,11
2514,16,1764,1,545,22,2079,11
2514,16,1764,1,545,22,2123,11
2514,16,1764,1,545,22,2196,11
2514,16,1764,1,545,22,2206,11
2514,16,1764,1,545,22,2216,11
2514,16,1764,1,545,22,2244,11
2514,16,1764,1,545,22,2259,11
2514,16,1764,1,545,22,2261,11
2514,16,1764,1,545,22,2289,11
2514,16,1764,1,545,22,2359,11
2514,16,1764,1,545,22,2370,11
2514,16,1764,1,545,22,2405,11
2514,16,1764,1,593,33,45,11
2514,16,1764,1,593,33,159,11
2514,16,1764,1,593,33,272,11
2514,16,1764,1,593,33,338,11
2514,16,1764,1,593,33,390,11
2514,16,1764,1,593,33,457,11
2514,16,1764,1,593,33,463,11
2514,16,1764,1,593,33,620,11
2514,16,1764,1,593,33,700,11
2514,16,1764,1,593,33,742,11
2514,16,1764,1,593,33,758,11
2514,16,1764,1,593,33,879,11
2514,16,1764,1,593,33,927,11
2514,16,1764,1,593,33,979,11
2514,16,1764,1,593,33,1003,11
2514,16,1764,1,593,33,1044,11
2514,16,1764,1,593,33,1068,11
2514,16,1764,1,593,33,1153,11
2514,16,1764,1,593,33,1186,11
2514,16,1764,1,593,33,1194,11
2514,16,1764,1,593,33,1259,11
2514,16,1764,1,593,33,1260,11
2514,16,1764,1,593,33,1312,11
2514,16,1764,1,593,33,1388,11
2514,16,1764,1,593,33,1391,11
2514,16,1764,1,593,33,1422,11
2514,16,1764,1,593,33,1556,11
2514,16,1764,1,593,33,1568,11
2514,16,1764,1,593,33,1599,11
2514,16,1764,1,593,33,1747,11
2514,16,1764,1,593,33,1773,11
2514,16,1764,1,593,33,1799,11
2514,16,1764,1,593,33,1818,11
2514,16,1764,1,593,33,1873,11
2514,16,1764,1,593,33,1940,11
2514,16,1764,1,593,33,1956,11
2514,16,1764,1,593,33,1997,11
2514,16,1764,1,593,33,2068,11
2514,16,1764,1,593,33,2079,11
2514,16,1764,1,593,33,2123,11
2514,16,1764,1,593,33,2196,11
2514,16,1764,1,593,33,2206,11
2514,16,1764,1,593,33,2216,11
2514,16,1764,1,593,33,2244,11
2514,16,1764,1,593,33,2259,11
2514,16,1764,1,593,33,2261,11
2514,16,1764,1,593,33,2289,11
2514,16,1764,1,593,33,2359,11
2514,16,1764,1,593,33,2370,11
2514,16,1764,1,593,33,2405,11
2514,16,1764,1,992,33,45,11
2514,16,1764,1,992,33,159,11
2514,16,1764,1,992,33,272,11
2514,16,1764,1,992,33,338,11
2514,16,1764,1,992,33,390,11
2514,16,1764,1,992,33,457,11
2514,16,1764,1,992,33,463,11
2514,16,1764,1,992,33,620,11
2514,16,1764,1,992,33,700,11
2514,16,1764,1,992,33,742,11
2514,16,1764,1,992,33,758,11
2514,16,1764,1,992,33,879,11
2514,16,1764,1,992,33,927,11
2514,16,1764,1,992,33,979,11
2514,16,1764,1,992,33,1003,11
2514,16,1764,1,992,33,1044,11
2514,16,1764,1,992,33,1068,11
2514,16,1764,1,992,33,1153,11
2514,16,1764,1,992,33,1186,11
2514,16,1764,1,992,33,1194,11
2514,16,1764,1,992,33,1259,11
2514,16,1764,1,992,33,1260,11
2514,16,1764,1,992,33,1312,11
2514,16,1764,1,992,33,1388,11
2514,16,1764,1,992,33,1391,11
2514,16,1764,1,992,33,1422,11
2514,16,1764,1,992,33,1556,11
2514,16,1764,1,992,33,1568,11
2514,16,1764,1,992,33,1599,11
2514,16,1764,1,992,33,1747,11
2514,16,1764,1,992,33,1773,11
2514,16,1764,1,992,33,1799,11
2514,16,1764,1,992,33,1818,11
2514,16,1764,1,992,33,1873,11
2514,16,1764,1,992,33,1940,11
2514,16,1764,1,992,33,1956,11
2514,16,1764,1,992,33,1997,11
2514,16,1764,1,992,33,2068,11
2514,16,1764,1,992,33,2079,11
2514,16,1764,1,992,33,2123,11
2514,16,1764,1,992,33,2196,11
2514,16,1764,1,992,33,2206,11
2514,16,1764,1,992,33,2216,11
2514,16,1764,1,992,33,2244,11
2514,16,1764,1,992,33,2259,11
2514,16,1764,1,992,33,2261,11
2514,16,1764,1,992,33,2289,11
2514,16,1764,1,992,33,2359,11
2514,16,1764,1,992,33,2370,11
2514,16,1764,1,992,33,2405,11
2514,16,1764,1,1092,28,45,11
2514,16,1764,1,1092,28,159,11
2514,16,1764,1,1092,28,272,11
2514,16,1764,1,1092,28,338,11
2514,16,1764,1,1092,28,390,11
2514,16,1764,1,1092,28,457,11
2514,16,1764,1,1092,28,463,11
2514,16,1764,1,1092,28,620,11
2514,16,1764,1,1092,28,700,11
2514,16,1764,1,1092,28,742,11
2514,16,1764,1,1092,28,758,11
2514,16,1764,1,1092,28,879,11
2514,16,1764,1,1092,28,927,11
2514,16,1764,1,1092,28,979,11
2514,16,1764,1,1092,28,1003,11
2514,16,1764,1,1092,28,1044,11
2514,16,1764,1,1092,28,1068,11
2514,16,1764,1,1092,28,1153,11
2514,16,1764,1,1092,28,1186,11
2514,16,1764,1,1092,28,1194,11
2514,16,1764,1,1092,28,1259,11
2514,16,1764,1,1092,28,1260,11
2514,16,1764,1,1092,28,1312,11
2514,16,1764,1,1092,28,1388,11
2514,16,1764,1,1092,28,1391,11
2514,16,1764,1,1092,28,1422,11
2514,16,1764,1,1092,28,1556,11
2514,16,1764,1,1092,28,1568,11
2514,16,1764,1,1092,28,1599,11
2514,16,1764,1,1092,28,1747,11
2514,16,1764,1,1092,28,1773,11
2514,16,1764,1,1092,28,1799,11
2514,16,1764,1,1092,28,1818,11
2514,16,1764,1,1092,28,1873,11
2514,16,1764,1,1092,28,1940,11
2514,16,1764,1,1092,28,1956,11
2514,16,1764,1,1092,28,1997,11
2514,16,1764,1,1092,28,2068,11
2514,16,1764,1,1092,28,2079,11
2514,16,1764,1,1092,28,2123,11
2514,16,1764,1,1092,28,2196,11
2514,16,1764,1,1092,28,2206,11
2514,16,1764,1,1092,28,2216,11
2514,16,1764,1,1092,28,2244,11
2514,16,1764,1,1092,28,2259,11
2514,16,1764,1,1092,28,2261,11
2514,16,1764,1,1092,28,2289,11
2514,16,1764,1,1092,28,2359,11
2514,16,1764,1,1092,28,2370,11
2514,16,1764,1,1092,28,2405,11
2514,16,1764,1,1418,43,45,11
2514,16,1764,1,1418,43,159,11
2514,16,1764,1,1418,43,272,11
2514,16,1764,1,1418,43,338,11
2514,16,1764,1,1418,43,390,11
2514,16,1764,1,1418,43,457,11
2514,16,1764,1,1418,43,463,11
2514,16,1764,1,1418,43,620,11
2514,16,1764,1,1418,43,700,11
2514,16,1764,1,1418,43,742,11
2514,16,1764,1,1418,43,758,11
2514,16,1764,1,1418,43,879,11
2514,16,1764,1,1418,43,927,11
2514,16,1764,1,1418,43,979,11
2514,16,1764,1,1418,43,1003,11
2514,16,1764,1,1418,43,1044,11
2514,16,1764,1,1418,43,1068,11
2514,16,1764,1,1418,43,1153,11
2514,16,1764,1,1418,43,1186,11
2514,16,1764,1,1418,43,1194,11
2514,16,1764,1,1418,43,1259,11
2514,16,1764,1,1418,43,1260,11
2514,16,1764,1,1418,43,1312,11
2514,16,1764,1,1418,43,1388,11
2514,16,1764,1,1418,43,1391,11
2514,16,1764,1,1418,43,1422,11
2514,16,1764,1,1418,43,1556,11
2514,16,1764,1,1418,43,1568,11
2514,16,1764,1,1418,43,1599,11
2514,16,1764,1,1418,43,1747,11
2514,16,1764,1,1418,43,1773,11
2514,16,1764,1,1418,43,1799,11
2514,16,1764,1,1418,43,1818,11
2514,16,1764,1,1418,43,1873,11
2514,16,1764,1,1418,43,1940,11
2514,16,1764,1,1418,43,1956,11
2514,16,1764,1,1418,43,1997,11
2514,16,1764,1,1418,43,2068,11
2514,16,1764,1,1418,43,2079,11
2514,16,1764,1,1418,43,2123,11
2514,16,1764,1,1418,43,2196,11
2514,16,1764,1,1418,43,2206,11
2514,16,1764,1,1418,43,2216,11
2514,16,1764,1,1418,43,2244,11
2514,16,1764,1,1418,43,2259,11
2514,16,1764,1,1418,43,2261,11
2514,16,1764,1,1418,43,2289,11
2514,16,1764,1,1418,43,2359,11
2514,16,1764,1,1418,43,2370,11
2514,16,1764,1,1418,43,2405,11
2514,16,1764,1,1449,14,45,11
2514,16,1764,1,1449,14,159,11
2514,16,1764,1,1449,14,272,11
2514,16,1764,1,1449,14,338,11
2514,16,1764,1,1449,14,390,11
2514,16,1764,1,1449,14,457,11
2514,16,1764,1,1449,14,463,11
2514,16,1764,1,1449,14,620,11
2514,16,1764,1,1449,14,700,11
2514,16,1764,1,1449,14,742,11
2514,16,1764,1,1449,14,758,11
2514,16,1764,1,1449,14,879,11
2514,16,1764,1,1449,14,927,11
2514,16,1764,1,1449,14,979,11
2514,16,1764,1,1449,14,1003,11
2514,16,1764,1,1449,14,1044,11
2514,16,1764,1,1449,14,1068,11
2514,16,1764,1,1449,14,1153,11
2514,16,1764,1,1449,14,1186,11
2514,16,1764,1,1449,14,1194,11
2514,16,1764,1,1449,14,1259,11
2514,16,1764,1,1449,14,1260,11
2514,16,1764,1,1449,14,1312,11
2514,16,1764,1,1449,14,1388,11
2514,16,1764,1,1449,14,1391,11
2514,16,1764,1,1449,14,1422,11
2514,16,1764,1,1449,14,1556,11
2514,16,1764,1,1449,14,1568,11
2514,16,1764,1,1449,14,1599,11
2514,16,1764,1,1449,14,1747,11
2514,16,1764,1,1449,14,1773,11
2514,16,1764,1,1449,14,1799,11
2514,16,1764,1,1449,14,1818,11
2514,16,1764,1,1449,14,1873,11
2514,16,1764,1,1449,14,1940,11
2514,16,1764,1,1449,14,1956,11
2514,16,1764,1,1449,14,1997,11
2514,16,1764,1,1449,14,2068,11
2514,16,1764,1,1449,14,2079,11
2514,16,1764,1,1449,14,2123,11
2514,16,1764,1,1449,14,2196,11
2514,16,1764,1,1449,14,2206,11
2514,16,1764,1,1449,14,2216,11
2514,16,1764,1,1449,14,2244,11
2514,16,1764,1,1449,14,2259,11
2514,16,1764,1,1449,14,2261,11
2514,16,1764,1,1449,14,2289,11
2514,16,1764,1,1449,14,2359,11
2514,16,1764,1,1449,14,2370,11
2514,16,1764,1,1449,14,2405,11
2514,16,1764,1,1475,42,45,11
2514,16,1764,1,1475,42,159,11
2514,16,1764,1,1475,42,272,11
2514,16,1764,1,1475,42,338,11
2514,16,1764,1,1475,42,390,11
2514,16,1764,1,1475,42,457,11
2514,16,1764,1,1475,42,463,11
2514,16,1764,1,1475,42,620,11
2514,16,1764,1,1475,42,700,11
2514,16,1764,1,1475,42,742,11
2514,16,1764,1,1475,42,758,11
2514,16,1764,1,1475,42,879,11
2514,16,1764,1,1475,42,927,11
2514,16,1764,1,1475,42,979,11
2514,16,1764,1,1475,42,1003,11
2514,16,1764,1,1475,42,1044,11
2514,16,1764,1,1475,42,1068,11
2514,16,1764,1,1475,42,1153,11
2514,16,1764,1,1475,42,1186,11
2514,16,1764,1,1475,42,1194,11
2514,16,1764,1,1475,42,1259,11
2514,16,1764,1,1475,42,1260,11
2514,16,1764,1,1475,42,1312,11
2514,16,1764,1,1475,42,1388,11
2514,16,1764,1,1475,42,1391,11
2514,16,1764,1,1475,42,1422,11
2514,16,1764,1,1475,42,1556,11
2514,16,1764,1,1475,42,1568,11
2514,16,1764,1,1475,42,1599,11
2514,16,1764,1,1475,42,1747,11
2514,16,1764,1,1475,42,1773,11
2514,16,1764,1,1475,42,1799,11
2514,16,1764,1,1475,42,1818,11
2514,16,1764,1,1475,42,1873,11
2514,16,1764,1,1475,42,1940,11
2514,16,1764,1,1475,42,1956,11
2514,16,1764,1,1475,42,1997,11
2514,16,1764,1,1475,42,2068,11
2514,16,1764,1,1475,42,2079,11
2514,16,1764,1,1475,42,2123,11
2514,16,1764,1,1475,42,2196,11
2514,16,1764,1,1475,42,2206,11
2514,16,1764,1,1475,42,2216,11
2514,16,1764,1,1475,42,2244,11
2514,16,1764,1,1475,42,2259,11
2514,16,1764,1,1475,42,2261,11
2514,16,1764,1,1475,42,2289,11
2514,16,1764,1,1475,42,2359,11
2514,16,1764,1,1475,42,2370,11
2514,16,1764,1,1475,42,2405,11
2514,16,1764,1,1618,35,45,11
2514,16,1764,1,1618,35,159,11
2514,16,1764,1,1618,35,272,11
2514,16,1764,1,1618,35,338,11
2514,16,1764,1,1618,35,390,11
2514,16,1764,1,1618,35,457,11
2514,16,1764,1,1618,35,463,11
2514,16,1764,1,1618,35,620,11
2514,16,1764,1,1618,35,700,11
2514,16,1764,1,1618,35,742,11
2514,16,1764,1,1618,35,758,11
2514,16,1764,1,1618,35,879,11
2514,16,1764,1,1618,35,927,11
2514,16,1764,1,1618,35,979,11
2514,16,1764,1,1618,35,1003,11
2514,16,1764,1,1618,35,1044,11
2514,16,1764,1,1618,35,1068,11
2514,16,1764,1,1618,35,1153,11
2514,16,1764,1,1618,35,1186,11
2514,16,1764,1,1618,35,1194,11
2514,16,1764,1,1618,35,1259,11
2514,16,1764,1,1618,35,1260,11
2514,16,1764,1,1618,35,1312,11
2514,16,1764,1,1618,35,1388,11
2514,16,1764,1,1618,35,1391,11
2514,16,1764,1,1618,35,1422,11
2514,16,1764,1,1618,35,1556,11
2514,16,1764,1,1618,35,1568,11
2514,16,1764,1,1618,35,1599,11
2514,16,1764,1,1618,35,1747,11
2514,16,1764,1,1618,35,1773,11
2514,16,1764,1,1618,35,1799,11
2514,16,1764,1,1618,35,1818,11
2514,16,1764,1,1618,35,1873,11
2514,16,1764,1,1618,35,1940,11
2514,16,1764,1,1618,35,1956,11
2514,16,1764,1,1618,35,1997,11
2514,16,1764,1,1618,35,2068,11
2514,16,1764,1,1618,35,2079,11
2514,16,1764,1,1618,35,2123,11
2514,16,1764,1,1618,35,2196,11
2514,16,1764,1,1618,35,2206,11
2514,16,1764,1,1618,35,2216,11
2514,16,1764,1,1618,35,2244,11
2514,16,1764,1,1618,35,2259,11
2514,16,1764,1,1618,35,2261,11
2514,16,1764,1,1618,35,2289,11
2514,16,1764,1,1618,35,2359,11
2514,16,1764,1,1618,35,2370,11
2514,16,1764,1,1618,35,2405,11
