2514,16,928,7,350,9,457,11
2514,16,928,7,350,9,700,11
2514,16,928,7,350,9,927,11
2514,16,928,7,350,9,1003,11
2514,16,928,7,350,9,1153,11
2514,16,928,7,350,9,1194,11
2514,16,928,7,350,9,1568,11
2514,16,928,7,350,9,1599,11
2514,16,928,7,350,9,1818,11
2514,16,928,7,350,9,1940,11
2514,16,928,7,739,20,45,11
2514,16,928,7,739,20,159,11
2514,16,928,7,739,20,272,11
2514,16,928,7,739,20,338,11
2514,16,928,7,739,20,390,11
2514,16,928,7,739,20,457,11
2514,16,928,7,739,20,463,11
2514,16,928,7,739,20,620,11
2514,16,928,7,739,20,700,11
2514,16,928,7,739,20,742,11
2514,16,928,7,739,20,758,11
2514,16,928,7,739,20,879,11
2514,16,928,7,739,20,927,11
2514,16,928,7,739,20,979,11
2514,16,928,7,739,20,1003,11
2514,16,928,7,739,20,1044,11
2514,16,928,7,739,20,1068,11
2514,16,928,7,739,20,1153,11
2514,16,928,7,739,20,1186,11
2514,16,928,7,739,20,1194,11
2514,16,928,7,739,20,1259,11
2514,16,928,7,739,20,1260,11
2514,16,928,7,739,20,1312,11
2514,16,928,7,739,20,1388,11
2514,16,928,7,739,20,1391,11
2514,16,928,7,739,20,1422,11
2514,16,928,7,739,20,1556,11
2514,16,928,7,739,20,1568,11
2514,16,928,7,739,20,1599,11
2514,16,928,7,739,20,1747,11
2514,16,928,7,739,20,1773,11
2514,16,928,7,739,20,1799,11
2514,16,928,7,739,20,1818,11
2514,16,928,7,739,20,1873,11
2514,16,928,7,739,20,1940,11
2514,16,928,7,739,20,1956,11
2514,16,928,7,739,20,1997,11
2514,16,928,7,739,20,2068,11
2514,16,928,7,739,20,2079,11
2514,16,928,7,739,20,2123,11
2514,16,928,7,739,20,2196,11
2514,16,928,7,739,20,2206,11
2514,16,928,7,739,20,2216,11
2514,16,928,7,739,20,2244,11
2514,16,928,7,739,20,2259,11
2514,16,928,7,739,20,2261,11
2514,16,928,7,739,20,2289,11
2514,16,928,7,739,20,2359,11
2514,16,928,7,739,20,2370,11
2514,16,928,7,739,20,2405,11
2514,16,928,7,752,16,45,11
2514,16,928,7,752,16,159,11
2514,16,928,7,752,16,272,11
2514,16,928,7,752,16,338,11
2514,16,928,7,752,16,390,11
2514,16,928,7,752,16,457,11
2514,16,928,7,752,16,463,11
2514,16,928,7,752,16,620,11
2514,16,928,7,752,16,700,11
2514,16,928,7,752,16,742,11
2514,16,928,7,752,16,758,11
2514,16,928,7,752,16,879,11
2514,16,928,7,752,16,927,11
2514,16,928,7,752,16,979,11
2514,16,928,7,752,16,1003,11
2514,16,928,7,752,16,1044,11
2514,16,928,7,752,16,1068,11
2514,16,928,7,752,16,1153,11
2514,16,928,7,752,16,1186,11
2514,16,928,7,752,16,1194,11
2514,16,928,7,752,16,1259,11
2514,16,928,7,752,16,1260,11
2514,16,928,7,752,16,1312,11
2514,16,928,7,752,16,1388,11
2514,16,928,7,752,16,1391,11
2514,16,928,7,752,16,1422,11
2514,16,928,7,752,16,1556,11
2514,16,928,7,752,16,1568,11
2514,16,928,7,752,16,1599,11
2514,16,928,7,752,16,1747,11
2514,16,928,7,752,16,1773,11
2514,16,928,7,752,16,1799,11
2514,16,928,7,752,16,1818,11
2514,16,928,7,752,16,1873,11
2514,16,928,7,752,16,1940,11
2514,16,928,7,752,16,1956,11
2514,16,928,7,752,16,1997,11
2514,16,928,7,752,16,2068,11
2514,16,928,7,752,16,2079,11
2514,16,928,7,752,16,2123,11
2514,16,928,7,752,16,2196,11
2514,16,928,7,752,16,2206,11
2514,16,928,7,752,16,2216,11
2514,16,928,7,752,16,2244,11
2514,16,928,7,752,16,2259,11
2514,16,928,7,752,16,2261,11
2514,16,928,7,752,16,2289,11
2514,16,928,7,752,16,2359,11
2514,16,928,7,752,16,2370,11
2514,16,928,7,752,16,2405,11
2514,16,928,7,772,33,45,11
2514,16,928,7,772,33,159,11
2514,16,928,7,772,33,272,11
2514,16,928,7,772,33,338,11
2514,16,928,7,772,33,390,11
2514,16,928,7,772,33,457,11
2514,16,928,7,772,33,463,11
2514,16,928,7,772,33,620,11
2514,16,928,7,772,33,700,11
2514,16,928,7,772,33,742,11
2514,16,928,7,772,33,758,11
2514,16,928,7,772,33,879,11
2514,16,928,7,772,33,927,11
2514,16,928,7,772,33,979,11
2514,16,928,7,772,33,1003,11
2514,16,928,7,772,33,1044,11
2514,16,928,7,772,33,1068,11
2514,16,928,7,772,33,1153,11
2514,16,928,7,772,33,1186,11
2514,16,928,7,772,33,1194,11
2514,16,928,7,772,33,1259,11
2514,16,928,7,772,33,1260,11
2514,16,928,7,772,33,1312,11
2514,16,928,7,772,33,1388,11
2514,16,928,7,772,33,1391,11
2514,16,928,7,772,33,1422,11
2514,16,928,7,772,33,1556,11
2514,16,928,7,772,33,1568,11
2514,16,928,7,772,33,1599,11
2514,16,928,7,772,33,1747,11
2514,16,928,7,772,33,1773,11
2514,16,928,7,772,33,1799,11
2514,16,928,7,772,33,1818,11
2514,16,928,7,772,33,1873,11
2514,16,928,7,772,33,1940,11
2514,16,928,7,772,33,1956,11
2514,16,928,7,772,33,1997,11
2514,16,928,7,772,33,2068,11
2514,16,928,7,772,33,2079,11
2514,16,928,7,772,33,2123,11
2514,16,928,7,772,33,2196,11
2514,16,928,7,772,33,2206,11
2514,16,928,7,772,33,2216,11
2514,16,928,7,772,33,2244,11
2514,16,928,7,772,33,2259,11
2514,16,928,7,772,33,2261,11
2514,16,928,7,772,33,2289,11
2514,16,928,7,772,33,2359,11
2514,16,928,7,772,33,2370,11
2514,16,928,7,772,33,2405,11
2514,16,928,7,902,17,45,11
2514,16,928,7,902,17,159,11
2514,16,928,7,902,17,272,11
2514,16,928,7,902,17,338,11
2514,16,928,7,902,17,390,11
2514,16,928,7,902,17,457,11
2514,16,928,7,902,17,463,11
2514,16,928,7,902,17,620,11
2514,16,928,7,902,17,700,11
2514,16,928,7,902,17,742,11
2514,16,928,7,902,17,758,11
2514,16,928,7,902,17,879,11
2514,16,928,7,902,17,927,11
2514,16,928,7,902,17,979,11
2514,16,928,7,902,17,1003,11
2514,16,928,7,902,17,1044,11
2514,16,928,7,902,17,1068,11
2514,16,928,7,902,17,1153,11
2514,16,928,7,902,17,1186,11
2514,16,928,7,902,17,1194,11
2514,16,928,7,902,17,1259,11
2514,16,928,7,902,17,1260,11
2514,16,928,7,902,17,1312,11
2514,16,928,7,902,17,1388,11
2514,16,928,7,902,17,1391,11
2514,16,928,7,902,17,1422,11
2514,16,928,7,902,17,1556,11
2514,16,928,7,902,17,1568,11
2514,16,928,7,902,17,1599,11
2514,16,928,7,902,17,1747,11
2514,16,928,7,902,17,1773,11
2514,16,928,7,902,17,1799,11
2514,16,928,7,902,17,1818,11
2514,16,928,7,902,17,1873,11
2514,16,928,7,902,17,1940,11
2514,16,928,7,902,17,1956,11
2514,16,928,7,902,17,1997,11
2514,16,928,7,902,17,2068,11
2514,16,928,7,902,17,2079,11
2514,16,928,7,902,17,2123,11
2514,16,928,7,902,17,2196,11
2514,16,928,7,902,17,2206,11
2514,16,928,7,902,17,2216,11
2514,16,928,7,902,17,2244,11
2514,16,928,7,902,17,2259,11
2514,16,928,7,902,17,2261,11
2514,16,928,7,902,17,2289,11
2514,16,928,7,902,17,2359,11
2514,16,928,7,902,17,2370,11
2514,16,928,7,902,17,2405,11
2514,16,928,7,943,32,45,11
2514,16,928,7,943,32,159,11
2514,16,928,7,943,32,272,11
2514,16,928,7,943,32,338,11
2514,16,928,7,943,32,390,11
2514,16,928,7,943,32,457,11
2514,16,928,7,943,32,463,11
2514,16,928,7,943,32,620,11
2514,16,928,7,943,32,700,11
2514,16,928,7,943,32,742,11
2514,16,928,7,943,32,758,11
2514,16,928,7,943,32,879,11
2514,16,928,7,943,32,927,11
2514,16,928,7,943,32,979,11
2514,16,928,7,943,32,1003,11
2514,16,928,7,943,32,1044,11
2514,16,928,7,943,32,1068,11
2514,16,928,7,943,32,1153,11
2514,16,928,7,943,32,1186,11
2514,16,928,7,943,32,1194,11
2514,16,928,7,943,32,1259,11
2514,16,928,7,943,32,1260,11
2514,16,928,7,943,32,1312,11
2514,16,928,7,943,32,1388,11
2514,16,928,7,943,32,1391,11
2514,16,928,7,943,32,1422,11
2514,16,928,7,943,32,1556,11
2514,16,928,7,943,32,1568,11
2514,16,928,7,943,32,1599,11
2514,16,928,7,943,32,1747,11
2514,16,928,7,943,32,1773,11
2514,16,928,7,943,32,1799,11
2514,16,928,7,943,32,1818,11
2514,16,928,7,943,32,1873,11
2514,16,928,7,943,32,1940,11
2514,16,928,7,943,32,1956,11
2514,16,928,7,943,32,1997,11
2514,16,928,7,943,32,2068,11
2514,16,928,7,943,32,2079,11
2514,16,928,7,943,32,2123,11
2514,16,928,7,943,32,2196,11
2514,16,928,7,943,32,2206,11
2514,16,928,7,943,32,2216,11
2514,16,928,7,943,32,2244,11
2514,16,928,7,943,32,2259,11
2514,16,928,7,943,32,2261,11
2514,16,928,7,943,32,2289,11
2514,16,928,7,943,32,2359,11
2514,16,928,7,943,32,2370,11
2514,16,928,7,943,32,2405,11
2514,16,928,7,1023,42,45,11
2514,16,928,7,1023,42,159,11
2514,16,928,7,1023,42,272,11
2514,16,928,7,1023,42,338,11
2514,16,928,7,1023,42,390,11
2514,16,928,7,1023,42,457,11
2514,16,928,7,1023,42,463,11
2514,16,928,7,1023,42,620,11
2514,16,928,7,1023,42,700,11
2514,16,928,7,1023,42,742,11
2514,16,928,7,1023,42,758,11
2514,16,928,7,1023,42,879,11
2514,16,928,7,1023,42,927,11
2514,16,928,7,1023,42,979,11
2514,16,928,7,1023,42,1003,11
2514,16,928,7,1023,42,1044,11
2514,16,928,7,1023,42,1068,11
2514,16,928,7,1023,42,1153,11
2514,16,928,7,1023,42,1186,11
2514,16,928,7,1023,42,1194,11
2514,16,928,7,1023,42,1259,11
2514,16,928,7,1023,42,1260,11
2514,16,928,7,1023,42,1312,11
2514,16,928,7,1023,42,1388,11
2514,16,928,7,1023,42,1391,11
2514,16,928,7,1023,42,1422,11
2514,16,928,7,1023,42,1556,11
2514,16,928,7,1023,42,1568,11
2514,16,928,7,1023,42,1599,11
2514,16,928,7,1023,42,1747,11
2514,16,928,7,1023,42,1773,11
2514,16,928,7,1023,42,1799,11
2514,16,928,7,1023,42,1818,11
2514,16,928,7,1023,42,1873,11
2514,16,928,7,1023,42,1940,11
2514,16,928,7,1023,42,1956,11
2514,16,928,7,1023,42,1997,11
2514,16,928,7,1023,42,2068,11
2514,16,928,7,1023,42,2079,11
2514,16,928,7,1023,42,2123,11
2514,16,928,7,1023,42,2196,11
2514,16,928,7,1023,42,2206,11
2514,16,928,7,1023,42,2216,11
2514,16,928,7,1023,42,2244,11
2514,16,928,7,1023,42,2259,11
2514,16,928,7,1023,42,2261,11
2514,16,928,7,1023,42,2289,11
2514,16,928,7,1023,42,2359,11
2514,16,928,7,1023,42,2370,11
2514,16,928,7,1023,42,2405,11
2514,16,928,7,1217,21,45,11
2514,16,928,7,1217,21,159,11
2514,16,928,7,1217,21,272,11
2514,16,928,7,1217,21,338,11
2514,16,928,7,1217,21,390,11
2514,16,928,7,1217,21,457,11
2514,16,928,7,1217,21,463,11
2514,16,928,7,1217,21,620,11
2514,16,928,7,1217,21,700,11
2514,16,928,7,1217,21,742,11
2514,16,928,7,1217,21,758,11
2514,16,928,7,1217,21,879,11
2514,16,928,7,1217,21,927,11
2514,16,928,7,1217,21,979,11
2514,16,928,7,1217,21,1003,11
2514,16,928,7,1217,21,1044,11
2514,16,928,7,1217,21,1068,11
2514,16,928,7,1217,21,1153,11
2514,16,928,7,1217,21,1186,11
2514,16,928,7,1217,21,1194,11
2514,16,928,7,1217,21,1259,11
2514,16,928,7,1217,21,1260,11
2514,16,928,7,1217,21,1312,11
2514,16,928,7,1217,21,1388,11
2514,16,928,7,1217,21,1391,11
2514,16,928,7,1217,21,1422,11
2514,16,928,7,1217,21,1556,11
2514,16,928,7,1217,21,1568,11
2514,16,928,7,1217,21,1599,11
2514,16,928,7,1217,21,1747,11
2514,16,928,7,1217,21,1773,11
2514,16,928,7,1217,21,1799,11
2514,16,928,7,1217,21,1818,11
2514,16,928,7,1217,21,1873,11
2514,16,928,7,1217,21,1940,11
2514,16,928,7,1217,21,1956,11
2514,16,928,7,1217,21,1997,11
2514,16,928,7,1217,21,2068,11
2514,16,928,7,1217,21,2079,11
2514,16,928,7,1217,21,2123,11
2514,16,928,7,1217,21,2196,11
2514,16,928,7,1217,21,2206,11
2514,16,928,7,1217,21,2216,11
2514,16,928,7,1217,21,2244,11
2514,16,928,7,1217,21,2259,11
2514,16,928,7,1217,21,2261,11
2514,16,928,7,1217,21,2289,11
2514,16,928,7,1217,21,2359,11
2514,16,928,7,1217,21,2370,11
2514,16,928,7,1217,21,2405,11
2514,16,928,7,1301,20,45,11
2514,16,928,7,1301,20,159,11
2514,16,928,7,1301,20,272,11
2514,16,928,7,1301,20,338,11
2514,16,928,7,1301,20,390,11
2514,16,928,7,1301,20,457,11
2514,16,928,7,1301,20,463,11
2514,16,928,7,1301,20,620,11
2514,16,928,7,1301,20,700,11
2514,16,928,7,1301,20,742,11
2514,16,928,7,1301,20,758,11
2514,16,928,7,1301,20,879,11
2514,16,928,7,1301,20,927,11
2514,16,928,7,1301,20,979,11
2514,16,928,7,1301,20,1003,11
2514,16,928,7,1301,20,1044,11
2514,16,928,7,1301,20,1068,11
2514,16,928,7,1301,20,1153,11
2514,16,928,7,1301,20,1186,11
2514,16,928,7,1301,20,1194,11
2514,16,928,7,1301,20,1259,11
2514,16,928,7,1301,20,1260,11
2514,16,928,7,1301,20,1312,11
2514,16,928,7,1301,20,1388,11
2514,16,928,7,1301,20,1391,11
2514,16,928,7,1301,20,1422,11
2514,16,928,7,1301,20,1556,11
2514,16,928,7,1301,20,1568,11
2514,16,928,7,1301,20,1599,11
2514,16,928,7,1301,20,1747,11
2514,16,928,7,1301,20,1773,11
2514,16,928,7,1301,20,1799,11
2514,16,928,7,1301,20,1818,11
2514,16,928,7,1301,20,1873,11
2514,16,928,7,1301,20,1940,11
2514,16,928,7,1301,20,1956,11
2514,16,928,7,1301,20,1997,11
2514,16,928,7,1301,20,2068,11
2514,16,928,7,1301,20,2079,11
2514,16,928,7,1301,20,2123,11
2514,16,928,7,1301,20,2196,11
2514,16,928,7,1301,20,2206,11
2514,16,928,7,1301,20,2216,11
2514,16,928,7,1301,20,2244,11
2514,16,928,7,1301,20,2259,11
2514,16,928,7,1301,20,2261,11
2514,16,928,7,1301,20,2289,11
2514,16,928,7,1301,20,2359,11
2514,16,928,7,1301,20,2370,11
2514,16,928,7,1301,20,2405,11
2514,16,928,7,1371,14,45,11
2514,16,928,7,1371,14,272,11
2514,16,928,7,1371,14,338,11
2514,16,928,7,1371,14,390,11
2514,16,928,7,1371,14,620,11
2514,16,928,7,1371,14,742,11
2514,16,928,7,1371,14,758,11
2514,16,928,7,1371,14,979,11
2514,16,928,7,1371,14,1044,11
2514,16,928,7,1371,14,1068,11
2514,16,928,7,1371,14,1186,11
2514,16,928,7,1371,14,1259,11
2514,16,928,7,1371,14,1260,11
2514,16,928,7,1371,14,1312,11
2514,16,928,7,1371,14,1391,11
2514,16,928,7,1371,14,1422,11
2514,16,928,7,1371,14,1747,11
2514,16,928,7,1371,14,1773,11
2514,16,928,7,1371,14,1799,11
2514,16,928,7,1371,14,1956,11
2514,16,928,7,1371,14,1997,11
2514,16,928,7,1371,14,2068,11
2514,16,928,7,1371,14,2079,11
2514,16,928,7,1371,14,2206,11
2514,16,928,7,1371,14,2244,11
2514,16,928,7,1371,14,2259,11
2514,16,928,7,1371,14,2261,11
2514,16,928,7,1371,14,2289,11
2514,16,928,7,1371,14,2359,11
2514,16,928,7,1371,14,2405,11
2514,16,928,7,1834,45,45,11
2514,16,928,7,1834,45,159,11
2514,16,928,7,1834,45,272,11
2514,16,928,7,1834,45,338,11
2514,16,928,7,1834,45,390,11
2514,16,928,7,1834,45,457,11
2514,16,928,7,1834,45,463,11
2514,16,928,7,1834,45,620,11
2514,16,928,7,1834,45,700,11
2514,16,928,7,1834,45,742,11
2514,16,928,7,1834,45,758,11
2514,16,928,7,1834,45,879,11
2514,16,928,7,1834,45,927,11
2514,16,928,7,1834,45,979,11
2514,16,928,7,1834,45,1003,11
2514,16,928,7,1834,45,1044,11
2514,16,928,7,1834,45,1068,11
2514,16,928,7,1834,45,1153,11
2514,16,928,7,1834,45,1186,11
2514,16,928,7,1834,45,1194,11
2514,16,928,7,1834,45,1259,11
2514,16,928,7,1834,45,1260,11
2514,16,928,7,1834,45,1312,11
2514,16,928,7,1834,45,1388,11
2514,16,928,7,1834,45,1391,11
2514,16,928,7,1834,45,1422,11
2514,16,928,7,1834,45,1556,11
2514,16,928,7,1834,45,1568,11
2514,16,928,7,1834,45,1599,11
2514,16,928,7,1834,45,1747,11
2514,16,928,7,1834,45,1773,11
2514,16,928,7,1834,45,1799,11
2514,16,928,7,1834,45,1818,11
2514,16,928,7,1834,45,1873,11
2514,16,928,7,1834,45,1940,11
2514,16,928,7,1834,45,1956,11
2514,16,928,7,1834,45,1997,11
2514,16,928,7,1834,45,2068,11
2514,16,928,7,1834,45,2079,11
2514,16,928,7,1834,45,2123,11
2514,16,928,7,1834,45,2196,11
2514,16,928,7,1834,45,2206,11
2514,16,928,7,1834,45,2216,11
2514,16,928,7,1834,45,2244,11
2514,16,928,7,1834,45,2259,11
2514,16,928,7,1834,45,2261,11
2514,16,928,7,1834,45,2289,11
2514,16,928,7,1834,45,2359,11
2514,16,928,7,1834,45,2370,11
2514,16,928,7,1834,45,2405,11
2514,16,928,7,1886,41,45,11
2514,16,928,7,1886,41,159,11
2514,16,928,7,1886,41,272,11
2514,16,928,7,1886,41,338,11
2514,16,928,7,1886,41,390,11
2514,16,928,7,1886,41,457,11
2514,16,928,7,1886,41,463,11
2514,16,928,7,1886,41,620,11
2514,16,928,7,1886,41,700,11
2514,16,928,7,1886,41,742,11
2514,16,928,7,1886,41,758,11
2514,16,928,7,1886,41,879,11
2514,16,928,7,1886,41,927,11
2514,16,928,7,1886,41,979,11
2514,16,928,7,1886,41,1003,11
2514,16,928,7,1886,41,1044,11
2514,16,928,7,1886,41,1068,11
2514,16,928,7,1886,41,1153,11
2514,16,928,7,1886,41,1186,11
2514,16,928,7,1886,41,1194,11
2514,16,928,7,1886,41,1259,11
2514,16,928,7,1886,41,1260,11
2514,16,928,7,1886,41,1312,11
2514,16,928,7,1886,41,1388,11
2514,16,928,7,1886,41,1391,11
2514,16,928,7,1886,41,1422,11
2514,16,928,7,1886,41,1556,11
2514,16,928,7,1886,41,1568,11
2514,16,928,7,1886,41,1599,11
2514,16,928,7,1886,41,1747,11
2514,16,928,7,1886,41,1773,11
2514,16,928,7,1886,41,1799,11
2514,16,928,7,1886,41,1818,11
2514,16,928,7,1886,41,1873,11
2514,16,928,7,1886,41,1940,11
2514,16,928,7,1886,41,1956,11
2514,16,928,7,1886,41,1997,11
2514,16,928,7,1886,41,2068,11
2514,16,928,7,1886,41,2079,11
2514,16,928,7,1886,41,2123,11
2514,16,928,7,1886,41,2196,11
2514,16,928,7,1886,41,2206,11
2514,16,928,7,1886,41,2216,11
2514,16,928,7,1886,41,2244,11
2514,16,928,7,1886,41,2259,11
2514,16,928,7,1886,41,2261,11
2514,16,928,7,1886,41,2289,11
2514,16,928,7,1886,41,2359,11
2514,16,928,7,1886,41,2370,11
2514,16,928,7,1886,41,2405,11
2514,16,928,7,1925,31,45,11
2514,16,928,7,1925,31,159,11
2514,16,928,7,1925,31,272,11
2514,16,928,7,1925,31,338,11
2514,16,928,7,1925,31,390,11
2514,16,928,7,1925,31,457,11
2514,16,928,7,1925,31,463,11
2514,16,928,7,1925,31,620,11
2514,16,928,7,1925,31,700,11
2514,16,928,7,1925,31,742,11
2514,16,928,7,1925,31,758,11
2514,16,928,7,1925,31,879,11
2514,16,928,7,1925,31,927,11
2514,16,928,7,1925,31,979,11
2514,16,928,7,1925,31,1003,11
2514,16,928,7,1925,31,1044,11
2514,16,928,7,1925,31,1068,11
2514,16,928,7,1925,31,1153,11
2514,16,928,7,1925,31,1186,11
2514,16,928,7,1925,31,1194,11
2514,16,928,7,1925,31,1259,11
2514,16,928,7,1925,31,1260,11
2514,16,928,7,1925,31,1312,11
2514,16,928,7,1925,31,1388,11
2514,16,928,7,1925,31,1391,11
2514,16,928,7,1925,31,1422,11
2514,16,928,7,1925,31,1556,11
2514,16,928,7,1925,31,1568,11
2514,16,928,7,1925,31,1599,11
2514,16,928,7,1925,31,1747,11
2514,16,928,7,1925,31,1773,11
2514,16,928,7,1925,31,1799,11
2514,16,928,7,1925,31,1818,11
2514,16,928,7,1925,31,1873,11
2514,16,928,7,1925,31,1940,11
2514,16,928,7,1925,31,1956,11
2514,16,928,7,1925,31,1997,11
2514,16,928,7,1925,31,2068,11
2514,16,928,7,1925,31,2079,11
2514,16,928,7,1925,31,2123,11
2514,16,928,7,1925,31,2196,11
2514,16,928,7,1925,31,2206,11
2514,16,928,7,1925,31,2216,11
2514,16,928,7,1925,31,2244,11
2514,16,928,7,1925,31,2259,11
2514,16,928,7,1925,31,2261,11
2514,16,928,7,1925,31,2289,11
2514,16,928,7,1925,31,2359,11
2514,16,928,7,1925,31,2370,11
2514,16,928,7,1925,31,2405,11
2514,16,928,7,1989,21,45,11
2514,16,928,7,1989,21,159,11
2514,16,928,7,1989,21,272,11
2514,16,928,7,1989,21,338,11
2514,16,928,7,1989,21,390,11
2514,16,928,7,1989,21,457,11
2514,16,928,7,1989,21,463,11
2514,16,928,7,1989,21,620,11
2514,16,928,7,1989,21,700,11
2514,16,928,7,1989,21,742,11
2514,16,928,7,1989,21,758,11
2514,16,928,7,1989,21,879,11
2514,16,928,7,1989,21,927,11
2514,16,928,7,1989,21,979,11
2514,16,928,7,1989,21,1003,11
2514,16,928,7,1989,21,1044,11
2514,16,928,7,1989,21,1068,11
2514,16,928,7,1989,21,1153,11
2514,16,928,7,1989,21,1186,11
2514,16,928,7,1989,21,1194,11
2514,16,928,7,1989,21,1259,11
2514,16,928,7,1989,21,1260,11
2514,16,928,7,1989,21,1312,11
2514,16,928,7,1989,21,1388,11
2514,16,928,7,1989,21,1391,11
2514,16,928,7,1989,21,1422,11
2514,16,928,7,1989,21,1556,11
2514,16,928,7,1989,21,1568,11
2514,16,928,7,1989,21,1599,11
2514,16,928,7,1989,21,1747,11
2514,16,928,7,1989,21,1773,11
2514,16,928,7,1989,21,1799,11
2514,16,928,7,1989,21,1818,11
2514,16,928,7,1989,21,1873,11
2514,16,928,7,1989,21,1940,11
2514,16,928,7,1989,21,1956,11
2514,16,928,7,1989,21,1997,11
2514,16,928,7,1989,21,2068,11
2514,16,928,7,1989,21,2079,11
2514,16,928,7,1989,21,2123,11
2514,16,928,7,1989,21,2196,11
2514,16,928,7,1989,21,2206,11
2514,16,928,7,1989,21,2216,11
2514,16,928,7,1989,21,2244,11
2514,16,928,7,1989,21,2259,11
2514,16,928,7,1989,21,2261,11
2514,16,928,7,1989,21,2289,11
2514,16,928,7,1989,21,2359,11
2514,16,928,7,1989,21,2370,11
2514,16,928,7,1989,21,2405,11
