2514,16,271,30,89,11,45,11
2514,16,271,30,89,11,159,11
2514,16,271,30,89,11,272,11
2514,16,271,30,89,11,338,11
2514,16,271,30,89,11,390,11
2514,16,271,30,89,11,457,11
2514,16,271,30,89,11,463,11
2514,16,271,30,89,11,620,11
2514,16,271,30,89,11,700,11
2514,16,271,30,89,11,742,11
2514,16,271,30,89,11,758,11
2514,16,271,30,89,11,879,11
2514,16,271,30,89,11,927,11
2514,16,271,30,89,11,979,11
2514,16,271,30,89,11,1003,11
2514,16,271,30,89,11,1044,11
2514,16,271,30,89,11,1068,11
2514,16,271,30,89,11,1153,11
2514,16,271,30,89,11,1186,11
2514,16,271,30,89,11,1194,11
2514,16,271,30,89,11,1259,11
2514,16,271,30,89,11,1260,11
2514,16,271,30,89,11,1312,11
2514,16,271,30,89,11,1388,11
2514,16,271,30,89,11,1391,11
2514,16,271,30,89,11,1422,11
2514,16,271,30,89,11,1556,11
2514,16,271,30,89,11,1568,11
2514,16,271,30,89,11,1599,11
2514,16,271,30,89,11,1747,11
2514,16,271,30,89,11,1773,11
2514,16,271,30,89,11,1799,11
2514,16,271,30,89,11,1818,11
2514,16,271,30,89,11,1873,11
2514,16,271,30,89,11,1940,11
2514,16,271,30,89,11,1956,11
2514,16,271,30,89,11,1997,11
2514,16,271,30,89,11,2068,11
2514,16,271,30,89,11,2079,11
2514,16,271,30,89,11,2123,11
2514,16,271,30,89,11,2196,11
2514,16,271,30,89,11,2206,11
2514,16,271,30,89,11,2216,11
2514,16,271,30,89,11,2244,11
2514,16,271,30,89,11,2259,11
2514,16,271,30,89,11,2261,11
2514,16,271,30,89,11,2289,11
2514,16,271,30,89,11,2359,11
2514,16,271,30,89,11,2370,11
2514,16,271,30,89,11,2405,11
2514,16,271,30,528,42,45,11
2514,16,271,30,528,42,159,11
2514,16,271,30,528,42,272,11
2514,16,271,30,528,42,338,11
2514,16,271,30,528,42,390,11
2514,16,271,30,528,42,463,11
2514,16,271,30,528,42,620,11
2514,16,271,30,528,42,742,11
2514,16,271,30,528,42,758,11
2514,16,271,30,528,42,879,11
2514,16,271,30,528,42,979,11
2514,16,271,30,528,42,1044,11
2514,16,271,30,528,42,1068,11
2514,16,271,30,528,42,1186,11
2514,16,271,30,528,42,1259,11
2514,16,271,30,528,42,1260,11
2514,16,271,30,528,42,1312,11
2514,16,271,30,528,42,1388,11
2514,16,271,30,528,42,1391,11
2514,16,271,30,528,42,1422,11
2514,16,271,30,528,42,1556,11
2514,16,271,30,528,42,1747,11
2514,16,271,30,528,42,1773,11
2514,16,271,30,528,42,1799,11
2514,16,271,30,528,42,1873,11
2514,16,271,30,528,42,1956,11
2514,16,271,30,528,42,1997,11
2514,16,271,30,528,42,2068,11
2514,16,271,30,528,42,2079,11
2514,16,271,30,528,42,2123,11
2514,16,271,30,528,42,2196,11
2514,16,271,30,528,42,2206,11
2514,16,271,30,528,42,2216,11
2514,16,271,30,528,42,2244,11
2514,16,271,30,528,42,2259,11
2514,16,271,30,528,42,2261,11
2514,16,271,30,528,42,2289,11
2514,16,271,30,528,42,2359,11
2514,16,271,30,528,42,2370,11
2514,16,271,30,528,42,2405,11
2514,16,271,30,604,42,45,11
2514,16,271,30,604,42,159,11
2514,16,271,30,604,42,272,11
2514,16,271,30,604,42,338,11
2514,16,271,30,604,42,390,11
2514,16,271,30,604,42,457,11
2514,16,271,30,604,42,463,11
2514,16,271,30,604,42,620,11
2514,16,271,30,604,42,700,11
2514,16,271,30,604,42,742,11
2514,16,271,30,604,42,758,11
2514,16,271,30,604,42,879,11
2514,16,271,30,604,42,927,11
2514,16,271,30,604,42,979,11
2514,16,271,30,604,42,1003,11
2514,16,271,30,604,42,1044,11
2514,16,271,30,604,42,1068,11
2514,16,271,30,604,42,1153,11
2514,16,271,30,604,42,1186,11
2514,16,271,30,604,42,1194,11
2514,16,271,30,604,42,1259,11
2514,16,271,30,604,42,1260,11
2514,16,271,30,604,42,1312,11
2514,16,271,30,604,42,1388,11
2514,16,271,30,604,42,1391,11
2514,16,271,30,604,42,1422,11
2514,16,271,30,604,42,1556,11
2514,16,271,30,604,42,1568,11
2514,16,271,30,604,42,1599,11
2514,16,271,30,604,42,1747,11
2514,16,271,30,604,42,1773,11
2514,16,271,30,604,42,1799,11
2514,16,271,30,604,42,1818,11
2514,16,271,30,604,42,1873,11
2514,16,271,30,604,42,1940,11
2514,16,271,30,604,42,1956,11
2514,16,271,30,604,42,1997,11
2514,16,271,30,604,42,2068,11
2514,16,271,30,604,42,2079,11
2514,16,271,30,604,42,2123,11
2514,16,271,30,604,42,2196,11
2514,16,271,30,604,42,2206,11
2514,16,271,30,604,42,2216,11
2514,16,271,30,604,42,2244,11
2514,16,271,30,604,42,2259,11
2514,16,271,30,604,42,2261,11
2514,16,271,30,604,42,2289,11
2514,16,271,30,604,42,2359,11
2514,16,271,30,604,42,2370,11
2514,16,271,30,604,42,2405,11
2514,16,271,30,728,34,45,11
2514,16,271,30,728,34,159,11
2514,16,271,30,728,34,272,11
2514,16,271,30,728,34,338,11
2514,16,271,30,728,34,390,11
2514,16,271,30,728,34,457,11
2514,16,271,30,728,34,463,11
2514,16,271,30,728,34,620,11
2514,16,271,30,728,34,700,11
2514,16,271,30,728,34,742,11
2514,16,271,30,728,34,758,11
2514,16,271,30,728,34,879,11
2514,16,271,30,728,34,927,11
2514,16,271,30,728,34,979,11
2514,16,271,30,728,34,1003,11
2514,16,271,30,728,34,1044,11
2514,16,271,30,728,34,1068,11
2514,16,271,30,728,34,1153,11
2514,16,271,30,728,34,1186,11
2514,16,271,30,728,34,1194,11
2514,16,271,30,728,34,1259,11
2514,16,271,30,728,34,1260,11
2514,16,271,30,728,34,1312,11
2514,16,271,30,728,34,1388,11
2514,16,271,30,728,34,1391,11
2514,16,271,30,728,34,1422,11
2514,16,271,30,728,34,1556,11
2514,16,271,30,728,34,1568,11
2514,16,271,30,728,34,1599,11
2514,16,271,30,728,34,1747,11
2514,16,271,30,728,34,1773,11
2514,16,271,30,728,34,1799,11
2514,16,271,30,728,34,1818,11
2514,16,271,30,728,34,1873,11
2514,16,271,30,728,34,1940,11
2514,16,271,30,728,34,1956,11
2514,16,271,30,728,34,1997,11
2514,16,271,30,728,34,2068,11
2514,16,271,30,728,34,2079,11
2514,16,271,30,728,34,2123,11
2514,16,271,30,728,34,2196,11
2514,16,271,30,728,34,2206,11
2514,16,271,30,728,34,2216,11
2514,16,271,30,728,34,2244,11
2514,16,271,30,728,34,2259,11
2514,16,271,30,728,34,2261,11
2514,16,271,30,728,34,2289,11
2514,16,271,30,728,34,2359,11
2514,16,271,30,728,34,2370,11
2514,16,271,30,728,34,2405,11
2514,16,271,30,763,36,45,11
2514,16,271,30,763,36,159,11
2514,16,271,30,763,36,272,11
2514,16,271,30,763,36,338,11
2514,16,271,30,763,36,390,11
2514,16,271,30,763,36,457,11
2514,16,271,30,763,36,463,11
2514,16,271,30,763,36,620,11
2514,16,271,30,763,36,700,11
2514,16,271,30,763,36,742,11
2514,16,271,30,763,36,758,11
2514,16,271,30,763,36,879,11
2514,16,271,30,763,36,927,11
2514,16,271,30,763,36,979,11
2514,16,271,30,763,36,1003,11
2514,16,271,30,763,36,1044,11
2514,16,271,30,763,36,1068,11
2514,16,271,30,763,36,1153,11
2514,16,271,30,763,36,1186,11
2514,16,271,30,763,36,1194,11
2514,16,271,30,763,36,1259,11
2514,16,271,30,763,36,1260,11
2514,16,271,30,763,36,1312,11
2514,16,271,30,763,36,1388,11
2514,16,271,30,763,36,1391,11
2514,16,271,30,763,36,1422,11
2514,16,271,30,763,36,1556,11
2514,16,271,30,763,36,1568,11
2514,16,271,30,763,36,1599,11
2514,16,271,30,763,36,1747,11
2514,16,271,30,763,36,1773,11
2514,16,271,30,763,36,1799,11
2514,16,271,30,763,36,1818,11
2514,16,271,30,763,36,1873,11
2514,16,271,30,763,36,1940,11
2514,16,271,30,763,36,1956,11
2514,16,271,30,763,36,1997,11
2514,16,271,30,763,36,2068,11
2514,16,271,30,763,36,2079,11
2514,16,271,30,763,36,2123,11
2514,16,271,30,763,36,2196,11
2514,16,271,30,763,36,2206,11
2514,16,271,30,763,36,2216,11
2514,16,271,30,763,36,2244,11
2514,16,271,30,763,36,2259,11
2514,16,271,30,763,36,2261,11
2514,16,271,30,763,36,2289,11
2514,16,271,30,763,36,2359,11
2514,16,271,30,763,36,2370,11
2514,16,271,30,763,36,2405,11
2514,16,271,30,820,40,45,11
2514,16,271,30,820,40,159,11
2514,16,271,30,820,40,272,11
2514,16,271,30,820,40,338,11
2514,16,271,30,820,40,390,11
2514,16,271,30,820,40,457,11
2514,16,271,30,820,40,463,11
2514,16,271,30,820,40,620,11
2514,16,271,30,820,40,700,11
2514,16,271,30,820,40,742,11
2514,16,271,30,820,40,758,11
2514,16,271,30,820,40,879,11
2514,16,271,30,820,40,927,11
2514,16,271,30,820,40,979,11
2514,16,271,30,820,40,1003,11
2514,16,271,30,820,40,1044,11
2514,16,271,30,820,40,1068,11
2514,16,271,30,820,40,1153,11
2514,16,271,30,820,40,1186,11
2514,16,271,30,820,40,1194,11
2514,16,271,30,820,40,1259,11
2514,16,271,30,820,40,1260,11
2514,16,271,30,820,40,1312,11
2514,16,271,30,820,40,1388,11
2514,16,271,30,820,40,1391,11
2514,16,271,30,820,40,1422,11
2514,16,271,30,820,40,1556,11
2514,16,271,30,820,40,1568,11
2514,16,271,30,820,40,1599,11
2514,16,271,30,820,40,1747,11
2514,16,271,30,820,40,1773,11
2514,16,271,30,820,40,1799,11
2514,16,271,30,820,40,1818,11
2514,16,271,30,820,40,1873,11
2514,16,271,30,820,40,1940,11
2514,16,271,30,820,40,1956,11
2514,16,271,30,820,40,1997,11
2514,16,271,30,820,40,2068,11
2514,16,271,30,820,40,2079,11
2514,16,271,30,820,40,2123,11
2514,16,271,30,820,40,2196,11
2514,16,271,30,820,40,2206,11
2514,16,271,30,820,40,2216,11
2514,16,271,30,820,40,2244,11
2514,16,271,30,820,40,2259,11
2514,16,271,30,820,40,2261,11
2514,16,271,30,820,40,2289,11
2514,16,271,30,820,40,2359,11
2514,16,271,30,820,40,2370,11
2514,16,271,30,820,40,2405,11
2514,16,271,30,1311,33,45,11
2514,16,271,30,1311,33,159,11
2514,16,271,30,1311,33,272,11
2514,16,271,30,1311,33,338,11
2514,16,271,30,1311,33,390,11
2514,16,271,30,1311,33,457,11
2514,16,271,30,1311,33,463,11
2514,16,271,30,1311,33,620,11
2514,16,271,30,1311,33,700,11
2514,16,271,30,1311,33,742,11
2514,16,271,30,1311,33,758,11
2514,16,271,30,1311,33,879,11
2514,16,271,30,1311,33,927,11
2514,16,271,30,1311,33,979,11
2514,16,271,30,1311,33,1003,11
2514,16,271,30,1311,33,1044,11
2514,16,271,30,1311,33,1068,11
2514,16,271,30,1311,33,1153,11
2514,16,271,30,1311,33,1186,11
2514,16,271,30,1311,33,1194,11
2514,16,271,30,1311,33,1259,11
2514,16,271,30,1311,33,1260,11
2514,16,271,30,1311,33,1312,11
2514,16,271,30,1311,33,1388,11
2514,16,271,30,1311,33,1391,11
2514,16,271,30,1311,33,1422,11
2514,16,271,30,1311,33,1556,11
2514,16,271,30,1311,33,1568,11
2514,16,271,30,1311,33,1599,11
2514,16,271,30,1311,33,1747,11
2514,16,271,30,1311,33,1773,11
2514,16,271,30,1311,33,1799,11
2514,16,271,30,1311,33,1818,11
2514,16,271,30,1311,33,1873,11
2514,16,271,30,1311,33,1940,11
2514,16,271,30,1311,33,1956,11
2514,16,271,30,1311,33,1997,11
2514,16,271,30,1311,33,2068,11
2514,16,271,30,1311,33,2079,11
2514,16,271,30,1311,33,2123,11
2514,16,271,30,1311,33,2196,11
2514,16,271,30,1311,33,2206,11
2514,16,271,30,1311,33,2216,11
2514,16,271,30,1311,33,2244,11
2514,16,271,30,1311,33,2259,11
2514,16,271,30,1311,33,2261,11
2514,16,271,30,1311,33,2289,11
2514,16,271,30,1311,33,2359,11
2514,16,271,30,1311,33,2370,11
2514,16,271,30,1311,33,2405,11
2514,16,271,30,1447,37,45,11
2514,16,271,30,1447,37,159,11
2514,16,271,30,1447,37,272,11
2514,16,271,30,1447,37,338,11
2514,16,271,30,1447,37,390,11
2514,16,271,30,1447,37,457,11
2514,16,271,30,1447,37,463,11
2514,16,271,30,1447,37,620,11
2514,16,271,30,1447,37,700,11
2514,16,271,30,1447,37,742,11
2514,16,271,30,1447,37,758,11
2514,16,271,30,1447,37,879,11
2514,16,271,30,1447,37,927,11
2514,16,271,30,1447,37,979,11
2514,16,271,30,1447,37,1003,11
2514,16,271,30,1447,37,1044,11
2514,16,271,30,1447,37,1068,11
2514,16,271,30,1447,37,1153,11
2514,16,271,30,1447,37,1186,11
2514,16,271,30,1447,37,1194,11
2514,16,271,30,1447,37,1259,11
2514,16,271,30,1447,37,1260,11
2514,16,271,30,1447,37,1312,11
2514,16,271,30,1447,37,1388,11
2514,16,271,30,1447,37,1391,11
2514,16,271,30,1447,37,1422,11
2514,16,271,30,1447,37,1556,11
2514,16,271,30,1447,37,1568,11
2514,16,271,30,1447,37,1599,11
2514,16,271,30,1447,37,1747,11
2514,16,271,30,1447,37,1773,11
2514,16,271,30,1447,37,1799,11
2514,16,271,30,1447,37,1818,11
2514,16,271,30,1447,37,1873,11
2514,16,271,30,1447,37,1940,11
2514,16,271,30,1447,37,1956,11
2514,16,271,30,1447,37,1997,11
2514,16,271,30,1447,37,2068,11
2514,16,271,30,1447,37,2079,11
2514,16,271,30,1447,37,2123,11
2514,16,271,30,1447,37,2196,11
2514,16,271,30,1447,37,2206,11
2514,16,271,30,1447,37,2216,11
2514,16,271,30,1447,37,2244,11
2514,16,271,30,1447,37,2259,11
2514,16,271,30,1447,37,2261,11
2514,16,271,30,1447,37,2289,11
2514,16,271,30,1447,37,2359,11
2514,16,271,30,1447,37,2370,11
2514,16,271,30,1447,37,2405,11
2514,16,271,30,1453,17,45,11
2514,16,271,30,1453,17,159,11
2514,16,271,30,1453,17,272,11
2514,16,271,30,1453,17,338,11
2514,16,271,30,1453,17,390,11
2514,16,271,30,1453,17,457,11
2514,16,271,30,1453,17,463,11
2514,16,271,30,1453,17,620,11
2514,16,271,30,1453,17,700,11
2514,16,271,30,1453,17,742,11
2514,16,271,30,1453,17,758,11
2514,16,271,30,1453,17,879,11
2514,16,271,30,1453,17,927,11
2514,16,271,30,1453,17,979,11
2514,16,271,30,1453,17,1003,11
2514,16,271,30,1453,17,1044,11
2514,16,271,30,1453,17,1068,11
2514,16,271,30,1453,17,1153,11
2514,16,271,30,1453,17,1186,11
2514,16,271,30,1453,17,1194,11
2514,16,271,30,1453,17,1259,11
2514,16,271,30,1453,17,1260,11
2514,16,271,30,1453,17,1312,11
2514,16,271,30,1453,17,1388,11
2514,16,271,30,1453,17,1391,11
2514,16,271,30,1453,17,1422,11
2514,16,271,30,1453,17,1556,11
2514,16,271,30,1453,17,1568,11
2514,16,271,30,1453,17,1599,11
2514,16,271,30,1453,17,1747,11
2514,16,271,30,1453,17,1773,11
2514,16,271,30,1453,17,1799,11
2514,16,271,30,1453,17,1818,11
2514,16,271,30,1453,17,1873,11
2514,16,271,30,1453,17,1940,11
2514,16,271,30,1453,17,1956,11
2514,16,271,30,1453,17,1997,11
2514,16,271,30,1453,17,2068,11
2514,16,271,30,1453,17,2079,11
2514,16,271,30,1453,17,2123,11
2514,16,271,30,1453,17,2196,11
2514,16,271,30,1453,17,2206,11
2514,16,271,30,1453,17,2216,11
2514,16,271,30,1453,17,2244,11
2514,16,271,30,1453,17,2259,11
2514,16,271,30,1453,17,2261,11
2514,16,271,30,1453,17,2289,11
2514,16,271,30,1453,17,2359,11
2514,16,271,30,1453,17,2370,11
2514,16,271,30,1453,17,2405,11
2514,16,271,30,1462,24,45,11
2514,16,271,30,1462,24,159,11
2514,16,271,30,1462,24,272,11
2514,16,271,30,1462,24,338,11
2514,16,271,30,1462,24,390,11
2514,16,271,30,1462,24,457,11
2514,16,271,30,1462,24,463,11
2514,16,271,30,1462,24,620,11
2514,16,271,30,1462,24,700,11
2514,16,271,30,1462,24,742,11
2514,16,271,30,1462,24,758,11
2514,16,271,30,1462,24,879,11
2514,16,271,30,1462,24,927,11
2514,16,271,30,1462,24,979,11
2514,16,271,30,1462,24,1003,11
2514,16,271,30,1462,24,1044,11
2514,16,271,30,1462,24,1068,11
2514,16,271,30,1462,24,1153,11
2514,16,271,30,1462,24,1186,11
2514,16,271,30,1462,24,1194,11
2514,16,271,30,1462,24,1259,11
2514,16,271,30,1462,24,1260,11
2514,16,271,30,1462,24,1312,11
2514,16,271,30,1462,24,1388,11
2514,16,271,30,1462,24,1391,11
2514,16,271,30,1462,24,1422,11
2514,16,271,30,1462,24,1556,11
2514,16,271,30,1462,24,1568,11
2514,16,271,30,1462,24,1599,11
2514,16,271,30,1462,24,1747,11
2514,16,271,30,1462,24,1773,11
2514,16,271,30,1462,24,1799,11
2514,16,271,30,1462,24,1818,11
2514,16,271,30,1462,24,1873,11
2514,16,271,30,1462,24,1940,11
2514,16,271,30,1462,24,1956,11
2514,16,271,30,1462,24,1997,11
2514,16,271,30,1462,24,2068,11
2514,16,271,30,1462,24,2079,11
2514,16,271,30,1462,24,2123,11
2514,16,271,30,1462,24,2196,11
2514,16,271,30,1462,24,2206,11
2514,16,271,30,1462,24,2216,11
2514,16,271,30,1462,24,2244,11
2514,16,271,30,1462,24,2259,11
2514,16,271,30,1462,24,2261,11
2514,16,271,30,1462,24,2289,11
2514,16,271,30,1462,24,2359,11
2514,16,271,30,1462,24,2370,11
2514,16,271,30,1462,24,2405,11
2514,16,271,30,1519,42,45,11
2514,16,271,30,1519,42,159,11
2514,16,271,30,1519,42,272,11
2514,16,271,30,1519,42,338,11
2514,16,271,30,1519,42,390,11
2514,16,271,30,1519,42,457,11
2514,16,271,30,1519,42,463,11
2514,16,271,30,1519,42,620,11
2514,16,271,30,1519,42,700,11
2514,16,271,30,1519,42,742,11
2514,16,271,30,1519,42,758,11
2514,16,271,30,1519,42,879,11
2514,16,271,30,1519,42,927,11
2514,16,271,30,1519,42,979,11
2514,16,271,30,1519,42,1003,11
2514,16,271,30,1519,42,1044,11
2514,16,271,30,1519,42,1068,11
2514,16,271,30,1519,42,1153,11
2514,16,271,30,1519,42,1186,11
2514,16,271,30,1519,42,1194,11
2514,16,271,30,1519,42,1259,11
2514,16,271,30,1519,42,1260,11
2514,16,271,30,1519,42,1312,11
2514,16,271,30,1519,42,1388,11
2514,16,271,30,1519,42,1391,11
2514,16,271,30,1519,42,1422,11
2514,16,271,30,1519,42,1556,11
2514,16,271,30,1519,42,1568,11
2514,16,271,30,1519,42,1599,11
2514,16,271,30,1519,42,1747,11
2514,16,271,30,1519,42,1773,11
2514,16,271,30,1519,42,1799,11
2514,16,271,30,1519,42,1818,11
2514,16,271,30,1519,42,1873,11
2514,16,271,30,1519,42,1940,11
2514,16,271,30,1519,42,1956,11
2514,16,271,30,1519,42,1997,11
2514,16,271,30,1519,42,2068,11
2514,16,271,30,1519,42,2079,11
2514,16,271,30,1519,42,2123,11
2514,16,271,30,1519,42,2196,11
2514,16,271,30,1519,42,2206,11
2514,16,271,30,1519,42,2216,11
2514,16,271,30,1519,42,2244,11
2514,16,271,30,1519,42,2259,11
2514,16,271,30,1519,42,2261,11
2514,16,271,30,1519,42,2289,11
2514,16,271,30,1519,42,2359,11
2514,16,271,30,1519,42,2370,11
2514,16,271,30,1519,42,2405,11
2514,16,271,30,1569,23,45,11
2514,16,271,30,1569,23,159,11
2514,16,271,30,1569,23,272,11
2514,16,271,30,1569,23,338,11
2514,16,271,30,1569,23,390,11
2514,16,271,30,1569,23,457,11
2514,16,271,30,1569,23,463,11
2514,16,271,30,1569,23,620,11
2514,16,271,30,1569,23,700,11
2514,16,271,30,1569,23,742,11
2514,16,271,30,1569,23,758,11
2514,16,271,30,1569,23,879,11
2514,16,271,30,1569,23,927,11
2514,16,271,30,1569,23,979,11
2514,16,271,30,1569,23,1003,11
2514,16,271,30,1569,23,1044,11
2514,16,271,30,1569,23,1068,11
2514,16,271,30,1569,23,1153,11
2514,16,271,30,1569,23,1186,11
2514,16,271,30,1569,23,1194,11
2514,16,271,30,1569,23,1259,11
2514,16,271,30,1569,23,1260,11
2514,16,271,30,1569,23,1312,11
2514,16,271,30,1569,23,1388,11
2514,16,271,30,1569,23,1391,11
2514,16,271,30,1569,23,1422,11
2514,16,271,30,1569,23,1556,11
2514,16,271,30,1569,23,1568,11
2514,16,271,30,1569,23,1599,11
2514,16,271,30,1569,23,1747,11
2514,16,271,30,1569,23,1773,11
2514,16,271,30,1569,23,1799,11
2514,16,271,30,1569,23,1818,11
2514,16,271,30,1569,23,1873,11
2514,16,271,30,1569,23,1940,11
2514,16,271,30,1569,23,1956,11
2514,16,271,30,1569,23,1997,11
2514,16,271,30,1569,23,2068,11
2514,16,271,30,1569,23,2079,11
2514,16,271,30,1569,23,2123,11
2514,16,271,30,1569,23,2196,11
2514,16,271,30,1569,23,2206,11
2514,16,271,30,1569,23,2216,11
2514,16,271,30,1569,23,2244,11
2514,16,271,30,1569,23,2259,11
2514,16,271,30,1569,23,2261,11
2514,16,271,30,1569,23,2289,11
2514,16,271,30,1569,23,2359,11
2514,16,271,30,1569,23,2370,11
2514,16,271,30,1569,23,2405,11
2514,16,271,30,1693,16,45,11
2514,16,271,30,1693,16,159,11
2514,16,271,30,1693,16,272,11
2514,16,271,30,1693,16,338,11
2514,16,271,30,1693,16,390,11
2514,16,271,30,1693,16,457,11
2514,16,271,30,1693,16,463,11
2514,16,271,30,1693,16,620,11
2514,16,271,30,1693,16,700,11
2514,16,271,30,1693,16,742,11
2514,16,271,30,1693,16,758,11
2514,16,271,30,1693,16,879,11
2514,16,271,30,1693,16,927,11
2514,16,271,30,1693,16,979,11
2514,16,271,30,1693,16,1003,11
2514,16,271,30,1693,16,1044,11
2514,16,271,30,1693,16,1068,11
2514,16,271,30,1693,16,1153,11
2514,16,271,30,1693,16,1186,11
2514,16,271,30,1693,16,1194,11
2514,16,271,30,1693,16,1259,11
2514,16,271,30,1693,16,1260,11
2514,16,271,30,1693,16,1312,11
2514,16,271,30,1693,16,1388,11
2514,16,271,30,1693,16,1391,11
2514,16,271,30,1693,16,1422,11
2514,16,271,30,1693,16,1556,11
2514,16,271,30,1693,16,1568,11
2514,16,271,30,1693,16,1599,11
2514,16,271,30,1693,16,1747,11
2514,16,271,30,1693,16,1773,11
2514,16,271,30,1693,16,1799,11
2514,16,271,30,1693,16,1818,11
2514,16,271,30,1693,16,1873,11
2514,16,271,30,1693,16,1940,11
2514,16,271,30,1693,16,1956,11
2514,16,271,30,1693,16,1997,11
2514,16,271,30,1693,16,2068,11
2514,16,271,30,1693,16,2079,11
2514,16,271,30,1693,16,2123,11
2514,16,271,30,1693,16,2196,11
2514,16,271,30,1693,16,2206,11
2514,16,271,30,1693,16,2216,11
2514,16,271,30,1693,16,2244,11
2514,16,271,30,1693,16,2259,11
2514,16,271,30,1693,16,2261,11
2514,16,271,30,1693,16,2289,11
2514,16,271,30,1693,16,2359,11
2514,16,271,30,1693,16,2370,11
2514,16,271,30,1693,16,2405,11
