2514,16,1174,18,218,13,457,11
2514,16,1174,18,218,13,700,11
2514,16,1174,18,218,13,927,11
2514,16,1174,18,218,13,1003,11
2514,16,1174,18,218,13,1153,11
2514,16,1174,18,218,13,1194,11
2514,16,1174,18,218,13,1568,11
2514,16,1174,18,218,13,1599,11
2514,16,1174,18,218,13,1818,11
2514,16,1174,18,218,13,1940,11
2514,16,1174,18,382,50,45,11
2514,16,1174,18,382,50,159,11
2514,16,1174,18,382,50,272,11
2514,16,1174,18,382,50,338,11
2514,16,1174,18,382,50,390,11
2514,16,1174,18,382,50,457,11
2514,16,1174,18,382,50,463,11
2514,16,1174,18,382,50,620,11
2514,16,1174,18,382,50,700,11
2514,16,1174,18,382,50,742,11
2514,16,1174,18,382,50,758,11
2514,16,1174,18,382,50,879,11
2514,16,1174,18,382,50,927,11
2514,16,1174,18,382,50,979,11
2514,16,1174,18,382,50,1003,11
2514,16,1174,18,382,50,1044,11
2514,16,1174,18,382,50,1068,11
2514,16,1174,18,382,50,1153,11
2514,16,1174,18,382,50,1186,11
2514,16,1174,18,382,50,1194,11
2514,16,1174,18,382,50,1259,11
2514,16,1174,18,382,50,1260,11
2514,16,1174,18,382,50,1312,11
2514,16,1174,18,382,50,1388,11
2514,16,1174,18,382,50,1391,11
2514,16,1174,18,382,50,1422,11
2514,16,1174,18,382,50,1556,11
2514,16,1174,18,382,50,1568,11
2514,16,1174,18,382,50,1599,11
2514,16,1174,18,382,50,1747,11
2514,16,1174,18,382,50,1773,11
2514,16,1174,18,382,50,1799,11
2514,16,1174,18,382,50,1818,11
2514,16,1174,18,382,50,1873,11
2514,16,1174,18,382,50,1940,11
2514,16,1174,18,382,50,1956,11
2514,16,1174,18,382,50,1997,11
2514,16,1174,18,382,50,2068,11
2514,16,1174,18,382,50,2079,11
2514,16,1174,18,382,50,2123,11
2514,16,1174,18,382,50,2196,11
2514,16,1174,18,382,50,2206,11
2514,16,1174,18,382,50,2216,11
2514,16,1174,18,382,50,2244,11
2514,16,1174,18,382,50,2259,11
2514,16,1174,18,382,50,2261,11
2514,16,1174,18,382,50,2289,11
2514,16,1174,18,382,50,2359,11
2514,16,1174,18,382,50,2370,11
2514,16,1174,18,382,50,2405,11
2514,16,1174,18,469,22,45,11
2514,16,1174,18,469,22,159,11
2514,16,1174,18,469,22,272,11
2514,16,1174,18,469,22,338,11
2514,16,1174,18,469,22,390,11
2514,16,1174,18,469,22,457,11
2514,16,1174,18,469,22,463,11
2514,16,1174,18,469,22,620,11
2514,16,1174,18,469,22,700,11
2514,16,1174,18,469,22,742,11
2514,16,1174,18,469,22,758,11
2514,16,1174,18,469,22,879,11
2514,16,1174,18,469,22,927,11
2514,16,1174,18,469,22,979,11
2514,16,1174,18,469,22,1003,11
2514,16,1174,18,469,22,1044,11
2514,16,1174,18,469,22,1068,11
2514,16,1174,18,469,22,1153,11
2514,16,1174,18,469,22,1186,11
2514,16,1174,18,469,22,1194,11
2514,16,1174,18,469,22,1259,11
2514,16,1174,18,469,22,1260,11
2514,16,1174,18,469,22,1312,11
2514,16,1174,18,469,22,1388,11
2514,16,1174,18,469,22,1391,11
2514,16,1174,18,469,22,1422,11
2514,16,1174,18,469,22,1556,11
2514,16,1174,18,469,22,1568,11
2514,16,1174,18,469,22,1599,11
2514,16,1174,18,469,22,1747,11
2514,16,1174,18,469,22,1773,11
2514,16,1174,18,469,22,1799,11
2514,16,1174,18,469,22,1818,11
2514,16,1174,18,469,22,1873,11
2514,16,1174,18,469,22,1940,11
2514,16,1174,18,469,22,1956,11
2514,16,1174,18,469,22,1997,11
2514,16,1174,18,469,22,2068,11
2514,16,1174,18,469,22,2079,11
2514,16,1174,18,469,22,2123,11
2514,16,1174,18,469,22,2196,11
2514,16,1174,18,469,22,2206,11
2514,16,1174,18,469,22,2216,11
2514,16,1174,18,469,22,2244,11
2514,16,1174,18,469,22,2259,11
2514,16,1174,18,469,22,2261,11
2514,16,1174,18,469,22,2289,11
2514,16,1174,18,469,22,2359,11
2514,16,1174,18,469,22,2370,11
2514,16,1174,18,469,22,2405,11
2514,16,1174,18,727,14,45,11
2514,16,1174,18,727,14,159,11
2514,16,1174,18,727,14,272,11
2514,16,1174,18,727,14,338,11
2514,16,1174,18,727,14,390,11
2514,16,1174,18,727,14,457,11
2514,16,1174,18,727,14,463,11
2514,16,1174,18,727,14,620,11
2514,16,1174,18,727,14,700,11
2514,16,1174,18,727,14,742,11
2514,16,1174,18,727,14,758,11
2514,16,1174,18,727,14,879,11
2514,16,1174,18,727,14,927,11
2514,16,1174,18,727,14,979,11
2514,16,1174,18,727,14,1003,11
2514,16,1174,18,727,14,1044,11
2514,16,1174,18,727,14,1068,11
2514,16,1174,18,727,14,1153,11
2514,16,1174,18,727,14,1186,11
2514,16,1174,18,727,14,1194,11
2514,16,1174,18,727,14,1259,11
2514,16,1174,18,727,14,1260,11
2514,16,1174,18,727,14,1312,11
2514,16,1174,18,727,14,1388,11
2514,16,1174,18,727,14,1391,11
2514,16,1174,18,727,14,1422,11
2514,16,1174,18,727,14,1556,11
2514,16,1174,18,727,14,1568,11
2514,16,1174,18,727,14,1599,11
2514,16,1174,18,727,14,1747,11
2514,16,1174,18,727,14,1773,11
2514,16,1174,18,727,14,1799,11
2514,16,1174,18,727,14,1818,11
2514,16,1174,18,727,14,1873,11
2514,16,1174,18,727,14,1940,11
2514,16,1174,18,727,14,1956,11
2514,16,1174,18,727,14,1997,11
2514,16,1174,18,727,14,2068,11
2514,16,1174,18,727,14,2079,11
2514,16,1174,18,727,14,2123,11
2514,16,1174,18,727,14,2196,11
2514,16,1174,18,727,14,2206,11
2514,16,1174,18,727,14,2216,11
2514,16,1174,18,727,14,2244,11
2514,16,1174,18,727,14,2259,11
2514,16,1174,18,727,14,2261,11
2514,16,1174,18,727,14,2289,11
2514,16,1174,18,727,14,2359,11
2514,16,1174,18,727,14,2370,11
2514,16,1174,18,727,14,2405,11
2514,16,1174,18,814,18,45,11
2514,16,1174,18,814,18,159,11
2514,16,1174,18,814,18,272,11
2514,16,1174,18,814,18,338,11
2514,16,1174,18,814,18,390,11
2514,16,1174,18,814,18,457,11
2514,16,1174,18,814,18,463,11
2514,16,1174,18,814,18,620,11
2514,16,1174,18,814,18,700,11
2514,16,1174,18,814,18,742,11
2514,16,1174,18,814,18,758,11
2514,16,1174,18,814,18,879,11
2514,16,1174,18,814,18,927,11
2514,16,1174,18,814,18,979,11
2514,16,1174,18,814,18,1003,11
2514,16,1174,18,814,18,1044,11
2514,16,1174,18,814,18,1068,11
2514,16,1174,18,814,18,1153,11
2514,16,1174,18,814,18,1186,11
2514,16,1174,18,814,18,1194,11
2514,16,1174,18,814,18,1259,11
2514,16,1174,18,814,18,1260,11
2514,16,1174,18,814,18,1312,11
2514,16,1174,18,814,18,1388,11
2514,16,1174,18,814,18,1391,11
2514,16,1174,18,814,18,1422,11
2514,16,1174,18,814,18,1556,11
2514,16,1174,18,814,18,1568,11
2514,16,1174,18,814,18,1599,11
2514,16,1174,18,814,18,1747,11
2514,16,1174,18,814,18,1773,11
2514,16,1174,18,814,18,1799,11
2514,16,1174,18,814,18,1818,11
2514,16,1174,18,814,18,1873,11
2514,16,1174,18,814,18,1940,11
2514,16,1174,18,814,18,1956,11
2514,16,1174,18,814,18,1997,11
2514,16,1174,18,814,18,2068,11
2514,16,1174,18,814,18,2079,11
2514,16,1174,18,814,18,2123,11
2514,16,1174,18,814,18,2196,11
2514,16,1174,18,814,18,2206,11
2514,16,1174,18,814,18,2216,11
2514,16,1174,18,814,18,2244,11
2514,16,1174,18,814,18,2259,11
2514,16,1174,18,814,18,2261,11
2514,16,1174,18,814,18,2289,11
2514,16,1174,18,814,18,2359,11
2514,16,1174,18,814,18,2370,11
2514,16,1174,18,814,18,2405,11
2514,16,1174,18,816,24,45,11
2514,16,1174,18,816,24,159,11
2514,16,1174,18,816,24,272,11
2514,16,1174,18,816,24,338,11
2514,16,1174,18,816,24,390,11
2514,16,1174,18,816,24,457,11
2514,16,1174,18,816,24,463,11
2514,16,1174,18,816,24,620,11
2514,16,1174,18,816,24,700,11
2514,16,1174,18,816,24,742,11
2514,16,1174,18,816,24,758,11
2514,16,1174,18,816,24,879,11
2514,16,1174,18,816,24,927,11
2514,16,1174,18,816,24,979,11
2514,16,1174,18,816,24,1003,11
2514,16,1174,18,816,24,1044,11
2514,16,1174,18,816,24,1068,11
2514,16,1174,18,816,24,1153,11
2514,16,1174,18,816,24,1186,11
2514,16,1174,18,816,24,1194,11
2514,16,1174,18,816,24,1259,11
2514,16,1174,18,816,24,1260,11
2514,16,1174,18,816,24,1312,11
2514,16,1174,18,816,24,1388,11
2514,16,1174,18,816,24,1391,11
2514,16,1174,18,816,24,1422,11
2514,16,1174,18,816,24,1556,11
2514,16,1174,18,816,24,1568,11
2514,16,1174,18,816,24,1599,11
2514,16,1174,18,816,24,1747,11
2514,16,1174,18,816,24,1773,11
2514,16,1174,18,816,24,1799,11
2514,16,1174,18,816,24,1818,11
2514,16,1174,18,816,24,1873,11
2514,16,1174,18,816,24,1940,11
2514,16,1174,18,816,24,1956,11
2514,16,1174,18,816,24,1997,11
2514,16,1174,18,816,24,2068,11
2514,16,1174,18,816,24,2079,11
2514,16,1174,18,816,24,2123,11
2514,16,1174,18,816,24,2196,11
2514,16,1174,18,816,24,2206,11
2514,16,1174,18,816,24,2216,11
2514,16,1174,18,816,24,2244,11
2514,16,1174,18,816,24,2259,11
2514,16,1174,18,816,24,2261,11
2514,16,1174,18,816,24,2289,11
2514,16,1174,18,816,24,2359,11
2514,16,1174,18,816,24,2370,11
2514,16,1174,18,816,24,2405,11
2514,16,1174,18,843,11,45,11
2514,16,1174,18,843,11,159,11
2514,16,1174,18,843,11,272,11
2514,16,1174,18,843,11,338,11
2514,16,1174,18,843,11,390,11
2514,16,1174,18,843,11,457,11
2514,16,1174,18,843,11,463,11
2514,16,1174,18,843,11,620,11
2514,16,1174,18,843,11,700,11
2514,16,1174,18,843,11,742,11
2514,16,1174,18,843,11,758,11
2514,16,1174,18,843,11,879,11
2514,16,1174,18,843,11,927,11
2514,16,1174,18,843,11,979,11
2514,16,1174,18,843,11,1003,11
2514,16,1174,18,843,11,1044,11
2514,16,1174,18,843,11,1068,11
2514,16,1174,18,843,11,1153,11
2514,16,1174,18,843,11,1186,11
2514,16,1174,18,843,11,1194,11
2514,16,1174,18,843,11,1259,11
2514,16,1174,18,843,11,1260,11
2514,16,1174,18,843,11,1312,11
2514,16,1174,18,843,11,1388,11
2514,16,1174,18,843,11,1391,11
2514,16,1174,18,843,11,1422,11
2514,16,1174,18,843,11,1556,11
2514,16,1174,18,843,11,1568,11
2514,16,1174,18,843,11,1599,11
2514,16,1174,18,843,11,1747,11
2514,16,1174,18,843,11,1773,11
2514,16,1174,18,843,11,1799,11
2514,16,1174,18,843,11,1818,11
2514,16,1174,18,843,11,1873,11
2514,16,1174,18,843,11,1940,11
2514,16,1174,18,843,11,1956,11
2514,16,1174,18,843,11,1997,11
2514,16,1174,18,843,11,2068,11
2514,16,1174,18,843,11,2079,11
2514,16,1174,18,843,11,2123,11
2514,16,1174,18,843,11,2196,11
2514,16,1174,18,843,11,2206,11
2514,16,1174,18,843,11,2216,11
2514,16,1174,18,843,11,2244,11
2514,16,1174,18,843,11,2259,11
2514,16,1174,18,843,11,2261,11
2514,16,1174,18,843,11,2289,11
2514,16,1174,18,843,11,2359,11
2514,16,1174,18,843,11,2370,11
2514,16,1174,18,843,11,2405,11
2514,16,1174,18,1262,21,45,11
2514,16,1174,18,1262,21,159,11
2514,16,1174,18,1262,21,272,11
2514,16,1174,18,1262,21,338,11
2514,16,1174,18,1262,21,390,11
2514,16,1174,18,1262,21,457,11
2514,16,1174,18,1262,21,463,11
2514,16,1174,18,1262,21,620,11
2514,16,1174,18,1262,21,700,11
2514,16,1174,18,1262,21,742,11
2514,16,1174,18,1262,21,758,11
2514,16,1174,18,1262,21,879,11
2514,16,1174,18,1262,21,927,11
2514,16,1174,18,1262,21,979,11
2514,16,1174,18,1262,21,1003,11
2514,16,1174,18,1262,21,1044,11
2514,16,1174,18,1262,21,1068,11
2514,16,1174,18,1262,21,1153,11
2514,16,1174,18,1262,21,1186,11
2514,16,1174,18,1262,21,1194,11
2514,16,1174,18,1262,21,1259,11
2514,16,1174,18,1262,21,1260,11
2514,16,1174,18,1262,21,1312,11
2514,16,1174,18,1262,21,1388,11
2514,16,1174,18,1262,21,1391,11
2514,16,1174,18,1262,21,1422,11
2514,16,1174,18,1262,21,1556,11
2514,16,1174,18,1262,21,1568,11
2514,16,1174,18,1262,21,1599,11
2514,16,1174,18,1262,21,1747,11
2514,16,1174,18,1262,21,1773,11
2514,16,1174,18,1262,21,1799,11
2514,16,1174,18,1262,21,1818,11
2514,16,1174,18,1262,21,1873,11
2514,16,1174,18,1262,21,1940,11
2514,16,1174,18,1262,21,1956,11
2514,16,1174,18,1262,21,1997,11
2514,16,1174,18,1262,21,2068,11
2514,16,1174,18,1262,21,2079,11
2514,16,1174,18,1262,21,2123,11
2514,16,1174,18,1262,21,2196,11
2514,16,1174,18,1262,21,2206,11
2514,16,1174,18,1262,21,2216,11
2514,16,1174,18,1262,21,2244,11
2514,16,1174,18,1262,21,2259,11
2514,16,1174,18,1262,21,2261,11
2514,16,1174,18,1262,21,2289,11
2514,16,1174,18,1262,21,2359,11
2514,16,1174,18,1262,21,2370,11
2514,16,1174,18,1262,21,2405,11
2514,16,1174,18,1421,27,45,11
2514,16,1174,18,1421,27,272,11
2514,16,1174,18,1421,27,338,11
2514,16,1174,18,1421,27,390,11
2514,16,1174,18,1421,27,620,11
2514,16,1174,18,1421,27,742,11
2514,16,1174,18,1421,27,758,11
2514,16,1174,18,1421,27,979,11
2514,16,1174,18,1421,27,1044,11
2514,16,1174,18,1421,27,1068,11
2514,16,1174,18,1421,27,1186,11
2514,16,1174,18,1421,27,1259,11
2514,16,1174,18,1421,27,1260,11
2514,16,1174,18,1421,27,1312,11
2514,16,1174,18,1421,27,1391,11
2514,16,1174,18,1421,27,1422,11
2514,16,1174,18,1421,27,1747,11
2514,16,1174,18,1421,27,1773,11
2514,16,1174,18,1421,27,1799,11
2514,16,1174,18,1421,27,1956,11
2514,16,1174,18,1421,27,1997,11
2514,16,1174,18,1421,27,2068,11
2514,16,1174,18,1421,27,2079,11
2514,16,1174,18,1421,27,2206,11
2514,16,1174,18,1421,27,2244,11
2514,16,1174,18,1421,27,2259,11
2514,16,1174,18,1421,27,2261,11
2514,16,1174,18,1421,27,2289,11
2514,16,1174,18,1421,27,2359,11
2514,16,1174,18,1421,27,2405,11
2514,16,1174,18,1438,24,45,11
2514,16,1174,18,1438,24,159,11
2514,16,1174,18,1438,24,272,11
2514,16,1174,18,1438,24,338,11
2514,16,1174,18,1438,24,390,11
2514,16,1174,18,1438,24,457,11
2514,16,1174,18,1438,24,463,11
2514,16,1174,18,1438,24,620,11
2514,16,1174,18,1438,24,700,11
2514,16,1174,18,1438,24,742,11
2514,16,1174,18,1438,24,758,11
2514,16,1174,18,1438,24,879,11
2514,16,1174,18,1438,24,927,11
2514,16,1174,18,1438,24,979,11
2514,16,1174,18,1438,24,1003,11
2514,16,1174,18,1438,24,1044,11
2514,16,1174,18,1438,24,1068,11
2514,16,1174,18,1438,24,1153,11
2514,16,1174,18,1438,24,1186,11
2514,16,1174,18,1438,24,1194,11
2514,16,1174,18,1438,24,1259,11
2514,16,1174,18,1438,24,1260,11
2514,16,1174,18,1438,24,1312,11
2514,16,1174,18,1438,24,1388,11
2514,16,1174,18,1438,24,1391,11
2514,16,1174,18,1438,24,1422,11
2514,16,1174,18,1438,24,1556,11
2514,16,1174,18,1438,24,1568,11
2514,16,1174,18,1438,24,1599,11
2514,16,1174,18,1438,24,1747,11
2514,16,1174,18,1438,24,1773,11
2514,16,1174,18,1438,24,1799,11
2514,16,1174,18,1438,24,1818,11
2514,16,1174,18,1438,24,1873,11
2514,16,1174,18,1438,24,1940,11
2514,16,1174,18,1438,24,1956,11
2514,16,1174,18,1438,24,1997,11
2514,16,1174,18,1438,24,2068,11
2514,16,1174,18,1438,24,2079,11
2514,16,1174,18,1438,24,2123,11
2514,16,1174,18,1438,24,2196,11
2514,16,1174,18,1438,24,2206,11
2514,16,1174,18,1438,24,2216,11
2514,16,1174,18,1438,24,2244,11
2514,16,1174,18,1438,24,2259,11
2514,16,1174,18,1438,24,2261,11
2514,16,1174,18,1438,24,2289,11
2514,16,1174,18,1438,24,2359,11
2514,16,1174,18,1438,24,2370,11
2514,16,1174,18,1438,24,2405,11
2514,16,1174,18,1543,16,45,11
2514,16,1174,18,1543,16,159,11
2514,16,1174,18,1543,16,272,11
2514,16,1174,18,1543,16,338,11
2514,16,1174,18,1543,16,390,11
2514,16,1174,18,1543,16,457,11
2514,16,1174,18,1543,16,463,11
2514,16,1174,18,1543,16,620,11
2514,16,1174,18,1543,16,700,11
2514,16,1174,18,1543,16,742,11
2514,16,1174,18,1543,16,758,11
2514,16,1174,18,1543,16,879,11
2514,16,1174,18,1543,16,927,11
2514,16,1174,18,1543,16,979,11
2514,16,1174,18,1543,16,1003,11
2514,16,1174,18,1543,16,1044,11
2514,16,1174,18,1543,16,1068,11
2514,16,1174,18,1543,16,1153,11
2514,16,1174,18,1543,16,1186,11
2514,16,1174,18,1543,16,1194,11
2514,16,1174,18,1543,16,1259,11
2514,16,1174,18,1543,16,1260,11
2514,16,1174,18,1543,16,1312,11
2514,16,1174,18,1543,16,1388,11
2514,16,1174,18,1543,16,1391,11
2514,16,1174,18,1543,16,1422,11
2514,16,1174,18,1543,16,1556,11
2514,16,1174,18,1543,16,1568,11
2514,16,1174,18,1543,16,1599,11
2514,16,1174,18,1543,16,1747,11
2514,16,1174,18,1543,16,1773,11
2514,16,1174,18,1543,16,1799,11
2514,16,1174,18,1543,16,1818,11
2514,16,1174,18,1543,16,1873,11
2514,16,1174,18,1543,16,1940,11
2514,16,1174,18,1543,16,1956,11
2514,16,1174,18,1543,16,1997,11
2514,16,1174,18,1543,16,2068,11
2514,16,1174,18,1543,16,2079,11
2514,16,1174,18,1543,16,2123,11
2514,16,1174,18,1543,16,2196,11
2514,16,1174,18,1543,16,2206,11
2514,16,1174,18,1543,16,2216,11
2514,16,1174,18,1543,16,2244,11
2514,16,1174,18,1543,16,2259,11
2514,16,1174,18,1543,16,2261,11
2514,16,1174,18,1543,16,2289,11
2514,16,1174,18,1543,16,2359,11
2514,16,1174,18,1543,16,2370,11
2514,16,1174,18,1543,16,2405,11
2514,16,1174,18,1697,42,45,11
2514,16,1174,18,1697,42,159,11
2514,16,1174,18,1697,42,272,11
2514,16,1174,18,1697,42,338,11
2514,16,1174,18,1697,42,390,11
2514,16,1174,18,1697,42,457,11
2514,16,1174,18,1697,42,463,11
2514,16,1174,18,1697,42,620,11
2514,16,1174,18,1697,42,700,11
2514,16,1174,18,1697,42,742,11
2514,16,1174,18,1697,42,758,11
2514,16,1174,18,1697,42,879,11
2514,16,1174,18,1697,42,927,11
2514,16,1174,18,1697,42,979,11
2514,16,1174,18,1697,42,1003,11
2514,16,1174,18,1697,42,1044,11
2514,16,1174,18,1697,42,1068,11
2514,16,1174,18,1697,42,1153,11
2514,16,1174,18,1697,42,1186,11
2514,16,1174,18,1697,42,1194,11
2514,16,1174,18,1697,42,1259,11
2514,16,1174,18,1697,42,1260,11
2514,16,1174,18,1697,42,1312,11
2514,16,1174,18,1697,42,1388,11
2514,16,1174,18,1697,42,1391,11
2514,16,1174,18,1697,42,1422,11
2514,16,1174,18,1697,42,1556,11
2514,16,1174,18,1697,42,1568,11
2514,16,1174,18,1697,42,1599,11
2514,16,1174,18,1697,42,1747,11
2514,16,1174,18,1697,42,1773,11
2514,16,1174,18,1697,42,1799,11
2514,16,1174,18,1697,42,1818,11
2514,16,1174,18,1697,42,1873,11
2514,16,1174,18,1697,42,1940,11
2514,16,1174,18,1697,42,1956,11
2514,16,1174,18,1697,42,1997,11
2514,16,1174,18,1697,42,2068,11
2514,16,1174,18,1697,42,2079,11
2514,16,1174,18,1697,42,2123,11
2514,16,1174,18,1697,42,2196,11
2514,16,1174,18,1697,42,2206,11
2514,16,1174,18,1697,42,2216,11
2514,16,1174,18,1697,42,2244,11
2514,16,1174,18,1697,42,2259,11
2514,16,1174,18,1697,42,2261,11
2514,16,1174,18,1697,42,2289,11
2514,16,1174,18,1697,42,2359,11
2514,16,1174,18,1697,42,2370,11
2514,16,1174,18,1697,42,2405,11
2514,16,1174,18,1756,21,45,11
2514,16,1174,18,1756,21,159,11
2514,16,1174,18,1756,21,272,11
2514,16,1174,18,1756,21,338,11
2514,16,1174,18,1756,21,390,11
2514,16,1174,18,1756,21,457,11
2514,16,1174,18,1756,21,463,11
2514,16,1174,18,1756,21,620,11
2514,16,1174,18,1756,21,700,11
2514,16,1174,18,1756,21,742,11
2514,16,1174,18,1756,21,758,11
2514,16,1174,18,1756,21,879,11
2514,16,1174,18,1756,21,927,11
2514,16,1174,18,1756,21,979,11
2514,16,1174,18,1756,21,1003,11
2514,16,1174,18,1756,21,1044,11
2514,16,1174,18,1756,21,1068,11
2514,16,1174,18,1756,21,1153,11
2514,16,1174,18,1756,21,1186,11
2514,16,1174,18,1756,21,1194,11
2514,16,1174,18,1756,21,1259,11
2514,16,1174,18,1756,21,1260,11
2514,16,1174,18,1756,21,1312,11
2514,16,1174,18,1756,21,1388,11
2514,16,1174,18,1756,21,1391,11
2514,16,1174,18,1756,21,1422,11
2514,16,1174,18,1756,21,1556,11
2514,16,1174,18,1756,21,1568,11
2514,16,1174,18,1756,21,1599,11
2514,16,1174,18,1756,21,1747,11
2514,16,1174,18,1756,21,1773,11
2514,16,1174,18,1756,21,1799,11
2514,16,1174,18,1756,21,1818,11
2514,16,1174,18,1756,21,1873,11
2514,16,1174,18,1756,21,1940,11
2514,16,1174,18,1756,21,1956,11
2514,16,1174,18,1756,21,1997,11
2514,16,1174,18,1756,21,2068,11
2514,16,1174,18,1756,21,2079,11
2514,16,1174,18,1756,21,2123,11
2514,16,1174,18,1756,21,2196,11
2514,16,1174,18,1756,21,2206,11
2514,16,1174,18,1756,21,2216,11
2514,16,1174,18,1756,21,2244,11
2514,16,1174,18,1756,21,2259,11
2514,16,1174,18,1756,21,2261,11
2514,16,1174,18,1756,21,2289,11
2514,16,1174,18,1756,21,2359,11
2514,16,1174,18,1756,21,2370,11
2514,16,1174,18,1756,21,2405,11
2514,16,1174,18,1962,22,45,11
2514,16,1174,18,1962,22,159,11
2514,16,1174,18,1962,22,272,11
2514,16,1174,18,1962,22,338,11
2514,16,1174,18,1962,22,390,11
2514,16,1174,18,1962,22,457,11
2514,16,1174,18,1962,22,463,11
2514,16,1174,18,1962,22,620,11
2514,16,1174,18,1962,22,700,11
2514,16,1174,18,1962,22,742,11
2514,16,1174,18,1962,22,758,11
2514,16,1174,18,1962,22,879,11
2514,16,1174,18,1962,22,927,11
2514,16,1174,18,1962,22,979,11
2514,16,1174,18,1962,22,1003,11
2514,16,1174,18,1962,22,1044,11
2514,16,1174,18,1962,22,1068,11
2514,16,1174,18,1962,22,1153,11
2514,16,1174,18,1962,22,1186,11
2514,16,1174,18,1962,22,1194,11
2514,16,1174,18,1962,22,1259,11
2514,16,1174,18,1962,22,1260,11
2514,16,1174,18,1962,22,1312,11
2514,16,1174,18,1962,22,1388,11
2514,16,1174,18,1962,22,1391,11
2514,16,1174,18,1962,22,1422,11
2514,16,1174,18,1962,22,1556,11
2514,16,1174,18,1962,22,1568,11
2514,16,1174,18,1962,22,1599,11
2514,16,1174,18,1962,22,1747,11
2514,16,1174,18,1962,22,1773,11
2514,16,1174,18,1962,22,1799,11
2514,16,1174,18,1962,22,1818,11
2514,16,1174,18,1962,22,1873,11
2514,16,1174,18,1962,22,1940,11
2514,16,1174,18,1962,22,1956,11
2514,16,1174,18,1962,22,1997,11
2514,16,1174,18,1962,22,2068,11
2514,16,1174,18,1962,22,2079,11
2514,16,1174,18,1962,22,2123,11
2514,16,1174,18,1962,22,2196,11
2514,16,1174,18,1962,22,2206,11
2514,16,1174,18,1962,22,2216,11
2514,16,1174,18,1962,22,2244,11
2514,16,1174,18,1962,22,2259,11
2514,16,1174,18,1962,22,2261,11
2514,16,1174,18,1962,22,2289,11
2514,16,1174,18,1962,22,2359,11
2514,16,1174,18,1962,22,2370,11
2514,16,1174,18,1962,22,2405,11
