2514,16,1174,18,121,25,45,11
2514,16,1174,18,121,25,159,11
2514,16,1174,18,121,25,272,11
2514,16,1174,18,121,25,338,11
2514,16,1174,18,121,25,390,11
2514,16,1174,18,121,25,457,11
2514,16,1174,18,121,25,463,11
2514,16,1174,18,121,25,620,11
2514,16,1174,18,121,25,700,11
2514,16,1174,18,121,25,742,11
2514,16,1174,18,121,25,758,11
2514,16,1174,18,121,25,879,11
2514,16,1174,18,121,25,927,11
2514,16,1174,18,121,25,979,11
2514,16,1174,18,121,25,1003,11
2514,16,1174,18,121,25,1044,11
2514,16,1174,18,121,25,1068,11
2514,16,1174,18,121,25,1153,11
2514,16,1174,18,121,25,1186,11
2514,16,1174,18,121,25,1194,11
2514,16,1174,18,121,25,1259,11
2514,16,1174,18,121,25,1260,11
2514,16,1174,18,121,25,1312,11
2514,16,1174,18,121,25,1388,11
2514,16,1174,18,121,25,1391,11
2514,16,1174,18,121,25,1422,11
2514,16,1174,18,121,25,1556,11
2514,16,1174,18,121,25,1568,11
2514,16,1174,18,121,25,1599,11
2514,16,1174,18,121,25,1747,11
2514,16,1174,18,121,25,1773,11
2514,16,1174,18,121,25,1799,11
2514,16,1174,18,121,25,1818,11
2514,16,1174,18,121,25,1873,11
2514,16,1174,18,121,25,1940,11
2514,16,1174,18,121,25,1956,11
2514,16,1174,18,121,25,1997,11
2514,16,1174,18,121,25,2068,11
2514,16,1174,18,121,25,2079,11
2514,16,1174,18,121,25,2123,11
2514,16,1174,18,121,25,2196,11
2514,16,1174,18,121,25,2206,11
2514,16,1174,18,121,25,2216,11
2514,16,1174,18,121,25,2244,11
2514,16,1174,18,121,25,2259,11
2514,16,1174,18,121,25,2261,11
2514,16,1174,18,121,25,2289,11
2514,16,1174,18,121,25,2359,11
2514,16,1174,18,121,25,2370,11
2514,16,1174,18,121,25,2405,11
2514,16,1174,18,183,20,45,11
2514,16,1174,18,183,20,159,11
2514,16,1174,18,183,20,272,11
2514,16,1174,18,183,20,338,11
2514,16,1174,18,183,20,390,11
2514,16,1174,18,183,20,457,11
2514,16,1174,18,183,20,463,11
2514,16,1174,18,183,20,620,11
2514,16,1174,18,183,20,700,11
2514,16,1174,18,183,20,742,11
2514,16,1174,18,183,20,758,11
2514,16,1174,18,183,20,879,11
2514,16,1174,18,183,20,927,11
2514,16,1174,18,183,20,979,11
2514,16,1174,18,183,20,1003,11
2514,16,1174,18,183,20,1044,11
2514,16,1174,18,183,20,1068,11
2514,16,1174,18,183,20,1153,11
2514,16,1174,18,183,20,1186,11
2514,16,1174,18,183,20,1194,11
2514,16,1174,18,183,20,1259,11
2514,16,1174,18,183,20,1260,11
2514,16,1174,18,183,20,1312,11
2514,16,1174,18,183,20,1388,11
2514,16,1174,18,183,20,1391,11
2514,16,1174,18,183,20,1422,11
2514,16,1174,18,183,20,1556,11
2514,16,1174,18,183,20,1568,11
2514,16,1174,18,183,20,1599,11
2514,16,1174,18,183,20,1747,11
2514,16,1174,18,183,20,1773,11
2514,16,1174,18,183,20,1799,11
2514,16,1174,18,183,20,1818,11
2514,16,1174,18,183,20,1873,11
2514,16,1174,18,183,20,1940,11
2514,16,1174,18,183,20,1956,11
2514,16,1174,18,183,20,1997,11
2514,16,1174,18,183,20,2068,11
2514,16,1174,18,183,20,2079,11
2514,16,1174,18,183,20,2123,11
2514,16,1174,18,183,20,2196,11
2514,16,1174,18,183,20,2206,11
2514,16,1174,18,183,20,2216,11
2514,16,1174,18,183,20,2244,11
2514,16,1174,18,183,20,2259,11
2514,16,1174,18,183,20,2261,11
2514,16,1174,18,183,20,2289,11
2514,16,1174,18,183,20,2359,11
2514,16,1174,18,183,20,2370,11
2514,16,1174,18,183,20,2405,11
2514,16,1174,18,230,46,45,11
2514,16,1174,18,230,46,159,11
2514,16,1174,18,230,46,272,11
2514,16,1174,18,230,46,338,11
2514,16,1174,18,230,46,390,11
2514,16,1174,18,230,46,457,11
2514,16,1174,18,230,46,463,11
2514,16,1174,18,230,46,620,11
2514,16,1174,18,230,46,700,11
2514,16,1174,18,230,46,742,11
2514,16,1174,18,230,46,758,11
2514,16,1174,18,230,46,879,11
2514,16,1174,18,230,46,927,11
2514,16,1174,18,230,46,979,11
2514,16,1174,18,230,46,1003,11
2514,16,1174,18,230,46,1044,11
2514,16,1174,18,230,46,1068,11
2514,16,1174,18,230,46,1153,11
2514,16,1174,18,230,46,1186,11
2514,16,1174,18,230,46,1194,11
2514,16,1174,18,230,46,1259,11
2514,16,1174,18,230,46,1260,11
2514,16,1174,18,230,46,1312,11
2514,16,1174,18,230,46,1388,11
2514,16,1174,18,230,46,1391,11
2514,16,1174,18,230,46,1422,11
2514,16,1174,18,230,46,1556,11
2514,16,1174,18,230,46,1568,11
2514,16,1174,18,230,46,1599,11
2514,16,1174,18,230,46,1747,11
2514,16,1174,18,230,46,1773,11
2514,16,1174,18,230,46,1799,11
2514,16,1174,18,230,46,1818,11
2514,16,1174,18,230,46,1873,11
2514,16,1174,18,230,46,1940,11
2514,16,1174,18,230,46,1956,11
2514,16,1174,18,230,46,1997,11
2514,16,1174,18,230,46,2068,11
2514,16,1174,18,230,46,2079,11
2514,16,1174,18,230,46,2123,11
2514,16,1174,18,230,46,2196,11
2514,16,1174,18,230,46,2206,11
2514,16,1174,18,230,46,2216,11
2514,16,1174,18,230,46,2244,11
2514,16,1174,18,230,46,2259,11
2514,16,1174,18,230,46,2261,11
2514,16,1174,18,230,46,2289,11
2514,16,1174,18,230,46,2359,11
2514,16,1174,18,230,46,2370,11
2514,16,1174,18,230,46,2405,11
2514,16,1174,18,454,30,45,11
2514,16,1174,18,454,30,159,11
2514,16,1174,18,454,30,272,11
2514,16,1174,18,454,30,338,11
2514,16,1174,18,454,30,390,11
2514,16,1174,18,454,30,457,11
2514,16,1174,18,454,30,463,11
2514,16,1174,18,454,30,620,11
2514,16,1174,18,454,30,700,11
2514,16,1174,18,454,30,742,11
2514,16,1174,18,454,30,758,11
2514,16,1174,18,454,30,879,11
2514,16,1174,18,454,30,927,11
2514,16,1174,18,454,30,979,11
2514,16,1174,18,454,30,1003,11
2514,16,1174,18,454,30,1044,11
2514,16,1174,18,454,30,1068,11
2514,16,1174,18,454,30,1153,11
2514,16,1174,18,454,30,1186,11
2514,16,1174,18,454,30,1194,11
2514,16,1174,18,454,30,1259,11
2514,16,1174,18,454,30,1260,11
2514,16,1174,18,454,30,1312,11
2514,16,1174,18,454,30,1388,11
2514,16,1174,18,454,30,1391,11
2514,16,1174,18,454,30,1422,11
2514,16,1174,18,454,30,1556,11
2514,16,1174,18,454,30,1568,11
2514,16,1174,18,454,30,1599,11
2514,16,1174,18,454,30,1747,11
2514,16,1174,18,454,30,1773,11
2514,16,1174,18,454,30,1799,11
2514,16,1174,18,454,30,1818,11
2514,16,1174,18,454,30,1873,11
2514,16,1174,18,454,30,1940,11
2514,16,1174,18,454,30,1956,11
2514,16,1174,18,454,30,1997,11
2514,16,1174,18,454,30,2068,11
2514,16,1174,18,454,30,2079,11
2514,16,1174,18,454,30,2123,11
2514,16,1174,18,454,30,2196,11
2514,16,1174,18,454,30,2206,11
2514,16,1174,18,454,30,2216,11
2514,16,1174,18,454,30,2244,11
2514,16,1174,18,454,30,2259,11
2514,16,1174,18,454,30,2261,11
2514,16,1174,18,454,30,2289,11
2514,16,1174,18,454,30,2359,11
2514,16,1174,18,454,30,2370,11
2514,16,1174,18,454,30,2405,11
2514,16,1174,18,498,13,45,11
2514,16,1174,18,498,13,159,11
2514,16,1174,18,498,13,272,11
2514,16,1174,18,498,13,338,11
2514,16,1174,18,498,13,390,11
2514,16,1174,18,498,13,457,11
2514,16,1174,18,498,13,463,11
2514,16,1174,18,498,13,620,11
2514,16,1174,18,498,13,700,11
2514,16,1174,18,498,13,742,11
2514,16,1174,18,498,13,758,11
2514,16,1174,18,498,13,879,11
2514,16,1174,18,498,13,927,11
2514,16,1174,18,498,13,979,11
2514,16,1174,18,498,13,1003,11
2514,16,1174,18,498,13,1044,11
2514,16,1174,18,498,13,1068,11
2514,16,1174,18,498,13,1153,11
2514,16,1174,18,498,13,1186,11
2514,16,1174,18,498,13,1194,11
2514,16,1174,18,498,13,1259,11
2514,16,1174,18,498,13,1260,11
2514,16,1174,18,498,13,1312,11
2514,16,1174,18,498,13,1388,11
2514,16,1174,18,498,13,1391,11
2514,16,1174,18,498,13,1422,11
2514,16,1174,18,498,13,1556,11
2514,16,1174,18,498,13,1568,11
2514,16,1174,18,498,13,1599,11
2514,16,1174,18,498,13,1747,11
2514,16,1174,18,498,13,1773,11
2514,16,1174,18,498,13,1799,11
2514,16,1174,18,498,13,1818,11
2514,16,1174,18,498,13,1873,11
2514,16,1174,18,498,13,1940,11
2514,16,1174,18,498,13,1956,11
2514,16,1174,18,498,13,1997,11
2514,16,1174,18,498,13,2068,11
2514,16,1174,18,498,13,2079,11
2514,16,1174,18,498,13,2123,11
2514,16,1174,18,498,13,2196,11
2514,16,1174,18,498,13,2206,11
2514,16,1174,18,498,13,2216,11
2514,16,1174,18,498,13,2244,11
2514,16,1174,18,498,13,2259,11
2514,16,1174,18,498,13,2261,11
2514,16,1174,18,498,13,2289,11
2514,16,1174,18,498,13,2359,11
2514,16,1174,18,498,13,2370,11
2514,16,1174,18,498,13,2405,11
2514,16,1174,18,753,36,45,11
2514,16,1174,18,753,36,390,11
2514,16,1174,18,753,36,620,11
2514,16,1174,18,753,36,979,11
2514,16,1174,18,753,36,1799,11
2514,16,1174,18,753,36,1956,11
2514,16,1174,18,753,36,2206,11
2514,16,1174,18,753,36,2244,11
2514,16,1174,18,753,36,2261,11
2514,16,1174,18,753,36,2359,11
2514,16,1174,18,964,44,45,11
2514,16,1174,18,964,44,159,11
2514,16,1174,18,964,44,272,11
2514,16,1174,18,964,44,338,11
2514,16,1174,18,964,44,390,11
2514,16,1174,18,964,44,457,11
2514,16,1174,18,964,44,463,11
2514,16,1174,18,964,44,620,11
2514,16,1174,18,964,44,700,11
2514,16,1174,18,964,44,742,11
2514,16,1174,18,964,44,758,11
2514,16,1174,18,964,44,879,11
2514,16,1174,18,964,44,927,11
2514,16,1174,18,964,44,979,11
2514,16,1174,18,964,44,1003,11
2514,16,1174,18,964,44,1044,11
2514,16,1174,18,964,44,1068,11
2514,16,1174,18,964,44,1153,11
2514,16,1174,18,964,44,1186,11
2514,16,1174,18,964,44,1194,11
2514,16,1174,18,964,44,1259,11
2514,16,1174,18,964,44,1260,11
2514,16,1174,18,964,44,1312,11
2514,16,1174,18,964,44,1388,11
2514,16,1174,18,964,44,1391,11
2514,16,1174,18,964,44,1422,11
2514,16,1174,18,964,44,1556,11
2514,16,1174,18,964,44,1568,11
2514,16,1174,18,964,44,1599,11
2514,16,1174,18,964,44,1747,11
2514,16,1174,18,964,44,1773,11
2514,16,1174,18,964,44,1799,11
2514,16,1174,18,964,44,1818,11
2514,16,1174,18,964,44,1873,11
2514,16,1174,18,964,44,1940,11
2514,16,1174,18,964,44,1956,11
2514,16,1174,18,964,44,1997,11
2514,16,1174,18,964,44,2068,11
2514,16,1174,18,964,44,2079,11
2514,16,1174,18,964,44,2123,11
2514,16,1174,18,964,44,2196,11
2514,16,1174,18,964,44,2206,11
2514,16,1174,18,964,44,2216,11
2514,16,1174,18,964,44,2244,11
2514,16,1174,18,964,44,2259,11
2514,16,1174,18,964,44,2261,11
2514,16,1174,18,964,44,2289,11
2514,16,1174,18,964,44,2359,11
2514,16,1174,18,964,44,2370,11
2514,16,1174,18,964,44,2405,11
2514,16,1174,18,1082,11,45,11
2514,16,1174,18,1082,11,159,11
2514,16,1174,18,1082,11,272,11
2514,16,1174,18,1082,11,338,11
2514,16,1174,18,1082,11,390,11
2514,16,1174,18,1082,11,457,11
2514,16,1174,18,1082,11,463,11
2514,16,1174,18,1082,11,620,11
2514,16,1174,18,1082,11,700,11
2514,16,1174,18,1082,11,742,11
2514,16,1174,18,1082,11,758,11
2514,16,1174,18,1082,11,879,11
2514,16,1174,18,1082,11,927,11
2514,16,1174,18,1082,11,979,11
2514,16,1174,18,1082,11,1003,11
2514,16,1174,18,1082,11,1044,11
2514,16,1174,18,1082,11,1068,11
2514,16,1174,18,1082,11,1153,11
2514,16,1174,18,1082,11,1186,11
2514,16,1174,18,1082,11,1194,11
2514,16,1174,18,1082,11,1259,11
2514,16,1174,18,1082,11,1260,11
2514,16,1174,18,1082,11,1312,11
2514,16,1174,18,1082,11,1388,11
2514,16,1174,18,1082,11,1391,11
2514,16,1174,18,1082,11,1422,11
2514,16,1174,18,1082,11,1556,11
2514,16,1174,18,1082,11,1568,11
2514,16,1174,18,1082,11,1599,11
2514,16,1174,18,1082,11,1747,11
2514,16,1174,18,1082,11,1773,11
2514,16,1174,18,1082,11,1799,11
2514,16,1174,18,1082,11,1818,11
2514,16,1174,18,1082,11,1873,11
2514,16,1174,18,1082,11,1940,11
2514,16,1174,18,1082,11,1956,11
2514,16,1174,18,1082,11,1997,11
2514,16,1174,18,1082,11,2068,11
2514,16,1174,18,1082,11,2079,11
2514,16,1174,18,1082,11,2123,11
2514,16,1174,18,1082,11,2196,11
2514,16,1174,18,1082,11,2206,11
2514,16,1174,18,1082,11,2216,11
2514,16,1174,18,1082,11,2244,11
2514,16,1174,18,1082,11,2259,11
2514,16,1174,18,1082,11,2261,11
2514,16,1174,18,1082,11,2289,11
2514,16,1174,18,1082,11,2359,11
2514,16,1174,18,1082,11,2370,11
2514,16,1174,18,1082,11,2405,11
2514,16,1174,18,1451,13,45,11
2514,16,1174,18,1451,13,159,11
2514,16,1174,18,1451,13,272,11
2514,16,1174,18,1451,13,338,11
2514,16,1174,18,1451,13,390,11
2514,16,1174,18,1451,13,457,11
2514,16,1174,18,1451,13,463,11
2514,16,1174,18,1451,13,620,11
2514,16,1174,18,1451,13,700,11
2514,16,1174,18,1451,13,742,11
2514,16,1174,18,1451,13,758,11
2514,16,1174,18,1451,13,879,11
2514,16,1174,18,1451,13,927,11
2514,16,1174,18,1451,13,979,11
2514,16,1174,18,1451,13,1003,11
2514,16,1174,18,1451,13,1044,11
2514,16,1174,18,1451,13,1068,11
2514,16,1174,18,1451,13,1153,11
2514,16,1174,18,1451,13,1186,11
2514,16,1174,18,1451,13,1194,11
2514,16,1174,18,1451,13,1259,11
2514,16,1174,18,1451,13,1260,11
2514,16,1174,18,1451,13,1312,11
2514,16,1174,18,1451,13,1388,11
2514,16,1174,18,1451,13,1391,11
2514,16,1174,18,1451,13,1422,11
2514,16,1174,18,1451,13,1556,11
2514,16,1174,18,1451,13,1568,11
2514,16,1174,18,1451,13,1599,11
2514,16,1174,18,1451,13,1747,11
2514,16,1174,18,1451,13,1773,11
2514,16,1174,18,1451,13,1799,11
2514,16,1174,18,1451,13,1818,11
2514,16,1174,18,1451,13,1873,11
2514,16,1174,18,1451,13,1940,11
2514,16,1174,18,1451,13,1956,11
2514,16,1174,18,1451,13,1997,11
2514,16,1174,18,1451,13,2068,11
2514,16,1174,18,1451,13,2079,11
2514,16,1174,18,1451,13,2123,11
2514,16,1174,18,1451,13,2196,11
2514,16,1174,18,1451,13,2206,11
2514,16,1174,18,1451,13,2216,11
2514,16,1174,18,1451,13,2244,11
2514,16,1174,18,1451,13,2259,11
2514,16,1174,18,1451,13,2261,11
2514,16,1174,18,1451,13,2289,11
2514,16,1174,18,1451,13,2359,11
2514,16,1174,18,1451,13,2370,11
2514,16,1174,18,1451,13,2405,11
2514,16,1174,18,1529,18,45,11
2514,16,1174,18,1529,18,159,11
2514,16,1174,18,1529,18,272,11
2514,16,1174,18,1529,18,338,11
2514,16,1174,18,1529,18,390,11
2514,16,1174,18,1529,18,457,11
2514,16,1174,18,1529,18,463,11
2514,16,1174,18,1529,18,620,11
2514,16,1174,18,1529,18,700,11
2514,16,1174,18,1529,18,742,11
2514,16,1174,18,1529,18,758,11
2514,16,1174,18,1529,18,879,11
2514,16,1174,18,1529,18,927,11
2514,16,1174,18,1529,18,979,11
2514,16,1174,18,1529,18,1003,11
2514,16,1174,18,1529,18,1044,11
2514,16,1174,18,1529,18,1068,11
2514,16,1174,18,1529,18,1153,11
2514,16,1174,18,1529,18,1186,11
2514,16,1174,18,1529,18,1194,11
2514,16,1174,18,1529,18,1259,11
2514,16,1174,18,1529,18,1260,11
2514,16,1174,18,1529,18,1312,11
2514,16,1174,18,1529,18,1388,11
2514,16,1174,18,1529,18,1391,11
2514,16,1174,18,1529,18,1422,11
2514,16,1174,18,1529,18,1556,11
2514,16,1174,18,1529,18,1568,11
2514,16,1174,18,1529,18,1599,11
2514,16,1174,18,1529,18,1747,11
2514,16,1174,18,1529,18,1773,11
2514,16,1174,18,1529,18,1799,11
2514,16,1174,18,1529,18,1818,11
2514,16,1174,18,1529,18,1873,11
2514,16,1174,18,1529,18,1940,11
2514,16,1174,18,1529,18,1956,11
2514,16,1174,18,1529,18,1997,11
2514,16,1174,18,1529,18,2068,11
2514,16,1174,18,1529,18,2079,11
2514,16,1174,18,1529,18,2123,11
2514,16,1174,18,1529,18,2196,11
2514,16,1174,18,1529,18,2206,11
2514,16,1174,18,1529,18,2216,11
2514,16,1174,18,1529,18,2244,11
2514,16,1174,18,1529,18,2259,11
2514,16,1174,18,1529,18,2261,11
2514,16,1174,18,1529,18,2289,11
2514,16,1174,18,1529,18,2359,11
2514,16,1174,18,1529,18,2370,11
2514,16,1174,18,1529,18,2405,11
2514,16,1174,18,1650,41,45,11
2514,16,1174,18,1650,41,159,11
2514,16,1174,18,1650,41,272,11
2514,16,1174,18,1650,41,338,11
2514,16,1174,18,1650,41,390,11
2514,16,1174,18,1650,41,457,11
2514,16,1174,18,1650,41,463,11
2514,16,1174,18,1650,41,620,11
2514,16,1174,18,1650,41,700,11
2514,16,1174,18,1650,41,742,11
2514,16,1174,18,1650,41,758,11
2514,16,1174,18,1650,41,879,11
2514,16,1174,18,1650,41,927,11
2514,16,1174,18,1650,41,979,11
2514,16,1174,18,1650,41,1003,11
2514,16,1174,18,1650,41,1044,11
2514,16,1174,18,1650,41,1068,11
2514,16,1174,18,1650,41,1153,11
2514,16,1174,18,1650,41,1186,11
2514,16,1174,18,1650,41,1194,11
2514,16,1174,18,1650,41,1259,11
2514,16,1174,18,1650,41,1260,11
2514,16,1174,18,1650,41,1312,11
2514,16,1174,18,1650,41,1388,11
2514,16,1174,18,1650,41,1391,11
2514,16,1174,18,1650,41,1422,11
2514,16,1174,18,1650,41,1556,11
2514,16,1174,18,1650,41,1568,11
2514,16,1174,18,1650,41,1599,11
2514,16,1174,18,1650,41,1747,11
2514,16,1174,18,1650,41,1773,11
2514,16,1174,18,1650,41,1799,11
2514,16,1174,18,1650,41,1818,11
2514,16,1174,18,1650,41,1873,11
2514,16,1174,18,1650,41,1940,11
2514,16,1174,18,1650,41,1956,11
2514,16,1174,18,1650,41,1997,11
2514,16,1174,18,1650,41,2068,11
2514,16,1174,18,1650,41,2079,11
2514,16,1174,18,1650,41,2123,11
2514,16,1174,18,1650,41,2196,11
2514,16,1174,18,1650,41,2206,11
2514,16,1174,18,1650,41,2216,11
2514,16,1174,18,1650,41,2244,11
2514,16,1174,18,1650,41,2259,11
2514,16,1174,18,1650,41,2261,11
2514,16,1174,18,1650,41,2289,11
2514,16,1174,18,1650,41,2359,11
2514,16,1174,18,1650,41,2370,11
2514,16,1174,18,1650,41,2405,11
2514,16,1174,18,1765,37,45,11
2514,16,1174,18,1765,37,159,11
2514,16,1174,18,1765,37,272,11
2514,16,1174,18,1765,37,338,11
2514,16,1174,18,1765,37,390,11
2514,16,1174,18,1765,37,457,11
2514,16,1174,18,1765,37,463,11
2514,16,1174,18,1765,37,620,11
2514,16,1174,18,1765,37,700,11
2514,16,1174,18,1765,37,742,11
2514,16,1174,18,1765,37,758,11
2514,16,1174,18,1765,37,879,11
2514,16,1174,18,1765,37,927,11
2514,16,1174,18,1765,37,979,11
2514,16,1174,18,1765,37,1003,11
2514,16,1174,18,1765,37,1044,11
2514,16,1174,18,1765,37,1068,11
2514,16,1174,18,1765,37,1153,11
2514,16,1174,18,1765,37,1186,11
2514,16,1174,18,1765,37,1194,11
2514,16,1174,18,1765,37,1259,11
2514,16,1174,18,1765,37,1260,11
2514,16,1174,18,1765,37,1312,11
2514,16,1174,18,1765,37,1388,11
2514,16,1174,18,1765,37,1391,11
2514,16,1174,18,1765,37,1422,11
2514,16,1174,18,1765,37,1556,11
2514,16,1174,18,1765,37,1568,11
2514,16,1174,18,1765,37,1599,11
2514,16,1174,18,1765,37,1747,11
2514,16,1174,18,1765,37,1773,11
2514,16,1174,18,1765,37,1799,11
2514,16,1174,18,1765,37,1818,11
2514,16,1174,18,1765,37,1873,11
2514,16,1174,18,1765,37,1940,11
2514,16,1174,18,1765,37,1956,11
2514,16,1174,18,1765,37,1997,11
2514,16,1174,18,1765,37,2068,11
2514,16,1174,18,1765,37,2079,11
2514,16,1174,18,1765,37,2123,11
2514,16,1174,18,1765,37,2196,11
2514,16,1174,18,1765,37,2206,11
2514,16,1174,18,1765,37,2216,11
2514,16,1174,18,1765,37,2244,11
2514,16,1174,18,1765,37,2259,11
2514,16,1174,18,1765,37,2261,11
2514,16,1174,18,1765,37,2289,11
2514,16,1174,18,1765,37,2359,11
2514,16,1174,18,1765,37,2370,11
2514,16,1174,18,1765,37,2405,11
2514,16,1174,18,1850,29,159,11
2514,16,1174,18,1850,29,272,11
2514,16,1174,18,1850,29,457,11
2514,16,1174,18,1850,29,463,11
2514,16,1174,18,1850,29,700,11
2514,16,1174,18,1850,29,879,11
2514,16,1174,18,1850,29,927,11
2514,16,1174,18,1850,29,1003,11
2514,16,1174,18,1850,29,1068,11
2514,16,1174,18,1850,29,1153,11
2514,16,1174,18,1850,29,1194,11
2514,16,1174,18,1850,29,1260,11
2514,16,1174,18,1850,29,1388,11
2514,16,1174,18,1850,29,1391,11
2514,16,1174,18,1850,29,1422,11
2514,16,1174,18,1850,29,1556,11
2514,16,1174,18,1850,29,1568,11
2514,16,1174,18,1850,29,1599,11
2514,16,1174,18,1850,29,1747,11
2514,16,1174,18,1850,29,1818,11
2514,16,1174,18,1850,29,1873,11
2514,16,1174,18,1850,29,1940,11
2514,16,1174,18,1850,29,2068,11
2514,16,1174,18,1850,29,2079,11
2514,16,1174,18,1850,29,2123,11
2514,16,1174,18,1850,29,2196,11
2514,16,1174,18,1850,29,2216,11
2514,16,1174,18,1850,29,2259,11
2514,16,1174,18,1850,29,2370,11
2514,16,1174,18,1850,29,2405,11
2514,16,1174,18,1947,25,45,11
2514,16,1174,18,1947,25,159,11
2514,16,1174,18,1947,25,272,11
2514,16,1174,18,1947,25,338,11
2514,16,1174,18,1947,25,390,11
2514,16,1174,18,1947,25,457,11
2514,16,1174,18,1947,25,463,11
2514,16,1174,18,1947,25,620,11
2514,16,1174,18,1947,25,700,11
2514,16,1174,18,1947,25,742,11
2514,16,1174,18,1947,25,758,11
2514,16,1174,18,1947,25,879,11
2514,16,1174,18,1947,25,927,11
2514,16,1174,18,1947,25,979,11
2514,16,1174,18,1947,25,1003,11
2514,16,1174,18,1947,25,1044,11
2514,16,1174,18,1947,25,1068,11
2514,16,1174,18,1947,25,1153,11
2514,16,1174,18,1947,25,1186,11
2514,16,1174,18,1947,25,1194,11
2514,16,1174,18,1947,25,1259,11
2514,16,1174,18,1947,25,1260,11
2514,16,1174,18,1947,25,1312,11
2514,16,1174,18,1947,25,1388,11
2514,16,1174,18,1947,25,1391,11
2514,16,1174,18,1947,25,1422,11
2514,16,1174,18,1947,25,1556,11
2514,16,1174,18,1947,25,1568,11
2514,16,1174,18,1947,25,1599,11
2514,16,1174,18,1947,25,1747,11
2514,16,1174,18,1947,25,1773,11
2514,16,1174,18,1947,25,1799,11
2514,16,1174,18,1947,25,1818,11
2514,16,1174,18,1947,25,1873,11
2514,16,1174,18,1947,25,1940,11
2514,16,1174,18,1947,25,1956,11
2514,16,1174,18,1947,25,1997,11
2514,16,1174,18,1947,25,2068,11
2514,16,1174,18,1947,25,2079,11
2514,16,1174,18,1947,25,2123,11
2514,16,1174,18,1947,25,2196,11
2514,16,1174,18,1947,25,2206,11
2514,16,1174,18,1947,25,2216,11
2514,16,1174,18,1947,25,2244,11
2514,16,1174,18,1947,25,2259,11
2514,16,1174,18,1947,25,2261,11
2514,16,1174,18,1947,25,2289,11
2514,16,1174,18,1947,25,2359,11
2514,16,1174,18,1947,25,2370,11
2514,16,1174,18,1947,25,2405,11
