2514,16,904,32,248,10,45,11
2514,16,904,32,248,10,272,11
2514,16,904,32,248,10,338,11
2514,16,904,32,248,10,390,11
2514,16,904,32,248,10,620,11
2514,16,904,32,248,10,742,11
2514,16,904,32,248,10,758,11
2514,16,904,32,248,10,979,11
2514,16,904,32,248,10,1044,11
2514,16,904,32,248,10,1068,11
2514,16,904,32,248,10,1186,11
2514,16,904,32,248,10,1259,11
2514,16,904,32,248,10,1260,11
2514,16,904,32,248,10,1312,11
2514,16,904,32,248,10,1391,11
2514,16,904,32,248,10,1422,11
2514,16,904,32,248,10,1747,11
2514,16,904,32,248,10,1773,11
2514,16,904,32,248,10,1799,11
2514,16,904,32,248,10,1956,11
2514,16,904,32,248,10,1997,11
2514,16,904,32,248,10,2068,11
2514,16,904,32,248,10,2079,11
2514,16,904,32,248,10,2206,11
2514,16,904,32,248,10,2244,11
2514,16,904,32,248,10,2259,11
2514,16,904,32,248,10,2261,11
2514,16,904,32,248,10,2289,11
2514,16,904,32,248,10,2359,11
2514,16,904,32,248,10,2405,11
2514,16,904,32,419,12,45,11
2514,16,904,32,419,12,159,11
2514,16,904,32,419,12,272,11
2514,16,904,32,419,12,338,11
2514,16,904,32,419,12,390,11
2514,16,904,32,419,12,457,11
2514,16,904,32,419,12,463,11
2514,16,904,32,419,12,620,11
2514,16,904,32,419,12,700,11
2514,16,904,32,419,12,742,11
2514,16,904,32,419,12,758,11
2514,16,904,32,419,12,879,11
2514,16,904,32,419,12,927,11
2514,16,904,32,419,12,979,11
2514,16,904,32,419,12,1003,11
2514,16,904,32,419,12,1044,11
2514,16,904,32,419,12,1068,11
2514,16,904,32,419,12,1153,11
2514,16,904,32,419,12,1186,11
2514,16,904,32,419,12,1194,11
2514,16,904,32,419,12,1259,11
2514,16,904,32,419,12,1260,11
2514,16,904,32,419,12,1312,11
2514,16,904,32,419,12,1388,11
2514,16,904,32,419,12,1391,11
2514,16,904,32,419,12,1422,11
2514,16,904,32,419,12,1556,11
2514,16,904,32,419,12,1568,11
2514,16,904,32,419,12,1599,11
2514,16,904,32,419,12,1747,11
2514,16,904,32,419,12,1773,11
2514,16,904,32,419,12,1799,11
2514,16,904,32,419,12,1818,11
2514,16,904,32,419,12,1873,11
2514,16,904,32,419,12,1940,11
2514,16,904,32,419,12,1956,11
2514,16,904,32,419,12,1997,11
2514,16,904,32,419,12,2068,11
2514,16,904,32,419,12,2079,11
2514,16,904,32,419,12,2123,11
2514,16,904,32,419,12,2196,11
2514,16,904,32,419,12,2206,11
2514,16,904,32,419,12,2216,11
2514,16,904,32,419,12,2244,11
2514,16,904,32,419,12,2259,11
2514,16,904,32,419,12,2261,11
2514,16,904,32,419,12,2289,11
2514,16,904,32,419,12,2359,11
2514,16,904,32,419,12,2370,11
2514,16,904,32,419,12,2405,11
2514,16,904,32,434,35,45,11
2514,16,904,32,434,35,159,11
2514,16,904,32,434,35,272,11
2514,16,904,32,434,35,338,11
2514,16,904,32,434,35,390,11
2514,16,904,32,434,35,457,11
2514,16,904,32,434,35,463,11
2514,16,904,32,434,35,620,11
2514,16,904,32,434,35,700,11
2514,16,904,32,434,35,742,11
2514,16,904,32,434,35,758,11
2514,16,904,32,434,35,879,11
2514,16,904,32,434,35,927,11
2514,16,904,32,434,35,979,11
2514,16,904,32,434,35,1003,11
2514,16,904,32,434,35,1044,11
2514,16,904,32,434,35,1068,11
2514,16,904,32,434,35,1153,11
2514,16,904,32,434,35,1186,11
2514,16,904,32,434,35,1194,11
2514,16,904,32,434,35,1259,11
2514,16,904,32,434,35,1260,11
2514,16,904,32,434,35,1312,11
2514,16,904,32,434,35,1388,11
2514,16,904,32,434,35,1391,11
2514,16,904,32,434,35,1422,11
2514,16,904,32,434,35,1556,11
2514,16,904,32,434,35,1568,11
2514,16,904,32,434,35,1599,11
2514,16,904,32,434,35,1747,11
2514,16,904,32,434,35,1773,11
2514,16,904,32,434,35,1799,11
2514,16,904,32,434,35,1818,11
2514,16,904,32,434,35,1873,11
2514,16,904,32,434,35,1940,11
2514,16,904,32,434,35,1956,11
2514,16,904,32,434,35,1997,11
2514,16,904,32,434,35,2068,11
2514,16,904,32,434,35,2079,11
2514,16,904,32,434,35,2123,11
2514,16,904,32,434,35,2196,11
2514,16,904,32,434,35,2206,11
2514,16,904,32,434,35,2216,11
2514,16,904,32,434,35,2244,11
2514,16,904,32,434,35,2259,11
2514,16,904,32,434,35,2261,11
2514,16,904,32,434,35,2289,11
2514,16,904,32,434,35,2359,11
2514,16,904,32,434,35,2370,11
2514,16,904,32,434,35,2405,11
2514,16,904,32,482,29,45,11
2514,16,904,32,482,29,159,11
2514,16,904,32,482,29,272,11
2514,16,904,32,482,29,338,11
2514,16,904,32,482,29,390,11
2514,16,904,32,482,29,457,11
2514,16,904,32,482,29,463,11
2514,16,904,32,482,29,620,11
2514,16,904,32,482,29,700,11
2514,16,904,32,482,29,742,11
2514,16,904,32,482,29,758,11
2514,16,904,32,482,29,879,11
2514,16,904,32,482,29,927,11
2514,16,904,32,482,29,979,11
2514,16,904,32,482,29,1003,11
2514,16,904,32,482,29,1044,11
2514,16,904,32,482,29,1068,11
2514,16,904,32,482,29,1153,11
2514,16,904,32,482,29,1186,11
2514,16,904,32,482,29,1194,11
2514,16,904,32,482,29,1259,11
2514,16,904,32,482,29,1260,11
2514,16,904,32,482,29,1312,11
2514,16,904,32,482,29,1388,11
2514,16,904,32,482,29,1391,11
2514,16,904,32,482,29,1422,11
2514,16,904,32,482,29,1556,11
2514,16,904,32,482,29,1568,11
2514,16,904,32,482,29,1599,11
2514,16,904,32,482,29,1747,11
2514,16,904,32,482,29,1773,11
2514,16,904,32,482,29,1799,11
2514,16,904,32,482,29,1818,11
2514,16,904,32,482,29,1873,11
2514,16,904,32,482,29,1940,11
2514,16,904,32,482,29,1956,11
2514,16,904,32,482,29,1997,11
2514,16,904,32,482,29,2068,11
2514,16,904,32,482,29,2079,11
2514,16,904,32,482,29,2123,11
2514,16,904,32,482,29,2196,11
2514,16,904,32,482,29,2206,11
2514,16,904,32,482,29,2216,11
2514,16,904,32,482,29,2244,11
2514,16,904,32,482,29,2259,11
2514,16,904,32,482,29,2261,11
2514,16,904,32,482,29,2289,11
2514,16,904,32,482,29,2359,11
2514,16,904,32,482,29,2370,11
2514,16,904,32,482,29,2405,11
2514,16,904,32,548,41,45,11
2514,16,904,32,548,41,159,11
2514,16,904,32,548,41,272,11
2514,16,904,32,548,41,338,11
2514,16,904,32,548,41,390,11
2514,16,904,32,548,41,457,11
2514,16,904,32,548,41,463,11
2514,16,904,32,548,41,620,11
2514,16,904,32,548,41,700,11
2514,16,904,32,548,41,742,11
2514,16,904,32,548,41,758,11
2514,16,904,32,548,41,879,11
2514,16,904,32,548,41,927,11
2514,16,904,32,548,41,979,11
2514,16,904,32,548,41,1003,11
2514,16,904,32,548,41,1044,11
2514,16,904,32,548,41,1068,11
2514,16,904,32,548,41,1153,11
2514,16,904,32,548,41,1186,11
2514,16,904,32,548,41,1194,11
2514,16,904,32,548,41,1259,11
2514,16,904,32,548,41,1260,11
2514,16,904,32,548,41,1312,11
2514,16,904,32,548,41,1388,11
2514,16,904,32,548,41,1391,11
2514,16,904,32,548,41,1422,11
2514,16,904,32,548,41,1556,11
2514,16,904,32,548,41,1568,11
2514,16,904,32,548,41,1599,11
2514,16,904,32,548,41,1747,11
2514,16,904,32,548,41,1773,11
2514,16,904,32,548,41,1799,11
2514,16,904,32,548,41,1818,11
2514,16,904,32,548,41,1873,11
2514,16,904,32,548,41,1940,11
2514,16,904,32,548,41,1956,11
2514,16,904,32,548,41,1997,11
2514,16,904,32,548,41,2068,11
2514,16,904,32,548,41,2079,11
2514,16,904,32,548,41,2123,11
2514,16,904,32,548,41,2196,11
2514,16,904,32,548,41,2206,11
2514,16,904,32,548,41,2216,11
2514,16,904,32,548,41,2244,11
2514,16,904,32,548,41,2259,11
2514,16,904,32,548,41,2261,11
2514,16,904,32,548,41,2289,11
2514,16,904,32,548,41,2359,11
2514,16,904,32,548,41,2370,11
2514,16,904,32,548,41,2405,11
2514,16,904,32,724,21,45,11
2514,16,904,32,724,21,159,11
2514,16,904,32,724,21,272,11
2514,16,904,32,724,21,338,11
2514,16,904,32,724,21,390,11
2514,16,904,32,724,21,457,11
2514,16,904,32,724,21,463,11
2514,16,904,32,724,21,620,11
2514,16,904,32,724,21,700,11
2514,16,904,32,724,21,742,11
2514,16,904,32,724,21,758,11
2514,16,904,32,724,21,879,11
2514,16,904,32,724,21,927,11
2514,16,904,32,724,21,979,11
2514,16,904,32,724,21,1003,11
2514,16,904,32,724,21,1044,11
2514,16,904,32,724,21,1068,11
2514,16,904,32,724,21,1153,11
2514,16,904,32,724,21,1186,11
2514,16,904,32,724,21,1194,11
2514,16,904,32,724,21,1259,11
2514,16,904,32,724,21,1260,11
2514,16,904,32,724,21,1312,11
2514,16,904,32,724,21,1388,11
2514,16,904,32,724,21,1391,11
2514,16,904,32,724,21,1422,11
2514,16,904,32,724,21,1556,11
2514,16,904,32,724,21,1568,11
2514,16,904,32,724,21,1599,11
2514,16,904,32,724,21,1747,11
2514,16,904,32,724,21,1773,11
2514,16,904,32,724,21,1799,11
2514,16,904,32,724,21,1818,11
2514,16,904,32,724,21,1873,11
2514,16,904,32,724,21,1940,11
2514,16,904,32,724,21,1956,11
2514,16,904,32,724,21,1997,11
2514,16,904,32,724,21,2068,11
2514,16,904,32,724,21,2079,11
2514,16,904,32,724,21,2123,11
2514,16,904,32,724,21,2196,11
2514,16,904,32,724,21,2206,11
2514,16,904,32,724,21,2216,11
2514,16,904,32,724,21,2244,11
2514,16,904,32,724,21,2259,11
2514,16,904,32,724,21,2261,11
2514,16,904,32,724,21,2289,11
2514,16,904,32,724,21,2359,11
2514,16,904,32,724,21,2370,11
2514,16,904,32,724,21,2405,11
2514,16,904,32,850,43,45,11
2514,16,904,32,850,43,159,11
2514,16,904,32,850,43,272,11
2514,16,904,32,850,43,338,11
2514,16,904,32,850,43,390,11
2514,16,904,32,850,43,457,11
2514,16,904,32,850,43,463,11
2514,16,904,32,850,43,620,11
2514,16,904,32,850,43,700,11
2514,16,904,32,850,43,742,11
2514,16,904,32,850,43,758,11
2514,16,904,32,850,43,879,11
2514,16,904,32,850,43,927,11
2514,16,904,32,850,43,979,11
2514,16,904,32,850,43,1003,11
2514,16,904,32,850,43,1044,11
2514,16,904,32,850,43,1068,11
2514,16,904,32,850,43,1153,11
2514,16,904,32,850,43,1186,11
2514,16,904,32,850,43,1194,11
2514,16,904,32,850,43,1259,11
2514,16,904,32,850,43,1260,11
2514,16,904,32,850,43,1312,11
2514,16,904,32,850,43,1388,11
2514,16,904,32,850,43,1391,11
2514,16,904,32,850,43,1422,11
2514,16,904,32,850,43,1556,11
2514,16,904,32,850,43,1568,11
2514,16,904,32,850,43,1599,11
2514,16,904,32,850,43,1747,11
2514,16,904,32,850,43,1773,11
2514,16,904,32,850,43,1799,11
2514,16,904,32,850,43,1818,11
2514,16,904,32,850,43,1873,11
2514,16,904,32,850,43,1940,11
2514,16,904,32,850,43,1956,11
2514,16,904,32,850,43,1997,11
2514,16,904,32,850,43,2068,11
2514,16,904,32,850,43,2079,11
2514,16,904,32,850,43,2123,11
2514,16,904,32,850,43,2196,11
2514,16,904,32,850,43,2206,11
2514,16,904,32,850,43,2216,11
2514,16,904,32,850,43,2244,11
2514,16,904,32,850,43,2259,11
2514,16,904,32,850,43,2261,11
2514,16,904,32,850,43,2289,11
2514,16,904,32,850,43,2359,11
2514,16,904,32,850,43,2370,11
2514,16,904,32,850,43,2405,11
2514,16,904,32,950,50,45,11
2514,16,904,32,950,50,159,11
2514,16,904,32,950,50,272,11
2514,16,904,32,950,50,338,11
2514,16,904,32,950,50,390,11
2514,16,904,32,950,50,457,11
2514,16,904,32,950,50,463,11
2514,16,904,32,950,50,620,11
2514,16,904,32,950,50,700,11
2514,16,904,32,950,50,742,11
2514,16,904,32,950,50,758,11
2514,16,904,32,950,50,879,11
2514,16,904,32,950,50,927,11
2514,16,904,32,950,50,979,11
2514,16,904,32,950,50,1003,11
2514,16,904,32,950,50,1044,11
2514,16,904,32,950,50,1068,11
2514,16,904,32,950,50,1153,11
2514,16,904,32,950,50,1186,11
2514,16,904,32,950,50,1194,11
2514,16,904,32,950,50,1259,11
2514,16,904,32,950,50,1260,11
2514,16,904,32,950,50,1312,11
2514,16,904,32,950,50,1388,11
2514,16,904,32,950,50,1391,11
2514,16,904,32,950,50,1422,11
2514,16,904,32,950,50,1556,11
2514,16,904,32,950,50,1568,11
2514,16,904,32,950,50,1599,11
2514,16,904,32,950,50,1747,11
2514,16,904,32,950,50,1773,11
2514,16,904,32,950,50,1799,11
2514,16,904,32,950,50,1818,11
2514,16,904,32,950,50,1873,11
2514,16,904,32,950,50,1940,11
2514,16,904,32,950,50,1956,11
2514,16,904,32,950,50,1997,11
2514,16,904,32,950,50,2068,11
2514,16,904,32,950,50,2079,11
2514,16,904,32,950,50,2123,11
2514,16,904,32,950,50,2196,11
2514,16,904,32,950,50,2206,11
2514,16,904,32,950,50,2216,11
2514,16,904,32,950,50,2244,11
2514,16,904,32,950,50,2259,11
2514,16,904,32,950,50,2261,11
2514,16,904,32,950,50,2289,11
2514,16,904,32,950,50,2359,11
2514,16,904,32,950,50,2370,11
2514,16,904,32,950,50,2405,11
2514,16,904,32,1076,41,45,11
2514,16,904,32,1076,41,159,11
2514,16,904,32,1076,41,272,11
2514,16,904,32,1076,41,338,11
2514,16,904,32,1076,41,390,11
2514,16,904,32,1076,41,457,11
2514,16,904,32,1076,41,463,11
2514,16,904,32,1076,41,620,11
2514,16,904,32,1076,41,700,11
2514,16,904,32,1076,41,742,11
2514,16,904,32,1076,41,758,11
2514,16,904,32,1076,41,879,11
2514,16,904,32,1076,41,927,11
2514,16,904,32,1076,41,979,11
2514,16,904,32,1076,41,1003,11
2514,16,904,32,1076,41,1044,11
2514,16,904,32,1076,41,1068,11
2514,16,904,32,1076,41,1153,11
2514,16,904,32,1076,41,1186,11
2514,16,904,32,1076,41,1194,11
2514,16,904,32,1076,41,1259,11
2514,16,904,32,1076,41,1260,11
2514,16,904,32,1076,41,1312,11
2514,16,904,32,1076,41,1388,11
2514,16,904,32,1076,41,1391,11
2514,16,904,32,1076,41,1422,11
2514,16,904,32,1076,41,1556,11
2514,16,904,32,1076,41,1568,11
2514,16,904,32,1076,41,1599,11
2514,16,904,32,1076,41,1747,11
2514,16,904,32,1076,41,1773,11
2514,16,904,32,1076,41,1799,11
2514,16,904,32,1076,41,1818,11
2514,16,904,32,1076,41,1873,11
2514,16,904,32,1076,41,1940,11
2514,16,904,32,1076,41,1956,11
2514,16,904,32,1076,41,1997,11
2514,16,904,32,1076,41,2068,11
2514,16,904,32,1076,41,2079,11
2514,16,904,32,1076,41,2123,11
2514,16,904,32,1076,41,2196,11
2514,16,904,32,1076,41,2206,11
2514,16,904,32,1076,41,2216,11
2514,16,904,32,1076,41,2244,11
2514,16,904,32,1076,41,2259,11
2514,16,904,32,1076,41,2261,11
2514,16,904,32,1076,41,2289,11
2514,16,904,32,1076,41,2359,11
2514,16,904,32,1076,41,2370,11
2514,16,904,32,1076,41,2405,11
2514,16,904,32,1290,22,457,11
2514,16,904,32,1290,22,700,11
2514,16,904,32,1290,22,927,11
2514,16,904,32,1290,22,1003,11
2514,16,904,32,1290,22,1153,11
2514,16,904,32,1290,22,1194,11
2514,16,904,32,1290,22,1568,11
2514,16,904,32,1290,22,1599,11
2514,16,904,32,1290,22,1818,11
2514,16,904,32,1290,22,1940,11
2514,16,904,32,1563,11,45,11
2514,16,904,32,1563,11,159,11
2514,16,904,32,1563,11,272,11
2514,16,904,32,1563,11,338,11
2514,16,904,32,1563,11,390,11
2514,16,904,32,1563,11,457,11
2514,16,904,32,1563,11,463,11
2514,16,904,32,1563,11,620,11
2514,16,904,32,1563,11,700,11
2514,16,904,32,1563,11,742,11
2514,16,904,32,1563,11,758,11
2514,16,904,32,1563,11,879,11
2514,16,904,32,1563,11,927,11
2514,16,904,32,1563,11,979,11
2514,16,904,32,1563,11,1003,11
2514,16,904,32,1563,11,1044,11
2514,16,904,32,1563,11,1068,11
2514,16,904,32,1563,11,1153,11
2514,16,904,32,1563,11,1186,11
2514,16,904,32,1563,11,1194,11
2514,16,904,32,1563,11,1259,11
2514,16,904,32,1563,11,1260,11
2514,16,904,32,1563,11,1312,11
2514,16,904,32,1563,11,1388,11
2514,16,904,32,1563,11,1391,11
2514,16,904,32,1563,11,1422,11
2514,16,904,32,1563,11,1556,11
2514,16,904,32,1563,11,1568,11
2514,16,904,32,1563,11,1599,11
2514,16,904,32,1563,11,1747,11
2514,16,904,32,1563,11,1773,11
2514,16,904,32,1563,11,1799,11
2514,16,904,32,1563,11,1818,11
2514,16,904,32,1563,11,1873,11
2514,16,904,32,1563,11,1940,11
2514,16,904,32,1563,11,1956,11
2514,16,904,32,1563,11,1997,11
2514,16,904,32,1563,11,2068,11
2514,16,904,32,1563,11,2079,11
2514,16,904,32,1563,11,2123,11
2514,16,904,32,1563,11,2196,11
2514,16,904,32,1563,11,2206,11
2514,16,904,32,1563,11,2216,11
2514,16,904,32,1563,11,2244,11
2514,16,904,32,1563,11,2259,11
2514,16,904,32,1563,11,2261,11
2514,16,904,32,1563,11,2289,11
2514,16,904,32,1563,11,2359,11
2514,16,904,32,1563,11,2370,11
2514,16,904,32,1563,11,2405,11
2514,16,904,32,1651,30,45,11
2514,16,904,32,1651,30,159,11
2514,16,904,32,1651,30,272,11
2514,16,904,32,1651,30,338,11
2514,16,904,32,1651,30,390,11
2514,16,904,32,1651,30,457,11
2514,16,904,32,1651,30,463,11
2514,16,904,32,1651,30,620,11
2514,16,904,32,1651,30,700,11
2514,16,904,32,1651,30,742,11
2514,16,904,32,1651,30,758,11
2514,16,904,32,1651,30,879,11
2514,16,904,32,1651,30,927,11
2514,16,904,32,1651,30,979,11
2514,16,904,32,1651,30,1003,11
2514,16,904,32,1651,30,1044,11
2514,16,904,32,1651,30,1068,11
2514,16,904,32,1651,30,1153,11
2514,16,904,32,1651,30,1186,11
2514,16,904,32,1651,30,1194,11
2514,16,904,32,1651,30,1259,11
2514,16,904,32,1651,30,1260,11
2514,16,904,32,1651,30,1312,11
2514,16,904,32,1651,30,1388,11
2514,16,904,32,1651,30,1391,11
2514,16,904,32,1651,30,1422,11
2514,16,904,32,1651,30,1556,11
2514,16,904,32,1651,30,1568,11
2514,16,904,32,1651,30,1599,11
2514,16,904,32,1651,30,1747,11
2514,16,904,32,1651,30,1773,11
2514,16,904,32,1651,30,1799,11
2514,16,904,32,1651,30,1818,11
2514,16,904,32,1651,30,1873,11
2514,16,904,32,1651,30,1940,11
2514,16,904,32,1651,30,1956,11
2514,16,904,32,1651,30,1997,11
2514,16,904,32,1651,30,2068,11
2514,16,904,32,1651,30,2079,11
2514,16,904,32,1651,30,2123,11
2514,16,904,32,1651,30,2196,11
2514,16,904,32,1651,30,2206,11
2514,16,904,32,1651,30,2216,11
2514,16,904,32,1651,30,2244,11
2514,16,904,32,1651,30,2259,11
2514,16,904,32,1651,30,2261,11
2514,16,904,32,1651,30,2289,11
2514,16,904,32,1651,30,2359,11
2514,16,904,32,1651,30,2370,11
2514,16,904,32,1651,30,2405,11
2514,16,904,32,1800,32,45,11
2514,16,904,32,1800,32,159,11
2514,16,904,32,1800,32,272,11
2514,16,904,32,1800,32,338,11
2514,16,904,32,1800,32,390,11
2514,16,904,32,1800,32,457,11
2514,16,904,32,1800,32,463,11
2514,16,904,32,1800,32,620,11
2514,16,904,32,1800,32,700,11
2514,16,904,32,1800,32,742,11
2514,16,904,32,1800,32,758,11
2514,16,904,32,1800,32,879,11
2514,16,904,32,1800,32,927,11
2514,16,904,32,1800,32,979,11
2514,16,904,32,1800,32,1003,11
2514,16,904,32,1800,32,1044,11
2514,16,904,32,1800,32,1068,11
2514,16,904,32,1800,32,1153,11
2514,16,904,32,1800,32,1186,11
2514,16,904,32,1800,32,1194,11
2514,16,904,32,1800,32,1259,11
2514,16,904,32,1800,32,1260,11
2514,16,904,32,1800,32,1312,11
2514,16,904,32,1800,32,1388,11
2514,16,904,32,1800,32,1391,11
2514,16,904,32,1800,32,1422,11
2514,16,904,32,1800,32,1556,11
2514,16,904,32,1800,32,1568,11
2514,16,904,32,1800,32,1599,11
2514,16,904,32,1800,32,1747,11
2514,16,904,32,1800,32,1773,11
2514,16,904,32,1800,32,1799,11
2514,16,904,32,1800,32,1818,11
2514,16,904,32,1800,32,1873,11
2514,16,904,32,1800,32,1940,11
2514,16,904,32,1800,32,1956,11
2514,16,904,32,1800,32,1997,11
2514,16,904,32,1800,32,2068,11
2514,16,904,32,1800,32,2079,11
2514,16,904,32,1800,32,2123,11
2514,16,904,32,1800,32,2196,11
2514,16,904,32,1800,32,2206,11
2514,16,904,32,1800,32,2216,11
2514,16,904,32,1800,32,2244,11
2514,16,904,32,1800,32,2259,11
2514,16,904,32,1800,32,2261,11
2514,16,904,32,1800,32,2289,11
2514,16,904,32,1800,32,2359,11
2514,16,904,32,1800,32,2370,11
2514,16,904,32,1800,32,2405,11
2514,16,904,32,1910,48,45,11
2514,16,904,32,1910,48,159,11
2514,16,904,32,1910,48,272,11
2514,16,904,32,1910,48,338,11
2514,16,904,32,1910,48,390,11
2514,16,904,32,1910,48,457,11
2514,16,904,32,1910,48,463,11
2514,16,904,32,1910,48,620,11
2514,16,904,32,1910,48,700,11
2514,16,904,32,1910,48,742,11
2514,16,904,32,1910,48,758,11
2514,16,904,32,1910,48,879,11
2514,16,904,32,1910,48,927,11
2514,16,904,32,1910,48,979,11
2514,16,904,32,1910,48,1003,11
2514,16,904,32,1910,48,1044,11
2514,16,904,32,1910,48,1068,11
2514,16,904,32,1910,48,1153,11
2514,16,904,32,1910,48,1186,11
2514,16,904,32,1910,48,1194,11
2514,16,904,32,1910,48,1259,11
2514,16,904,32,1910,48,1260,11
2514,16,904,32,1910,48,1312,11
2514,16,904,32,1910,48,1388,11
2514,16,904,32,1910,48,1391,11
2514,16,904,32,1910,48,1422,11
2514,16,904,32,1910,48,1556,11
2514,16,904,32,1910,48,1568,11
2514,16,904,32,1910,48,1599,11
2514,16,904,32,1910,48,1747,11
2514,16,904,32,1910,48,1773,11
2514,16,904,32,1910,48,1799,11
2514,16,904,32,1910,48,1818,11
2514,16,904,32,1910,48,1873,11
2514,16,904,32,1910,48,1940,11
2514,16,904,32,1910,48,1956,11
2514,16,904,32,1910,48,1997,11
2514,16,904,32,1910,48,2068,11
2514,16,904,32,1910,48,2079,11
2514,16,904,32,1910,48,2123,11
2514,16,904,32,1910,48,2196,11
2514,16,904,32,1910,48,2206,11
2514,16,904,32,1910,48,2216,11
2514,16,904,32,1910,48,2244,11
2514,16,904,32,1910,48,2259,11
2514,16,904,32,1910,48,2261,11
2514,16,904,32,1910,48,2289,11
2514,16,904,32,1910,48,2359,11
2514,16,904,32,1910,48,2370,11
2514,16,904,32,1910,48,2405,11
