2514,16,533,30,96,48,159,11
2514,16,533,30,96,48,272,11
2514,16,533,30,96,48,338,11
2514,16,533,30,96,48,457,11
2514,16,533,30,96,48,463,11
2514,16,533,30,96,48,700,11
2514,16,533,30,96,48,742,11
2514,16,533,30,96,48,758,11
2514,16,533,30,96,48,879,11
2514,16,533,30,96,48,927,11
2514,16,533,30,96,48,1003,11
2514,16,533,30,96,48,1044,11
2514,16,533,30,96,48,1068,11
2514,16,533,30,96,48,1153,11
2514,16,533,30,96,48,1186,11
2514,16,533,30,96,48,1194,11
2514,16,533,30,96,48,1259,11
2514,16,533,30,96,48,1260,11
2514,16,533,30,96,48,1312,11
2514,16,533,30,96,48,1388,11
2514,16,533,30,96,48,1391,11
2514,16,533,30,96,48,1422,11
2514,16,533,30,96,48,1556,11
2514,16,533,30,96,48,1568,11
2514,16,533,30,96,48,1599,11
2514,16,533,30,96,48,1747,11
2514,16,533,30,96,48,1773,11
2514,16,533,30,96,48,1818,11
2514,16,533,30,96,48,1873,11
2514,16,533,30,96,48,1940,11
2514,16,533,30,96,48,1997,11
2514,16,533,30,96,48,2068,11
2514,16,533,30,96,48,2079,11
2514,16,533,30,96,48,2123,11
2514,16,533,30,96,48,2196,11
2514,16,533,30,96,48,2216,11
2514,16,533,30,96,48,2259,11
2514,16,533,30,96,48,2289,11
2514,16,533,30,96,48,2370,11
2514,16,533,30,96,48,2405,11
2514,16,533,30,270,48,45,11
2514,16,533,30,270,48,159,11
2514,16,533,30,270,48,272,11
2514,16,533,30,270,48,338,11
2514,16,533,30,270,48,390,11
2514,16,533,30,270,48,457,11
2514,16,533,30,270,48,463,11
2514,16,533,30,270,48,620,11
2514,16,533,30,270,48,700,11
2514,16,533,30,270,48,742,11
2514,16,533,30,270,48,758,11
2514,16,533,30,270,48,879,11
2514,16,533,30,270,48,927,11
2514,16,533,30,270,48,979,11
2514,16,533,30,270,48,1003,11
2514,16,533,30,270,48,1044,11
2514,16,533,30,270,48,1068,11
2514,16,533,30,270,48,1153,11
2514,16,533,30,270,48,1186,11
2514,16,533,30,270,48,1194,11
2514,16,533,30,270,48,1259,11
2514,16,533,30,270,48,1260,11
2514,16,533,30,270,48,1312,11
2514,16,533,30,270,48,1388,11
2514,16,533,30,270,48,1391,11
2514,16,533,30,270,48,1422,11
2514,16,533,30,270,48,1556,11
2514,16,533,30,270,48,1568,11
2514,16,533,30,270,48,1599,11
2514,16,533,30,270,48,1747,11
2514,16,533,30,270,48,1773,11
2514,16,533,30,270,48,1799,11
2514,16,533,30,270,48,1818,11
2514,16,533,30,270,48,1873,11
2514,16,533,30,270,48,1940,11
2514,16,533,30,270,48,1956,11
2514,16,533,30,270,48,1997,11
2514,16,533,30,270,48,2068,11
2514,16,533,30,270,48,2079,11
2514,16,533,30,270,48,2123,11
2514,16,533,30,270,48,2196,11
2514,16,533,30,270,48,2206,11
2514,16,533,30,270,48,2216,11
2514,16,533,30,270,48,2244,11
2514,16,533,30,270,48,2259,11
2514,16,533,30,270,48,2261,11
2514,16,533,30,270,48,2289,11
2514,16,533,30,270,48,2359,11
2514,16,533,30,270,48,2370,11
2514,16,533,30,270,48,2405,11
2514,16,533,30,352,25,45,11
2514,16,533,30,352,25,159,11
2514,16,533,30,352,25,272,11
2514,16,533,30,352,25,338,11
2514,16,533,30,352,25,390,11
2514,16,533,30,352,25,457,11
2514,16,533,30,352,25,463,11
2514,16,533,30,352,25,620,11
2514,16,533,30,352,25,700,11
2514,16,533,30,352,25,742,11
2514,16,533,30,352,25,758,11
2514,16,533,30,352,25,879,11
2514,16,533,30,352,25,927,11
2514,16,533,30,352,25,979,11
2514,16,533,30,352,25,1003,11
2514,16,533,30,352,25,1044,11
2514,16,533,30,352,25,1068,11
2514,16,533,30,352,25,1153,11
2514,16,533,30,352,25,1186,11
2514,16,533,30,352,25,1194,11
2514,16,533,30,352,25,1259,11
2514,16,533,30,352,25,1260,11
2514,16,533,30,352,25,1312,11
2514,16,533,30,352,25,1388,11
2514,16,533,30,352,25,1391,11
2514,16,533,30,352,25,1422,11
2514,16,533,30,352,25,1556,11
2514,16,533,30,352,25,1568,11
2514,16,533,30,352,25,1599,11
2514,16,533,30,352,25,1747,11
2514,16,533,30,352,25,1773,11
2514,16,533,30,352,25,1799,11
2514,16,533,30,352,25,1818,11
2514,16,533,30,352,25,1873,11
2514,16,533,30,352,25,1940,11
2514,16,533,30,352,25,1956,11
2514,16,533,30,352,25,1997,11
2514,16,533,30,352,25,2068,11
2514,16,533,30,352,25,2079,11
2514,16,533,30,352,25,2123,11
2514,16,533,30,352,25,2196,11
2514,16,533,30,352,25,2206,11
2514,16,533,30,352,25,2216,11
2514,16,533,30,352,25,2244,11
2514,16,533,30,352,25,2259,11
2514,16,533,30,352,25,2261,11
2514,16,533,30,352,25,2289,11
2514,16,533,30,352,25,2359,11
2514,16,533,30,352,25,2370,11
2514,16,533,30,352,25,2405,11
2514,16,533,30,465,50,45,11
2514,16,533,30,465,50,159,11
2514,16,533,30,465,50,272,11
2514,16,533,30,465,50,338,11
2514,16,533,30,465,50,390,11
2514,16,533,30,465,50,457,11
2514,16,533,30,465,50,463,11
2514,16,533,30,465,50,620,11
2514,16,533,30,465,50,700,11
2514,16,533,30,465,50,742,11
2514,16,533,30,465,50,758,11
2514,16,533,30,465,50,879,11
2514,16,533,30,465,50,927,11
2514,16,533,30,465,50,979,11
2514,16,533,30,465,50,1003,11
2514,16,533,30,465,50,1044,11
2514,16,533,30,465,50,1068,11
2514,16,533,30,465,50,1153,11
2514,16,533,30,465,50,1186,11
2514,16,533,30,465,50,1194,11
2514,16,533,30,465,50,1259,11
2514,16,533,30,465,50,1260,11
2514,16,533,30,465,50,1312,11
2514,16,533,30,465,50,1388,11
2514,16,533,30,465,50,1391,11
2514,16,533,30,465,50,1422,11
2514,16,533,30,465,50,1556,11
2514,16,533,30,465,50,1568,11
2514,16,533,30,465,50,1599,11
2514,16,533,30,465,50,1747,11
2514,16,533,30,465,50,1773,11
2514,16,533,30,465,50,1799,11
2514,16,533,30,465,50,1818,11
2514,16,533,30,465,50,1873,11
2514,16,533,30,465,50,1940,11
2514,16,533,30,465,50,1956,11
2514,16,533,30,465,50,1997,11
2514,16,533,30,465,50,2068,11
2514,16,533,30,465,50,2079,11
2514,16,533,30,465,50,2123,11
2514,16,533,30,465,50,2196,11
2514,16,533,30,465,50,2206,11
2514,16,533,30,465,50,2216,11
2514,16,533,30,465,50,2244,11
2514,16,533,30,465,50,2259,11
2514,16,533,30,465,50,2261,11
2514,16,533,30,465,50,2289,11
2514,16,533,30,465,50,2359,11
2514,16,533,30,465,50,2370,11
2514,16,533,30,465,50,2405,11
2514,16,533,30,542,27,45,11
2514,16,533,30,542,27,159,11
2514,16,533,30,542,27,272,11
2514,16,533,30,542,27,338,11
2514,16,533,30,542,27,390,11
2514,16,533,30,542,27,457,11
2514,16,533,30,542,27,463,11
2514,16,533,30,542,27,620,11
2514,16,533,30,542,27,700,11
2514,16,533,30,542,27,742,11
2514,16,533,30,542,27,758,11
2514,16,533,30,542,27,879,11
2514,16,533,30,542,27,927,11
2514,16,533,30,542,27,979,11
2514,16,533,30,542,27,1003,11
2514,16,533,30,542,27,1044,11
2514,16,533,30,542,27,1068,11
2514,16,533,30,542,27,1153,11
2514,16,533,30,542,27,1186,11
2514,16,533,30,542,27,1194,11
2514,16,533,30,542,27,1259,11
2514,16,533,30,542,27,1260,11
2514,16,533,30,542,27,1312,11
2514,16,533,30,542,27,1388,11
2514,16,533,30,542,27,1391,11
2514,16,533,30,542,27,1422,11
2514,16,533,30,542,27,1556,11
2514,16,533,30,542,27,1568,11
2514,16,533,30,542,27,1599,11
2514,16,533,30,542,27,1747,11
2514,16,533,30,542,27,1773,11
2514,16,533,30,542,27,1799,11
2514,16,533,30,542,27,1818,11
2514,16,533,30,542,27,1873,11
2514,16,533,30,542,27,1940,11
2514,16,533,30,542,27,1956,11
2514,16,533,30,542,27,1997,11
2514,16,533,30,542,27,2068,11
2514,16,533,30,542,27,2079,11
2514,16,533,30,542,27,2123,11
2514,16,533,30,542,27,2196,11
2514,16,533,30,542,27,2206,11
2514,16,533,30,542,27,2216,11
2514,16,533,30,542,27,2244,11
2514,16,533,30,542,27,2259,11
2514,16,533,30,542,27,2261,11
2514,16,533,30,542,27,2289,11
2514,16,533,30,542,27,2359,11
2514,16,533,30,542,27,2370,11
2514,16,533,30,542,27,2405,11
2514,16,533,30,680,33,45,11
2514,16,533,30,680,33,159,11
2514,16,533,30,680,33,272,11
2514,16,533,30,680,33,338,11
2514,16,533,30,680,33,390,11
2514,16,533,30,680,33,457,11
2514,16,533,30,680,33,463,11
2514,16,533,30,680,33,620,11
2514,16,533,30,680,33,700,11
2514,16,533,30,680,33,742,11
2514,16,533,30,680,33,758,11
2514,16,533,30,680,33,879,11
2514,16,533,30,680,33,927,11
2514,16,533,30,680,33,979,11
2514,16,533,30,680,33,1003,11
2514,16,533,30,680,33,1044,11
2514,16,533,30,680,33,1068,11
2514,16,533,30,680,33,1153,11
2514,16,533,30,680,33,1186,11
2514,16,533,30,680,33,1194,11
2514,16,533,30,680,33,1259,11
2514,16,533,30,680,33,1260,11
2514,16,533,30,680,33,1312,11
2514,16,533,30,680,33,1388,11
2514,16,533,30,680,33,1391,11
2514,16,533,30,680,33,1422,11
2514,16,533,30,680,33,1556,11
2514,16,533,30,680,33,1568,11
2514,16,533,30,680,33,1599,11
2514,16,533,30,680,33,1747,11
2514,16,533,30,680,33,1773,11
2514,16,533,30,680,33,1799,11
2514,16,533,30,680,33,1818,11
2514,16,533,30,680,33,1873,11
2514,16,533,30,680,33,1940,11
2514,16,533,30,680,33,1956,11
2514,16,533,30,680,33,1997,11
2514,16,533,30,680,33,2068,11
2514,16,533,30,680,33,2079,11
2514,16,533,30,680,33,2123,11
2514,16,533,30,680,33,2196,11
2514,16,533,30,680,33,2206,11
2514,16,533,30,680,33,2216,11
2514,16,533,30,680,33,2244,11
2514,16,533,30,680,33,2259,11
2514,16,533,30,680,33,2261,11
2514,16,533,30,680,33,2289,11
2514,16,533,30,680,33,2359,11
2514,16,533,30,680,33,2370,11
2514,16,533,30,680,33,2405,11
2514,16,533,30,712,13,45,11
2514,16,533,30,712,13,159,11
2514,16,533,30,712,13,272,11
2514,16,533,30,712,13,338,11
2514,16,533,30,712,13,390,11
2514,16,533,30,712,13,457,11
2514,16,533,30,712,13,463,11
2514,16,533,30,712,13,620,11
2514,16,533,30,712,13,700,11
2514,16,533,30,712,13,742,11
2514,16,533,30,712,13,758,11
2514,16,533,30,712,13,879,11
2514,16,533,30,712,13,927,11
2514,16,533,30,712,13,979,11
2514,16,533,30,712,13,1003,11
2514,16,533,30,712,13,1044,11
2514,16,533,30,712,13,1068,11
2514,16,533,30,712,13,1153,11
2514,16,533,30,712,13,1186,11
2514,16,533,30,712,13,1194,11
2514,16,533,30,712,13,1259,11
2514,16,533,30,712,13,1260,11
2514,16,533,30,712,13,1312,11
2514,16,533,30,712,13,1388,11
2514,16,533,30,712,13,1391,11
2514,16,533,30,712,13,1422,11
2514,16,533,30,712,13,1556,11
2514,16,533,30,712,13,1568,11
2514,16,533,30,712,13,1599,11
2514,16,533,30,712,13,1747,11
2514,16,533,30,712,13,1773,11
2514,16,533,30,712,13,1799,11
2514,16,533,30,712,13,1818,11
2514,16,533,30,712,13,1873,11
2514,16,533,30,712,13,1940,11
2514,16,533,30,712,13,1956,11
2514,16,533,30,712,13,1997,11
2514,16,533,30,712,13,2068,11
2514,16,533,30,712,13,2079,11
2514,16,533,30,712,13,2123,11
2514,16,533,30,712,13,2196,11
2514,16,533,30,712,13,2206,11
2514,16,533,30,712,13,2216,11
2514,16,533,30,712,13,2244,11
2514,16,533,30,712,13,2259,11
2514,16,533,30,712,13,2261,11
2514,16,533,30,712,13,2289,11
2514,16,533,30,712,13,2359,11
2514,16,533,30,712,13,2370,11
2514,16,533,30,712,13,2405,11
2514,16,533,30,736,36,45,11
2514,16,533,30,736,36,159,11
2514,16,533,30,736,36,272,11
2514,16,533,30,736,36,338,11
2514,16,533,30,736,36,390,11
2514,16,533,30,736,36,457,11
2514,16,533,30,736,36,463,11
2514,16,533,30,736,36,620,11
2514,16,533,30,736,36,700,11
2514,16,533,30,736,36,742,11
2514,16,533,30,736,36,758,11
2514,16,533,30,736,36,879,11
2514,16,533,30,736,36,927,11
2514,16,533,30,736,36,979,11
2514,16,533,30,736,36,1003,11
2514,16,533,30,736,36,1044,11
2514,16,533,30,736,36,1068,11
2514,16,533,30,736,36,1153,11
2514,16,533,30,736,36,1186,11
2514,16,533,30,736,36,1194,11
2514,16,533,30,736,36,1259,11
2514,16,533,30,736,36,1260,11
2514,16,533,30,736,36,1312,11
2514,16,533,30,736,36,1388,11
2514,16,533,30,736,36,1391,11
2514,16,533,30,736,36,1422,11
2514,16,533,30,736,36,1556,11
2514,16,533,30,736,36,1568,11
2514,16,533,30,736,36,1599,11
2514,16,533,30,736,36,1747,11
2514,16,533,30,736,36,1773,11
2514,16,533,30,736,36,1799,11
2514,16,533,30,736,36,1818,11
2514,16,533,30,736,36,1873,11
2514,16,533,30,736,36,1940,11
2514,16,533,30,736,36,1956,11
2514,16,533,30,736,36,1997,11
2514,16,533,30,736,36,2068,11
2514,16,533,30,736,36,2079,11
2514,16,533,30,736,36,2123,11
2514,16,533,30,736,36,2196,11
2514,16,533,30,736,36,2206,11
2514,16,533,30,736,36,2216,11
2514,16,533,30,736,36,2244,11
2514,16,533,30,736,36,2259,11
2514,16,533,30,736,36,2261,11
2514,16,533,30,736,36,2289,11
2514,16,533,30,736,36,2359,11
2514,16,533,30,736,36,2370,11
2514,16,533,30,736,36,2405,11
2514,16,533,30,931,49,45,11
2514,16,533,30,931,49,159,11
2514,16,533,30,931,49,272,11
2514,16,533,30,931,49,338,11
2514,16,533,30,931,49,390,11
2514,16,533,30,931,49,457,11
2514,16,533,30,931,49,463,11
2514,16,533,30,931,49,620,11
2514,16,533,30,931,49,700,11
2514,16,533,30,931,49,742,11
2514,16,533,30,931,49,758,11
2514,16,533,30,931,49,879,11
2514,16,533,30,931,49,927,11
2514,16,533,30,931,49,979,11
2514,16,533,30,931,49,1003,11
2514,16,533,30,931,49,1044,11
2514,16,533,30,931,49,1068,11
2514,16,533,30,931,49,1153,11
2514,16,533,30,931,49,1186,11
2514,16,533,30,931,49,1194,11
2514,16,533,30,931,49,1259,11
2514,16,533,30,931,49,1260,11
2514,16,533,30,931,49,1312,11
2514,16,533,30,931,49,1388,11
2514,16,533,30,931,49,1391,11
2514,16,533,30,931,49,1422,11
2514,16,533,30,931,49,1556,11
2514,16,533,30,931,49,1568,11
2514,16,533,30,931,49,1599,11
2514,16,533,30,931,49,1747,11
2514,16,533,30,931,49,1773,11
2514,16,533,30,931,49,1799,11
2514,16,533,30,931,49,1818,11
2514,16,533,30,931,49,1873,11
2514,16,533,30,931,49,1940,11
2514,16,533,30,931,49,1956,11
2514,16,533,30,931,49,1997,11
2514,16,533,30,931,49,2068,11
2514,16,533,30,931,49,2079,11
2514,16,533,30,931,49,2123,11
2514,16,533,30,931,49,2196,11
2514,16,533,30,931,49,2206,11
2514,16,533,30,931,49,2216,11
2514,16,533,30,931,49,2244,11
2514,16,533,30,931,49,2259,11
2514,16,533,30,931,49,2261,11
2514,16,533,30,931,49,2289,11
2514,16,533,30,931,49,2359,11
2514,16,533,30,931,49,2370,11
2514,16,533,30,931,49,2405,11
2514,16,533,30,1009,36,45,11
2514,16,533,30,1009,36,159,11
2514,16,533,30,1009,36,272,11
2514,16,533,30,1009,36,338,11
2514,16,533,30,1009,36,390,11
2514,16,533,30,1009,36,457,11
2514,16,533,30,1009,36,463,11
2514,16,533,30,1009,36,620,11
2514,16,533,30,1009,36,700,11
2514,16,533,30,1009,36,742,11
2514,16,533,30,1009,36,758,11
2514,16,533,30,1009,36,879,11
2514,16,533,30,1009,36,927,11
2514,16,533,30,1009,36,979,11
2514,16,533,30,1009,36,1003,11
2514,16,533,30,1009,36,1044,11
2514,16,533,30,1009,36,1068,11
2514,16,533,30,1009,36,1153,11
2514,16,533,30,1009,36,1186,11
2514,16,533,30,1009,36,1194,11
2514,16,533,30,1009,36,1259,11
2514,16,533,30,1009,36,1260,11
2514,16,533,30,1009,36,1312,11
2514,16,533,30,1009,36,1388,11
2514,16,533,30,1009,36,1391,11
2514,16,533,30,1009,36,1422,11
2514,16,533,30,1009,36,1556,11
2514,16,533,30,1009,36,1568,11
2514,16,533,30,1009,36,1599,11
2514,16,533,30,1009,36,1747,11
2514,16,533,30,1009,36,1773,11
2514,16,533,30,1009,36,1799,11
2514,16,533,30,1009,36,1818,11
2514,16,533,30,1009,36,1873,11
2514,16,533,30,1009,36,1940,11
2514,16,533,30,1009,36,1956,11
2514,16,533,30,1009,36,1997,11
2514,16,533,30,1009,36,2068,11
2514,16,533,30,1009,36,2079,11
2514,16,533,30,1009,36,2123,11
2514,16,533,30,1009,36,2196,11
2514,16,533,30,1009,36,2206,11
2514,16,533,30,1009,36,2216,11
2514,16,533,30,1009,36,2244,11
2514,16,533,30,1009,36,2259,11
2514,16,533,30,1009,36,2261,11
2514,16,533,30,1009,36,2289,11
2514,16,533,30,1009,36,2359,11
2514,16,533,30,1009,36,2370,11
2514,16,533,30,1009,36,2405,11
2514,16,533,30,1272,26,45,11
2514,16,533,30,1272,26,159,11
2514,16,533,30,1272,26,272,11
2514,16,533,30,1272,26,338,11
2514,16,533,30,1272,26,390,11
2514,16,533,30,1272,26,457,11
2514,16,533,30,1272,26,463,11
2514,16,533,30,1272,26,620,11
2514,16,533,30,1272,26,700,11
2514,16,533,30,1272,26,742,11
2514,16,533,30,1272,26,758,11
2514,16,533,30,1272,26,879,11
2514,16,533,30,1272,26,927,11
2514,16,533,30,1272,26,979,11
2514,16,533,30,1272,26,1003,11
2514,16,533,30,1272,26,1044,11
2514,16,533,30,1272,26,1068,11
2514,16,533,30,1272,26,1153,11
2514,16,533,30,1272,26,1186,11
2514,16,533,30,1272,26,1194,11
2514,16,533,30,1272,26,1259,11
2514,16,533,30,1272,26,1260,11
2514,16,533,30,1272,26,1312,11
2514,16,533,30,1272,26,1388,11
2514,16,533,30,1272,26,1391,11
2514,16,533,30,1272,26,1422,11
2514,16,533,30,1272,26,1556,11
2514,16,533,30,1272,26,1568,11
2514,16,533,30,1272,26,1599,11
2514,16,533,30,1272,26,1747,11
2514,16,533,30,1272,26,1773,11
2514,16,533,30,1272,26,1799,11
2514,16,533,30,1272,26,1818,11
2514,16,533,30,1272,26,1873,11
2514,16,533,30,1272,26,1940,11
2514,16,533,30,1272,26,1956,11
2514,16,533,30,1272,26,1997,11
2514,16,533,30,1272,26,2068,11
2514,16,533,30,1272,26,2079,11
2514,16,533,30,1272,26,2123,11
2514,16,533,30,1272,26,2196,11
2514,16,533,30,1272,26,2206,11
2514,16,533,30,1272,26,2216,11
2514,16,533,30,1272,26,2244,11
2514,16,533,30,1272,26,2259,11
2514,16,533,30,1272,26,2261,11
2514,16,533,30,1272,26,2289,11
2514,16,533,30,1272,26,2359,11
2514,16,533,30,1272,26,2370,11
2514,16,533,30,1272,26,2405,11
2514,16,533,30,1604,15,45,11
2514,16,533,30,1604,15,159,11
2514,16,533,30,1604,15,272,11
2514,16,533,30,1604,15,338,11
2514,16,533,30,1604,15,390,11
2514,16,533,30,1604,15,457,11
2514,16,533,30,1604,15,463,11
2514,16,533,30,1604,15,620,11
2514,16,533,30,1604,15,700,11
2514,16,533,30,1604,15,742,11
2514,16,533,30,1604,15,758,11
2514,16,533,30,1604,15,879,11
2514,16,533,30,1604,15,927,11
2514,16,533,30,1604,15,979,11
2514,16,533,30,1604,15,1003,11
2514,16,533,30,1604,15,1044,11
2514,16,533,30,1604,15,1068,11
2514,16,533,30,1604,15,1153,11
2514,16,533,30,1604,15,1186,11
2514,16,533,30,1604,15,1194,11
2514,16,533,30,1604,15,1259,11
2514,16,533,30,1604,15,1260,11
2514,16,533,30,1604,15,1312,11
2514,16,533,30,1604,15,1388,11
2514,16,533,30,1604,15,1391,11
2514,16,533,30,1604,15,1422,11
2514,16,533,30,1604,15,1556,11
2514,16,533,30,1604,15,1568,11
2514,16,533,30,1604,15,1599,11
2514,16,533,30,1604,15,1747,11
2514,16,533,30,1604,15,1773,11
2514,16,533,30,1604,15,1799,11
2514,16,533,30,1604,15,1818,11
2514,16,533,30,1604,15,1873,11
2514,16,533,30,1604,15,1940,11
2514,16,533,30,1604,15,1956,11
2514,16,533,30,1604,15,1997,11
2514,16,533,30,1604,15,2068,11
2514,16,533,30,1604,15,2079,11
2514,16,533,30,1604,15,2123,11
2514,16,533,30,1604,15,2196,11
2514,16,533,30,1604,15,2206,11
2514,16,533,30,1604,15,2216,11
2514,16,533,30,1604,15,2244,11
2514,16,533,30,1604,15,2259,11
2514,16,533,30,1604,15,2261,11
2514,16,533,30,1604,15,2289,11
2514,16,533,30,1604,15,2359,11
2514,16,533,30,1604,15,2370,11
2514,16,533,30,1604,15,2405,11
2514,16,533,30,1991,32,45,11
2514,16,533,30,1991,32,159,11
2514,16,533,30,1991,32,272,11
2514,16,533,30,1991,32,338,11
2514,16,533,30,1991,32,390,11
2514,16,533,30,1991,32,457,11
2514,16,533,30,1991,32,463,11
2514,16,533,30,1991,32,620,11
2514,16,533,30,1991,32,700,11
2514,16,533,30,1991,32,742,11
2514,16,533,30,1991,32,758,11
2514,16,533,30,1991,32,879,11
2514,16,533,30,1991,32,927,11
2514,16,533,30,1991,32,979,11
2514,16,533,30,1991,32,1003,11
2514,16,533,30,1991,32,1044,11
2514,16,533,30,1991,32,1068,11
2514,16,533,30,1991,32,1153,11
2514,16,533,30,1991,32,1186,11
2514,16,533,30,1991,32,1194,11
2514,16,533,30,1991,32,1259,11
2514,16,533,30,1991,32,1260,11
2514,16,533,30,1991,32,1312,11
2514,16,533,30,1991,32,1388,11
2514,16,533,30,1991,32,1391,11
2514,16,533,30,1991,32,1422,11
2514,16,533,30,1991,32,1556,11
2514,16,533,30,1991,32,1568,11
2514,16,533,30,1991,32,1599,11
2514,16,533,30,1991,32,1747,11
2514,16,533,30,1991,32,1773,11
2514,16,533,30,1991,32,1799,11
2514,16,533,30,1991,32,1818,11
2514,16,533,30,1991,32,1873,11
2514,16,533,30,1991,32,1940,11
2514,16,533,30,1991,32,1956,11
2514,16,533,30,1991,32,1997,11
2514,16,533,30,1991,32,2068,11
2514,16,533,30,1991,32,2079,11
2514,16,533,30,1991,32,2123,11
2514,16,533,30,1991,32,2196,11
2514,16,533,30,1991,32,2206,11
2514,16,533,30,1991,32,2216,11
2514,16,533,30,1991,32,2244,11
2514,16,533,30,1991,32,2259,11
2514,16,533,30,1991,32,2261,11
2514,16,533,30,1991,32,2289,11
2514,16,533,30,1991,32,2359,11
2514,16,533,30,1991,32,2370,11
2514,16,533,30,1991,32,2405,11
