2514,16,994,44,160,38,45,11
2514,16,994,44,160,38,390,11
2514,16,994,44,160,38,620,11
2514,16,994,44,160,38,979,11
2514,16,994,44,160,38,1799,11
2514,16,994,44,160,38,1956,11
2514,16,994,44,160,38,2206,11
2514,16,994,44,160,38,2244,11
2514,16,994,44,160,38,2261,11
2514,16,994,44,160,38,2359,11
2514,16,994,44,254,32,45,11
2514,16,994,44,254,32,159,11
2514,16,994,44,254,32,272,11
2514,16,994,44,254,32,338,11
2514,16,994,44,254,32,390,11
2514,16,994,44,254,32,457,11
2514,16,994,44,254,32,463,11
2514,16,994,44,254,32,620,11
2514,16,994,44,254,32,700,11
2514,16,994,44,254,32,742,11
2514,16,994,44,254,32,758,11
2514,16,994,44,254,32,879,11
2514,16,994,44,254,32,927,11
2514,16,994,44,254,32,979,11
2514,16,994,44,254,32,1003,11
2514,16,994,44,254,32,1044,11
2514,16,994,44,254,32,1068,11
2514,16,994,44,254,32,1153,11
2514,16,994,44,254,32,1186,11
2514,16,994,44,254,32,1194,11
2514,16,994,44,254,32,1259,11
2514,16,994,44,254,32,1260,11
2514,16,994,44,254,32,1312,11
2514,16,994,44,254,32,1388,11
2514,16,994,44,254,32,1391,11
2514,16,994,44,254,32,1422,11
2514,16,994,44,254,32,1556,11
2514,16,994,44,254,32,1568,11
2514,16,994,44,254,32,1599,11
2514,16,994,44,254,32,1747,11
2514,16,994,44,254,32,1773,11
2514,16,994,44,254,32,1799,11
2514,16,994,44,254,32,1818,11
2514,16,994,44,254,32,1873,11
2514,16,994,44,254,32,1940,11
2514,16,994,44,254,32,1956,11
2514,16,994,44,254,32,1997,11
2514,16,994,44,254,32,2068,11
2514,16,994,44,254,32,2079,11
2514,16,994,44,254,32,2123,11
2514,16,994,44,254,32,2196,11
2514,16,994,44,254,32,2206,11
2514,16,994,44,254,32,2216,11
2514,16,994,44,254,32,2244,11
2514,16,994,44,254,32,2259,11
2514,16,994,44,254,32,2261,11
2514,16,994,44,254,32,2289,11
2514,16,994,44,254,32,2359,11
2514,16,994,44,254,32,2370,11
2514,16,994,44,254,32,2405,11
2514,16,994,44,456,42,45,11
2514,16,994,44,456,42,159,11
2514,16,994,44,456,42,272,11
2514,16,994,44,456,42,338,11
2514,16,994,44,456,42,390,11
2514,16,994,44,456,42,457,11
2514,16,994,44,456,42,463,11
2514,16,994,44,456,42,620,11
2514,16,994,44,456,42,700,11
2514,16,994,44,456,42,742,11
2514,16,994,44,456,42,758,11
2514,16,994,44,456,42,879,11
2514,16,994,44,456,42,927,11
2514,16,994,44,456,42,979,11
2514,16,994,44,456,42,1003,11
2514,16,994,44,456,42,1044,11
2514,16,994,44,456,42,1068,11
2514,16,994,44,456,42,1153,11
2514,16,994,44,456,42,1186,11
2514,16,994,44,456,42,1194,11
2514,16,994,44,456,42,1259,11
2514,16,994,44,456,42,1260,11
2514,16,994,44,456,42,1312,11
2514,16,994,44,456,42,1388,11
2514,16,994,44,456,42,1391,11
2514,16,994,44,456,42,1422,11
2514,16,994,44,456,42,1556,11
2514,16,994,44,456,42,1568,11
2514,16,994,44,456,42,1599,11
2514,16,994,44,456,42,1747,11
2514,16,994,44,456,42,1773,11
2514,16,994,44,456,42,1799,11
2514,16,994,44,456,42,1818,11
2514,16,994,44,456,42,1873,11
2514,16,994,44,456,42,1940,11
2514,16,994,44,456,42,1956,11
2514,16,994,44,456,42,1997,11
2514,16,994,44,456,42,2068,11
2514,16,994,44,456,42,2079,11
2514,16,994,44,456,42,2123,11
2514,16,994,44,456,42,2196,11
2514,16,994,44,456,42,2206,11
2514,16,994,44,456,42,2216,11
2514,16,994,44,456,42,2244,11
2514,16,994,44,456,42,2259,11
2514,16,994,44,456,42,2261,11
2514,16,994,44,456,42,2289,11
2514,16,994,44,456,42,2359,11
2514,16,994,44,456,42,2370,11
2514,16,994,44,456,42,2405,11
2514,16,994,44,731,25,45,11
2514,16,994,44,731,25,159,11
2514,16,994,44,731,25,272,11
2514,16,994,44,731,25,338,11
2514,16,994,44,731,25,390,11
2514,16,994,44,731,25,457,11
2514,16,994,44,731,25,463,11
2514,16,994,44,731,25,620,11
2514,16,994,44,731,25,700,11
2514,16,994,44,731,25,742,11
2514,16,994,44,731,25,758,11
2514,16,994,44,731,25,879,11
2514,16,994,44,731,25,927,11
2514,16,994,44,731,25,979,11
2514,16,994,44,731,25,1003,11
2514,16,994,44,731,25,1044,11
2514,16,994,44,731,25,1068,11
2514,16,994,44,731,25,1153,11
2514,16,994,44,731,25,1186,11
2514,16,994,44,731,25,1194,11
2514,16,994,44,731,25,1259,11
2514,16,994,44,731,25,1260,11
2514,16,994,44,731,25,1312,11
2514,16,994,44,731,25,1388,11
2514,16,994,44,731,25,1391,11
2514,16,994,44,731,25,1422,11
2514,16,994,44,731,25,1556,11
2514,16,994,44,731,25,1568,11
2514,16,994,44,731,25,1599,11
2514,16,994,44,731,25,1747,11
2514,16,994,44,731,25,1773,11
2514,16,994,44,731,25,1799,11
2514,16,994,44,731,25,1818,11
2514,16,994,44,731,25,1873,11
2514,16,994,44,731,25,1940,11
2514,16,994,44,731,25,1956,11
2514,16,994,44,731,25,1997,11
2514,16,994,44,731,25,2068,11
2514,16,994,44,731,25,2079,11
2514,16,994,44,731,25,2123,11
2514,16,994,44,731,25,2196,11
2514,16,994,44,731,25,2206,11
2514,16,994,44,731,25,2216,11
2514,16,994,44,731,25,2244,11
2514,16,994,44,731,25,2259,11
2514,16,994,44,731,25,2261,11
2514,16,994,44,731,25,2289,11
2514,16,994,44,731,25,2359,11
2514,16,994,44,731,25,2370,11
2514,16,994,44,731,25,2405,11
2514,16,994,44,1047,34,45,11
2514,16,994,44,1047,34,159,11
2514,16,994,44,1047,34,272,11
2514,16,994,44,1047,34,338,11
2514,16,994,44,1047,34,390,11
2514,16,994,44,1047,34,457,11
2514,16,994,44,1047,34,463,11
2514,16,994,44,1047,34,620,11
2514,16,994,44,1047,34,700,11
2514,16,994,44,1047,34,742,11
2514,16,994,44,1047,34,758,11
2514,16,994,44,1047,34,879,11
2514,16,994,44,1047,34,927,11
2514,16,994,44,1047,34,979,11
2514,16,994,44,1047,34,1003,11
2514,16,994,44,1047,34,1044,11
2514,16,994,44,1047,34,1068,11
2514,16,994,44,1047,34,1153,11
2514,16,994,44,1047,34,1186,11
2514,16,994,44,1047,34,1194,11
2514,16,994,44,1047,34,1259,11
2514,16,994,44,1047,34,1260,11
2514,16,994,44,1047,34,1312,11
2514,16,994,44,1047,34,1388,11
2514,16,994,44,1047,34,1391,11
2514,16,994,44,1047,34,1422,11
2514,16,994,44,1047,34,1556,11
2514,16,994,44,1047,34,1568,11
2514,16,994,44,1047,34,1599,11
2514,16,994,44,1047,34,1747,11
2514,16,994,44,1047,34,1773,11
2514,16,994,44,1047,34,1799,11
2514,16,994,44,1047,34,1818,11
2514,16,994,44,1047,34,1873,11
2514,16,994,44,1047,34,1940,11
2514,16,994,44,1047,34,1956,11
2514,16,994,44,1047,34,1997,11
2514,16,994,44,1047,34,2068,11
2514,16,994,44,1047,34,2079,11
2514,16,994,44,1047,34,2123,11
2514,16,994,44,1047,34,2196,11
2514,16,994,44,1047,34,2206,11
2514,16,994,44,1047,34,2216,11
2514,16,994,44,1047,34,2244,11
2514,16,994,44,1047,34,2259,11
2514,16,994,44,1047,34,2261,11
2514,16,994,44,1047,34,2289,11
2514,16,994,44,1047,34,2359,11
2514,16,994,44,1047,34,2370,11
2514,16,994,44,1047,34,2405,11
2514,16,994,44,1138,49,45,11
2514,16,994,44,1138,49,159,11
2514,16,994,44,1138,49,272,11
2514,16,994,44,1138,49,338,11
2514,16,994,44,1138,49,390,11
2514,16,994,44,1138,49,457,11
2514,16,994,44,1138,49,463,11
2514,16,994,44,1138,49,620,11
2514,16,994,44,1138,49,700,11
2514,16,994,44,1138,49,742,11
2514,16,994,44,1138,49,758,11
2514,16,994,44,1138,49,879,11
2514,16,994,44,1138,49,927,11
2514,16,994,44,1138,49,979,11
2514,16,994,44,1138,49,1003,11
2514,16,994,44,1138,49,1044,11
2514,16,994,44,1138,49,1068,11
2514,16,994,44,1138,49,1153,11
2514,16,994,44,1138,49,1186,11
2514,16,994,44,1138,49,1194,11
2514,16,994,44,1138,49,1259,11
2514,16,994,44,1138,49,1260,11
2514,16,994,44,1138,49,1312,11
2514,16,994,44,1138,49,1388,11
2514,16,994,44,1138,49,1391,11
2514,16,994,44,1138,49,1422,11
2514,16,994,44,1138,49,1556,11
2514,16,994,44,1138,49,1568,11
2514,16,994,44,1138,49,1599,11
2514,16,994,44,1138,49,1747,11
2514,16,994,44,1138,49,1773,11
2514,16,994,44,1138,49,1799,11
2514,16,994,44,1138,49,1818,11
2514,16,994,44,1138,49,1873,11
2514,16,994,44,1138,49,1940,11
2514,16,994,44,1138,49,1956,11
2514,16,994,44,1138,49,1997,11
2514,16,994,44,1138,49,2068,11
2514,16,994,44,1138,49,2079,11
2514,16,994,44,1138,49,2123,11
2514,16,994,44,1138,49,2196,11
2514,16,994,44,1138,49,2206,11
2514,16,994,44,1138,49,2216,11
2514,16,994,44,1138,49,2244,11
2514,16,994,44,1138,49,2259,11
2514,16,994,44,1138,49,2261,11
2514,16,994,44,1138,49,2289,11
2514,16,994,44,1138,49,2359,11
2514,16,994,44,1138,49,2370,11
2514,16,994,44,1138,49,2405,11
2514,16,994,44,1207,20,159,11
2514,16,994,44,1207,20,272,11
2514,16,994,44,1207,20,457,11
2514,16,994,44,1207,20,463,11
2514,16,994,44,1207,20,700,11
2514,16,994,44,1207,20,879,11
2514,16,994,44,1207,20,927,11
2514,16,994,44,1207,20,1003,11
2514,16,994,44,1207,20,1068,11
2514,16,994,44,1207,20,1153,11
2514,16,994,44,1207,20,1194,11
2514,16,994,44,1207,20,1260,11
2514,16,994,44,1207,20,1388,11
2514,16,994,44,1207,20,1391,11
2514,16,994,44,1207,20,1422,11
2514,16,994,44,1207,20,1556,11
2514,16,994,44,1207,20,1568,11
2514,16,994,44,1207,20,1599,11
2514,16,994,44,1207,20,1747,11
2514,16,994,44,1207,20,1818,11
2514,16,994,44,1207,20,1873,11
2514,16,994,44,1207,20,1940,11
2514,16,994,44,1207,20,2068,11
2514,16,994,44,1207,20,2079,11
2514,16,994,44,1207,20,2123,11
2514,16,994,44,1207,20,2196,11
2514,16,994,44,1207,20,2216,11
2514,16,994,44,1207,20,2259,11
2514,16,994,44,1207,20,2370,11
2514,16,994,44,1207,20,2405,11
2514,16,994,44,1226,24,45,11
2514,16,994,44,1226,24,159,11
2514,16,994,44,1226,24,272,11
2514,16,994,44,1226,24,338,11
2514,16,994,44,1226,24,390,11
2514,16,994,44,1226,24,457,11
2514,16,994,44,1226,24,463,11
2514,16,994,44,1226,24,620,11
2514,16,994,44,1226,24,700,11
2514,16,994,44,1226,24,742,11
2514,16,994,44,1226,24,758,11
2514,16,994,44,1226,24,879,11
2514,16,994,44,1226,24,927,11
2514,16,994,44,1226,24,979,11
2514,16,994,44,1226,24,1003,11
2514,16,994,44,1226,24,1044,11
2514,16,994,44,1226,24,1068,11
2514,16,994,44,1226,24,1153,11
2514,16,994,44,1226,24,1186,11
2514,16,994,44,1226,24,1194,11
2514,16,994,44,1226,24,1259,11
2514,16,994,44,1226,24,1260,11
2514,16,994,44,1226,24,1312,11
2514,16,994,44,1226,24,1388,11
2514,16,994,44,1226,24,1391,11
2514,16,994,44,1226,24,1422,11
2514,16,994,44,1226,24,1556,11
2514,16,994,44,1226,24,1568,11
2514,16,994,44,1226,24,1599,11
2514,16,994,44,1226,24,1747,11
2514,16,994,44,1226,24,1773,11
2514,16,994,44,1226,24,1799,11
2514,16,994,44,1226,24,1818,11
2514,16,994,44,1226,24,1873,11
2514,16,994,44,1226,24,1940,11
2514,16,994,44,1226,24,1956,11
2514,16,994,44,1226,24,1997,11
2514,16,994,44,1226,24,2068,11
2514,16,994,44,1226,24,2079,11
2514,16,994,44,1226,24,2123,11
2514,16,994,44,1226,24,2196,11
2514,16,994,44,1226,24,2206,11
2514,16,994,44,1226,24,2216,11
2514,16,994,44,1226,24,2244,11
2514,16,994,44,1226,24,2259,11
2514,16,994,44,1226,24,2261,11
2514,16,994,44,1226,24,2289,11
2514,16,994,44,1226,24,2359,11
2514,16,994,44,1226,24,2370,11
2514,16,994,44,1226,24,2405,11
2514,16,994,44,1238,15,45,11
2514,16,994,44,1238,15,159,11
2514,16,994,44,1238,15,272,11
2514,16,994,44,1238,15,338,11
2514,16,994,44,1238,15,390,11
2514,16,994,44,1238,15,457,11
2514,16,994,44,1238,15,463,11
2514,16,994,44,1238,15,620,11
2514,16,994,44,1238,15,700,11
2514,16,994,44,1238,15,742,11
2514,16,994,44,1238,15,758,11
2514,16,994,44,1238,15,879,11
2514,16,994,44,1238,15,927,11
2514,16,994,44,1238,15,979,11
2514,16,994,44,1238,15,1003,11
2514,16,994,44,1238,15,1044,11
2514,16,994,44,1238,15,1068,11
2514,16,994,44,1238,15,1153,11
2514,16,994,44,1238,15,1186,11
2514,16,994,44,1238,15,1194,11
2514,16,994,44,1238,15,1259,11
2514,16,994,44,1238,15,1260,11
2514,16,994,44,1238,15,1312,11
2514,16,994,44,1238,15,1388,11
2514,16,994,44,1238,15,1391,11
2514,16,994,44,1238,15,1422,11
2514,16,994,44,1238,15,1556,11
2514,16,994,44,1238,15,1568,11
2514,16,994,44,1238,15,1599,11
2514,16,994,44,1238,15,1747,11
2514,16,994,44,1238,15,1773,11
2514,16,994,44,1238,15,1799,11
2514,16,994,44,1238,15,1818,11
2514,16,994,44,1238,15,1873,11
2514,16,994,44,1238,15,1940,11
2514,16,994,44,1238,15,1956,11
2514,16,994,44,1238,15,1997,11
2514,16,994,44,1238,15,2068,11
2514,16,994,44,1238,15,2079,11
2514,16,994,44,1238,15,2123,11
2514,16,994,44,1238,15,2196,11
2514,16,994,44,1238,15,2206,11
2514,16,994,44,1238,15,2216,11
2514,16,994,44,1238,15,2244,11
2514,16,994,44,1238,15,2259,11
2514,16,994,44,1238,15,2261,11
2514,16,994,44,1238,15,2289,11
2514,16,994,44,1238,15,2359,11
2514,16,994,44,1238,15,2370,11
2514,16,994,44,1238,15,2405,11
2514,16,994,44,1338,9,45,11
2514,16,994,44,1338,9,159,11
2514,16,994,44,1338,9,272,11
2514,16,994,44,1338,9,338,11
2514,16,994,44,1338,9,390,11
2514,16,994,44,1338,9,457,11
2514,16,994,44,1338,9,463,11
2514,16,994,44,1338,9,620,11
2514,16,994,44,1338,9,700,11
2514,16,994,44,1338,9,742,11
2514,16,994,44,1338,9,758,11
2514,16,994,44,1338,9,879,11
2514,16,994,44,1338,9,927,11
2514,16,994,44,1338,9,979,11
2514,16,994,44,1338,9,1003,11
2514,16,994,44,1338,9,1044,11
2514,16,994,44,1338,9,1068,11
2514,16,994,44,1338,9,1153,11
2514,16,994,44,1338,9,1186,11
2514,16,994,44,1338,9,1194,11
2514,16,994,44,1338,9,1259,11
2514,16,994,44,1338,9,1260,11
2514,16,994,44,1338,9,1312,11
2514,16,994,44,1338,9,1388,11
2514,16,994,44,1338,9,1391,11
2514,16,994,44,1338,9,1422,11
2514,16,994,44,1338,9,1556,11
2514,16,994,44,1338,9,1568,11
2514,16,994,44,1338,9,1599,11
2514,16,994,44,1338,9,1747,11
2514,16,994,44,1338,9,1773,11
2514,16,994,44,1338,9,1799,11
2514,16,994,44,1338,9,1818,11
2514,16,994,44,1338,9,1873,11
2514,16,994,44,1338,9,1940,11
2514,16,994,44,1338,9,1956,11
2514,16,994,44,1338,9,1997,11
2514,16,994,44,1338,9,2068,11
2514,16,994,44,1338,9,2079,11
2514,16,994,44,1338,9,2123,11
2514,16,994,44,1338,9,2196,11
2514,16,994,44,1338,9,2206,11
2514,16,994,44,1338,9,2216,11
2514,16,994,44,1338,9,2244,11
2514,16,994,44,1338,9,2259,11
2514,16,994,44,1338,9,2261,11
2514,16,994,44,1338,9,2289,11
2514,16,994,44,1338,9,2359,11
2514,16,994,44,1338,9,2370,11
2514,16,994,44,1338,9,2405,11
2514,16,994,44,1448,13,45,11
2514,16,994,44,1448,13,159,11
2514,16,994,44,1448,13,272,11
2514,16,994,44,1448,13,338,11
2514,16,994,44,1448,13,390,11
2514,16,994,44,1448,13,457,11
2514,16,994,44,1448,13,463,11
2514,16,994,44,1448,13,620,11
2514,16,994,44,1448,13,700,11
2514,16,994,44,1448,13,742,11
2514,16,994,44,1448,13,758,11
2514,16,994,44,1448,13,879,11
2514,16,994,44,1448,13,927,11
2514,16,994,44,1448,13,979,11
2514,16,994,44,1448,13,1003,11
2514,16,994,44,1448,13,1044,11
2514,16,994,44,1448,13,1068,11
2514,16,994,44,1448,13,1153,11
2514,16,994,44,1448,13,1186,11
2514,16,994,44,1448,13,1194,11
2514,16,994,44,1448,13,1259,11
2514,16,994,44,1448,13,1260,11
2514,16,994,44,1448,13,1312,11
2514,16,994,44,1448,13,1388,11
2514,16,994,44,1448,13,1391,11
2514,16,994,44,1448,13,1422,11
2514,16,994,44,1448,13,1556,11
2514,16,994,44,1448,13,1568,11
2514,16,994,44,1448,13,1599,11
2514,16,994,44,1448,13,1747,11
2514,16,994,44,1448,13,1773,11
2514,16,994,44,1448,13,1799,11
2514,16,994,44,1448,13,1818,11
2514,16,994,44,1448,13,1873,11
2514,16,994,44,1448,13,1940,11
2514,16,994,44,1448,13,1956,11
2514,16,994,44,1448,13,1997,11
2514,16,994,44,1448,13,2068,11
2514,16,994,44,1448,13,2079,11
2514,16,994,44,1448,13,2123,11
2514,16,994,44,1448,13,2196,11
2514,16,994,44,1448,13,2206,11
2514,16,994,44,1448,13,2216,11
2514,16,994,44,1448,13,2244,11
2514,16,994,44,1448,13,2259,11
2514,16,994,44,1448,13,2261,11
2514,16,994,44,1448,13,2289,11
2514,16,994,44,1448,13,2359,11
2514,16,994,44,1448,13,2370,11
2514,16,994,44,1448,13,2405,11
2514,16,994,44,1711,18,45,11
2514,16,994,44,1711,18,159,11
2514,16,994,44,1711,18,272,11
2514,16,994,44,1711,18,338,11
2514,16,994,44,1711,18,390,11
2514,16,994,44,1711,18,457,11
2514,16,994,44,1711,18,463,11
2514,16,994,44,1711,18,620,11
2514,16,994,44,1711,18,700,11
2514,16,994,44,1711,18,742,11
2514,16,994,44,1711,18,758,11
2514,16,994,44,1711,18,879,11
2514,16,994,44,1711,18,927,11
2514,16,994,44,1711,18,979,11
2514,16,994,44,1711,18,1003,11
2514,16,994,44,1711,18,1044,11
2514,16,994,44,1711,18,1068,11
2514,16,994,44,1711,18,1153,11
2514,16,994,44,1711,18,1186,11
2514,16,994,44,1711,18,1194,11
2514,16,994,44,1711,18,1259,11
2514,16,994,44,1711,18,1260,11
2514,16,994,44,1711,18,1312,11
2514,16,994,44,1711,18,1388,11
2514,16,994,44,1711,18,1391,11
2514,16,994,44,1711,18,1422,11
2514,16,994,44,1711,18,1556,11
2514,16,994,44,1711,18,1568,11
2514,16,994,44,1711,18,1599,11
2514,16,994,44,1711,18,1747,11
2514,16,994,44,1711,18,1773,11
2514,16,994,44,1711,18,1799,11
2514,16,994,44,1711,18,1818,11
2514,16,994,44,1711,18,1873,11
2514,16,994,44,1711,18,1940,11
2514,16,994,44,1711,18,1956,11
2514,16,994,44,1711,18,1997,11
2514,16,994,44,1711,18,2068,11
2514,16,994,44,1711,18,2079,11
2514,16,994,44,1711,18,2123,11
2514,16,994,44,1711,18,2196,11
2514,16,994,44,1711,18,2206,11
2514,16,994,44,1711,18,2216,11
2514,16,994,44,1711,18,2244,11
2514,16,994,44,1711,18,2259,11
2514,16,994,44,1711,18,2261,11
2514,16,994,44,1711,18,2289,11
2514,16,994,44,1711,18,2359,11
2514,16,994,44,1711,18,2370,11
2514,16,994,44,1711,18,2405,11
2514,16,994,44,1791,10,45,11
2514,16,994,44,1791,10,159,11
2514,16,994,44,1791,10,272,11
2514,16,994,44,1791,10,338,11
2514,16,994,44,1791,10,390,11
2514,16,994,44,1791,10,457,11
2514,16,994,44,1791,10,463,11
2514,16,994,44,1791,10,620,11
2514,16,994,44,1791,10,700,11
2514,16,994,44,1791,10,742,11
2514,16,994,44,1791,10,758,11
2514,16,994,44,1791,10,879,11
2514,16,994,44,1791,10,927,11
2514,16,994,44,1791,10,979,11
2514,16,994,44,1791,10,1003,11
2514,16,994,44,1791,10,1044,11
2514,16,994,44,1791,10,1068,11
2514,16,994,44,1791,10,1153,11
2514,16,994,44,1791,10,1186,11
2514,16,994,44,1791,10,1194,11
2514,16,994,44,1791,10,1259,11
2514,16,994,44,1791,10,1260,11
2514,16,994,44,1791,10,1312,11
2514,16,994,44,1791,10,1388,11
2514,16,994,44,1791,10,1391,11
2514,16,994,44,1791,10,1422,11
2514,16,994,44,1791,10,1556,11
2514,16,994,44,1791,10,1568,11
2514,16,994,44,1791,10,1599,11
2514,16,994,44,1791,10,1747,11
2514,16,994,44,1791,10,1773,11
2514,16,994,44,1791,10,1799,11
2514,16,994,44,1791,10,1818,11
2514,16,994,44,1791,10,1873,11
2514,16,994,44,1791,10,1940,11
2514,16,994,44,1791,10,1956,11
2514,16,994,44,1791,10,1997,11
2514,16,994,44,1791,10,2068,11
2514,16,994,44,1791,10,2079,11
2514,16,994,44,1791,10,2123,11
2514,16,994,44,1791,10,2196,11
2514,16,994,44,1791,10,2206,11
2514,16,994,44,1791,10,2216,11
2514,16,994,44,1791,10,2244,11
2514,16,994,44,1791,10,2259,11
2514,16,994,44,1791,10,2261,11
2514,16,994,44,1791,10,2289,11
2514,16,994,44,1791,10,2359,11
2514,16,994,44,1791,10,2370,11
2514,16,994,44,1791,10,2405,11
2514,16,994,44,1979,10,45,11
2514,16,994,44,1979,10,159,11
2514,16,994,44,1979,10,272,11
2514,16,994,44,1979,10,338,11
2514,16,994,44,1979,10,390,11
2514,16,994,44,1979,10,457,11
2514,16,994,44,1979,10,463,11
2514,16,994,44,1979,10,620,11
2514,16,994,44,1979,10,700,11
2514,16,994,44,1979,10,742,11
2514,16,994,44,1979,10,758,11
2514,16,994,44,1979,10,879,11
2514,16,994,44,1979,10,927,11
2514,16,994,44,1979,10,979,11
2514,16,994,44,1979,10,1003,11
2514,16,994,44,1979,10,1044,11
2514,16,994,44,1979,10,1068,11
2514,16,994,44,1979,10,1153,11
2514,16,994,44,1979,10,1186,11
2514,16,994,44,1979,10,1194,11
2514,16,994,44,1979,10,1259,11
2514,16,994,44,1979,10,1260,11
2514,16,994,44,1979,10,1312,11
2514,16,994,44,1979,10,1388,11
2514,16,994,44,1979,10,1391,11
2514,16,994,44,1979,10,1422,11
2514,16,994,44,1979,10,1556,11
2514,16,994,44,1979,10,1568,11
2514,16,994,44,1979,10,1599,11
2514,16,994,44,1979,10,1747,11
2514,16,994,44,1979,10,1773,11
2514,16,994,44,1979,10,1799,11
2514,16,994,44,1979,10,1818,11
2514,16,994,44,1979,10,1873,11
2514,16,994,44,1979,10,1940,11
2514,16,994,44,1979,10,1956,11
2514,16,994,44,1979,10,1997,11
2514,16,994,44,1979,10,2068,11
2514,16,994,44,1979,10,2079,11
2514,16,994,44,1979,10,2123,11
2514,16,994,44,1979,10,2196,11
2514,16,994,44,1979,10,2206,11
2514,16,994,44,1979,10,2216,11
2514,16,994,44,1979,10,2244,11
2514,16,994,44,1979,10,2259,11
2514,16,994,44,1979,10,2261,11
2514,16,994,44,1979,10,2289,11
2514,16,994,44,1979,10,2359,11
2514,16,994,44,1979,10,2370,11
2514,16,994,44,1979,10,2405,11
