2514,16,1834,18,201,43,45,11
2514,16,1834,18,201,43,159,11
2514,16,1834,18,201,43,272,11
2514,16,1834,18,201,43,338,11
2514,16,1834,18,201,43,390,11
2514,16,1834,18,201,43,457,11
2514,16,1834,18,201,43,463,11
2514,16,1834,18,201,43,620,11
2514,16,1834,18,201,43,700,11
2514,16,1834,18,201,43,742,11
2514,16,1834,18,201,43,758,11
2514,16,1834,18,201,43,879,11
2514,16,1834,18,201,43,927,11
2514,16,1834,18,201,43,979,11
2514,16,1834,18,201,43,1003,11
2514,16,1834,18,201,43,1044,11
2514,16,1834,18,201,43,1068,11
2514,16,1834,18,201,43,1153,11
2514,16,1834,18,201,43,1186,11
2514,16,1834,18,201,43,1194,11
2514,16,1834,18,201,43,1259,11
2514,16,1834,18,201,43,1260,11
2514,16,1834,18,201,43,1312,11
2514,16,1834,18,201,43,1388,11
2514,16,1834,18,201,43,1391,11
2514,16,1834,18,201,43,1422,11
2514,16,1834,18,201,43,1556,11
2514,16,1834,18,201,43,1568,11
2514,16,1834,18,201,43,1599,11
2514,16,1834,18,201,43,1747,11
2514,16,1834,18,201,43,1773,11
2514,16,1834,18,201,43,1799,11
2514,16,1834,18,201,43,1818,11
2514,16,1834,18,201,43,1873,11
2514,16,1834,18,201,43,1940,11
2514,16,1834,18,201,43,1956,11
2514,16,1834,18,201,43,1997,11
2514,16,1834,18,201,43,2068,11
2514,16,1834,18,201,43,2079,11
2514,16,1834,18,201,43,2123,11
2514,16,1834,18,201,43,2196,11
2514,16,1834,18,201,43,2206,11
2514,16,1834,18,201,43,2216,11
2514,16,1834,18,201,43,2244,11
2514,16,1834,18,201,43,2259,11
2514,16,1834,18,201,43,2261,11
2514,16,1834,18,201,43,2289,11
2514,16,1834,18,201,43,2359,11
2514,16,1834,18,201,43,2370,11
2514,16,1834,18,201,43,2405,11
2514,16,1834,18,642,16,45,11
2514,16,1834,18,642,16,159,11
2514,16,1834,18,642,16,272,11
2514,16,1834,18,642,16,338,11
2514,16,1834,18,642,16,390,11
2514,16,1834,18,642,16,457,11
2514,16,1834,18,642,16,463,11
2514,16,1834,18,642,16,620,11
2514,16,1834,18,642,16,700,11
2514,16,1834,18,642,16,742,11
2514,16,1834,18,642,16,758,11
2514,16,1834,18,642,16,879,11
2514,16,1834,18,642,16,927,11
2514,16,1834,18,642,16,979,11
2514,16,1834,18,642,16,1003,11
2514,16,1834,18,642,16,1044,11
2514,16,1834,18,642,16,1068,11
2514,16,1834,18,642,16,1153,11
2514,16,1834,18,642,16,1186,11
2514,16,1834,18,642,16,1194,11
2514,16,1834,18,642,16,1259,11
2514,16,1834,18,642,16,1260,11
2514,16,1834,18,642,16,1312,11
2514,16,1834,18,642,16,1388,11
2514,16,1834,18,642,16,1391,11
2514,16,1834,18,642,16,1422,11
2514,16,1834,18,642,16,1556,11
2514,16,1834,18,642,16,1568,11
2514,16,1834,18,642,16,1599,11
2514,16,1834,18,642,16,1747,11
2514,16,1834,18,642,16,1773,11
2514,16,1834,18,642,16,1799,11
2514,16,1834,18,642,16,1818,11
2514,16,1834,18,642,16,1873,11
2514,16,1834,18,642,16,1940,11
2514,16,1834,18,642,16,1956,11
2514,16,1834,18,642,16,1997,11
2514,16,1834,18,642,16,2068,11
2514,16,1834,18,642,16,2079,11
2514,16,1834,18,642,16,2123,11
2514,16,1834,18,642,16,2196,11
2514,16,1834,18,642,16,2206,11
2514,16,1834,18,642,16,2216,11
2514,16,1834,18,642,16,2244,11
2514,16,1834,18,642,16,2259,11
2514,16,1834,18,642,16,2261,11
2514,16,1834,18,642,16,2289,11
2514,16,1834,18,642,16,2359,11
2514,16,1834,18,642,16,2370,11
2514,16,1834,18,642,16,2405,11
2514,16,1834,18,659,25,45,11
2514,16,1834,18,659,25,159,11
2514,16,1834,18,659,25,272,11
2514,16,1834,18,659,25,338,11
2514,16,1834,18,659,25,390,11
2514,16,1834,18,659,25,457,11
2514,16,1834,18,659,25,463,11
2514,16,1834,18,659,25,620,11
2514,16,1834,18,659,25,700,11
2514,16,1834,18,659,25,742,11
2514,16,1834,18,659,25,758,11
2514,16,1834,18,659,25,879,11
2514,16,1834,18,659,25,927,11
2514,16,1834,18,659,25,979,11
2514,16,1834,18,659,25,1003,11
2514,16,1834,18,659,25,1044,11
2514,16,1834,18,659,25,1068,11
2514,16,1834,18,659,25,1153,11
2514,16,1834,18,659,25,1186,11
2514,16,1834,18,659,25,1194,11
2514,16,1834,18,659,25,1259,11
2514,16,1834,18,659,25,1260,11
2514,16,1834,18,659,25,1312,11
2514,16,1834,18,659,25,1388,11
2514,16,1834,18,659,25,1391,11
2514,16,1834,18,659,25,1422,11
2514,16,1834,18,659,25,1556,11
2514,16,1834,18,659,25,1568,11
2514,16,1834,18,659,25,1599,11
2514,16,1834,18,659,25,1747,11
2514,16,1834,18,659,25,1773,11
2514,16,1834,18,659,25,1799,11
2514,16,1834,18,659,25,1818,11
2514,16,1834,18,659,25,1873,11
2514,16,1834,18,659,25,1940,11
2514,16,1834,18,659,25,1956,11
2514,16,1834,18,659,25,1997,11
2514,16,1834,18,659,25,2068,11
2514,16,1834,18,659,25,2079,11
2514,16,1834,18,659,25,2123,11
2514,16,1834,18,659,25,2196,11
2514,16,1834,18,659,25,2206,11
2514,16,1834,18,659,25,2216,11
2514,16,1834,18,659,25,2244,11
2514,16,1834,18,659,25,2259,11
2514,16,1834,18,659,25,2261,11
2514,16,1834,18,659,25,2289,11
2514,16,1834,18,659,25,2359,11
2514,16,1834,18,659,25,2370,11
2514,16,1834,18,659,25,2405,11
2514,16,1834,18,738,32,45,11
2514,16,1834,18,738,32,159,11
2514,16,1834,18,738,32,272,11
2514,16,1834,18,738,32,338,11
2514,16,1834,18,738,32,390,11
2514,16,1834,18,738,32,457,11
2514,16,1834,18,738,32,463,11
2514,16,1834,18,738,32,620,11
2514,16,1834,18,738,32,700,11
2514,16,1834,18,738,32,742,11
2514,16,1834,18,738,32,758,11
2514,16,1834,18,738,32,879,11
2514,16,1834,18,738,32,927,11
2514,16,1834,18,738,32,979,11
2514,16,1834,18,738,32,1003,11
2514,16,1834,18,738,32,1044,11
2514,16,1834,18,738,32,1068,11
2514,16,1834,18,738,32,1153,11
2514,16,1834,18,738,32,1186,11
2514,16,1834,18,738,32,1194,11
2514,16,1834,18,738,32,1259,11
2514,16,1834,18,738,32,1260,11
2514,16,1834,18,738,32,1312,11
2514,16,1834,18,738,32,1388,11
2514,16,1834,18,738,32,1391,11
2514,16,1834,18,738,32,1422,11
2514,16,1834,18,738,32,1556,11
2514,16,1834,18,738,32,1568,11
2514,16,1834,18,738,32,1599,11
2514,16,1834,18,738,32,1747,11
2514,16,1834,18,738,32,1773,11
2514,16,1834,18,738,32,1799,11
2514,16,1834,18,738,32,1818,11
2514,16,1834,18,738,32,1873,11
2514,16,1834,18,738,32,1940,11
2514,16,1834,18,738,32,1956,11
2514,16,1834,18,738,32,1997,11
2514,16,1834,18,738,32,2068,11
2514,16,1834,18,738,32,2079,11
2514,16,1834,18,738,32,2123,11
2514,16,1834,18,738,32,2196,11
2514,16,1834,18,738,32,2206,11
2514,16,1834,18,738,32,2216,11
2514,16,1834,18,738,32,2244,11
2514,16,1834,18,738,32,2259,11
2514,16,1834,18,738,32,2261,11
2514,16,1834,18,738,32,2289,11
2514,16,1834,18,738,32,2359,11
2514,16,1834,18,738,32,2370,11
2514,16,1834,18,738,32,2405,11
2514,16,1834,18,842,40,159,11
2514,16,1834,18,842,40,272,11
2514,16,1834,18,842,40,338,11
2514,16,1834,18,842,40,457,11
2514,16,1834,18,842,40,463,11
2514,16,1834,18,842,40,700,11
2514,16,1834,18,842,40,742,11
2514,16,1834,18,842,40,758,11
2514,16,1834,18,842,40,879,11
2514,16,1834,18,842,40,927,11
2514,16,1834,18,842,40,1003,11
2514,16,1834,18,842,40,1044,11
2514,16,1834,18,842,40,1068,11
2514,16,1834,18,842,40,1153,11
2514,16,1834,18,842,40,1186,11
2514,16,1834,18,842,40,1194,11
2514,16,1834,18,842,40,1259,11
2514,16,1834,18,842,40,1260,11
2514,16,1834,18,842,40,1312,11
2514,16,1834,18,842,40,1388,11
2514,16,1834,18,842,40,1391,11
2514,16,1834,18,842,40,1422,11
2514,16,1834,18,842,40,1556,11
2514,16,1834,18,842,40,1568,11
2514,16,1834,18,842,40,1599,11
2514,16,1834,18,842,40,1747,11
2514,16,1834,18,842,40,1773,11
2514,16,1834,18,842,40,1818,11
2514,16,1834,18,842,40,1873,11
2514,16,1834,18,842,40,1940,11
2514,16,1834,18,842,40,1997,11
2514,16,1834,18,842,40,2068,11
2514,16,1834,18,842,40,2079,11
2514,16,1834,18,842,40,2123,11
2514,16,1834,18,842,40,2196,11
2514,16,1834,18,842,40,2216,11
2514,16,1834,18,842,40,2259,11
2514,16,1834,18,842,40,2289,11
2514,16,1834,18,842,40,2370,11
2514,16,1834,18,842,40,2405,11
2514,16,1834,18,927,13,45,11
2514,16,1834,18,927,13,159,11
2514,16,1834,18,927,13,272,11
2514,16,1834,18,927,13,338,11
2514,16,1834,18,927,13,390,11
2514,16,1834,18,927,13,457,11
2514,16,1834,18,927,13,463,11
2514,16,1834,18,927,13,620,11
2514,16,1834,18,927,13,700,11
2514,16,1834,18,927,13,742,11
2514,16,1834,18,927,13,758,11
2514,16,1834,18,927,13,879,11
2514,16,1834,18,927,13,927,11
2514,16,1834,18,927,13,979,11
2514,16,1834,18,927,13,1003,11
2514,16,1834,18,927,13,1044,11
2514,16,1834,18,927,13,1068,11
2514,16,1834,18,927,13,1153,11
2514,16,1834,18,927,13,1186,11
2514,16,1834,18,927,13,1194,11
2514,16,1834,18,927,13,1259,11
2514,16,1834,18,927,13,1260,11
2514,16,1834,18,927,13,1312,11
2514,16,1834,18,927,13,1388,11
2514,16,1834,18,927,13,1391,11
2514,16,1834,18,927,13,1422,11
2514,16,1834,18,927,13,1556,11
2514,16,1834,18,927,13,1568,11
2514,16,1834,18,927,13,1599,11
2514,16,1834,18,927,13,1747,11
2514,16,1834,18,927,13,1773,11
2514,16,1834,18,927,13,1799,11
2514,16,1834,18,927,13,1818,11
2514,16,1834,18,927,13,1873,11
2514,16,1834,18,927,13,1940,11
2514,16,1834,18,927,13,1956,11
2514,16,1834,18,927,13,1997,11
2514,16,1834,18,927,13,2068,11
2514,16,1834,18,927,13,2079,11
2514,16,1834,18,927,13,2123,11
2514,16,1834,18,927,13,2196,11
2514,16,1834,18,927,13,2206,11
2514,16,1834,18,927,13,2216,11
2514,16,1834,18,927,13,2244,11
2514,16,1834,18,927,13,2259,11
2514,16,1834,18,927,13,2261,11
2514,16,1834,18,927,13,2289,11
2514,16,1834,18,927,13,2359,11
2514,16,1834,18,927,13,2370,11
2514,16,1834,18,927,13,2405,11
2514,16,1834,18,948,41,45,11
2514,16,1834,18,948,41,159,11
2514,16,1834,18,948,41,272,11
2514,16,1834,18,948,41,338,11
2514,16,1834,18,948,41,390,11
2514,16,1834,18,948,41,457,11
2514,16,1834,18,948,41,463,11
2514,16,1834,18,948,41,620,11
2514,16,1834,18,948,41,700,11
2514,16,1834,18,948,41,742,11
2514,16,1834,18,948,41,758,11
2514,16,1834,18,948,41,879,11
2514,16,1834,18,948,41,927,11
2514,16,1834,18,948,41,979,11
2514,16,1834,18,948,41,1003,11
2514,16,1834,18,948,41,1044,11
2514,16,1834,18,948,41,1068,11
2514,16,1834,18,948,41,1153,11
2514,16,1834,18,948,41,1186,11
2514,16,1834,18,948,41,1194,11
2514,16,1834,18,948,41,1259,11
2514,16,1834,18,948,41,1260,11
2514,16,1834,18,948,41,1312,11
2514,16,1834,18,948,41,1388,11
2514,16,1834,18,948,41,1391,11
2514,16,1834,18,948,41,1422,11
2514,16,1834,18,948,41,1556,11
2514,16,1834,18,948,41,1568,11
2514,16,1834,18,948,41,1599,11
2514,16,1834,18,948,41,1747,11
2514,16,1834,18,948,41,1773,11
2514,16,1834,18,948,41,1799,11
2514,16,1834,18,948,41,1818,11
2514,16,1834,18,948,41,1873,11
2514,16,1834,18,948,41,1940,11
2514,16,1834,18,948,41,1956,11
2514,16,1834,18,948,41,1997,11
2514,16,1834,18,948,41,2068,11
2514,16,1834,18,948,41,2079,11
2514,16,1834,18,948,41,2123,11
2514,16,1834,18,948,41,2196,11
2514,16,1834,18,948,41,2206,11
2514,16,1834,18,948,41,2216,11
2514,16,1834,18,948,41,2244,11
2514,16,1834,18,948,41,2259,11
2514,16,1834,18,948,41,2261,11
2514,16,1834,18,948,41,2289,11
2514,16,1834,18,948,41,2359,11
2514,16,1834,18,948,41,2370,11
2514,16,1834,18,948,41,2405,11
2514,16,1834,18,981,36,45,11
2514,16,1834,18,981,36,159,11
2514,16,1834,18,981,36,272,11
2514,16,1834,18,981,36,338,11
2514,16,1834,18,981,36,390,11
2514,16,1834,18,981,36,457,11
2514,16,1834,18,981,36,463,11
2514,16,1834,18,981,36,620,11
2514,16,1834,18,981,36,700,11
2514,16,1834,18,981,36,742,11
2514,16,1834,18,981,36,758,11
2514,16,1834,18,981,36,879,11
2514,16,1834,18,981,36,927,11
2514,16,1834,18,981,36,979,11
2514,16,1834,18,981,36,1003,11
2514,16,1834,18,981,36,1044,11
2514,16,1834,18,981,36,1068,11
2514,16,1834,18,981,36,1153,11
2514,16,1834,18,981,36,1186,11
2514,16,1834,18,981,36,1194,11
2514,16,1834,18,981,36,1259,11
2514,16,1834,18,981,36,1260,11
2514,16,1834,18,981,36,1312,11
2514,16,1834,18,981,36,1388,11
2514,16,1834,18,981,36,1391,11
2514,16,1834,18,981,36,1422,11
2514,16,1834,18,981,36,1556,11
2514,16,1834,18,981,36,1568,11
2514,16,1834,18,981,36,1599,11
2514,16,1834,18,981,36,1747,11
2514,16,1834,18,981,36,1773,11
2514,16,1834,18,981,36,1799,11
2514,16,1834,18,981,36,1818,11
2514,16,1834,18,981,36,1873,11
2514,16,1834,18,981,36,1940,11
2514,16,1834,18,981,36,1956,11
2514,16,1834,18,981,36,1997,11
2514,16,1834,18,981,36,2068,11
2514,16,1834,18,981,36,2079,11
2514,16,1834,18,981,36,2123,11
2514,16,1834,18,981,36,2196,11
2514,16,1834,18,981,36,2206,11
2514,16,1834,18,981,36,2216,11
2514,16,1834,18,981,36,2244,11
2514,16,1834,18,981,36,2259,11
2514,16,1834,18,981,36,2261,11
2514,16,1834,18,981,36,2289,11
2514,16,1834,18,981,36,2359,11
2514,16,1834,18,981,36,2370,11
2514,16,1834,18,981,36,2405,11
2514,16,1834,18,1083,36,45,11
2514,16,1834,18,1083,36,159,11
2514,16,1834,18,1083,36,272,11
2514,16,1834,18,1083,36,338,11
2514,16,1834,18,1083,36,390,11
2514,16,1834,18,1083,36,457,11
2514,16,1834,18,1083,36,463,11
2514,16,1834,18,1083,36,620,11
2514,16,1834,18,1083,36,700,11
2514,16,1834,18,1083,36,742,11
2514,16,1834,18,1083,36,758,11
2514,16,1834,18,1083,36,879,11
2514,16,1834,18,1083,36,927,11
2514,16,1834,18,1083,36,979,11
2514,16,1834,18,1083,36,1003,11
2514,16,1834,18,1083,36,1044,11
2514,16,1834,18,1083,36,1068,11
2514,16,1834,18,1083,36,1153,11
2514,16,1834,18,1083,36,1186,11
2514,16,1834,18,1083,36,1194,11
2514,16,1834,18,1083,36,1259,11
2514,16,1834,18,1083,36,1260,11
2514,16,1834,18,1083,36,1312,11
2514,16,1834,18,1083,36,1388,11
2514,16,1834,18,1083,36,1391,11
2514,16,1834,18,1083,36,1422,11
2514,16,1834,18,1083,36,1556,11
2514,16,1834,18,1083,36,1568,11
2514,16,1834,18,1083,36,1599,11
2514,16,1834,18,1083,36,1747,11
2514,16,1834,18,1083,36,1773,11
2514,16,1834,18,1083,36,1799,11
2514,16,1834,18,1083,36,1818,11
2514,16,1834,18,1083,36,1873,11
2514,16,1834,18,1083,36,1940,11
2514,16,1834,18,1083,36,1956,11
2514,16,1834,18,1083,36,1997,11
2514,16,1834,18,1083,36,2068,11
2514,16,1834,18,1083,36,2079,11
2514,16,1834,18,1083,36,2123,11
2514,16,1834,18,1083,36,2196,11
2514,16,1834,18,1083,36,2206,11
2514,16,1834,18,1083,36,2216,11
2514,16,1834,18,1083,36,2244,11
2514,16,1834,18,1083,36,2259,11
2514,16,1834,18,1083,36,2261,11
2514,16,1834,18,1083,36,2289,11
2514,16,1834,18,1083,36,2359,11
2514,16,1834,18,1083,36,2370,11
2514,16,1834,18,1083,36,2405,11
2514,16,1834,18,1399,33,45,11
2514,16,1834,18,1399,33,159,11
2514,16,1834,18,1399,33,272,11
2514,16,1834,18,1399,33,338,11
2514,16,1834,18,1399,33,390,11
2514,16,1834,18,1399,33,457,11
2514,16,1834,18,1399,33,463,11
2514,16,1834,18,1399,33,620,11
2514,16,1834,18,1399,33,700,11
2514,16,1834,18,1399,33,742,11
2514,16,1834,18,1399,33,758,11
2514,16,1834,18,1399,33,879,11
2514,16,1834,18,1399,33,927,11
2514,16,1834,18,1399,33,979,11
2514,16,1834,18,1399,33,1003,11
2514,16,1834,18,1399,33,1044,11
2514,16,1834,18,1399,33,1068,11
2514,16,1834,18,1399,33,1153,11
2514,16,1834,18,1399,33,1186,11
2514,16,1834,18,1399,33,1194,11
2514,16,1834,18,1399,33,1259,11
2514,16,1834,18,1399,33,1260,11
2514,16,1834,18,1399,33,1312,11
2514,16,1834,18,1399,33,1388,11
2514,16,1834,18,1399,33,1391,11
2514,16,1834,18,1399,33,1422,11
2514,16,1834,18,1399,33,1556,11
2514,16,1834,18,1399,33,1568,11
2514,16,1834,18,1399,33,1599,11
2514,16,1834,18,1399,33,1747,11
2514,16,1834,18,1399,33,1773,11
2514,16,1834,18,1399,33,1799,11
2514,16,1834,18,1399,33,1818,11
2514,16,1834,18,1399,33,1873,11
2514,16,1834,18,1399,33,1940,11
2514,16,1834,18,1399,33,1956,11
2514,16,1834,18,1399,33,1997,11
2514,16,1834,18,1399,33,2068,11
2514,16,1834,18,1399,33,2079,11
2514,16,1834,18,1399,33,2123,11
2514,16,1834,18,1399,33,2196,11
2514,16,1834,18,1399,33,2206,11
2514,16,1834,18,1399,33,2216,11
2514,16,1834,18,1399,33,2244,11
2514,16,1834,18,1399,33,2259,11
2514,16,1834,18,1399,33,2261,11
2514,16,1834,18,1399,33,2289,11
2514,16,1834,18,1399,33,2359,11
2514,16,1834,18,1399,33,2370,11
2514,16,1834,18,1399,33,2405,11
2514,16,1834,18,1552,14,45,11
2514,16,1834,18,1552,14,159,11
2514,16,1834,18,1552,14,272,11
2514,16,1834,18,1552,14,338,11
2514,16,1834,18,1552,14,390,11
2514,16,1834,18,1552,14,457,11
2514,16,1834,18,1552,14,463,11
2514,16,1834,18,1552,14,620,11
2514,16,1834,18,1552,14,700,11
2514,16,1834,18,1552,14,742,11
2514,16,1834,18,1552,14,758,11
2514,16,1834,18,1552,14,879,11
2514,16,1834,18,1552,14,927,11
2514,16,1834,18,1552,14,979,11
2514,16,1834,18,1552,14,1003,11
2514,16,1834,18,1552,14,1044,11
2514,16,1834,18,1552,14,1068,11
2514,16,1834,18,1552,14,1153,11
2514,16,1834,18,1552,14,1186,11
2514,16,1834,18,1552,14,1194,11
2514,16,1834,18,1552,14,1259,11
2514,16,1834,18,1552,14,1260,11
2514,16,1834,18,1552,14,1312,11
2514,16,1834,18,1552,14,1388,11
2514,16,1834,18,1552,14,1391,11
2514,16,1834,18,1552,14,1422,11
2514,16,1834,18,1552,14,1556,11
2514,16,1834,18,1552,14,1568,11
2514,16,1834,18,1552,14,1599,11
2514,16,1834,18,1552,14,1747,11
2514,16,1834,18,1552,14,1773,11
2514,16,1834,18,1552,14,1799,11
2514,16,1834,18,1552,14,1818,11
2514,16,1834,18,1552,14,1873,11
2514,16,1834,18,1552,14,1940,11
2514,16,1834,18,1552,14,1956,11
2514,16,1834,18,1552,14,1997,11
2514,16,1834,18,1552,14,2068,11
2514,16,1834,18,1552,14,2079,11
2514,16,1834,18,1552,14,2123,11
2514,16,1834,18,1552,14,2196,11
2514,16,1834,18,1552,14,2206,11
2514,16,1834,18,1552,14,2216,11
2514,16,1834,18,1552,14,2244,11
2514,16,1834,18,1552,14,2259,11
2514,16,1834,18,1552,14,2261,11
2514,16,1834,18,1552,14,2289,11
2514,16,1834,18,1552,14,2359,11
2514,16,1834,18,1552,14,2370,11
2514,16,1834,18,1552,14,2405,11
2514,16,1834,18,1884,25,45,11
2514,16,1834,18,1884,25,159,11
2514,16,1834,18,1884,25,272,11
2514,16,1834,18,1884,25,338,11
2514,16,1834,18,1884,25,390,11
2514,16,1834,18,1884,25,457,11
2514,16,1834,18,1884,25,463,11
2514,16,1834,18,1884,25,620,11
2514,16,1834,18,1884,25,700,11
2514,16,1834,18,1884,25,742,11
2514,16,1834,18,1884,25,758,11
2514,16,1834,18,1884,25,879,11
2514,16,1834,18,1884,25,927,11
2514,16,1834,18,1884,25,979,11
2514,16,1834,18,1884,25,1003,11
2514,16,1834,18,1884,25,1044,11
2514,16,1834,18,1884,25,1068,11
2514,16,1834,18,1884,25,1153,11
2514,16,1834,18,1884,25,1186,11
2514,16,1834,18,1884,25,1194,11
2514,16,1834,18,1884,25,1259,11
2514,16,1834,18,1884,25,1260,11
2514,16,1834,18,1884,25,1312,11
2514,16,1834,18,1884,25,1388,11
2514,16,1834,18,1884,25,1391,11
2514,16,1834,18,1884,25,1422,11
2514,16,1834,18,1884,25,1556,11
2514,16,1834,18,1884,25,1568,11
2514,16,1834,18,1884,25,1599,11
2514,16,1834,18,1884,25,1747,11
2514,16,1834,18,1884,25,1773,11
2514,16,1834,18,1884,25,1799,11
2514,16,1834,18,1884,25,1818,11
2514,16,1834,18,1884,25,1873,11
2514,16,1834,18,1884,25,1940,11
2514,16,1834,18,1884,25,1956,11
2514,16,1834,18,1884,25,1997,11
2514,16,1834,18,1884,25,2068,11
2514,16,1834,18,1884,25,2079,11
2514,16,1834,18,1884,25,2123,11
2514,16,1834,18,1884,25,2196,11
2514,16,1834,18,1884,25,2206,11
2514,16,1834,18,1884,25,2216,11
2514,16,1834,18,1884,25,2244,11
2514,16,1834,18,1884,25,2259,11
2514,16,1834,18,1884,25,2261,11
2514,16,1834,18,1884,25,2289,11
2514,16,1834,18,1884,25,2359,11
2514,16,1834,18,1884,25,2370,11
2514,16,1834,18,1884,25,2405,11
2514,16,1834,18,1990,45,45,11
2514,16,1834,18,1990,45,159,11
2514,16,1834,18,1990,45,272,11
2514,16,1834,18,1990,45,338,11
2514,16,1834,18,1990,45,390,11
2514,16,1834,18,1990,45,457,11
2514,16,1834,18,1990,45,463,11
2514,16,1834,18,1990,45,620,11
2514,16,1834,18,1990,45,700,11
2514,16,1834,18,1990,45,742,11
2514,16,1834,18,1990,45,758,11
2514,16,1834,18,1990,45,879,11
2514,16,1834,18,1990,45,927,11
2514,16,1834,18,1990,45,979,11
2514,16,1834,18,1990,45,1003,11
2514,16,1834,18,1990,45,1044,11
2514,16,1834,18,1990,45,1068,11
2514,16,1834,18,1990,45,1153,11
2514,16,1834,18,1990,45,1186,11
2514,16,1834,18,1990,45,1194,11
2514,16,1834,18,1990,45,1259,11
2514,16,1834,18,1990,45,1260,11
2514,16,1834,18,1990,45,1312,11
2514,16,1834,18,1990,45,1388,11
2514,16,1834,18,1990,45,1391,11
2514,16,1834,18,1990,45,1422,11
2514,16,1834,18,1990,45,1556,11
2514,16,1834,18,1990,45,1568,11
2514,16,1834,18,1990,45,1599,11
2514,16,1834,18,1990,45,1747,11
2514,16,1834,18,1990,45,1773,11
2514,16,1834,18,1990,45,1799,11
2514,16,1834,18,1990,45,1818,11
2514,16,1834,18,1990,45,1873,11
2514,16,1834,18,1990,45,1940,11
2514,16,1834,18,1990,45,1956,11
2514,16,1834,18,1990,45,1997,11
2514,16,1834,18,1990,45,2068,11
2514,16,1834,18,1990,45,2079,11
2514,16,1834,18,1990,45,2123,11
2514,16,1834,18,1990,45,2196,11
2514,16,1834,18,1990,45,2206,11
2514,16,1834,18,1990,45,2216,11
2514,16,1834,18,1990,45,2244,11
2514,16,1834,18,1990,45,2259,11
2514,16,1834,18,1990,45,2261,11
2514,16,1834,18,1990,45,2289,11
2514,16,1834,18,1990,45,2359,11
2514,16,1834,18,1990,45,2370,11
2514,16,1834,18,1990,45,2405,11
