2514,16,1806,9,172,28,45,11
2514,16,1806,9,172,28,159,11
2514,16,1806,9,172,28,272,11
2514,16,1806,9,172,28,338,11
2514,16,1806,9,172,28,390,11
2514,16,1806,9,172,28,457,11
2514,16,1806,9,172,28,463,11
2514,16,1806,9,172,28,620,11
2514,16,1806,9,172,28,700,11
2514,16,1806,9,172,28,742,11
2514,16,1806,9,172,28,758,11
2514,16,1806,9,172,28,879,11
2514,16,1806,9,172,28,927,11
2514,16,1806,9,172,28,979,11
2514,16,1806,9,172,28,1003,11
2514,16,1806,9,172,28,1044,11
2514,16,1806,9,172,28,1068,11
2514,16,1806,9,172,28,1153,11
2514,16,1806,9,172,28,1186,11
2514,16,1806,9,172,28,1194,11
2514,16,1806,9,172,28,1259,11
2514,16,1806,9,172,28,1260,11
2514,16,1806,9,172,28,1312,11
2514,16,1806,9,172,28,1388,11
2514,16,1806,9,172,28,1391,11
2514,16,1806,9,172,28,1422,11
2514,16,1806,9,172,28,1556,11
2514,16,1806,9,172,28,1568,11
2514,16,1806,9,172,28,1599,11
2514,16,1806,9,172,28,1747,11
2514,16,1806,9,172,28,1773,11
2514,16,1806,9,172,28,1799,11
2514,16,1806,9,172,28,1818,11
2514,16,1806,9,172,28,1873,11
2514,16,1806,9,172,28,1940,11
2514,16,1806,9,172,28,1956,11
2514,16,1806,9,172,28,1997,11
2514,16,1806,9,172,28,2068,11
2514,16,1806,9,172,28,2079,11
2514,16,1806,9,172,28,2123,11
2514,16,1806,9,172,28,2196,11
2514,16,1806,9,172,28,2206,11
2514,16,1806,9,172,28,2216,11
2514,16,1806,9,172,28,2244,11
2514,16,1806,9,172,28,2259,11
2514,16,1806,9,172,28,2261,11
2514,16,1806,9,172,28,2289,11
2514,16,1806,9,172,28,2359,11
2514,16,1806,9,172,28,2370,11
2514,16,1806,9,172,28,2405,11
2514,16,1806,9,313,34,45,11
2514,16,1806,9,313,34,159,11
2514,16,1806,9,313,34,272,11
2514,16,1806,9,313,34,338,11
2514,16,1806,9,313,34,390,11
2514,16,1806,9,313,34,457,11
2514,16,1806,9,313,34,463,11
2514,16,1806,9,313,34,620,11
2514,16,1806,9,313,34,700,11
2514,16,1806,9,313,34,742,11
2514,16,1806,9,313,34,758,11
2514,16,1806,9,313,34,879,11
2514,16,1806,9,313,34,927,11
2514,16,1806,9,313,34,979,11
2514,16,1806,9,313,34,1003,11
2514,16,1806,9,313,34,1044,11
2514,16,1806,9,313,34,1068,11
2514,16,1806,9,313,34,1153,11
2514,16,1806,9,313,34,1186,11
2514,16,1806,9,313,34,1194,11
2514,16,1806,9,313,34,1259,11
2514,16,1806,9,313,34,1260,11
2514,16,1806,9,313,34,1312,11
2514,16,1806,9,313,34,1388,11
2514,16,1806,9,313,34,1391,11
2514,16,1806,9,313,34,1422,11
2514,16,1806,9,313,34,1556,11
2514,16,1806,9,313,34,1568,11
2514,16,1806,9,313,34,1599,11
2514,16,1806,9,313,34,1747,11
2514,16,1806,9,313,34,1773,11
2514,16,1806,9,313,34,1799,11
2514,16,1806,9,313,34,1818,11
2514,16,1806,9,313,34,1873,11
2514,16,1806,9,313,34,1940,11
2514,16,1806,9,313,34,1956,11
2514,16,1806,9,313,34,1997,11
2514,16,1806,9,313,34,2068,11
2514,16,1806,9,313,34,2079,11
2514,16,1806,9,313,34,2123,11
2514,16,1806,9,313,34,2196,11
2514,16,1806,9,313,34,2206,11
2514,16,1806,9,313,34,2216,11
2514,16,1806,9,313,34,2244,11
2514,16,1806,9,313,34,2259,11
2514,16,1806,9,313,34,2261,11
2514,16,1806,9,313,34,2289,11
2514,16,1806,9,313,34,2359,11
2514,16,1806,9,313,34,2370,11
2514,16,1806,9,313,34,2405,11
2514,16,1806,9,474,21,45,11
2514,16,1806,9,474,21,159,11
2514,16,1806,9,474,21,272,11
2514,16,1806,9,474,21,338,11
2514,16,1806,9,474,21,390,11
2514,16,1806,9,474,21,457,11
2514,16,1806,9,474,21,463,11
2514,16,1806,9,474,21,620,11
2514,16,1806,9,474,21,700,11
2514,16,1806,9,474,21,742,11
2514,16,1806,9,474,21,758,11
2514,16,1806,9,474,21,879,11
2514,16,1806,9,474,21,927,11
2514,16,1806,9,474,21,979,11
2514,16,1806,9,474,21,1003,11
2514,16,1806,9,474,21,1044,11
2514,16,1806,9,474,21,1068,11
2514,16,1806,9,474,21,1153,11
2514,16,1806,9,474,21,1186,11
2514,16,1806,9,474,21,1194,11
2514,16,1806,9,474,21,1259,11
2514,16,1806,9,474,21,1260,11
2514,16,1806,9,474,21,1312,11
2514,16,1806,9,474,21,1388,11
2514,16,1806,9,474,21,1391,11
2514,16,1806,9,474,21,1422,11
2514,16,1806,9,474,21,1556,11
2514,16,1806,9,474,21,1568,11
2514,16,1806,9,474,21,1599,11
2514,16,1806,9,474,21,1747,11
2514,16,1806,9,474,21,1773,11
2514,16,1806,9,474,21,1799,11
2514,16,1806,9,474,21,1818,11
2514,16,1806,9,474,21,1873,11
2514,16,1806,9,474,21,1940,11
2514,16,1806,9,474,21,1956,11
2514,16,1806,9,474,21,1997,11
2514,16,1806,9,474,21,2068,11
2514,16,1806,9,474,21,2079,11
2514,16,1806,9,474,21,2123,11
2514,16,1806,9,474,21,2196,11
2514,16,1806,9,474,21,2206,11
2514,16,1806,9,474,21,2216,11
2514,16,1806,9,474,21,2244,11
2514,16,1806,9,474,21,2259,11
2514,16,1806,9,474,21,2261,11
2514,16,1806,9,474,21,2289,11
2514,16,1806,9,474,21,2359,11
2514,16,1806,9,474,21,2370,11
2514,16,1806,9,474,21,2405,11
2514,16,1806,9,492,18,45,11
2514,16,1806,9,492,18,159,11
2514,16,1806,9,492,18,272,11
2514,16,1806,9,492,18,338,11
2514,16,1806,9,492,18,390,11
2514,16,1806,9,492,18,457,11
2514,16,1806,9,492,18,463,11
2514,16,1806,9,492,18,620,11
2514,16,1806,9,492,18,700,11
2514,16,1806,9,492,18,742,11
2514,16,1806,9,492,18,758,11
2514,16,1806,9,492,18,879,11
2514,16,1806,9,492,18,927,11
2514,16,1806,9,492,18,979,11
2514,16,1806,9,492,18,1003,11
2514,16,1806,9,492,18,1044,11
2514,16,1806,9,492,18,1068,11
2514,16,1806,9,492,18,1153,11
2514,16,1806,9,492,18,1186,11
2514,16,1806,9,492,18,1194,11
2514,16,1806,9,492,18,1259,11
2514,16,1806,9,492,18,1260,11
2514,16,1806,9,492,18,1312,11
2514,16,1806,9,492,18,1388,11
2514,16,1806,9,492,18,1391,11
2514,16,1806,9,492,18,1422,11
2514,16,1806,9,492,18,1556,11
2514,16,1806,9,492,18,1568,11
2514,16,1806,9,492,18,1599,11
2514,16,1806,9,492,18,1747,11
2514,16,1806,9,492,18,1773,11
2514,16,1806,9,492,18,1799,11
2514,16,1806,9,492,18,1818,11
2514,16,1806,9,492,18,1873,11
2514,16,1806,9,492,18,1940,11
2514,16,1806,9,492,18,1956,11
2514,16,1806,9,492,18,1997,11
2514,16,1806,9,492,18,2068,11
2514,16,1806,9,492,18,2079,11
2514,16,1806,9,492,18,2123,11
2514,16,1806,9,492,18,2196,11
2514,16,1806,9,492,18,2206,11
2514,16,1806,9,492,18,2216,11
2514,16,1806,9,492,18,2244,11
2514,16,1806,9,492,18,2259,11
2514,16,1806,9,492,18,2261,11
2514,16,1806,9,492,18,2289,11
2514,16,1806,9,492,18,2359,11
2514,16,1806,9,492,18,2370,11
2514,16,1806,9,492,18,2405,11
2514,16,1806,9,582,14,45,11
2514,16,1806,9,582,14,159,11
2514,16,1806,9,582,14,272,11
2514,16,1806,9,582,14,338,11
2514,16,1806,9,582,14,390,11
2514,16,1806,9,582,14,457,11
2514,16,1806,9,582,14,463,11
2514,16,1806,9,582,14,620,11
2514,16,1806,9,582,14,700,11
2514,16,1806,9,582,14,742,11
2514,16,1806,9,582,14,758,11
2514,16,1806,9,582,14,879,11
2514,16,1806,9,582,14,927,11
2514,16,1806,9,582,14,979,11
2514,16,1806,9,582,14,1003,11
2514,16,1806,9,582,14,1044,11
2514,16,1806,9,582,14,1068,11
2514,16,1806,9,582,14,1153,11
2514,16,1806,9,582,14,1186,11
2514,16,1806,9,582,14,1194,11
2514,16,1806,9,582,14,1259,11
2514,16,1806,9,582,14,1260,11
2514,16,1806,9,582,14,1312,11
2514,16,1806,9,582,14,1388,11
2514,16,1806,9,582,14,1391,11
2514,16,1806,9,582,14,1422,11
2514,16,1806,9,582,14,1556,11
2514,16,1806,9,582,14,1568,11
2514,16,1806,9,582,14,1599,11
2514,16,1806,9,582,14,1747,11
2514,16,1806,9,582,14,1773,11
2514,16,1806,9,582,14,1799,11
2514,16,1806,9,582,14,1818,11
2514,16,1806,9,582,14,1873,11
2514,16,1806,9,582,14,1940,11
2514,16,1806,9,582,14,1956,11
2514,16,1806,9,582,14,1997,11
2514,16,1806,9,582,14,2068,11
2514,16,1806,9,582,14,2079,11
2514,16,1806,9,582,14,2123,11
2514,16,1806,9,582,14,2196,11
2514,16,1806,9,582,14,2206,11
2514,16,1806,9,582,14,2216,11
2514,16,1806,9,582,14,2244,11
2514,16,1806,9,582,14,2259,11
2514,16,1806,9,582,14,2261,11
2514,16,1806,9,582,14,2289,11
2514,16,1806,9,582,14,2359,11
2514,16,1806,9,582,14,2370,11
2514,16,1806,9,582,14,2405,11
2514,16,1806,9,635,31,45,11
2514,16,1806,9,635,31,390,11
2514,16,1806,9,635,31,620,11
2514,16,1806,9,635,31,979,11
2514,16,1806,9,635,31,1799,11
2514,16,1806,9,635,31,1956,11
2514,16,1806,9,635,31,2206,11
2514,16,1806,9,635,31,2244,11
2514,16,1806,9,635,31,2261,11
2514,16,1806,9,635,31,2359,11
2514,16,1806,9,796,50,45,11
2514,16,1806,9,796,50,159,11
2514,16,1806,9,796,50,272,11
2514,16,1806,9,796,50,338,11
2514,16,1806,9,796,50,390,11
2514,16,1806,9,796,50,457,11
2514,16,1806,9,796,50,463,11
2514,16,1806,9,796,50,620,11
2514,16,1806,9,796,50,700,11
2514,16,1806,9,796,50,742,11
2514,16,1806,9,796,50,758,11
2514,16,1806,9,796,50,879,11
2514,16,1806,9,796,50,927,11
2514,16,1806,9,796,50,979,11
2514,16,1806,9,796,50,1003,11
2514,16,1806,9,796,50,1044,11
2514,16,1806,9,796,50,1068,11
2514,16,1806,9,796,50,1153,11
2514,16,1806,9,796,50,1186,11
2514,16,1806,9,796,50,1194,11
2514,16,1806,9,796,50,1259,11
2514,16,1806,9,796,50,1260,11
2514,16,1806,9,796,50,1312,11
2514,16,1806,9,796,50,1388,11
2514,16,1806,9,796,50,1391,11
2514,16,1806,9,796,50,1422,11
2514,16,1806,9,796,50,1556,11
2514,16,1806,9,796,50,1568,11
2514,16,1806,9,796,50,1599,11
2514,16,1806,9,796,50,1747,11
2514,16,1806,9,796,50,1773,11
2514,16,1806,9,796,50,1799,11
2514,16,1806,9,796,50,1818,11
2514,16,1806,9,796,50,1873,11
2514,16,1806,9,796,50,1940,11
2514,16,1806,9,796,50,1956,11
2514,16,1806,9,796,50,1997,11
2514,16,1806,9,796,50,2068,11
2514,16,1806,9,796,50,2079,11
2514,16,1806,9,796,50,2123,11
2514,16,1806,9,796,50,2196,11
2514,16,1806,9,796,50,2206,11
2514,16,1806,9,796,50,2216,11
2514,16,1806,9,796,50,2244,11
2514,16,1806,9,796,50,2259,11
2514,16,1806,9,796,50,2261,11
2514,16,1806,9,796,50,2289,11
2514,16,1806,9,796,50,2359,11
2514,16,1806,9,796,50,2370,11
2514,16,1806,9,796,50,2405,11
2514,16,1806,9,1058,40,45,11
2514,16,1806,9,1058,40,159,11
2514,16,1806,9,1058,40,272,11
2514,16,1806,9,1058,40,338,11
2514,16,1806,9,1058,40,390,11
2514,16,1806,9,1058,40,457,11
2514,16,1806,9,1058,40,463,11
2514,16,1806,9,1058,40,620,11
2514,16,1806,9,1058,40,700,11
2514,16,1806,9,1058,40,742,11
2514,16,1806,9,1058,40,758,11
2514,16,1806,9,1058,40,879,11
2514,16,1806,9,1058,40,927,11
2514,16,1806,9,1058,40,979,11
2514,16,1806,9,1058,40,1003,11
2514,16,1806,9,1058,40,1044,11
2514,16,1806,9,1058,40,1068,11
2514,16,1806,9,1058,40,1153,11
2514,16,1806,9,1058,40,1186,11
2514,16,1806,9,1058,40,1194,11
2514,16,1806,9,1058,40,1259,11
2514,16,1806,9,1058,40,1260,11
2514,16,1806,9,1058,40,1312,11
2514,16,1806,9,1058,40,1388,11
2514,16,1806,9,1058,40,1391,11
2514,16,1806,9,1058,40,1422,11
2514,16,1806,9,1058,40,1556,11
2514,16,1806,9,1058,40,1568,11
2514,16,1806,9,1058,40,1599,11
2514,16,1806,9,1058,40,1747,11
2514,16,1806,9,1058,40,1773,11
2514,16,1806,9,1058,40,1799,11
2514,16,1806,9,1058,40,1818,11
2514,16,1806,9,1058,40,1873,11
2514,16,1806,9,1058,40,1940,11
2514,16,1806,9,1058,40,1956,11
2514,16,1806,9,1058,40,1997,11
2514,16,1806,9,1058,40,2068,11
2514,16,1806,9,1058,40,2079,11
2514,16,1806,9,1058,40,2123,11
2514,16,1806,9,1058,40,2196,11
2514,16,1806,9,1058,40,2206,11
2514,16,1806,9,1058,40,2216,11
2514,16,1806,9,1058,40,2244,11
2514,16,1806,9,1058,40,2259,11
2514,16,1806,9,1058,40,2261,11
2514,16,1806,9,1058,40,2289,11
2514,16,1806,9,1058,40,2359,11
2514,16,1806,9,1058,40,2370,11
2514,16,1806,9,1058,40,2405,11
2514,16,1806,9,1064,32,45,11
2514,16,1806,9,1064,32,159,11
2514,16,1806,9,1064,32,272,11
2514,16,1806,9,1064,32,338,11
2514,16,1806,9,1064,32,390,11
2514,16,1806,9,1064,32,457,11
2514,16,1806,9,1064,32,463,11
2514,16,1806,9,1064,32,620,11
2514,16,1806,9,1064,32,700,11
2514,16,1806,9,1064,32,742,11
2514,16,1806,9,1064,32,758,11
2514,16,1806,9,1064,32,879,11
2514,16,1806,9,1064,32,927,11
2514,16,1806,9,1064,32,979,11
2514,16,1806,9,1064,32,1003,11
2514,16,1806,9,1064,32,1044,11
2514,16,1806,9,1064,32,1068,11
2514,16,1806,9,1064,32,1153,11
2514,16,1806,9,1064,32,1186,11
2514,16,1806,9,1064,32,1194,11
2514,16,1806,9,1064,32,1259,11
2514,16,1806,9,1064,32,1260,11
2514,16,1806,9,1064,32,1312,11
2514,16,1806,9,1064,32,1388,11
2514,16,1806,9,1064,32,1391,11
2514,16,1806,9,1064,32,1422,11
2514,16,1806,9,1064,32,1556,11
2514,16,1806,9,1064,32,1568,11
2514,16,1806,9,1064,32,1599,11
2514,16,1806,9,1064,32,1747,11
2514,16,1806,9,1064,32,1773,11
2514,16,1806,9,1064,32,1799,11
2514,16,1806,9,1064,32,1818,11
2514,16,1806,9,1064,32,1873,11
2514,16,1806,9,1064,32,1940,11
2514,16,1806,9,1064,32,1956,11
2514,16,1806,9,1064,32,1997,11
2514,16,1806,9,1064,32,2068,11
2514,16,1806,9,1064,32,2079,11
2514,16,1806,9,1064,32,2123,11
2514,16,1806,9,1064,32,2196,11
2514,16,1806,9,1064,32,2206,11
2514,16,1806,9,1064,32,2216,11
2514,16,1806,9,1064,32,2244,11
2514,16,1806,9,1064,32,2259,11
2514,16,1806,9,1064,32,2261,11
2514,16,1806,9,1064,32,2289,11
2514,16,1806,9,1064,32,2359,11
2514,16,1806,9,1064,32,2370,11
2514,16,1806,9,1064,32,2405,11
2514,16,1806,9,1130,25,45,11
2514,16,1806,9,1130,25,159,11
2514,16,1806,9,1130,25,272,11
2514,16,1806,9,1130,25,338,11
2514,16,1806,9,1130,25,390,11
2514,16,1806,9,1130,25,457,11
2514,16,1806,9,1130,25,463,11
2514,16,1806,9,1130,25,620,11
2514,16,1806,9,1130,25,700,11
2514,16,1806,9,1130,25,742,11
2514,16,1806,9,1130,25,758,11
2514,16,1806,9,1130,25,879,11
2514,16,1806,9,1130,25,927,11
2514,16,1806,9,1130,25,979,11
2514,16,1806,9,1130,25,1003,11
2514,16,1806,9,1130,25,1044,11
2514,16,1806,9,1130,25,1068,11
2514,16,1806,9,1130,25,1153,11
2514,16,1806,9,1130,25,1186,11
2514,16,1806,9,1130,25,1194,11
2514,16,1806,9,1130,25,1259,11
2514,16,1806,9,1130,25,1260,11
2514,16,1806,9,1130,25,1312,11
2514,16,1806,9,1130,25,1388,11
2514,16,1806,9,1130,25,1391,11
2514,16,1806,9,1130,25,1422,11
2514,16,1806,9,1130,25,1556,11
2514,16,1806,9,1130,25,1568,11
2514,16,1806,9,1130,25,1599,11
2514,16,1806,9,1130,25,1747,11
2514,16,1806,9,1130,25,1773,11
2514,16,1806,9,1130,25,1799,11
2514,16,1806,9,1130,25,1818,11
2514,16,1806,9,1130,25,1873,11
2514,16,1806,9,1130,25,1940,11
2514,16,1806,9,1130,25,1956,11
2514,16,1806,9,1130,25,1997,11
2514,16,1806,9,1130,25,2068,11
2514,16,1806,9,1130,25,2079,11
2514,16,1806,9,1130,25,2123,11
2514,16,1806,9,1130,25,2196,11
2514,16,1806,9,1130,25,2206,11
2514,16,1806,9,1130,25,2216,11
2514,16,1806,9,1130,25,2244,11
2514,16,1806,9,1130,25,2259,11
2514,16,1806,9,1130,25,2261,11
2514,16,1806,9,1130,25,2289,11
2514,16,1806,9,1130,25,2359,11
2514,16,1806,9,1130,25,2370,11
2514,16,1806,9,1130,25,2405,11
2514,16,1806,9,1816,37,45,11
2514,16,1806,9,1816,37,159,11
2514,16,1806,9,1816,37,272,11
2514,16,1806,9,1816,37,338,11
2514,16,1806,9,1816,37,390,11
2514,16,1806,9,1816,37,457,11
2514,16,1806,9,1816,37,463,11
2514,16,1806,9,1816,37,620,11
2514,16,1806,9,1816,37,700,11
2514,16,1806,9,1816,37,742,11
2514,16,1806,9,1816,37,758,11
2514,16,1806,9,1816,37,879,11
2514,16,1806,9,1816,37,927,11
2514,16,1806,9,1816,37,979,11
2514,16,1806,9,1816,37,1003,11
2514,16,1806,9,1816,37,1044,11
2514,16,1806,9,1816,37,1068,11
2514,16,1806,9,1816,37,1153,11
2514,16,1806,9,1816,37,1186,11
2514,16,1806,9,1816,37,1194,11
2514,16,1806,9,1816,37,1259,11
2514,16,1806,9,1816,37,1260,11
2514,16,1806,9,1816,37,1312,11
2514,16,1806,9,1816,37,1388,11
2514,16,1806,9,1816,37,1391,11
2514,16,1806,9,1816,37,1422,11
2514,16,1806,9,1816,37,1556,11
2514,16,1806,9,1816,37,1568,11
2514,16,1806,9,1816,37,1599,11
2514,16,1806,9,1816,37,1747,11
2514,16,1806,9,1816,37,1773,11
2514,16,1806,9,1816,37,1799,11
2514,16,1806,9,1816,37,1818,11
2514,16,1806,9,1816,37,1873,11
2514,16,1806,9,1816,37,1940,11
2514,16,1806,9,1816,37,1956,11
2514,16,1806,9,1816,37,1997,11
2514,16,1806,9,1816,37,2068,11
2514,16,1806,9,1816,37,2079,11
2514,16,1806,9,1816,37,2123,11
2514,16,1806,9,1816,37,2196,11
2514,16,1806,9,1816,37,2206,11
2514,16,1806,9,1816,37,2216,11
2514,16,1806,9,1816,37,2244,11
2514,16,1806,9,1816,37,2259,11
2514,16,1806,9,1816,37,2261,11
2514,16,1806,9,1816,37,2289,11
2514,16,1806,9,1816,37,2359,11
2514,16,1806,9,1816,37,2370,11
2514,16,1806,9,1816,37,2405,11
2514,16,1806,9,1852,23,159,11
2514,16,1806,9,1852,23,272,11
2514,16,1806,9,1852,23,457,11
2514,16,1806,9,1852,23,463,11
2514,16,1806,9,1852,23,700,11
2514,16,1806,9,1852,23,879,11
2514,16,1806,9,1852,23,927,11
2514,16,1806,9,1852,23,1003,11
2514,16,1806,9,1852,23,1068,11
2514,16,1806,9,1852,23,1153,11
2514,16,1806,9,1852,23,1194,11
2514,16,1806,9,1852,23,1260,11
2514,16,1806,9,1852,23,1388,11
2514,16,1806,9,1852,23,1391,11
2514,16,1806,9,1852,23,1422,11
2514,16,1806,9,1852,23,1556,11
2514,16,1806,9,1852,23,1568,11
2514,16,1806,9,1852,23,1599,11
2514,16,1806,9,1852,23,1747,11
2514,16,1806,9,1852,23,1818,11
2514,16,1806,9,1852,23,1873,11
2514,16,1806,9,1852,23,1940,11
2514,16,1806,9,1852,23,2068,11
2514,16,1806,9,1852,23,2079,11
2514,16,1806,9,1852,23,2123,11
2514,16,1806,9,1852,23,2196,11
2514,16,1806,9,1852,23,2216,11
2514,16,1806,9,1852,23,2259,11
2514,16,1806,9,1852,23,2370,11
2514,16,1806,9,1852,23,2405,11
2514,16,1806,9,1865,31,45,11
2514,16,1806,9,1865,31,159,11
2514,16,1806,9,1865,31,272,11
2514,16,1806,9,1865,31,338,11
2514,16,1806,9,1865,31,390,11
2514,16,1806,9,1865,31,457,11
2514,16,1806,9,1865,31,463,11
2514,16,1806,9,1865,31,620,11
2514,16,1806,9,1865,31,700,11
2514,16,1806,9,1865,31,742,11
2514,16,1806,9,1865,31,758,11
2514,16,1806,9,1865,31,879,11
2514,16,1806,9,1865,31,927,11
2514,16,1806,9,1865,31,979,11
2514,16,1806,9,1865,31,1003,11
2514,16,1806,9,1865,31,1044,11
2514,16,1806,9,1865,31,1068,11
2514,16,1806,9,1865,31,1153,11
2514,16,1806,9,1865,31,1186,11
2514,16,1806,9,1865,31,1194,11
2514,16,1806,9,1865,31,1259,11
2514,16,1806,9,1865,31,1260,11
2514,16,1806,9,1865,31,1312,11
2514,16,1806,9,1865,31,1388,11
2514,16,1806,9,1865,31,1391,11
2514,16,1806,9,1865,31,1422,11
2514,16,1806,9,1865,31,1556,11
2514,16,1806,9,1865,31,1568,11
2514,16,1806,9,1865,31,1599,11
2514,16,1806,9,1865,31,1747,11
2514,16,1806,9,1865,31,1773,11
2514,16,1806,9,1865,31,1799,11
2514,16,1806,9,1865,31,1818,11
2514,16,1806,9,1865,31,1873,11
2514,16,1806,9,1865,31,1940,11
2514,16,1806,9,1865,31,1956,11
2514,16,1806,9,1865,31,1997,11
2514,16,1806,9,1865,31,2068,11
2514,16,1806,9,1865,31,2079,11
2514,16,1806,9,1865,31,2123,11
2514,16,1806,9,1865,31,2196,11
2514,16,1806,9,1865,31,2206,11
2514,16,1806,9,1865,31,2216,11
2514,16,1806,9,1865,31,2244,11
2514,16,1806,9,1865,31,2259,11
2514,16,1806,9,1865,31,2261,11
2514,16,1806,9,1865,31,2289,11
2514,16,1806,9,1865,31,2359,11
2514,16,1806,9,1865,31,2370,11
2514,16,1806,9,1865,31,2405,11
2514,16,1806,9,1960,50,45,11
2514,16,1806,9,1960,50,159,11
2514,16,1806,9,1960,50,272,11
2514,16,1806,9,1960,50,338,11
2514,16,1806,9,1960,50,390,11
2514,16,1806,9,1960,50,457,11
2514,16,1806,9,1960,50,463,11
2514,16,1806,9,1960,50,620,11
2514,16,1806,9,1960,50,700,11
2514,16,1806,9,1960,50,742,11
2514,16,1806,9,1960,50,758,11
2514,16,1806,9,1960,50,879,11
2514,16,1806,9,1960,50,927,11
2514,16,1806,9,1960,50,979,11
2514,16,1806,9,1960,50,1003,11
2514,16,1806,9,1960,50,1044,11
2514,16,1806,9,1960,50,1068,11
2514,16,1806,9,1960,50,1153,11
2514,16,1806,9,1960,50,1186,11
2514,16,1806,9,1960,50,1194,11
2514,16,1806,9,1960,50,1259,11
2514,16,1806,9,1960,50,1260,11
2514,16,1806,9,1960,50,1312,11
2514,16,1806,9,1960,50,1388,11
2514,16,1806,9,1960,50,1391,11
2514,16,1806,9,1960,50,1422,11
2514,16,1806,9,1960,50,1556,11
2514,16,1806,9,1960,50,1568,11
2514,16,1806,9,1960,50,1599,11
2514,16,1806,9,1960,50,1747,11
2514,16,1806,9,1960,50,1773,11
2514,16,1806,9,1960,50,1799,11
2514,16,1806,9,1960,50,1818,11
2514,16,1806,9,1960,50,1873,11
2514,16,1806,9,1960,50,1940,11
2514,16,1806,9,1960,50,1956,11
2514,16,1806,9,1960,50,1997,11
2514,16,1806,9,1960,50,2068,11
2514,16,1806,9,1960,50,2079,11
2514,16,1806,9,1960,50,2123,11
2514,16,1806,9,1960,50,2196,11
2514,16,1806,9,1960,50,2206,11
2514,16,1806,9,1960,50,2216,11
2514,16,1806,9,1960,50,2244,11
2514,16,1806,9,1960,50,2259,11
2514,16,1806,9,1960,50,2261,11
2514,16,1806,9,1960,50,2289,11
2514,16,1806,9,1960,50,2359,11
2514,16,1806,9,1960,50,2370,11
2514,16,1806,9,1960,50,2405,11
