2514,16,1599,28,173,29,45,11
2514,16,1599,28,173,29,159,11
2514,16,1599,28,173,29,272,11
2514,16,1599,28,173,29,338,11
2514,16,1599,28,173,29,390,11
2514,16,1599,28,173,29,457,11
2514,16,1599,28,173,29,463,11
2514,16,1599,28,173,29,620,11
2514,16,1599,28,173,29,700,11
2514,16,1599,28,173,29,742,11
2514,16,1599,28,173,29,758,11
2514,16,1599,28,173,29,879,11
2514,16,1599,28,173,29,927,11
2514,16,1599,28,173,29,979,11
2514,16,1599,28,173,29,1003,11
2514,16,1599,28,173,29,1044,11
2514,16,1599,28,173,29,1068,11
2514,16,1599,28,173,29,1153,11
2514,16,1599,28,173,29,1186,11
2514,16,1599,28,173,29,1194,11
2514,16,1599,28,173,29,1259,11
2514,16,1599,28,173,29,1260,11
2514,16,1599,28,173,29,1312,11
2514,16,1599,28,173,29,1388,11
2514,16,1599,28,173,29,1391,11
2514,16,1599,28,173,29,1422,11
2514,16,1599,28,173,29,1556,11
2514,16,1599,28,173,29,1568,11
2514,16,1599,28,173,29,1599,11
2514,16,1599,28,173,29,1747,11
2514,16,1599,28,173,29,1773,11
2514,16,1599,28,173,29,1799,11
2514,16,1599,28,173,29,1818,11
2514,16,1599,28,173,29,1873,11
2514,16,1599,28,173,29,1940,11
2514,16,1599,28,173,29,1956,11
2514,16,1599,28,173,29,1997,11
2514,16,1599,28,173,29,2068,11
2514,16,1599,28,173,29,2079,11
2514,16,1599,28,173,29,2123,11
2514,16,1599,28,173,29,2196,11
2514,16,1599,28,173,29,2206,11
2514,16,1599,28,173,29,2216,11
2514,16,1599,28,173,29,2244,11
2514,16,1599,28,173,29,2259,11
2514,16,1599,28,173,29,2261,11
2514,16,1599,28,173,29,2289,11
2514,16,1599,28,173,29,2359,11
2514,16,1599,28,173,29,2370,11
2514,16,1599,28,173,29,2405,11
2514,16,1599,28,278,35,45,11
2514,16,1599,28,278,35,159,11
2514,16,1599,28,278,35,272,11
2514,16,1599,28,278,35,338,11
2514,16,1599,28,278,35,390,11
2514,16,1599,28,278,35,457,11
2514,16,1599,28,278,35,463,11
2514,16,1599,28,278,35,620,11
2514,16,1599,28,278,35,700,11
2514,16,1599,28,278,35,742,11
2514,16,1599,28,278,35,758,11
2514,16,1599,28,278,35,879,11
2514,16,1599,28,278,35,927,11
2514,16,1599,28,278,35,979,11
2514,16,1599,28,278,35,1003,11
2514,16,1599,28,278,35,1044,11
2514,16,1599,28,278,35,1068,11
2514,16,1599,28,278,35,1153,11
2514,16,1599,28,278,35,1186,11
2514,16,1599,28,278,35,1194,11
2514,16,1599,28,278,35,1259,11
2514,16,1599,28,278,35,1260,11
2514,16,1599,28,278,35,1312,11
2514,16,1599,28,278,35,1388,11
2514,16,1599,28,278,35,1391,11
2514,16,1599,28,278,35,1422,11
2514,16,1599,28,278,35,1556,11
2514,16,1599,28,278,35,1568,11
2514,16,1599,28,278,35,1599,11
2514,16,1599,28,278,35,1747,11
2514,16,1599,28,278,35,1773,11
2514,16,1599,28,278,35,1799,11
2514,16,1599,28,278,35,1818,11
2514,16,1599,28,278,35,1873,11
2514,16,1599,28,278,35,1940,11
2514,16,1599,28,278,35,1956,11
2514,16,1599,28,278,35,1997,11
2514,16,1599,28,278,35,2068,11
2514,16,1599,28,278,35,2079,11
2514,16,1599,28,278,35,2123,11
2514,16,1599,28,278,35,2196,11
2514,16,1599,28,278,35,2206,11
2514,16,1599,28,278,35,2216,11
2514,16,1599,28,278,35,2244,11
2514,16,1599,28,278,35,2259,11
2514,16,1599,28,278,35,2261,11
2514,16,1599,28,278,35,2289,11
2514,16,1599,28,278,35,2359,11
2514,16,1599,28,278,35,2370,11
2514,16,1599,28,278,35,2405,11
2514,16,1599,28,532,25,45,11
2514,16,1599,28,532,25,159,11
2514,16,1599,28,532,25,272,11
2514,16,1599,28,532,25,338,11
2514,16,1599,28,532,25,390,11
2514,16,1599,28,532,25,457,11
2514,16,1599,28,532,25,463,11
2514,16,1599,28,532,25,620,11
2514,16,1599,28,532,25,700,11
2514,16,1599,28,532,25,742,11
2514,16,1599,28,532,25,758,11
2514,16,1599,28,532,25,879,11
2514,16,1599,28,532,25,927,11
2514,16,1599,28,532,25,979,11
2514,16,1599,28,532,25,1003,11
2514,16,1599,28,532,25,1044,11
2514,16,1599,28,532,25,1068,11
2514,16,1599,28,532,25,1153,11
2514,16,1599,28,532,25,1186,11
2514,16,1599,28,532,25,1194,11
2514,16,1599,28,532,25,1259,11
2514,16,1599,28,532,25,1260,11
2514,16,1599,28,532,25,1312,11
2514,16,1599,28,532,25,1388,11
2514,16,1599,28,532,25,1391,11
2514,16,1599,28,532,25,1422,11
2514,16,1599,28,532,25,1556,11
2514,16,1599,28,532,25,1568,11
2514,16,1599,28,532,25,1599,11
2514,16,1599,28,532,25,1747,11
2514,16,1599,28,532,25,1773,11
2514,16,1599,28,532,25,1799,11
2514,16,1599,28,532,25,1818,11
2514,16,1599,28,532,25,1873,11
2514,16,1599,28,532,25,1940,11
2514,16,1599,28,532,25,1956,11
2514,16,1599,28,532,25,1997,11
2514,16,1599,28,532,25,2068,11
2514,16,1599,28,532,25,2079,11
2514,16,1599,28,532,25,2123,11
2514,16,1599,28,532,25,2196,11
2514,16,1599,28,532,25,2206,11
2514,16,1599,28,532,25,2216,11
2514,16,1599,28,532,25,2244,11
2514,16,1599,28,532,25,2259,11
2514,16,1599,28,532,25,2261,11
2514,16,1599,28,532,25,2289,11
2514,16,1599,28,532,25,2359,11
2514,16,1599,28,532,25,2370,11
2514,16,1599,28,532,25,2405,11
2514,16,1599,28,638,37,159,11
2514,16,1599,28,638,37,272,11
2514,16,1599,28,638,37,338,11
2514,16,1599,28,638,37,457,11
2514,16,1599,28,638,37,463,11
2514,16,1599,28,638,37,700,11
2514,16,1599,28,638,37,742,11
2514,16,1599,28,638,37,758,11
2514,16,1599,28,638,37,879,11
2514,16,1599,28,638,37,927,11
2514,16,1599,28,638,37,1003,11
2514,16,1599,28,638,37,1044,11
2514,16,1599,28,638,37,1068,11
2514,16,1599,28,638,37,1153,11
2514,16,1599,28,638,37,1186,11
2514,16,1599,28,638,37,1194,11
2514,16,1599,28,638,37,1259,11
2514,16,1599,28,638,37,1260,11
2514,16,1599,28,638,37,1312,11
2514,16,1599,28,638,37,1388,11
2514,16,1599,28,638,37,1391,11
2514,16,1599,28,638,37,1422,11
2514,16,1599,28,638,37,1556,11
2514,16,1599,28,638,37,1568,11
2514,16,1599,28,638,37,1599,11
2514,16,1599,28,638,37,1747,11
2514,16,1599,28,638,37,1773,11
2514,16,1599,28,638,37,1818,11
2514,16,1599,28,638,37,1873,11
2514,16,1599,28,638,37,1940,11
2514,16,1599,28,638,37,1997,11
2514,16,1599,28,638,37,2068,11
2514,16,1599,28,638,37,2079,11
2514,16,1599,28,638,37,2123,11
2514,16,1599,28,638,37,2196,11
2514,16,1599,28,638,37,2216,11
2514,16,1599,28,638,37,2259,11
2514,16,1599,28,638,37,2289,11
2514,16,1599,28,638,37,2370,11
2514,16,1599,28,638,37,2405,11
2514,16,1599,28,733,13,45,11
2514,16,1599,28,733,13,159,11
2514,16,1599,28,733,13,272,11
2514,16,1599,28,733,13,338,11
2514,16,1599,28,733,13,390,11
2514,16,1599,28,733,13,457,11
2514,16,1599,28,733,13,463,11
2514,16,1599,28,733,13,620,11
2514,16,1599,28,733,13,700,11
2514,16,1599,28,733,13,742,11
2514,16,1599,28,733,13,758,11
2514,16,1599,28,733,13,879,11
2514,16,1599,28,733,13,927,11
2514,16,1599,28,733,13,979,11
2514,16,1599,28,733,13,1003,11
2514,16,1599,28,733,13,1044,11
2514,16,1599,28,733,13,1068,11
2514,16,1599,28,733,13,1153,11
2514,16,1599,28,733,13,1186,11
2514,16,1599,28,733,13,1194,11
2514,16,1599,28,733,13,1259,11
2514,16,1599,28,733,13,1260,11
2514,16,1599,28,733,13,1312,11
2514,16,1599,28,733,13,1388,11
2514,16,1599,28,733,13,1391,11
2514,16,1599,28,733,13,1422,11
2514,16,1599,28,733,13,1556,11
2514,16,1599,28,733,13,1568,11
2514,16,1599,28,733,13,1599,11
2514,16,1599,28,733,13,1747,11
2514,16,1599,28,733,13,1773,11
2514,16,1599,28,733,13,1799,11
2514,16,1599,28,733,13,1818,11
2514,16,1599,28,733,13,1873,11
2514,16,1599,28,733,13,1940,11
2514,16,1599,28,733,13,1956,11
2514,16,1599,28,733,13,1997,11
2514,16,1599,28,733,13,2068,11
2514,16,1599,28,733,13,2079,11
2514,16,1599,28,733,13,2123,11
2514,16,1599,28,733,13,2196,11
2514,16,1599,28,733,13,2206,11
2514,16,1599,28,733,13,2216,11
2514,16,1599,28,733,13,2244,11
2514,16,1599,28,733,13,2259,11
2514,16,1599,28,733,13,2261,11
2514,16,1599,28,733,13,2289,11
2514,16,1599,28,733,13,2359,11
2514,16,1599,28,733,13,2370,11
2514,16,1599,28,733,13,2405,11
2514,16,1599,28,815,23,45,11
2514,16,1599,28,815,23,159,11
2514,16,1599,28,815,23,272,11
2514,16,1599,28,815,23,338,11
2514,16,1599,28,815,23,390,11
2514,16,1599,28,815,23,457,11
2514,16,1599,28,815,23,463,11
2514,16,1599,28,815,23,620,11
2514,16,1599,28,815,23,700,11
2514,16,1599,28,815,23,742,11
2514,16,1599,28,815,23,758,11
2514,16,1599,28,815,23,879,11
2514,16,1599,28,815,23,927,11
2514,16,1599,28,815,23,979,11
2514,16,1599,28,815,23,1003,11
2514,16,1599,28,815,23,1044,11
2514,16,1599,28,815,23,1068,11
2514,16,1599,28,815,23,1153,11
2514,16,1599,28,815,23,1186,11
2514,16,1599,28,815,23,1194,11
2514,16,1599,28,815,23,1259,11
2514,16,1599,28,815,23,1260,11
2514,16,1599,28,815,23,1312,11
2514,16,1599,28,815,23,1388,11
2514,16,1599,28,815,23,1391,11
2514,16,1599,28,815,23,1422,11
2514,16,1599,28,815,23,1556,11
2514,16,1599,28,815,23,1568,11
2514,16,1599,28,815,23,1599,11
2514,16,1599,28,815,23,1747,11
2514,16,1599,28,815,23,1773,11
2514,16,1599,28,815,23,1799,11
2514,16,1599,28,815,23,1818,11
2514,16,1599,28,815,23,1873,11
2514,16,1599,28,815,23,1940,11
2514,16,1599,28,815,23,1956,11
2514,16,1599,28,815,23,1997,11
2514,16,1599,28,815,23,2068,11
2514,16,1599,28,815,23,2079,11
2514,16,1599,28,815,23,2123,11
2514,16,1599,28,815,23,2196,11
2514,16,1599,28,815,23,2206,11
2514,16,1599,28,815,23,2216,11
2514,16,1599,28,815,23,2244,11
2514,16,1599,28,815,23,2259,11
2514,16,1599,28,815,23,2261,11
2514,16,1599,28,815,23,2289,11
2514,16,1599,28,815,23,2359,11
2514,16,1599,28,815,23,2370,11
2514,16,1599,28,815,23,2405,11
2514,16,1599,28,985,20,45,11
2514,16,1599,28,985,20,159,11
2514,16,1599,28,985,20,272,11
2514,16,1599,28,985,20,338,11
2514,16,1599,28,985,20,390,11
2514,16,1599,28,985,20,457,11
2514,16,1599,28,985,20,463,11
2514,16,1599,28,985,20,620,11
2514,16,1599,28,985,20,700,11
2514,16,1599,28,985,20,742,11
2514,16,1599,28,985,20,758,11
2514,16,1599,28,985,20,879,11
2514,16,1599,28,985,20,927,11
2514,16,1599,28,985,20,979,11
2514,16,1599,28,985,20,1003,11
2514,16,1599,28,985,20,1044,11
2514,16,1599,28,985,20,1068,11
2514,16,1599,28,985,20,1153,11
2514,16,1599,28,985,20,1186,11
2514,16,1599,28,985,20,1194,11
2514,16,1599,28,985,20,1259,11
2514,16,1599,28,985,20,1260,11
2514,16,1599,28,985,20,1312,11
2514,16,1599,28,985,20,1388,11
2514,16,1599,28,985,20,1391,11
2514,16,1599,28,985,20,1422,11
2514,16,1599,28,985,20,1556,11
2514,16,1599,28,985,20,1568,11
2514,16,1599,28,985,20,1599,11
2514,16,1599,28,985,20,1747,11
2514,16,1599,28,985,20,1773,11
2514,16,1599,28,985,20,1799,11
2514,16,1599,28,985,20,1818,11
2514,16,1599,28,985,20,1873,11
2514,16,1599,28,985,20,1940,11
2514,16,1599,28,985,20,1956,11
2514,16,1599,28,985,20,1997,11
2514,16,1599,28,985,20,2068,11
2514,16,1599,28,985,20,2079,11
2514,16,1599,28,985,20,2123,11
2514,16,1599,28,985,20,2196,11
2514,16,1599,28,985,20,2206,11
2514,16,1599,28,985,20,2216,11
2514,16,1599,28,985,20,2244,11
2514,16,1599,28,985,20,2259,11
2514,16,1599,28,985,20,2261,11
2514,16,1599,28,985,20,2289,11
2514,16,1599,28,985,20,2359,11
2514,16,1599,28,985,20,2370,11
2514,16,1599,28,985,20,2405,11
2514,16,1599,28,1070,47,45,11
2514,16,1599,28,1070,47,159,11
2514,16,1599,28,1070,47,272,11
2514,16,1599,28,1070,47,338,11
2514,16,1599,28,1070,47,390,11
2514,16,1599,28,1070,47,457,11
2514,16,1599,28,1070,47,463,11
2514,16,1599,28,1070,47,620,11
2514,16,1599,28,1070,47,700,11
2514,16,1599,28,1070,47,742,11
2514,16,1599,28,1070,47,758,11
2514,16,1599,28,1070,47,879,11
2514,16,1599,28,1070,47,927,11
2514,16,1599,28,1070,47,979,11
2514,16,1599,28,1070,47,1003,11
2514,16,1599,28,1070,47,1044,11
2514,16,1599,28,1070,47,1068,11
2514,16,1599,28,1070,47,1153,11
2514,16,1599,28,1070,47,1186,11
2514,16,1599,28,1070,47,1194,11
2514,16,1599,28,1070,47,1259,11
2514,16,1599,28,1070,47,1260,11
2514,16,1599,28,1070,47,1312,11
2514,16,1599,28,1070,47,1388,11
2514,16,1599,28,1070,47,1391,11
2514,16,1599,28,1070,47,1422,11
2514,16,1599,28,1070,47,1556,11
2514,16,1599,28,1070,47,1568,11
2514,16,1599,28,1070,47,1599,11
2514,16,1599,28,1070,47,1747,11
2514,16,1599,28,1070,47,1773,11
2514,16,1599,28,1070,47,1799,11
2514,16,1599,28,1070,47,1818,11
2514,16,1599,28,1070,47,1873,11
2514,16,1599,28,1070,47,1940,11
2514,16,1599,28,1070,47,1956,11
2514,16,1599,28,1070,47,1997,11
2514,16,1599,28,1070,47,2068,11
2514,16,1599,28,1070,47,2079,11
2514,16,1599,28,1070,47,2123,11
2514,16,1599,28,1070,47,2196,11
2514,16,1599,28,1070,47,2206,11
2514,16,1599,28,1070,47,2216,11
2514,16,1599,28,1070,47,2244,11
2514,16,1599,28,1070,47,2259,11
2514,16,1599,28,1070,47,2261,11
2514,16,1599,28,1070,47,2289,11
2514,16,1599,28,1070,47,2359,11
2514,16,1599,28,1070,47,2370,11
2514,16,1599,28,1070,47,2405,11
2514,16,1599,28,1108,25,45,11
2514,16,1599,28,1108,25,159,11
2514,16,1599,28,1108,25,272,11
2514,16,1599,28,1108,25,338,11
2514,16,1599,28,1108,25,390,11
2514,16,1599,28,1108,25,457,11
2514,16,1599,28,1108,25,463,11
2514,16,1599,28,1108,25,620,11
2514,16,1599,28,1108,25,700,11
2514,16,1599,28,1108,25,742,11
2514,16,1599,28,1108,25,758,11
2514,16,1599,28,1108,25,879,11
2514,16,1599,28,1108,25,927,11
2514,16,1599,28,1108,25,979,11
2514,16,1599,28,1108,25,1003,11
2514,16,1599,28,1108,25,1044,11
2514,16,1599,28,1108,25,1068,11
2514,16,1599,28,1108,25,1153,11
2514,16,1599,28,1108,25,1186,11
2514,16,1599,28,1108,25,1194,11
2514,16,1599,28,1108,25,1259,11
2514,16,1599,28,1108,25,1260,11
2514,16,1599,28,1108,25,1312,11
2514,16,1599,28,1108,25,1388,11
2514,16,1599,28,1108,25,1391,11
2514,16,1599,28,1108,25,1422,11
2514,16,1599,28,1108,25,1556,11
2514,16,1599,28,1108,25,1568,11
2514,16,1599,28,1108,25,1599,11
2514,16,1599,28,1108,25,1747,11
2514,16,1599,28,1108,25,1773,11
2514,16,1599,28,1108,25,1799,11
2514,16,1599,28,1108,25,1818,11
2514,16,1599,28,1108,25,1873,11
2514,16,1599,28,1108,25,1940,11
2514,16,1599,28,1108,25,1956,11
2514,16,1599,28,1108,25,1997,11
2514,16,1599,28,1108,25,2068,11
2514,16,1599,28,1108,25,2079,11
2514,16,1599,28,1108,25,2123,11
2514,16,1599,28,1108,25,2196,11
2514,16,1599,28,1108,25,2206,11
2514,16,1599,28,1108,25,2216,11
2514,16,1599,28,1108,25,2244,11
2514,16,1599,28,1108,25,2259,11
2514,16,1599,28,1108,25,2261,11
2514,16,1599,28,1108,25,2289,11
2514,16,1599,28,1108,25,2359,11
2514,16,1599,28,1108,25,2370,11
2514,16,1599,28,1108,25,2405,11
2514,16,1599,28,1193,48,45,11
2514,16,1599,28,1193,48,159,11
2514,16,1599,28,1193,48,272,11
2514,16,1599,28,1193,48,338,11
2514,16,1599,28,1193,48,390,11
2514,16,1599,28,1193,48,457,11
2514,16,1599,28,1193,48,463,11
2514,16,1599,28,1193,48,620,11
2514,16,1599,28,1193,48,700,11
2514,16,1599,28,1193,48,742,11
2514,16,1599,28,1193,48,758,11
2514,16,1599,28,1193,48,879,11
2514,16,1599,28,1193,48,927,11
2514,16,1599,28,1193,48,979,11
2514,16,1599,28,1193,48,1003,11
2514,16,1599,28,1193,48,1044,11
2514,16,1599,28,1193,48,1068,11
2514,16,1599,28,1193,48,1153,11
2514,16,1599,28,1193,48,1186,11
2514,16,1599,28,1193,48,1194,11
2514,16,1599,28,1193,48,1259,11
2514,16,1599,28,1193,48,1260,11
2514,16,1599,28,1193,48,1312,11
2514,16,1599,28,1193,48,1388,11
2514,16,1599,28,1193,48,1391,11
2514,16,1599,28,1193,48,1422,11
2514,16,1599,28,1193,48,1556,11
2514,16,1599,28,1193,48,1568,11
2514,16,1599,28,1193,48,1599,11
2514,16,1599,28,1193,48,1747,11
2514,16,1599,28,1193,48,1773,11
2514,16,1599,28,1193,48,1799,11
2514,16,1599,28,1193,48,1818,11
2514,16,1599,28,1193,48,1873,11
2514,16,1599,28,1193,48,1940,11
2514,16,1599,28,1193,48,1956,11
2514,16,1599,28,1193,48,1997,11
2514,16,1599,28,1193,48,2068,11
2514,16,1599,28,1193,48,2079,11
2514,16,1599,28,1193,48,2123,11
2514,16,1599,28,1193,48,2196,11
2514,16,1599,28,1193,48,2206,11
2514,16,1599,28,1193,48,2216,11
2514,16,1599,28,1193,48,2244,11
2514,16,1599,28,1193,48,2259,11
2514,16,1599,28,1193,48,2261,11
2514,16,1599,28,1193,48,2289,11
2514,16,1599,28,1193,48,2359,11
2514,16,1599,28,1193,48,2370,11
2514,16,1599,28,1193,48,2405,11
2514,16,1599,28,1375,37,45,11
2514,16,1599,28,1375,37,159,11
2514,16,1599,28,1375,37,272,11
2514,16,1599,28,1375,37,338,11
2514,16,1599,28,1375,37,390,11
2514,16,1599,28,1375,37,457,11
2514,16,1599,28,1375,37,463,11
2514,16,1599,28,1375,37,620,11
2514,16,1599,28,1375,37,700,11
2514,16,1599,28,1375,37,742,11
2514,16,1599,28,1375,37,758,11
2514,16,1599,28,1375,37,879,11
2514,16,1599,28,1375,37,927,11
2514,16,1599,28,1375,37,979,11
2514,16,1599,28,1375,37,1003,11
2514,16,1599,28,1375,37,1044,11
2514,16,1599,28,1375,37,1068,11
2514,16,1599,28,1375,37,1153,11
2514,16,1599,28,1375,37,1186,11
2514,16,1599,28,1375,37,1194,11
2514,16,1599,28,1375,37,1259,11
2514,16,1599,28,1375,37,1260,11
2514,16,1599,28,1375,37,1312,11
2514,16,1599,28,1375,37,1388,11
2514,16,1599,28,1375,37,1391,11
2514,16,1599,28,1375,37,1422,11
2514,16,1599,28,1375,37,1556,11
2514,16,1599,28,1375,37,1568,11
2514,16,1599,28,1375,37,1599,11
2514,16,1599,28,1375,37,1747,11
2514,16,1599,28,1375,37,1773,11
2514,16,1599,28,1375,37,1799,11
2514,16,1599,28,1375,37,1818,11
2514,16,1599,28,1375,37,1873,11
2514,16,1599,28,1375,37,1940,11
2514,16,1599,28,1375,37,1956,11
2514,16,1599,28,1375,37,1997,11
2514,16,1599,28,1375,37,2068,11
2514,16,1599,28,1375,37,2079,11
2514,16,1599,28,1375,37,2123,11
2514,16,1599,28,1375,37,2196,11
2514,16,1599,28,1375,37,2206,11
2514,16,1599,28,1375,37,2216,11
2514,16,1599,28,1375,37,2244,11
2514,16,1599,28,1375,37,2259,11
2514,16,1599,28,1375,37,2261,11
2514,16,1599,28,1375,37,2289,11
2514,16,1599,28,1375,37,2359,11
2514,16,1599,28,1375,37,2370,11
2514,16,1599,28,1375,37,2405,11
2514,16,1599,28,1875,23,45,11
2514,16,1599,28,1875,23,159,11
2514,16,1599,28,1875,23,272,11
2514,16,1599,28,1875,23,338,11
2514,16,1599,28,1875,23,390,11
2514,16,1599,28,1875,23,457,11
2514,16,1599,28,1875,23,463,11
2514,16,1599,28,1875,23,620,11
2514,16,1599,28,1875,23,700,11
2514,16,1599,28,1875,23,742,11
2514,16,1599,28,1875,23,758,11
2514,16,1599,28,1875,23,879,11
2514,16,1599,28,1875,23,927,11
2514,16,1599,28,1875,23,979,11
2514,16,1599,28,1875,23,1003,11
2514,16,1599,28,1875,23,1044,11
2514,16,1599,28,1875,23,1068,11
2514,16,1599,28,1875,23,1153,11
2514,16,1599,28,1875,23,1186,11
2514,16,1599,28,1875,23,1194,11
2514,16,1599,28,1875,23,1259,11
2514,16,1599,28,1875,23,1260,11
2514,16,1599,28,1875,23,1312,11
2514,16,1599,28,1875,23,1388,11
2514,16,1599,28,1875,23,1391,11
2514,16,1599,28,1875,23,1422,11
2514,16,1599,28,1875,23,1556,11
2514,16,1599,28,1875,23,1568,11
2514,16,1599,28,1875,23,1599,11
2514,16,1599,28,1875,23,1747,11
2514,16,1599,28,1875,23,1773,11
2514,16,1599,28,1875,23,1799,11
2514,16,1599,28,1875,23,1818,11
2514,16,1599,28,1875,23,1873,11
2514,16,1599,28,1875,23,1940,11
2514,16,1599,28,1875,23,1956,11
2514,16,1599,28,1875,23,1997,11
2514,16,1599,28,1875,23,2068,11
2514,16,1599,28,1875,23,2079,11
2514,16,1599,28,1875,23,2123,11
2514,16,1599,28,1875,23,2196,11
2514,16,1599,28,1875,23,2206,11
2514,16,1599,28,1875,23,2216,11
2514,16,1599,28,1875,23,2244,11
2514,16,1599,28,1875,23,2259,11
2514,16,1599,28,1875,23,2261,11
2514,16,1599,28,1875,23,2289,11
2514,16,1599,28,1875,23,2359,11
2514,16,1599,28,1875,23,2370,11
2514,16,1599,28,1875,23,2405,11
2514,16,1599,28,1987,38,45,11
2514,16,1599,28,1987,38,159,11
2514,16,1599,28,1987,38,272,11
2514,16,1599,28,1987,38,338,11
2514,16,1599,28,1987,38,390,11
2514,16,1599,28,1987,38,457,11
2514,16,1599,28,1987,38,463,11
2514,16,1599,28,1987,38,620,11
2514,16,1599,28,1987,38,700,11
2514,16,1599,28,1987,38,742,11
2514,16,1599,28,1987,38,758,11
2514,16,1599,28,1987,38,879,11
2514,16,1599,28,1987,38,927,11
2514,16,1599,28,1987,38,979,11
2514,16,1599,28,1987,38,1003,11
2514,16,1599,28,1987,38,1044,11
2514,16,1599,28,1987,38,1068,11
2514,16,1599,28,1987,38,1153,11
2514,16,1599,28,1987,38,1186,11
2514,16,1599,28,1987,38,1194,11
2514,16,1599,28,1987,38,1259,11
2514,16,1599,28,1987,38,1260,11
2514,16,1599,28,1987,38,1312,11
2514,16,1599,28,1987,38,1388,11
2514,16,1599,28,1987,38,1391,11
2514,16,1599,28,1987,38,1422,11
2514,16,1599,28,1987,38,1556,11
2514,16,1599,28,1987,38,1568,11
2514,16,1599,28,1987,38,1599,11
2514,16,1599,28,1987,38,1747,11
2514,16,1599,28,1987,38,1773,11
2514,16,1599,28,1987,38,1799,11
2514,16,1599,28,1987,38,1818,11
2514,16,1599,28,1987,38,1873,11
2514,16,1599,28,1987,38,1940,11
2514,16,1599,28,1987,38,1956,11
2514,16,1599,28,1987,38,1997,11
2514,16,1599,28,1987,38,2068,11
2514,16,1599,28,1987,38,2079,11
2514,16,1599,28,1987,38,2123,11
2514,16,1599,28,1987,38,2196,11
2514,16,1599,28,1987,38,2206,11
2514,16,1599,28,1987,38,2216,11
2514,16,1599,28,1987,38,2244,11
2514,16,1599,28,1987,38,2259,11
2514,16,1599,28,1987,38,2261,11
2514,16,1599,28,1987,38,2289,11
2514,16,1599,28,1987,38,2359,11
2514,16,1599,28,1987,38,2370,11
2514,16,1599,28,1987,38,2405,11
