2514,16,1806,9,15,25,45,11
2514,16,1806,9,15,25,159,11
2514,16,1806,9,15,25,272,11
2514,16,1806,9,15,25,338,11
2514,16,1806,9,15,25,390,11
2514,16,1806,9,15,25,457,11
2514,16,1806,9,15,25,463,11
2514,16,1806,9,15,25,620,11
2514,16,1806,9,15,25,700,11
2514,16,1806,9,15,25,742,11
2514,16,1806,9,15,25,758,11
2514,16,1806,9,15,25,879,11
2514,16,1806,9,15,25,927,11
2514,16,1806,9,15,25,979,11
2514,16,1806,9,15,25,1003,11
2514,16,1806,9,15,25,1044,11
2514,16,1806,9,15,25,1068,11
2514,16,1806,9,15,25,1153,11
2514,16,1806,9,15,25,1186,11
2514,16,1806,9,15,25,1194,11
2514,16,1806,9,15,25,1259,11
2514,16,1806,9,15,25,1260,11
2514,16,1806,9,15,25,1312,11
2514,16,1806,9,15,25,1388,11
2514,16,1806,9,15,25,1391,11
2514,16,1806,9,15,25,1422,11
2514,16,1806,9,15,25,1556,11
2514,16,1806,9,15,25,1568,11
2514,16,1806,9,15,25,1599,11
2514,16,1806,9,15,25,1747,11
2514,16,1806,9,15,25,1773,11
2514,16,1806,9,15,25,1799,11
2514,16,1806,9,15,25,1818,11
2514,16,1806,9,15,25,1873,11
2514,16,1806,9,15,25,1940,11
2514,16,1806,9,15,25,1956,11
2514,16,1806,9,15,25,1997,11
2514,16,1806,9,15,25,2068,11
2514,16,1806,9,15,25,2079,11
2514,16,1806,9,15,25,2123,11
2514,16,1806,9,15,25,2196,11
2514,16,1806,9,15,25,2206,11
2514,16,1806,9,15,25,2216,11
2514,16,1806,9,15,25,2244,11
2514,16,1806,9,15,25,2259,11
2514,16,1806,9,15,25,2261,11
2514,16,1806,9,15,25,2289,11
2514,16,1806,9,15,25,2359,11
2514,16,1806,9,15,25,2370,11
2514,16,1806,9,15,25,2405,11
2514,16,1806,9,85,46,45,11
2514,16,1806,9,85,46,159,11
2514,16,1806,9,85,46,272,11
2514,16,1806,9,85,46,338,11
2514,16,1806,9,85,46,390,11
2514,16,1806,9,85,46,457,11
2514,16,1806,9,85,46,463,11
2514,16,1806,9,85,46,620,11
2514,16,1806,9,85,46,700,11
2514,16,1806,9,85,46,742,11
2514,16,1806,9,85,46,758,11
2514,16,1806,9,85,46,879,11
2514,16,1806,9,85,46,927,11
2514,16,1806,9,85,46,979,11
2514,16,1806,9,85,46,1003,11
2514,16,1806,9,85,46,1044,11
2514,16,1806,9,85,46,1068,11
2514,16,1806,9,85,46,1153,11
2514,16,1806,9,85,46,1186,11
2514,16,1806,9,85,46,1194,11
2514,16,1806,9,85,46,1259,11
2514,16,1806,9,85,46,1260,11
2514,16,1806,9,85,46,1312,11
2514,16,1806,9,85,46,1388,11
2514,16,1806,9,85,46,1391,11
2514,16,1806,9,85,46,1422,11
2514,16,1806,9,85,46,1556,11
2514,16,1806,9,85,46,1568,11
2514,16,1806,9,85,46,1599,11
2514,16,1806,9,85,46,1747,11
2514,16,1806,9,85,46,1773,11
2514,16,1806,9,85,46,1799,11
2514,16,1806,9,85,46,1818,11
2514,16,1806,9,85,46,1873,11
2514,16,1806,9,85,46,1940,11
2514,16,1806,9,85,46,1956,11
2514,16,1806,9,85,46,1997,11
2514,16,1806,9,85,46,2068,11
2514,16,1806,9,85,46,2079,11
2514,16,1806,9,85,46,2123,11
2514,16,1806,9,85,46,2196,11
2514,16,1806,9,85,46,2206,11
2514,16,1806,9,85,46,2216,11
2514,16,1806,9,85,46,2244,11
2514,16,1806,9,85,46,2259,11
2514,16,1806,9,85,46,2261,11
2514,16,1806,9,85,46,2289,11
2514,16,1806,9,85,46,2359,11
2514,16,1806,9,85,46,2370,11
2514,16,1806,9,85,46,2405,11
2514,16,1806,9,106,16,45,11
2514,16,1806,9,106,16,159,11
2514,16,1806,9,106,16,272,11
2514,16,1806,9,106,16,338,11
2514,16,1806,9,106,16,390,11
2514,16,1806,9,106,16,457,11
2514,16,1806,9,106,16,463,11
2514,16,1806,9,106,16,620,11
2514,16,1806,9,106,16,700,11
2514,16,1806,9,106,16,742,11
2514,16,1806,9,106,16,758,11
2514,16,1806,9,106,16,879,11
2514,16,1806,9,106,16,927,11
2514,16,1806,9,106,16,979,11
2514,16,1806,9,106,16,1003,11
2514,16,1806,9,106,16,1044,11
2514,16,1806,9,106,16,1068,11
2514,16,1806,9,106,16,1153,11
2514,16,1806,9,106,16,1186,11
2514,16,1806,9,106,16,1194,11
2514,16,1806,9,106,16,1259,11
2514,16,1806,9,106,16,1260,11
2514,16,1806,9,106,16,1312,11
2514,16,1806,9,106,16,1388,11
2514,16,1806,9,106,16,1391,11
2514,16,1806,9,106,16,1422,11
2514,16,1806,9,106,16,1556,11
2514,16,1806,9,106,16,1568,11
2514,16,1806,9,106,16,1599,11
2514,16,1806,9,106,16,1747,11
2514,16,1806,9,106,16,1773,11
2514,16,1806,9,106,16,1799,11
2514,16,1806,9,106,16,1818,11
2514,16,1806,9,106,16,1873,11
2514,16,1806,9,106,16,1940,11
2514,16,1806,9,106,16,1956,11
2514,16,1806,9,106,16,1997,11
2514,16,1806,9,106,16,2068,11
2514,16,1806,9,106,16,2079,11
2514,16,1806,9,106,16,2123,11
2514,16,1806,9,106,16,2196,11
2514,16,1806,9,106,16,2206,11
2514,16,1806,9,106,16,2216,11
2514,16,1806,9,106,16,2244,11
2514,16,1806,9,106,16,2259,11
2514,16,1806,9,106,16,2261,11
2514,16,1806,9,106,16,2289,11
2514,16,1806,9,106,16,2359,11
2514,16,1806,9,106,16,2370,11
2514,16,1806,9,106,16,2405,11
2514,16,1806,9,316,33,45,11
2514,16,1806,9,316,33,159,11
2514,16,1806,9,316,33,272,11
2514,16,1806,9,316,33,338,11
2514,16,1806,9,316,33,390,11
2514,16,1806,9,316,33,457,11
2514,16,1806,9,316,33,463,11
2514,16,1806,9,316,33,620,11
2514,16,1806,9,316,33,700,11
2514,16,1806,9,316,33,742,11
2514,16,1806,9,316,33,758,11
2514,16,1806,9,316,33,879,11
2514,16,1806,9,316,33,927,11
2514,16,1806,9,316,33,979,11
2514,16,1806,9,316,33,1003,11
2514,16,1806,9,316,33,1044,11
2514,16,1806,9,316,33,1068,11
2514,16,1806,9,316,33,1153,11
2514,16,1806,9,316,33,1186,11
2514,16,1806,9,316,33,1194,11
2514,16,1806,9,316,33,1259,11
2514,16,1806,9,316,33,1260,11
2514,16,1806,9,316,33,1312,11
2514,16,1806,9,316,33,1388,11
2514,16,1806,9,316,33,1391,11
2514,16,1806,9,316,33,1422,11
2514,16,1806,9,316,33,1556,11
2514,16,1806,9,316,33,1568,11
2514,16,1806,9,316,33,1599,11
2514,16,1806,9,316,33,1747,11
2514,16,1806,9,316,33,1773,11
2514,16,1806,9,316,33,1799,11
2514,16,1806,9,316,33,1818,11
2514,16,1806,9,316,33,1873,11
2514,16,1806,9,316,33,1940,11
2514,16,1806,9,316,33,1956,11
2514,16,1806,9,316,33,1997,11
2514,16,1806,9,316,33,2068,11
2514,16,1806,9,316,33,2079,11
2514,16,1806,9,316,33,2123,11
2514,16,1806,9,316,33,2196,11
2514,16,1806,9,316,33,2206,11
2514,16,1806,9,316,33,2216,11
2514,16,1806,9,316,33,2244,11
2514,16,1806,9,316,33,2259,11
2514,16,1806,9,316,33,2261,11
2514,16,1806,9,316,33,2289,11
2514,16,1806,9,316,33,2359,11
2514,16,1806,9,316,33,2370,11
2514,16,1806,9,316,33,2405,11
2514,16,1806,9,330,27,45,11
2514,16,1806,9,330,27,159,11
2514,16,1806,9,330,27,272,11
2514,16,1806,9,330,27,338,11
2514,16,1806,9,330,27,390,11
2514,16,1806,9,330,27,457,11
2514,16,1806,9,330,27,463,11
2514,16,1806,9,330,27,620,11
2514,16,1806,9,330,27,700,11
2514,16,1806,9,330,27,742,11
2514,16,1806,9,330,27,758,11
2514,16,1806,9,330,27,879,11
2514,16,1806,9,330,27,927,11
2514,16,1806,9,330,27,979,11
2514,16,1806,9,330,27,1003,11
2514,16,1806,9,330,27,1044,11
2514,16,1806,9,330,27,1068,11
2514,16,1806,9,330,27,1153,11
2514,16,1806,9,330,27,1186,11
2514,16,1806,9,330,27,1194,11
2514,16,1806,9,330,27,1259,11
2514,16,1806,9,330,27,1260,11
2514,16,1806,9,330,27,1312,11
2514,16,1806,9,330,27,1388,11
2514,16,1806,9,330,27,1391,11
2514,16,1806,9,330,27,1422,11
2514,16,1806,9,330,27,1556,11
2514,16,1806,9,330,27,1568,11
2514,16,1806,9,330,27,1599,11
2514,16,1806,9,330,27,1747,11
2514,16,1806,9,330,27,1773,11
2514,16,1806,9,330,27,1799,11
2514,16,1806,9,330,27,1818,11
2514,16,1806,9,330,27,1873,11
2514,16,1806,9,330,27,1940,11
2514,16,1806,9,330,27,1956,11
2514,16,1806,9,330,27,1997,11
2514,16,1806,9,330,27,2068,11
2514,16,1806,9,330,27,2079,11
2514,16,1806,9,330,27,2123,11
2514,16,1806,9,330,27,2196,11
2514,16,1806,9,330,27,2206,11
2514,16,1806,9,330,27,2216,11
2514,16,1806,9,330,27,2244,11
2514,16,1806,9,330,27,2259,11
2514,16,1806,9,330,27,2261,11
2514,16,1806,9,330,27,2289,11
2514,16,1806,9,330,27,2359,11
2514,16,1806,9,330,27,2370,11
2514,16,1806,9,330,27,2405,11
2514,16,1806,9,504,23,45,11
2514,16,1806,9,504,23,159,11
2514,16,1806,9,504,23,272,11
2514,16,1806,9,504,23,338,11
2514,16,1806,9,504,23,390,11
2514,16,1806,9,504,23,457,11
2514,16,1806,9,504,23,463,11
2514,16,1806,9,504,23,620,11
2514,16,1806,9,504,23,700,11
2514,16,1806,9,504,23,742,11
2514,16,1806,9,504,23,758,11
2514,16,1806,9,504,23,879,11
2514,16,1806,9,504,23,927,11
2514,16,1806,9,504,23,979,11
2514,16,1806,9,504,23,1003,11
2514,16,1806,9,504,23,1044,11
2514,16,1806,9,504,23,1068,11
2514,16,1806,9,504,23,1153,11
2514,16,1806,9,504,23,1186,11
2514,16,1806,9,504,23,1194,11
2514,16,1806,9,504,23,1259,11
2514,16,1806,9,504,23,1260,11
2514,16,1806,9,504,23,1312,11
2514,16,1806,9,504,23,1388,11
2514,16,1806,9,504,23,1391,11
2514,16,1806,9,504,23,1422,11
2514,16,1806,9,504,23,1556,11
2514,16,1806,9,504,23,1568,11
2514,16,1806,9,504,23,1599,11
2514,16,1806,9,504,23,1747,11
2514,16,1806,9,504,23,1773,11
2514,16,1806,9,504,23,1799,11
2514,16,1806,9,504,23,1818,11
2514,16,1806,9,504,23,1873,11
2514,16,1806,9,504,23,1940,11
2514,16,1806,9,504,23,1956,11
2514,16,1806,9,504,23,1997,11
2514,16,1806,9,504,23,2068,11
2514,16,1806,9,504,23,2079,11
2514,16,1806,9,504,23,2123,11
2514,16,1806,9,504,23,2196,11
2514,16,1806,9,504,23,2206,11
2514,16,1806,9,504,23,2216,11
2514,16,1806,9,504,23,2244,11
2514,16,1806,9,504,23,2259,11
2514,16,1806,9,504,23,2261,11
2514,16,1806,9,504,23,2289,11
2514,16,1806,9,504,23,2359,11
2514,16,1806,9,504,23,2370,11
2514,16,1806,9,504,23,2405,11
2514,16,1806,9,632,29,45,11
2514,16,1806,9,632,29,159,11
2514,16,1806,9,632,29,272,11
2514,16,1806,9,632,29,338,11
2514,16,1806,9,632,29,390,11
2514,16,1806,9,632,29,457,11
2514,16,1806,9,632,29,463,11
2514,16,1806,9,632,29,620,11
2514,16,1806,9,632,29,700,11
2514,16,1806,9,632,29,742,11
2514,16,1806,9,632,29,758,11
2514,16,1806,9,632,29,879,11
2514,16,1806,9,632,29,927,11
2514,16,1806,9,632,29,979,11
2514,16,1806,9,632,29,1003,11
2514,16,1806,9,632,29,1044,11
2514,16,1806,9,632,29,1068,11
2514,16,1806,9,632,29,1153,11
2514,16,1806,9,632,29,1186,11
2514,16,1806,9,632,29,1194,11
2514,16,1806,9,632,29,1259,11
2514,16,1806,9,632,29,1260,11
2514,16,1806,9,632,29,1312,11
2514,16,1806,9,632,29,1388,11
2514,16,1806,9,632,29,1391,11
2514,16,1806,9,632,29,1422,11
2514,16,1806,9,632,29,1556,11
2514,16,1806,9,632,29,1568,11
2514,16,1806,9,632,29,1599,11
2514,16,1806,9,632,29,1747,11
2514,16,1806,9,632,29,1773,11
2514,16,1806,9,632,29,1799,11
2514,16,1806,9,632,29,1818,11
2514,16,1806,9,632,29,1873,11
2514,16,1806,9,632,29,1940,11
2514,16,1806,9,632,29,1956,11
2514,16,1806,9,632,29,1997,11
2514,16,1806,9,632,29,2068,11
2514,16,1806,9,632,29,2079,11
2514,16,1806,9,632,29,2123,11
2514,16,1806,9,632,29,2196,11
2514,16,1806,9,632,29,2206,11
2514,16,1806,9,632,29,2216,11
2514,16,1806,9,632,29,2244,11
2514,16,1806,9,632,29,2259,11
2514,16,1806,9,632,29,2261,11
2514,16,1806,9,632,29,2289,11
2514,16,1806,9,632,29,2359,11
2514,16,1806,9,632,29,2370,11
2514,16,1806,9,632,29,2405,11
2514,16,1806,9,650,31,457,11
2514,16,1806,9,650,31,700,11
2514,16,1806,9,650,31,927,11
2514,16,1806,9,650,31,1003,11
2514,16,1806,9,650,31,1153,11
2514,16,1806,9,650,31,1194,11
2514,16,1806,9,650,31,1568,11
2514,16,1806,9,650,31,1599,11
2514,16,1806,9,650,31,1818,11
2514,16,1806,9,650,31,1940,11
2514,16,1806,9,893,47,45,11
2514,16,1806,9,893,47,159,11
2514,16,1806,9,893,47,272,11
2514,16,1806,9,893,47,338,11
2514,16,1806,9,893,47,390,11
2514,16,1806,9,893,47,457,11
2514,16,1806,9,893,47,463,11
2514,16,1806,9,893,47,620,11
2514,16,1806,9,893,47,700,11
2514,16,1806,9,893,47,742,11
2514,16,1806,9,893,47,758,11
2514,16,1806,9,893,47,879,11
2514,16,1806,9,893,47,927,11
2514,16,1806,9,893,47,979,11
2514,16,1806,9,893,47,1003,11
2514,16,1806,9,893,47,1044,11
2514,16,1806,9,893,47,1068,11
2514,16,1806,9,893,47,1153,11
2514,16,1806,9,893,47,1186,11
2514,16,1806,9,893,47,1194,11
2514,16,1806,9,893,47,1259,11
2514,16,1806,9,893,47,1260,11
2514,16,1806,9,893,47,1312,11
2514,16,1806,9,893,47,1388,11
2514,16,1806,9,893,47,1391,11
2514,16,1806,9,893,47,1422,11
2514,16,1806,9,893,47,1556,11
2514,16,1806,9,893,47,1568,11
2514,16,1806,9,893,47,1599,11
2514,16,1806,9,893,47,1747,11
2514,16,1806,9,893,47,1773,11
2514,16,1806,9,893,47,1799,11
2514,16,1806,9,893,47,1818,11
2514,16,1806,9,893,47,1873,11
2514,16,1806,9,893,47,1940,11
2514,16,1806,9,893,47,1956,11
2514,16,1806,9,893,47,1997,11
2514,16,1806,9,893,47,2068,11
2514,16,1806,9,893,47,2079,11
2514,16,1806,9,893,47,2123,11
2514,16,1806,9,893,47,2196,11
2514,16,1806,9,893,47,2206,11
2514,16,1806,9,893,47,2216,11
2514,16,1806,9,893,47,2244,11
2514,16,1806,9,893,47,2259,11
2514,16,1806,9,893,47,2261,11
2514,16,1806,9,893,47,2289,11
2514,16,1806,9,893,47,2359,11
2514,16,1806,9,893,47,2370,11
2514,16,1806,9,893,47,2405,11
2514,16,1806,9,1094,47,45,11
2514,16,1806,9,1094,47,272,11
2514,16,1806,9,1094,47,338,11
2514,16,1806,9,1094,47,390,11
2514,16,1806,9,1094,47,620,11
2514,16,1806,9,1094,47,742,11
2514,16,1806,9,1094,47,758,11
2514,16,1806,9,1094,47,979,11
2514,16,1806,9,1094,47,1044,11
2514,16,1806,9,1094,47,1068,11
2514,16,1806,9,1094,47,1186,11
2514,16,1806,9,1094,47,1259,11
2514,16,1806,9,1094,47,1260,11
2514,16,1806,9,1094,47,1312,11
2514,16,1806,9,1094,47,1391,11
2514,16,1806,9,1094,47,1422,11
2514,16,1806,9,1094,47,1747,11
2514,16,1806,9,1094,47,1773,11
2514,16,1806,9,1094,47,1799,11
2514,16,1806,9,1094,47,1956,11
2514,16,1806,9,1094,47,1997,11
2514,16,1806,9,1094,47,2068,11
2514,16,1806,9,1094,47,2079,11
2514,16,1806,9,1094,47,2206,11
2514,16,1806,9,1094,47,2244,11
2514,16,1806,9,1094,47,2259,11
2514,16,1806,9,1094,47,2261,11
2514,16,1806,9,1094,47,2289,11
2514,16,1806,9,1094,47,2359,11
2514,16,1806,9,1094,47,2405,11
2514,16,1806,9,1162,29,45,11
2514,16,1806,9,1162,29,159,11
2514,16,1806,9,1162,29,272,11
2514,16,1806,9,1162,29,338,11
2514,16,1806,9,1162,29,390,11
2514,16,1806,9,1162,29,457,11
2514,16,1806,9,1162,29,463,11
2514,16,1806,9,1162,29,620,11
2514,16,1806,9,1162,29,700,11
2514,16,1806,9,1162,29,742,11
2514,16,1806,9,1162,29,758,11
2514,16,1806,9,1162,29,879,11
2514,16,1806,9,1162,29,927,11
2514,16,1806,9,1162,29,979,11
2514,16,1806,9,1162,29,1003,11
2514,16,1806,9,1162,29,1044,11
2514,16,1806,9,1162,29,1068,11
2514,16,1806,9,1162,29,1153,11
2514,16,1806,9,1162,29,1186,11
2514,16,1806,9,1162,29,1194,11
2514,16,1806,9,1162,29,1259,11
2514,16,1806,9,1162,29,1260,11
2514,16,1806,9,1162,29,1312,11
2514,16,1806,9,1162,29,1388,11
2514,16,1806,9,1162,29,1391,11
2514,16,1806,9,1162,29,1422,11
2514,16,1806,9,1162,29,1556,11
2514,16,1806,9,1162,29,1568,11
2514,16,1806,9,1162,29,1599,11
2514,16,1806,9,1162,29,1747,11
2514,16,1806,9,1162,29,1773,11
2514,16,1806,9,1162,29,1799,11
2514,16,1806,9,1162,29,1818,11
2514,16,1806,9,1162,29,1873,11
2514,16,1806,9,1162,29,1940,11
2514,16,1806,9,1162,29,1956,11
2514,16,1806,9,1162,29,1997,11
2514,16,1806,9,1162,29,2068,11
2514,16,1806,9,1162,29,2079,11
2514,16,1806,9,1162,29,2123,11
2514,16,1806,9,1162,29,2196,11
2514,16,1806,9,1162,29,2206,11
2514,16,1806,9,1162,29,2216,11
2514,16,1806,9,1162,29,2244,11
2514,16,1806,9,1162,29,2259,11
2514,16,1806,9,1162,29,2261,11
2514,16,1806,9,1162,29,2289,11
2514,16,1806,9,1162,29,2359,11
2514,16,1806,9,1162,29,2370,11
2514,16,1806,9,1162,29,2405,11
2514,16,1806,9,1388,10,45,11
2514,16,1806,9,1388,10,159,11
2514,16,1806,9,1388,10,272,11
2514,16,1806,9,1388,10,338,11
2514,16,1806,9,1388,10,390,11
2514,16,1806,9,1388,10,457,11
2514,16,1806,9,1388,10,463,11
2514,16,1806,9,1388,10,620,11
2514,16,1806,9,1388,10,700,11
2514,16,1806,9,1388,10,742,11
2514,16,1806,9,1388,10,758,11
2514,16,1806,9,1388,10,879,11
2514,16,1806,9,1388,10,927,11
2514,16,1806,9,1388,10,979,11
2514,16,1806,9,1388,10,1003,11
2514,16,1806,9,1388,10,1044,11
2514,16,1806,9,1388,10,1068,11
2514,16,1806,9,1388,10,1153,11
2514,16,1806,9,1388,10,1186,11
2514,16,1806,9,1388,10,1194,11
2514,16,1806,9,1388,10,1259,11
2514,16,1806,9,1388,10,1260,11
2514,16,1806,9,1388,10,1312,11
2514,16,1806,9,1388,10,1388,11
2514,16,1806,9,1388,10,1391,11
2514,16,1806,9,1388,10,1422,11
2514,16,1806,9,1388,10,1556,11
2514,16,1806,9,1388,10,1568,11
2514,16,1806,9,1388,10,1599,11
2514,16,1806,9,1388,10,1747,11
2514,16,1806,9,1388,10,1773,11
2514,16,1806,9,1388,10,1799,11
2514,16,1806,9,1388,10,1818,11
2514,16,1806,9,1388,10,1873,11
2514,16,1806,9,1388,10,1940,11
2514,16,1806,9,1388,10,1956,11
2514,16,1806,9,1388,10,1997,11
2514,16,1806,9,1388,10,2068,11
2514,16,1806,9,1388,10,2079,11
2514,16,1806,9,1388,10,2123,11
2514,16,1806,9,1388,10,2196,11
2514,16,1806,9,1388,10,2206,11
2514,16,1806,9,1388,10,2216,11
2514,16,1806,9,1388,10,2244,11
2514,16,1806,9,1388,10,2259,11
2514,16,1806,9,1388,10,2261,11
2514,16,1806,9,1388,10,2289,11
2514,16,1806,9,1388,10,2359,11
2514,16,1806,9,1388,10,2370,11
2514,16,1806,9,1388,10,2405,11
2514,16,1806,9,1746,10,45,11
2514,16,1806,9,1746,10,159,11
2514,16,1806,9,1746,10,272,11
2514,16,1806,9,1746,10,338,11
2514,16,1806,9,1746,10,390,11
2514,16,1806,9,1746,10,457,11
2514,16,1806,9,1746,10,463,11
2514,16,1806,9,1746,10,620,11
2514,16,1806,9,1746,10,700,11
2514,16,1806,9,1746,10,742,11
2514,16,1806,9,1746,10,758,11
2514,16,1806,9,1746,10,879,11
2514,16,1806,9,1746,10,927,11
2514,16,1806,9,1746,10,979,11
2514,16,1806,9,1746,10,1003,11
2514,16,1806,9,1746,10,1044,11
2514,16,1806,9,1746,10,1068,11
2514,16,1806,9,1746,10,1153,11
2514,16,1806,9,1746,10,1186,11
2514,16,1806,9,1746,10,1194,11
2514,16,1806,9,1746,10,1259,11
2514,16,1806,9,1746,10,1260,11
2514,16,1806,9,1746,10,1312,11
2514,16,1806,9,1746,10,1388,11
2514,16,1806,9,1746,10,1391,11
2514,16,1806,9,1746,10,1422,11
2514,16,1806,9,1746,10,1556,11
2514,16,1806,9,1746,10,1568,11
2514,16,1806,9,1746,10,1599,11
2514,16,1806,9,1746,10,1747,11
2514,16,1806,9,1746,10,1773,11
2514,16,1806,9,1746,10,1799,11
2514,16,1806,9,1746,10,1818,11
2514,16,1806,9,1746,10,1873,11
2514,16,1806,9,1746,10,1940,11
2514,16,1806,9,1746,10,1956,11
2514,16,1806,9,1746,10,1997,11
2514,16,1806,9,1746,10,2068,11
2514,16,1806,9,1746,10,2079,11
2514,16,1806,9,1746,10,2123,11
2514,16,1806,9,1746,10,2196,11
2514,16,1806,9,1746,10,2206,11
2514,16,1806,9,1746,10,2216,11
2514,16,1806,9,1746,10,2244,11
2514,16,1806,9,1746,10,2259,11
2514,16,1806,9,1746,10,2261,11
2514,16,1806,9,1746,10,2289,11
2514,16,1806,9,1746,10,2359,11
2514,16,1806,9,1746,10,2370,11
2514,16,1806,9,1746,10,2405,11
2514,16,1806,9,1975,24,45,11
2514,16,1806,9,1975,24,159,11
2514,16,1806,9,1975,24,272,11
2514,16,1806,9,1975,24,338,11
2514,16,1806,9,1975,24,390,11
2514,16,1806,9,1975,24,457,11
2514,16,1806,9,1975,24,463,11
2514,16,1806,9,1975,24,620,11
2514,16,1806,9,1975,24,700,11
2514,16,1806,9,1975,24,742,11
2514,16,1806,9,1975,24,758,11
2514,16,1806,9,1975,24,879,11
2514,16,1806,9,1975,24,927,11
2514,16,1806,9,1975,24,979,11
2514,16,1806,9,1975,24,1003,11
2514,16,1806,9,1975,24,1044,11
2514,16,1806,9,1975,24,1068,11
2514,16,1806,9,1975,24,1153,11
2514,16,1806,9,1975,24,1186,11
2514,16,1806,9,1975,24,1194,11
2514,16,1806,9,1975,24,1259,11
2514,16,1806,9,1975,24,1260,11
2514,16,1806,9,1975,24,1312,11
2514,16,1806,9,1975,24,1388,11
2514,16,1806,9,1975,24,1391,11
2514,16,1806,9,1975,24,1422,11
2514,16,1806,9,1975,24,1556,11
2514,16,1806,9,1975,24,1568,11
2514,16,1806,9,1975,24,1599,11
2514,16,1806,9,1975,24,1747,11
2514,16,1806,9,1975,24,1773,11
2514,16,1806,9,1975,24,1799,11
2514,16,1806,9,1975,24,1818,11
2514,16,1806,9,1975,24,1873,11
2514,16,1806,9,1975,24,1940,11
2514,16,1806,9,1975,24,1956,11
2514,16,1806,9,1975,24,1997,11
2514,16,1806,9,1975,24,2068,11
2514,16,1806,9,1975,24,2079,11
2514,16,1806,9,1975,24,2123,11
2514,16,1806,9,1975,24,2196,11
2514,16,1806,9,1975,24,2206,11
2514,16,1806,9,1975,24,2216,11
2514,16,1806,9,1975,24,2244,11
2514,16,1806,9,1975,24,2259,11
2514,16,1806,9,1975,24,2261,11
2514,16,1806,9,1975,24,2289,11
2514,16,1806,9,1975,24,2359,11
2514,16,1806,9,1975,24,2370,11
2514,16,1806,9,1975,24,2405,11
