2514,16,194,22,180,32,45,11
2514,16,194,22,180,32,159,11
2514,16,194,22,180,32,272,11
2514,16,194,22,180,32,338,11
2514,16,194,22,180,32,390,11
2514,16,194,22,180,32,457,11
2514,16,194,22,180,32,463,11
2514,16,194,22,180,32,620,11
2514,16,194,22,180,32,700,11
2514,16,194,22,180,32,742,11
2514,16,194,22,180,32,758,11
2514,16,194,22,180,32,879,11
2514,16,194,22,180,32,927,11
2514,16,194,22,180,32,979,11
2514,16,194,22,180,32,1003,11
2514,16,194,22,180,32,1044,11
2514,16,194,22,180,32,1068,11
2514,16,194,22,180,32,1153,11
2514,16,194,22,180,32,1186,11
2514,16,194,22,180,32,1194,11
2514,16,194,22,180,32,1259,11
2514,16,194,22,180,32,1260,11
2514,16,194,22,180,32,1312,11
2514,16,194,22,180,32,1388,11
2514,16,194,22,180,32,1391,11
2514,16,194,22,180,32,1422,11
2514,16,194,22,180,32,1556,11
2514,16,194,22,180,32,1568,11
2514,16,194,22,180,32,1599,11
2514,16,194,22,180,32,1747,11
2514,16,194,22,180,32,1773,11
2514,16,194,22,180,32,1799,11
2514,16,194,22,180,32,1818,11
2514,16,194,22,180,32,1873,11
2514,16,194,22,180,32,1940,11
2514,16,194,22,180,32,1956,11
2514,16,194,22,180,32,1997,11
2514,16,194,22,180,32,2068,11
2514,16,194,22,180,32,2079,11
2514,16,194,22,180,32,2123,11
2514,16,194,22,180,32,2196,11
2514,16,194,22,180,32,2206,11
2514,16,194,22,180,32,2216,11
2514,16,194,22,180,32,2244,11
2514,16,194,22,180,32,2259,11
2514,16,194,22,180,32,2261,11
2514,16,194,22,180,32,2289,11
2514,16,194,22,180,32,2359,11
2514,16,194,22,180,32,2370,11
2514,16,194,22,180,32,2405,11
2514,16,194,22,303,32,45,11
2514,16,194,22,303,32,159,11
2514,16,194,22,303,32,272,11
2514,16,194,22,303,32,338,11
2514,16,194,22,303,32,390,11
2514,16,194,22,303,32,457,11
2514,16,194,22,303,32,463,11
2514,16,194,22,303,32,620,11
2514,16,194,22,303,32,700,11
2514,16,194,22,303,32,742,11
2514,16,194,22,303,32,758,11
2514,16,194,22,303,32,879,11
2514,16,194,22,303,32,927,11
2514,16,194,22,303,32,979,11
2514,16,194,22,303,32,1003,11
2514,16,194,22,303,32,1044,11
2514,16,194,22,303,32,1068,11
2514,16,194,22,303,32,1153,11
2514,16,194,22,303,32,1186,11
2514,16,194,22,303,32,1194,11
2514,16,194,22,303,32,1259,11
2514,16,194,22,303,32,1260,11
2514,16,194,22,303,32,1312,11
2514,16,194,22,303,32,1388,11
2514,16,194,22,303,32,1391,11
2514,16,194,22,303,32,1422,11
2514,16,194,22,303,32,1556,11
2514,16,194,22,303,32,1568,11
2514,16,194,22,303,32,1599,11
2514,16,194,22,303,32,1747,11
2514,16,194,22,303,32,1773,11
2514,16,194,22,303,32,1799,11
2514,16,194,22,303,32,1818,11
2514,16,194,22,303,32,1873,11
2514,16,194,22,303,32,1940,11
2514,16,194,22,303,32,1956,11
2514,16,194,22,303,32,1997,11
2514,16,194,22,303,32,2068,11
2514,16,194,22,303,32,2079,11
2514,16,194,22,303,32,2123,11
2514,16,194,22,303,32,2196,11
2514,16,194,22,303,32,2206,11
2514,16,194,22,303,32,2216,11
2514,16,194,22,303,32,2244,11
2514,16,194,22,303,32,2259,11
2514,16,194,22,303,32,2261,11
2514,16,194,22,303,32,2289,11
2514,16,194,22,303,32,2359,11
2514,16,194,22,303,32,2370,11
2514,16,194,22,303,32,2405,11
2514,16,194,22,335,34,45,11
2514,16,194,22,335,34,159,11
2514,16,194,22,335,34,272,11
2514,16,194,22,335,34,338,11
2514,16,194,22,335,34,390,11
2514,16,194,22,335,34,457,11
2514,16,194,22,335,34,463,11
2514,16,194,22,335,34,620,11
2514,16,194,22,335,34,700,11
2514,16,194,22,335,34,742,11
2514,16,194,22,335,34,758,11
2514,16,194,22,335,34,879,11
2514,16,194,22,335,34,927,11
2514,16,194,22,335,34,979,11
2514,16,194,22,335,34,1003,11
2514,16,194,22,335,34,1044,11
2514,16,194,22,335,34,1068,11
2514,16,194,22,335,34,1153,11
2514,16,194,22,335,34,1186,11
2514,16,194,22,335,34,1194,11
2514,16,194,22,335,34,1259,11
2514,16,194,22,335,34,1260,11
2514,16,194,22,335,34,1312,11
2514,16,194,22,335,34,1388,11
2514,16,194,22,335,34,1391,11
2514,16,194,22,335,34,1422,11
2514,16,194,22,335,34,1556,11
2514,16,194,22,335,34,1568,11
2514,16,194,22,335,34,1599,11
2514,16,194,22,335,34,1747,11
2514,16,194,22,335,34,1773,11
2514,16,194,22,335,34,1799,11
2514,16,194,22,335,34,1818,11
2514,16,194,22,335,34,1873,11
2514,16,194,22,335,34,1940,11
2514,16,194,22,335,34,1956,11
2514,16,194,22,335,34,1997,11
2514,16,194,22,335,34,2068,11
2514,16,194,22,335,34,2079,11
2514,16,194,22,335,34,2123,11
2514,16,194,22,335,34,2196,11
2514,16,194,22,335,34,2206,11
2514,16,194,22,335,34,2216,11
2514,16,194,22,335,34,2244,11
2514,16,194,22,335,34,2259,11
2514,16,194,22,335,34,2261,11
2514,16,194,22,335,34,2289,11
2514,16,194,22,335,34,2359,11
2514,16,194,22,335,34,2370,11
2514,16,194,22,335,34,2405,11
2514,16,194,22,462,43,45,11
2514,16,194,22,462,43,159,11
2514,16,194,22,462,43,272,11
2514,16,194,22,462,43,338,11
2514,16,194,22,462,43,390,11
2514,16,194,22,462,43,457,11
2514,16,194,22,462,43,463,11
2514,16,194,22,462,43,620,11
2514,16,194,22,462,43,700,11
2514,16,194,22,462,43,742,11
2514,16,194,22,462,43,758,11
2514,16,194,22,462,43,879,11
2514,16,194,22,462,43,927,11
2514,16,194,22,462,43,979,11
2514,16,194,22,462,43,1003,11
2514,16,194,22,462,43,1044,11
2514,16,194,22,462,43,1068,11
2514,16,194,22,462,43,1153,11
2514,16,194,22,462,43,1186,11
2514,16,194,22,462,43,1194,11
2514,16,194,22,462,43,1259,11
2514,16,194,22,462,43,1260,11
2514,16,194,22,462,43,1312,11
2514,16,194,22,462,43,1388,11
2514,16,194,22,462,43,1391,11
2514,16,194,22,462,43,1422,11
2514,16,194,22,462,43,1556,11
2514,16,194,22,462,43,1568,11
2514,16,194,22,462,43,1599,11
2514,16,194,22,462,43,1747,11
2514,16,194,22,462,43,1773,11
2514,16,194,22,462,43,1799,11
2514,16,194,22,462,43,1818,11
2514,16,194,22,462,43,1873,11
2514,16,194,22,462,43,1940,11
2514,16,194,22,462,43,1956,11
2514,16,194,22,462,43,1997,11
2514,16,194,22,462,43,2068,11
2514,16,194,22,462,43,2079,11
2514,16,194,22,462,43,2123,11
2514,16,194,22,462,43,2196,11
2514,16,194,22,462,43,2206,11
2514,16,194,22,462,43,2216,11
2514,16,194,22,462,43,2244,11
2514,16,194,22,462,43,2259,11
2514,16,194,22,462,43,2261,11
2514,16,194,22,462,43,2289,11
2514,16,194,22,462,43,2359,11
2514,16,194,22,462,43,2370,11
2514,16,194,22,462,43,2405,11
2514,16,194,22,511,37,45,11
2514,16,194,22,511,37,159,11
2514,16,194,22,511,37,272,11
2514,16,194,22,511,37,338,11
2514,16,194,22,511,37,390,11
2514,16,194,22,511,37,457,11
2514,16,194,22,511,37,463,11
2514,16,194,22,511,37,620,11
2514,16,194,22,511,37,700,11
2514,16,194,22,511,37,742,11
2514,16,194,22,511,37,758,11
2514,16,194,22,511,37,879,11
2514,16,194,22,511,37,927,11
2514,16,194,22,511,37,979,11
2514,16,194,22,511,37,1003,11
2514,16,194,22,511,37,1044,11
2514,16,194,22,511,37,1068,11
2514,16,194,22,511,37,1153,11
2514,16,194,22,511,37,1186,11
2514,16,194,22,511,37,1194,11
2514,16,194,22,511,37,1259,11
2514,16,194,22,511,37,1260,11
2514,16,194,22,511,37,1312,11
2514,16,194,22,511,37,1388,11
2514,16,194,22,511,37,1391,11
2514,16,194,22,511,37,1422,11
2514,16,194,22,511,37,1556,11
2514,16,194,22,511,37,1568,11
2514,16,194,22,511,37,1599,11
2514,16,194,22,511,37,1747,11
2514,16,194,22,511,37,1773,11
2514,16,194,22,511,37,1799,11
2514,16,194,22,511,37,1818,11
2514,16,194,22,511,37,1873,11
2514,16,194,22,511,37,1940,11
2514,16,194,22,511,37,1956,11
2514,16,194,22,511,37,1997,11
2514,16,194,22,511,37,2068,11
2514,16,194,22,511,37,2079,11
2514,16,194,22,511,37,2123,11
2514,16,194,22,511,37,2196,11
2514,16,194,22,511,37,2206,11
2514,16,194,22,511,37,2216,11
2514,16,194,22,511,37,2244,11
2514,16,194,22,511,37,2259,11
2514,16,194,22,511,37,2261,11
2514,16,194,22,511,37,2289,11
2514,16,194,22,511,37,2359,11
2514,16,194,22,511,37,2370,11
2514,16,194,22,511,37,2405,11
2514,16,194,22,911,35,45,11
2514,16,194,22,911,35,338,11
2514,16,194,22,911,35,390,11
2514,16,194,22,911,35,620,11
2514,16,194,22,911,35,742,11
2514,16,194,22,911,35,758,11
2514,16,194,22,911,35,979,11
2514,16,194,22,911,35,1044,11
2514,16,194,22,911,35,1186,11
2514,16,194,22,911,35,1259,11
2514,16,194,22,911,35,1312,11
2514,16,194,22,911,35,1773,11
2514,16,194,22,911,35,1799,11
2514,16,194,22,911,35,1956,11
2514,16,194,22,911,35,1997,11
2514,16,194,22,911,35,2206,11
2514,16,194,22,911,35,2244,11
2514,16,194,22,911,35,2261,11
2514,16,194,22,911,35,2289,11
2514,16,194,22,911,35,2359,11
2514,16,194,22,1008,21,159,11
2514,16,194,22,1008,21,457,11
2514,16,194,22,1008,21,463,11
2514,16,194,22,1008,21,700,11
2514,16,194,22,1008,21,879,11
2514,16,194,22,1008,21,927,11
2514,16,194,22,1008,21,1003,11
2514,16,194,22,1008,21,1153,11
2514,16,194,22,1008,21,1194,11
2514,16,194,22,1008,21,1388,11
2514,16,194,22,1008,21,1556,11
2514,16,194,22,1008,21,1568,11
2514,16,194,22,1008,21,1599,11
2514,16,194,22,1008,21,1818,11
2514,16,194,22,1008,21,1873,11
2514,16,194,22,1008,21,1940,11
2514,16,194,22,1008,21,2123,11
2514,16,194,22,1008,21,2196,11
2514,16,194,22,1008,21,2216,11
2514,16,194,22,1008,21,2370,11
2514,16,194,22,1194,45,45,11
2514,16,194,22,1194,45,159,11
2514,16,194,22,1194,45,272,11
2514,16,194,22,1194,45,338,11
2514,16,194,22,1194,45,390,11
2514,16,194,22,1194,45,457,11
2514,16,194,22,1194,45,463,11
2514,16,194,22,1194,45,620,11
2514,16,194,22,1194,45,700,11
2514,16,194,22,1194,45,742,11
2514,16,194,22,1194,45,758,11
2514,16,194,22,1194,45,879,11
2514,16,194,22,1194,45,927,11
2514,16,194,22,1194,45,979,11
2514,16,194,22,1194,45,1003,11
2514,16,194,22,1194,45,1044,11
2514,16,194,22,1194,45,1068,11
2514,16,194,22,1194,45,1153,11
2514,16,194,22,1194,45,1186,11
2514,16,194,22,1194,45,1194,11
2514,16,194,22,1194,45,1259,11
2514,16,194,22,1194,45,1260,11
2514,16,194,22,1194,45,1312,11
2514,16,194,22,1194,45,1388,11
2514,16,194,22,1194,45,1391,11
2514,16,194,22,1194,45,1422,11
2514,16,194,22,1194,45,1556,11
2514,16,194,22,1194,45,1568,11
2514,16,194,22,1194,45,1599,11
2514,16,194,22,1194,45,1747,11
2514,16,194,22,1194,45,1773,11
2514,16,194,22,1194,45,1799,11
2514,16,194,22,1194,45,1818,11
2514,16,194,22,1194,45,1873,11
2514,16,194,22,1194,45,1940,11
2514,16,194,22,1194,45,1956,11
2514,16,194,22,1194,45,1997,11
2514,16,194,22,1194,45,2068,11
2514,16,194,22,1194,45,2079,11
2514,16,194,22,1194,45,2123,11
2514,16,194,22,1194,45,2196,11
2514,16,194,22,1194,45,2206,11
2514,16,194,22,1194,45,2216,11
2514,16,194,22,1194,45,2244,11
2514,16,194,22,1194,45,2259,11
2514,16,194,22,1194,45,2261,11
2514,16,194,22,1194,45,2289,11
2514,16,194,22,1194,45,2359,11
2514,16,194,22,1194,45,2370,11
2514,16,194,22,1194,45,2405,11
2514,16,194,22,1264,40,45,11
2514,16,194,22,1264,40,159,11
2514,16,194,22,1264,40,272,11
2514,16,194,22,1264,40,338,11
2514,16,194,22,1264,40,390,11
2514,16,194,22,1264,40,457,11
2514,16,194,22,1264,40,463,11
2514,16,194,22,1264,40,620,11
2514,16,194,22,1264,40,700,11
2514,16,194,22,1264,40,742,11
2514,16,194,22,1264,40,758,11
2514,16,194,22,1264,40,879,11
2514,16,194,22,1264,40,927,11
2514,16,194,22,1264,40,979,11
2514,16,194,22,1264,40,1003,11
2514,16,194,22,1264,40,1044,11
2514,16,194,22,1264,40,1068,11
2514,16,194,22,1264,40,1153,11
2514,16,194,22,1264,40,1186,11
2514,16,194,22,1264,40,1194,11
2514,16,194,22,1264,40,1259,11
2514,16,194,22,1264,40,1260,11
2514,16,194,22,1264,40,1312,11
2514,16,194,22,1264,40,1388,11
2514,16,194,22,1264,40,1391,11
2514,16,194,22,1264,40,1422,11
2514,16,194,22,1264,40,1556,11
2514,16,194,22,1264,40,1568,11
2514,16,194,22,1264,40,1599,11
2514,16,194,22,1264,40,1747,11
2514,16,194,22,1264,40,1773,11
2514,16,194,22,1264,40,1799,11
2514,16,194,22,1264,40,1818,11
2514,16,194,22,1264,40,1873,11
2514,16,194,22,1264,40,1940,11
2514,16,194,22,1264,40,1956,11
2514,16,194,22,1264,40,1997,11
2514,16,194,22,1264,40,2068,11
2514,16,194,22,1264,40,2079,11
2514,16,194,22,1264,40,2123,11
2514,16,194,22,1264,40,2196,11
2514,16,194,22,1264,40,2206,11
2514,16,194,22,1264,40,2216,11
2514,16,194,22,1264,40,2244,11
2514,16,194,22,1264,40,2259,11
2514,16,194,22,1264,40,2261,11
2514,16,194,22,1264,40,2289,11
2514,16,194,22,1264,40,2359,11
2514,16,194,22,1264,40,2370,11
2514,16,194,22,1264,40,2405,11
2514,16,194,22,1302,27,45,11
2514,16,194,22,1302,27,159,11
2514,16,194,22,1302,27,272,11
2514,16,194,22,1302,27,338,11
2514,16,194,22,1302,27,390,11
2514,16,194,22,1302,27,457,11
2514,16,194,22,1302,27,463,11
2514,16,194,22,1302,27,620,11
2514,16,194,22,1302,27,700,11
2514,16,194,22,1302,27,742,11
2514,16,194,22,1302,27,758,11
2514,16,194,22,1302,27,879,11
2514,16,194,22,1302,27,927,11
2514,16,194,22,1302,27,979,11
2514,16,194,22,1302,27,1003,11
2514,16,194,22,1302,27,1044,11
2514,16,194,22,1302,27,1068,11
2514,16,194,22,1302,27,1153,11
2514,16,194,22,1302,27,1186,11
2514,16,194,22,1302,27,1194,11
2514,16,194,22,1302,27,1259,11
2514,16,194,22,1302,27,1260,11
2514,16,194,22,1302,27,1312,11
2514,16,194,22,1302,27,1388,11
2514,16,194,22,1302,27,1391,11
2514,16,194,22,1302,27,1422,11
2514,16,194,22,1302,27,1556,11
2514,16,194,22,1302,27,1568,11
2514,16,194,22,1302,27,1599,11
2514,16,194,22,1302,27,1747,11
2514,16,194,22,1302,27,1773,11
2514,16,194,22,1302,27,1799,11
2514,16,194,22,1302,27,1818,11
2514,16,194,22,1302,27,1873,11
2514,16,194,22,1302,27,1940,11
2514,16,194,22,1302,27,1956,11
2514,16,194,22,1302,27,1997,11
2514,16,194,22,1302,27,2068,11
2514,16,194,22,1302,27,2079,11
2514,16,194,22,1302,27,2123,11
2514,16,194,22,1302,27,2196,11
2514,16,194,22,1302,27,2206,11
2514,16,194,22,1302,27,2216,11
2514,16,194,22,1302,27,2244,11
2514,16,194,22,1302,27,2259,11
2514,16,194,22,1302,27,2261,11
2514,16,194,22,1302,27,2289,11
2514,16,194,22,1302,27,2359,11
2514,16,194,22,1302,27,2370,11
2514,16,194,22,1302,27,2405,11
2514,16,194,22,1653,11,45,11
2514,16,194,22,1653,11,159,11
2514,16,194,22,1653,11,272,11
2514,16,194,22,1653,11,338,11
2514,16,194,22,1653,11,390,11
2514,16,194,22,1653,11,457,11
2514,16,194,22,1653,11,463,11
2514,16,194,22,1653,11,620,11
2514,16,194,22,1653,11,700,11
2514,16,194,22,1653,11,742,11
2514,16,194,22,1653,11,758,11
2514,16,194,22,1653,11,879,11
2514,16,194,22,1653,11,927,11
2514,16,194,22,1653,11,979,11
2514,16,194,22,1653,11,1003,11
2514,16,194,22,1653,11,1044,11
2514,16,194,22,1653,11,1068,11
2514,16,194,22,1653,11,1153,11
2514,16,194,22,1653,11,1186,11
2514,16,194,22,1653,11,1194,11
2514,16,194,22,1653,11,1259,11
2514,16,194,22,1653,11,1260,11
2514,16,194,22,1653,11,1312,11
2514,16,194,22,1653,11,1388,11
2514,16,194,22,1653,11,1391,11
2514,16,194,22,1653,11,1422,11
2514,16,194,22,1653,11,1556,11
2514,16,194,22,1653,11,1568,11
2514,16,194,22,1653,11,1599,11
2514,16,194,22,1653,11,1747,11
2514,16,194,22,1653,11,1773,11
2514,16,194,22,1653,11,1799,11
2514,16,194,22,1653,11,1818,11
2514,16,194,22,1653,11,1873,11
2514,16,194,22,1653,11,1940,11
2514,16,194,22,1653,11,1956,11
2514,16,194,22,1653,11,1997,11
2514,16,194,22,1653,11,2068,11
2514,16,194,22,1653,11,2079,11
2514,16,194,22,1653,11,2123,11
2514,16,194,22,1653,11,2196,11
2514,16,194,22,1653,11,2206,11
2514,16,194,22,1653,11,2216,11
2514,16,194,22,1653,11,2244,11
2514,16,194,22,1653,11,2259,11
2514,16,194,22,1653,11,2261,11
2514,16,194,22,1653,11,2289,11
2514,16,194,22,1653,11,2359,11
2514,16,194,22,1653,11,2370,11
2514,16,194,22,1653,11,2405,11
2514,16,194,22,1937,26,45,11
2514,16,194,22,1937,26,159,11
2514,16,194,22,1937,26,272,11
2514,16,194,22,1937,26,338,11
2514,16,194,22,1937,26,390,11
2514,16,194,22,1937,26,457,11
2514,16,194,22,1937,26,463,11
2514,16,194,22,1937,26,620,11
2514,16,194,22,1937,26,700,11
2514,16,194,22,1937,26,742,11
2514,16,194,22,1937,26,758,11
2514,16,194,22,1937,26,879,11
2514,16,194,22,1937,26,927,11
2514,16,194,22,1937,26,979,11
2514,16,194,22,1937,26,1003,11
2514,16,194,22,1937,26,1044,11
2514,16,194,22,1937,26,1068,11
2514,16,194,22,1937,26,1153,11
2514,16,194,22,1937,26,1186,11
2514,16,194,22,1937,26,1194,11
2514,16,194,22,1937,26,1259,11
2514,16,194,22,1937,26,1260,11
2514,16,194,22,1937,26,1312,11
2514,16,194,22,1937,26,1388,11
2514,16,194,22,1937,26,1391,11
2514,16,194,22,1937,26,1422,11
2514,16,194,22,1937,26,1556,11
2514,16,194,22,1937,26,1568,11
2514,16,194,22,1937,26,1599,11
2514,16,194,22,1937,26,1747,11
2514,16,194,22,1937,26,1773,11
2514,16,194,22,1937,26,1799,11
2514,16,194,22,1937,26,1818,11
2514,16,194,22,1937,26,1873,11
2514,16,194,22,1937,26,1940,11
2514,16,194,22,1937,26,1956,11
2514,16,194,22,1937,26,1997,11
2514,16,194,22,1937,26,2068,11
2514,16,194,22,1937,26,2079,11
2514,16,194,22,1937,26,2123,11
2514,16,194,22,1937,26,2196,11
2514,16,194,22,1937,26,2206,11
2514,16,194,22,1937,26,2216,11
2514,16,194,22,1937,26,2244,11
2514,16,194,22,1937,26,2259,11
2514,16,194,22,1937,26,2261,11
2514,16,194,22,1937,26,2289,11
2514,16,194,22,1937,26,2359,11
2514,16,194,22,1937,26,2370,11
2514,16,194,22,1937,26,2405,11
2514,16,194,22,1951,18,45,11
2514,16,194,22,1951,18,159,11
2514,16,194,22,1951,18,272,11
2514,16,194,22,1951,18,338,11
2514,16,194,22,1951,18,390,11
2514,16,194,22,1951,18,457,11
2514,16,194,22,1951,18,463,11
2514,16,194,22,1951,18,620,11
2514,16,194,22,1951,18,700,11
2514,16,194,22,1951,18,742,11
2514,16,194,22,1951,18,758,11
2514,16,194,22,1951,18,879,11
2514,16,194,22,1951,18,927,11
2514,16,194,22,1951,18,979,11
2514,16,194,22,1951,18,1003,11
2514,16,194,22,1951,18,1044,11
2514,16,194,22,1951,18,1068,11
2514,16,194,22,1951,18,1153,11
2514,16,194,22,1951,18,1186,11
2514,16,194,22,1951,18,1194,11
2514,16,194,22,1951,18,1259,11
2514,16,194,22,1951,18,1260,11
2514,16,194,22,1951,18,1312,11
2514,16,194,22,1951,18,1388,11
2514,16,194,22,1951,18,1391,11
2514,16,194,22,1951,18,1422,11
2514,16,194,22,1951,18,1556,11
2514,16,194,22,1951,18,1568,11
2514,16,194,22,1951,18,1599,11
2514,16,194,22,1951,18,1747,11
2514,16,194,22,1951,18,1773,11
2514,16,194,22,1951,18,1799,11
2514,16,194,22,1951,18,1818,11
2514,16,194,22,1951,18,1873,11
2514,16,194,22,1951,18,1940,11
2514,16,194,22,1951,18,1956,11
2514,16,194,22,1951,18,1997,11
2514,16,194,22,1951,18,2068,11
2514,16,194,22,1951,18,2079,11
2514,16,194,22,1951,18,2123,11
2514,16,194,22,1951,18,2196,11
2514,16,194,22,1951,18,2206,11
2514,16,194,22,1951,18,2216,11
2514,16,194,22,1951,18,2244,11
2514,16,194,22,1951,18,2259,11
2514,16,194,22,1951,18,2261,11
2514,16,194,22,1951,18,2289,11
2514,16,194,22,1951,18,2359,11
2514,16,194,22,1951,18,2370,11
2514,16,194,22,1951,18,2405,11
2514,16,194,22,1961,29,45,11
2514,16,194,22,1961,29,159,11
2514,16,194,22,1961,29,272,11
2514,16,194,22,1961,29,338,11
2514,16,194,22,1961,29,390,11
2514,16,194,22,1961,29,457,11
2514,16,194,22,1961,29,463,11
2514,16,194,22,1961,29,620,11
2514,16,194,22,1961,29,700,11
2514,16,194,22,1961,29,742,11
2514,16,194,22,1961,29,758,11
2514,16,194,22,1961,29,879,11
2514,16,194,22,1961,29,927,11
2514,16,194,22,1961,29,979,11
2514,16,194,22,1961,29,1003,11
2514,16,194,22,1961,29,1044,11
2514,16,194,22,1961,29,1068,11
2514,16,194,22,1961,29,1153,11
2514,16,194,22,1961,29,1186,11
2514,16,194,22,1961,29,1194,11
2514,16,194,22,1961,29,1259,11
2514,16,194,22,1961,29,1260,11
2514,16,194,22,1961,29,1312,11
2514,16,194,22,1961,29,1388,11
2514,16,194,22,1961,29,1391,11
2514,16,194,22,1961,29,1422,11
2514,16,194,22,1961,29,1556,11
2514,16,194,22,1961,29,1568,11
2514,16,194,22,1961,29,1599,11
2514,16,194,22,1961,29,1747,11
2514,16,194,22,1961,29,1773,11
2514,16,194,22,1961,29,1799,11
2514,16,194,22,1961,29,1818,11
2514,16,194,22,1961,29,1873,11
2514,16,194,22,1961,29,1940,11
2514,16,194,22,1961,29,1956,11
2514,16,194,22,1961,29,1997,11
2514,16,194,22,1961,29,2068,11
2514,16,194,22,1961,29,2079,11
2514,16,194,22,1961,29,2123,11
2514,16,194,22,1961,29,2196,11
2514,16,194,22,1961,29,2206,11
2514,16,194,22,1961,29,2216,11
2514,16,194,22,1961,29,2244,11
2514,16,194,22,1961,29,2259,11
2514,16,194,22,1961,29,2261,11
2514,16,194,22,1961,29,2289,11
2514,16,194,22,1961,29,2359,11
2514,16,194,22,1961,29,2370,11
2514,16,194,22,1961,29,2405,11
