2514,16,1463,30,8,36,45,11
2514,16,1463,30,8,36,159,11
2514,16,1463,30,8,36,272,11
2514,16,1463,30,8,36,338,11
2514,16,1463,30,8,36,390,11
2514,16,1463,30,8,36,457,11
2514,16,1463,30,8,36,463,11
2514,16,1463,30,8,36,620,11
2514,16,1463,30,8,36,700,11
2514,16,1463,30,8,36,742,11
2514,16,1463,30,8,36,758,11
2514,16,1463,30,8,36,879,11
2514,16,1463,30,8,36,927,11
2514,16,1463,30,8,36,979,11
2514,16,1463,30,8,36,1003,11
2514,16,1463,30,8,36,1044,11
2514,16,1463,30,8,36,1068,11
2514,16,1463,30,8,36,1153,11
2514,16,1463,30,8,36,1186,11
2514,16,1463,30,8,36,1194,11
2514,16,1463,30,8,36,1259,11
2514,16,1463,30,8,36,1260,11
2514,16,1463,30,8,36,1312,11
2514,16,1463,30,8,36,1388,11
2514,16,1463,30,8,36,1391,11
2514,16,1463,30,8,36,1422,11
2514,16,1463,30,8,36,1556,11
2514,16,1463,30,8,36,1568,11
2514,16,1463,30,8,36,1599,11
2514,16,1463,30,8,36,1747,11
2514,16,1463,30,8,36,1773,11
2514,16,1463,30,8,36,1799,11
2514,16,1463,30,8,36,1818,11
2514,16,1463,30,8,36,1873,11
2514,16,1463,30,8,36,1940,11
2514,16,1463,30,8,36,1956,11
2514,16,1463,30,8,36,1997,11
2514,16,1463,30,8,36,2068,11
2514,16,1463,30,8,36,2079,11
2514,16,1463,30,8,36,2123,11
2514,16,1463,30,8,36,2196,11
2514,16,1463,30,8,36,2206,11
2514,16,1463,30,8,36,2216,11
2514,16,1463,30,8,36,2244,11
2514,16,1463,30,8,36,2259,11
2514,16,1463,30,8,36,2261,11
2514,16,1463,30,8,36,2289,11
2514,16,1463,30,8,36,2359,11
2514,16,1463,30,8,36,2370,11
2514,16,1463,30,8,36,2405,11
2514,16,1463,30,538,47,45,11
2514,16,1463,30,538,47,159,11
2514,16,1463,30,538,47,272,11
2514,16,1463,30,538,47,338,11
2514,16,1463,30,538,47,390,11
2514,16,1463,30,538,47,457,11
2514,16,1463,30,538,47,463,11
2514,16,1463,30,538,47,620,11
2514,16,1463,30,538,47,700,11
2514,16,1463,30,538,47,742,11
2514,16,1463,30,538,47,758,11
2514,16,1463,30,538,47,879,11
2514,16,1463,30,538,47,927,11
2514,16,1463,30,538,47,979,11
2514,16,1463,30,538,47,1003,11
2514,16,1463,30,538,47,1044,11
2514,16,1463,30,538,47,1068,11
2514,16,1463,30,538,47,1153,11
2514,16,1463,30,538,47,1186,11
2514,16,1463,30,538,47,1194,11
2514,16,1463,30,538,47,1259,11
2514,16,1463,30,538,47,1260,11
2514,16,1463,30,538,47,1312,11
2514,16,1463,30,538,47,1388,11
2514,16,1463,30,538,47,1391,11
2514,16,1463,30,538,47,1422,11
2514,16,1463,30,538,47,1556,11
2514,16,1463,30,538,47,1568,11
2514,16,1463,30,538,47,1599,11
2514,16,1463,30,538,47,1747,11
2514,16,1463,30,538,47,1773,11
2514,16,1463,30,538,47,1799,11
2514,16,1463,30,538,47,1818,11
2514,16,1463,30,538,47,1873,11
2514,16,1463,30,538,47,1940,11
2514,16,1463,30,538,47,1956,11
2514,16,1463,30,538,47,1997,11
2514,16,1463,30,538,47,2068,11
2514,16,1463,30,538,47,2079,11
2514,16,1463,30,538,47,2123,11
2514,16,1463,30,538,47,2196,11
2514,16,1463,30,538,47,2206,11
2514,16,1463,30,538,47,2216,11
2514,16,1463,30,538,47,2244,11
2514,16,1463,30,538,47,2259,11
2514,16,1463,30,538,47,2261,11
2514,16,1463,30,538,47,2289,11
2514,16,1463,30,538,47,2359,11
2514,16,1463,30,538,47,2370,11
2514,16,1463,30,538,47,2405,11
2514,16,1463,30,641,43,45,11
2514,16,1463,30,641,43,159,11
2514,16,1463,30,641,43,272,11
2514,16,1463,30,641,43,338,11
2514,16,1463,30,641,43,390,11
2514,16,1463,30,641,43,457,11
2514,16,1463,30,641,43,463,11
2514,16,1463,30,641,43,620,11
2514,16,1463,30,641,43,700,11
2514,16,1463,30,641,43,742,11
2514,16,1463,30,641,43,758,11
2514,16,1463,30,641,43,879,11
2514,16,1463,30,641,43,927,11
2514,16,1463,30,641,43,979,11
2514,16,1463,30,641,43,1003,11
2514,16,1463,30,641,43,1044,11
2514,16,1463,30,641,43,1068,11
2514,16,1463,30,641,43,1153,11
2514,16,1463,30,641,43,1186,11
2514,16,1463,30,641,43,1194,11
2514,16,1463,30,641,43,1259,11
2514,16,1463,30,641,43,1260,11
2514,16,1463,30,641,43,1312,11
2514,16,1463,30,641,43,1388,11
2514,16,1463,30,641,43,1391,11
2514,16,1463,30,641,43,1422,11
2514,16,1463,30,641,43,1556,11
2514,16,1463,30,641,43,1568,11
2514,16,1463,30,641,43,1599,11
2514,16,1463,30,641,43,1747,11
2514,16,1463,30,641,43,1773,11
2514,16,1463,30,641,43,1799,11
2514,16,1463,30,641,43,1818,11
2514,16,1463,30,641,43,1873,11
2514,16,1463,30,641,43,1940,11
2514,16,1463,30,641,43,1956,11
2514,16,1463,30,641,43,1997,11
2514,16,1463,30,641,43,2068,11
2514,16,1463,30,641,43,2079,11
2514,16,1463,30,641,43,2123,11
2514,16,1463,30,641,43,2196,11
2514,16,1463,30,641,43,2206,11
2514,16,1463,30,641,43,2216,11
2514,16,1463,30,641,43,2244,11
2514,16,1463,30,641,43,2259,11
2514,16,1463,30,641,43,2261,11
2514,16,1463,30,641,43,2289,11
2514,16,1463,30,641,43,2359,11
2514,16,1463,30,641,43,2370,11
2514,16,1463,30,641,43,2405,11
2514,16,1463,30,662,15,159,11
2514,16,1463,30,662,15,272,11
2514,16,1463,30,662,15,338,11
2514,16,1463,30,662,15,457,11
2514,16,1463,30,662,15,463,11
2514,16,1463,30,662,15,700,11
2514,16,1463,30,662,15,742,11
2514,16,1463,30,662,15,758,11
2514,16,1463,30,662,15,879,11
2514,16,1463,30,662,15,927,11
2514,16,1463,30,662,15,1003,11
2514,16,1463,30,662,15,1044,11
2514,16,1463,30,662,15,1068,11
2514,16,1463,30,662,15,1153,11
2514,16,1463,30,662,15,1186,11
2514,16,1463,30,662,15,1194,11
2514,16,1463,30,662,15,1259,11
2514,16,1463,30,662,15,1260,11
2514,16,1463,30,662,15,1312,11
2514,16,1463,30,662,15,1388,11
2514,16,1463,30,662,15,1391,11
2514,16,1463,30,662,15,1422,11
2514,16,1463,30,662,15,1556,11
2514,16,1463,30,662,15,1568,11
2514,16,1463,30,662,15,1599,11
2514,16,1463,30,662,15,1747,11
2514,16,1463,30,662,15,1773,11
2514,16,1463,30,662,15,1818,11
2514,16,1463,30,662,15,1873,11
2514,16,1463,30,662,15,1940,11
2514,16,1463,30,662,15,1997,11
2514,16,1463,30,662,15,2068,11
2514,16,1463,30,662,15,2079,11
2514,16,1463,30,662,15,2123,11
2514,16,1463,30,662,15,2196,11
2514,16,1463,30,662,15,2216,11
2514,16,1463,30,662,15,2259,11
2514,16,1463,30,662,15,2289,11
2514,16,1463,30,662,15,2370,11
2514,16,1463,30,662,15,2405,11
2514,16,1463,30,827,43,45,11
2514,16,1463,30,827,43,159,11
2514,16,1463,30,827,43,272,11
2514,16,1463,30,827,43,338,11
2514,16,1463,30,827,43,390,11
2514,16,1463,30,827,43,457,11
2514,16,1463,30,827,43,463,11
2514,16,1463,30,827,43,620,11
2514,16,1463,30,827,43,700,11
2514,16,1463,30,827,43,742,11
2514,16,1463,30,827,43,758,11
2514,16,1463,30,827,43,879,11
2514,16,1463,30,827,43,927,11
2514,16,1463,30,827,43,979,11
2514,16,1463,30,827,43,1003,11
2514,16,1463,30,827,43,1044,11
2514,16,1463,30,827,43,1068,11
2514,16,1463,30,827,43,1153,11
2514,16,1463,30,827,43,1186,11
2514,16,1463,30,827,43,1194,11
2514,16,1463,30,827,43,1259,11
2514,16,1463,30,827,43,1260,11
2514,16,1463,30,827,43,1312,11
2514,16,1463,30,827,43,1388,11
2514,16,1463,30,827,43,1391,11
2514,16,1463,30,827,43,1422,11
2514,16,1463,30,827,43,1556,11
2514,16,1463,30,827,43,1568,11
2514,16,1463,30,827,43,1599,11
2514,16,1463,30,827,43,1747,11
2514,16,1463,30,827,43,1773,11
2514,16,1463,30,827,43,1799,11
2514,16,1463,30,827,43,1818,11
2514,16,1463,30,827,43,1873,11
2514,16,1463,30,827,43,1940,11
2514,16,1463,30,827,43,1956,11
2514,16,1463,30,827,43,1997,11
2514,16,1463,30,827,43,2068,11
2514,16,1463,30,827,43,2079,11
2514,16,1463,30,827,43,2123,11
2514,16,1463,30,827,43,2196,11
2514,16,1463,30,827,43,2206,11
2514,16,1463,30,827,43,2216,11
2514,16,1463,30,827,43,2244,11
2514,16,1463,30,827,43,2259,11
2514,16,1463,30,827,43,2261,11
2514,16,1463,30,827,43,2289,11
2514,16,1463,30,827,43,2359,11
2514,16,1463,30,827,43,2370,11
2514,16,1463,30,827,43,2405,11
2514,16,1463,30,944,43,45,11
2514,16,1463,30,944,43,159,11
2514,16,1463,30,944,43,272,11
2514,16,1463,30,944,43,338,11
2514,16,1463,30,944,43,390,11
2514,16,1463,30,944,43,457,11
2514,16,1463,30,944,43,463,11
2514,16,1463,30,944,43,620,11
2514,16,1463,30,944,43,700,11
2514,16,1463,30,944,43,742,11
2514,16,1463,30,944,43,758,11
2514,16,1463,30,944,43,879,11
2514,16,1463,30,944,43,927,11
2514,16,1463,30,944,43,979,11
2514,16,1463,30,944,43,1003,11
2514,16,1463,30,944,43,1044,11
2514,16,1463,30,944,43,1068,11
2514,16,1463,30,944,43,1153,11
2514,16,1463,30,944,43,1186,11
2514,16,1463,30,944,43,1194,11
2514,16,1463,30,944,43,1259,11
2514,16,1463,30,944,43,1260,11
2514,16,1463,30,944,43,1312,11
2514,16,1463,30,944,43,1388,11
2514,16,1463,30,944,43,1391,11
2514,16,1463,30,944,43,1422,11
2514,16,1463,30,944,43,1556,11
2514,16,1463,30,944,43,1568,11
2514,16,1463,30,944,43,1599,11
2514,16,1463,30,944,43,1747,11
2514,16,1463,30,944,43,1773,11
2514,16,1463,30,944,43,1799,11
2514,16,1463,30,944,43,1818,11
2514,16,1463,30,944,43,1873,11
2514,16,1463,30,944,43,1940,11
2514,16,1463,30,944,43,1956,11
2514,16,1463,30,944,43,1997,11
2514,16,1463,30,944,43,2068,11
2514,16,1463,30,944,43,2079,11
2514,16,1463,30,944,43,2123,11
2514,16,1463,30,944,43,2196,11
2514,16,1463,30,944,43,2206,11
2514,16,1463,30,944,43,2216,11
2514,16,1463,30,944,43,2244,11
2514,16,1463,30,944,43,2259,11
2514,16,1463,30,944,43,2261,11
2514,16,1463,30,944,43,2289,11
2514,16,1463,30,944,43,2359,11
2514,16,1463,30,944,43,2370,11
2514,16,1463,30,944,43,2405,11
2514,16,1463,30,1022,35,45,11
2514,16,1463,30,1022,35,159,11
2514,16,1463,30,1022,35,272,11
2514,16,1463,30,1022,35,338,11
2514,16,1463,30,1022,35,390,11
2514,16,1463,30,1022,35,457,11
2514,16,1463,30,1022,35,463,11
2514,16,1463,30,1022,35,620,11
2514,16,1463,30,1022,35,700,11
2514,16,1463,30,1022,35,742,11
2514,16,1463,30,1022,35,758,11
2514,16,1463,30,1022,35,879,11
2514,16,1463,30,1022,35,927,11
2514,16,1463,30,1022,35,979,11
2514,16,1463,30,1022,35,1003,11
2514,16,1463,30,1022,35,1044,11
2514,16,1463,30,1022,35,1068,11
2514,16,1463,30,1022,35,1153,11
2514,16,1463,30,1022,35,1186,11
2514,16,1463,30,1022,35,1194,11
2514,16,1463,30,1022,35,1259,11
2514,16,1463,30,1022,35,1260,11
2514,16,1463,30,1022,35,1312,11
2514,16,1463,30,1022,35,1388,11
2514,16,1463,30,1022,35,1391,11
2514,16,1463,30,1022,35,1422,11
2514,16,1463,30,1022,35,1556,11
2514,16,1463,30,1022,35,1568,11
2514,16,1463,30,1022,35,1599,11
2514,16,1463,30,1022,35,1747,11
2514,16,1463,30,1022,35,1773,11
2514,16,1463,30,1022,35,1799,11
2514,16,1463,30,1022,35,1818,11
2514,16,1463,30,1022,35,1873,11
2514,16,1463,30,1022,35,1940,11
2514,16,1463,30,1022,35,1956,11
2514,16,1463,30,1022,35,1997,11
2514,16,1463,30,1022,35,2068,11
2514,16,1463,30,1022,35,2079,11
2514,16,1463,30,1022,35,2123,11
2514,16,1463,30,1022,35,2196,11
2514,16,1463,30,1022,35,2206,11
2514,16,1463,30,1022,35,2216,11
2514,16,1463,30,1022,35,2244,11
2514,16,1463,30,1022,35,2259,11
2514,16,1463,30,1022,35,2261,11
2514,16,1463,30,1022,35,2289,11
2514,16,1463,30,1022,35,2359,11
2514,16,1463,30,1022,35,2370,11
2514,16,1463,30,1022,35,2405,11
2514,16,1463,30,1040,32,45,11
2514,16,1463,30,1040,32,159,11
2514,16,1463,30,1040,32,272,11
2514,16,1463,30,1040,32,338,11
2514,16,1463,30,1040,32,390,11
2514,16,1463,30,1040,32,457,11
2514,16,1463,30,1040,32,463,11
2514,16,1463,30,1040,32,620,11
2514,16,1463,30,1040,32,700,11
2514,16,1463,30,1040,32,742,11
2514,16,1463,30,1040,32,758,11
2514,16,1463,30,1040,32,879,11
2514,16,1463,30,1040,32,927,11
2514,16,1463,30,1040,32,979,11
2514,16,1463,30,1040,32,1003,11
2514,16,1463,30,1040,32,1044,11
2514,16,1463,30,1040,32,1068,11
2514,16,1463,30,1040,32,1153,11
2514,16,1463,30,1040,32,1186,11
2514,16,1463,30,1040,32,1194,11
2514,16,1463,30,1040,32,1259,11
2514,16,1463,30,1040,32,1260,11
2514,16,1463,30,1040,32,1312,11
2514,16,1463,30,1040,32,1388,11
2514,16,1463,30,1040,32,1391,11
2514,16,1463,30,1040,32,1422,11
2514,16,1463,30,1040,32,1556,11
2514,16,1463,30,1040,32,1568,11
2514,16,1463,30,1040,32,1599,11
2514,16,1463,30,1040,32,1747,11
2514,16,1463,30,1040,32,1773,11
2514,16,1463,30,1040,32,1799,11
2514,16,1463,30,1040,32,1818,11
2514,16,1463,30,1040,32,1873,11
2514,16,1463,30,1040,32,1940,11
2514,16,1463,30,1040,32,1956,11
2514,16,1463,30,1040,32,1997,11
2514,16,1463,30,1040,32,2068,11
2514,16,1463,30,1040,32,2079,11
2514,16,1463,30,1040,32,2123,11
2514,16,1463,30,1040,32,2196,11
2514,16,1463,30,1040,32,2206,11
2514,16,1463,30,1040,32,2216,11
2514,16,1463,30,1040,32,2244,11
2514,16,1463,30,1040,32,2259,11
2514,16,1463,30,1040,32,2261,11
2514,16,1463,30,1040,32,2289,11
2514,16,1463,30,1040,32,2359,11
2514,16,1463,30,1040,32,2370,11
2514,16,1463,30,1040,32,2405,11
2514,16,1463,30,1140,36,45,11
2514,16,1463,30,1140,36,159,11
2514,16,1463,30,1140,36,272,11
2514,16,1463,30,1140,36,338,11
2514,16,1463,30,1140,36,390,11
2514,16,1463,30,1140,36,457,11
2514,16,1463,30,1140,36,463,11
2514,16,1463,30,1140,36,620,11
2514,16,1463,30,1140,36,700,11
2514,16,1463,30,1140,36,742,11
2514,16,1463,30,1140,36,758,11
2514,16,1463,30,1140,36,879,11
2514,16,1463,30,1140,36,927,11
2514,16,1463,30,1140,36,979,11
2514,16,1463,30,1140,36,1003,11
2514,16,1463,30,1140,36,1044,11
2514,16,1463,30,1140,36,1068,11
2514,16,1463,30,1140,36,1153,11
2514,16,1463,30,1140,36,1186,11
2514,16,1463,30,1140,36,1194,11
2514,16,1463,30,1140,36,1259,11
2514,16,1463,30,1140,36,1260,11
2514,16,1463,30,1140,36,1312,11
2514,16,1463,30,1140,36,1388,11
2514,16,1463,30,1140,36,1391,11
2514,16,1463,30,1140,36,1422,11
2514,16,1463,30,1140,36,1556,11
2514,16,1463,30,1140,36,1568,11
2514,16,1463,30,1140,36,1599,11
2514,16,1463,30,1140,36,1747,11
2514,16,1463,30,1140,36,1773,11
2514,16,1463,30,1140,36,1799,11
2514,16,1463,30,1140,36,1818,11
2514,16,1463,30,1140,36,1873,11
2514,16,1463,30,1140,36,1940,11
2514,16,1463,30,1140,36,1956,11
2514,16,1463,30,1140,36,1997,11
2514,16,1463,30,1140,36,2068,11
2514,16,1463,30,1140,36,2079,11
2514,16,1463,30,1140,36,2123,11
2514,16,1463,30,1140,36,2196,11
2514,16,1463,30,1140,36,2206,11
2514,16,1463,30,1140,36,2216,11
2514,16,1463,30,1140,36,2244,11
2514,16,1463,30,1140,36,2259,11
2514,16,1463,30,1140,36,2261,11
2514,16,1463,30,1140,36,2289,11
2514,16,1463,30,1140,36,2359,11
2514,16,1463,30,1140,36,2370,11
2514,16,1463,30,1140,36,2405,11
2514,16,1463,30,1537,19,45,11
2514,16,1463,30,1537,19,159,11
2514,16,1463,30,1537,19,272,11
2514,16,1463,30,1537,19,338,11
2514,16,1463,30,1537,19,390,11
2514,16,1463,30,1537,19,457,11
2514,16,1463,30,1537,19,463,11
2514,16,1463,30,1537,19,620,11
2514,16,1463,30,1537,19,700,11
2514,16,1463,30,1537,19,742,11
2514,16,1463,30,1537,19,758,11
2514,16,1463,30,1537,19,879,11
2514,16,1463,30,1537,19,927,11
2514,16,1463,30,1537,19,979,11
2514,16,1463,30,1537,19,1003,11
2514,16,1463,30,1537,19,1044,11
2514,16,1463,30,1537,19,1068,11
2514,16,1463,30,1537,19,1153,11
2514,16,1463,30,1537,19,1186,11
2514,16,1463,30,1537,19,1194,11
2514,16,1463,30,1537,19,1259,11
2514,16,1463,30,1537,19,1260,11
2514,16,1463,30,1537,19,1312,11
2514,16,1463,30,1537,19,1388,11
2514,16,1463,30,1537,19,1391,11
2514,16,1463,30,1537,19,1422,11
2514,16,1463,30,1537,19,1556,11
2514,16,1463,30,1537,19,1568,11
2514,16,1463,30,1537,19,1599,11
2514,16,1463,30,1537,19,1747,11
2514,16,1463,30,1537,19,1773,11
2514,16,1463,30,1537,19,1799,11
2514,16,1463,30,1537,19,1818,11
2514,16,1463,30,1537,19,1873,11
2514,16,1463,30,1537,19,1940,11
2514,16,1463,30,1537,19,1956,11
2514,16,1463,30,1537,19,1997,11
2514,16,1463,30,1537,19,2068,11
2514,16,1463,30,1537,19,2079,11
2514,16,1463,30,1537,19,2123,11
2514,16,1463,30,1537,19,2196,11
2514,16,1463,30,1537,19,2206,11
2514,16,1463,30,1537,19,2216,11
2514,16,1463,30,1537,19,2244,11
2514,16,1463,30,1537,19,2259,11
2514,16,1463,30,1537,19,2261,11
2514,16,1463,30,1537,19,2289,11
2514,16,1463,30,1537,19,2359,11
2514,16,1463,30,1537,19,2370,11
2514,16,1463,30,1537,19,2405,11
2514,16,1463,30,1627,18,45,11
2514,16,1463,30,1627,18,159,11
2514,16,1463,30,1627,18,272,11
2514,16,1463,30,1627,18,338,11
2514,16,1463,30,1627,18,390,11
2514,16,1463,30,1627,18,457,11
2514,16,1463,30,1627,18,463,11
2514,16,1463,30,1627,18,620,11
2514,16,1463,30,1627,18,700,11
2514,16,1463,30,1627,18,742,11
2514,16,1463,30,1627,18,758,11
2514,16,1463,30,1627,18,879,11
2514,16,1463,30,1627,18,927,11
2514,16,1463,30,1627,18,979,11
2514,16,1463,30,1627,18,1003,11
2514,16,1463,30,1627,18,1044,11
2514,16,1463,30,1627,18,1068,11
2514,16,1463,30,1627,18,1153,11
2514,16,1463,30,1627,18,1186,11
2514,16,1463,30,1627,18,1194,11
2514,16,1463,30,1627,18,1259,11
2514,16,1463,30,1627,18,1260,11
2514,16,1463,30,1627,18,1312,11
2514,16,1463,30,1627,18,1388,11
2514,16,1463,30,1627,18,1391,11
2514,16,1463,30,1627,18,1422,11
2514,16,1463,30,1627,18,1556,11
2514,16,1463,30,1627,18,1568,11
2514,16,1463,30,1627,18,1599,11
2514,16,1463,30,1627,18,1747,11
2514,16,1463,30,1627,18,1773,11
2514,16,1463,30,1627,18,1799,11
2514,16,1463,30,1627,18,1818,11
2514,16,1463,30,1627,18,1873,11
2514,16,1463,30,1627,18,1940,11
2514,16,1463,30,1627,18,1956,11
2514,16,1463,30,1627,18,1997,11
2514,16,1463,30,1627,18,2068,11
2514,16,1463,30,1627,18,2079,11
2514,16,1463,30,1627,18,2123,11
2514,16,1463,30,1627,18,2196,11
2514,16,1463,30,1627,18,2206,11
2514,16,1463,30,1627,18,2216,11
2514,16,1463,30,1627,18,2244,11
2514,16,1463,30,1627,18,2259,11
2514,16,1463,30,1627,18,2261,11
2514,16,1463,30,1627,18,2289,11
2514,16,1463,30,1627,18,2359,11
2514,16,1463,30,1627,18,2370,11
2514,16,1463,30,1627,18,2405,11
2514,16,1463,30,1785,47,45,11
2514,16,1463,30,1785,47,159,11
2514,16,1463,30,1785,47,272,11
2514,16,1463,30,1785,47,338,11
2514,16,1463,30,1785,47,390,11
2514,16,1463,30,1785,47,457,11
2514,16,1463,30,1785,47,463,11
2514,16,1463,30,1785,47,620,11
2514,16,1463,30,1785,47,700,11
2514,16,1463,30,1785,47,742,11
2514,16,1463,30,1785,47,758,11
2514,16,1463,30,1785,47,879,11
2514,16,1463,30,1785,47,927,11
2514,16,1463,30,1785,47,979,11
2514,16,1463,30,1785,47,1003,11
2514,16,1463,30,1785,47,1044,11
2514,16,1463,30,1785,47,1068,11
2514,16,1463,30,1785,47,1153,11
2514,16,1463,30,1785,47,1186,11
2514,16,1463,30,1785,47,1194,11
2514,16,1463,30,1785,47,1259,11
2514,16,1463,30,1785,47,1260,11
2514,16,1463,30,1785,47,1312,11
2514,16,1463,30,1785,47,1388,11
2514,16,1463,30,1785,47,1391,11
2514,16,1463,30,1785,47,1422,11
2514,16,1463,30,1785,47,1556,11
2514,16,1463,30,1785,47,1568,11
2514,16,1463,30,1785,47,1599,11
2514,16,1463,30,1785,47,1747,11
2514,16,1463,30,1785,47,1773,11
2514,16,1463,30,1785,47,1799,11
2514,16,1463,30,1785,47,1818,11
2514,16,1463,30,1785,47,1873,11
2514,16,1463,30,1785,47,1940,11
2514,16,1463,30,1785,47,1956,11
2514,16,1463,30,1785,47,1997,11
2514,16,1463,30,1785,47,2068,11
2514,16,1463,30,1785,47,2079,11
2514,16,1463,30,1785,47,2123,11
2514,16,1463,30,1785,47,2196,11
2514,16,1463,30,1785,47,2206,11
2514,16,1463,30,1785,47,2216,11
2514,16,1463,30,1785,47,2244,11
2514,16,1463,30,1785,47,2259,11
2514,16,1463,30,1785,47,2261,11
2514,16,1463,30,1785,47,2289,11
2514,16,1463,30,1785,47,2359,11
2514,16,1463,30,1785,47,2370,11
2514,16,1463,30,1785,47,2405,11
2514,16,1463,30,1944,37,45,11
2514,16,1463,30,1944,37,159,11
2514,16,1463,30,1944,37,272,11
2514,16,1463,30,1944,37,338,11
2514,16,1463,30,1944,37,390,11
2514,16,1463,30,1944,37,457,11
2514,16,1463,30,1944,37,463,11
2514,16,1463,30,1944,37,620,11
2514,16,1463,30,1944,37,700,11
2514,16,1463,30,1944,37,742,11
2514,16,1463,30,1944,37,758,11
2514,16,1463,30,1944,37,879,11
2514,16,1463,30,1944,37,927,11
2514,16,1463,30,1944,37,979,11
2514,16,1463,30,1944,37,1003,11
2514,16,1463,30,1944,37,1044,11
2514,16,1463,30,1944,37,1068,11
2514,16,1463,30,1944,37,1153,11
2514,16,1463,30,1944,37,1186,11
2514,16,1463,30,1944,37,1194,11
2514,16,1463,30,1944,37,1259,11
2514,16,1463,30,1944,37,1260,11
2514,16,1463,30,1944,37,1312,11
2514,16,1463,30,1944,37,1388,11
2514,16,1463,30,1944,37,1391,11
2514,16,1463,30,1944,37,1422,11
2514,16,1463,30,1944,37,1556,11
2514,16,1463,30,1944,37,1568,11
2514,16,1463,30,1944,37,1599,11
2514,16,1463,30,1944,37,1747,11
2514,16,1463,30,1944,37,1773,11
2514,16,1463,30,1944,37,1799,11
2514,16,1463,30,1944,37,1818,11
2514,16,1463,30,1944,37,1873,11
2514,16,1463,30,1944,37,1940,11
2514,16,1463,30,1944,37,1956,11
2514,16,1463,30,1944,37,1997,11
2514,16,1463,30,1944,37,2068,11
2514,16,1463,30,1944,37,2079,11
2514,16,1463,30,1944,37,2123,11
2514,16,1463,30,1944,37,2196,11
2514,16,1463,30,1944,37,2206,11
2514,16,1463,30,1944,37,2216,11
2514,16,1463,30,1944,37,2244,11
2514,16,1463,30,1944,37,2259,11
2514,16,1463,30,1944,37,2261,11
2514,16,1463,30,1944,37,2289,11
2514,16,1463,30,1944,37,2359,11
2514,16,1463,30,1944,37,2370,11
2514,16,1463,30,1944,37,2405,11
