2514,16,860,29,427,17,45,11
2514,16,860,29,427,17,159,11
2514,16,860,29,427,17,272,11
2514,16,860,29,427,17,338,11
2514,16,860,29,427,17,390,11
2514,16,860,29,427,17,457,11
2514,16,860,29,427,17,463,11
2514,16,860,29,427,17,620,11
2514,16,860,29,427,17,700,11
2514,16,860,29,427,17,742,11
2514,16,860,29,427,17,758,11
2514,16,860,29,427,17,879,11
2514,16,860,29,427,17,927,11
2514,16,860,29,427,17,979,11
2514,16,860,29,427,17,1003,11
2514,16,860,29,427,17,1044,11
2514,16,860,29,427,17,1068,11
2514,16,860,29,427,17,1153,11
2514,16,860,29,427,17,1186,11
2514,16,860,29,427,17,1194,11
2514,16,860,29,427,17,1259,11
2514,16,860,29,427,17,1260,11
2514,16,860,29,427,17,1312,11
2514,16,860,29,427,17,1388,11
2514,16,860,29,427,17,1391,11
2514,16,860,29,427,17,1422,11
2514,16,860,29,427,17,1556,11
2514,16,860,29,427,17,1568,11
2514,16,860,29,427,17,1599,11
2514,16,860,29,427,17,1747,11
2514,16,860,29,427,17,1773,11
2514,16,860,29,427,17,1799,11
2514,16,860,29,427,17,1818,11
2514,16,860,29,427,17,1873,11
2514,16,860,29,427,17,1940,11
2514,16,860,29,427,17,1956,11
2514,16,860,29,427,17,1997,11
2514,16,860,29,427,17,2068,11
2514,16,860,29,427,17,2079,11
2514,16,860,29,427,17,2123,11
2514,16,860,29,427,17,2196,11
2514,16,860,29,427,17,2206,11
2514,16,860,29,427,17,2216,11
2514,16,860,29,427,17,2244,11
2514,16,860,29,427,17,2259,11
2514,16,860,29,427,17,2261,11
2514,16,860,29,427,17,2289,11
2514,16,860,29,427,17,2359,11
2514,16,860,29,427,17,2370,11
2514,16,860,29,427,17,2405,11
2514,16,860,29,518,46,45,11
2514,16,860,29,518,46,159,11
2514,16,860,29,518,46,272,11
2514,16,860,29,518,46,338,11
2514,16,860,29,518,46,390,11
2514,16,860,29,518,46,457,11
2514,16,860,29,518,46,463,11
2514,16,860,29,518,46,620,11
2514,16,860,29,518,46,700,11
2514,16,860,29,518,46,742,11
2514,16,860,29,518,46,758,11
2514,16,860,29,518,46,879,11
2514,16,860,29,518,46,927,11
2514,16,860,29,518,46,979,11
2514,16,860,29,518,46,1003,11
2514,16,860,29,518,46,1044,11
2514,16,860,29,518,46,1068,11
2514,16,860,29,518,46,1153,11
2514,16,860,29,518,46,1186,11
2514,16,860,29,518,46,1194,11
2514,16,860,29,518,46,1259,11
2514,16,860,29,518,46,1260,11
2514,16,860,29,518,46,1312,11
2514,16,860,29,518,46,1388,11
2514,16,860,29,518,46,1391,11
2514,16,860,29,518,46,1422,11
2514,16,860,29,518,46,1556,11
2514,16,860,29,518,46,1568,11
2514,16,860,29,518,46,1599,11
2514,16,860,29,518,46,1747,11
2514,16,860,29,518,46,1773,11
2514,16,860,29,518,46,1799,11
2514,16,860,29,518,46,1818,11
2514,16,860,29,518,46,1873,11
2514,16,860,29,518,46,1940,11
2514,16,860,29,518,46,1956,11
2514,16,860,29,518,46,1997,11
2514,16,860,29,518,46,2068,11
2514,16,860,29,518,46,2079,11
2514,16,860,29,518,46,2123,11
2514,16,860,29,518,46,2196,11
2514,16,860,29,518,46,2206,11
2514,16,860,29,518,46,2216,11
2514,16,860,29,518,46,2244,11
2514,16,860,29,518,46,2259,11
2514,16,860,29,518,46,2261,11
2514,16,860,29,518,46,2289,11
2514,16,860,29,518,46,2359,11
2514,16,860,29,518,46,2370,11
2514,16,860,29,518,46,2405,11
2514,16,860,29,613,20,45,11
2514,16,860,29,613,20,159,11
2514,16,860,29,613,20,272,11
2514,16,860,29,613,20,338,11
2514,16,860,29,613,20,390,11
2514,16,860,29,613,20,457,11
2514,16,860,29,613,20,463,11
2514,16,860,29,613,20,620,11
2514,16,860,29,613,20,700,11
2514,16,860,29,613,20,742,11
2514,16,860,29,613,20,758,11
2514,16,860,29,613,20,879,11
2514,16,860,29,613,20,927,11
2514,16,860,29,613,20,979,11
2514,16,860,29,613,20,1003,11
2514,16,860,29,613,20,1044,11
2514,16,860,29,613,20,1068,11
2514,16,860,29,613,20,1153,11
2514,16,860,29,613,20,1186,11
2514,16,860,29,613,20,1194,11
2514,16,860,29,613,20,1259,11
2514,16,860,29,613,20,1260,11
2514,16,860,29,613,20,1312,11
2514,16,860,29,613,20,1388,11
2514,16,860,29,613,20,1391,11
2514,16,860,29,613,20,1422,11
2514,16,860,29,613,20,1556,11
2514,16,860,29,613,20,1568,11
2514,16,860,29,613,20,1599,11
2514,16,860,29,613,20,1747,11
2514,16,860,29,613,20,1773,11
2514,16,860,29,613,20,1799,11
2514,16,860,29,613,20,1818,11
2514,16,860,29,613,20,1873,11
2514,16,860,29,613,20,1940,11
2514,16,860,29,613,20,1956,11
2514,16,860,29,613,20,1997,11
2514,16,860,29,613,20,2068,11
2514,16,860,29,613,20,2079,11
2514,16,860,29,613,20,2123,11
2514,16,860,29,613,20,2196,11
2514,16,860,29,613,20,2206,11
2514,16,860,29,613,20,2216,11
2514,16,860,29,613,20,2244,11
2514,16,860,29,613,20,2259,11
2514,16,860,29,613,20,2261,11
2514,16,860,29,613,20,2289,11
2514,16,860,29,613,20,2359,11
2514,16,860,29,613,20,2370,11
2514,16,860,29,613,20,2405,11
2514,16,860,29,910,19,45,11
2514,16,860,29,910,19,159,11
2514,16,860,29,910,19,272,11
2514,16,860,29,910,19,338,11
2514,16,860,29,910,19,390,11
2514,16,860,29,910,19,457,11
2514,16,860,29,910,19,463,11
2514,16,860,29,910,19,620,11
2514,16,860,29,910,19,700,11
2514,16,860,29,910,19,742,11
2514,16,860,29,910,19,758,11
2514,16,860,29,910,19,879,11
2514,16,860,29,910,19,927,11
2514,16,860,29,910,19,979,11
2514,16,860,29,910,19,1003,11
2514,16,860,29,910,19,1044,11
2514,16,860,29,910,19,1068,11
2514,16,860,29,910,19,1153,11
2514,16,860,29,910,19,1186,11
2514,16,860,29,910,19,1194,11
2514,16,860,29,910,19,1259,11
2514,16,860,29,910,19,1260,11
2514,16,860,29,910,19,1312,11
2514,16,860,29,910,19,1388,11
2514,16,860,29,910,19,1391,11
2514,16,860,29,910,19,1422,11
2514,16,860,29,910,19,1556,11
2514,16,860,29,910,19,1568,11
2514,16,860,29,910,19,1599,11
2514,16,860,29,910,19,1747,11
2514,16,860,29,910,19,1773,11
2514,16,860,29,910,19,1799,11
2514,16,860,29,910,19,1818,11
2514,16,860,29,910,19,1873,11
2514,16,860,29,910,19,1940,11
2514,16,860,29,910,19,1956,11
2514,16,860,29,910,19,1997,11
2514,16,860,29,910,19,2068,11
2514,16,860,29,910,19,2079,11
2514,16,860,29,910,19,2123,11
2514,16,860,29,910,19,2196,11
2514,16,860,29,910,19,2206,11
2514,16,860,29,910,19,2216,11
2514,16,860,29,910,19,2244,11
2514,16,860,29,910,19,2259,11
2514,16,860,29,910,19,2261,11
2514,16,860,29,910,19,2289,11
2514,16,860,29,910,19,2359,11
2514,16,860,29,910,19,2370,11
2514,16,860,29,910,19,2405,11
2514,16,860,29,938,13,45,11
2514,16,860,29,938,13,159,11
2514,16,860,29,938,13,272,11
2514,16,860,29,938,13,338,11
2514,16,860,29,938,13,390,11
2514,16,860,29,938,13,457,11
2514,16,860,29,938,13,463,11
2514,16,860,29,938,13,620,11
2514,16,860,29,938,13,700,11
2514,16,860,29,938,13,742,11
2514,16,860,29,938,13,758,11
2514,16,860,29,938,13,879,11
2514,16,860,29,938,13,927,11
2514,16,860,29,938,13,979,11
2514,16,860,29,938,13,1003,11
2514,16,860,29,938,13,1044,11
2514,16,860,29,938,13,1068,11
2514,16,860,29,938,13,1153,11
2514,16,860,29,938,13,1186,11
2514,16,860,29,938,13,1194,11
2514,16,860,29,938,13,1259,11
2514,16,860,29,938,13,1260,11
2514,16,860,29,938,13,1312,11
2514,16,860,29,938,13,1388,11
2514,16,860,29,938,13,1391,11
2514,16,860,29,938,13,1422,11
2514,16,860,29,938,13,1556,11
2514,16,860,29,938,13,1568,11
2514,16,860,29,938,13,1599,11
2514,16,860,29,938,13,1747,11
2514,16,860,29,938,13,1773,11
2514,16,860,29,938,13,1799,11
2514,16,860,29,938,13,1818,11
2514,16,860,29,938,13,1873,11
2514,16,860,29,938,13,1940,11
2514,16,860,29,938,13,1956,11
2514,16,860,29,938,13,1997,11
2514,16,860,29,938,13,2068,11
2514,16,860,29,938,13,2079,11
2514,16,860,29,938,13,2123,11
2514,16,860,29,938,13,2196,11
2514,16,860,29,938,13,2206,11
2514,16,860,29,938,13,2216,11
2514,16,860,29,938,13,2244,11
2514,16,860,29,938,13,2259,11
2514,16,860,29,938,13,2261,11
2514,16,860,29,938,13,2289,11
2514,16,860,29,938,13,2359,11
2514,16,860,29,938,13,2370,11
2514,16,860,29,938,13,2405,11
2514,16,860,29,1110,17,45,11
2514,16,860,29,1110,17,159,11
2514,16,860,29,1110,17,272,11
2514,16,860,29,1110,17,338,11
2514,16,860,29,1110,17,390,11
2514,16,860,29,1110,17,457,11
2514,16,860,29,1110,17,463,11
2514,16,860,29,1110,17,620,11
2514,16,860,29,1110,17,700,11
2514,16,860,29,1110,17,742,11
2514,16,860,29,1110,17,758,11
2514,16,860,29,1110,17,879,11
2514,16,860,29,1110,17,927,11
2514,16,860,29,1110,17,979,11
2514,16,860,29,1110,17,1003,11
2514,16,860,29,1110,17,1044,11
2514,16,860,29,1110,17,1068,11
2514,16,860,29,1110,17,1153,11
2514,16,860,29,1110,17,1186,11
2514,16,860,29,1110,17,1194,11
2514,16,860,29,1110,17,1259,11
2514,16,860,29,1110,17,1260,11
2514,16,860,29,1110,17,1312,11
2514,16,860,29,1110,17,1388,11
2514,16,860,29,1110,17,1391,11
2514,16,860,29,1110,17,1422,11
2514,16,860,29,1110,17,1556,11
2514,16,860,29,1110,17,1568,11
2514,16,860,29,1110,17,1599,11
2514,16,860,29,1110,17,1747,11
2514,16,860,29,1110,17,1773,11
2514,16,860,29,1110,17,1799,11
2514,16,860,29,1110,17,1818,11
2514,16,860,29,1110,17,1873,11
2514,16,860,29,1110,17,1940,11
2514,16,860,29,1110,17,1956,11
2514,16,860,29,1110,17,1997,11
2514,16,860,29,1110,17,2068,11
2514,16,860,29,1110,17,2079,11
2514,16,860,29,1110,17,2123,11
2514,16,860,29,1110,17,2196,11
2514,16,860,29,1110,17,2206,11
2514,16,860,29,1110,17,2216,11
2514,16,860,29,1110,17,2244,11
2514,16,860,29,1110,17,2259,11
2514,16,860,29,1110,17,2261,11
2514,16,860,29,1110,17,2289,11
2514,16,860,29,1110,17,2359,11
2514,16,860,29,1110,17,2370,11
2514,16,860,29,1110,17,2405,11
2514,16,860,29,1251,15,45,11
2514,16,860,29,1251,15,159,11
2514,16,860,29,1251,15,272,11
2514,16,860,29,1251,15,338,11
2514,16,860,29,1251,15,390,11
2514,16,860,29,1251,15,457,11
2514,16,860,29,1251,15,463,11
2514,16,860,29,1251,15,620,11
2514,16,860,29,1251,15,700,11
2514,16,860,29,1251,15,742,11
2514,16,860,29,1251,15,758,11
2514,16,860,29,1251,15,879,11
2514,16,860,29,1251,15,927,11
2514,16,860,29,1251,15,979,11
2514,16,860,29,1251,15,1003,11
2514,16,860,29,1251,15,1044,11
2514,16,860,29,1251,15,1068,11
2514,16,860,29,1251,15,1153,11
2514,16,860,29,1251,15,1186,11
2514,16,860,29,1251,15,1194,11
2514,16,860,29,1251,15,1259,11
2514,16,860,29,1251,15,1260,11
2514,16,860,29,1251,15,1312,11
2514,16,860,29,1251,15,1388,11
2514,16,860,29,1251,15,1391,11
2514,16,860,29,1251,15,1422,11
2514,16,860,29,1251,15,1556,11
2514,16,860,29,1251,15,1568,11
2514,16,860,29,1251,15,1599,11
2514,16,860,29,1251,15,1747,11
2514,16,860,29,1251,15,1773,11
2514,16,860,29,1251,15,1799,11
2514,16,860,29,1251,15,1818,11
2514,16,860,29,1251,15,1873,11
2514,16,860,29,1251,15,1940,11
2514,16,860,29,1251,15,1956,11
2514,16,860,29,1251,15,1997,11
2514,16,860,29,1251,15,2068,11
2514,16,860,29,1251,15,2079,11
2514,16,860,29,1251,15,2123,11
2514,16,860,29,1251,15,2196,11
2514,16,860,29,1251,15,2206,11
2514,16,860,29,1251,15,2216,11
2514,16,860,29,1251,15,2244,11
2514,16,860,29,1251,15,2259,11
2514,16,860,29,1251,15,2261,11
2514,16,860,29,1251,15,2289,11
2514,16,860,29,1251,15,2359,11
2514,16,860,29,1251,15,2370,11
2514,16,860,29,1251,15,2405,11
2514,16,860,29,1256,20,45,11
2514,16,860,29,1256,20,159,11
2514,16,860,29,1256,20,272,11
2514,16,860,29,1256,20,338,11
2514,16,860,29,1256,20,390,11
2514,16,860,29,1256,20,457,11
2514,16,860,29,1256,20,463,11
2514,16,860,29,1256,20,620,11
2514,16,860,29,1256,20,700,11
2514,16,860,29,1256,20,742,11
2514,16,860,29,1256,20,758,11
2514,16,860,29,1256,20,879,11
2514,16,860,29,1256,20,927,11
2514,16,860,29,1256,20,979,11
2514,16,860,29,1256,20,1003,11
2514,16,860,29,1256,20,1044,11
2514,16,860,29,1256,20,1068,11
2514,16,860,29,1256,20,1153,11
2514,16,860,29,1256,20,1186,11
2514,16,860,29,1256,20,1194,11
2514,16,860,29,1256,20,1259,11
2514,16,860,29,1256,20,1260,11
2514,16,860,29,1256,20,1312,11
2514,16,860,29,1256,20,1388,11
2514,16,860,29,1256,20,1391,11
2514,16,860,29,1256,20,1422,11
2514,16,860,29,1256,20,1556,11
2514,16,860,29,1256,20,1568,11
2514,16,860,29,1256,20,1599,11
2514,16,860,29,1256,20,1747,11
2514,16,860,29,1256,20,1773,11
2514,16,860,29,1256,20,1799,11
2514,16,860,29,1256,20,1818,11
2514,16,860,29,1256,20,1873,11
2514,16,860,29,1256,20,1940,11
2514,16,860,29,1256,20,1956,11
2514,16,860,29,1256,20,1997,11
2514,16,860,29,1256,20,2068,11
2514,16,860,29,1256,20,2079,11
2514,16,860,29,1256,20,2123,11
2514,16,860,29,1256,20,2196,11
2514,16,860,29,1256,20,2206,11
2514,16,860,29,1256,20,2216,11
2514,16,860,29,1256,20,2244,11
2514,16,860,29,1256,20,2259,11
2514,16,860,29,1256,20,2261,11
2514,16,860,29,1256,20,2289,11
2514,16,860,29,1256,20,2359,11
2514,16,860,29,1256,20,2370,11
2514,16,860,29,1256,20,2405,11
2514,16,860,29,1303,42,159,11
2514,16,860,29,1303,42,457,11
2514,16,860,29,1303,42,463,11
2514,16,860,29,1303,42,700,11
2514,16,860,29,1303,42,879,11
2514,16,860,29,1303,42,927,11
2514,16,860,29,1303,42,1003,11
2514,16,860,29,1303,42,1153,11
2514,16,860,29,1303,42,1194,11
2514,16,860,29,1303,42,1388,11
2514,16,860,29,1303,42,1556,11
2514,16,860,29,1303,42,1568,11
2514,16,860,29,1303,42,1599,11
2514,16,860,29,1303,42,1818,11
2514,16,860,29,1303,42,1873,11
2514,16,860,29,1303,42,1940,11
2514,16,860,29,1303,42,2123,11
2514,16,860,29,1303,42,2196,11
2514,16,860,29,1303,42,2216,11
2514,16,860,29,1303,42,2370,11
2514,16,860,29,1452,15,45,11
2514,16,860,29,1452,15,159,11
2514,16,860,29,1452,15,272,11
2514,16,860,29,1452,15,338,11
2514,16,860,29,1452,15,390,11
2514,16,860,29,1452,15,457,11
2514,16,860,29,1452,15,463,11
2514,16,860,29,1452,15,620,11
2514,16,860,29,1452,15,700,11
2514,16,860,29,1452,15,742,11
2514,16,860,29,1452,15,758,11
2514,16,860,29,1452,15,879,11
2514,16,860,29,1452,15,927,11
2514,16,860,29,1452,15,979,11
2514,16,860,29,1452,15,1003,11
2514,16,860,29,1452,15,1044,11
2514,16,860,29,1452,15,1068,11
2514,16,860,29,1452,15,1153,11
2514,16,860,29,1452,15,1186,11
2514,16,860,29,1452,15,1194,11
2514,16,860,29,1452,15,1259,11
2514,16,860,29,1452,15,1260,11
2514,16,860,29,1452,15,1312,11
2514,16,860,29,1452,15,1388,11
2514,16,860,29,1452,15,1391,11
2514,16,860,29,1452,15,1422,11
2514,16,860,29,1452,15,1556,11
2514,16,860,29,1452,15,1568,11
2514,16,860,29,1452,15,1599,11
2514,16,860,29,1452,15,1747,11
2514,16,860,29,1452,15,1773,11
2514,16,860,29,1452,15,1799,11
2514,16,860,29,1452,15,1818,11
2514,16,860,29,1452,15,1873,11
2514,16,860,29,1452,15,1940,11
2514,16,860,29,1452,15,1956,11
2514,16,860,29,1452,15,1997,11
2514,16,860,29,1452,15,2068,11
2514,16,860,29,1452,15,2079,11
2514,16,860,29,1452,15,2123,11
2514,16,860,29,1452,15,2196,11
2514,16,860,29,1452,15,2206,11
2514,16,860,29,1452,15,2216,11
2514,16,860,29,1452,15,2244,11
2514,16,860,29,1452,15,2259,11
2514,16,860,29,1452,15,2261,11
2514,16,860,29,1452,15,2289,11
2514,16,860,29,1452,15,2359,11
2514,16,860,29,1452,15,2370,11
2514,16,860,29,1452,15,2405,11
2514,16,860,29,1480,23,45,11
2514,16,860,29,1480,23,159,11
2514,16,860,29,1480,23,272,11
2514,16,860,29,1480,23,338,11
2514,16,860,29,1480,23,390,11
2514,16,860,29,1480,23,457,11
2514,16,860,29,1480,23,463,11
2514,16,860,29,1480,23,620,11
2514,16,860,29,1480,23,700,11
2514,16,860,29,1480,23,742,11
2514,16,860,29,1480,23,758,11
2514,16,860,29,1480,23,879,11
2514,16,860,29,1480,23,927,11
2514,16,860,29,1480,23,979,11
2514,16,860,29,1480,23,1003,11
2514,16,860,29,1480,23,1044,11
2514,16,860,29,1480,23,1068,11
2514,16,860,29,1480,23,1153,11
2514,16,860,29,1480,23,1186,11
2514,16,860,29,1480,23,1194,11
2514,16,860,29,1480,23,1259,11
2514,16,860,29,1480,23,1260,11
2514,16,860,29,1480,23,1312,11
2514,16,860,29,1480,23,1388,11
2514,16,860,29,1480,23,1391,11
2514,16,860,29,1480,23,1422,11
2514,16,860,29,1480,23,1556,11
2514,16,860,29,1480,23,1568,11
2514,16,860,29,1480,23,1599,11
2514,16,860,29,1480,23,1747,11
2514,16,860,29,1480,23,1773,11
2514,16,860,29,1480,23,1799,11
2514,16,860,29,1480,23,1818,11
2514,16,860,29,1480,23,1873,11
2514,16,860,29,1480,23,1940,11
2514,16,860,29,1480,23,1956,11
2514,16,860,29,1480,23,1997,11
2514,16,860,29,1480,23,2068,11
2514,16,860,29,1480,23,2079,11
2514,16,860,29,1480,23,2123,11
2514,16,860,29,1480,23,2196,11
2514,16,860,29,1480,23,2206,11
2514,16,860,29,1480,23,2216,11
2514,16,860,29,1480,23,2244,11
2514,16,860,29,1480,23,2259,11
2514,16,860,29,1480,23,2261,11
2514,16,860,29,1480,23,2289,11
2514,16,860,29,1480,23,2359,11
2514,16,860,29,1480,23,2370,11
2514,16,860,29,1480,23,2405,11
2514,16,860,29,1634,32,45,11
2514,16,860,29,1634,32,159,11
2514,16,860,29,1634,32,272,11
2514,16,860,29,1634,32,338,11
2514,16,860,29,1634,32,390,11
2514,16,860,29,1634,32,457,11
2514,16,860,29,1634,32,463,11
2514,16,860,29,1634,32,620,11
2514,16,860,29,1634,32,700,11
2514,16,860,29,1634,32,742,11
2514,16,860,29,1634,32,758,11
2514,16,860,29,1634,32,879,11
2514,16,860,29,1634,32,927,11
2514,16,860,29,1634,32,979,11
2514,16,860,29,1634,32,1003,11
2514,16,860,29,1634,32,1044,11
2514,16,860,29,1634,32,1068,11
2514,16,860,29,1634,32,1153,11
2514,16,860,29,1634,32,1186,11
2514,16,860,29,1634,32,1194,11
2514,16,860,29,1634,32,1259,11
2514,16,860,29,1634,32,1260,11
2514,16,860,29,1634,32,1312,11
2514,16,860,29,1634,32,1388,11
2514,16,860,29,1634,32,1391,11
2514,16,860,29,1634,32,1422,11
2514,16,860,29,1634,32,1556,11
2514,16,860,29,1634,32,1568,11
2514,16,860,29,1634,32,1599,11
2514,16,860,29,1634,32,1747,11
2514,16,860,29,1634,32,1773,11
2514,16,860,29,1634,32,1799,11
2514,16,860,29,1634,32,1818,11
2514,16,860,29,1634,32,1873,11
2514,16,860,29,1634,32,1940,11
2514,16,860,29,1634,32,1956,11
2514,16,860,29,1634,32,1997,11
2514,16,860,29,1634,32,2068,11
2514,16,860,29,1634,32,2079,11
2514,16,860,29,1634,32,2123,11
2514,16,860,29,1634,32,2196,11
2514,16,860,29,1634,32,2206,11
2514,16,860,29,1634,32,2216,11
2514,16,860,29,1634,32,2244,11
2514,16,860,29,1634,32,2259,11
2514,16,860,29,1634,32,2261,11
2514,16,860,29,1634,32,2289,11
2514,16,860,29,1634,32,2359,11
2514,16,860,29,1634,32,2370,11
2514,16,860,29,1634,32,2405,11
2514,16,860,29,1738,22,45,11
2514,16,860,29,1738,22,159,11
2514,16,860,29,1738,22,272,11
2514,16,860,29,1738,22,338,11
2514,16,860,29,1738,22,390,11
2514,16,860,29,1738,22,457,11
2514,16,860,29,1738,22,463,11
2514,16,860,29,1738,22,620,11
2514,16,860,29,1738,22,700,11
2514,16,860,29,1738,22,742,11
2514,16,860,29,1738,22,758,11
2514,16,860,29,1738,22,879,11
2514,16,860,29,1738,22,927,11
2514,16,860,29,1738,22,979,11
2514,16,860,29,1738,22,1003,11
2514,16,860,29,1738,22,1044,11
2514,16,860,29,1738,22,1068,11
2514,16,860,29,1738,22,1153,11
2514,16,860,29,1738,22,1186,11
2514,16,860,29,1738,22,1194,11
2514,16,860,29,1738,22,1259,11
2514,16,860,29,1738,22,1260,11
2514,16,860,29,1738,22,1312,11
2514,16,860,29,1738,22,1388,11
2514,16,860,29,1738,22,1391,11
2514,16,860,29,1738,22,1422,11
2514,16,860,29,1738,22,1556,11
2514,16,860,29,1738,22,1568,11
2514,16,860,29,1738,22,1599,11
2514,16,860,29,1738,22,1747,11
2514,16,860,29,1738,22,1773,11
2514,16,860,29,1738,22,1799,11
2514,16,860,29,1738,22,1818,11
2514,16,860,29,1738,22,1873,11
2514,16,860,29,1738,22,1940,11
2514,16,860,29,1738,22,1956,11
2514,16,860,29,1738,22,1997,11
2514,16,860,29,1738,22,2068,11
2514,16,860,29,1738,22,2079,11
2514,16,860,29,1738,22,2123,11
2514,16,860,29,1738,22,2196,11
2514,16,860,29,1738,22,2206,11
2514,16,860,29,1738,22,2216,11
2514,16,860,29,1738,22,2244,11
2514,16,860,29,1738,22,2259,11
2514,16,860,29,1738,22,2261,11
2514,16,860,29,1738,22,2289,11
2514,16,860,29,1738,22,2359,11
2514,16,860,29,1738,22,2370,11
2514,16,860,29,1738,22,2405,11
2514,16,860,29,1794,29,45,11
2514,16,860,29,1794,29,338,11
2514,16,860,29,1794,29,390,11
2514,16,860,29,1794,29,620,11
2514,16,860,29,1794,29,742,11
2514,16,860,29,1794,29,758,11
2514,16,860,29,1794,29,979,11
2514,16,860,29,1794,29,1044,11
2514,16,860,29,1794,29,1186,11
2514,16,860,29,1794,29,1259,11
2514,16,860,29,1794,29,1312,11
2514,16,860,29,1794,29,1773,11
2514,16,860,29,1794,29,1799,11
2514,16,860,29,1794,29,1956,11
2514,16,860,29,1794,29,1997,11
2514,16,860,29,1794,29,2206,11
2514,16,860,29,1794,29,2244,11
2514,16,860,29,1794,29,2261,11
2514,16,860,29,1794,29,2289,11
2514,16,860,29,1794,29,2359,11
