2514,16,250,39,38,40,45,11
2514,16,250,39,38,40,159,11
2514,16,250,39,38,40,272,11
2514,16,250,39,38,40,338,11
2514,16,250,39,38,40,390,11
2514,16,250,39,38,40,457,11
2514,16,250,39,38,40,463,11
2514,16,250,39,38,40,620,11
2514,16,250,39,38,40,700,11
2514,16,250,39,38,40,742,11
2514,16,250,39,38,40,758,11
2514,16,250,39,38,40,879,11
2514,16,250,39,38,40,927,11
2514,16,250,39,38,40,979,11
2514,16,250,39,38,40,1003,11
2514,16,250,39,38,40,1044,11
2514,16,250,39,38,40,1068,11
2514,16,250,39,38,40,1153,11
2514,16,250,39,38,40,1186,11
2514,16,250,39,38,40,1194,11
2514,16,250,39,38,40,1259,11
2514,16,250,39,38,40,1260,11
2514,16,250,39,38,40,1312,11
2514,16,250,39,38,40,1388,11
2514,16,250,39,38,40,1391,11
2514,16,250,39,38,40,1422,11
2514,16,250,39,38,40,1556,11
2514,16,250,39,38,40,1568,11
2514,16,250,39,38,40,1599,11
2514,16,250,39,38,40,1747,11
2514,16,250,39,38,40,1773,11
2514,16,250,39,38,40,1799,11
2514,16,250,39,38,40,1818,11
2514,16,250,39,38,40,1873,11
2514,16,250,39,38,40,1940,11
2514,16,250,39,38,40,1956,11
2514,16,250,39,38,40,1997,11
2514,16,250,39,38,40,2068,11
2514,16,250,39,38,40,2079,11
2514,16,250,39,38,40,2123,11
2514,16,250,39,38,40,2196,11
2514,16,250,39,38,40,2206,11
2514,16,250,39,38,40,2216,11
2514,16,250,39,38,40,2244,11
2514,16,250,39,38,40,2259,11
2514,16,250,39,38,40,2261,11
2514,16,250,39,38,40,2289,11
2514,16,250,39,38,40,2359,11
2514,16,250,39,38,40,2370,11
2514,16,250,39,38,40,2405,11
2514,16,250,39,523,33,45,11
2514,16,250,39,523,33,159,11
2514,16,250,39,523,33,272,11
2514,16,250,39,523,33,338,11
2514,16,250,39,523,33,390,11
2514,16,250,39,523,33,457,11
2514,16,250,39,523,33,463,11
2514,16,250,39,523,33,620,11
2514,16,250,39,523,33,700,11
2514,16,250,39,523,33,742,11
2514,16,250,39,523,33,758,11
2514,16,250,39,523,33,879,11
2514,16,250,39,523,33,927,11
2514,16,250,39,523,33,979,11
2514,16,250,39,523,33,1003,11
2514,16,250,39,523,33,1044,11
2514,16,250,39,523,33,1068,11
2514,16,250,39,523,33,1153,11
2514,16,250,39,523,33,1186,11
2514,16,250,39,523,33,1194,11
2514,16,250,39,523,33,1259,11
2514,16,250,39,523,33,1260,11
2514,16,250,39,523,33,1312,11
2514,16,250,39,523,33,1388,11
2514,16,250,39,523,33,1391,11
2514,16,250,39,523,33,1422,11
2514,16,250,39,523,33,1556,11
2514,16,250,39,523,33,1568,11
2514,16,250,39,523,33,1599,11
2514,16,250,39,523,33,1747,11
2514,16,250,39,523,33,1773,11
2514,16,250,39,523,33,1799,11
2514,16,250,39,523,33,1818,11
2514,16,250,39,523,33,1873,11
2514,16,250,39,523,33,1940,11
2514,16,250,39,523,33,1956,11
2514,16,250,39,523,33,1997,11
2514,16,250,39,523,33,2068,11
2514,16,250,39,523,33,2079,11
2514,16,250,39,523,33,2123,11
2514,16,250,39,523,33,2196,11
2514,16,250,39,523,33,2206,11
2514,16,250,39,523,33,2216,11
2514,16,250,39,523,33,2244,11
2514,16,250,39,523,33,2259,11
2514,16,250,39,523,33,2261,11
2514,16,250,39,523,33,2289,11
2514,16,250,39,523,33,2359,11
2514,16,250,39,523,33,2370,11
2514,16,250,39,523,33,2405,11
2514,16,250,39,551,36,45,11
2514,16,250,39,551,36,159,11
2514,16,250,39,551,36,272,11
2514,16,250,39,551,36,338,11
2514,16,250,39,551,36,390,11
2514,16,250,39,551,36,457,11
2514,16,250,39,551,36,463,11
2514,16,250,39,551,36,620,11
2514,16,250,39,551,36,700,11
2514,16,250,39,551,36,742,11
2514,16,250,39,551,36,758,11
2514,16,250,39,551,36,879,11
2514,16,250,39,551,36,927,11
2514,16,250,39,551,36,979,11
2514,16,250,39,551,36,1003,11
2514,16,250,39,551,36,1044,11
2514,16,250,39,551,36,1068,11
2514,16,250,39,551,36,1153,11
2514,16,250,39,551,36,1186,11
2514,16,250,39,551,36,1194,11
2514,16,250,39,551,36,1259,11
2514,16,250,39,551,36,1260,11
2514,16,250,39,551,36,1312,11
2514,16,250,39,551,36,1388,11
2514,16,250,39,551,36,1391,11
2514,16,250,39,551,36,1422,11
2514,16,250,39,551,36,1556,11
2514,16,250,39,551,36,1568,11
2514,16,250,39,551,36,1599,11
2514,16,250,39,551,36,1747,11
2514,16,250,39,551,36,1773,11
2514,16,250,39,551,36,1799,11
2514,16,250,39,551,36,1818,11
2514,16,250,39,551,36,1873,11
2514,16,250,39,551,36,1940,11
2514,16,250,39,551,36,1956,11
2514,16,250,39,551,36,1997,11
2514,16,250,39,551,36,2068,11
2514,16,250,39,551,36,2079,11
2514,16,250,39,551,36,2123,11
2514,16,250,39,551,36,2196,11
2514,16,250,39,551,36,2206,11
2514,16,250,39,551,36,2216,11
2514,16,250,39,551,36,2244,11
2514,16,250,39,551,36,2259,11
2514,16,250,39,551,36,2261,11
2514,16,250,39,551,36,2289,11
2514,16,250,39,551,36,2359,11
2514,16,250,39,551,36,2370,11
2514,16,250,39,551,36,2405,11
2514,16,250,39,630,29,45,11
2514,16,250,39,630,29,159,11
2514,16,250,39,630,29,272,11
2514,16,250,39,630,29,338,11
2514,16,250,39,630,29,390,11
2514,16,250,39,630,29,457,11
2514,16,250,39,630,29,463,11
2514,16,250,39,630,29,620,11
2514,16,250,39,630,29,700,11
2514,16,250,39,630,29,742,11
2514,16,250,39,630,29,758,11
2514,16,250,39,630,29,879,11
2514,16,250,39,630,29,927,11
2514,16,250,39,630,29,979,11
2514,16,250,39,630,29,1003,11
2514,16,250,39,630,29,1044,11
2514,16,250,39,630,29,1068,11
2514,16,250,39,630,29,1153,11
2514,16,250,39,630,29,1186,11
2514,16,250,39,630,29,1194,11
2514,16,250,39,630,29,1259,11
2514,16,250,39,630,29,1260,11
2514,16,250,39,630,29,1312,11
2514,16,250,39,630,29,1388,11
2514,16,250,39,630,29,1391,11
2514,16,250,39,630,29,1422,11
2514,16,250,39,630,29,1556,11
2514,16,250,39,630,29,1568,11
2514,16,250,39,630,29,1599,11
2514,16,250,39,630,29,1747,11
2514,16,250,39,630,29,1773,11
2514,16,250,39,630,29,1799,11
2514,16,250,39,630,29,1818,11
2514,16,250,39,630,29,1873,11
2514,16,250,39,630,29,1940,11
2514,16,250,39,630,29,1956,11
2514,16,250,39,630,29,1997,11
2514,16,250,39,630,29,2068,11
2514,16,250,39,630,29,2079,11
2514,16,250,39,630,29,2123,11
2514,16,250,39,630,29,2196,11
2514,16,250,39,630,29,2206,11
2514,16,250,39,630,29,2216,11
2514,16,250,39,630,29,2244,11
2514,16,250,39,630,29,2259,11
2514,16,250,39,630,29,2261,11
2514,16,250,39,630,29,2289,11
2514,16,250,39,630,29,2359,11
2514,16,250,39,630,29,2370,11
2514,16,250,39,630,29,2405,11
2514,16,250,39,690,26,45,11
2514,16,250,39,690,26,159,11
2514,16,250,39,690,26,272,11
2514,16,250,39,690,26,338,11
2514,16,250,39,690,26,390,11
2514,16,250,39,690,26,457,11
2514,16,250,39,690,26,463,11
2514,16,250,39,690,26,620,11
2514,16,250,39,690,26,700,11
2514,16,250,39,690,26,742,11
2514,16,250,39,690,26,758,11
2514,16,250,39,690,26,879,11
2514,16,250,39,690,26,927,11
2514,16,250,39,690,26,979,11
2514,16,250,39,690,26,1003,11
2514,16,250,39,690,26,1044,11
2514,16,250,39,690,26,1068,11
2514,16,250,39,690,26,1153,11
2514,16,250,39,690,26,1186,11
2514,16,250,39,690,26,1194,11
2514,16,250,39,690,26,1259,11
2514,16,250,39,690,26,1260,11
2514,16,250,39,690,26,1312,11
2514,16,250,39,690,26,1388,11
2514,16,250,39,690,26,1391,11
2514,16,250,39,690,26,1422,11
2514,16,250,39,690,26,1556,11
2514,16,250,39,690,26,1568,11
2514,16,250,39,690,26,1599,11
2514,16,250,39,690,26,1747,11
2514,16,250,39,690,26,1773,11
2514,16,250,39,690,26,1799,11
2514,16,250,39,690,26,1818,11
2514,16,250,39,690,26,1873,11
2514,16,250,39,690,26,1940,11
2514,16,250,39,690,26,1956,11
2514,16,250,39,690,26,1997,11
2514,16,250,39,690,26,2068,11
2514,16,250,39,690,26,2079,11
2514,16,250,39,690,26,2123,11
2514,16,250,39,690,26,2196,11
2514,16,250,39,690,26,2206,11
2514,16,250,39,690,26,2216,11
2514,16,250,39,690,26,2244,11
2514,16,250,39,690,26,2259,11
2514,16,250,39,690,26,2261,11
2514,16,250,39,690,26,2289,11
2514,16,250,39,690,26,2359,11
2514,16,250,39,690,26,2370,11
2514,16,250,39,690,26,2405,11
2514,16,250,39,1080,25,45,11
2514,16,250,39,1080,25,338,11
2514,16,250,39,1080,25,390,11
2514,16,250,39,1080,25,620,11
2514,16,250,39,1080,25,742,11
2514,16,250,39,1080,25,758,11
2514,16,250,39,1080,25,979,11
2514,16,250,39,1080,25,1044,11
2514,16,250,39,1080,25,1186,11
2514,16,250,39,1080,25,1259,11
2514,16,250,39,1080,25,1312,11
2514,16,250,39,1080,25,1773,11
2514,16,250,39,1080,25,1799,11
2514,16,250,39,1080,25,1956,11
2514,16,250,39,1080,25,1997,11
2514,16,250,39,1080,25,2206,11
2514,16,250,39,1080,25,2244,11
2514,16,250,39,1080,25,2261,11
2514,16,250,39,1080,25,2289,11
2514,16,250,39,1080,25,2359,11
2514,16,250,39,1125,33,45,11
2514,16,250,39,1125,33,159,11
2514,16,250,39,1125,33,272,11
2514,16,250,39,1125,33,338,11
2514,16,250,39,1125,33,390,11
2514,16,250,39,1125,33,457,11
2514,16,250,39,1125,33,463,11
2514,16,250,39,1125,33,620,11
2514,16,250,39,1125,33,700,11
2514,16,250,39,1125,33,742,11
2514,16,250,39,1125,33,758,11
2514,16,250,39,1125,33,879,11
2514,16,250,39,1125,33,927,11
2514,16,250,39,1125,33,979,11
2514,16,250,39,1125,33,1003,11
2514,16,250,39,1125,33,1044,11
2514,16,250,39,1125,33,1068,11
2514,16,250,39,1125,33,1153,11
2514,16,250,39,1125,33,1186,11
2514,16,250,39,1125,33,1194,11
2514,16,250,39,1125,33,1259,11
2514,16,250,39,1125,33,1260,11
2514,16,250,39,1125,33,1312,11
2514,16,250,39,1125,33,1388,11
2514,16,250,39,1125,33,1391,11
2514,16,250,39,1125,33,1422,11
2514,16,250,39,1125,33,1556,11
2514,16,250,39,1125,33,1568,11
2514,16,250,39,1125,33,1599,11
2514,16,250,39,1125,33,1747,11
2514,16,250,39,1125,33,1773,11
2514,16,250,39,1125,33,1799,11
2514,16,250,39,1125,33,1818,11
2514,16,250,39,1125,33,1873,11
2514,16,250,39,1125,33,1940,11
2514,16,250,39,1125,33,1956,11
2514,16,250,39,1125,33,1997,11
2514,16,250,39,1125,33,2068,11
2514,16,250,39,1125,33,2079,11
2514,16,250,39,1125,33,2123,11
2514,16,250,39,1125,33,2196,11
2514,16,250,39,1125,33,2206,11
2514,16,250,39,1125,33,2216,11
2514,16,250,39,1125,33,2244,11
2514,16,250,39,1125,33,2259,11
2514,16,250,39,1125,33,2261,11
2514,16,250,39,1125,33,2289,11
2514,16,250,39,1125,33,2359,11
2514,16,250,39,1125,33,2370,11
2514,16,250,39,1125,33,2405,11
2514,16,250,39,1210,12,45,11
2514,16,250,39,1210,12,159,11
2514,16,250,39,1210,12,272,11
2514,16,250,39,1210,12,338,11
2514,16,250,39,1210,12,390,11
2514,16,250,39,1210,12,457,11
2514,16,250,39,1210,12,463,11
2514,16,250,39,1210,12,620,11
2514,16,250,39,1210,12,700,11
2514,16,250,39,1210,12,742,11
2514,16,250,39,1210,12,758,11
2514,16,250,39,1210,12,879,11
2514,16,250,39,1210,12,927,11
2514,16,250,39,1210,12,979,11
2514,16,250,39,1210,12,1003,11
2514,16,250,39,1210,12,1044,11
2514,16,250,39,1210,12,1068,11
2514,16,250,39,1210,12,1153,11
2514,16,250,39,1210,12,1186,11
2514,16,250,39,1210,12,1194,11
2514,16,250,39,1210,12,1259,11
2514,16,250,39,1210,12,1260,11
2514,16,250,39,1210,12,1312,11
2514,16,250,39,1210,12,1388,11
2514,16,250,39,1210,12,1391,11
2514,16,250,39,1210,12,1422,11
2514,16,250,39,1210,12,1556,11
2514,16,250,39,1210,12,1568,11
2514,16,250,39,1210,12,1599,11
2514,16,250,39,1210,12,1747,11
2514,16,250,39,1210,12,1773,11
2514,16,250,39,1210,12,1799,11
2514,16,250,39,1210,12,1818,11
2514,16,250,39,1210,12,1873,11
2514,16,250,39,1210,12,1940,11
2514,16,250,39,1210,12,1956,11
2514,16,250,39,1210,12,1997,11
2514,16,250,39,1210,12,2068,11
2514,16,250,39,1210,12,2079,11
2514,16,250,39,1210,12,2123,11
2514,16,250,39,1210,12,2196,11
2514,16,250,39,1210,12,2206,11
2514,16,250,39,1210,12,2216,11
2514,16,250,39,1210,12,2244,11
2514,16,250,39,1210,12,2259,11
2514,16,250,39,1210,12,2261,11
2514,16,250,39,1210,12,2289,11
2514,16,250,39,1210,12,2359,11
2514,16,250,39,1210,12,2370,11
2514,16,250,39,1210,12,2405,11
2514,16,250,39,1267,43,45,11
2514,16,250,39,1267,43,159,11
2514,16,250,39,1267,43,272,11
2514,16,250,39,1267,43,338,11
2514,16,250,39,1267,43,390,11
2514,16,250,39,1267,43,457,11
2514,16,250,39,1267,43,463,11
2514,16,250,39,1267,43,620,11
2514,16,250,39,1267,43,700,11
2514,16,250,39,1267,43,742,11
2514,16,250,39,1267,43,758,11
2514,16,250,39,1267,43,879,11
2514,16,250,39,1267,43,927,11
2514,16,250,39,1267,43,979,11
2514,16,250,39,1267,43,1003,11
2514,16,250,39,1267,43,1044,11
2514,16,250,39,1267,43,1068,11
2514,16,250,39,1267,43,1153,11
2514,16,250,39,1267,43,1186,11
2514,16,250,39,1267,43,1194,11
2514,16,250,39,1267,43,1259,11
2514,16,250,39,1267,43,1260,11
2514,16,250,39,1267,43,1312,11
2514,16,250,39,1267,43,1388,11
2514,16,250,39,1267,43,1391,11
2514,16,250,39,1267,43,1422,11
2514,16,250,39,1267,43,1556,11
2514,16,250,39,1267,43,1568,11
2514,16,250,39,1267,43,1599,11
2514,16,250,39,1267,43,1747,11
2514,16,250,39,1267,43,1773,11
2514,16,250,39,1267,43,1799,11
2514,16,250,39,1267,43,1818,11
2514,16,250,39,1267,43,1873,11
2514,16,250,39,1267,43,1940,11
2514,16,250,39,1267,43,1956,11
2514,16,250,39,1267,43,1997,11
2514,16,250,39,1267,43,2068,11
2514,16,250,39,1267,43,2079,11
2514,16,250,39,1267,43,2123,11
2514,16,250,39,1267,43,2196,11
2514,16,250,39,1267,43,2206,11
2514,16,250,39,1267,43,2216,11
2514,16,250,39,1267,43,2244,11
2514,16,250,39,1267,43,2259,11
2514,16,250,39,1267,43,2261,11
2514,16,250,39,1267,43,2289,11
2514,16,250,39,1267,43,2359,11
2514,16,250,39,1267,43,2370,11
2514,16,250,39,1267,43,2405,11
2514,16,250,39,1466,29,45,11
2514,16,250,39,1466,29,159,11
2514,16,250,39,1466,29,272,11
2514,16,250,39,1466,29,338,11
2514,16,250,39,1466,29,390,11
2514,16,250,39,1466,29,457,11
2514,16,250,39,1466,29,463,11
2514,16,250,39,1466,29,620,11
2514,16,250,39,1466,29,700,11
2514,16,250,39,1466,29,742,11
2514,16,250,39,1466,29,758,11
2514,16,250,39,1466,29,879,11
2514,16,250,39,1466,29,927,11
2514,16,250,39,1466,29,979,11
2514,16,250,39,1466,29,1003,11
2514,16,250,39,1466,29,1044,11
2514,16,250,39,1466,29,1068,11
2514,16,250,39,1466,29,1153,11
2514,16,250,39,1466,29,1186,11
2514,16,250,39,1466,29,1194,11
2514,16,250,39,1466,29,1259,11
2514,16,250,39,1466,29,1260,11
2514,16,250,39,1466,29,1312,11
2514,16,250,39,1466,29,1388,11
2514,16,250,39,1466,29,1391,11
2514,16,250,39,1466,29,1422,11
2514,16,250,39,1466,29,1556,11
2514,16,250,39,1466,29,1568,11
2514,16,250,39,1466,29,1599,11
2514,16,250,39,1466,29,1747,11
2514,16,250,39,1466,29,1773,11
2514,16,250,39,1466,29,1799,11
2514,16,250,39,1466,29,1818,11
2514,16,250,39,1466,29,1873,11
2514,16,250,39,1466,29,1940,11
2514,16,250,39,1466,29,1956,11
2514,16,250,39,1466,29,1997,11
2514,16,250,39,1466,29,2068,11
2514,16,250,39,1466,29,2079,11
2514,16,250,39,1466,29,2123,11
2514,16,250,39,1466,29,2196,11
2514,16,250,39,1466,29,2206,11
2514,16,250,39,1466,29,2216,11
2514,16,250,39,1466,29,2244,11
2514,16,250,39,1466,29,2259,11
2514,16,250,39,1466,29,2261,11
2514,16,250,39,1466,29,2289,11
2514,16,250,39,1466,29,2359,11
2514,16,250,39,1466,29,2370,11
2514,16,250,39,1466,29,2405,11
2514,16,250,39,1518,40,45,11
2514,16,250,39,1518,40,159,11
2514,16,250,39,1518,40,272,11
2514,16,250,39,1518,40,338,11
2514,16,250,39,1518,40,390,11
2514,16,250,39,1518,40,457,11
2514,16,250,39,1518,40,463,11
2514,16,250,39,1518,40,620,11
2514,16,250,39,1518,40,700,11
2514,16,250,39,1518,40,742,11
2514,16,250,39,1518,40,758,11
2514,16,250,39,1518,40,879,11
2514,16,250,39,1518,40,927,11
2514,16,250,39,1518,40,979,11
2514,16,250,39,1518,40,1003,11
2514,16,250,39,1518,40,1044,11
2514,16,250,39,1518,40,1068,11
2514,16,250,39,1518,40,1153,11
2514,16,250,39,1518,40,1186,11
2514,16,250,39,1518,40,1194,11
2514,16,250,39,1518,40,1259,11
2514,16,250,39,1518,40,1260,11
2514,16,250,39,1518,40,1312,11
2514,16,250,39,1518,40,1388,11
2514,16,250,39,1518,40,1391,11
2514,16,250,39,1518,40,1422,11
2514,16,250,39,1518,40,1556,11
2514,16,250,39,1518,40,1568,11
2514,16,250,39,1518,40,1599,11
2514,16,250,39,1518,40,1747,11
2514,16,250,39,1518,40,1773,11
2514,16,250,39,1518,40,1799,11
2514,16,250,39,1518,40,1818,11
2514,16,250,39,1518,40,1873,11
2514,16,250,39,1518,40,1940,11
2514,16,250,39,1518,40,1956,11
2514,16,250,39,1518,40,1997,11
2514,16,250,39,1518,40,2068,11
2514,16,250,39,1518,40,2079,11
2514,16,250,39,1518,40,2123,11
2514,16,250,39,1518,40,2196,11
2514,16,250,39,1518,40,2206,11
2514,16,250,39,1518,40,2216,11
2514,16,250,39,1518,40,2244,11
2514,16,250,39,1518,40,2259,11
2514,16,250,39,1518,40,2261,11
2514,16,250,39,1518,40,2289,11
2514,16,250,39,1518,40,2359,11
2514,16,250,39,1518,40,2370,11
2514,16,250,39,1518,40,2405,11
2514,16,250,39,1542,15,45,11
2514,16,250,39,1542,15,159,11
2514,16,250,39,1542,15,272,11
2514,16,250,39,1542,15,338,11
2514,16,250,39,1542,15,390,11
2514,16,250,39,1542,15,457,11
2514,16,250,39,1542,15,463,11
2514,16,250,39,1542,15,620,11
2514,16,250,39,1542,15,700,11
2514,16,250,39,1542,15,742,11
2514,16,250,39,1542,15,758,11
2514,16,250,39,1542,15,879,11
2514,16,250,39,1542,15,927,11
2514,16,250,39,1542,15,979,11
2514,16,250,39,1542,15,1003,11
2514,16,250,39,1542,15,1044,11
2514,16,250,39,1542,15,1068,11
2514,16,250,39,1542,15,1153,11
2514,16,250,39,1542,15,1186,11
2514,16,250,39,1542,15,1194,11
2514,16,250,39,1542,15,1259,11
2514,16,250,39,1542,15,1260,11
2514,16,250,39,1542,15,1312,11
2514,16,250,39,1542,15,1388,11
2514,16,250,39,1542,15,1391,11
2514,16,250,39,1542,15,1422,11
2514,16,250,39,1542,15,1556,11
2514,16,250,39,1542,15,1568,11
2514,16,250,39,1542,15,1599,11
2514,16,250,39,1542,15,1747,11
2514,16,250,39,1542,15,1773,11
2514,16,250,39,1542,15,1799,11
2514,16,250,39,1542,15,1818,11
2514,16,250,39,1542,15,1873,11
2514,16,250,39,1542,15,1940,11
2514,16,250,39,1542,15,1956,11
2514,16,250,39,1542,15,1997,11
2514,16,250,39,1542,15,2068,11
2514,16,250,39,1542,15,2079,11
2514,16,250,39,1542,15,2123,11
2514,16,250,39,1542,15,2196,11
2514,16,250,39,1542,15,2206,11
2514,16,250,39,1542,15,2216,11
2514,16,250,39,1542,15,2244,11
2514,16,250,39,1542,15,2259,11
2514,16,250,39,1542,15,2261,11
2514,16,250,39,1542,15,2289,11
2514,16,250,39,1542,15,2359,11
2514,16,250,39,1542,15,2370,11
2514,16,250,39,1542,15,2405,11
2514,16,250,39,1685,30,45,11
2514,16,250,39,1685,30,159,11
2514,16,250,39,1685,30,272,11
2514,16,250,39,1685,30,338,11
2514,16,250,39,1685,30,390,11
2514,16,250,39,1685,30,457,11
2514,16,250,39,1685,30,463,11
2514,16,250,39,1685,30,620,11
2514,16,250,39,1685,30,700,11
2514,16,250,39,1685,30,742,11
2514,16,250,39,1685,30,758,11
2514,16,250,39,1685,30,879,11
2514,16,250,39,1685,30,927,11
2514,16,250,39,1685,30,979,11
2514,16,250,39,1685,30,1003,11
2514,16,250,39,1685,30,1044,11
2514,16,250,39,1685,30,1068,11
2514,16,250,39,1685,30,1153,11
2514,16,250,39,1685,30,1186,11
2514,16,250,39,1685,30,1194,11
2514,16,250,39,1685,30,1259,11
2514,16,250,39,1685,30,1260,11
2514,16,250,39,1685,30,1312,11
2514,16,250,39,1685,30,1388,11
2514,16,250,39,1685,30,1391,11
2514,16,250,39,1685,30,1422,11
2514,16,250,39,1685,30,1556,11
2514,16,250,39,1685,30,1568,11
2514,16,250,39,1685,30,1599,11
2514,16,250,39,1685,30,1747,11
2514,16,250,39,1685,30,1773,11
2514,16,250,39,1685,30,1799,11
2514,16,250,39,1685,30,1818,11
2514,16,250,39,1685,30,1873,11
2514,16,250,39,1685,30,1940,11
2514,16,250,39,1685,30,1956,11
2514,16,250,39,1685,30,1997,11
2514,16,250,39,1685,30,2068,11
2514,16,250,39,1685,30,2079,11
2514,16,250,39,1685,30,2123,11
2514,16,250,39,1685,30,2196,11
2514,16,250,39,1685,30,2206,11
2514,16,250,39,1685,30,2216,11
2514,16,250,39,1685,30,2244,11
2514,16,250,39,1685,30,2259,11
2514,16,250,39,1685,30,2261,11
2514,16,250,39,1685,30,2289,11
2514,16,250,39,1685,30,2359,11
2514,16,250,39,1685,30,2370,11
2514,16,250,39,1685,30,2405,11
2514,16,250,39,1870,43,159,11
2514,16,250,39,1870,43,457,11
2514,16,250,39,1870,43,463,11
2514,16,250,39,1870,43,700,11
2514,16,250,39,1870,43,879,11
2514,16,250,39,1870,43,927,11
2514,16,250,39,1870,43,1003,11
2514,16,250,39,1870,43,1153,11
2514,16,250,39,1870,43,1194,11
2514,16,250,39,1870,43,1388,11
2514,16,250,39,1870,43,1556,11
2514,16,250,39,1870,43,1568,11
2514,16,250,39,1870,43,1599,11
2514,16,250,39,1870,43,1818,11
2514,16,250,39,1870,43,1873,11
2514,16,250,39,1870,43,1940,11
2514,16,250,39,1870,43,2123,11
2514,16,250,39,1870,43,2196,11
2514,16,250,39,1870,43,2216,11
2514,16,250,39,1870,43,2370,11
