2514,16,267,38,183,20,45,11
2514,16,267,38,183,20,159,11
2514,16,267,38,183,20,272,11
2514,16,267,38,183,20,338,11
2514,16,267,38,183,20,390,11
2514,16,267,38,183,20,457,11
2514,16,267,38,183,20,463,11
2514,16,267,38,183,20,620,11
2514,16,267,38,183,20,700,11
2514,16,267,38,183,20,742,11
2514,16,267,38,183,20,758,11
2514,16,267,38,183,20,879,11
2514,16,267,38,183,20,927,11
2514,16,267,38,183,20,979,11
2514,16,267,38,183,20,1003,11
2514,16,267,38,183,20,1044,11
2514,16,267,38,183,20,1068,11
2514,16,267,38,183,20,1153,11
2514,16,267,38,183,20,1186,11
2514,16,267,38,183,20,1194,11
2514,16,267,38,183,20,1259,11
2514,16,267,38,183,20,1260,11
2514,16,267,38,183,20,1312,11
2514,16,267,38,183,20,1388,11
2514,16,267,38,183,20,1391,11
2514,16,267,38,183,20,1422,11
2514,16,267,38,183,20,1556,11
2514,16,267,38,183,20,1568,11
2514,16,267,38,183,20,1599,11
2514,16,267,38,183,20,1747,11
2514,16,267,38,183,20,1773,11
2514,16,267,38,183,20,1799,11
2514,16,267,38,183,20,1818,11
2514,16,267,38,183,20,1873,11
2514,16,267,38,183,20,1940,11
2514,16,267,38,183,20,1956,11
2514,16,267,38,183,20,1997,11
2514,16,267,38,183,20,2068,11
2514,16,267,38,183,20,2079,11
2514,16,267,38,183,20,2123,11
2514,16,267,38,183,20,2196,11
2514,16,267,38,183,20,2206,11
2514,16,267,38,183,20,2216,11
2514,16,267,38,183,20,2244,11
2514,16,267,38,183,20,2259,11
2514,16,267,38,183,20,2261,11
2514,16,267,38,183,20,2289,11
2514,16,267,38,183,20,2359,11
2514,16,267,38,183,20,2370,11
2514,16,267,38,183,20,2405,11
2514,16,267,38,230,46,45,11
2514,16,267,38,230,46,159,11
2514,16,267,38,230,46,272,11
2514,16,267,38,230,46,338,11
2514,16,267,38,230,46,390,11
2514,16,267,38,230,46,457,11
2514,16,267,38,230,46,463,11
2514,16,267,38,230,46,620,11
2514,16,267,38,230,46,700,11
2514,16,267,38,230,46,742,11
2514,16,267,38,230,46,758,11
2514,16,267,38,230,46,879,11
2514,16,267,38,230,46,927,11
2514,16,267,38,230,46,979,11
2514,16,267,38,230,46,1003,11
2514,16,267,38,230,46,1044,11
2514,16,267,38,230,46,1068,11
2514,16,267,38,230,46,1153,11
2514,16,267,38,230,46,1186,11
2514,16,267,38,230,46,1194,11
2514,16,267,38,230,46,1259,11
2514,16,267,38,230,46,1260,11
2514,16,267,38,230,46,1312,11
2514,16,267,38,230,46,1388,11
2514,16,267,38,230,46,1391,11
2514,16,267,38,230,46,1422,11
2514,16,267,38,230,46,1556,11
2514,16,267,38,230,46,1568,11
2514,16,267,38,230,46,1599,11
2514,16,267,38,230,46,1747,11
2514,16,267,38,230,46,1773,11
2514,16,267,38,230,46,1799,11
2514,16,267,38,230,46,1818,11
2514,16,267,38,230,46,1873,11
2514,16,267,38,230,46,1940,11
2514,16,267,38,230,46,1956,11
2514,16,267,38,230,46,1997,11
2514,16,267,38,230,46,2068,11
2514,16,267,38,230,46,2079,11
2514,16,267,38,230,46,2123,11
2514,16,267,38,230,46,2196,11
2514,16,267,38,230,46,2206,11
2514,16,267,38,230,46,2216,11
2514,16,267,38,230,46,2244,11
2514,16,267,38,230,46,2259,11
2514,16,267,38,230,46,2261,11
2514,16,267,38,230,46,2289,11
2514,16,267,38,230,46,2359,11
2514,16,267,38,230,46,2370,11
2514,16,267,38,230,46,2405,11
2514,16,267,38,317,50,45,11
2514,16,267,38,317,50,159,11
2514,16,267,38,317,50,272,11
2514,16,267,38,317,50,338,11
2514,16,267,38,317,50,390,11
2514,16,267,38,317,50,457,11
2514,16,267,38,317,50,463,11
2514,16,267,38,317,50,620,11
2514,16,267,38,317,50,700,11
2514,16,267,38,317,50,742,11
2514,16,267,38,317,50,758,11
2514,16,267,38,317,50,879,11
2514,16,267,38,317,50,927,11
2514,16,267,38,317,50,979,11
2514,16,267,38,317,50,1003,11
2514,16,267,38,317,50,1044,11
2514,16,267,38,317,50,1068,11
2514,16,267,38,317,50,1153,11
2514,16,267,38,317,50,1186,11
2514,16,267,38,317,50,1194,11
2514,16,267,38,317,50,1259,11
2514,16,267,38,317,50,1260,11
2514,16,267,38,317,50,1312,11
2514,16,267,38,317,50,1388,11
2514,16,267,38,317,50,1391,11
2514,16,267,38,317,50,1422,11
2514,16,267,38,317,50,1556,11
2514,16,267,38,317,50,1568,11
2514,16,267,38,317,50,1599,11
2514,16,267,38,317,50,1747,11
2514,16,267,38,317,50,1773,11
2514,16,267,38,317,50,1799,11
2514,16,267,38,317,50,1818,11
2514,16,267,38,317,50,1873,11
2514,16,267,38,317,50,1940,11
2514,16,267,38,317,50,1956,11
2514,16,267,38,317,50,1997,11
2514,16,267,38,317,50,2068,11
2514,16,267,38,317,50,2079,11
2514,16,267,38,317,50,2123,11
2514,16,267,38,317,50,2196,11
2514,16,267,38,317,50,2206,11
2514,16,267,38,317,50,2216,11
2514,16,267,38,317,50,2244,11
2514,16,267,38,317,50,2259,11
2514,16,267,38,317,50,2261,11
2514,16,267,38,317,50,2289,11
2514,16,267,38,317,50,2359,11
2514,16,267,38,317,50,2370,11
2514,16,267,38,317,50,2405,11
2514,16,267,38,457,39,45,11
2514,16,267,38,457,39,159,11
2514,16,267,38,457,39,272,11
2514,16,267,38,457,39,338,11
2514,16,267,38,457,39,390,11
2514,16,267,38,457,39,457,11
2514,16,267,38,457,39,463,11
2514,16,267,38,457,39,620,11
2514,16,267,38,457,39,700,11
2514,16,267,38,457,39,742,11
2514,16,267,38,457,39,758,11
2514,16,267,38,457,39,879,11
2514,16,267,38,457,39,927,11
2514,16,267,38,457,39,979,11
2514,16,267,38,457,39,1003,11
2514,16,267,38,457,39,1044,11
2514,16,267,38,457,39,1068,11
2514,16,267,38,457,39,1153,11
2514,16,267,38,457,39,1186,11
2514,16,267,38,457,39,1194,11
2514,16,267,38,457,39,1259,11
2514,16,267,38,457,39,1260,11
2514,16,267,38,457,39,1312,11
2514,16,267,38,457,39,1388,11
2514,16,267,38,457,39,1391,11
2514,16,267,38,457,39,1422,11
2514,16,267,38,457,39,1556,11
2514,16,267,38,457,39,1568,11
2514,16,267,38,457,39,1599,11
2514,16,267,38,457,39,1747,11
2514,16,267,38,457,39,1773,11
2514,16,267,38,457,39,1799,11
2514,16,267,38,457,39,1818,11
2514,16,267,38,457,39,1873,11
2514,16,267,38,457,39,1940,11
2514,16,267,38,457,39,1956,11
2514,16,267,38,457,39,1997,11
2514,16,267,38,457,39,2068,11
2514,16,267,38,457,39,2079,11
2514,16,267,38,457,39,2123,11
2514,16,267,38,457,39,2196,11
2514,16,267,38,457,39,2206,11
2514,16,267,38,457,39,2216,11
2514,16,267,38,457,39,2244,11
2514,16,267,38,457,39,2259,11
2514,16,267,38,457,39,2261,11
2514,16,267,38,457,39,2289,11
2514,16,267,38,457,39,2359,11
2514,16,267,38,457,39,2370,11
2514,16,267,38,457,39,2405,11
2514,16,267,38,498,13,45,11
2514,16,267,38,498,13,159,11
2514,16,267,38,498,13,272,11
2514,16,267,38,498,13,338,11
2514,16,267,38,498,13,390,11
2514,16,267,38,498,13,457,11
2514,16,267,38,498,13,463,11
2514,16,267,38,498,13,620,11
2514,16,267,38,498,13,700,11
2514,16,267,38,498,13,742,11
2514,16,267,38,498,13,758,11
2514,16,267,38,498,13,879,11
2514,16,267,38,498,13,927,11
2514,16,267,38,498,13,979,11
2514,16,267,38,498,13,1003,11
2514,16,267,38,498,13,1044,11
2514,16,267,38,498,13,1068,11
2514,16,267,38,498,13,1153,11
2514,16,267,38,498,13,1186,11
2514,16,267,38,498,13,1194,11
2514,16,267,38,498,13,1259,11
2514,16,267,38,498,13,1260,11
2514,16,267,38,498,13,1312,11
2514,16,267,38,498,13,1388,11
2514,16,267,38,498,13,1391,11
2514,16,267,38,498,13,1422,11
2514,16,267,38,498,13,1556,11
2514,16,267,38,498,13,1568,11
2514,16,267,38,498,13,1599,11
2514,16,267,38,498,13,1747,11
2514,16,267,38,498,13,1773,11
2514,16,267,38,498,13,1799,11
2514,16,267,38,498,13,1818,11
2514,16,267,38,498,13,1873,11
2514,16,267,38,498,13,1940,11
2514,16,267,38,498,13,1956,11
2514,16,267,38,498,13,1997,11
2514,16,267,38,498,13,2068,11
2514,16,267,38,498,13,2079,11
2514,16,267,38,498,13,2123,11
2514,16,267,38,498,13,2196,11
2514,16,267,38,498,13,2206,11
2514,16,267,38,498,13,2216,11
2514,16,267,38,498,13,2244,11
2514,16,267,38,498,13,2259,11
2514,16,267,38,498,13,2261,11
2514,16,267,38,498,13,2289,11
2514,16,267,38,498,13,2359,11
2514,16,267,38,498,13,2370,11
2514,16,267,38,498,13,2405,11
2514,16,267,38,555,16,45,11
2514,16,267,38,555,16,159,11
2514,16,267,38,555,16,272,11
2514,16,267,38,555,16,338,11
2514,16,267,38,555,16,390,11
2514,16,267,38,555,16,457,11
2514,16,267,38,555,16,463,11
2514,16,267,38,555,16,620,11
2514,16,267,38,555,16,700,11
2514,16,267,38,555,16,742,11
2514,16,267,38,555,16,758,11
2514,16,267,38,555,16,879,11
2514,16,267,38,555,16,927,11
2514,16,267,38,555,16,979,11
2514,16,267,38,555,16,1003,11
2514,16,267,38,555,16,1044,11
2514,16,267,38,555,16,1068,11
2514,16,267,38,555,16,1153,11
2514,16,267,38,555,16,1186,11
2514,16,267,38,555,16,1194,11
2514,16,267,38,555,16,1259,11
2514,16,267,38,555,16,1260,11
2514,16,267,38,555,16,1312,11
2514,16,267,38,555,16,1388,11
2514,16,267,38,555,16,1391,11
2514,16,267,38,555,16,1422,11
2514,16,267,38,555,16,1556,11
2514,16,267,38,555,16,1568,11
2514,16,267,38,555,16,1599,11
2514,16,267,38,555,16,1747,11
2514,16,267,38,555,16,1773,11
2514,16,267,38,555,16,1799,11
2514,16,267,38,555,16,1818,11
2514,16,267,38,555,16,1873,11
2514,16,267,38,555,16,1940,11
2514,16,267,38,555,16,1956,11
2514,16,267,38,555,16,1997,11
2514,16,267,38,555,16,2068,11
2514,16,267,38,555,16,2079,11
2514,16,267,38,555,16,2123,11
2514,16,267,38,555,16,2196,11
2514,16,267,38,555,16,2206,11
2514,16,267,38,555,16,2216,11
2514,16,267,38,555,16,2244,11
2514,16,267,38,555,16,2259,11
2514,16,267,38,555,16,2261,11
2514,16,267,38,555,16,2289,11
2514,16,267,38,555,16,2359,11
2514,16,267,38,555,16,2370,11
2514,16,267,38,555,16,2405,11
2514,16,267,38,671,26,45,11
2514,16,267,38,671,26,159,11
2514,16,267,38,671,26,272,11
2514,16,267,38,671,26,338,11
2514,16,267,38,671,26,390,11
2514,16,267,38,671,26,457,11
2514,16,267,38,671,26,463,11
2514,16,267,38,671,26,620,11
2514,16,267,38,671,26,700,11
2514,16,267,38,671,26,742,11
2514,16,267,38,671,26,758,11
2514,16,267,38,671,26,879,11
2514,16,267,38,671,26,927,11
2514,16,267,38,671,26,979,11
2514,16,267,38,671,26,1003,11
2514,16,267,38,671,26,1044,11
2514,16,267,38,671,26,1068,11
2514,16,267,38,671,26,1153,11
2514,16,267,38,671,26,1186,11
2514,16,267,38,671,26,1194,11
2514,16,267,38,671,26,1259,11
2514,16,267,38,671,26,1260,11
2514,16,267,38,671,26,1312,11
2514,16,267,38,671,26,1388,11
2514,16,267,38,671,26,1391,11
2514,16,267,38,671,26,1422,11
2514,16,267,38,671,26,1556,11
2514,16,267,38,671,26,1568,11
2514,16,267,38,671,26,1599,11
2514,16,267,38,671,26,1747,11
2514,16,267,38,671,26,1773,11
2514,16,267,38,671,26,1799,11
2514,16,267,38,671,26,1818,11
2514,16,267,38,671,26,1873,11
2514,16,267,38,671,26,1940,11
2514,16,267,38,671,26,1956,11
2514,16,267,38,671,26,1997,11
2514,16,267,38,671,26,2068,11
2514,16,267,38,671,26,2079,11
2514,16,267,38,671,26,2123,11
2514,16,267,38,671,26,2196,11
2514,16,267,38,671,26,2206,11
2514,16,267,38,671,26,2216,11
2514,16,267,38,671,26,2244,11
2514,16,267,38,671,26,2259,11
2514,16,267,38,671,26,2261,11
2514,16,267,38,671,26,2289,11
2514,16,267,38,671,26,2359,11
2514,16,267,38,671,26,2370,11
2514,16,267,38,671,26,2405,11
2514,16,267,38,753,36,45,11
2514,16,267,38,753,36,159,11
2514,16,267,38,753,36,272,11
2514,16,267,38,753,36,338,11
2514,16,267,38,753,36,390,11
2514,16,267,38,753,36,457,11
2514,16,267,38,753,36,463,11
2514,16,267,38,753,36,620,11
2514,16,267,38,753,36,700,11
2514,16,267,38,753,36,742,11
2514,16,267,38,753,36,758,11
2514,16,267,38,753,36,879,11
2514,16,267,38,753,36,927,11
2514,16,267,38,753,36,979,11
2514,16,267,38,753,36,1003,11
2514,16,267,38,753,36,1044,11
2514,16,267,38,753,36,1068,11
2514,16,267,38,753,36,1153,11
2514,16,267,38,753,36,1186,11
2514,16,267,38,753,36,1194,11
2514,16,267,38,753,36,1259,11
2514,16,267,38,753,36,1260,11
2514,16,267,38,753,36,1312,11
2514,16,267,38,753,36,1388,11
2514,16,267,38,753,36,1391,11
2514,16,267,38,753,36,1422,11
2514,16,267,38,753,36,1556,11
2514,16,267,38,753,36,1568,11
2514,16,267,38,753,36,1599,11
2514,16,267,38,753,36,1747,11
2514,16,267,38,753,36,1773,11
2514,16,267,38,753,36,1799,11
2514,16,267,38,753,36,1818,11
2514,16,267,38,753,36,1873,11
2514,16,267,38,753,36,1940,11
2514,16,267,38,753,36,1956,11
2514,16,267,38,753,36,1997,11
2514,16,267,38,753,36,2068,11
2514,16,267,38,753,36,2079,11
2514,16,267,38,753,36,2123,11
2514,16,267,38,753,36,2196,11
2514,16,267,38,753,36,2206,11
2514,16,267,38,753,36,2216,11
2514,16,267,38,753,36,2244,11
2514,16,267,38,753,36,2259,11
2514,16,267,38,753,36,2261,11
2514,16,267,38,753,36,2289,11
2514,16,267,38,753,36,2359,11
2514,16,267,38,753,36,2370,11
2514,16,267,38,753,36,2405,11
2514,16,267,38,964,44,45,11
2514,16,267,38,964,44,159,11
2514,16,267,38,964,44,272,11
2514,16,267,38,964,44,338,11
2514,16,267,38,964,44,390,11
2514,16,267,38,964,44,457,11
2514,16,267,38,964,44,463,11
2514,16,267,38,964,44,620,11
2514,16,267,38,964,44,700,11
2514,16,267,38,964,44,742,11
2514,16,267,38,964,44,758,11
2514,16,267,38,964,44,879,11
2514,16,267,38,964,44,927,11
2514,16,267,38,964,44,979,11
2514,16,267,38,964,44,1003,11
2514,16,267,38,964,44,1044,11
2514,16,267,38,964,44,1068,11
2514,16,267,38,964,44,1153,11
2514,16,267,38,964,44,1186,11
2514,16,267,38,964,44,1194,11
2514,16,267,38,964,44,1259,11
2514,16,267,38,964,44,1260,11
2514,16,267,38,964,44,1312,11
2514,16,267,38,964,44,1388,11
2514,16,267,38,964,44,1391,11
2514,16,267,38,964,44,1422,11
2514,16,267,38,964,44,1556,11
2514,16,267,38,964,44,1568,11
2514,16,267,38,964,44,1599,11
2514,16,267,38,964,44,1747,11
2514,16,267,38,964,44,1773,11
2514,16,267,38,964,44,1799,11
2514,16,267,38,964,44,1818,11
2514,16,267,38,964,44,1873,11
2514,16,267,38,964,44,1940,11
2514,16,267,38,964,44,1956,11
2514,16,267,38,964,44,1997,11
2514,16,267,38,964,44,2068,11
2514,16,267,38,964,44,2079,11
2514,16,267,38,964,44,2123,11
2514,16,267,38,964,44,2196,11
2514,16,267,38,964,44,2206,11
2514,16,267,38,964,44,2216,11
2514,16,267,38,964,44,2244,11
2514,16,267,38,964,44,2259,11
2514,16,267,38,964,44,2261,11
2514,16,267,38,964,44,2289,11
2514,16,267,38,964,44,2359,11
2514,16,267,38,964,44,2370,11
2514,16,267,38,964,44,2405,11
2514,16,267,38,1131,43,45,11
2514,16,267,38,1131,43,159,11
2514,16,267,38,1131,43,272,11
2514,16,267,38,1131,43,338,11
2514,16,267,38,1131,43,390,11
2514,16,267,38,1131,43,457,11
2514,16,267,38,1131,43,463,11
2514,16,267,38,1131,43,620,11
2514,16,267,38,1131,43,700,11
2514,16,267,38,1131,43,742,11
2514,16,267,38,1131,43,758,11
2514,16,267,38,1131,43,879,11
2514,16,267,38,1131,43,927,11
2514,16,267,38,1131,43,979,11
2514,16,267,38,1131,43,1003,11
2514,16,267,38,1131,43,1044,11
2514,16,267,38,1131,43,1068,11
2514,16,267,38,1131,43,1153,11
2514,16,267,38,1131,43,1186,11
2514,16,267,38,1131,43,1194,11
2514,16,267,38,1131,43,1259,11
2514,16,267,38,1131,43,1260,11
2514,16,267,38,1131,43,1312,11
2514,16,267,38,1131,43,1388,11
2514,16,267,38,1131,43,1391,11
2514,16,267,38,1131,43,1422,11
2514,16,267,38,1131,43,1556,11
2514,16,267,38,1131,43,1568,11
2514,16,267,38,1131,43,1599,11
2514,16,267,38,1131,43,1747,11
2514,16,267,38,1131,43,1773,11
2514,16,267,38,1131,43,1799,11
2514,16,267,38,1131,43,1818,11
2514,16,267,38,1131,43,1873,11
2514,16,267,38,1131,43,1940,11
2514,16,267,38,1131,43,1956,11
2514,16,267,38,1131,43,1997,11
2514,16,267,38,1131,43,2068,11
2514,16,267,38,1131,43,2079,11
2514,16,267,38,1131,43,2123,11
2514,16,267,38,1131,43,2196,11
2514,16,267,38,1131,43,2206,11
2514,16,267,38,1131,43,2216,11
2514,16,267,38,1131,43,2244,11
2514,16,267,38,1131,43,2259,11
2514,16,267,38,1131,43,2261,11
2514,16,267,38,1131,43,2289,11
2514,16,267,38,1131,43,2359,11
2514,16,267,38,1131,43,2370,11
2514,16,267,38,1131,43,2405,11
2514,16,267,38,1297,28,45,11
2514,16,267,38,1297,28,159,11
2514,16,267,38,1297,28,272,11
2514,16,267,38,1297,28,338,11
2514,16,267,38,1297,28,390,11
2514,16,267,38,1297,28,457,11
2514,16,267,38,1297,28,463,11
2514,16,267,38,1297,28,620,11
2514,16,267,38,1297,28,700,11
2514,16,267,38,1297,28,742,11
2514,16,267,38,1297,28,758,11
2514,16,267,38,1297,28,879,11
2514,16,267,38,1297,28,927,11
2514,16,267,38,1297,28,979,11
2514,16,267,38,1297,28,1003,11
2514,16,267,38,1297,28,1044,11
2514,16,267,38,1297,28,1068,11
2514,16,267,38,1297,28,1153,11
2514,16,267,38,1297,28,1186,11
2514,16,267,38,1297,28,1194,11
2514,16,267,38,1297,28,1259,11
2514,16,267,38,1297,28,1260,11
2514,16,267,38,1297,28,1312,11
2514,16,267,38,1297,28,1388,11
2514,16,267,38,1297,28,1391,11
2514,16,267,38,1297,28,1422,11
2514,16,267,38,1297,28,1556,11
2514,16,267,38,1297,28,1568,11
2514,16,267,38,1297,28,1599,11
2514,16,267,38,1297,28,1747,11
2514,16,267,38,1297,28,1773,11
2514,16,267,38,1297,28,1799,11
2514,16,267,38,1297,28,1818,11
2514,16,267,38,1297,28,1873,11
2514,16,267,38,1297,28,1940,11
2514,16,267,38,1297,28,1956,11
2514,16,267,38,1297,28,1997,11
2514,16,267,38,1297,28,2068,11
2514,16,267,38,1297,28,2079,11
2514,16,267,38,1297,28,2123,11
2514,16,267,38,1297,28,2196,11
2514,16,267,38,1297,28,2206,11
2514,16,267,38,1297,28,2216,11
2514,16,267,38,1297,28,2244,11
2514,16,267,38,1297,28,2259,11
2514,16,267,38,1297,28,2261,11
2514,16,267,38,1297,28,2289,11
2514,16,267,38,1297,28,2359,11
2514,16,267,38,1297,28,2370,11
2514,16,267,38,1297,28,2405,11
2514,16,267,38,1414,15,45,11
2514,16,267,38,1414,15,390,11
2514,16,267,38,1414,15,620,11
2514,16,267,38,1414,15,979,11
2514,16,267,38,1414,15,1799,11
2514,16,267,38,1414,15,1956,11
2514,16,267,38,1414,15,2206,11
2514,16,267,38,1414,15,2244,11
2514,16,267,38,1414,15,2261,11
2514,16,267,38,1414,15,2359,11
2514,16,267,38,1451,13,159,11
2514,16,267,38,1451,13,272,11
2514,16,267,38,1451,13,457,11
2514,16,267,38,1451,13,463,11
2514,16,267,38,1451,13,700,11
2514,16,267,38,1451,13,879,11
2514,16,267,38,1451,13,927,11
2514,16,267,38,1451,13,1003,11
2514,16,267,38,1451,13,1068,11
2514,16,267,38,1451,13,1153,11
2514,16,267,38,1451,13,1194,11
2514,16,267,38,1451,13,1260,11
2514,16,267,38,1451,13,1388,11
2514,16,267,38,1451,13,1391,11
2514,16,267,38,1451,13,1422,11
2514,16,267,38,1451,13,1556,11
2514,16,267,38,1451,13,1568,11
2514,16,267,38,1451,13,1599,11
2514,16,267,38,1451,13,1747,11
2514,16,267,38,1451,13,1818,11
2514,16,267,38,1451,13,1873,11
2514,16,267,38,1451,13,1940,11
2514,16,267,38,1451,13,2068,11
2514,16,267,38,1451,13,2079,11
2514,16,267,38,1451,13,2123,11
2514,16,267,38,1451,13,2196,11
2514,16,267,38,1451,13,2216,11
2514,16,267,38,1451,13,2259,11
2514,16,267,38,1451,13,2370,11
2514,16,267,38,1451,13,2405,11
2514,16,267,38,1680,49,45,11
2514,16,267,38,1680,49,159,11
2514,16,267,38,1680,49,272,11
2514,16,267,38,1680,49,338,11
2514,16,267,38,1680,49,390,11
2514,16,267,38,1680,49,457,11
2514,16,267,38,1680,49,463,11
2514,16,267,38,1680,49,620,11
2514,16,267,38,1680,49,700,11
2514,16,267,38,1680,49,742,11
2514,16,267,38,1680,49,758,11
2514,16,267,38,1680,49,879,11
2514,16,267,38,1680,49,927,11
2514,16,267,38,1680,49,979,11
2514,16,267,38,1680,49,1003,11
2514,16,267,38,1680,49,1044,11
2514,16,267,38,1680,49,1068,11
2514,16,267,38,1680,49,1153,11
2514,16,267,38,1680,49,1186,11
2514,16,267,38,1680,49,1194,11
2514,16,267,38,1680,49,1259,11
2514,16,267,38,1680,49,1260,11
2514,16,267,38,1680,49,1312,11
2514,16,267,38,1680,49,1388,11
2514,16,267,38,1680,49,1391,11
2514,16,267,38,1680,49,1422,11
2514,16,267,38,1680,49,1556,11
2514,16,267,38,1680,49,1568,11
2514,16,267,38,1680,49,1599,11
2514,16,267,38,1680,49,1747,11
2514,16,267,38,1680,49,1773,11
2514,16,267,38,1680,49,1799,11
2514,16,267,38,1680,49,1818,11
2514,16,267,38,1680,49,1873,11
2514,16,267,38,1680,49,1940,11
2514,16,267,38,1680,49,1956,11
2514,16,267,38,1680,49,1997,11
2514,16,267,38,1680,49,2068,11
2514,16,267,38,1680,49,2079,11
2514,16,267,38,1680,49,2123,11
2514,16,267,38,1680,49,2196,11
2514,16,267,38,1680,49,2206,11
2514,16,267,38,1680,49,2216,11
2514,16,267,38,1680,49,2244,11
2514,16,267,38,1680,49,2259,11
2514,16,267,38,1680,49,2261,11
2514,16,267,38,1680,49,2289,11
2514,16,267,38,1680,49,2359,11
2514,16,267,38,1680,49,2370,11
2514,16,267,38,1680,49,2405,11
