2514,16,1581,14,10,20,45,11
2514,16,1581,14,10,20,159,11
2514,16,1581,14,10,20,272,11
2514,16,1581,14,10,20,338,11
2514,16,1581,14,10,20,390,11
2514,16,1581,14,10,20,457,11
2514,16,1581,14,10,20,463,11
2514,16,1581,14,10,20,620,11
2514,16,1581,14,10,20,700,11
2514,16,1581,14,10,20,742,11
2514,16,1581,14,10,20,758,11
2514,16,1581,14,10,20,879,11
2514,16,1581,14,10,20,927,11
2514,16,1581,14,10,20,979,11
2514,16,1581,14,10,20,1003,11
2514,16,1581,14,10,20,1044,11
2514,16,1581,14,10,20,1068,11
2514,16,1581,14,10,20,1153,11
2514,16,1581,14,10,20,1186,11
2514,16,1581,14,10,20,1194,11
2514,16,1581,14,10,20,1259,11
2514,16,1581,14,10,20,1260,11
2514,16,1581,14,10,20,1312,11
2514,16,1581,14,10,20,1388,11
2514,16,1581,14,10,20,1391,11
2514,16,1581,14,10,20,1422,11
2514,16,1581,14,10,20,1556,11
2514,16,1581,14,10,20,1568,11
2514,16,1581,14,10,20,1599,11
2514,16,1581,14,10,20,1747,11
2514,16,1581,14,10,20,1773,11
2514,16,1581,14,10,20,1799,11
2514,16,1581,14,10,20,1818,11
2514,16,1581,14,10,20,1873,11
2514,16,1581,14,10,20,1940,11
2514,16,1581,14,10,20,1956,11
2514,16,1581,14,10,20,1997,11
2514,16,1581,14,10,20,2068,11
2514,16,1581,14,10,20,2079,11
2514,16,1581,14,10,20,2123,11
2514,16,1581,14,10,20,2196,11
2514,16,1581,14,10,20,2206,11
2514,16,1581,14,10,20,2216,11
2514,16,1581,14,10,20,2244,11
2514,16,1581,14,10,20,2259,11
2514,16,1581,14,10,20,2261,11
2514,16,1581,14,10,20,2289,11
2514,16,1581,14,10,20,2359,11
2514,16,1581,14,10,20,2370,11
2514,16,1581,14,10,20,2405,11
2514,16,1581,14,224,33,45,11
2514,16,1581,14,224,33,159,11
2514,16,1581,14,224,33,272,11
2514,16,1581,14,224,33,338,11
2514,16,1581,14,224,33,390,11
2514,16,1581,14,224,33,457,11
2514,16,1581,14,224,33,463,11
2514,16,1581,14,224,33,620,11
2514,16,1581,14,224,33,700,11
2514,16,1581,14,224,33,742,11
2514,16,1581,14,224,33,758,11
2514,16,1581,14,224,33,879,11
2514,16,1581,14,224,33,927,11
2514,16,1581,14,224,33,979,11
2514,16,1581,14,224,33,1003,11
2514,16,1581,14,224,33,1044,11
2514,16,1581,14,224,33,1068,11
2514,16,1581,14,224,33,1153,11
2514,16,1581,14,224,33,1186,11
2514,16,1581,14,224,33,1194,11
2514,16,1581,14,224,33,1259,11
2514,16,1581,14,224,33,1260,11
2514,16,1581,14,224,33,1312,11
2514,16,1581,14,224,33,1388,11
2514,16,1581,14,224,33,1391,11
2514,16,1581,14,224,33,1422,11
2514,16,1581,14,224,33,1556,11
2514,16,1581,14,224,33,1568,11
2514,16,1581,14,224,33,1599,11
2514,16,1581,14,224,33,1747,11
2514,16,1581,14,224,33,1773,11
2514,16,1581,14,224,33,1799,11
2514,16,1581,14,224,33,1818,11
2514,16,1581,14,224,33,1873,11
2514,16,1581,14,224,33,1940,11
2514,16,1581,14,224,33,1956,11
2514,16,1581,14,224,33,1997,11
2514,16,1581,14,224,33,2068,11
2514,16,1581,14,224,33,2079,11
2514,16,1581,14,224,33,2123,11
2514,16,1581,14,224,33,2196,11
2514,16,1581,14,224,33,2206,11
2514,16,1581,14,224,33,2216,11
2514,16,1581,14,224,33,2244,11
2514,16,1581,14,224,33,2259,11
2514,16,1581,14,224,33,2261,11
2514,16,1581,14,224,33,2289,11
2514,16,1581,14,224,33,2359,11
2514,16,1581,14,224,33,2370,11
2514,16,1581,14,224,33,2405,11
2514,16,1581,14,239,11,45,11
2514,16,1581,14,239,11,159,11
2514,16,1581,14,239,11,272,11
2514,16,1581,14,239,11,338,11
2514,16,1581,14,239,11,390,11
2514,16,1581,14,239,11,457,11
2514,16,1581,14,239,11,463,11
2514,16,1581,14,239,11,620,11
2514,16,1581,14,239,11,700,11
2514,16,1581,14,239,11,742,11
2514,16,1581,14,239,11,758,11
2514,16,1581,14,239,11,879,11
2514,16,1581,14,239,11,927,11
2514,16,1581,14,239,11,979,11
2514,16,1581,14,239,11,1003,11
2514,16,1581,14,239,11,1044,11
2514,16,1581,14,239,11,1068,11
2514,16,1581,14,239,11,1153,11
2514,16,1581,14,239,11,1186,11
2514,16,1581,14,239,11,1194,11
2514,16,1581,14,239,11,1259,11
2514,16,1581,14,239,11,1260,11
2514,16,1581,14,239,11,1312,11
2514,16,1581,14,239,11,1388,11
2514,16,1581,14,239,11,1391,11
2514,16,1581,14,239,11,1422,11
2514,16,1581,14,239,11,1556,11
2514,16,1581,14,239,11,1568,11
2514,16,1581,14,239,11,1599,11
2514,16,1581,14,239,11,1747,11
2514,16,1581,14,239,11,1773,11
2514,16,1581,14,239,11,1799,11
2514,16,1581,14,239,11,1818,11
2514,16,1581,14,239,11,1873,11
2514,16,1581,14,239,11,1940,11
2514,16,1581,14,239,11,1956,11
2514,16,1581,14,239,11,1997,11
2514,16,1581,14,239,11,2068,11
2514,16,1581,14,239,11,2079,11
2514,16,1581,14,239,11,2123,11
2514,16,1581,14,239,11,2196,11
2514,16,1581,14,239,11,2206,11
2514,16,1581,14,239,11,2216,11
2514,16,1581,14,239,11,2244,11
2514,16,1581,14,239,11,2259,11
2514,16,1581,14,239,11,2261,11
2514,16,1581,14,239,11,2289,11
2514,16,1581,14,239,11,2359,11
2514,16,1581,14,239,11,2370,11
2514,16,1581,14,239,11,2405,11
2514,16,1581,14,385,21,45,11
2514,16,1581,14,385,21,159,11
2514,16,1581,14,385,21,272,11
2514,16,1581,14,385,21,338,11
2514,16,1581,14,385,21,390,11
2514,16,1581,14,385,21,457,11
2514,16,1581,14,385,21,463,11
2514,16,1581,14,385,21,620,11
2514,16,1581,14,385,21,700,11
2514,16,1581,14,385,21,742,11
2514,16,1581,14,385,21,758,11
2514,16,1581,14,385,21,879,11
2514,16,1581,14,385,21,927,11
2514,16,1581,14,385,21,979,11
2514,16,1581,14,385,21,1003,11
2514,16,1581,14,385,21,1044,11
2514,16,1581,14,385,21,1068,11
2514,16,1581,14,385,21,1153,11
2514,16,1581,14,385,21,1186,11
2514,16,1581,14,385,21,1194,11
2514,16,1581,14,385,21,1259,11
2514,16,1581,14,385,21,1260,11
2514,16,1581,14,385,21,1312,11
2514,16,1581,14,385,21,1388,11
2514,16,1581,14,385,21,1391,11
2514,16,1581,14,385,21,1422,11
2514,16,1581,14,385,21,1556,11
2514,16,1581,14,385,21,1568,11
2514,16,1581,14,385,21,1599,11
2514,16,1581,14,385,21,1747,11
2514,16,1581,14,385,21,1773,11
2514,16,1581,14,385,21,1799,11
2514,16,1581,14,385,21,1818,11
2514,16,1581,14,385,21,1873,11
2514,16,1581,14,385,21,1940,11
2514,16,1581,14,385,21,1956,11
2514,16,1581,14,385,21,1997,11
2514,16,1581,14,385,21,2068,11
2514,16,1581,14,385,21,2079,11
2514,16,1581,14,385,21,2123,11
2514,16,1581,14,385,21,2196,11
2514,16,1581,14,385,21,2206,11
2514,16,1581,14,385,21,2216,11
2514,16,1581,14,385,21,2244,11
2514,16,1581,14,385,21,2259,11
2514,16,1581,14,385,21,2261,11
2514,16,1581,14,385,21,2289,11
2514,16,1581,14,385,21,2359,11
2514,16,1581,14,385,21,2370,11
2514,16,1581,14,385,21,2405,11
2514,16,1581,14,386,9,45,11
2514,16,1581,14,386,9,159,11
2514,16,1581,14,386,9,272,11
2514,16,1581,14,386,9,338,11
2514,16,1581,14,386,9,390,11
2514,16,1581,14,386,9,457,11
2514,16,1581,14,386,9,463,11
2514,16,1581,14,386,9,620,11
2514,16,1581,14,386,9,700,11
2514,16,1581,14,386,9,742,11
2514,16,1581,14,386,9,758,11
2514,16,1581,14,386,9,879,11
2514,16,1581,14,386,9,927,11
2514,16,1581,14,386,9,979,11
2514,16,1581,14,386,9,1003,11
2514,16,1581,14,386,9,1044,11
2514,16,1581,14,386,9,1068,11
2514,16,1581,14,386,9,1153,11
2514,16,1581,14,386,9,1186,11
2514,16,1581,14,386,9,1194,11
2514,16,1581,14,386,9,1259,11
2514,16,1581,14,386,9,1260,11
2514,16,1581,14,386,9,1312,11
2514,16,1581,14,386,9,1388,11
2514,16,1581,14,386,9,1391,11
2514,16,1581,14,386,9,1422,11
2514,16,1581,14,386,9,1556,11
2514,16,1581,14,386,9,1568,11
2514,16,1581,14,386,9,1599,11
2514,16,1581,14,386,9,1747,11
2514,16,1581,14,386,9,1773,11
2514,16,1581,14,386,9,1799,11
2514,16,1581,14,386,9,1818,11
2514,16,1581,14,386,9,1873,11
2514,16,1581,14,386,9,1940,11
2514,16,1581,14,386,9,1956,11
2514,16,1581,14,386,9,1997,11
2514,16,1581,14,386,9,2068,11
2514,16,1581,14,386,9,2079,11
2514,16,1581,14,386,9,2123,11
2514,16,1581,14,386,9,2196,11
2514,16,1581,14,386,9,2206,11
2514,16,1581,14,386,9,2216,11
2514,16,1581,14,386,9,2244,11
2514,16,1581,14,386,9,2259,11
2514,16,1581,14,386,9,2261,11
2514,16,1581,14,386,9,2289,11
2514,16,1581,14,386,9,2359,11
2514,16,1581,14,386,9,2370,11
2514,16,1581,14,386,9,2405,11
2514,16,1581,14,447,22,45,11
2514,16,1581,14,447,22,159,11
2514,16,1581,14,447,22,272,11
2514,16,1581,14,447,22,338,11
2514,16,1581,14,447,22,390,11
2514,16,1581,14,447,22,457,11
2514,16,1581,14,447,22,463,11
2514,16,1581,14,447,22,620,11
2514,16,1581,14,447,22,700,11
2514,16,1581,14,447,22,742,11
2514,16,1581,14,447,22,758,11
2514,16,1581,14,447,22,879,11
2514,16,1581,14,447,22,927,11
2514,16,1581,14,447,22,979,11
2514,16,1581,14,447,22,1003,11
2514,16,1581,14,447,22,1044,11
2514,16,1581,14,447,22,1068,11
2514,16,1581,14,447,22,1153,11
2514,16,1581,14,447,22,1186,11
2514,16,1581,14,447,22,1194,11
2514,16,1581,14,447,22,1259,11
2514,16,1581,14,447,22,1260,11
2514,16,1581,14,447,22,1312,11
2514,16,1581,14,447,22,1388,11
2514,16,1581,14,447,22,1391,11
2514,16,1581,14,447,22,1422,11
2514,16,1581,14,447,22,1556,11
2514,16,1581,14,447,22,1568,11
2514,16,1581,14,447,22,1599,11
2514,16,1581,14,447,22,1747,11
2514,16,1581,14,447,22,1773,11
2514,16,1581,14,447,22,1799,11
2514,16,1581,14,447,22,1818,11
2514,16,1581,14,447,22,1873,11
2514,16,1581,14,447,22,1940,11
2514,16,1581,14,447,22,1956,11
2514,16,1581,14,447,22,1997,11
2514,16,1581,14,447,22,2068,11
2514,16,1581,14,447,22,2079,11
2514,16,1581,14,447,22,2123,11
2514,16,1581,14,447,22,2196,11
2514,16,1581,14,447,22,2206,11
2514,16,1581,14,447,22,2216,11
2514,16,1581,14,447,22,2244,11
2514,16,1581,14,447,22,2259,11
2514,16,1581,14,447,22,2261,11
2514,16,1581,14,447,22,2289,11
2514,16,1581,14,447,22,2359,11
2514,16,1581,14,447,22,2370,11
2514,16,1581,14,447,22,2405,11
2514,16,1581,14,594,38,45,11
2514,16,1581,14,594,38,159,11
2514,16,1581,14,594,38,272,11
2514,16,1581,14,594,38,338,11
2514,16,1581,14,594,38,390,11
2514,16,1581,14,594,38,457,11
2514,16,1581,14,594,38,463,11
2514,16,1581,14,594,38,620,11
2514,16,1581,14,594,38,700,11
2514,16,1581,14,594,38,742,11
2514,16,1581,14,594,38,758,11
2514,16,1581,14,594,38,879,11
2514,16,1581,14,594,38,927,11
2514,16,1581,14,594,38,979,11
2514,16,1581,14,594,38,1003,11
2514,16,1581,14,594,38,1044,11
2514,16,1581,14,594,38,1068,11
2514,16,1581,14,594,38,1153,11
2514,16,1581,14,594,38,1186,11
2514,16,1581,14,594,38,1194,11
2514,16,1581,14,594,38,1259,11
2514,16,1581,14,594,38,1260,11
2514,16,1581,14,594,38,1312,11
2514,16,1581,14,594,38,1388,11
2514,16,1581,14,594,38,1391,11
2514,16,1581,14,594,38,1422,11
2514,16,1581,14,594,38,1556,11
2514,16,1581,14,594,38,1568,11
2514,16,1581,14,594,38,1599,11
2514,16,1581,14,594,38,1747,11
2514,16,1581,14,594,38,1773,11
2514,16,1581,14,594,38,1799,11
2514,16,1581,14,594,38,1818,11
2514,16,1581,14,594,38,1873,11
2514,16,1581,14,594,38,1940,11
2514,16,1581,14,594,38,1956,11
2514,16,1581,14,594,38,1997,11
2514,16,1581,14,594,38,2068,11
2514,16,1581,14,594,38,2079,11
2514,16,1581,14,594,38,2123,11
2514,16,1581,14,594,38,2196,11
2514,16,1581,14,594,38,2206,11
2514,16,1581,14,594,38,2216,11
2514,16,1581,14,594,38,2244,11
2514,16,1581,14,594,38,2259,11
2514,16,1581,14,594,38,2261,11
2514,16,1581,14,594,38,2289,11
2514,16,1581,14,594,38,2359,11
2514,16,1581,14,594,38,2370,11
2514,16,1581,14,594,38,2405,11
2514,16,1581,14,924,37,45,11
2514,16,1581,14,924,37,159,11
2514,16,1581,14,924,37,272,11
2514,16,1581,14,924,37,338,11
2514,16,1581,14,924,37,390,11
2514,16,1581,14,924,37,457,11
2514,16,1581,14,924,37,463,11
2514,16,1581,14,924,37,620,11
2514,16,1581,14,924,37,700,11
2514,16,1581,14,924,37,742,11
2514,16,1581,14,924,37,758,11
2514,16,1581,14,924,37,879,11
2514,16,1581,14,924,37,927,11
2514,16,1581,14,924,37,979,11
2514,16,1581,14,924,37,1003,11
2514,16,1581,14,924,37,1044,11
2514,16,1581,14,924,37,1068,11
2514,16,1581,14,924,37,1153,11
2514,16,1581,14,924,37,1186,11
2514,16,1581,14,924,37,1194,11
2514,16,1581,14,924,37,1259,11
2514,16,1581,14,924,37,1260,11
2514,16,1581,14,924,37,1312,11
2514,16,1581,14,924,37,1388,11
2514,16,1581,14,924,37,1391,11
2514,16,1581,14,924,37,1422,11
2514,16,1581,14,924,37,1556,11
2514,16,1581,14,924,37,1568,11
2514,16,1581,14,924,37,1599,11
2514,16,1581,14,924,37,1747,11
2514,16,1581,14,924,37,1773,11
2514,16,1581,14,924,37,1799,11
2514,16,1581,14,924,37,1818,11
2514,16,1581,14,924,37,1873,11
2514,16,1581,14,924,37,1940,11
2514,16,1581,14,924,37,1956,11
2514,16,1581,14,924,37,1997,11
2514,16,1581,14,924,37,2068,11
2514,16,1581,14,924,37,2079,11
2514,16,1581,14,924,37,2123,11
2514,16,1581,14,924,37,2196,11
2514,16,1581,14,924,37,2206,11
2514,16,1581,14,924,37,2216,11
2514,16,1581,14,924,37,2244,11
2514,16,1581,14,924,37,2259,11
2514,16,1581,14,924,37,2261,11
2514,16,1581,14,924,37,2289,11
2514,16,1581,14,924,37,2359,11
2514,16,1581,14,924,37,2370,11
2514,16,1581,14,924,37,2405,11
2514,16,1581,14,1103,29,159,11
2514,16,1581,14,1103,29,272,11
2514,16,1581,14,1103,29,338,11
2514,16,1581,14,1103,29,457,11
2514,16,1581,14,1103,29,463,11
2514,16,1581,14,1103,29,700,11
2514,16,1581,14,1103,29,742,11
2514,16,1581,14,1103,29,758,11
2514,16,1581,14,1103,29,879,11
2514,16,1581,14,1103,29,927,11
2514,16,1581,14,1103,29,1003,11
2514,16,1581,14,1103,29,1044,11
2514,16,1581,14,1103,29,1068,11
2514,16,1581,14,1103,29,1153,11
2514,16,1581,14,1103,29,1186,11
2514,16,1581,14,1103,29,1194,11
2514,16,1581,14,1103,29,1259,11
2514,16,1581,14,1103,29,1260,11
2514,16,1581,14,1103,29,1312,11
2514,16,1581,14,1103,29,1388,11
2514,16,1581,14,1103,29,1391,11
2514,16,1581,14,1103,29,1422,11
2514,16,1581,14,1103,29,1556,11
2514,16,1581,14,1103,29,1568,11
2514,16,1581,14,1103,29,1599,11
2514,16,1581,14,1103,29,1747,11
2514,16,1581,14,1103,29,1773,11
2514,16,1581,14,1103,29,1818,11
2514,16,1581,14,1103,29,1873,11
2514,16,1581,14,1103,29,1940,11
2514,16,1581,14,1103,29,1997,11
2514,16,1581,14,1103,29,2068,11
2514,16,1581,14,1103,29,2079,11
2514,16,1581,14,1103,29,2123,11
2514,16,1581,14,1103,29,2196,11
2514,16,1581,14,1103,29,2216,11
2514,16,1581,14,1103,29,2259,11
2514,16,1581,14,1103,29,2289,11
2514,16,1581,14,1103,29,2370,11
2514,16,1581,14,1103,29,2405,11
2514,16,1581,14,1335,33,45,11
2514,16,1581,14,1335,33,159,11
2514,16,1581,14,1335,33,272,11
2514,16,1581,14,1335,33,338,11
2514,16,1581,14,1335,33,390,11
2514,16,1581,14,1335,33,457,11
2514,16,1581,14,1335,33,463,11
2514,16,1581,14,1335,33,620,11
2514,16,1581,14,1335,33,700,11
2514,16,1581,14,1335,33,742,11
2514,16,1581,14,1335,33,758,11
2514,16,1581,14,1335,33,879,11
2514,16,1581,14,1335,33,927,11
2514,16,1581,14,1335,33,979,11
2514,16,1581,14,1335,33,1003,11
2514,16,1581,14,1335,33,1044,11
2514,16,1581,14,1335,33,1068,11
2514,16,1581,14,1335,33,1153,11
2514,16,1581,14,1335,33,1186,11
2514,16,1581,14,1335,33,1194,11
2514,16,1581,14,1335,33,1259,11
2514,16,1581,14,1335,33,1260,11
2514,16,1581,14,1335,33,1312,11
2514,16,1581,14,1335,33,1388,11
2514,16,1581,14,1335,33,1391,11
2514,16,1581,14,1335,33,1422,11
2514,16,1581,14,1335,33,1556,11
2514,16,1581,14,1335,33,1568,11
2514,16,1581,14,1335,33,1599,11
2514,16,1581,14,1335,33,1747,11
2514,16,1581,14,1335,33,1773,11
2514,16,1581,14,1335,33,1799,11
2514,16,1581,14,1335,33,1818,11
2514,16,1581,14,1335,33,1873,11
2514,16,1581,14,1335,33,1940,11
2514,16,1581,14,1335,33,1956,11
2514,16,1581,14,1335,33,1997,11
2514,16,1581,14,1335,33,2068,11
2514,16,1581,14,1335,33,2079,11
2514,16,1581,14,1335,33,2123,11
2514,16,1581,14,1335,33,2196,11
2514,16,1581,14,1335,33,2206,11
2514,16,1581,14,1335,33,2216,11
2514,16,1581,14,1335,33,2244,11
2514,16,1581,14,1335,33,2259,11
2514,16,1581,14,1335,33,2261,11
2514,16,1581,14,1335,33,2289,11
2514,16,1581,14,1335,33,2359,11
2514,16,1581,14,1335,33,2370,11
2514,16,1581,14,1335,33,2405,11
2514,16,1581,14,1347,36,45,11
2514,16,1581,14,1347,36,159,11
2514,16,1581,14,1347,36,272,11
2514,16,1581,14,1347,36,338,11
2514,16,1581,14,1347,36,390,11
2514,16,1581,14,1347,36,457,11
2514,16,1581,14,1347,36,463,11
2514,16,1581,14,1347,36,620,11
2514,16,1581,14,1347,36,700,11
2514,16,1581,14,1347,36,742,11
2514,16,1581,14,1347,36,758,11
2514,16,1581,14,1347,36,879,11
2514,16,1581,14,1347,36,927,11
2514,16,1581,14,1347,36,979,11
2514,16,1581,14,1347,36,1003,11
2514,16,1581,14,1347,36,1044,11
2514,16,1581,14,1347,36,1068,11
2514,16,1581,14,1347,36,1153,11
2514,16,1581,14,1347,36,1186,11
2514,16,1581,14,1347,36,1194,11
2514,16,1581,14,1347,36,1259,11
2514,16,1581,14,1347,36,1260,11
2514,16,1581,14,1347,36,1312,11
2514,16,1581,14,1347,36,1388,11
2514,16,1581,14,1347,36,1391,11
2514,16,1581,14,1347,36,1422,11
2514,16,1581,14,1347,36,1556,11
2514,16,1581,14,1347,36,1568,11
2514,16,1581,14,1347,36,1599,11
2514,16,1581,14,1347,36,1747,11
2514,16,1581,14,1347,36,1773,11
2514,16,1581,14,1347,36,1799,11
2514,16,1581,14,1347,36,1818,11
2514,16,1581,14,1347,36,1873,11
2514,16,1581,14,1347,36,1940,11
2514,16,1581,14,1347,36,1956,11
2514,16,1581,14,1347,36,1997,11
2514,16,1581,14,1347,36,2068,11
2514,16,1581,14,1347,36,2079,11
2514,16,1581,14,1347,36,2123,11
2514,16,1581,14,1347,36,2196,11
2514,16,1581,14,1347,36,2206,11
2514,16,1581,14,1347,36,2216,11
2514,16,1581,14,1347,36,2244,11
2514,16,1581,14,1347,36,2259,11
2514,16,1581,14,1347,36,2261,11
2514,16,1581,14,1347,36,2289,11
2514,16,1581,14,1347,36,2359,11
2514,16,1581,14,1347,36,2370,11
2514,16,1581,14,1347,36,2405,11
2514,16,1581,14,1526,31,45,11
2514,16,1581,14,1526,31,159,11
2514,16,1581,14,1526,31,272,11
2514,16,1581,14,1526,31,338,11
2514,16,1581,14,1526,31,390,11
2514,16,1581,14,1526,31,457,11
2514,16,1581,14,1526,31,463,11
2514,16,1581,14,1526,31,620,11
2514,16,1581,14,1526,31,700,11
2514,16,1581,14,1526,31,742,11
2514,16,1581,14,1526,31,758,11
2514,16,1581,14,1526,31,879,11
2514,16,1581,14,1526,31,927,11
2514,16,1581,14,1526,31,979,11
2514,16,1581,14,1526,31,1003,11
2514,16,1581,14,1526,31,1044,11
2514,16,1581,14,1526,31,1068,11
2514,16,1581,14,1526,31,1153,11
2514,16,1581,14,1526,31,1186,11
2514,16,1581,14,1526,31,1194,11
2514,16,1581,14,1526,31,1259,11
2514,16,1581,14,1526,31,1260,11
2514,16,1581,14,1526,31,1312,11
2514,16,1581,14,1526,31,1388,11
2514,16,1581,14,1526,31,1391,11
2514,16,1581,14,1526,31,1422,11
2514,16,1581,14,1526,31,1556,11
2514,16,1581,14,1526,31,1568,11
2514,16,1581,14,1526,31,1599,11
2514,16,1581,14,1526,31,1747,11
2514,16,1581,14,1526,31,1773,11
2514,16,1581,14,1526,31,1799,11
2514,16,1581,14,1526,31,1818,11
2514,16,1581,14,1526,31,1873,11
2514,16,1581,14,1526,31,1940,11
2514,16,1581,14,1526,31,1956,11
2514,16,1581,14,1526,31,1997,11
2514,16,1581,14,1526,31,2068,11
2514,16,1581,14,1526,31,2079,11
2514,16,1581,14,1526,31,2123,11
2514,16,1581,14,1526,31,2196,11
2514,16,1581,14,1526,31,2206,11
2514,16,1581,14,1526,31,2216,11
2514,16,1581,14,1526,31,2244,11
2514,16,1581,14,1526,31,2259,11
2514,16,1581,14,1526,31,2261,11
2514,16,1581,14,1526,31,2289,11
2514,16,1581,14,1526,31,2359,11
2514,16,1581,14,1526,31,2370,11
2514,16,1581,14,1526,31,2405,11
2514,16,1581,14,1861,38,45,11
2514,16,1581,14,1861,38,159,11
2514,16,1581,14,1861,38,272,11
2514,16,1581,14,1861,38,338,11
2514,16,1581,14,1861,38,390,11
2514,16,1581,14,1861,38,457,11
2514,16,1581,14,1861,38,463,11
2514,16,1581,14,1861,38,620,11
2514,16,1581,14,1861,38,700,11
2514,16,1581,14,1861,38,742,11
2514,16,1581,14,1861,38,758,11
2514,16,1581,14,1861,38,879,11
2514,16,1581,14,1861,38,927,11
2514,16,1581,14,1861,38,979,11
2514,16,1581,14,1861,38,1003,11
2514,16,1581,14,1861,38,1044,11
2514,16,1581,14,1861,38,1068,11
2514,16,1581,14,1861,38,1153,11
2514,16,1581,14,1861,38,1186,11
2514,16,1581,14,1861,38,1194,11
2514,16,1581,14,1861,38,1259,11
2514,16,1581,14,1861,38,1260,11
2514,16,1581,14,1861,38,1312,11
2514,16,1581,14,1861,38,1388,11
2514,16,1581,14,1861,38,1391,11
2514,16,1581,14,1861,38,1422,11
2514,16,1581,14,1861,38,1556,11
2514,16,1581,14,1861,38,1568,11
2514,16,1581,14,1861,38,1599,11
2514,16,1581,14,1861,38,1747,11
2514,16,1581,14,1861,38,1773,11
2514,16,1581,14,1861,38,1799,11
2514,16,1581,14,1861,38,1818,11
2514,16,1581,14,1861,38,1873,11
2514,16,1581,14,1861,38,1940,11
2514,16,1581,14,1861,38,1956,11
2514,16,1581,14,1861,38,1997,11
2514,16,1581,14,1861,38,2068,11
2514,16,1581,14,1861,38,2079,11
2514,16,1581,14,1861,38,2123,11
2514,16,1581,14,1861,38,2196,11
2514,16,1581,14,1861,38,2206,11
2514,16,1581,14,1861,38,2216,11
2514,16,1581,14,1861,38,2244,11
2514,16,1581,14,1861,38,2259,11
2514,16,1581,14,1861,38,2261,11
2514,16,1581,14,1861,38,2289,11
2514,16,1581,14,1861,38,2359,11
2514,16,1581,14,1861,38,2370,11
2514,16,1581,14,1861,38,2405,11
