2514,16,388,35,79,27,45,11
2514,16,388,35,79,27,159,11
2514,16,388,35,79,27,272,11
2514,16,388,35,79,27,338,11
2514,16,388,35,79,27,390,11
2514,16,388,35,79,27,457,11
2514,16,388,35,79,27,463,11
2514,16,388,35,79,27,620,11
2514,16,388,35,79,27,700,11
2514,16,388,35,79,27,742,11
2514,16,388,35,79,27,758,11
2514,16,388,35,79,27,879,11
2514,16,388,35,79,27,927,11
2514,16,388,35,79,27,979,11
2514,16,388,35,79,27,1003,11
2514,16,388,35,79,27,1044,11
2514,16,388,35,79,27,1068,11
2514,16,388,35,79,27,1153,11
2514,16,388,35,79,27,1186,11
2514,16,388,35,79,27,1194,11
2514,16,388,35,79,27,1259,11
2514,16,388,35,79,27,1260,11
2514,16,388,35,79,27,1312,11
2514,16,388,35,79,27,1388,11
2514,16,388,35,79,27,1391,11
2514,16,388,35,79,27,1422,11
2514,16,388,35,79,27,1556,11
2514,16,388,35,79,27,1568,11
2514,16,388,35,79,27,1599,11
2514,16,388,35,79,27,1747,11
2514,16,388,35,79,27,1773,11
2514,16,388,35,79,27,1799,11
2514,16,388,35,79,27,1818,11
2514,16,388,35,79,27,1873,11
2514,16,388,35,79,27,1940,11
2514,16,388,35,79,27,1956,11
2514,16,388,35,79,27,1997,11
2514,16,388,35,79,27,2068,11
2514,16,388,35,79,27,2079,11
2514,16,388,35,79,27,2123,11
2514,16,388,35,79,27,2196,11
2514,16,388,35,79,27,2206,11
2514,16,388,35,79,27,2216,11
2514,16,388,35,79,27,2244,11
2514,16,388,35,79,27,2259,11
2514,16,388,35,79,27,2261,11
2514,16,388,35,79,27,2289,11
2514,16,388,35,79,27,2359,11
2514,16,388,35,79,27,2370,11
2514,16,388,35,79,27,2405,11
2514,16,388,35,173,29,45,11
2514,16,388,35,173,29,159,11
2514,16,388,35,173,29,272,11
2514,16,388,35,173,29,338,11
2514,16,388,35,173,29,390,11
2514,16,388,35,173,29,457,11
2514,16,388,35,173,29,463,11
2514,16,388,35,173,29,620,11
2514,16,388,35,173,29,700,11
2514,16,388,35,173,29,742,11
2514,16,388,35,173,29,758,11
2514,16,388,35,173,29,879,11
2514,16,388,35,173,29,927,11
2514,16,388,35,173,29,979,11
2514,16,388,35,173,29,1003,11
2514,16,388,35,173,29,1044,11
2514,16,388,35,173,29,1068,11
2514,16,388,35,173,29,1153,11
2514,16,388,35,173,29,1186,11
2514,16,388,35,173,29,1194,11
2514,16,388,35,173,29,1259,11
2514,16,388,35,173,29,1260,11
2514,16,388,35,173,29,1312,11
2514,16,388,35,173,29,1388,11
2514,16,388,35,173,29,1391,11
2514,16,388,35,173,29,1422,11
2514,16,388,35,173,29,1556,11
2514,16,388,35,173,29,1568,11
2514,16,388,35,173,29,1599,11
2514,16,388,35,173,29,1747,11
2514,16,388,35,173,29,1773,11
2514,16,388,35,173,29,1799,11
2514,16,388,35,173,29,1818,11
2514,16,388,35,173,29,1873,11
2514,16,388,35,173,29,1940,11
2514,16,388,35,173,29,1956,11
2514,16,388,35,173,29,1997,11
2514,16,388,35,173,29,2068,11
2514,16,388,35,173,29,2079,11
2514,16,388,35,173,29,2123,11
2514,16,388,35,173,29,2196,11
2514,16,388,35,173,29,2206,11
2514,16,388,35,173,29,2216,11
2514,16,388,35,173,29,2244,11
2514,16,388,35,173,29,2259,11
2514,16,388,35,173,29,2261,11
2514,16,388,35,173,29,2289,11
2514,16,388,35,173,29,2359,11
2514,16,388,35,173,29,2370,11
2514,16,388,35,173,29,2405,11
2514,16,388,35,274,16,45,11
2514,16,388,35,274,16,272,11
2514,16,388,35,274,16,338,11
2514,16,388,35,274,16,390,11
2514,16,388,35,274,16,620,11
2514,16,388,35,274,16,742,11
2514,16,388,35,274,16,758,11
2514,16,388,35,274,16,979,11
2514,16,388,35,274,16,1044,11
2514,16,388,35,274,16,1068,11
2514,16,388,35,274,16,1186,11
2514,16,388,35,274,16,1259,11
2514,16,388,35,274,16,1260,11
2514,16,388,35,274,16,1312,11
2514,16,388,35,274,16,1391,11
2514,16,388,35,274,16,1422,11
2514,16,388,35,274,16,1747,11
2514,16,388,35,274,16,1773,11
2514,16,388,35,274,16,1799,11
2514,16,388,35,274,16,1956,11
2514,16,388,35,274,16,1997,11
2514,16,388,35,274,16,2068,11
2514,16,388,35,274,16,2079,11
2514,16,388,35,274,16,2206,11
2514,16,388,35,274,16,2244,11
2514,16,388,35,274,16,2259,11
2514,16,388,35,274,16,2261,11
2514,16,388,35,274,16,2289,11
2514,16,388,35,274,16,2359,11
2514,16,388,35,274,16,2405,11
2514,16,388,35,310,46,45,11
2514,16,388,35,310,46,159,11
2514,16,388,35,310,46,272,11
2514,16,388,35,310,46,338,11
2514,16,388,35,310,46,390,11
2514,16,388,35,310,46,457,11
2514,16,388,35,310,46,463,11
2514,16,388,35,310,46,620,11
2514,16,388,35,310,46,700,11
2514,16,388,35,310,46,742,11
2514,16,388,35,310,46,758,11
2514,16,388,35,310,46,879,11
2514,16,388,35,310,46,927,11
2514,16,388,35,310,46,979,11
2514,16,388,35,310,46,1003,11
2514,16,388,35,310,46,1044,11
2514,16,388,35,310,46,1068,11
2514,16,388,35,310,46,1153,11
2514,16,388,35,310,46,1186,11
2514,16,388,35,310,46,1194,11
2514,16,388,35,310,46,1259,11
2514,16,388,35,310,46,1260,11
2514,16,388,35,310,46,1312,11
2514,16,388,35,310,46,1388,11
2514,16,388,35,310,46,1391,11
2514,16,388,35,310,46,1422,11
2514,16,388,35,310,46,1556,11
2514,16,388,35,310,46,1568,11
2514,16,388,35,310,46,1599,11
2514,16,388,35,310,46,1747,11
2514,16,388,35,310,46,1773,11
2514,16,388,35,310,46,1799,11
2514,16,388,35,310,46,1818,11
2514,16,388,35,310,46,1873,11
2514,16,388,35,310,46,1940,11
2514,16,388,35,310,46,1956,11
2514,16,388,35,310,46,1997,11
2514,16,388,35,310,46,2068,11
2514,16,388,35,310,46,2079,11
2514,16,388,35,310,46,2123,11
2514,16,388,35,310,46,2196,11
2514,16,388,35,310,46,2206,11
2514,16,388,35,310,46,2216,11
2514,16,388,35,310,46,2244,11
2514,16,388,35,310,46,2259,11
2514,16,388,35,310,46,2261,11
2514,16,388,35,310,46,2289,11
2514,16,388,35,310,46,2359,11
2514,16,388,35,310,46,2370,11
2514,16,388,35,310,46,2405,11
2514,16,388,35,407,46,45,11
2514,16,388,35,407,46,159,11
2514,16,388,35,407,46,272,11
2514,16,388,35,407,46,338,11
2514,16,388,35,407,46,390,11
2514,16,388,35,407,46,457,11
2514,16,388,35,407,46,463,11
2514,16,388,35,407,46,620,11
2514,16,388,35,407,46,700,11
2514,16,388,35,407,46,742,11
2514,16,388,35,407,46,758,11
2514,16,388,35,407,46,879,11
2514,16,388,35,407,46,927,11
2514,16,388,35,407,46,979,11
2514,16,388,35,407,46,1003,11
2514,16,388,35,407,46,1044,11
2514,16,388,35,407,46,1068,11
2514,16,388,35,407,46,1153,11
2514,16,388,35,407,46,1186,11
2514,16,388,35,407,46,1194,11
2514,16,388,35,407,46,1259,11
2514,16,388,35,407,46,1260,11
2514,16,388,35,407,46,1312,11
2514,16,388,35,407,46,1388,11
2514,16,388,35,407,46,1391,11
2514,16,388,35,407,46,1422,11
2514,16,388,35,407,46,1556,11
2514,16,388,35,407,46,1568,11
2514,16,388,35,407,46,1599,11
2514,16,388,35,407,46,1747,11
2514,16,388,35,407,46,1773,11
2514,16,388,35,407,46,1799,11
2514,16,388,35,407,46,1818,11
2514,16,388,35,407,46,1873,11
2514,16,388,35,407,46,1940,11
2514,16,388,35,407,46,1956,11
2514,16,388,35,407,46,1997,11
2514,16,388,35,407,46,2068,11
2514,16,388,35,407,46,2079,11
2514,16,388,35,407,46,2123,11
2514,16,388,35,407,46,2196,11
2514,16,388,35,407,46,2206,11
2514,16,388,35,407,46,2216,11
2514,16,388,35,407,46,2244,11
2514,16,388,35,407,46,2259,11
2514,16,388,35,407,46,2261,11
2514,16,388,35,407,46,2289,11
2514,16,388,35,407,46,2359,11
2514,16,388,35,407,46,2370,11
2514,16,388,35,407,46,2405,11
2514,16,388,35,442,22,45,11
2514,16,388,35,442,22,159,11
2514,16,388,35,442,22,272,11
2514,16,388,35,442,22,338,11
2514,16,388,35,442,22,390,11
2514,16,388,35,442,22,457,11
2514,16,388,35,442,22,463,11
2514,16,388,35,442,22,620,11
2514,16,388,35,442,22,700,11
2514,16,388,35,442,22,742,11
2514,16,388,35,442,22,758,11
2514,16,388,35,442,22,879,11
2514,16,388,35,442,22,927,11
2514,16,388,35,442,22,979,11
2514,16,388,35,442,22,1003,11
2514,16,388,35,442,22,1044,11
2514,16,388,35,442,22,1068,11
2514,16,388,35,442,22,1153,11
2514,16,388,35,442,22,1186,11
2514,16,388,35,442,22,1194,11
2514,16,388,35,442,22,1259,11
2514,16,388,35,442,22,1260,11
2514,16,388,35,442,22,1312,11
2514,16,388,35,442,22,1388,11
2514,16,388,35,442,22,1391,11
2514,16,388,35,442,22,1422,11
2514,16,388,35,442,22,1556,11
2514,16,388,35,442,22,1568,11
2514,16,388,35,442,22,1599,11
2514,16,388,35,442,22,1747,11
2514,16,388,35,442,22,1773,11
2514,16,388,35,442,22,1799,11
2514,16,388,35,442,22,1818,11
2514,16,388,35,442,22,1873,11
2514,16,388,35,442,22,1940,11
2514,16,388,35,442,22,1956,11
2514,16,388,35,442,22,1997,11
2514,16,388,35,442,22,2068,11
2514,16,388,35,442,22,2079,11
2514,16,388,35,442,22,2123,11
2514,16,388,35,442,22,2196,11
2514,16,388,35,442,22,2206,11
2514,16,388,35,442,22,2216,11
2514,16,388,35,442,22,2244,11
2514,16,388,35,442,22,2259,11
2514,16,388,35,442,22,2261,11
2514,16,388,35,442,22,2289,11
2514,16,388,35,442,22,2359,11
2514,16,388,35,442,22,2370,11
2514,16,388,35,442,22,2405,11
2514,16,388,35,571,14,45,11
2514,16,388,35,571,14,159,11
2514,16,388,35,571,14,272,11
2514,16,388,35,571,14,338,11
2514,16,388,35,571,14,390,11
2514,16,388,35,571,14,457,11
2514,16,388,35,571,14,463,11
2514,16,388,35,571,14,620,11
2514,16,388,35,571,14,700,11
2514,16,388,35,571,14,742,11
2514,16,388,35,571,14,758,11
2514,16,388,35,571,14,879,11
2514,16,388,35,571,14,927,11
2514,16,388,35,571,14,979,11
2514,16,388,35,571,14,1003,11
2514,16,388,35,571,14,1044,11
2514,16,388,35,571,14,1068,11
2514,16,388,35,571,14,1153,11
2514,16,388,35,571,14,1186,11
2514,16,388,35,571,14,1194,11
2514,16,388,35,571,14,1259,11
2514,16,388,35,571,14,1260,11
2514,16,388,35,571,14,1312,11
2514,16,388,35,571,14,1388,11
2514,16,388,35,571,14,1391,11
2514,16,388,35,571,14,1422,11
2514,16,388,35,571,14,1556,11
2514,16,388,35,571,14,1568,11
2514,16,388,35,571,14,1599,11
2514,16,388,35,571,14,1747,11
2514,16,388,35,571,14,1773,11
2514,16,388,35,571,14,1799,11
2514,16,388,35,571,14,1818,11
2514,16,388,35,571,14,1873,11
2514,16,388,35,571,14,1940,11
2514,16,388,35,571,14,1956,11
2514,16,388,35,571,14,1997,11
2514,16,388,35,571,14,2068,11
2514,16,388,35,571,14,2079,11
2514,16,388,35,571,14,2123,11
2514,16,388,35,571,14,2196,11
2514,16,388,35,571,14,2206,11
2514,16,388,35,571,14,2216,11
2514,16,388,35,571,14,2244,11
2514,16,388,35,571,14,2259,11
2514,16,388,35,571,14,2261,11
2514,16,388,35,571,14,2289,11
2514,16,388,35,571,14,2359,11
2514,16,388,35,571,14,2370,11
2514,16,388,35,571,14,2405,11
2514,16,388,35,853,19,45,11
2514,16,388,35,853,19,159,11
2514,16,388,35,853,19,272,11
2514,16,388,35,853,19,338,11
2514,16,388,35,853,19,390,11
2514,16,388,35,853,19,457,11
2514,16,388,35,853,19,463,11
2514,16,388,35,853,19,620,11
2514,16,388,35,853,19,700,11
2514,16,388,35,853,19,742,11
2514,16,388,35,853,19,758,11
2514,16,388,35,853,19,879,11
2514,16,388,35,853,19,927,11
2514,16,388,35,853,19,979,11
2514,16,388,35,853,19,1003,11
2514,16,388,35,853,19,1044,11
2514,16,388,35,853,19,1068,11
2514,16,388,35,853,19,1153,11
2514,16,388,35,853,19,1186,11
2514,16,388,35,853,19,1194,11
2514,16,388,35,853,19,1259,11
2514,16,388,35,853,19,1260,11
2514,16,388,35,853,19,1312,11
2514,16,388,35,853,19,1388,11
2514,16,388,35,853,19,1391,11
2514,16,388,35,853,19,1422,11
2514,16,388,35,853,19,1556,11
2514,16,388,35,853,19,1568,11
2514,16,388,35,853,19,1599,11
2514,16,388,35,853,19,1747,11
2514,16,388,35,853,19,1773,11
2514,16,388,35,853,19,1799,11
2514,16,388,35,853,19,1818,11
2514,16,388,35,853,19,1873,11
2514,16,388,35,853,19,1940,11
2514,16,388,35,853,19,1956,11
2514,16,388,35,853,19,1997,11
2514,16,388,35,853,19,2068,11
2514,16,388,35,853,19,2079,11
2514,16,388,35,853,19,2123,11
2514,16,388,35,853,19,2196,11
2514,16,388,35,853,19,2206,11
2514,16,388,35,853,19,2216,11
2514,16,388,35,853,19,2244,11
2514,16,388,35,853,19,2259,11
2514,16,388,35,853,19,2261,11
2514,16,388,35,853,19,2289,11
2514,16,388,35,853,19,2359,11
2514,16,388,35,853,19,2370,11
2514,16,388,35,853,19,2405,11
2514,16,388,35,985,20,45,11
2514,16,388,35,985,20,159,11
2514,16,388,35,985,20,272,11
2514,16,388,35,985,20,338,11
2514,16,388,35,985,20,390,11
2514,16,388,35,985,20,457,11
2514,16,388,35,985,20,463,11
2514,16,388,35,985,20,620,11
2514,16,388,35,985,20,700,11
2514,16,388,35,985,20,742,11
2514,16,388,35,985,20,758,11
2514,16,388,35,985,20,879,11
2514,16,388,35,985,20,927,11
2514,16,388,35,985,20,979,11
2514,16,388,35,985,20,1003,11
2514,16,388,35,985,20,1044,11
2514,16,388,35,985,20,1068,11
2514,16,388,35,985,20,1153,11
2514,16,388,35,985,20,1186,11
2514,16,388,35,985,20,1194,11
2514,16,388,35,985,20,1259,11
2514,16,388,35,985,20,1260,11
2514,16,388,35,985,20,1312,11
2514,16,388,35,985,20,1388,11
2514,16,388,35,985,20,1391,11
2514,16,388,35,985,20,1422,11
2514,16,388,35,985,20,1556,11
2514,16,388,35,985,20,1568,11
2514,16,388,35,985,20,1599,11
2514,16,388,35,985,20,1747,11
2514,16,388,35,985,20,1773,11
2514,16,388,35,985,20,1799,11
2514,16,388,35,985,20,1818,11
2514,16,388,35,985,20,1873,11
2514,16,388,35,985,20,1940,11
2514,16,388,35,985,20,1956,11
2514,16,388,35,985,20,1997,11
2514,16,388,35,985,20,2068,11
2514,16,388,35,985,20,2079,11
2514,16,388,35,985,20,2123,11
2514,16,388,35,985,20,2196,11
2514,16,388,35,985,20,2206,11
2514,16,388,35,985,20,2216,11
2514,16,388,35,985,20,2244,11
2514,16,388,35,985,20,2259,11
2514,16,388,35,985,20,2261,11
2514,16,388,35,985,20,2289,11
2514,16,388,35,985,20,2359,11
2514,16,388,35,985,20,2370,11
2514,16,388,35,985,20,2405,11
2514,16,388,35,1087,16,45,11
2514,16,388,35,1087,16,159,11
2514,16,388,35,1087,16,272,11
2514,16,388,35,1087,16,338,11
2514,16,388,35,1087,16,390,11
2514,16,388,35,1087,16,457,11
2514,16,388,35,1087,16,463,11
2514,16,388,35,1087,16,620,11
2514,16,388,35,1087,16,700,11
2514,16,388,35,1087,16,742,11
2514,16,388,35,1087,16,758,11
2514,16,388,35,1087,16,879,11
2514,16,388,35,1087,16,927,11
2514,16,388,35,1087,16,979,11
2514,16,388,35,1087,16,1003,11
2514,16,388,35,1087,16,1044,11
2514,16,388,35,1087,16,1068,11
2514,16,388,35,1087,16,1153,11
2514,16,388,35,1087,16,1186,11
2514,16,388,35,1087,16,1194,11
2514,16,388,35,1087,16,1259,11
2514,16,388,35,1087,16,1260,11
2514,16,388,35,1087,16,1312,11
2514,16,388,35,1087,16,1388,11
2514,16,388,35,1087,16,1391,11
2514,16,388,35,1087,16,1422,11
2514,16,388,35,1087,16,1556,11
2514,16,388,35,1087,16,1568,11
2514,16,388,35,1087,16,1599,11
2514,16,388,35,1087,16,1747,11
2514,16,388,35,1087,16,1773,11
2514,16,388,35,1087,16,1799,11
2514,16,388,35,1087,16,1818,11
2514,16,388,35,1087,16,1873,11
2514,16,388,35,1087,16,1940,11
2514,16,388,35,1087,16,1956,11
2514,16,388,35,1087,16,1997,11
2514,16,388,35,1087,16,2068,11
2514,16,388,35,1087,16,2079,11
2514,16,388,35,1087,16,2123,11
2514,16,388,35,1087,16,2196,11
2514,16,388,35,1087,16,2206,11
2514,16,388,35,1087,16,2216,11
2514,16,388,35,1087,16,2244,11
2514,16,388,35,1087,16,2259,11
2514,16,388,35,1087,16,2261,11
2514,16,388,35,1087,16,2289,11
2514,16,388,35,1087,16,2359,11
2514,16,388,35,1087,16,2370,11
2514,16,388,35,1087,16,2405,11
2514,16,388,35,1108,25,45,11
2514,16,388,35,1108,25,159,11
2514,16,388,35,1108,25,272,11
2514,16,388,35,1108,25,338,11
2514,16,388,35,1108,25,390,11
2514,16,388,35,1108,25,457,11
2514,16,388,35,1108,25,463,11
2514,16,388,35,1108,25,620,11
2514,16,388,35,1108,25,700,11
2514,16,388,35,1108,25,742,11
2514,16,388,35,1108,25,758,11
2514,16,388,35,1108,25,879,11
2514,16,388,35,1108,25,927,11
2514,16,388,35,1108,25,979,11
2514,16,388,35,1108,25,1003,11
2514,16,388,35,1108,25,1044,11
2514,16,388,35,1108,25,1068,11
2514,16,388,35,1108,25,1153,11
2514,16,388,35,1108,25,1186,11
2514,16,388,35,1108,25,1194,11
2514,16,388,35,1108,25,1259,11
2514,16,388,35,1108,25,1260,11
2514,16,388,35,1108,25,1312,11
2514,16,388,35,1108,25,1388,11
2514,16,388,35,1108,25,1391,11
2514,16,388,35,1108,25,1422,11
2514,16,388,35,1108,25,1556,11
2514,16,388,35,1108,25,1568,11
2514,16,388,35,1108,25,1599,11
2514,16,388,35,1108,25,1747,11
2514,16,388,35,1108,25,1773,11
2514,16,388,35,1108,25,1799,11
2514,16,388,35,1108,25,1818,11
2514,16,388,35,1108,25,1873,11
2514,16,388,35,1108,25,1940,11
2514,16,388,35,1108,25,1956,11
2514,16,388,35,1108,25,1997,11
2514,16,388,35,1108,25,2068,11
2514,16,388,35,1108,25,2079,11
2514,16,388,35,1108,25,2123,11
2514,16,388,35,1108,25,2196,11
2514,16,388,35,1108,25,2206,11
2514,16,388,35,1108,25,2216,11
2514,16,388,35,1108,25,2244,11
2514,16,388,35,1108,25,2259,11
2514,16,388,35,1108,25,2261,11
2514,16,388,35,1108,25,2289,11
2514,16,388,35,1108,25,2359,11
2514,16,388,35,1108,25,2370,11
2514,16,388,35,1108,25,2405,11
2514,16,388,35,1193,48,457,11
2514,16,388,35,1193,48,700,11
2514,16,388,35,1193,48,927,11
2514,16,388,35,1193,48,1003,11
2514,16,388,35,1193,48,1153,11
2514,16,388,35,1193,48,1194,11
2514,16,388,35,1193,48,1568,11
2514,16,388,35,1193,48,1599,11
2514,16,388,35,1193,48,1818,11
2514,16,388,35,1193,48,1940,11
2514,16,388,35,1662,46,45,11
2514,16,388,35,1662,46,159,11
2514,16,388,35,1662,46,272,11
2514,16,388,35,1662,46,338,11
2514,16,388,35,1662,46,390,11
2514,16,388,35,1662,46,457,11
2514,16,388,35,1662,46,463,11
2514,16,388,35,1662,46,620,11
2514,16,388,35,1662,46,700,11
2514,16,388,35,1662,46,742,11
2514,16,388,35,1662,46,758,11
2514,16,388,35,1662,46,879,11
2514,16,388,35,1662,46,927,11
2514,16,388,35,1662,46,979,11
2514,16,388,35,1662,46,1003,11
2514,16,388,35,1662,46,1044,11
2514,16,388,35,1662,46,1068,11
2514,16,388,35,1662,46,1153,11
2514,16,388,35,1662,46,1186,11
2514,16,388,35,1662,46,1194,11
2514,16,388,35,1662,46,1259,11
2514,16,388,35,1662,46,1260,11
2514,16,388,35,1662,46,1312,11
2514,16,388,35,1662,46,1388,11
2514,16,388,35,1662,46,1391,11
2514,16,388,35,1662,46,1422,11
2514,16,388,35,1662,46,1556,11
2514,16,388,35,1662,46,1568,11
2514,16,388,35,1662,46,1599,11
2514,16,388,35,1662,46,1747,11
2514,16,388,35,1662,46,1773,11
2514,16,388,35,1662,46,1799,11
2514,16,388,35,1662,46,1818,11
2514,16,388,35,1662,46,1873,11
2514,16,388,35,1662,46,1940,11
2514,16,388,35,1662,46,1956,11
2514,16,388,35,1662,46,1997,11
2514,16,388,35,1662,46,2068,11
2514,16,388,35,1662,46,2079,11
2514,16,388,35,1662,46,2123,11
2514,16,388,35,1662,46,2196,11
2514,16,388,35,1662,46,2206,11
2514,16,388,35,1662,46,2216,11
2514,16,388,35,1662,46,2244,11
2514,16,388,35,1662,46,2259,11
2514,16,388,35,1662,46,2261,11
2514,16,388,35,1662,46,2289,11
2514,16,388,35,1662,46,2359,11
2514,16,388,35,1662,46,2370,11
2514,16,388,35,1662,46,2405,11
2514,16,388,35,1747,38,45,11
2514,16,388,35,1747,38,159,11
2514,16,388,35,1747,38,272,11
2514,16,388,35,1747,38,338,11
2514,16,388,35,1747,38,390,11
2514,16,388,35,1747,38,457,11
2514,16,388,35,1747,38,463,11
2514,16,388,35,1747,38,620,11
2514,16,388,35,1747,38,700,11
2514,16,388,35,1747,38,742,11
2514,16,388,35,1747,38,758,11
2514,16,388,35,1747,38,879,11
2514,16,388,35,1747,38,927,11
2514,16,388,35,1747,38,979,11
2514,16,388,35,1747,38,1003,11
2514,16,388,35,1747,38,1044,11
2514,16,388,35,1747,38,1068,11
2514,16,388,35,1747,38,1153,11
2514,16,388,35,1747,38,1186,11
2514,16,388,35,1747,38,1194,11
2514,16,388,35,1747,38,1259,11
2514,16,388,35,1747,38,1260,11
2514,16,388,35,1747,38,1312,11
2514,16,388,35,1747,38,1388,11
2514,16,388,35,1747,38,1391,11
2514,16,388,35,1747,38,1422,11
2514,16,388,35,1747,38,1556,11
2514,16,388,35,1747,38,1568,11
2514,16,388,35,1747,38,1599,11
2514,16,388,35,1747,38,1747,11
2514,16,388,35,1747,38,1773,11
2514,16,388,35,1747,38,1799,11
2514,16,388,35,1747,38,1818,11
2514,16,388,35,1747,38,1873,11
2514,16,388,35,1747,38,1940,11
2514,16,388,35,1747,38,1956,11
2514,16,388,35,1747,38,1997,11
2514,16,388,35,1747,38,2068,11
2514,16,388,35,1747,38,2079,11
2514,16,388,35,1747,38,2123,11
2514,16,388,35,1747,38,2196,11
2514,16,388,35,1747,38,2206,11
2514,16,388,35,1747,38,2216,11
2514,16,388,35,1747,38,2244,11
2514,16,388,35,1747,38,2259,11
2514,16,388,35,1747,38,2261,11
2514,16,388,35,1747,38,2289,11
2514,16,388,35,1747,38,2359,11
2514,16,388,35,1747,38,2370,11
2514,16,388,35,1747,38,2405,11
