2514,16,1475,16,162,11,45,11
2514,16,1475,16,162,11,159,11
2514,16,1475,16,162,11,272,11
2514,16,1475,16,162,11,338,11
2514,16,1475,16,162,11,390,11
2514,16,1475,16,162,11,457,11
2514,16,1475,16,162,11,463,11
2514,16,1475,16,162,11,620,11
2514,16,1475,16,162,11,700,11
2514,16,1475,16,162,11,742,11
2514,16,1475,16,162,11,758,11
2514,16,1475,16,162,11,879,11
2514,16,1475,16,162,11,927,11
2514,16,1475,16,162,11,979,11
2514,16,1475,16,162,11,1003,11
2514,16,1475,16,162,11,1044,11
2514,16,1475,16,162,11,1068,11
2514,16,1475,16,162,11,1153,11
2514,16,1475,16,162,11,1186,11
2514,16,1475,16,162,11,1194,11
2514,16,1475,16,162,11,1259,11
2514,16,1475,16,162,11,1260,11
2514,16,1475,16,162,11,1312,11
2514,16,1475,16,162,11,1388,11
2514,16,1475,16,162,11,1391,11
2514,16,1475,16,162,11,1422,11
2514,16,1475,16,162,11,1556,11
2514,16,1475,16,162,11,1568,11
2514,16,1475,16,162,11,1599,11
2514,16,1475,16,162,11,1747,11
2514,16,1475,16,162,11,1773,11
2514,16,1475,16,162,11,1799,11
2514,16,1475,16,162,11,1818,11
2514,16,1475,16,162,11,1873,11
2514,16,1475,16,162,11,1940,11
2514,16,1475,16,162,11,1956,11
2514,16,1475,16,162,11,1997,11
2514,16,1475,16,162,11,2068,11
2514,16,1475,16,162,11,2079,11
2514,16,1475,16,162,11,2123,11
2514,16,1475,16,162,11,2196,11
2514,16,1475,16,162,11,2206,11
2514,16,1475,16,162,11,2216,11
2514,16,1475,16,162,11,2244,11
2514,16,1475,16,162,11,2259,11
2514,16,1475,16,162,11,2261,11
2514,16,1475,16,162,11,2289,11
2514,16,1475,16,162,11,2359,11
2514,16,1475,16,162,11,2370,11
2514,16,1475,16,162,11,2405,11
2514,16,1475,16,199,35,45,11
2514,16,1475,16,199,35,159,11
2514,16,1475,16,199,35,272,11
2514,16,1475,16,199,35,338,11
2514,16,1475,16,199,35,390,11
2514,16,1475,16,199,35,457,11
2514,16,1475,16,199,35,463,11
2514,16,1475,16,199,35,620,11
2514,16,1475,16,199,35,700,11
2514,16,1475,16,199,35,742,11
2514,16,1475,16,199,35,758,11
2514,16,1475,16,199,35,879,11
2514,16,1475,16,199,35,927,11
2514,16,1475,16,199,35,979,11
2514,16,1475,16,199,35,1003,11
2514,16,1475,16,199,35,1044,11
2514,16,1475,16,199,35,1068,11
2514,16,1475,16,199,35,1153,11
2514,16,1475,16,199,35,1186,11
2514,16,1475,16,199,35,1194,11
2514,16,1475,16,199,35,1259,11
2514,16,1475,16,199,35,1260,11
2514,16,1475,16,199,35,1312,11
2514,16,1475,16,199,35,1388,11
2514,16,1475,16,199,35,1391,11
2514,16,1475,16,199,35,1422,11
2514,16,1475,16,199,35,1556,11
2514,16,1475,16,199,35,1568,11
2514,16,1475,16,199,35,1599,11
2514,16,1475,16,199,35,1747,11
2514,16,1475,16,199,35,1773,11
2514,16,1475,16,199,35,1799,11
2514,16,1475,16,199,35,1818,11
2514,16,1475,16,199,35,1873,11
2514,16,1475,16,199,35,1940,11
2514,16,1475,16,199,35,1956,11
2514,16,1475,16,199,35,1997,11
2514,16,1475,16,199,35,2068,11
2514,16,1475,16,199,35,2079,11
2514,16,1475,16,199,35,2123,11
2514,16,1475,16,199,35,2196,11
2514,16,1475,16,199,35,2206,11
2514,16,1475,16,199,35,2216,11
2514,16,1475,16,199,35,2244,11
2514,16,1475,16,199,35,2259,11
2514,16,1475,16,199,35,2261,11
2514,16,1475,16,199,35,2289,11
2514,16,1475,16,199,35,2359,11
2514,16,1475,16,199,35,2370,11
2514,16,1475,16,199,35,2405,11
2514,16,1475,16,269,47,159,11
2514,16,1475,16,269,47,272,11
2514,16,1475,16,269,47,338,11
2514,16,1475,16,269,47,457,11
2514,16,1475,16,269,47,463,11
2514,16,1475,16,269,47,700,11
2514,16,1475,16,269,47,742,11
2514,16,1475,16,269,47,758,11
2514,16,1475,16,269,47,879,11
2514,16,1475,16,269,47,927,11
2514,16,1475,16,269,47,1003,11
2514,16,1475,16,269,47,1044,11
2514,16,1475,16,269,47,1068,11
2514,16,1475,16,269,47,1153,11
2514,16,1475,16,269,47,1186,11
2514,16,1475,16,269,47,1194,11
2514,16,1475,16,269,47,1259,11
2514,16,1475,16,269,47,1260,11
2514,16,1475,16,269,47,1312,11
2514,16,1475,16,269,47,1388,11
2514,16,1475,16,269,47,1391,11
2514,16,1475,16,269,47,1422,11
2514,16,1475,16,269,47,1556,11
2514,16,1475,16,269,47,1568,11
2514,16,1475,16,269,47,1599,11
2514,16,1475,16,269,47,1747,11
2514,16,1475,16,269,47,1773,11
2514,16,1475,16,269,47,1818,11
2514,16,1475,16,269,47,1873,11
2514,16,1475,16,269,47,1940,11
2514,16,1475,16,269,47,1997,11
2514,16,1475,16,269,47,2068,11
2514,16,1475,16,269,47,2079,11
2514,16,1475,16,269,47,2123,11
2514,16,1475,16,269,47,2196,11
2514,16,1475,16,269,47,2216,11
2514,16,1475,16,269,47,2259,11
2514,16,1475,16,269,47,2289,11
2514,16,1475,16,269,47,2370,11
2514,16,1475,16,269,47,2405,11
2514,16,1475,16,428,37,45,11
2514,16,1475,16,428,37,159,11
2514,16,1475,16,428,37,272,11
2514,16,1475,16,428,37,338,11
2514,16,1475,16,428,37,390,11
2514,16,1475,16,428,37,457,11
2514,16,1475,16,428,37,463,11
2514,16,1475,16,428,37,620,11
2514,16,1475,16,428,37,700,11
2514,16,1475,16,428,37,742,11
2514,16,1475,16,428,37,758,11
2514,16,1475,16,428,37,879,11
2514,16,1475,16,428,37,927,11
2514,16,1475,16,428,37,979,11
2514,16,1475,16,428,37,1003,11
2514,16,1475,16,428,37,1044,11
2514,16,1475,16,428,37,1068,11
2514,16,1475,16,428,37,1153,11
2514,16,1475,16,428,37,1186,11
2514,16,1475,16,428,37,1194,11
2514,16,1475,16,428,37,1259,11
2514,16,1475,16,428,37,1260,11
2514,16,1475,16,428,37,1312,11
2514,16,1475,16,428,37,1388,11
2514,16,1475,16,428,37,1391,11
2514,16,1475,16,428,37,1422,11
2514,16,1475,16,428,37,1556,11
2514,16,1475,16,428,37,1568,11
2514,16,1475,16,428,37,1599,11
2514,16,1475,16,428,37,1747,11
2514,16,1475,16,428,37,1773,11
2514,16,1475,16,428,37,1799,11
2514,16,1475,16,428,37,1818,11
2514,16,1475,16,428,37,1873,11
2514,16,1475,16,428,37,1940,11
2514,16,1475,16,428,37,1956,11
2514,16,1475,16,428,37,1997,11
2514,16,1475,16,428,37,2068,11
2514,16,1475,16,428,37,2079,11
2514,16,1475,16,428,37,2123,11
2514,16,1475,16,428,37,2196,11
2514,16,1475,16,428,37,2206,11
2514,16,1475,16,428,37,2216,11
2514,16,1475,16,428,37,2244,11
2514,16,1475,16,428,37,2259,11
2514,16,1475,16,428,37,2261,11
2514,16,1475,16,428,37,2289,11
2514,16,1475,16,428,37,2359,11
2514,16,1475,16,428,37,2370,11
2514,16,1475,16,428,37,2405,11
2514,16,1475,16,490,14,45,11
2514,16,1475,16,490,14,159,11
2514,16,1475,16,490,14,272,11
2514,16,1475,16,490,14,338,11
2514,16,1475,16,490,14,390,11
2514,16,1475,16,490,14,457,11
2514,16,1475,16,490,14,463,11
2514,16,1475,16,490,14,620,11
2514,16,1475,16,490,14,700,11
2514,16,1475,16,490,14,742,11
2514,16,1475,16,490,14,758,11
2514,16,1475,16,490,14,879,11
2514,16,1475,16,490,14,927,11
2514,16,1475,16,490,14,979,11
2514,16,1475,16,490,14,1003,11
2514,16,1475,16,490,14,1044,11
2514,16,1475,16,490,14,1068,11
2514,16,1475,16,490,14,1153,11
2514,16,1475,16,490,14,1186,11
2514,16,1475,16,490,14,1194,11
2514,16,1475,16,490,14,1259,11
2514,16,1475,16,490,14,1260,11
2514,16,1475,16,490,14,1312,11
2514,16,1475,16,490,14,1388,11
2514,16,1475,16,490,14,1391,11
2514,16,1475,16,490,14,1422,11
2514,16,1475,16,490,14,1556,11
2514,16,1475,16,490,14,1568,11
2514,16,1475,16,490,14,1599,11
2514,16,1475,16,490,14,1747,11
2514,16,1475,16,490,14,1773,11
2514,16,1475,16,490,14,1799,11
2514,16,1475,16,490,14,1818,11
2514,16,1475,16,490,14,1873,11
2514,16,1475,16,490,14,1940,11
2514,16,1475,16,490,14,1956,11
2514,16,1475,16,490,14,1997,11
2514,16,1475,16,490,14,2068,11
2514,16,1475,16,490,14,2079,11
2514,16,1475,16,490,14,2123,11
2514,16,1475,16,490,14,2196,11
2514,16,1475,16,490,14,2206,11
2514,16,1475,16,490,14,2216,11
2514,16,1475,16,490,14,2244,11
2514,16,1475,16,490,14,2259,11
2514,16,1475,16,490,14,2261,11
2514,16,1475,16,490,14,2289,11
2514,16,1475,16,490,14,2359,11
2514,16,1475,16,490,14,2370,11
2514,16,1475,16,490,14,2405,11
2514,16,1475,16,798,22,45,11
2514,16,1475,16,798,22,159,11
2514,16,1475,16,798,22,272,11
2514,16,1475,16,798,22,338,11
2514,16,1475,16,798,22,390,11
2514,16,1475,16,798,22,457,11
2514,16,1475,16,798,22,463,11
2514,16,1475,16,798,22,620,11
2514,16,1475,16,798,22,700,11
2514,16,1475,16,798,22,742,11
2514,16,1475,16,798,22,758,11
2514,16,1475,16,798,22,879,11
2514,16,1475,16,798,22,927,11
2514,16,1475,16,798,22,979,11
2514,16,1475,16,798,22,1003,11
2514,16,1475,16,798,22,1044,11
2514,16,1475,16,798,22,1068,11
2514,16,1475,16,798,22,1153,11
2514,16,1475,16,798,22,1186,11
2514,16,1475,16,798,22,1194,11
2514,16,1475,16,798,22,1259,11
2514,16,1475,16,798,22,1260,11
2514,16,1475,16,798,22,1312,11
2514,16,1475,16,798,22,1388,11
2514,16,1475,16,798,22,1391,11
2514,16,1475,16,798,22,1422,11
2514,16,1475,16,798,22,1556,11
2514,16,1475,16,798,22,1568,11
2514,16,1475,16,798,22,1599,11
2514,16,1475,16,798,22,1747,11
2514,16,1475,16,798,22,1773,11
2514,16,1475,16,798,22,1799,11
2514,16,1475,16,798,22,1818,11
2514,16,1475,16,798,22,1873,11
2514,16,1475,16,798,22,1940,11
2514,16,1475,16,798,22,1956,11
2514,16,1475,16,798,22,1997,11
2514,16,1475,16,798,22,2068,11
2514,16,1475,16,798,22,2079,11
2514,16,1475,16,798,22,2123,11
2514,16,1475,16,798,22,2196,11
2514,16,1475,16,798,22,2206,11
2514,16,1475,16,798,22,2216,11
2514,16,1475,16,798,22,2244,11
2514,16,1475,16,798,22,2259,11
2514,16,1475,16,798,22,2261,11
2514,16,1475,16,798,22,2289,11
2514,16,1475,16,798,22,2359,11
2514,16,1475,16,798,22,2370,11
2514,16,1475,16,798,22,2405,11
2514,16,1475,16,858,22,45,11
2514,16,1475,16,858,22,159,11
2514,16,1475,16,858,22,272,11
2514,16,1475,16,858,22,338,11
2514,16,1475,16,858,22,390,11
2514,16,1475,16,858,22,457,11
2514,16,1475,16,858,22,463,11
2514,16,1475,16,858,22,620,11
2514,16,1475,16,858,22,700,11
2514,16,1475,16,858,22,742,11
2514,16,1475,16,858,22,758,11
2514,16,1475,16,858,22,879,11
2514,16,1475,16,858,22,927,11
2514,16,1475,16,858,22,979,11
2514,16,1475,16,858,22,1003,11
2514,16,1475,16,858,22,1044,11
2514,16,1475,16,858,22,1068,11
2514,16,1475,16,858,22,1153,11
2514,16,1475,16,858,22,1186,11
2514,16,1475,16,858,22,1194,11
2514,16,1475,16,858,22,1259,11
2514,16,1475,16,858,22,1260,11
2514,16,1475,16,858,22,1312,11
2514,16,1475,16,858,22,1388,11
2514,16,1475,16,858,22,1391,11
2514,16,1475,16,858,22,1422,11
2514,16,1475,16,858,22,1556,11
2514,16,1475,16,858,22,1568,11
2514,16,1475,16,858,22,1599,11
2514,16,1475,16,858,22,1747,11
2514,16,1475,16,858,22,1773,11
2514,16,1475,16,858,22,1799,11
2514,16,1475,16,858,22,1818,11
2514,16,1475,16,858,22,1873,11
2514,16,1475,16,858,22,1940,11
2514,16,1475,16,858,22,1956,11
2514,16,1475,16,858,22,1997,11
2514,16,1475,16,858,22,2068,11
2514,16,1475,16,858,22,2079,11
2514,16,1475,16,858,22,2123,11
2514,16,1475,16,858,22,2196,11
2514,16,1475,16,858,22,2206,11
2514,16,1475,16,858,22,2216,11
2514,16,1475,16,858,22,2244,11
2514,16,1475,16,858,22,2259,11
2514,16,1475,16,858,22,2261,11
2514,16,1475,16,858,22,2289,11
2514,16,1475,16,858,22,2359,11
2514,16,1475,16,858,22,2370,11
2514,16,1475,16,858,22,2405,11
2514,16,1475,16,1300,38,45,11
2514,16,1475,16,1300,38,159,11
2514,16,1475,16,1300,38,272,11
2514,16,1475,16,1300,38,338,11
2514,16,1475,16,1300,38,390,11
2514,16,1475,16,1300,38,457,11
2514,16,1475,16,1300,38,463,11
2514,16,1475,16,1300,38,620,11
2514,16,1475,16,1300,38,700,11
2514,16,1475,16,1300,38,742,11
2514,16,1475,16,1300,38,758,11
2514,16,1475,16,1300,38,879,11
2514,16,1475,16,1300,38,927,11
2514,16,1475,16,1300,38,979,11
2514,16,1475,16,1300,38,1003,11
2514,16,1475,16,1300,38,1044,11
2514,16,1475,16,1300,38,1068,11
2514,16,1475,16,1300,38,1153,11
2514,16,1475,16,1300,38,1186,11
2514,16,1475,16,1300,38,1194,11
2514,16,1475,16,1300,38,1259,11
2514,16,1475,16,1300,38,1260,11
2514,16,1475,16,1300,38,1312,11
2514,16,1475,16,1300,38,1388,11
2514,16,1475,16,1300,38,1391,11
2514,16,1475,16,1300,38,1422,11
2514,16,1475,16,1300,38,1556,11
2514,16,1475,16,1300,38,1568,11
2514,16,1475,16,1300,38,1599,11
2514,16,1475,16,1300,38,1747,11
2514,16,1475,16,1300,38,1773,11
2514,16,1475,16,1300,38,1799,11
2514,16,1475,16,1300,38,1818,11
2514,16,1475,16,1300,38,1873,11
2514,16,1475,16,1300,38,1940,11
2514,16,1475,16,1300,38,1956,11
2514,16,1475,16,1300,38,1997,11
2514,16,1475,16,1300,38,2068,11
2514,16,1475,16,1300,38,2079,11
2514,16,1475,16,1300,38,2123,11
2514,16,1475,16,1300,38,2196,11
2514,16,1475,16,1300,38,2206,11
2514,16,1475,16,1300,38,2216,11
2514,16,1475,16,1300,38,2244,11
2514,16,1475,16,1300,38,2259,11
2514,16,1475,16,1300,38,2261,11
2514,16,1475,16,1300,38,2289,11
2514,16,1475,16,1300,38,2359,11
2514,16,1475,16,1300,38,2370,11
2514,16,1475,16,1300,38,2405,11
2514,16,1475,16,1325,25,45,11
2514,16,1475,16,1325,25,159,11
2514,16,1475,16,1325,25,272,11
2514,16,1475,16,1325,25,338,11
2514,16,1475,16,1325,25,390,11
2514,16,1475,16,1325,25,457,11
2514,16,1475,16,1325,25,463,11
2514,16,1475,16,1325,25,620,11
2514,16,1475,16,1325,25,700,11
2514,16,1475,16,1325,25,742,11
2514,16,1475,16,1325,25,758,11
2514,16,1475,16,1325,25,879,11
2514,16,1475,16,1325,25,927,11
2514,16,1475,16,1325,25,979,11
2514,16,1475,16,1325,25,1003,11
2514,16,1475,16,1325,25,1044,11
2514,16,1475,16,1325,25,1068,11
2514,16,1475,16,1325,25,1153,11
2514,16,1475,16,1325,25,1186,11
2514,16,1475,16,1325,25,1194,11
2514,16,1475,16,1325,25,1259,11
2514,16,1475,16,1325,25,1260,11
2514,16,1475,16,1325,25,1312,11
2514,16,1475,16,1325,25,1388,11
2514,16,1475,16,1325,25,1391,11
2514,16,1475,16,1325,25,1422,11
2514,16,1475,16,1325,25,1556,11
2514,16,1475,16,1325,25,1568,11
2514,16,1475,16,1325,25,1599,11
2514,16,1475,16,1325,25,1747,11
2514,16,1475,16,1325,25,1773,11
2514,16,1475,16,1325,25,1799,11
2514,16,1475,16,1325,25,1818,11
2514,16,1475,16,1325,25,1873,11
2514,16,1475,16,1325,25,1940,11
2514,16,1475,16,1325,25,1956,11
2514,16,1475,16,1325,25,1997,11
2514,16,1475,16,1325,25,2068,11
2514,16,1475,16,1325,25,2079,11
2514,16,1475,16,1325,25,2123,11
2514,16,1475,16,1325,25,2196,11
2514,16,1475,16,1325,25,2206,11
2514,16,1475,16,1325,25,2216,11
2514,16,1475,16,1325,25,2244,11
2514,16,1475,16,1325,25,2259,11
2514,16,1475,16,1325,25,2261,11
2514,16,1475,16,1325,25,2289,11
2514,16,1475,16,1325,25,2359,11
2514,16,1475,16,1325,25,2370,11
2514,16,1475,16,1325,25,2405,11
2514,16,1475,16,1343,28,45,11
2514,16,1475,16,1343,28,159,11
2514,16,1475,16,1343,28,272,11
2514,16,1475,16,1343,28,338,11
2514,16,1475,16,1343,28,390,11
2514,16,1475,16,1343,28,457,11
2514,16,1475,16,1343,28,463,11
2514,16,1475,16,1343,28,620,11
2514,16,1475,16,1343,28,700,11
2514,16,1475,16,1343,28,742,11
2514,16,1475,16,1343,28,758,11
2514,16,1475,16,1343,28,879,11
2514,16,1475,16,1343,28,927,11
2514,16,1475,16,1343,28,979,11
2514,16,1475,16,1343,28,1003,11
2514,16,1475,16,1343,28,1044,11
2514,16,1475,16,1343,28,1068,11
2514,16,1475,16,1343,28,1153,11
2514,16,1475,16,1343,28,1186,11
2514,16,1475,16,1343,28,1194,11
2514,16,1475,16,1343,28,1259,11
2514,16,1475,16,1343,28,1260,11
2514,16,1475,16,1343,28,1312,11
2514,16,1475,16,1343,28,1388,11
2514,16,1475,16,1343,28,1391,11
2514,16,1475,16,1343,28,1422,11
2514,16,1475,16,1343,28,1556,11
2514,16,1475,16,1343,28,1568,11
2514,16,1475,16,1343,28,1599,11
2514,16,1475,16,1343,28,1747,11
2514,16,1475,16,1343,28,1773,11
2514,16,1475,16,1343,28,1799,11
2514,16,1475,16,1343,28,1818,11
2514,16,1475,16,1343,28,1873,11
2514,16,1475,16,1343,28,1940,11
2514,16,1475,16,1343,28,1956,11
2514,16,1475,16,1343,28,1997,11
2514,16,1475,16,1343,28,2068,11
2514,16,1475,16,1343,28,2079,11
2514,16,1475,16,1343,28,2123,11
2514,16,1475,16,1343,28,2196,11
2514,16,1475,16,1343,28,2206,11
2514,16,1475,16,1343,28,2216,11
2514,16,1475,16,1343,28,2244,11
2514,16,1475,16,1343,28,2259,11
2514,16,1475,16,1343,28,2261,11
2514,16,1475,16,1343,28,2289,11
2514,16,1475,16,1343,28,2359,11
2514,16,1475,16,1343,28,2370,11
2514,16,1475,16,1343,28,2405,11
2514,16,1475,16,1481,41,45,11
2514,16,1475,16,1481,41,159,11
2514,16,1475,16,1481,41,272,11
2514,16,1475,16,1481,41,338,11
2514,16,1475,16,1481,41,390,11
2514,16,1475,16,1481,41,457,11
2514,16,1475,16,1481,41,463,11
2514,16,1475,16,1481,41,620,11
2514,16,1475,16,1481,41,700,11
2514,16,1475,16,1481,41,742,11
2514,16,1475,16,1481,41,758,11
2514,16,1475,16,1481,41,879,11
2514,16,1475,16,1481,41,927,11
2514,16,1475,16,1481,41,979,11
2514,16,1475,16,1481,41,1003,11
2514,16,1475,16,1481,41,1044,11
2514,16,1475,16,1481,41,1068,11
2514,16,1475,16,1481,41,1153,11
2514,16,1475,16,1481,41,1186,11
2514,16,1475,16,1481,41,1194,11
2514,16,1475,16,1481,41,1259,11
2514,16,1475,16,1481,41,1260,11
2514,16,1475,16,1481,41,1312,11
2514,16,1475,16,1481,41,1388,11
2514,16,1475,16,1481,41,1391,11
2514,16,1475,16,1481,41,1422,11
2514,16,1475,16,1481,41,1556,11
2514,16,1475,16,1481,41,1568,11
2514,16,1475,16,1481,41,1599,11
2514,16,1475,16,1481,41,1747,11
2514,16,1475,16,1481,41,1773,11
2514,16,1475,16,1481,41,1799,11
2514,16,1475,16,1481,41,1818,11
2514,16,1475,16,1481,41,1873,11
2514,16,1475,16,1481,41,1940,11
2514,16,1475,16,1481,41,1956,11
2514,16,1475,16,1481,41,1997,11
2514,16,1475,16,1481,41,2068,11
2514,16,1475,16,1481,41,2079,11
2514,16,1475,16,1481,41,2123,11
2514,16,1475,16,1481,41,2196,11
2514,16,1475,16,1481,41,2206,11
2514,16,1475,16,1481,41,2216,11
2514,16,1475,16,1481,41,2244,11
2514,16,1475,16,1481,41,2259,11
2514,16,1475,16,1481,41,2261,11
2514,16,1475,16,1481,41,2289,11
2514,16,1475,16,1481,41,2359,11
2514,16,1475,16,1481,41,2370,11
2514,16,1475,16,1481,41,2405,11
2514,16,1475,16,1487,44,45,11
2514,16,1475,16,1487,44,159,11
2514,16,1475,16,1487,44,272,11
2514,16,1475,16,1487,44,338,11
2514,16,1475,16,1487,44,390,11
2514,16,1475,16,1487,44,457,11
2514,16,1475,16,1487,44,463,11
2514,16,1475,16,1487,44,620,11
2514,16,1475,16,1487,44,700,11
2514,16,1475,16,1487,44,742,11
2514,16,1475,16,1487,44,758,11
2514,16,1475,16,1487,44,879,11
2514,16,1475,16,1487,44,927,11
2514,16,1475,16,1487,44,979,11
2514,16,1475,16,1487,44,1003,11
2514,16,1475,16,1487,44,1044,11
2514,16,1475,16,1487,44,1068,11
2514,16,1475,16,1487,44,1153,11
2514,16,1475,16,1487,44,1186,11
2514,16,1475,16,1487,44,1194,11
2514,16,1475,16,1487,44,1259,11
2514,16,1475,16,1487,44,1260,11
2514,16,1475,16,1487,44,1312,11
2514,16,1475,16,1487,44,1388,11
2514,16,1475,16,1487,44,1391,11
2514,16,1475,16,1487,44,1422,11
2514,16,1475,16,1487,44,1556,11
2514,16,1475,16,1487,44,1568,11
2514,16,1475,16,1487,44,1599,11
2514,16,1475,16,1487,44,1747,11
2514,16,1475,16,1487,44,1773,11
2514,16,1475,16,1487,44,1799,11
2514,16,1475,16,1487,44,1818,11
2514,16,1475,16,1487,44,1873,11
2514,16,1475,16,1487,44,1940,11
2514,16,1475,16,1487,44,1956,11
2514,16,1475,16,1487,44,1997,11
2514,16,1475,16,1487,44,2068,11
2514,16,1475,16,1487,44,2079,11
2514,16,1475,16,1487,44,2123,11
2514,16,1475,16,1487,44,2196,11
2514,16,1475,16,1487,44,2206,11
2514,16,1475,16,1487,44,2216,11
2514,16,1475,16,1487,44,2244,11
2514,16,1475,16,1487,44,2259,11
2514,16,1475,16,1487,44,2261,11
2514,16,1475,16,1487,44,2289,11
2514,16,1475,16,1487,44,2359,11
2514,16,1475,16,1487,44,2370,11
2514,16,1475,16,1487,44,2405,11
2514,16,1475,16,1771,16,45,11
2514,16,1475,16,1771,16,159,11
2514,16,1475,16,1771,16,272,11
2514,16,1475,16,1771,16,338,11
2514,16,1475,16,1771,16,390,11
2514,16,1475,16,1771,16,457,11
2514,16,1475,16,1771,16,463,11
2514,16,1475,16,1771,16,620,11
2514,16,1475,16,1771,16,700,11
2514,16,1475,16,1771,16,742,11
2514,16,1475,16,1771,16,758,11
2514,16,1475,16,1771,16,879,11
2514,16,1475,16,1771,16,927,11
2514,16,1475,16,1771,16,979,11
2514,16,1475,16,1771,16,1003,11
2514,16,1475,16,1771,16,1044,11
2514,16,1475,16,1771,16,1068,11
2514,16,1475,16,1771,16,1153,11
2514,16,1475,16,1771,16,1186,11
2514,16,1475,16,1771,16,1194,11
2514,16,1475,16,1771,16,1259,11
2514,16,1475,16,1771,16,1260,11
2514,16,1475,16,1771,16,1312,11
2514,16,1475,16,1771,16,1388,11
2514,16,1475,16,1771,16,1391,11
2514,16,1475,16,1771,16,1422,11
2514,16,1475,16,1771,16,1556,11
2514,16,1475,16,1771,16,1568,11
2514,16,1475,16,1771,16,1599,11
2514,16,1475,16,1771,16,1747,11
2514,16,1475,16,1771,16,1773,11
2514,16,1475,16,1771,16,1799,11
2514,16,1475,16,1771,16,1818,11
2514,16,1475,16,1771,16,1873,11
2514,16,1475,16,1771,16,1940,11
2514,16,1475,16,1771,16,1956,11
2514,16,1475,16,1771,16,1997,11
2514,16,1475,16,1771,16,2068,11
2514,16,1475,16,1771,16,2079,11
2514,16,1475,16,1771,16,2123,11
2514,16,1475,16,1771,16,2196,11
2514,16,1475,16,1771,16,2206,11
2514,16,1475,16,1771,16,2216,11
2514,16,1475,16,1771,16,2244,11
2514,16,1475,16,1771,16,2259,11
2514,16,1475,16,1771,16,2261,11
2514,16,1475,16,1771,16,2289,11
2514,16,1475,16,1771,16,2359,11
2514,16,1475,16,1771,16,2370,11
2514,16,1475,16,1771,16,2405,11
