2514,16,163,1,303,32,45,11
2514,16,163,1,303,32,159,11
2514,16,163,1,303,32,272,11
2514,16,163,1,303,32,338,11
2514,16,163,1,303,32,390,11
2514,16,163,1,303,32,457,11
2514,16,163,1,303,32,463,11
2514,16,163,1,303,32,620,11
2514,16,163,1,303,32,700,11
2514,16,163,1,303,32,742,11
2514,16,163,1,303,32,758,11
2514,16,163,1,303,32,879,11
2514,16,163,1,303,32,927,11
2514,16,163,1,303,32,979,11
2514,16,163,1,303,32,1003,11
2514,16,163,1,303,32,1044,11
2514,16,163,1,303,32,1068,11
2514,16,163,1,303,32,1153,11
2514,16,163,1,303,32,1186,11
2514,16,163,1,303,32,1194,11
2514,16,163,1,303,32,1259,11
2514,16,163,1,303,32,1260,11
2514,16,163,1,303,32,1312,11
2514,16,163,1,303,32,1388,11
2514,16,163,1,303,32,1391,11
2514,16,163,1,303,32,1422,11
2514,16,163,1,303,32,1556,11
2514,16,163,1,303,32,1568,11
2514,16,163,1,303,32,1599,11
2514,16,163,1,303,32,1747,11
2514,16,163,1,303,32,1773,11
2514,16,163,1,303,32,1799,11
2514,16,163,1,303,32,1818,11
2514,16,163,1,303,32,1873,11
2514,16,163,1,303,32,1940,11
2514,16,163,1,303,32,1956,11
2514,16,163,1,303,32,1997,11
2514,16,163,1,303,32,2068,11
2514,16,163,1,303,32,2079,11
2514,16,163,1,303,32,2123,11
2514,16,163,1,303,32,2196,11
2514,16,163,1,303,32,2206,11
2514,16,163,1,303,32,2216,11
2514,16,163,1,303,32,2244,11
2514,16,163,1,303,32,2259,11
2514,16,163,1,303,32,2261,11
2514,16,163,1,303,32,2289,11
2514,16,163,1,303,32,2359,11
2514,16,163,1,303,32,2370,11
2514,16,163,1,303,32,2405,11
2514,16,163,1,335,34,45,11
2514,16,163,1,335,34,159,11
2514,16,163,1,335,34,272,11
2514,16,163,1,335,34,338,11
2514,16,163,1,335,34,390,11
2514,16,163,1,335,34,457,11
2514,16,163,1,335,34,463,11
2514,16,163,1,335,34,620,11
2514,16,163,1,335,34,700,11
2514,16,163,1,335,34,742,11
2514,16,163,1,335,34,758,11
2514,16,163,1,335,34,879,11
2514,16,163,1,335,34,927,11
2514,16,163,1,335,34,979,11
2514,16,163,1,335,34,1003,11
2514,16,163,1,335,34,1044,11
2514,16,163,1,335,34,1068,11
2514,16,163,1,335,34,1153,11
2514,16,163,1,335,34,1186,11
2514,16,163,1,335,34,1194,11
2514,16,163,1,335,34,1259,11
2514,16,163,1,335,34,1260,11
2514,16,163,1,335,34,1312,11
2514,16,163,1,335,34,1388,11
2514,16,163,1,335,34,1391,11
2514,16,163,1,335,34,1422,11
2514,16,163,1,335,34,1556,11
2514,16,163,1,335,34,1568,11
2514,16,163,1,335,34,1599,11
2514,16,163,1,335,34,1747,11
2514,16,163,1,335,34,1773,11
2514,16,163,1,335,34,1799,11
2514,16,163,1,335,34,1818,11
2514,16,163,1,335,34,1873,11
2514,16,163,1,335,34,1940,11
2514,16,163,1,335,34,1956,11
2514,16,163,1,335,34,1997,11
2514,16,163,1,335,34,2068,11
2514,16,163,1,335,34,2079,11
2514,16,163,1,335,34,2123,11
2514,16,163,1,335,34,2196,11
2514,16,163,1,335,34,2206,11
2514,16,163,1,335,34,2216,11
2514,16,163,1,335,34,2244,11
2514,16,163,1,335,34,2259,11
2514,16,163,1,335,34,2261,11
2514,16,163,1,335,34,2289,11
2514,16,163,1,335,34,2359,11
2514,16,163,1,335,34,2370,11
2514,16,163,1,335,34,2405,11
2514,16,163,1,427,17,45,11
2514,16,163,1,427,17,390,11
2514,16,163,1,427,17,620,11
2514,16,163,1,427,17,979,11
2514,16,163,1,427,17,1799,11
2514,16,163,1,427,17,1956,11
2514,16,163,1,427,17,2206,11
2514,16,163,1,427,17,2244,11
2514,16,163,1,427,17,2261,11
2514,16,163,1,427,17,2359,11
2514,16,163,1,511,37,45,11
2514,16,163,1,511,37,159,11
2514,16,163,1,511,37,272,11
2514,16,163,1,511,37,338,11
2514,16,163,1,511,37,390,11
2514,16,163,1,511,37,457,11
2514,16,163,1,511,37,463,11
2514,16,163,1,511,37,620,11
2514,16,163,1,511,37,700,11
2514,16,163,1,511,37,742,11
2514,16,163,1,511,37,758,11
2514,16,163,1,511,37,879,11
2514,16,163,1,511,37,927,11
2514,16,163,1,511,37,979,11
2514,16,163,1,511,37,1003,11
2514,16,163,1,511,37,1044,11
2514,16,163,1,511,37,1068,11
2514,16,163,1,511,37,1153,11
2514,16,163,1,511,37,1186,11
2514,16,163,1,511,37,1194,11
2514,16,163,1,511,37,1259,11
2514,16,163,1,511,37,1260,11
2514,16,163,1,511,37,1312,11
2514,16,163,1,511,37,1388,11
2514,16,163,1,511,37,1391,11
2514,16,163,1,511,37,1422,11
2514,16,163,1,511,37,1556,11
2514,16,163,1,511,37,1568,11
2514,16,163,1,511,37,1599,11
2514,16,163,1,511,37,1747,11
2514,16,163,1,511,37,1773,11
2514,16,163,1,511,37,1799,11
2514,16,163,1,511,37,1818,11
2514,16,163,1,511,37,1873,11
2514,16,163,1,511,37,1940,11
2514,16,163,1,511,37,1956,11
2514,16,163,1,511,37,1997,11
2514,16,163,1,511,37,2068,11
2514,16,163,1,511,37,2079,11
2514,16,163,1,511,37,2123,11
2514,16,163,1,511,37,2196,11
2514,16,163,1,511,37,2206,11
2514,16,163,1,511,37,2216,11
2514,16,163,1,511,37,2244,11
2514,16,163,1,511,37,2259,11
2514,16,163,1,511,37,2261,11
2514,16,163,1,511,37,2289,11
2514,16,163,1,511,37,2359,11
2514,16,163,1,511,37,2370,11
2514,16,163,1,511,37,2405,11
2514,16,163,1,698,16,45,11
2514,16,163,1,698,16,159,11
2514,16,163,1,698,16,272,11
2514,16,163,1,698,16,338,11
2514,16,163,1,698,16,390,11
2514,16,163,1,698,16,457,11
2514,16,163,1,698,16,463,11
2514,16,163,1,698,16,620,11
2514,16,163,1,698,16,700,11
2514,16,163,1,698,16,742,11
2514,16,163,1,698,16,758,11
2514,16,163,1,698,16,879,11
2514,16,163,1,698,16,927,11
2514,16,163,1,698,16,979,11
2514,16,163,1,698,16,1003,11
2514,16,163,1,698,16,1044,11
2514,16,163,1,698,16,1068,11
2514,16,163,1,698,16,1153,11
2514,16,163,1,698,16,1186,11
2514,16,163,1,698,16,1194,11
2514,16,163,1,698,16,1259,11
2514,16,163,1,698,16,1260,11
2514,16,163,1,698,16,1312,11
2514,16,163,1,698,16,1388,11
2514,16,163,1,698,16,1391,11
2514,16,163,1,698,16,1422,11
2514,16,163,1,698,16,1556,11
2514,16,163,1,698,16,1568,11
2514,16,163,1,698,16,1599,11
2514,16,163,1,698,16,1747,11
2514,16,163,1,698,16,1773,11
2514,16,163,1,698,16,1799,11
2514,16,163,1,698,16,1818,11
2514,16,163,1,698,16,1873,11
2514,16,163,1,698,16,1940,11
2514,16,163,1,698,16,1956,11
2514,16,163,1,698,16,1997,11
2514,16,163,1,698,16,2068,11
2514,16,163,1,698,16,2079,11
2514,16,163,1,698,16,2123,11
2514,16,163,1,698,16,2196,11
2514,16,163,1,698,16,2206,11
2514,16,163,1,698,16,2216,11
2514,16,163,1,698,16,2244,11
2514,16,163,1,698,16,2259,11
2514,16,163,1,698,16,2261,11
2514,16,163,1,698,16,2289,11
2514,16,163,1,698,16,2359,11
2514,16,163,1,698,16,2370,11
2514,16,163,1,698,16,2405,11
2514,16,163,1,911,35,45,11
2514,16,163,1,911,35,159,11
2514,16,163,1,911,35,272,11
2514,16,163,1,911,35,338,11
2514,16,163,1,911,35,390,11
2514,16,163,1,911,35,457,11
2514,16,163,1,911,35,463,11
2514,16,163,1,911,35,620,11
2514,16,163,1,911,35,700,11
2514,16,163,1,911,35,742,11
2514,16,163,1,911,35,758,11
2514,16,163,1,911,35,879,11
2514,16,163,1,911,35,927,11
2514,16,163,1,911,35,979,11
2514,16,163,1,911,35,1003,11
2514,16,163,1,911,35,1044,11
2514,16,163,1,911,35,1068,11
2514,16,163,1,911,35,1153,11
2514,16,163,1,911,35,1186,11
2514,16,163,1,911,35,1194,11
2514,16,163,1,911,35,1259,11
2514,16,163,1,911,35,1260,11
2514,16,163,1,911,35,1312,11
2514,16,163,1,911,35,1388,11
2514,16,163,1,911,35,1391,11
2514,16,163,1,911,35,1422,11
2514,16,163,1,911,35,1556,11
2514,16,163,1,911,35,1568,11
2514,16,163,1,911,35,1599,11
2514,16,163,1,911,35,1747,11
2514,16,163,1,911,35,1773,11
2514,16,163,1,911,35,1799,11
2514,16,163,1,911,35,1818,11
2514,16,163,1,911,35,1873,11
2514,16,163,1,911,35,1940,11
2514,16,163,1,911,35,1956,11
2514,16,163,1,911,35,1997,11
2514,16,163,1,911,35,2068,11
2514,16,163,1,911,35,2079,11
2514,16,163,1,911,35,2123,11
2514,16,163,1,911,35,2196,11
2514,16,163,1,911,35,2206,11
2514,16,163,1,911,35,2216,11
2514,16,163,1,911,35,2244,11
2514,16,163,1,911,35,2259,11
2514,16,163,1,911,35,2261,11
2514,16,163,1,911,35,2289,11
2514,16,163,1,911,35,2359,11
2514,16,163,1,911,35,2370,11
2514,16,163,1,911,35,2405,11
2514,16,163,1,938,13,45,11
2514,16,163,1,938,13,159,11
2514,16,163,1,938,13,272,11
2514,16,163,1,938,13,338,11
2514,16,163,1,938,13,390,11
2514,16,163,1,938,13,457,11
2514,16,163,1,938,13,463,11
2514,16,163,1,938,13,620,11
2514,16,163,1,938,13,700,11
2514,16,163,1,938,13,742,11
2514,16,163,1,938,13,758,11
2514,16,163,1,938,13,879,11
2514,16,163,1,938,13,927,11
2514,16,163,1,938,13,979,11
2514,16,163,1,938,13,1003,11
2514,16,163,1,938,13,1044,11
2514,16,163,1,938,13,1068,11
2514,16,163,1,938,13,1153,11
2514,16,163,1,938,13,1186,11
2514,16,163,1,938,13,1194,11
2514,16,163,1,938,13,1259,11
2514,16,163,1,938,13,1260,11
2514,16,163,1,938,13,1312,11
2514,16,163,1,938,13,1388,11
2514,16,163,1,938,13,1391,11
2514,16,163,1,938,13,1422,11
2514,16,163,1,938,13,1556,11
2514,16,163,1,938,13,1568,11
2514,16,163,1,938,13,1599,11
2514,16,163,1,938,13,1747,11
2514,16,163,1,938,13,1773,11
2514,16,163,1,938,13,1799,11
2514,16,163,1,938,13,1818,11
2514,16,163,1,938,13,1873,11
2514,16,163,1,938,13,1940,11
2514,16,163,1,938,13,1956,11
2514,16,163,1,938,13,1997,11
2514,16,163,1,938,13,2068,11
2514,16,163,1,938,13,2079,11
2514,16,163,1,938,13,2123,11
2514,16,163,1,938,13,2196,11
2514,16,163,1,938,13,2206,11
2514,16,163,1,938,13,2216,11
2514,16,163,1,938,13,2244,11
2514,16,163,1,938,13,2259,11
2514,16,163,1,938,13,2261,11
2514,16,163,1,938,13,2289,11
2514,16,163,1,938,13,2359,11
2514,16,163,1,938,13,2370,11
2514,16,163,1,938,13,2405,11
2514,16,163,1,1194,45,45,11
2514,16,163,1,1194,45,159,11
2514,16,163,1,1194,45,272,11
2514,16,163,1,1194,45,338,11
2514,16,163,1,1194,45,390,11
2514,16,163,1,1194,45,457,11
2514,16,163,1,1194,45,463,11
2514,16,163,1,1194,45,620,11
2514,16,163,1,1194,45,700,11
2514,16,163,1,1194,45,742,11
2514,16,163,1,1194,45,758,11
2514,16,163,1,1194,45,879,11
2514,16,163,1,1194,45,927,11
2514,16,163,1,1194,45,979,11
2514,16,163,1,1194,45,1003,11
2514,16,163,1,1194,45,1044,11
2514,16,163,1,1194,45,1068,11
2514,16,163,1,1194,45,1153,11
2514,16,163,1,1194,45,1186,11
2514,16,163,1,1194,45,1194,11
2514,16,163,1,1194,45,1259,11
2514,16,163,1,1194,45,1260,11
2514,16,163,1,1194,45,1312,11
2514,16,163,1,1194,45,1388,11
2514,16,163,1,1194,45,1391,11
2514,16,163,1,1194,45,1422,11
2514,16,163,1,1194,45,1556,11
2514,16,163,1,1194,45,1568,11
2514,16,163,1,1194,45,1599,11
2514,16,163,1,1194,45,1747,11
2514,16,163,1,1194,45,1773,11
2514,16,163,1,1194,45,1799,11
2514,16,163,1,1194,45,1818,11
2514,16,163,1,1194,45,1873,11
2514,16,163,1,1194,45,1940,11
2514,16,163,1,1194,45,1956,11
2514,16,163,1,1194,45,1997,11
2514,16,163,1,1194,45,2068,11
2514,16,163,1,1194,45,2079,11
2514,16,163,1,1194,45,2123,11
2514,16,163,1,1194,45,2196,11
2514,16,163,1,1194,45,2206,11
2514,16,163,1,1194,45,2216,11
2514,16,163,1,1194,45,2244,11
2514,16,163,1,1194,45,2259,11
2514,16,163,1,1194,45,2261,11
2514,16,163,1,1194,45,2289,11
2514,16,163,1,1194,45,2359,11
2514,16,163,1,1194,45,2370,11
2514,16,163,1,1194,45,2405,11
2514,16,163,1,1264,40,45,11
2514,16,163,1,1264,40,159,11
2514,16,163,1,1264,40,272,11
2514,16,163,1,1264,40,338,11
2514,16,163,1,1264,40,390,11
2514,16,163,1,1264,40,457,11
2514,16,163,1,1264,40,463,11
2514,16,163,1,1264,40,620,11
2514,16,163,1,1264,40,700,11
2514,16,163,1,1264,40,742,11
2514,16,163,1,1264,40,758,11
2514,16,163,1,1264,40,879,11
2514,16,163,1,1264,40,927,11
2514,16,163,1,1264,40,979,11
2514,16,163,1,1264,40,1003,11
2514,16,163,1,1264,40,1044,11
2514,16,163,1,1264,40,1068,11
2514,16,163,1,1264,40,1153,11
2514,16,163,1,1264,40,1186,11
2514,16,163,1,1264,40,1194,11
2514,16,163,1,1264,40,1259,11
2514,16,163,1,1264,40,1260,11
2514,16,163,1,1264,40,1312,11
2514,16,163,1,1264,40,1388,11
2514,16,163,1,1264,40,1391,11
2514,16,163,1,1264,40,1422,11
2514,16,163,1,1264,40,1556,11
2514,16,163,1,1264,40,1568,11
2514,16,163,1,1264,40,1599,11
2514,16,163,1,1264,40,1747,11
2514,16,163,1,1264,40,1773,11
2514,16,163,1,1264,40,1799,11
2514,16,163,1,1264,40,1818,11
2514,16,163,1,1264,40,1873,11
2514,16,163,1,1264,40,1940,11
2514,16,163,1,1264,40,1956,11
2514,16,163,1,1264,40,1997,11
2514,16,163,1,1264,40,2068,11
2514,16,163,1,1264,40,2079,11
2514,16,163,1,1264,40,2123,11
2514,16,163,1,1264,40,2196,11
2514,16,163,1,1264,40,2206,11
2514,16,163,1,1264,40,2216,11
2514,16,163,1,1264,40,2244,11
2514,16,163,1,1264,40,2259,11
2514,16,163,1,1264,40,2261,11
2514,16,163,1,1264,40,2289,11
2514,16,163,1,1264,40,2359,11
2514,16,163,1,1264,40,2370,11
2514,16,163,1,1264,40,2405,11
2514,16,163,1,1302,27,45,11
2514,16,163,1,1302,27,159,11
2514,16,163,1,1302,27,272,11
2514,16,163,1,1302,27,338,11
2514,16,163,1,1302,27,390,11
2514,16,163,1,1302,27,457,11
2514,16,163,1,1302,27,463,11
2514,16,163,1,1302,27,620,11
2514,16,163,1,1302,27,700,11
2514,16,163,1,1302,27,742,11
2514,16,163,1,1302,27,758,11
2514,16,163,1,1302,27,879,11
2514,16,163,1,1302,27,927,11
2514,16,163,1,1302,27,979,11
2514,16,163,1,1302,27,1003,11
2514,16,163,1,1302,27,1044,11
2514,16,163,1,1302,27,1068,11
2514,16,163,1,1302,27,1153,11
2514,16,163,1,1302,27,1186,11
2514,16,163,1,1302,27,1194,11
2514,16,163,1,1302,27,1259,11
2514,16,163,1,1302,27,1260,11
2514,16,163,1,1302,27,1312,11
2514,16,163,1,1302,27,1388,11
2514,16,163,1,1302,27,1391,11
2514,16,163,1,1302,27,1422,11
2514,16,163,1,1302,27,1556,11
2514,16,163,1,1302,27,1568,11
2514,16,163,1,1302,27,1599,11
2514,16,163,1,1302,27,1747,11
2514,16,163,1,1302,27,1773,11
2514,16,163,1,1302,27,1799,11
2514,16,163,1,1302,27,1818,11
2514,16,163,1,1302,27,1873,11
2514,16,163,1,1302,27,1940,11
2514,16,163,1,1302,27,1956,11
2514,16,163,1,1302,27,1997,11
2514,16,163,1,1302,27,2068,11
2514,16,163,1,1302,27,2079,11
2514,16,163,1,1302,27,2123,11
2514,16,163,1,1302,27,2196,11
2514,16,163,1,1302,27,2206,11
2514,16,163,1,1302,27,2216,11
2514,16,163,1,1302,27,2244,11
2514,16,163,1,1302,27,2259,11
2514,16,163,1,1302,27,2261,11
2514,16,163,1,1302,27,2289,11
2514,16,163,1,1302,27,2359,11
2514,16,163,1,1302,27,2370,11
2514,16,163,1,1302,27,2405,11
2514,16,163,1,1303,42,45,11
2514,16,163,1,1303,42,159,11
2514,16,163,1,1303,42,272,11
2514,16,163,1,1303,42,338,11
2514,16,163,1,1303,42,390,11
2514,16,163,1,1303,42,457,11
2514,16,163,1,1303,42,463,11
2514,16,163,1,1303,42,620,11
2514,16,163,1,1303,42,700,11
2514,16,163,1,1303,42,742,11
2514,16,163,1,1303,42,758,11
2514,16,163,1,1303,42,879,11
2514,16,163,1,1303,42,927,11
2514,16,163,1,1303,42,979,11
2514,16,163,1,1303,42,1003,11
2514,16,163,1,1303,42,1044,11
2514,16,163,1,1303,42,1068,11
2514,16,163,1,1303,42,1153,11
2514,16,163,1,1303,42,1186,11
2514,16,163,1,1303,42,1194,11
2514,16,163,1,1303,42,1259,11
2514,16,163,1,1303,42,1260,11
2514,16,163,1,1303,42,1312,11
2514,16,163,1,1303,42,1388,11
2514,16,163,1,1303,42,1391,11
2514,16,163,1,1303,42,1422,11
2514,16,163,1,1303,42,1556,11
2514,16,163,1,1303,42,1568,11
2514,16,163,1,1303,42,1599,11
2514,16,163,1,1303,42,1747,11
2514,16,163,1,1303,42,1773,11
2514,16,163,1,1303,42,1799,11
2514,16,163,1,1303,42,1818,11
2514,16,163,1,1303,42,1873,11
2514,16,163,1,1303,42,1940,11
2514,16,163,1,1303,42,1956,11
2514,16,163,1,1303,42,1997,11
2514,16,163,1,1303,42,2068,11
2514,16,163,1,1303,42,2079,11
2514,16,163,1,1303,42,2123,11
2514,16,163,1,1303,42,2196,11
2514,16,163,1,1303,42,2206,11
2514,16,163,1,1303,42,2216,11
2514,16,163,1,1303,42,2244,11
2514,16,163,1,1303,42,2259,11
2514,16,163,1,1303,42,2261,11
2514,16,163,1,1303,42,2289,11
2514,16,163,1,1303,42,2359,11
2514,16,163,1,1303,42,2370,11
2514,16,163,1,1303,42,2405,11
2514,16,163,1,1476,28,45,11
2514,16,163,1,1476,28,159,11
2514,16,163,1,1476,28,272,11
2514,16,163,1,1476,28,338,11
2514,16,163,1,1476,28,390,11
2514,16,163,1,1476,28,457,11
2514,16,163,1,1476,28,463,11
2514,16,163,1,1476,28,620,11
2514,16,163,1,1476,28,700,11
2514,16,163,1,1476,28,742,11
2514,16,163,1,1476,28,758,11
2514,16,163,1,1476,28,879,11
2514,16,163,1,1476,28,927,11
2514,16,163,1,1476,28,979,11
2514,16,163,1,1476,28,1003,11
2514,16,163,1,1476,28,1044,11
2514,16,163,1,1476,28,1068,11
2514,16,163,1,1476,28,1153,11
2514,16,163,1,1476,28,1186,11
2514,16,163,1,1476,28,1194,11
2514,16,163,1,1476,28,1259,11
2514,16,163,1,1476,28,1260,11
2514,16,163,1,1476,28,1312,11
2514,16,163,1,1476,28,1388,11
2514,16,163,1,1476,28,1391,11
2514,16,163,1,1476,28,1422,11
2514,16,163,1,1476,28,1556,11
2514,16,163,1,1476,28,1568,11
2514,16,163,1,1476,28,1599,11
2514,16,163,1,1476,28,1747,11
2514,16,163,1,1476,28,1773,11
2514,16,163,1,1476,28,1799,11
2514,16,163,1,1476,28,1818,11
2514,16,163,1,1476,28,1873,11
2514,16,163,1,1476,28,1940,11
2514,16,163,1,1476,28,1956,11
2514,16,163,1,1476,28,1997,11
2514,16,163,1,1476,28,2068,11
2514,16,163,1,1476,28,2079,11
2514,16,163,1,1476,28,2123,11
2514,16,163,1,1476,28,2196,11
2514,16,163,1,1476,28,2206,11
2514,16,163,1,1476,28,2216,11
2514,16,163,1,1476,28,2244,11
2514,16,163,1,1476,28,2259,11
2514,16,163,1,1476,28,2261,11
2514,16,163,1,1476,28,2289,11
2514,16,163,1,1476,28,2359,11
2514,16,163,1,1476,28,2370,11
2514,16,163,1,1476,28,2405,11
2514,16,163,1,1951,18,45,11
2514,16,163,1,1951,18,159,11
2514,16,163,1,1951,18,272,11
2514,16,163,1,1951,18,338,11
2514,16,163,1,1951,18,390,11
2514,16,163,1,1951,18,457,11
2514,16,163,1,1951,18,463,11
2514,16,163,1,1951,18,620,11
2514,16,163,1,1951,18,700,11
2514,16,163,1,1951,18,742,11
2514,16,163,1,1951,18,758,11
2514,16,163,1,1951,18,879,11
2514,16,163,1,1951,18,927,11
2514,16,163,1,1951,18,979,11
2514,16,163,1,1951,18,1003,11
2514,16,163,1,1951,18,1044,11
2514,16,163,1,1951,18,1068,11
2514,16,163,1,1951,18,1153,11
2514,16,163,1,1951,18,1186,11
2514,16,163,1,1951,18,1194,11
2514,16,163,1,1951,18,1259,11
2514,16,163,1,1951,18,1260,11
2514,16,163,1,1951,18,1312,11
2514,16,163,1,1951,18,1388,11
2514,16,163,1,1951,18,1391,11
2514,16,163,1,1951,18,1422,11
2514,16,163,1,1951,18,1556,11
2514,16,163,1,1951,18,1568,11
2514,16,163,1,1951,18,1599,11
2514,16,163,1,1951,18,1747,11
2514,16,163,1,1951,18,1773,11
2514,16,163,1,1951,18,1799,11
2514,16,163,1,1951,18,1818,11
2514,16,163,1,1951,18,1873,11
2514,16,163,1,1951,18,1940,11
2514,16,163,1,1951,18,1956,11
2514,16,163,1,1951,18,1997,11
2514,16,163,1,1951,18,2068,11
2514,16,163,1,1951,18,2079,11
2514,16,163,1,1951,18,2123,11
2514,16,163,1,1951,18,2196,11
2514,16,163,1,1951,18,2206,11
2514,16,163,1,1951,18,2216,11
2514,16,163,1,1951,18,2244,11
2514,16,163,1,1951,18,2259,11
2514,16,163,1,1951,18,2261,11
2514,16,163,1,1951,18,2289,11
2514,16,163,1,1951,18,2359,11
2514,16,163,1,1951,18,2370,11
2514,16,163,1,1951,18,2405,11
2514,16,163,1,1961,29,159,11
2514,16,163,1,1961,29,272,11
2514,16,163,1,1961,29,457,11
2514,16,163,1,1961,29,463,11
2514,16,163,1,1961,29,700,11
2514,16,163,1,1961,29,879,11
2514,16,163,1,1961,29,927,11
2514,16,163,1,1961,29,1003,11
2514,16,163,1,1961,29,1068,11
2514,16,163,1,1961,29,1153,11
2514,16,163,1,1961,29,1194,11
2514,16,163,1,1961,29,1260,11
2514,16,163,1,1961,29,1388,11
2514,16,163,1,1961,29,1391,11
2514,16,163,1,1961,29,1422,11
2514,16,163,1,1961,29,1556,11
2514,16,163,1,1961,29,1568,11
2514,16,163,1,1961,29,1599,11
2514,16,163,1,1961,29,1747,11
2514,16,163,1,1961,29,1818,11
2514,16,163,1,1961,29,1873,11
2514,16,163,1,1961,29,1940,11
2514,16,163,1,1961,29,2068,11
2514,16,163,1,1961,29,2079,11
2514,16,163,1,1961,29,2123,11
2514,16,163,1,1961,29,2196,11
2514,16,163,1,1961,29,2216,11
2514,16,163,1,1961,29,2259,11
2514,16,163,1,1961,29,2370,11
2514,16,163,1,1961,29,2405,11
