2514,16,485,29,25,49,45,11
2514,16,485,29,25,49,159,11
2514,16,485,29,25,49,272,11
2514,16,485,29,25,49,338,11
2514,16,485,29,25,49,390,11
2514,16,485,29,25,49,457,11
2514,16,485,29,25,49,463,11
2514,16,485,29,25,49,620,11
2514,16,485,29,25,49,700,11
2514,16,485,29,25,49,742,11
2514,16,485,29,25,49,758,11
2514,16,485,29,25,49,879,11
2514,16,485,29,25,49,927,11
2514,16,485,29,25,49,979,11
2514,16,485,29,25,49,1003,11
2514,16,485,29,25,49,1044,11
2514,16,485,29,25,49,1068,11
2514,16,485,29,25,49,1153,11
2514,16,485,29,25,49,1186,11
2514,16,485,29,25,49,1194,11
2514,16,485,29,25,49,1259,11
2514,16,485,29,25,49,1260,11
2514,16,485,29,25,49,1312,11
2514,16,485,29,25,49,1388,11
2514,16,485,29,25,49,1391,11
2514,16,485,29,25,49,1422,11
2514,16,485,29,25,49,1556,11
2514,16,485,29,25,49,1568,11
2514,16,485,29,25,49,1599,11
2514,16,485,29,25,49,1747,11
2514,16,485,29,25,49,1773,11
2514,16,485,29,25,49,1799,11
2514,16,485,29,25,49,1818,11
2514,16,485,29,25,49,1873,11
2514,16,485,29,25,49,1940,11
2514,16,485,29,25,49,1956,11
2514,16,485,29,25,49,1997,11
2514,16,485,29,25,49,2068,11
2514,16,485,29,25,49,2079,11
2514,16,485,29,25,49,2123,11
2514,16,485,29,25,49,2196,11
2514,16,485,29,25,49,2206,11
2514,16,485,29,25,49,2216,11
2514,16,485,29,25,49,2244,11
2514,16,485,29,25,49,2259,11
2514,16,485,29,25,49,2261,11
2514,16,485,29,25,49,2289,11
2514,16,485,29,25,49,2359,11
2514,16,485,29,25,49,2370,11
2514,16,485,29,25,49,2405,11
2514,16,485,29,237,19,45,11
2514,16,485,29,237,19,159,11
2514,16,485,29,237,19,272,11
2514,16,485,29,237,19,338,11
2514,16,485,29,237,19,390,11
2514,16,485,29,237,19,457,11
2514,16,485,29,237,19,463,11
2514,16,485,29,237,19,620,11
2514,16,485,29,237,19,700,11
2514,16,485,29,237,19,742,11
2514,16,485,29,237,19,758,11
2514,16,485,29,237,19,879,11
2514,16,485,29,237,19,927,11
2514,16,485,29,237,19,979,11
2514,16,485,29,237,19,1003,11
2514,16,485,29,237,19,1044,11
2514,16,485,29,237,19,1068,11
2514,16,485,29,237,19,1153,11
2514,16,485,29,237,19,1186,11
2514,16,485,29,237,19,1194,11
2514,16,485,29,237,19,1259,11
2514,16,485,29,237,19,1260,11
2514,16,485,29,237,19,1312,11
2514,16,485,29,237,19,1388,11
2514,16,485,29,237,19,1391,11
2514,16,485,29,237,19,1422,11
2514,16,485,29,237,19,1556,11
2514,16,485,29,237,19,1568,11
2514,16,485,29,237,19,1599,11
2514,16,485,29,237,19,1747,11
2514,16,485,29,237,19,1773,11
2514,16,485,29,237,19,1799,11
2514,16,485,29,237,19,1818,11
2514,16,485,29,237,19,1873,11
2514,16,485,29,237,19,1940,11
2514,16,485,29,237,19,1956,11
2514,16,485,29,237,19,1997,11
2514,16,485,29,237,19,2068,11
2514,16,485,29,237,19,2079,11
2514,16,485,29,237,19,2123,11
2514,16,485,29,237,19,2196,11
2514,16,485,29,237,19,2206,11
2514,16,485,29,237,19,2216,11
2514,16,485,29,237,19,2244,11
2514,16,485,29,237,19,2259,11
2514,16,485,29,237,19,2261,11
2514,16,485,29,237,19,2289,11
2514,16,485,29,237,19,2359,11
2514,16,485,29,237,19,2370,11
2514,16,485,29,237,19,2405,11
2514,16,485,29,379,41,45,11
2514,16,485,29,379,41,159,11
2514,16,485,29,379,41,272,11
2514,16,485,29,379,41,338,11
2514,16,485,29,379,41,390,11
2514,16,485,29,379,41,457,11
2514,16,485,29,379,41,463,11
2514,16,485,29,379,41,620,11
2514,16,485,29,379,41,700,11
2514,16,485,29,379,41,742,11
2514,16,485,29,379,41,758,11
2514,16,485,29,379,41,879,11
2514,16,485,29,379,41,927,11
2514,16,485,29,379,41,979,11
2514,16,485,29,379,41,1003,11
2514,16,485,29,379,41,1044,11
2514,16,485,29,379,41,1068,11
2514,16,485,29,379,41,1153,11
2514,16,485,29,379,41,1186,11
2514,16,485,29,379,41,1194,11
2514,16,485,29,379,41,1259,11
2514,16,485,29,379,41,1260,11
2514,16,485,29,379,41,1312,11
2514,16,485,29,379,41,1388,11
2514,16,485,29,379,41,1391,11
2514,16,485,29,379,41,1422,11
2514,16,485,29,379,41,1556,11
2514,16,485,29,379,41,1568,11
2514,16,485,29,379,41,1599,11
2514,16,485,29,379,41,1747,11
2514,16,485,29,379,41,1773,11
2514,16,485,29,379,41,1799,11
2514,16,485,29,379,41,1818,11
2514,16,485,29,379,41,1873,11
2514,16,485,29,379,41,1940,11
2514,16,485,29,379,41,1956,11
2514,16,485,29,379,41,1997,11
2514,16,485,29,379,41,2068,11
2514,16,485,29,379,41,2079,11
2514,16,485,29,379,41,2123,11
2514,16,485,29,379,41,2196,11
2514,16,485,29,379,41,2206,11
2514,16,485,29,379,41,2216,11
2514,16,485,29,379,41,2244,11
2514,16,485,29,379,41,2259,11
2514,16,485,29,379,41,2261,11
2514,16,485,29,379,41,2289,11
2514,16,485,29,379,41,2359,11
2514,16,485,29,379,41,2370,11
2514,16,485,29,379,41,2405,11
2514,16,485,29,397,48,45,11
2514,16,485,29,397,48,338,11
2514,16,485,29,397,48,390,11
2514,16,485,29,397,48,620,11
2514,16,485,29,397,48,742,11
2514,16,485,29,397,48,758,11
2514,16,485,29,397,48,979,11
2514,16,485,29,397,48,1044,11
2514,16,485,29,397,48,1186,11
2514,16,485,29,397,48,1259,11
2514,16,485,29,397,48,1312,11
2514,16,485,29,397,48,1773,11
2514,16,485,29,397,48,1799,11
2514,16,485,29,397,48,1956,11
2514,16,485,29,397,48,1997,11
2514,16,485,29,397,48,2206,11
2514,16,485,29,397,48,2244,11
2514,16,485,29,397,48,2261,11
2514,16,485,29,397,48,2289,11
2514,16,485,29,397,48,2359,11
2514,16,485,29,526,49,45,11
2514,16,485,29,526,49,159,11
2514,16,485,29,526,49,272,11
2514,16,485,29,526,49,338,11
2514,16,485,29,526,49,390,11
2514,16,485,29,526,49,457,11
2514,16,485,29,526,49,463,11
2514,16,485,29,526,49,620,11
2514,16,485,29,526,49,700,11
2514,16,485,29,526,49,742,11
2514,16,485,29,526,49,758,11
2514,16,485,29,526,49,879,11
2514,16,485,29,526,49,927,11
2514,16,485,29,526,49,979,11
2514,16,485,29,526,49,1003,11
2514,16,485,29,526,49,1044,11
2514,16,485,29,526,49,1068,11
2514,16,485,29,526,49,1153,11
2514,16,485,29,526,49,1186,11
2514,16,485,29,526,49,1194,11
2514,16,485,29,526,49,1259,11
2514,16,485,29,526,49,1260,11
2514,16,485,29,526,49,1312,11
2514,16,485,29,526,49,1388,11
2514,16,485,29,526,49,1391,11
2514,16,485,29,526,49,1422,11
2514,16,485,29,526,49,1556,11
2514,16,485,29,526,49,1568,11
2514,16,485,29,526,49,1599,11
2514,16,485,29,526,49,1747,11
2514,16,485,29,526,49,1773,11
2514,16,485,29,526,49,1799,11
2514,16,485,29,526,49,1818,11
2514,16,485,29,526,49,1873,11
2514,16,485,29,526,49,1940,11
2514,16,485,29,526,49,1956,11
2514,16,485,29,526,49,1997,11
2514,16,485,29,526,49,2068,11
2514,16,485,29,526,49,2079,11
2514,16,485,29,526,49,2123,11
2514,16,485,29,526,49,2196,11
2514,16,485,29,526,49,2206,11
2514,16,485,29,526,49,2216,11
2514,16,485,29,526,49,2244,11
2514,16,485,29,526,49,2259,11
2514,16,485,29,526,49,2261,11
2514,16,485,29,526,49,2289,11
2514,16,485,29,526,49,2359,11
2514,16,485,29,526,49,2370,11
2514,16,485,29,526,49,2405,11
2514,16,485,29,579,27,45,11
2514,16,485,29,579,27,159,11
2514,16,485,29,579,27,272,11
2514,16,485,29,579,27,338,11
2514,16,485,29,579,27,390,11
2514,16,485,29,579,27,457,11
2514,16,485,29,579,27,463,11
2514,16,485,29,579,27,620,11
2514,16,485,29,579,27,700,11
2514,16,485,29,579,27,742,11
2514,16,485,29,579,27,758,11
2514,16,485,29,579,27,879,11
2514,16,485,29,579,27,927,11
2514,16,485,29,579,27,979,11
2514,16,485,29,579,27,1003,11
2514,16,485,29,579,27,1044,11
2514,16,485,29,579,27,1068,11
2514,16,485,29,579,27,1153,11
2514,16,485,29,579,27,1186,11
2514,16,485,29,579,27,1194,11
2514,16,485,29,579,27,1259,11
2514,16,485,29,579,27,1260,11
2514,16,485,29,579,27,1312,11
2514,16,485,29,579,27,1388,11
2514,16,485,29,579,27,1391,11
2514,16,485,29,579,27,1422,11
2514,16,485,29,579,27,1556,11
2514,16,485,29,579,27,1568,11
2514,16,485,29,579,27,1599,11
2514,16,485,29,579,27,1747,11
2514,16,485,29,579,27,1773,11
2514,16,485,29,579,27,1799,11
2514,16,485,29,579,27,1818,11
2514,16,485,29,579,27,1873,11
2514,16,485,29,579,27,1940,11
2514,16,485,29,579,27,1956,11
2514,16,485,29,579,27,1997,11
2514,16,485,29,579,27,2068,11
2514,16,485,29,579,27,2079,11
2514,16,485,29,579,27,2123,11
2514,16,485,29,579,27,2196,11
2514,16,485,29,579,27,2206,11
2514,16,485,29,579,27,2216,11
2514,16,485,29,579,27,2244,11
2514,16,485,29,579,27,2259,11
2514,16,485,29,579,27,2261,11
2514,16,485,29,579,27,2289,11
2514,16,485,29,579,27,2359,11
2514,16,485,29,579,27,2370,11
2514,16,485,29,579,27,2405,11
2514,16,485,29,585,10,159,11
2514,16,485,29,585,10,457,11
2514,16,485,29,585,10,463,11
2514,16,485,29,585,10,700,11
2514,16,485,29,585,10,879,11
2514,16,485,29,585,10,927,11
2514,16,485,29,585,10,1003,11
2514,16,485,29,585,10,1153,11
2514,16,485,29,585,10,1194,11
2514,16,485,29,585,10,1388,11
2514,16,485,29,585,10,1556,11
2514,16,485,29,585,10,1568,11
2514,16,485,29,585,10,1599,11
2514,16,485,29,585,10,1818,11
2514,16,485,29,585,10,1873,11
2514,16,485,29,585,10,1940,11
2514,16,485,29,585,10,2123,11
2514,16,485,29,585,10,2196,11
2514,16,485,29,585,10,2216,11
2514,16,485,29,585,10,2370,11
2514,16,485,29,717,45,45,11
2514,16,485,29,717,45,159,11
2514,16,485,29,717,45,272,11
2514,16,485,29,717,45,338,11
2514,16,485,29,717,45,390,11
2514,16,485,29,717,45,457,11
2514,16,485,29,717,45,463,11
2514,16,485,29,717,45,620,11
2514,16,485,29,717,45,700,11
2514,16,485,29,717,45,742,11
2514,16,485,29,717,45,758,11
2514,16,485,29,717,45,879,11
2514,16,485,29,717,45,927,11
2514,16,485,29,717,45,979,11
2514,16,485,29,717,45,1003,11
2514,16,485,29,717,45,1044,11
2514,16,485,29,717,45,1068,11
2514,16,485,29,717,45,1153,11
2514,16,485,29,717,45,1186,11
2514,16,485,29,717,45,1194,11
2514,16,485,29,717,45,1259,11
2514,16,485,29,717,45,1260,11
2514,16,485,29,717,45,1312,11
2514,16,485,29,717,45,1388,11
2514,16,485,29,717,45,1391,11
2514,16,485,29,717,45,1422,11
2514,16,485,29,717,45,1556,11
2514,16,485,29,717,45,1568,11
2514,16,485,29,717,45,1599,11
2514,16,485,29,717,45,1747,11
2514,16,485,29,717,45,1773,11
2514,16,485,29,717,45,1799,11
2514,16,485,29,717,45,1818,11
2514,16,485,29,717,45,1873,11
2514,16,485,29,717,45,1940,11
2514,16,485,29,717,45,1956,11
2514,16,485,29,717,45,1997,11
2514,16,485,29,717,45,2068,11
2514,16,485,29,717,45,2079,11
2514,16,485,29,717,45,2123,11
2514,16,485,29,717,45,2196,11
2514,16,485,29,717,45,2206,11
2514,16,485,29,717,45,2216,11
2514,16,485,29,717,45,2244,11
2514,16,485,29,717,45,2259,11
2514,16,485,29,717,45,2261,11
2514,16,485,29,717,45,2289,11
2514,16,485,29,717,45,2359,11
2514,16,485,29,717,45,2370,11
2514,16,485,29,717,45,2405,11
2514,16,485,29,1288,18,45,11
2514,16,485,29,1288,18,159,11
2514,16,485,29,1288,18,272,11
2514,16,485,29,1288,18,338,11
2514,16,485,29,1288,18,390,11
2514,16,485,29,1288,18,457,11
2514,16,485,29,1288,18,463,11
2514,16,485,29,1288,18,620,11
2514,16,485,29,1288,18,700,11
2514,16,485,29,1288,18,742,11
2514,16,485,29,1288,18,758,11
2514,16,485,29,1288,18,879,11
2514,16,485,29,1288,18,927,11
2514,16,485,29,1288,18,979,11
2514,16,485,29,1288,18,1003,11
2514,16,485,29,1288,18,1044,11
2514,16,485,29,1288,18,1068,11
2514,16,485,29,1288,18,1153,11
2514,16,485,29,1288,18,1186,11
2514,16,485,29,1288,18,1194,11
2514,16,485,29,1288,18,1259,11
2514,16,485,29,1288,18,1260,11
2514,16,485,29,1288,18,1312,11
2514,16,485,29,1288,18,1388,11
2514,16,485,29,1288,18,1391,11
2514,16,485,29,1288,18,1422,11
2514,16,485,29,1288,18,1556,11
2514,16,485,29,1288,18,1568,11
2514,16,485,29,1288,18,1599,11
2514,16,485,29,1288,18,1747,11
2514,16,485,29,1288,18,1773,11
2514,16,485,29,1288,18,1799,11
2514,16,485,29,1288,18,1818,11
2514,16,485,29,1288,18,1873,11
2514,16,485,29,1288,18,1940,11
2514,16,485,29,1288,18,1956,11
2514,16,485,29,1288,18,1997,11
2514,16,485,29,1288,18,2068,11
2514,16,485,29,1288,18,2079,11
2514,16,485,29,1288,18,2123,11
2514,16,485,29,1288,18,2196,11
2514,16,485,29,1288,18,2206,11
2514,16,485,29,1288,18,2216,11
2514,16,485,29,1288,18,2244,11
2514,16,485,29,1288,18,2259,11
2514,16,485,29,1288,18,2261,11
2514,16,485,29,1288,18,2289,11
2514,16,485,29,1288,18,2359,11
2514,16,485,29,1288,18,2370,11
2514,16,485,29,1288,18,2405,11
2514,16,485,29,1561,36,45,11
2514,16,485,29,1561,36,159,11
2514,16,485,29,1561,36,272,11
2514,16,485,29,1561,36,338,11
2514,16,485,29,1561,36,390,11
2514,16,485,29,1561,36,457,11
2514,16,485,29,1561,36,463,11
2514,16,485,29,1561,36,620,11
2514,16,485,29,1561,36,700,11
2514,16,485,29,1561,36,742,11
2514,16,485,29,1561,36,758,11
2514,16,485,29,1561,36,879,11
2514,16,485,29,1561,36,927,11
2514,16,485,29,1561,36,979,11
2514,16,485,29,1561,36,1003,11
2514,16,485,29,1561,36,1044,11
2514,16,485,29,1561,36,1068,11
2514,16,485,29,1561,36,1153,11
2514,16,485,29,1561,36,1186,11
2514,16,485,29,1561,36,1194,11
2514,16,485,29,1561,36,1259,11
2514,16,485,29,1561,36,1260,11
2514,16,485,29,1561,36,1312,11
2514,16,485,29,1561,36,1388,11
2514,16,485,29,1561,36,1391,11
2514,16,485,29,1561,36,1422,11
2514,16,485,29,1561,36,1556,11
2514,16,485,29,1561,36,1568,11
2514,16,485,29,1561,36,1599,11
2514,16,485,29,1561,36,1747,11
2514,16,485,29,1561,36,1773,11
2514,16,485,29,1561,36,1799,11
2514,16,485,29,1561,36,1818,11
2514,16,485,29,1561,36,1873,11
2514,16,485,29,1561,36,1940,11
2514,16,485,29,1561,36,1956,11
2514,16,485,29,1561,36,1997,11
2514,16,485,29,1561,36,2068,11
2514,16,485,29,1561,36,2079,11
2514,16,485,29,1561,36,2123,11
2514,16,485,29,1561,36,2196,11
2514,16,485,29,1561,36,2206,11
2514,16,485,29,1561,36,2216,11
2514,16,485,29,1561,36,2244,11
2514,16,485,29,1561,36,2259,11
2514,16,485,29,1561,36,2261,11
2514,16,485,29,1561,36,2289,11
2514,16,485,29,1561,36,2359,11
2514,16,485,29,1561,36,2370,11
2514,16,485,29,1561,36,2405,11
2514,16,485,29,1655,44,45,11
2514,16,485,29,1655,44,159,11
2514,16,485,29,1655,44,272,11
2514,16,485,29,1655,44,338,11
2514,16,485,29,1655,44,390,11
2514,16,485,29,1655,44,457,11
2514,16,485,29,1655,44,463,11
2514,16,485,29,1655,44,620,11
2514,16,485,29,1655,44,700,11
2514,16,485,29,1655,44,742,11
2514,16,485,29,1655,44,758,11
2514,16,485,29,1655,44,879,11
2514,16,485,29,1655,44,927,11
2514,16,485,29,1655,44,979,11
2514,16,485,29,1655,44,1003,11
2514,16,485,29,1655,44,1044,11
2514,16,485,29,1655,44,1068,11
2514,16,485,29,1655,44,1153,11
2514,16,485,29,1655,44,1186,11
2514,16,485,29,1655,44,1194,11
2514,16,485,29,1655,44,1259,11
2514,16,485,29,1655,44,1260,11
2514,16,485,29,1655,44,1312,11
2514,16,485,29,1655,44,1388,11
2514,16,485,29,1655,44,1391,11
2514,16,485,29,1655,44,1422,11
2514,16,485,29,1655,44,1556,11
2514,16,485,29,1655,44,1568,11
2514,16,485,29,1655,44,1599,11
2514,16,485,29,1655,44,1747,11
2514,16,485,29,1655,44,1773,11
2514,16,485,29,1655,44,1799,11
2514,16,485,29,1655,44,1818,11
2514,16,485,29,1655,44,1873,11
2514,16,485,29,1655,44,1940,11
2514,16,485,29,1655,44,1956,11
2514,16,485,29,1655,44,1997,11
2514,16,485,29,1655,44,2068,11
2514,16,485,29,1655,44,2079,11
2514,16,485,29,1655,44,2123,11
2514,16,485,29,1655,44,2196,11
2514,16,485,29,1655,44,2206,11
2514,16,485,29,1655,44,2216,11
2514,16,485,29,1655,44,2244,11
2514,16,485,29,1655,44,2259,11
2514,16,485,29,1655,44,2261,11
2514,16,485,29,1655,44,2289,11
2514,16,485,29,1655,44,2359,11
2514,16,485,29,1655,44,2370,11
2514,16,485,29,1655,44,2405,11
2514,16,485,29,1836,15,45,11
2514,16,485,29,1836,15,159,11
2514,16,485,29,1836,15,272,11
2514,16,485,29,1836,15,338,11
2514,16,485,29,1836,15,390,11
2514,16,485,29,1836,15,457,11
2514,16,485,29,1836,15,463,11
2514,16,485,29,1836,15,620,11
2514,16,485,29,1836,15,700,11
2514,16,485,29,1836,15,742,11
2514,16,485,29,1836,15,758,11
2514,16,485,29,1836,15,879,11
2514,16,485,29,1836,15,927,11
2514,16,485,29,1836,15,979,11
2514,16,485,29,1836,15,1003,11
2514,16,485,29,1836,15,1044,11
2514,16,485,29,1836,15,1068,11
2514,16,485,29,1836,15,1153,11
2514,16,485,29,1836,15,1186,11
2514,16,485,29,1836,15,1194,11
2514,16,485,29,1836,15,1259,11
2514,16,485,29,1836,15,1260,11
2514,16,485,29,1836,15,1312,11
2514,16,485,29,1836,15,1388,11
2514,16,485,29,1836,15,1391,11
2514,16,485,29,1836,15,1422,11
2514,16,485,29,1836,15,1556,11
2514,16,485,29,1836,15,1568,11
2514,16,485,29,1836,15,1599,11
2514,16,485,29,1836,15,1747,11
2514,16,485,29,1836,15,1773,11
2514,16,485,29,1836,15,1799,11
2514,16,485,29,1836,15,1818,11
2514,16,485,29,1836,15,1873,11
2514,16,485,29,1836,15,1940,11
2514,16,485,29,1836,15,1956,11
2514,16,485,29,1836,15,1997,11
2514,16,485,29,1836,15,2068,11
2514,16,485,29,1836,15,2079,11
2514,16,485,29,1836,15,2123,11
2514,16,485,29,1836,15,2196,11
2514,16,485,29,1836,15,2206,11
2514,16,485,29,1836,15,2216,11
2514,16,485,29,1836,15,2244,11
2514,16,485,29,1836,15,2259,11
2514,16,485,29,1836,15,2261,11
2514,16,485,29,1836,15,2289,11
2514,16,485,29,1836,15,2359,11
2514,16,485,29,1836,15,2370,11
2514,16,485,29,1836,15,2405,11
2514,16,485,29,1909,46,45,11
2514,16,485,29,1909,46,159,11
2514,16,485,29,1909,46,272,11
2514,16,485,29,1909,46,338,11
2514,16,485,29,1909,46,390,11
2514,16,485,29,1909,46,457,11
2514,16,485,29,1909,46,463,11
2514,16,485,29,1909,46,620,11
2514,16,485,29,1909,46,700,11
2514,16,485,29,1909,46,742,11
2514,16,485,29,1909,46,758,11
2514,16,485,29,1909,46,879,11
2514,16,485,29,1909,46,927,11
2514,16,485,29,1909,46,979,11
2514,16,485,29,1909,46,1003,11
2514,16,485,29,1909,46,1044,11
2514,16,485,29,1909,46,1068,11
2514,16,485,29,1909,46,1153,11
2514,16,485,29,1909,46,1186,11
2514,16,485,29,1909,46,1194,11
2514,16,485,29,1909,46,1259,11
2514,16,485,29,1909,46,1260,11
2514,16,485,29,1909,46,1312,11
2514,16,485,29,1909,46,1388,11
2514,16,485,29,1909,46,1391,11
2514,16,485,29,1909,46,1422,11
2514,16,485,29,1909,46,1556,11
2514,16,485,29,1909,46,1568,11
2514,16,485,29,1909,46,1599,11
2514,16,485,29,1909,46,1747,11
2514,16,485,29,1909,46,1773,11
2514,16,485,29,1909,46,1799,11
2514,16,485,29,1909,46,1818,11
2514,16,485,29,1909,46,1873,11
2514,16,485,29,1909,46,1940,11
2514,16,485,29,1909,46,1956,11
2514,16,485,29,1909,46,1997,11
2514,16,485,29,1909,46,2068,11
2514,16,485,29,1909,46,2079,11
2514,16,485,29,1909,46,2123,11
2514,16,485,29,1909,46,2196,11
2514,16,485,29,1909,46,2206,11
2514,16,485,29,1909,46,2216,11
2514,16,485,29,1909,46,2244,11
2514,16,485,29,1909,46,2259,11
2514,16,485,29,1909,46,2261,11
2514,16,485,29,1909,46,2289,11
2514,16,485,29,1909,46,2359,11
2514,16,485,29,1909,46,2370,11
2514,16,485,29,1909,46,2405,11
2514,16,485,29,1956,44,45,11
2514,16,485,29,1956,44,159,11
2514,16,485,29,1956,44,272,11
2514,16,485,29,1956,44,338,11
2514,16,485,29,1956,44,390,11
2514,16,485,29,1956,44,457,11
2514,16,485,29,1956,44,463,11
2514,16,485,29,1956,44,620,11
2514,16,485,29,1956,44,700,11
2514,16,485,29,1956,44,742,11
2514,16,485,29,1956,44,758,11
2514,16,485,29,1956,44,879,11
2514,16,485,29,1956,44,927,11
2514,16,485,29,1956,44,979,11
2514,16,485,29,1956,44,1003,11
2514,16,485,29,1956,44,1044,11
2514,16,485,29,1956,44,1068,11
2514,16,485,29,1956,44,1153,11
2514,16,485,29,1956,44,1186,11
2514,16,485,29,1956,44,1194,11
2514,16,485,29,1956,44,1259,11
2514,16,485,29,1956,44,1260,11
2514,16,485,29,1956,44,1312,11
2514,16,485,29,1956,44,1388,11
2514,16,485,29,1956,44,1391,11
2514,16,485,29,1956,44,1422,11
2514,16,485,29,1956,44,1556,11
2514,16,485,29,1956,44,1568,11
2514,16,485,29,1956,44,1599,11
2514,16,485,29,1956,44,1747,11
2514,16,485,29,1956,44,1773,11
2514,16,485,29,1956,44,1799,11
2514,16,485,29,1956,44,1818,11
2514,16,485,29,1956,44,1873,11
2514,16,485,29,1956,44,1940,11
2514,16,485,29,1956,44,1956,11
2514,16,485,29,1956,44,1997,11
2514,16,485,29,1956,44,2068,11
2514,16,485,29,1956,44,2079,11
2514,16,485,29,1956,44,2123,11
2514,16,485,29,1956,44,2196,11
2514,16,485,29,1956,44,2206,11
2514,16,485,29,1956,44,2216,11
2514,16,485,29,1956,44,2244,11
2514,16,485,29,1956,44,2259,11
2514,16,485,29,1956,44,2261,11
2514,16,485,29,1956,44,2289,11
2514,16,485,29,1956,44,2359,11
2514,16,485,29,1956,44,2370,11
2514,16,485,29,1956,44,2405,11
