2514,16,1905,4,125,19,45,11
2514,16,1905,4,125,19,159,11
2514,16,1905,4,125,19,272,11
2514,16,1905,4,125,19,338,11
2514,16,1905,4,125,19,390,11
2514,16,1905,4,125,19,457,11
2514,16,1905,4,125,19,463,11
2514,16,1905,4,125,19,620,11
2514,16,1905,4,125,19,700,11
2514,16,1905,4,125,19,742,11
2514,16,1905,4,125,19,758,11
2514,16,1905,4,125,19,879,11
2514,16,1905,4,125,19,927,11
2514,16,1905,4,125,19,979,11
2514,16,1905,4,125,19,1003,11
2514,16,1905,4,125,19,1044,11
2514,16,1905,4,125,19,1068,11
2514,16,1905,4,125,19,1153,11
2514,16,1905,4,125,19,1186,11
2514,16,1905,4,125,19,1194,11
2514,16,1905,4,125,19,1259,11
2514,16,1905,4,125,19,1260,11
2514,16,1905,4,125,19,1312,11
2514,16,1905,4,125,19,1388,11
2514,16,1905,4,125,19,1391,11
2514,16,1905,4,125,19,1422,11
2514,16,1905,4,125,19,1556,11
2514,16,1905,4,125,19,1568,11
2514,16,1905,4,125,19,1599,11
2514,16,1905,4,125,19,1747,11
2514,16,1905,4,125,19,1773,11
2514,16,1905,4,125,19,1799,11
2514,16,1905,4,125,19,1818,11
2514,16,1905,4,125,19,1873,11
2514,16,1905,4,125,19,1940,11
2514,16,1905,4,125,19,1956,11
2514,16,1905,4,125,19,1997,11
2514,16,1905,4,125,19,2068,11
2514,16,1905,4,125,19,2079,11
2514,16,1905,4,125,19,2123,11
2514,16,1905,4,125,19,2196,11
2514,16,1905,4,125,19,2206,11
2514,16,1905,4,125,19,2216,11
2514,16,1905,4,125,19,2244,11
2514,16,1905,4,125,19,2259,11
2514,16,1905,4,125,19,2261,11
2514,16,1905,4,125,19,2289,11
2514,16,1905,4,125,19,2359,11
2514,16,1905,4,125,19,2370,11
2514,16,1905,4,125,19,2405,11
2514,16,1905,4,154,26,45,11
2514,16,1905,4,154,26,159,11
2514,16,1905,4,154,26,272,11
2514,16,1905,4,154,26,338,11
2514,16,1905,4,154,26,390,11
2514,16,1905,4,154,26,457,11
2514,16,1905,4,154,26,463,11
2514,16,1905,4,154,26,620,11
2514,16,1905,4,154,26,700,11
2514,16,1905,4,154,26,742,11
2514,16,1905,4,154,26,758,11
2514,16,1905,4,154,26,879,11
2514,16,1905,4,154,26,927,11
2514,16,1905,4,154,26,979,11
2514,16,1905,4,154,26,1003,11
2514,16,1905,4,154,26,1044,11
2514,16,1905,4,154,26,1068,11
2514,16,1905,4,154,26,1153,11
2514,16,1905,4,154,26,1186,11
2514,16,1905,4,154,26,1194,11
2514,16,1905,4,154,26,1259,11
2514,16,1905,4,154,26,1260,11
2514,16,1905,4,154,26,1312,11
2514,16,1905,4,154,26,1388,11
2514,16,1905,4,154,26,1391,11
2514,16,1905,4,154,26,1422,11
2514,16,1905,4,154,26,1556,11
2514,16,1905,4,154,26,1568,11
2514,16,1905,4,154,26,1599,11
2514,16,1905,4,154,26,1747,11
2514,16,1905,4,154,26,1773,11
2514,16,1905,4,154,26,1799,11
2514,16,1905,4,154,26,1818,11
2514,16,1905,4,154,26,1873,11
2514,16,1905,4,154,26,1940,11
2514,16,1905,4,154,26,1956,11
2514,16,1905,4,154,26,1997,11
2514,16,1905,4,154,26,2068,11
2514,16,1905,4,154,26,2079,11
2514,16,1905,4,154,26,2123,11
2514,16,1905,4,154,26,2196,11
2514,16,1905,4,154,26,2206,11
2514,16,1905,4,154,26,2216,11
2514,16,1905,4,154,26,2244,11
2514,16,1905,4,154,26,2259,11
2514,16,1905,4,154,26,2261,11
2514,16,1905,4,154,26,2289,11
2514,16,1905,4,154,26,2359,11
2514,16,1905,4,154,26,2370,11
2514,16,1905,4,154,26,2405,11
2514,16,1905,4,182,37,45,11
2514,16,1905,4,182,37,159,11
2514,16,1905,4,182,37,272,11
2514,16,1905,4,182,37,338,11
2514,16,1905,4,182,37,390,11
2514,16,1905,4,182,37,457,11
2514,16,1905,4,182,37,463,11
2514,16,1905,4,182,37,620,11
2514,16,1905,4,182,37,700,11
2514,16,1905,4,182,37,742,11
2514,16,1905,4,182,37,758,11
2514,16,1905,4,182,37,879,11
2514,16,1905,4,182,37,927,11
2514,16,1905,4,182,37,979,11
2514,16,1905,4,182,37,1003,11
2514,16,1905,4,182,37,1044,11
2514,16,1905,4,182,37,1068,11
2514,16,1905,4,182,37,1153,11
2514,16,1905,4,182,37,1186,11
2514,16,1905,4,182,37,1194,11
2514,16,1905,4,182,37,1259,11
2514,16,1905,4,182,37,1260,11
2514,16,1905,4,182,37,1312,11
2514,16,1905,4,182,37,1388,11
2514,16,1905,4,182,37,1391,11
2514,16,1905,4,182,37,1422,11
2514,16,1905,4,182,37,1556,11
2514,16,1905,4,182,37,1568,11
2514,16,1905,4,182,37,1599,11
2514,16,1905,4,182,37,1747,11
2514,16,1905,4,182,37,1773,11
2514,16,1905,4,182,37,1799,11
2514,16,1905,4,182,37,1818,11
2514,16,1905,4,182,37,1873,11
2514,16,1905,4,182,37,1940,11
2514,16,1905,4,182,37,1956,11
2514,16,1905,4,182,37,1997,11
2514,16,1905,4,182,37,2068,11
2514,16,1905,4,182,37,2079,11
2514,16,1905,4,182,37,2123,11
2514,16,1905,4,182,37,2196,11
2514,16,1905,4,182,37,2206,11
2514,16,1905,4,182,37,2216,11
2514,16,1905,4,182,37,2244,11
2514,16,1905,4,182,37,2259,11
2514,16,1905,4,182,37,2261,11
2514,16,1905,4,182,37,2289,11
2514,16,1905,4,182,37,2359,11
2514,16,1905,4,182,37,2370,11
2514,16,1905,4,182,37,2405,11
2514,16,1905,4,267,27,159,11
2514,16,1905,4,267,27,272,11
2514,16,1905,4,267,27,338,11
2514,16,1905,4,267,27,457,11
2514,16,1905,4,267,27,463,11
2514,16,1905,4,267,27,700,11
2514,16,1905,4,267,27,742,11
2514,16,1905,4,267,27,758,11
2514,16,1905,4,267,27,879,11
2514,16,1905,4,267,27,927,11
2514,16,1905,4,267,27,1003,11
2514,16,1905,4,267,27,1044,11
2514,16,1905,4,267,27,1068,11
2514,16,1905,4,267,27,1153,11
2514,16,1905,4,267,27,1186,11
2514,16,1905,4,267,27,1194,11
2514,16,1905,4,267,27,1259,11
2514,16,1905,4,267,27,1260,11
2514,16,1905,4,267,27,1312,11
2514,16,1905,4,267,27,1388,11
2514,16,1905,4,267,27,1391,11
2514,16,1905,4,267,27,1422,11
2514,16,1905,4,267,27,1556,11
2514,16,1905,4,267,27,1568,11
2514,16,1905,4,267,27,1599,11
2514,16,1905,4,267,27,1747,11
2514,16,1905,4,267,27,1773,11
2514,16,1905,4,267,27,1818,11
2514,16,1905,4,267,27,1873,11
2514,16,1905,4,267,27,1940,11
2514,16,1905,4,267,27,1997,11
2514,16,1905,4,267,27,2068,11
2514,16,1905,4,267,27,2079,11
2514,16,1905,4,267,27,2123,11
2514,16,1905,4,267,27,2196,11
2514,16,1905,4,267,27,2216,11
2514,16,1905,4,267,27,2259,11
2514,16,1905,4,267,27,2289,11
2514,16,1905,4,267,27,2370,11
2514,16,1905,4,267,27,2405,11
2514,16,1905,4,491,22,45,11
2514,16,1905,4,491,22,159,11
2514,16,1905,4,491,22,272,11
2514,16,1905,4,491,22,338,11
2514,16,1905,4,491,22,390,11
2514,16,1905,4,491,22,457,11
2514,16,1905,4,491,22,463,11
2514,16,1905,4,491,22,620,11
2514,16,1905,4,491,22,700,11
2514,16,1905,4,491,22,742,11
2514,16,1905,4,491,22,758,11
2514,16,1905,4,491,22,879,11
2514,16,1905,4,491,22,927,11
2514,16,1905,4,491,22,979,11
2514,16,1905,4,491,22,1003,11
2514,16,1905,4,491,22,1044,11
2514,16,1905,4,491,22,1068,11
2514,16,1905,4,491,22,1153,11
2514,16,1905,4,491,22,1186,11
2514,16,1905,4,491,22,1194,11
2514,16,1905,4,491,22,1259,11
2514,16,1905,4,491,22,1260,11
2514,16,1905,4,491,22,1312,11
2514,16,1905,4,491,22,1388,11
2514,16,1905,4,491,22,1391,11
2514,16,1905,4,491,22,1422,11
2514,16,1905,4,491,22,1556,11
2514,16,1905,4,491,22,1568,11
2514,16,1905,4,491,22,1599,11
2514,16,1905,4,491,22,1747,11
2514,16,1905,4,491,22,1773,11
2514,16,1905,4,491,22,1799,11
2514,16,1905,4,491,22,1818,11
2514,16,1905,4,491,22,1873,11
2514,16,1905,4,491,22,1940,11
2514,16,1905,4,491,22,1956,11
2514,16,1905,4,491,22,1997,11
2514,16,1905,4,491,22,2068,11
2514,16,1905,4,491,22,2079,11
2514,16,1905,4,491,22,2123,11
2514,16,1905,4,491,22,2196,11
2514,16,1905,4,491,22,2206,11
2514,16,1905,4,491,22,2216,11
2514,16,1905,4,491,22,2244,11
2514,16,1905,4,491,22,2259,11
2514,16,1905,4,491,22,2261,11
2514,16,1905,4,491,22,2289,11
2514,16,1905,4,491,22,2359,11
2514,16,1905,4,491,22,2370,11
2514,16,1905,4,491,22,2405,11
2514,16,1905,4,588,38,45,11
2514,16,1905,4,588,38,159,11
2514,16,1905,4,588,38,272,11
2514,16,1905,4,588,38,338,11
2514,16,1905,4,588,38,390,11
2514,16,1905,4,588,38,457,11
2514,16,1905,4,588,38,463,11
2514,16,1905,4,588,38,620,11
2514,16,1905,4,588,38,700,11
2514,16,1905,4,588,38,742,11
2514,16,1905,4,588,38,758,11
2514,16,1905,4,588,38,879,11
2514,16,1905,4,588,38,927,11
2514,16,1905,4,588,38,979,11
2514,16,1905,4,588,38,1003,11
2514,16,1905,4,588,38,1044,11
2514,16,1905,4,588,38,1068,11
2514,16,1905,4,588,38,1153,11
2514,16,1905,4,588,38,1186,11
2514,16,1905,4,588,38,1194,11
2514,16,1905,4,588,38,1259,11
2514,16,1905,4,588,38,1260,11
2514,16,1905,4,588,38,1312,11
2514,16,1905,4,588,38,1388,11
2514,16,1905,4,588,38,1391,11
2514,16,1905,4,588,38,1422,11
2514,16,1905,4,588,38,1556,11
2514,16,1905,4,588,38,1568,11
2514,16,1905,4,588,38,1599,11
2514,16,1905,4,588,38,1747,11
2514,16,1905,4,588,38,1773,11
2514,16,1905,4,588,38,1799,11
2514,16,1905,4,588,38,1818,11
2514,16,1905,4,588,38,1873,11
2514,16,1905,4,588,38,1940,11
2514,16,1905,4,588,38,1956,11
2514,16,1905,4,588,38,1997,11
2514,16,1905,4,588,38,2068,11
2514,16,1905,4,588,38,2079,11
2514,16,1905,4,588,38,2123,11
2514,16,1905,4,588,38,2196,11
2514,16,1905,4,588,38,2206,11
2514,16,1905,4,588,38,2216,11
2514,16,1905,4,588,38,2244,11
2514,16,1905,4,588,38,2259,11
2514,16,1905,4,588,38,2261,11
2514,16,1905,4,588,38,2289,11
2514,16,1905,4,588,38,2359,11
2514,16,1905,4,588,38,2370,11
2514,16,1905,4,588,38,2405,11
2514,16,1905,4,605,38,45,11
2514,16,1905,4,605,38,159,11
2514,16,1905,4,605,38,272,11
2514,16,1905,4,605,38,338,11
2514,16,1905,4,605,38,390,11
2514,16,1905,4,605,38,457,11
2514,16,1905,4,605,38,463,11
2514,16,1905,4,605,38,620,11
2514,16,1905,4,605,38,700,11
2514,16,1905,4,605,38,742,11
2514,16,1905,4,605,38,758,11
2514,16,1905,4,605,38,879,11
2514,16,1905,4,605,38,927,11
2514,16,1905,4,605,38,979,11
2514,16,1905,4,605,38,1003,11
2514,16,1905,4,605,38,1044,11
2514,16,1905,4,605,38,1068,11
2514,16,1905,4,605,38,1153,11
2514,16,1905,4,605,38,1186,11
2514,16,1905,4,605,38,1194,11
2514,16,1905,4,605,38,1259,11
2514,16,1905,4,605,38,1260,11
2514,16,1905,4,605,38,1312,11
2514,16,1905,4,605,38,1388,11
2514,16,1905,4,605,38,1391,11
2514,16,1905,4,605,38,1422,11
2514,16,1905,4,605,38,1556,11
2514,16,1905,4,605,38,1568,11
2514,16,1905,4,605,38,1599,11
2514,16,1905,4,605,38,1747,11
2514,16,1905,4,605,38,1773,11
2514,16,1905,4,605,38,1799,11
2514,16,1905,4,605,38,1818,11
2514,16,1905,4,605,38,1873,11
2514,16,1905,4,605,38,1940,11
2514,16,1905,4,605,38,1956,11
2514,16,1905,4,605,38,1997,11
2514,16,1905,4,605,38,2068,11
2514,16,1905,4,605,38,2079,11
2514,16,1905,4,605,38,2123,11
2514,16,1905,4,605,38,2196,11
2514,16,1905,4,605,38,2206,11
2514,16,1905,4,605,38,2216,11
2514,16,1905,4,605,38,2244,11
2514,16,1905,4,605,38,2259,11
2514,16,1905,4,605,38,2261,11
2514,16,1905,4,605,38,2289,11
2514,16,1905,4,605,38,2359,11
2514,16,1905,4,605,38,2370,11
2514,16,1905,4,605,38,2405,11
2514,16,1905,4,812,25,45,11
2514,16,1905,4,812,25,159,11
2514,16,1905,4,812,25,272,11
2514,16,1905,4,812,25,338,11
2514,16,1905,4,812,25,390,11
2514,16,1905,4,812,25,457,11
2514,16,1905,4,812,25,463,11
2514,16,1905,4,812,25,620,11
2514,16,1905,4,812,25,700,11
2514,16,1905,4,812,25,742,11
2514,16,1905,4,812,25,758,11
2514,16,1905,4,812,25,879,11
2514,16,1905,4,812,25,927,11
2514,16,1905,4,812,25,979,11
2514,16,1905,4,812,25,1003,11
2514,16,1905,4,812,25,1044,11
2514,16,1905,4,812,25,1068,11
2514,16,1905,4,812,25,1153,11
2514,16,1905,4,812,25,1186,11
2514,16,1905,4,812,25,1194,11
2514,16,1905,4,812,25,1259,11
2514,16,1905,4,812,25,1260,11
2514,16,1905,4,812,25,1312,11
2514,16,1905,4,812,25,1388,11
2514,16,1905,4,812,25,1391,11
2514,16,1905,4,812,25,1422,11
2514,16,1905,4,812,25,1556,11
2514,16,1905,4,812,25,1568,11
2514,16,1905,4,812,25,1599,11
2514,16,1905,4,812,25,1747,11
2514,16,1905,4,812,25,1773,11
2514,16,1905,4,812,25,1799,11
2514,16,1905,4,812,25,1818,11
2514,16,1905,4,812,25,1873,11
2514,16,1905,4,812,25,1940,11
2514,16,1905,4,812,25,1956,11
2514,16,1905,4,812,25,1997,11
2514,16,1905,4,812,25,2068,11
2514,16,1905,4,812,25,2079,11
2514,16,1905,4,812,25,2123,11
2514,16,1905,4,812,25,2196,11
2514,16,1905,4,812,25,2206,11
2514,16,1905,4,812,25,2216,11
2514,16,1905,4,812,25,2244,11
2514,16,1905,4,812,25,2259,11
2514,16,1905,4,812,25,2261,11
2514,16,1905,4,812,25,2289,11
2514,16,1905,4,812,25,2359,11
2514,16,1905,4,812,25,2370,11
2514,16,1905,4,812,25,2405,11
2514,16,1905,4,1224,31,45,11
2514,16,1905,4,1224,31,159,11
2514,16,1905,4,1224,31,272,11
2514,16,1905,4,1224,31,338,11
2514,16,1905,4,1224,31,390,11
2514,16,1905,4,1224,31,457,11
2514,16,1905,4,1224,31,463,11
2514,16,1905,4,1224,31,620,11
2514,16,1905,4,1224,31,700,11
2514,16,1905,4,1224,31,742,11
2514,16,1905,4,1224,31,758,11
2514,16,1905,4,1224,31,879,11
2514,16,1905,4,1224,31,927,11
2514,16,1905,4,1224,31,979,11
2514,16,1905,4,1224,31,1003,11
2514,16,1905,4,1224,31,1044,11
2514,16,1905,4,1224,31,1068,11
2514,16,1905,4,1224,31,1153,11
2514,16,1905,4,1224,31,1186,11
2514,16,1905,4,1224,31,1194,11
2514,16,1905,4,1224,31,1259,11
2514,16,1905,4,1224,31,1260,11
2514,16,1905,4,1224,31,1312,11
2514,16,1905,4,1224,31,1388,11
2514,16,1905,4,1224,31,1391,11
2514,16,1905,4,1224,31,1422,11
2514,16,1905,4,1224,31,1556,11
2514,16,1905,4,1224,31,1568,11
2514,16,1905,4,1224,31,1599,11
2514,16,1905,4,1224,31,1747,11
2514,16,1905,4,1224,31,1773,11
2514,16,1905,4,1224,31,1799,11
2514,16,1905,4,1224,31,1818,11
2514,16,1905,4,1224,31,1873,11
2514,16,1905,4,1224,31,1940,11
2514,16,1905,4,1224,31,1956,11
2514,16,1905,4,1224,31,1997,11
2514,16,1905,4,1224,31,2068,11
2514,16,1905,4,1224,31,2079,11
2514,16,1905,4,1224,31,2123,11
2514,16,1905,4,1224,31,2196,11
2514,16,1905,4,1224,31,2206,11
2514,16,1905,4,1224,31,2216,11
2514,16,1905,4,1224,31,2244,11
2514,16,1905,4,1224,31,2259,11
2514,16,1905,4,1224,31,2261,11
2514,16,1905,4,1224,31,2289,11
2514,16,1905,4,1224,31,2359,11
2514,16,1905,4,1224,31,2370,11
2514,16,1905,4,1224,31,2405,11
2514,16,1905,4,1395,46,45,11
2514,16,1905,4,1395,46,159,11
2514,16,1905,4,1395,46,272,11
2514,16,1905,4,1395,46,338,11
2514,16,1905,4,1395,46,390,11
2514,16,1905,4,1395,46,457,11
2514,16,1905,4,1395,46,463,11
2514,16,1905,4,1395,46,620,11
2514,16,1905,4,1395,46,700,11
2514,16,1905,4,1395,46,742,11
2514,16,1905,4,1395,46,758,11
2514,16,1905,4,1395,46,879,11
2514,16,1905,4,1395,46,927,11
2514,16,1905,4,1395,46,979,11
2514,16,1905,4,1395,46,1003,11
2514,16,1905,4,1395,46,1044,11
2514,16,1905,4,1395,46,1068,11
2514,16,1905,4,1395,46,1153,11
2514,16,1905,4,1395,46,1186,11
2514,16,1905,4,1395,46,1194,11
2514,16,1905,4,1395,46,1259,11
2514,16,1905,4,1395,46,1260,11
2514,16,1905,4,1395,46,1312,11
2514,16,1905,4,1395,46,1388,11
2514,16,1905,4,1395,46,1391,11
2514,16,1905,4,1395,46,1422,11
2514,16,1905,4,1395,46,1556,11
2514,16,1905,4,1395,46,1568,11
2514,16,1905,4,1395,46,1599,11
2514,16,1905,4,1395,46,1747,11
2514,16,1905,4,1395,46,1773,11
2514,16,1905,4,1395,46,1799,11
2514,16,1905,4,1395,46,1818,11
2514,16,1905,4,1395,46,1873,11
2514,16,1905,4,1395,46,1940,11
2514,16,1905,4,1395,46,1956,11
2514,16,1905,4,1395,46,1997,11
2514,16,1905,4,1395,46,2068,11
2514,16,1905,4,1395,46,2079,11
2514,16,1905,4,1395,46,2123,11
2514,16,1905,4,1395,46,2196,11
2514,16,1905,4,1395,46,2206,11
2514,16,1905,4,1395,46,2216,11
2514,16,1905,4,1395,46,2244,11
2514,16,1905,4,1395,46,2259,11
2514,16,1905,4,1395,46,2261,11
2514,16,1905,4,1395,46,2289,11
2514,16,1905,4,1395,46,2359,11
2514,16,1905,4,1395,46,2370,11
2514,16,1905,4,1395,46,2405,11
2514,16,1905,4,1457,12,45,11
2514,16,1905,4,1457,12,159,11
2514,16,1905,4,1457,12,272,11
2514,16,1905,4,1457,12,338,11
2514,16,1905,4,1457,12,390,11
2514,16,1905,4,1457,12,457,11
2514,16,1905,4,1457,12,463,11
2514,16,1905,4,1457,12,620,11
2514,16,1905,4,1457,12,700,11
2514,16,1905,4,1457,12,742,11
2514,16,1905,4,1457,12,758,11
2514,16,1905,4,1457,12,879,11
2514,16,1905,4,1457,12,927,11
2514,16,1905,4,1457,12,979,11
2514,16,1905,4,1457,12,1003,11
2514,16,1905,4,1457,12,1044,11
2514,16,1905,4,1457,12,1068,11
2514,16,1905,4,1457,12,1153,11
2514,16,1905,4,1457,12,1186,11
2514,16,1905,4,1457,12,1194,11
2514,16,1905,4,1457,12,1259,11
2514,16,1905,4,1457,12,1260,11
2514,16,1905,4,1457,12,1312,11
2514,16,1905,4,1457,12,1388,11
2514,16,1905,4,1457,12,1391,11
2514,16,1905,4,1457,12,1422,11
2514,16,1905,4,1457,12,1556,11
2514,16,1905,4,1457,12,1568,11
2514,16,1905,4,1457,12,1599,11
2514,16,1905,4,1457,12,1747,11
2514,16,1905,4,1457,12,1773,11
2514,16,1905,4,1457,12,1799,11
2514,16,1905,4,1457,12,1818,11
2514,16,1905,4,1457,12,1873,11
2514,16,1905,4,1457,12,1940,11
2514,16,1905,4,1457,12,1956,11
2514,16,1905,4,1457,12,1997,11
2514,16,1905,4,1457,12,2068,11
2514,16,1905,4,1457,12,2079,11
2514,16,1905,4,1457,12,2123,11
2514,16,1905,4,1457,12,2196,11
2514,16,1905,4,1457,12,2206,11
2514,16,1905,4,1457,12,2216,11
2514,16,1905,4,1457,12,2244,11
2514,16,1905,4,1457,12,2259,11
2514,16,1905,4,1457,12,2261,11
2514,16,1905,4,1457,12,2289,11
2514,16,1905,4,1457,12,2359,11
2514,16,1905,4,1457,12,2370,11
2514,16,1905,4,1457,12,2405,11
2514,16,1905,4,1523,25,45,11
2514,16,1905,4,1523,25,159,11
2514,16,1905,4,1523,25,272,11
2514,16,1905,4,1523,25,338,11
2514,16,1905,4,1523,25,390,11
2514,16,1905,4,1523,25,457,11
2514,16,1905,4,1523,25,463,11
2514,16,1905,4,1523,25,620,11
2514,16,1905,4,1523,25,700,11
2514,16,1905,4,1523,25,742,11
2514,16,1905,4,1523,25,758,11
2514,16,1905,4,1523,25,879,11
2514,16,1905,4,1523,25,927,11
2514,16,1905,4,1523,25,979,11
2514,16,1905,4,1523,25,1003,11
2514,16,1905,4,1523,25,1044,11
2514,16,1905,4,1523,25,1068,11
2514,16,1905,4,1523,25,1153,11
2514,16,1905,4,1523,25,1186,11
2514,16,1905,4,1523,25,1194,11
2514,16,1905,4,1523,25,1259,11
2514,16,1905,4,1523,25,1260,11
2514,16,1905,4,1523,25,1312,11
2514,16,1905,4,1523,25,1388,11
2514,16,1905,4,1523,25,1391,11
2514,16,1905,4,1523,25,1422,11
2514,16,1905,4,1523,25,1556,11
2514,16,1905,4,1523,25,1568,11
2514,16,1905,4,1523,25,1599,11
2514,16,1905,4,1523,25,1747,11
2514,16,1905,4,1523,25,1773,11
2514,16,1905,4,1523,25,1799,11
2514,16,1905,4,1523,25,1818,11
2514,16,1905,4,1523,25,1873,11
2514,16,1905,4,1523,25,1940,11
2514,16,1905,4,1523,25,1956,11
2514,16,1905,4,1523,25,1997,11
2514,16,1905,4,1523,25,2068,11
2514,16,1905,4,1523,25,2079,11
2514,16,1905,4,1523,25,2123,11
2514,16,1905,4,1523,25,2196,11
2514,16,1905,4,1523,25,2206,11
2514,16,1905,4,1523,25,2216,11
2514,16,1905,4,1523,25,2244,11
2514,16,1905,4,1523,25,2259,11
2514,16,1905,4,1523,25,2261,11
2514,16,1905,4,1523,25,2289,11
2514,16,1905,4,1523,25,2359,11
2514,16,1905,4,1523,25,2370,11
2514,16,1905,4,1523,25,2405,11
2514,16,1905,4,1567,23,45,11
2514,16,1905,4,1567,23,159,11
2514,16,1905,4,1567,23,272,11
2514,16,1905,4,1567,23,338,11
2514,16,1905,4,1567,23,390,11
2514,16,1905,4,1567,23,457,11
2514,16,1905,4,1567,23,463,11
2514,16,1905,4,1567,23,620,11
2514,16,1905,4,1567,23,700,11
2514,16,1905,4,1567,23,742,11
2514,16,1905,4,1567,23,758,11
2514,16,1905,4,1567,23,879,11
2514,16,1905,4,1567,23,927,11
2514,16,1905,4,1567,23,979,11
2514,16,1905,4,1567,23,1003,11
2514,16,1905,4,1567,23,1044,11
2514,16,1905,4,1567,23,1068,11
2514,16,1905,4,1567,23,1153,11
2514,16,1905,4,1567,23,1186,11
2514,16,1905,4,1567,23,1194,11
2514,16,1905,4,1567,23,1259,11
2514,16,1905,4,1567,23,1260,11
2514,16,1905,4,1567,23,1312,11
2514,16,1905,4,1567,23,1388,11
2514,16,1905,4,1567,23,1391,11
2514,16,1905,4,1567,23,1422,11
2514,16,1905,4,1567,23,1556,11
2514,16,1905,4,1567,23,1568,11
2514,16,1905,4,1567,23,1599,11
2514,16,1905,4,1567,23,1747,11
2514,16,1905,4,1567,23,1773,11
2514,16,1905,4,1567,23,1799,11
2514,16,1905,4,1567,23,1818,11
2514,16,1905,4,1567,23,1873,11
2514,16,1905,4,1567,23,1940,11
2514,16,1905,4,1567,23,1956,11
2514,16,1905,4,1567,23,1997,11
2514,16,1905,4,1567,23,2068,11
2514,16,1905,4,1567,23,2079,11
2514,16,1905,4,1567,23,2123,11
2514,16,1905,4,1567,23,2196,11
2514,16,1905,4,1567,23,2206,11
2514,16,1905,4,1567,23,2216,11
2514,16,1905,4,1567,23,2244,11
2514,16,1905,4,1567,23,2259,11
2514,16,1905,4,1567,23,2261,11
2514,16,1905,4,1567,23,2289,11
2514,16,1905,4,1567,23,2359,11
2514,16,1905,4,1567,23,2370,11
2514,16,1905,4,1567,23,2405,11
