2514,16,1529,29,135,44,159,11
2514,16,1529,29,135,44,272,11
2514,16,1529,29,135,44,457,11
2514,16,1529,29,135,44,463,11
2514,16,1529,29,135,44,700,11
2514,16,1529,29,135,44,879,11
2514,16,1529,29,135,44,927,11
2514,16,1529,29,135,44,1003,11
2514,16,1529,29,135,44,1068,11
2514,16,1529,29,135,44,1153,11
2514,16,1529,29,135,44,1194,11
2514,16,1529,29,135,44,1260,11
2514,16,1529,29,135,44,1388,11
2514,16,1529,29,135,44,1391,11
2514,16,1529,29,135,44,1422,11
2514,16,1529,29,135,44,1556,11
2514,16,1529,29,135,44,1568,11
2514,16,1529,29,135,44,1599,11
2514,16,1529,29,135,44,1747,11
2514,16,1529,29,135,44,1818,11
2514,16,1529,29,135,44,1873,11
2514,16,1529,29,135,44,1940,11
2514,16,1529,29,135,44,2068,11
2514,16,1529,29,135,44,2079,11
2514,16,1529,29,135,44,2123,11
2514,16,1529,29,135,44,2196,11
2514,16,1529,29,135,44,2216,11
2514,16,1529,29,135,44,2259,11
2514,16,1529,29,135,44,2370,11
2514,16,1529,29,135,44,2405,11
2514,16,1529,29,195,34,45,11
2514,16,1529,29,195,34,159,11
2514,16,1529,29,195,34,272,11
2514,16,1529,29,195,34,338,11
2514,16,1529,29,195,34,390,11
2514,16,1529,29,195,34,457,11
2514,16,1529,29,195,34,463,11
2514,16,1529,29,195,34,620,11
2514,16,1529,29,195,34,700,11
2514,16,1529,29,195,34,742,11
2514,16,1529,29,195,34,758,11
2514,16,1529,29,195,34,879,11
2514,16,1529,29,195,34,927,11
2514,16,1529,29,195,34,979,11
2514,16,1529,29,195,34,1003,11
2514,16,1529,29,195,34,1044,11
2514,16,1529,29,195,34,1068,11
2514,16,1529,29,195,34,1153,11
2514,16,1529,29,195,34,1186,11
2514,16,1529,29,195,34,1194,11
2514,16,1529,29,195,34,1259,11
2514,16,1529,29,195,34,1260,11
2514,16,1529,29,195,34,1312,11
2514,16,1529,29,195,34,1388,11
2514,16,1529,29,195,34,1391,11
2514,16,1529,29,195,34,1422,11
2514,16,1529,29,195,34,1556,11
2514,16,1529,29,195,34,1568,11
2514,16,1529,29,195,34,1599,11
2514,16,1529,29,195,34,1747,11
2514,16,1529,29,195,34,1773,11
2514,16,1529,29,195,34,1799,11
2514,16,1529,29,195,34,1818,11
2514,16,1529,29,195,34,1873,11
2514,16,1529,29,195,34,1940,11
2514,16,1529,29,195,34,1956,11
2514,16,1529,29,195,34,1997,11
2514,16,1529,29,195,34,2068,11
2514,16,1529,29,195,34,2079,11
2514,16,1529,29,195,34,2123,11
2514,16,1529,29,195,34,2196,11
2514,16,1529,29,195,34,2206,11
2514,16,1529,29,195,34,2216,11
2514,16,1529,29,195,34,2244,11
2514,16,1529,29,195,34,2259,11
2514,16,1529,29,195,34,2261,11
2514,16,1529,29,195,34,2289,11
2514,16,1529,29,195,34,2359,11
2514,16,1529,29,195,34,2370,11
2514,16,1529,29,195,34,2405,11
2514,16,1529,29,281,11,45,11
2514,16,1529,29,281,11,159,11
2514,16,1529,29,281,11,272,11
2514,16,1529,29,281,11,338,11
2514,16,1529,29,281,11,390,11
2514,16,1529,29,281,11,457,11
2514,16,1529,29,281,11,463,11
2514,16,1529,29,281,11,620,11
2514,16,1529,29,281,11,700,11
2514,16,1529,29,281,11,742,11
2514,16,1529,29,281,11,758,11
2514,16,1529,29,281,11,879,11
2514,16,1529,29,281,11,927,11
2514,16,1529,29,281,11,979,11
2514,16,1529,29,281,11,1003,11
2514,16,1529,29,281,11,1044,11
2514,16,1529,29,281,11,1068,11
2514,16,1529,29,281,11,1153,11
2514,16,1529,29,281,11,1186,11
2514,16,1529,29,281,11,1194,11
2514,16,1529,29,281,11,1259,11
2514,16,1529,29,281,11,1260,11
2514,16,1529,29,281,11,1312,11
2514,16,1529,29,281,11,1388,11
2514,16,1529,29,281,11,1391,11
2514,16,1529,29,281,11,1422,11
2514,16,1529,29,281,11,1556,11
2514,16,1529,29,281,11,1568,11
2514,16,1529,29,281,11,1599,11
2514,16,1529,29,281,11,1747,11
2514,16,1529,29,281,11,1773,11
2514,16,1529,29,281,11,1799,11
2514,16,1529,29,281,11,1818,11
2514,16,1529,29,281,11,1873,11
2514,16,1529,29,281,11,1940,11
2514,16,1529,29,281,11,1956,11
2514,16,1529,29,281,11,1997,11
2514,16,1529,29,281,11,2068,11
2514,16,1529,29,281,11,2079,11
2514,16,1529,29,281,11,2123,11
2514,16,1529,29,281,11,2196,11
2514,16,1529,29,281,11,2206,11
2514,16,1529,29,281,11,2216,11
2514,16,1529,29,281,11,2244,11
2514,16,1529,29,281,11,2259,11
2514,16,1529,29,281,11,2261,11
2514,16,1529,29,281,11,2289,11
2514,16,1529,29,281,11,2359,11
2514,16,1529,29,281,11,2370,11
2514,16,1529,29,281,11,2405,11
2514,16,1529,29,459,12,45,11
2514,16,1529,29,459,12,159,11
2514,16,1529,29,459,12,272,11
2514,16,1529,29,459,12,338,11
2514,16,1529,29,459,12,390,11
2514,16,1529,29,459,12,457,11
2514,16,1529,29,459,12,463,11
2514,16,1529,29,459,12,620,11
2514,16,1529,29,459,12,700,11
2514,16,1529,29,459,12,742,11
2514,16,1529,29,459,12,758,11
2514,16,1529,29,459,12,879,11
2514,16,1529,29,459,12,927,11
2514,16,1529,29,459,12,979,11
2514,16,1529,29,459,12,1003,11
2514,16,1529,29,459,12,1044,11
2514,16,1529,29,459,12,1068,11
2514,16,1529,29,459,12,1153,11
2514,16,1529,29,459,12,1186,11
2514,16,1529,29,459,12,1194,11
2514,16,1529,29,459,12,1259,11
2514,16,1529,29,459,12,1260,11
2514,16,1529,29,459,12,1312,11
2514,16,1529,29,459,12,1388,11
2514,16,1529,29,459,12,1391,11
2514,16,1529,29,459,12,1422,11
2514,16,1529,29,459,12,1556,11
2514,16,1529,29,459,12,1568,11
2514,16,1529,29,459,12,1599,11
2514,16,1529,29,459,12,1747,11
2514,16,1529,29,459,12,1773,11
2514,16,1529,29,459,12,1799,11
2514,16,1529,29,459,12,1818,11
2514,16,1529,29,459,12,1873,11
2514,16,1529,29,459,12,1940,11
2514,16,1529,29,459,12,1956,11
2514,16,1529,29,459,12,1997,11
2514,16,1529,29,459,12,2068,11
2514,16,1529,29,459,12,2079,11
2514,16,1529,29,459,12,2123,11
2514,16,1529,29,459,12,2196,11
2514,16,1529,29,459,12,2206,11
2514,16,1529,29,459,12,2216,11
2514,16,1529,29,459,12,2244,11
2514,16,1529,29,459,12,2259,11
2514,16,1529,29,459,12,2261,11
2514,16,1529,29,459,12,2289,11
2514,16,1529,29,459,12,2359,11
2514,16,1529,29,459,12,2370,11
2514,16,1529,29,459,12,2405,11
2514,16,1529,29,758,10,45,11
2514,16,1529,29,758,10,159,11
2514,16,1529,29,758,10,272,11
2514,16,1529,29,758,10,338,11
2514,16,1529,29,758,10,390,11
2514,16,1529,29,758,10,457,11
2514,16,1529,29,758,10,463,11
2514,16,1529,29,758,10,620,11
2514,16,1529,29,758,10,700,11
2514,16,1529,29,758,10,742,11
2514,16,1529,29,758,10,758,11
2514,16,1529,29,758,10,879,11
2514,16,1529,29,758,10,927,11
2514,16,1529,29,758,10,979,11
2514,16,1529,29,758,10,1003,11
2514,16,1529,29,758,10,1044,11
2514,16,1529,29,758,10,1068,11
2514,16,1529,29,758,10,1153,11
2514,16,1529,29,758,10,1186,11
2514,16,1529,29,758,10,1194,11
2514,16,1529,29,758,10,1259,11
2514,16,1529,29,758,10,1260,11
2514,16,1529,29,758,10,1312,11
2514,16,1529,29,758,10,1388,11
2514,16,1529,29,758,10,1391,11
2514,16,1529,29,758,10,1422,11
2514,16,1529,29,758,10,1556,11
2514,16,1529,29,758,10,1568,11
2514,16,1529,29,758,10,1599,11
2514,16,1529,29,758,10,1747,11
2514,16,1529,29,758,10,1773,11
2514,16,1529,29,758,10,1799,11
2514,16,1529,29,758,10,1818,11
2514,16,1529,29,758,10,1873,11
2514,16,1529,29,758,10,1940,11
2514,16,1529,29,758,10,1956,11
2514,16,1529,29,758,10,1997,11
2514,16,1529,29,758,10,2068,11
2514,16,1529,29,758,10,2079,11
2514,16,1529,29,758,10,2123,11
2514,16,1529,29,758,10,2196,11
2514,16,1529,29,758,10,2206,11
2514,16,1529,29,758,10,2216,11
2514,16,1529,29,758,10,2244,11
2514,16,1529,29,758,10,2259,11
2514,16,1529,29,758,10,2261,11
2514,16,1529,29,758,10,2289,11
2514,16,1529,29,758,10,2359,11
2514,16,1529,29,758,10,2370,11
2514,16,1529,29,758,10,2405,11
2514,16,1529,29,805,45,45,11
2514,16,1529,29,805,45,159,11
2514,16,1529,29,805,45,272,11
2514,16,1529,29,805,45,338,11
2514,16,1529,29,805,45,390,11
2514,16,1529,29,805,45,457,11
2514,16,1529,29,805,45,463,11
2514,16,1529,29,805,45,620,11
2514,16,1529,29,805,45,700,11
2514,16,1529,29,805,45,742,11
2514,16,1529,29,805,45,758,11
2514,16,1529,29,805,45,879,11
2514,16,1529,29,805,45,927,11
2514,16,1529,29,805,45,979,11
2514,16,1529,29,805,45,1003,11
2514,16,1529,29,805,45,1044,11
2514,16,1529,29,805,45,1068,11
2514,16,1529,29,805,45,1153,11
2514,16,1529,29,805,45,1186,11
2514,16,1529,29,805,45,1194,11
2514,16,1529,29,805,45,1259,11
2514,16,1529,29,805,45,1260,11
2514,16,1529,29,805,45,1312,11
2514,16,1529,29,805,45,1388,11
2514,16,1529,29,805,45,1391,11
2514,16,1529,29,805,45,1422,11
2514,16,1529,29,805,45,1556,11
2514,16,1529,29,805,45,1568,11
2514,16,1529,29,805,45,1599,11
2514,16,1529,29,805,45,1747,11
2514,16,1529,29,805,45,1773,11
2514,16,1529,29,805,45,1799,11
2514,16,1529,29,805,45,1818,11
2514,16,1529,29,805,45,1873,11
2514,16,1529,29,805,45,1940,11
2514,16,1529,29,805,45,1956,11
2514,16,1529,29,805,45,1997,11
2514,16,1529,29,805,45,2068,11
2514,16,1529,29,805,45,2079,11
2514,16,1529,29,805,45,2123,11
2514,16,1529,29,805,45,2196,11
2514,16,1529,29,805,45,2206,11
2514,16,1529,29,805,45,2216,11
2514,16,1529,29,805,45,2244,11
2514,16,1529,29,805,45,2259,11
2514,16,1529,29,805,45,2261,11
2514,16,1529,29,805,45,2289,11
2514,16,1529,29,805,45,2359,11
2514,16,1529,29,805,45,2370,11
2514,16,1529,29,805,45,2405,11
2514,16,1529,29,1381,39,45,11
2514,16,1529,29,1381,39,159,11
2514,16,1529,29,1381,39,272,11
2514,16,1529,29,1381,39,338,11
2514,16,1529,29,1381,39,390,11
2514,16,1529,29,1381,39,457,11
2514,16,1529,29,1381,39,463,11
2514,16,1529,29,1381,39,620,11
2514,16,1529,29,1381,39,700,11
2514,16,1529,29,1381,39,742,11
2514,16,1529,29,1381,39,758,11
2514,16,1529,29,1381,39,879,11
2514,16,1529,29,1381,39,927,11
2514,16,1529,29,1381,39,979,11
2514,16,1529,29,1381,39,1003,11
2514,16,1529,29,1381,39,1044,11
2514,16,1529,29,1381,39,1068,11
2514,16,1529,29,1381,39,1153,11
2514,16,1529,29,1381,39,1186,11
2514,16,1529,29,1381,39,1194,11
2514,16,1529,29,1381,39,1259,11
2514,16,1529,29,1381,39,1260,11
2514,16,1529,29,1381,39,1312,11
2514,16,1529,29,1381,39,1388,11
2514,16,1529,29,1381,39,1391,11
2514,16,1529,29,1381,39,1422,11
2514,16,1529,29,1381,39,1556,11
2514,16,1529,29,1381,39,1568,11
2514,16,1529,29,1381,39,1599,11
2514,16,1529,29,1381,39,1747,11
2514,16,1529,29,1381,39,1773,11
2514,16,1529,29,1381,39,1799,11
2514,16,1529,29,1381,39,1818,11
2514,16,1529,29,1381,39,1873,11
2514,16,1529,29,1381,39,1940,11
2514,16,1529,29,1381,39,1956,11
2514,16,1529,29,1381,39,1997,11
2514,16,1529,29,1381,39,2068,11
2514,16,1529,29,1381,39,2079,11
2514,16,1529,29,1381,39,2123,11
2514,16,1529,29,1381,39,2196,11
2514,16,1529,29,1381,39,2206,11
2514,16,1529,29,1381,39,2216,11
2514,16,1529,29,1381,39,2244,11
2514,16,1529,29,1381,39,2259,11
2514,16,1529,29,1381,39,2261,11
2514,16,1529,29,1381,39,2289,11
2514,16,1529,29,1381,39,2359,11
2514,16,1529,29,1381,39,2370,11
2514,16,1529,29,1381,39,2405,11
2514,16,1529,29,1390,37,45,11
2514,16,1529,29,1390,37,390,11
2514,16,1529,29,1390,37,620,11
2514,16,1529,29,1390,37,979,11
2514,16,1529,29,1390,37,1799,11
2514,16,1529,29,1390,37,1956,11
2514,16,1529,29,1390,37,2206,11
2514,16,1529,29,1390,37,2244,11
2514,16,1529,29,1390,37,2261,11
2514,16,1529,29,1390,37,2359,11
2514,16,1529,29,1405,35,45,11
2514,16,1529,29,1405,35,159,11
2514,16,1529,29,1405,35,272,11
2514,16,1529,29,1405,35,338,11
2514,16,1529,29,1405,35,390,11
2514,16,1529,29,1405,35,457,11
2514,16,1529,29,1405,35,463,11
2514,16,1529,29,1405,35,620,11
2514,16,1529,29,1405,35,700,11
2514,16,1529,29,1405,35,742,11
2514,16,1529,29,1405,35,758,11
2514,16,1529,29,1405,35,879,11
2514,16,1529,29,1405,35,927,11
2514,16,1529,29,1405,35,979,11
2514,16,1529,29,1405,35,1003,11
2514,16,1529,29,1405,35,1044,11
2514,16,1529,29,1405,35,1068,11
2514,16,1529,29,1405,35,1153,11
2514,16,1529,29,1405,35,1186,11
2514,16,1529,29,1405,35,1194,11
2514,16,1529,29,1405,35,1259,11
2514,16,1529,29,1405,35,1260,11
2514,16,1529,29,1405,35,1312,11
2514,16,1529,29,1405,35,1388,11
2514,16,1529,29,1405,35,1391,11
2514,16,1529,29,1405,35,1422,11
2514,16,1529,29,1405,35,1556,11
2514,16,1529,29,1405,35,1568,11
2514,16,1529,29,1405,35,1599,11
2514,16,1529,29,1405,35,1747,11
2514,16,1529,29,1405,35,1773,11
2514,16,1529,29,1405,35,1799,11
2514,16,1529,29,1405,35,1818,11
2514,16,1529,29,1405,35,1873,11
2514,16,1529,29,1405,35,1940,11
2514,16,1529,29,1405,35,1956,11
2514,16,1529,29,1405,35,1997,11
2514,16,1529,29,1405,35,2068,11
2514,16,1529,29,1405,35,2079,11
2514,16,1529,29,1405,35,2123,11
2514,16,1529,29,1405,35,2196,11
2514,16,1529,29,1405,35,2206,11
2514,16,1529,29,1405,35,2216,11
2514,16,1529,29,1405,35,2244,11
2514,16,1529,29,1405,35,2259,11
2514,16,1529,29,1405,35,2261,11
2514,16,1529,29,1405,35,2289,11
2514,16,1529,29,1405,35,2359,11
2514,16,1529,29,1405,35,2370,11
2514,16,1529,29,1405,35,2405,11
2514,16,1529,29,1533,12,45,11
2514,16,1529,29,1533,12,159,11
2514,16,1529,29,1533,12,272,11
2514,16,1529,29,1533,12,338,11
2514,16,1529,29,1533,12,390,11
2514,16,1529,29,1533,12,457,11
2514,16,1529,29,1533,12,463,11
2514,16,1529,29,1533,12,620,11
2514,16,1529,29,1533,12,700,11
2514,16,1529,29,1533,12,742,11
2514,16,1529,29,1533,12,758,11
2514,16,1529,29,1533,12,879,11
2514,16,1529,29,1533,12,927,11
2514,16,1529,29,1533,12,979,11
2514,16,1529,29,1533,12,1003,11
2514,16,1529,29,1533,12,1044,11
2514,16,1529,29,1533,12,1068,11
2514,16,1529,29,1533,12,1153,11
2514,16,1529,29,1533,12,1186,11
2514,16,1529,29,1533,12,1194,11
2514,16,1529,29,1533,12,1259,11
2514,16,1529,29,1533,12,1260,11
2514,16,1529,29,1533,12,1312,11
2514,16,1529,29,1533,12,1388,11
2514,16,1529,29,1533,12,1391,11
2514,16,1529,29,1533,12,1422,11
2514,16,1529,29,1533,12,1556,11
2514,16,1529,29,1533,12,1568,11
2514,16,1529,29,1533,12,1599,11
2514,16,1529,29,1533,12,1747,11
2514,16,1529,29,1533,12,1773,11
2514,16,1529,29,1533,12,1799,11
2514,16,1529,29,1533,12,1818,11
2514,16,1529,29,1533,12,1873,11
2514,16,1529,29,1533,12,1940,11
2514,16,1529,29,1533,12,1956,11
2514,16,1529,29,1533,12,1997,11
2514,16,1529,29,1533,12,2068,11
2514,16,1529,29,1533,12,2079,11
2514,16,1529,29,1533,12,2123,11
2514,16,1529,29,1533,12,2196,11
2514,16,1529,29,1533,12,2206,11
2514,16,1529,29,1533,12,2216,11
2514,16,1529,29,1533,12,2244,11
2514,16,1529,29,1533,12,2259,11
2514,16,1529,29,1533,12,2261,11
2514,16,1529,29,1533,12,2289,11
2514,16,1529,29,1533,12,2359,11
2514,16,1529,29,1533,12,2370,11
2514,16,1529,29,1533,12,2405,11
2514,16,1529,29,1560,17,45,11
2514,16,1529,29,1560,17,159,11
2514,16,1529,29,1560,17,272,11
2514,16,1529,29,1560,17,338,11
2514,16,1529,29,1560,17,390,11
2514,16,1529,29,1560,17,457,11
2514,16,1529,29,1560,17,463,11
2514,16,1529,29,1560,17,620,11
2514,16,1529,29,1560,17,700,11
2514,16,1529,29,1560,17,742,11
2514,16,1529,29,1560,17,758,11
2514,16,1529,29,1560,17,879,11
2514,16,1529,29,1560,17,927,11
2514,16,1529,29,1560,17,979,11
2514,16,1529,29,1560,17,1003,11
2514,16,1529,29,1560,17,1044,11
2514,16,1529,29,1560,17,1068,11
2514,16,1529,29,1560,17,1153,11
2514,16,1529,29,1560,17,1186,11
2514,16,1529,29,1560,17,1194,11
2514,16,1529,29,1560,17,1259,11
2514,16,1529,29,1560,17,1260,11
2514,16,1529,29,1560,17,1312,11
2514,16,1529,29,1560,17,1388,11
2514,16,1529,29,1560,17,1391,11
2514,16,1529,29,1560,17,1422,11
2514,16,1529,29,1560,17,1556,11
2514,16,1529,29,1560,17,1568,11
2514,16,1529,29,1560,17,1599,11
2514,16,1529,29,1560,17,1747,11
2514,16,1529,29,1560,17,1773,11
2514,16,1529,29,1560,17,1799,11
2514,16,1529,29,1560,17,1818,11
2514,16,1529,29,1560,17,1873,11
2514,16,1529,29,1560,17,1940,11
2514,16,1529,29,1560,17,1956,11
2514,16,1529,29,1560,17,1997,11
2514,16,1529,29,1560,17,2068,11
2514,16,1529,29,1560,17,2079,11
2514,16,1529,29,1560,17,2123,11
2514,16,1529,29,1560,17,2196,11
2514,16,1529,29,1560,17,2206,11
2514,16,1529,29,1560,17,2216,11
2514,16,1529,29,1560,17,2244,11
2514,16,1529,29,1560,17,2259,11
2514,16,1529,29,1560,17,2261,11
2514,16,1529,29,1560,17,2289,11
2514,16,1529,29,1560,17,2359,11
2514,16,1529,29,1560,17,2370,11
2514,16,1529,29,1560,17,2405,11
2514,16,1529,29,1643,40,45,11
2514,16,1529,29,1643,40,159,11
2514,16,1529,29,1643,40,272,11
2514,16,1529,29,1643,40,338,11
2514,16,1529,29,1643,40,390,11
2514,16,1529,29,1643,40,457,11
2514,16,1529,29,1643,40,463,11
2514,16,1529,29,1643,40,620,11
2514,16,1529,29,1643,40,700,11
2514,16,1529,29,1643,40,742,11
2514,16,1529,29,1643,40,758,11
2514,16,1529,29,1643,40,879,11
2514,16,1529,29,1643,40,927,11
2514,16,1529,29,1643,40,979,11
2514,16,1529,29,1643,40,1003,11
2514,16,1529,29,1643,40,1044,11
2514,16,1529,29,1643,40,1068,11
2514,16,1529,29,1643,40,1153,11
2514,16,1529,29,1643,40,1186,11
2514,16,1529,29,1643,40,1194,11
2514,16,1529,29,1643,40,1259,11
2514,16,1529,29,1643,40,1260,11
2514,16,1529,29,1643,40,1312,11
2514,16,1529,29,1643,40,1388,11
2514,16,1529,29,1643,40,1391,11
2514,16,1529,29,1643,40,1422,11
2514,16,1529,29,1643,40,1556,11
2514,16,1529,29,1643,40,1568,11
2514,16,1529,29,1643,40,1599,11
2514,16,1529,29,1643,40,1747,11
2514,16,1529,29,1643,40,1773,11
2514,16,1529,29,1643,40,1799,11
2514,16,1529,29,1643,40,1818,11
2514,16,1529,29,1643,40,1873,11
2514,16,1529,29,1643,40,1940,11
2514,16,1529,29,1643,40,1956,11
2514,16,1529,29,1643,40,1997,11
2514,16,1529,29,1643,40,2068,11
2514,16,1529,29,1643,40,2079,11
2514,16,1529,29,1643,40,2123,11
2514,16,1529,29,1643,40,2196,11
2514,16,1529,29,1643,40,2206,11
2514,16,1529,29,1643,40,2216,11
2514,16,1529,29,1643,40,2244,11
2514,16,1529,29,1643,40,2259,11
2514,16,1529,29,1643,40,2261,11
2514,16,1529,29,1643,40,2289,11
2514,16,1529,29,1643,40,2359,11
2514,16,1529,29,1643,40,2370,11
2514,16,1529,29,1643,40,2405,11
2514,16,1529,29,1872,20,45,11
2514,16,1529,29,1872,20,159,11
2514,16,1529,29,1872,20,272,11
2514,16,1529,29,1872,20,338,11
2514,16,1529,29,1872,20,390,11
2514,16,1529,29,1872,20,457,11
2514,16,1529,29,1872,20,463,11
2514,16,1529,29,1872,20,620,11
2514,16,1529,29,1872,20,700,11
2514,16,1529,29,1872,20,742,11
2514,16,1529,29,1872,20,758,11
2514,16,1529,29,1872,20,879,11
2514,16,1529,29,1872,20,927,11
2514,16,1529,29,1872,20,979,11
2514,16,1529,29,1872,20,1003,11
2514,16,1529,29,1872,20,1044,11
2514,16,1529,29,1872,20,1068,11
2514,16,1529,29,1872,20,1153,11
2514,16,1529,29,1872,20,1186,11
2514,16,1529,29,1872,20,1194,11
2514,16,1529,29,1872,20,1259,11
2514,16,1529,29,1872,20,1260,11
2514,16,1529,29,1872,20,1312,11
2514,16,1529,29,1872,20,1388,11
2514,16,1529,29,1872,20,1391,11
2514,16,1529,29,1872,20,1422,11
2514,16,1529,29,1872,20,1556,11
2514,16,1529,29,1872,20,1568,11
2514,16,1529,29,1872,20,1599,11
2514,16,1529,29,1872,20,1747,11
2514,16,1529,29,1872,20,1773,11
2514,16,1529,29,1872,20,1799,11
2514,16,1529,29,1872,20,1818,11
2514,16,1529,29,1872,20,1873,11
2514,16,1529,29,1872,20,1940,11
2514,16,1529,29,1872,20,1956,11
2514,16,1529,29,1872,20,1997,11
2514,16,1529,29,1872,20,2068,11
2514,16,1529,29,1872,20,2079,11
2514,16,1529,29,1872,20,2123,11
2514,16,1529,29,1872,20,2196,11
2514,16,1529,29,1872,20,2206,11
2514,16,1529,29,1872,20,2216,11
2514,16,1529,29,1872,20,2244,11
2514,16,1529,29,1872,20,2259,11
2514,16,1529,29,1872,20,2261,11
2514,16,1529,29,1872,20,2289,11
2514,16,1529,29,1872,20,2359,11
2514,16,1529,29,1872,20,2370,11
2514,16,1529,29,1872,20,2405,11
2514,16,1529,29,1950,44,45,11
2514,16,1529,29,1950,44,159,11
2514,16,1529,29,1950,44,272,11
2514,16,1529,29,1950,44,338,11
2514,16,1529,29,1950,44,390,11
2514,16,1529,29,1950,44,457,11
2514,16,1529,29,1950,44,463,11
2514,16,1529,29,1950,44,620,11
2514,16,1529,29,1950,44,700,11
2514,16,1529,29,1950,44,742,11
2514,16,1529,29,1950,44,758,11
2514,16,1529,29,1950,44,879,11
2514,16,1529,29,1950,44,927,11
2514,16,1529,29,1950,44,979,11
2514,16,1529,29,1950,44,1003,11
2514,16,1529,29,1950,44,1044,11
2514,16,1529,29,1950,44,1068,11
2514,16,1529,29,1950,44,1153,11
2514,16,1529,29,1950,44,1186,11
2514,16,1529,29,1950,44,1194,11
2514,16,1529,29,1950,44,1259,11
2514,16,1529,29,1950,44,1260,11
2514,16,1529,29,1950,44,1312,11
2514,16,1529,29,1950,44,1388,11
2514,16,1529,29,1950,44,1391,11
2514,16,1529,29,1950,44,1422,11
2514,16,1529,29,1950,44,1556,11
2514,16,1529,29,1950,44,1568,11
2514,16,1529,29,1950,44,1599,11
2514,16,1529,29,1950,44,1747,11
2514,16,1529,29,1950,44,1773,11
2514,16,1529,29,1950,44,1799,11
2514,16,1529,29,1950,44,1818,11
2514,16,1529,29,1950,44,1873,11
2514,16,1529,29,1950,44,1940,11
2514,16,1529,29,1950,44,1956,11
2514,16,1529,29,1950,44,1997,11
2514,16,1529,29,1950,44,2068,11
2514,16,1529,29,1950,44,2079,11
2514,16,1529,29,1950,44,2123,11
2514,16,1529,29,1950,44,2196,11
2514,16,1529,29,1950,44,2206,11
2514,16,1529,29,1950,44,2216,11
2514,16,1529,29,1950,44,2244,11
2514,16,1529,29,1950,44,2259,11
2514,16,1529,29,1950,44,2261,11
2514,16,1529,29,1950,44,2289,11
2514,16,1529,29,1950,44,2359,11
2514,16,1529,29,1950,44,2370,11
2514,16,1529,29,1950,44,2405,11
