2514,16,1405,24,156,31,45,11
2514,16,1405,24,156,31,159,11
2514,16,1405,24,156,31,272,11
2514,16,1405,24,156,31,338,11
2514,16,1405,24,156,31,390,11
2514,16,1405,24,156,31,457,11
2514,16,1405,24,156,31,463,11
2514,16,1405,24,156,31,620,11
2514,16,1405,24,156,31,700,11
2514,16,1405,24,156,31,742,11
2514,16,1405,24,156,31,758,11
2514,16,1405,24,156,31,879,11
2514,16,1405,24,156,31,927,11
2514,16,1405,24,156,31,979,11
2514,16,1405,24,156,31,1003,11
2514,16,1405,24,156,31,1044,11
2514,16,1405,24,156,31,1068,11
2514,16,1405,24,156,31,1153,11
2514,16,1405,24,156,31,1186,11
2514,16,1405,24,156,31,1194,11
2514,16,1405,24,156,31,1259,11
2514,16,1405,24,156,31,1260,11
2514,16,1405,24,156,31,1312,11
2514,16,1405,24,156,31,1388,11
2514,16,1405,24,156,31,1391,11
2514,16,1405,24,156,31,1422,11
2514,16,1405,24,156,31,1556,11
2514,16,1405,24,156,31,1568,11
2514,16,1405,24,156,31,1599,11
2514,16,1405,24,156,31,1747,11
2514,16,1405,24,156,31,1773,11
2514,16,1405,24,156,31,1799,11
2514,16,1405,24,156,31,1818,11
2514,16,1405,24,156,31,1873,11
2514,16,1405,24,156,31,1940,11
2514,16,1405,24,156,31,1956,11
2514,16,1405,24,156,31,1997,11
2514,16,1405,24,156,31,2068,11
2514,16,1405,24,156,31,2079,11
2514,16,1405,24,156,31,2123,11
2514,16,1405,24,156,31,2196,11
2514,16,1405,24,156,31,2206,11
2514,16,1405,24,156,31,2216,11
2514,16,1405,24,156,31,2244,11
2514,16,1405,24,156,31,2259,11
2514,16,1405,24,156,31,2261,11
2514,16,1405,24,156,31,2289,11
2514,16,1405,24,156,31,2359,11
2514,16,1405,24,156,31,2370,11
2514,16,1405,24,156,31,2405,11
2514,16,1405,24,193,27,45,11
2514,16,1405,24,193,27,159,11
2514,16,1405,24,193,27,272,11
2514,16,1405,24,193,27,338,11
2514,16,1405,24,193,27,390,11
2514,16,1405,24,193,27,457,11
2514,16,1405,24,193,27,463,11
2514,16,1405,24,193,27,620,11
2514,16,1405,24,193,27,700,11
2514,16,1405,24,193,27,742,11
2514,16,1405,24,193,27,758,11
2514,16,1405,24,193,27,879,11
2514,16,1405,24,193,27,927,11
2514,16,1405,24,193,27,979,11
2514,16,1405,24,193,27,1003,11
2514,16,1405,24,193,27,1044,11
2514,16,1405,24,193,27,1068,11
2514,16,1405,24,193,27,1153,11
2514,16,1405,24,193,27,1186,11
2514,16,1405,24,193,27,1194,11
2514,16,1405,24,193,27,1259,11
2514,16,1405,24,193,27,1260,11
2514,16,1405,24,193,27,1312,11
2514,16,1405,24,193,27,1388,11
2514,16,1405,24,193,27,1391,11
2514,16,1405,24,193,27,1422,11
2514,16,1405,24,193,27,1556,11
2514,16,1405,24,193,27,1568,11
2514,16,1405,24,193,27,1599,11
2514,16,1405,24,193,27,1747,11
2514,16,1405,24,193,27,1773,11
2514,16,1405,24,193,27,1799,11
2514,16,1405,24,193,27,1818,11
2514,16,1405,24,193,27,1873,11
2514,16,1405,24,193,27,1940,11
2514,16,1405,24,193,27,1956,11
2514,16,1405,24,193,27,1997,11
2514,16,1405,24,193,27,2068,11
2514,16,1405,24,193,27,2079,11
2514,16,1405,24,193,27,2123,11
2514,16,1405,24,193,27,2196,11
2514,16,1405,24,193,27,2206,11
2514,16,1405,24,193,27,2216,11
2514,16,1405,24,193,27,2244,11
2514,16,1405,24,193,27,2259,11
2514,16,1405,24,193,27,2261,11
2514,16,1405,24,193,27,2289,11
2514,16,1405,24,193,27,2359,11
2514,16,1405,24,193,27,2370,11
2514,16,1405,24,193,27,2405,11
2514,16,1405,24,295,23,45,11
2514,16,1405,24,295,23,338,11
2514,16,1405,24,295,23,390,11
2514,16,1405,24,295,23,620,11
2514,16,1405,24,295,23,742,11
2514,16,1405,24,295,23,758,11
2514,16,1405,24,295,23,979,11
2514,16,1405,24,295,23,1044,11
2514,16,1405,24,295,23,1186,11
2514,16,1405,24,295,23,1259,11
2514,16,1405,24,295,23,1312,11
2514,16,1405,24,295,23,1773,11
2514,16,1405,24,295,23,1799,11
2514,16,1405,24,295,23,1956,11
2514,16,1405,24,295,23,1997,11
2514,16,1405,24,295,23,2206,11
2514,16,1405,24,295,23,2244,11
2514,16,1405,24,295,23,2261,11
2514,16,1405,24,295,23,2289,11
2514,16,1405,24,295,23,2359,11
2514,16,1405,24,586,20,159,11
2514,16,1405,24,586,20,457,11
2514,16,1405,24,586,20,463,11
2514,16,1405,24,586,20,700,11
2514,16,1405,24,586,20,879,11
2514,16,1405,24,586,20,927,11
2514,16,1405,24,586,20,1003,11
2514,16,1405,24,586,20,1153,11
2514,16,1405,24,586,20,1194,11
2514,16,1405,24,586,20,1388,11
2514,16,1405,24,586,20,1556,11
2514,16,1405,24,586,20,1568,11
2514,16,1405,24,586,20,1599,11
2514,16,1405,24,586,20,1818,11
2514,16,1405,24,586,20,1873,11
2514,16,1405,24,586,20,1940,11
2514,16,1405,24,586,20,2123,11
2514,16,1405,24,586,20,2196,11
2514,16,1405,24,586,20,2216,11
2514,16,1405,24,586,20,2370,11
2514,16,1405,24,744,21,45,11
2514,16,1405,24,744,21,159,11
2514,16,1405,24,744,21,272,11
2514,16,1405,24,744,21,338,11
2514,16,1405,24,744,21,390,11
2514,16,1405,24,744,21,457,11
2514,16,1405,24,744,21,463,11
2514,16,1405,24,744,21,620,11
2514,16,1405,24,744,21,700,11
2514,16,1405,24,744,21,742,11
2514,16,1405,24,744,21,758,11
2514,16,1405,24,744,21,879,11
2514,16,1405,24,744,21,927,11
2514,16,1405,24,744,21,979,11
2514,16,1405,24,744,21,1003,11
2514,16,1405,24,744,21,1044,11
2514,16,1405,24,744,21,1068,11
2514,16,1405,24,744,21,1153,11
2514,16,1405,24,744,21,1186,11
2514,16,1405,24,744,21,1194,11
2514,16,1405,24,744,21,1259,11
2514,16,1405,24,744,21,1260,11
2514,16,1405,24,744,21,1312,11
2514,16,1405,24,744,21,1388,11
2514,16,1405,24,744,21,1391,11
2514,16,1405,24,744,21,1422,11
2514,16,1405,24,744,21,1556,11
2514,16,1405,24,744,21,1568,11
2514,16,1405,24,744,21,1599,11
2514,16,1405,24,744,21,1747,11
2514,16,1405,24,744,21,1773,11
2514,16,1405,24,744,21,1799,11
2514,16,1405,24,744,21,1818,11
2514,16,1405,24,744,21,1873,11
2514,16,1405,24,744,21,1940,11
2514,16,1405,24,744,21,1956,11
2514,16,1405,24,744,21,1997,11
2514,16,1405,24,744,21,2068,11
2514,16,1405,24,744,21,2079,11
2514,16,1405,24,744,21,2123,11
2514,16,1405,24,744,21,2196,11
2514,16,1405,24,744,21,2206,11
2514,16,1405,24,744,21,2216,11
2514,16,1405,24,744,21,2244,11
2514,16,1405,24,744,21,2259,11
2514,16,1405,24,744,21,2261,11
2514,16,1405,24,744,21,2289,11
2514,16,1405,24,744,21,2359,11
2514,16,1405,24,744,21,2370,11
2514,16,1405,24,744,21,2405,11
2514,16,1405,24,836,12,45,11
2514,16,1405,24,836,12,159,11
2514,16,1405,24,836,12,272,11
2514,16,1405,24,836,12,338,11
2514,16,1405,24,836,12,390,11
2514,16,1405,24,836,12,457,11
2514,16,1405,24,836,12,463,11
2514,16,1405,24,836,12,620,11
2514,16,1405,24,836,12,700,11
2514,16,1405,24,836,12,742,11
2514,16,1405,24,836,12,758,11
2514,16,1405,24,836,12,879,11
2514,16,1405,24,836,12,927,11
2514,16,1405,24,836,12,979,11
2514,16,1405,24,836,12,1003,11
2514,16,1405,24,836,12,1044,11
2514,16,1405,24,836,12,1068,11
2514,16,1405,24,836,12,1153,11
2514,16,1405,24,836,12,1186,11
2514,16,1405,24,836,12,1194,11
2514,16,1405,24,836,12,1259,11
2514,16,1405,24,836,12,1260,11
2514,16,1405,24,836,12,1312,11
2514,16,1405,24,836,12,1388,11
2514,16,1405,24,836,12,1391,11
2514,16,1405,24,836,12,1422,11
2514,16,1405,24,836,12,1556,11
2514,16,1405,24,836,12,1568,11
2514,16,1405,24,836,12,1599,11
2514,16,1405,24,836,12,1747,11
2514,16,1405,24,836,12,1773,11
2514,16,1405,24,836,12,1799,11
2514,16,1405,24,836,12,1818,11
2514,16,1405,24,836,12,1873,11
2514,16,1405,24,836,12,1940,11
2514,16,1405,24,836,12,1956,11
2514,16,1405,24,836,12,1997,11
2514,16,1405,24,836,12,2068,11
2514,16,1405,24,836,12,2079,11
2514,16,1405,24,836,12,2123,11
2514,16,1405,24,836,12,2196,11
2514,16,1405,24,836,12,2206,11
2514,16,1405,24,836,12,2216,11
2514,16,1405,24,836,12,2244,11
2514,16,1405,24,836,12,2259,11
2514,16,1405,24,836,12,2261,11
2514,16,1405,24,836,12,2289,11
2514,16,1405,24,836,12,2359,11
2514,16,1405,24,836,12,2370,11
2514,16,1405,24,836,12,2405,11
2514,16,1405,24,979,49,45,11
2514,16,1405,24,979,49,159,11
2514,16,1405,24,979,49,272,11
2514,16,1405,24,979,49,338,11
2514,16,1405,24,979,49,390,11
2514,16,1405,24,979,49,457,11
2514,16,1405,24,979,49,463,11
2514,16,1405,24,979,49,620,11
2514,16,1405,24,979,49,700,11
2514,16,1405,24,979,49,742,11
2514,16,1405,24,979,49,758,11
2514,16,1405,24,979,49,879,11
2514,16,1405,24,979,49,927,11
2514,16,1405,24,979,49,979,11
2514,16,1405,24,979,49,1003,11
2514,16,1405,24,979,49,1044,11
2514,16,1405,24,979,49,1068,11
2514,16,1405,24,979,49,1153,11
2514,16,1405,24,979,49,1186,11
2514,16,1405,24,979,49,1194,11
2514,16,1405,24,979,49,1259,11
2514,16,1405,24,979,49,1260,11
2514,16,1405,24,979,49,1312,11
2514,16,1405,24,979,49,1388,11
2514,16,1405,24,979,49,1391,11
2514,16,1405,24,979,49,1422,11
2514,16,1405,24,979,49,1556,11
2514,16,1405,24,979,49,1568,11
2514,16,1405,24,979,49,1599,11
2514,16,1405,24,979,49,1747,11
2514,16,1405,24,979,49,1773,11
2514,16,1405,24,979,49,1799,11
2514,16,1405,24,979,49,1818,11
2514,16,1405,24,979,49,1873,11
2514,16,1405,24,979,49,1940,11
2514,16,1405,24,979,49,1956,11
2514,16,1405,24,979,49,1997,11
2514,16,1405,24,979,49,2068,11
2514,16,1405,24,979,49,2079,11
2514,16,1405,24,979,49,2123,11
2514,16,1405,24,979,49,2196,11
2514,16,1405,24,979,49,2206,11
2514,16,1405,24,979,49,2216,11
2514,16,1405,24,979,49,2244,11
2514,16,1405,24,979,49,2259,11
2514,16,1405,24,979,49,2261,11
2514,16,1405,24,979,49,2289,11
2514,16,1405,24,979,49,2359,11
2514,16,1405,24,979,49,2370,11
2514,16,1405,24,979,49,2405,11
2514,16,1405,24,1273,9,45,11
2514,16,1405,24,1273,9,159,11
2514,16,1405,24,1273,9,272,11
2514,16,1405,24,1273,9,338,11
2514,16,1405,24,1273,9,390,11
2514,16,1405,24,1273,9,457,11
2514,16,1405,24,1273,9,463,11
2514,16,1405,24,1273,9,620,11
2514,16,1405,24,1273,9,700,11
2514,16,1405,24,1273,9,742,11
2514,16,1405,24,1273,9,758,11
2514,16,1405,24,1273,9,879,11
2514,16,1405,24,1273,9,927,11
2514,16,1405,24,1273,9,979,11
2514,16,1405,24,1273,9,1003,11
2514,16,1405,24,1273,9,1044,11
2514,16,1405,24,1273,9,1068,11
2514,16,1405,24,1273,9,1153,11
2514,16,1405,24,1273,9,1186,11
2514,16,1405,24,1273,9,1194,11
2514,16,1405,24,1273,9,1259,11
2514,16,1405,24,1273,9,1260,11
2514,16,1405,24,1273,9,1312,11
2514,16,1405,24,1273,9,1388,11
2514,16,1405,24,1273,9,1391,11
2514,16,1405,24,1273,9,1422,11
2514,16,1405,24,1273,9,1556,11
2514,16,1405,24,1273,9,1568,11
2514,16,1405,24,1273,9,1599,11
2514,16,1405,24,1273,9,1747,11
2514,16,1405,24,1273,9,1773,11
2514,16,1405,24,1273,9,1799,11
2514,16,1405,24,1273,9,1818,11
2514,16,1405,24,1273,9,1873,11
2514,16,1405,24,1273,9,1940,11
2514,16,1405,24,1273,9,1956,11
2514,16,1405,24,1273,9,1997,11
2514,16,1405,24,1273,9,2068,11
2514,16,1405,24,1273,9,2079,11
2514,16,1405,24,1273,9,2123,11
2514,16,1405,24,1273,9,2196,11
2514,16,1405,24,1273,9,2206,11
2514,16,1405,24,1273,9,2216,11
2514,16,1405,24,1273,9,2244,11
2514,16,1405,24,1273,9,2259,11
2514,16,1405,24,1273,9,2261,11
2514,16,1405,24,1273,9,2289,11
2514,16,1405,24,1273,9,2359,11
2514,16,1405,24,1273,9,2370,11
2514,16,1405,24,1273,9,2405,11
2514,16,1405,24,1513,34,45,11
2514,16,1405,24,1513,34,159,11
2514,16,1405,24,1513,34,272,11
2514,16,1405,24,1513,34,338,11
2514,16,1405,24,1513,34,390,11
2514,16,1405,24,1513,34,457,11
2514,16,1405,24,1513,34,463,11
2514,16,1405,24,1513,34,620,11
2514,16,1405,24,1513,34,700,11
2514,16,1405,24,1513,34,742,11
2514,16,1405,24,1513,34,758,11
2514,16,1405,24,1513,34,879,11
2514,16,1405,24,1513,34,927,11
2514,16,1405,24,1513,34,979,11
2514,16,1405,24,1513,34,1003,11
2514,16,1405,24,1513,34,1044,11
2514,16,1405,24,1513,34,1068,11
2514,16,1405,24,1513,34,1153,11
2514,16,1405,24,1513,34,1186,11
2514,16,1405,24,1513,34,1194,11
2514,16,1405,24,1513,34,1259,11
2514,16,1405,24,1513,34,1260,11
2514,16,1405,24,1513,34,1312,11
2514,16,1405,24,1513,34,1388,11
2514,16,1405,24,1513,34,1391,11
2514,16,1405,24,1513,34,1422,11
2514,16,1405,24,1513,34,1556,11
2514,16,1405,24,1513,34,1568,11
2514,16,1405,24,1513,34,1599,11
2514,16,1405,24,1513,34,1747,11
2514,16,1405,24,1513,34,1773,11
2514,16,1405,24,1513,34,1799,11
2514,16,1405,24,1513,34,1818,11
2514,16,1405,24,1513,34,1873,11
2514,16,1405,24,1513,34,1940,11
2514,16,1405,24,1513,34,1956,11
2514,16,1405,24,1513,34,1997,11
2514,16,1405,24,1513,34,2068,11
2514,16,1405,24,1513,34,2079,11
2514,16,1405,24,1513,34,2123,11
2514,16,1405,24,1513,34,2196,11
2514,16,1405,24,1513,34,2206,11
2514,16,1405,24,1513,34,2216,11
2514,16,1405,24,1513,34,2244,11
2514,16,1405,24,1513,34,2259,11
2514,16,1405,24,1513,34,2261,11
2514,16,1405,24,1513,34,2289,11
2514,16,1405,24,1513,34,2359,11
2514,16,1405,24,1513,34,2370,11
2514,16,1405,24,1513,34,2405,11
2514,16,1405,24,1617,28,45,11
2514,16,1405,24,1617,28,159,11
2514,16,1405,24,1617,28,272,11
2514,16,1405,24,1617,28,338,11
2514,16,1405,24,1617,28,390,11
2514,16,1405,24,1617,28,457,11
2514,16,1405,24,1617,28,463,11
2514,16,1405,24,1617,28,620,11
2514,16,1405,24,1617,28,700,11
2514,16,1405,24,1617,28,742,11
2514,16,1405,24,1617,28,758,11
2514,16,1405,24,1617,28,879,11
2514,16,1405,24,1617,28,927,11
2514,16,1405,24,1617,28,979,11
2514,16,1405,24,1617,28,1003,11
2514,16,1405,24,1617,28,1044,11
2514,16,1405,24,1617,28,1068,11
2514,16,1405,24,1617,28,1153,11
2514,16,1405,24,1617,28,1186,11
2514,16,1405,24,1617,28,1194,11
2514,16,1405,24,1617,28,1259,11
2514,16,1405,24,1617,28,1260,11
2514,16,1405,24,1617,28,1312,11
2514,16,1405,24,1617,28,1388,11
2514,16,1405,24,1617,28,1391,11
2514,16,1405,24,1617,28,1422,11
2514,16,1405,24,1617,28,1556,11
2514,16,1405,24,1617,28,1568,11
2514,16,1405,24,1617,28,1599,11
2514,16,1405,24,1617,28,1747,11
2514,16,1405,24,1617,28,1773,11
2514,16,1405,24,1617,28,1799,11
2514,16,1405,24,1617,28,1818,11
2514,16,1405,24,1617,28,1873,11
2514,16,1405,24,1617,28,1940,11
2514,16,1405,24,1617,28,1956,11
2514,16,1405,24,1617,28,1997,11
2514,16,1405,24,1617,28,2068,11
2514,16,1405,24,1617,28,2079,11
2514,16,1405,24,1617,28,2123,11
2514,16,1405,24,1617,28,2196,11
2514,16,1405,24,1617,28,2206,11
2514,16,1405,24,1617,28,2216,11
2514,16,1405,24,1617,28,2244,11
2514,16,1405,24,1617,28,2259,11
2514,16,1405,24,1617,28,2261,11
2514,16,1405,24,1617,28,2289,11
2514,16,1405,24,1617,28,2359,11
2514,16,1405,24,1617,28,2370,11
2514,16,1405,24,1617,28,2405,11
2514,16,1405,24,1681,43,45,11
2514,16,1405,24,1681,43,159,11
2514,16,1405,24,1681,43,272,11
2514,16,1405,24,1681,43,338,11
2514,16,1405,24,1681,43,390,11
2514,16,1405,24,1681,43,457,11
2514,16,1405,24,1681,43,463,11
2514,16,1405,24,1681,43,620,11
2514,16,1405,24,1681,43,700,11
2514,16,1405,24,1681,43,742,11
2514,16,1405,24,1681,43,758,11
2514,16,1405,24,1681,43,879,11
2514,16,1405,24,1681,43,927,11
2514,16,1405,24,1681,43,979,11
2514,16,1405,24,1681,43,1003,11
2514,16,1405,24,1681,43,1044,11
2514,16,1405,24,1681,43,1068,11
2514,16,1405,24,1681,43,1153,11
2514,16,1405,24,1681,43,1186,11
2514,16,1405,24,1681,43,1194,11
2514,16,1405,24,1681,43,1259,11
2514,16,1405,24,1681,43,1260,11
2514,16,1405,24,1681,43,1312,11
2514,16,1405,24,1681,43,1388,11
2514,16,1405,24,1681,43,1391,11
2514,16,1405,24,1681,43,1422,11
2514,16,1405,24,1681,43,1556,11
2514,16,1405,24,1681,43,1568,11
2514,16,1405,24,1681,43,1599,11
2514,16,1405,24,1681,43,1747,11
2514,16,1405,24,1681,43,1773,11
2514,16,1405,24,1681,43,1799,11
2514,16,1405,24,1681,43,1818,11
2514,16,1405,24,1681,43,1873,11
2514,16,1405,24,1681,43,1940,11
2514,16,1405,24,1681,43,1956,11
2514,16,1405,24,1681,43,1997,11
2514,16,1405,24,1681,43,2068,11
2514,16,1405,24,1681,43,2079,11
2514,16,1405,24,1681,43,2123,11
2514,16,1405,24,1681,43,2196,11
2514,16,1405,24,1681,43,2206,11
2514,16,1405,24,1681,43,2216,11
2514,16,1405,24,1681,43,2244,11
2514,16,1405,24,1681,43,2259,11
2514,16,1405,24,1681,43,2261,11
2514,16,1405,24,1681,43,2289,11
2514,16,1405,24,1681,43,2359,11
2514,16,1405,24,1681,43,2370,11
2514,16,1405,24,1681,43,2405,11
2514,16,1405,24,1751,46,45,11
2514,16,1405,24,1751,46,159,11
2514,16,1405,24,1751,46,272,11
2514,16,1405,24,1751,46,338,11
2514,16,1405,24,1751,46,390,11
2514,16,1405,24,1751,46,457,11
2514,16,1405,24,1751,46,463,11
2514,16,1405,24,1751,46,620,11
2514,16,1405,24,1751,46,700,11
2514,16,1405,24,1751,46,742,11
2514,16,1405,24,1751,46,758,11
2514,16,1405,24,1751,46,879,11
2514,16,1405,24,1751,46,927,11
2514,16,1405,24,1751,46,979,11
2514,16,1405,24,1751,46,1003,11
2514,16,1405,24,1751,46,1044,11
2514,16,1405,24,1751,46,1068,11
2514,16,1405,24,1751,46,1153,11
2514,16,1405,24,1751,46,1186,11
2514,16,1405,24,1751,46,1194,11
2514,16,1405,24,1751,46,1259,11
2514,16,1405,24,1751,46,1260,11
2514,16,1405,24,1751,46,1312,11
2514,16,1405,24,1751,46,1388,11
2514,16,1405,24,1751,46,1391,11
2514,16,1405,24,1751,46,1422,11
2514,16,1405,24,1751,46,1556,11
2514,16,1405,24,1751,46,1568,11
2514,16,1405,24,1751,46,1599,11
2514,16,1405,24,1751,46,1747,11
2514,16,1405,24,1751,46,1773,11
2514,16,1405,24,1751,46,1799,11
2514,16,1405,24,1751,46,1818,11
2514,16,1405,24,1751,46,1873,11
2514,16,1405,24,1751,46,1940,11
2514,16,1405,24,1751,46,1956,11
2514,16,1405,24,1751,46,1997,11
2514,16,1405,24,1751,46,2068,11
2514,16,1405,24,1751,46,2079,11
2514,16,1405,24,1751,46,2123,11
2514,16,1405,24,1751,46,2196,11
2514,16,1405,24,1751,46,2206,11
2514,16,1405,24,1751,46,2216,11
2514,16,1405,24,1751,46,2244,11
2514,16,1405,24,1751,46,2259,11
2514,16,1405,24,1751,46,2261,11
2514,16,1405,24,1751,46,2289,11
2514,16,1405,24,1751,46,2359,11
2514,16,1405,24,1751,46,2370,11
2514,16,1405,24,1751,46,2405,11
2514,16,1405,24,1779,10,45,11
2514,16,1405,24,1779,10,159,11
2514,16,1405,24,1779,10,272,11
2514,16,1405,24,1779,10,338,11
2514,16,1405,24,1779,10,390,11
2514,16,1405,24,1779,10,457,11
2514,16,1405,24,1779,10,463,11
2514,16,1405,24,1779,10,620,11
2514,16,1405,24,1779,10,700,11
2514,16,1405,24,1779,10,742,11
2514,16,1405,24,1779,10,758,11
2514,16,1405,24,1779,10,879,11
2514,16,1405,24,1779,10,927,11
2514,16,1405,24,1779,10,979,11
2514,16,1405,24,1779,10,1003,11
2514,16,1405,24,1779,10,1044,11
2514,16,1405,24,1779,10,1068,11
2514,16,1405,24,1779,10,1153,11
2514,16,1405,24,1779,10,1186,11
2514,16,1405,24,1779,10,1194,11
2514,16,1405,24,1779,10,1259,11
2514,16,1405,24,1779,10,1260,11
2514,16,1405,24,1779,10,1312,11
2514,16,1405,24,1779,10,1388,11
2514,16,1405,24,1779,10,1391,11
2514,16,1405,24,1779,10,1422,11
2514,16,1405,24,1779,10,1556,11
2514,16,1405,24,1779,10,1568,11
2514,16,1405,24,1779,10,1599,11
2514,16,1405,24,1779,10,1747,11
2514,16,1405,24,1779,10,1773,11
2514,16,1405,24,1779,10,1799,11
2514,16,1405,24,1779,10,1818,11
2514,16,1405,24,1779,10,1873,11
2514,16,1405,24,1779,10,1940,11
2514,16,1405,24,1779,10,1956,11
2514,16,1405,24,1779,10,1997,11
2514,16,1405,24,1779,10,2068,11
2514,16,1405,24,1779,10,2079,11
2514,16,1405,24,1779,10,2123,11
2514,16,1405,24,1779,10,2196,11
2514,16,1405,24,1779,10,2206,11
2514,16,1405,24,1779,10,2216,11
2514,16,1405,24,1779,10,2244,11
2514,16,1405,24,1779,10,2259,11
2514,16,1405,24,1779,10,2261,11
2514,16,1405,24,1779,10,2289,11
2514,16,1405,24,1779,10,2359,11
2514,16,1405,24,1779,10,2370,11
2514,16,1405,24,1779,10,2405,11
2514,16,1405,24,1858,34,45,11
2514,16,1405,24,1858,34,159,11
2514,16,1405,24,1858,34,272,11
2514,16,1405,24,1858,34,338,11
2514,16,1405,24,1858,34,390,11
2514,16,1405,24,1858,34,457,11
2514,16,1405,24,1858,34,463,11
2514,16,1405,24,1858,34,620,11
2514,16,1405,24,1858,34,700,11
2514,16,1405,24,1858,34,742,11
2514,16,1405,24,1858,34,758,11
2514,16,1405,24,1858,34,879,11
2514,16,1405,24,1858,34,927,11
2514,16,1405,24,1858,34,979,11
2514,16,1405,24,1858,34,1003,11
2514,16,1405,24,1858,34,1044,11
2514,16,1405,24,1858,34,1068,11
2514,16,1405,24,1858,34,1153,11
2514,16,1405,24,1858,34,1186,11
2514,16,1405,24,1858,34,1194,11
2514,16,1405,24,1858,34,1259,11
2514,16,1405,24,1858,34,1260,11
2514,16,1405,24,1858,34,1312,11
2514,16,1405,24,1858,34,1388,11
2514,16,1405,24,1858,34,1391,11
2514,16,1405,24,1858,34,1422,11
2514,16,1405,24,1858,34,1556,11
2514,16,1405,24,1858,34,1568,11
2514,16,1405,24,1858,34,1599,11
2514,16,1405,24,1858,34,1747,11
2514,16,1405,24,1858,34,1773,11
2514,16,1405,24,1858,34,1799,11
2514,16,1405,24,1858,34,1818,11
2514,16,1405,24,1858,34,1873,11
2514,16,1405,24,1858,34,1940,11
2514,16,1405,24,1858,34,1956,11
2514,16,1405,24,1858,34,1997,11
2514,16,1405,24,1858,34,2068,11
2514,16,1405,24,1858,34,2079,11
2514,16,1405,24,1858,34,2123,11
2514,16,1405,24,1858,34,2196,11
2514,16,1405,24,1858,34,2206,11
2514,16,1405,24,1858,34,2216,11
2514,16,1405,24,1858,34,2244,11
2514,16,1405,24,1858,34,2259,11
2514,16,1405,24,1858,34,2261,11
2514,16,1405,24,1858,34,2289,11
2514,16,1405,24,1858,34,2359,11
2514,16,1405,24,1858,34,2370,11
2514,16,1405,24,1858,34,2405,11
