2514,16,1236,47,51,20,45,11
2514,16,1236,47,51,20,159,11
2514,16,1236,47,51,20,272,11
2514,16,1236,47,51,20,338,11
2514,16,1236,47,51,20,390,11
2514,16,1236,47,51,20,457,11
2514,16,1236,47,51,20,463,11
2514,16,1236,47,51,20,620,11
2514,16,1236,47,51,20,700,11
2514,16,1236,47,51,20,742,11
2514,16,1236,47,51,20,758,11
2514,16,1236,47,51,20,879,11
2514,16,1236,47,51,20,927,11
2514,16,1236,47,51,20,979,11
2514,16,1236,47,51,20,1003,11
2514,16,1236,47,51,20,1044,11
2514,16,1236,47,51,20,1068,11
2514,16,1236,47,51,20,1153,11
2514,16,1236,47,51,20,1186,11
2514,16,1236,47,51,20,1194,11
2514,16,1236,47,51,20,1259,11
2514,16,1236,47,51,20,1260,11
2514,16,1236,47,51,20,1312,11
2514,16,1236,47,51,20,1388,11
2514,16,1236,47,51,20,1391,11
2514,16,1236,47,51,20,1422,11
2514,16,1236,47,51,20,1556,11
2514,16,1236,47,51,20,1568,11
2514,16,1236,47,51,20,1599,11
2514,16,1236,47,51,20,1747,11
2514,16,1236,47,51,20,1773,11
2514,16,1236,47,51,20,1799,11
2514,16,1236,47,51,20,1818,11
2514,16,1236,47,51,20,1873,11
2514,16,1236,47,51,20,1940,11
2514,16,1236,47,51,20,1956,11
2514,16,1236,47,51,20,1997,11
2514,16,1236,47,51,20,2068,11
2514,16,1236,47,51,20,2079,11
2514,16,1236,47,51,20,2123,11
2514,16,1236,47,51,20,2196,11
2514,16,1236,47,51,20,2206,11
2514,16,1236,47,51,20,2216,11
2514,16,1236,47,51,20,2244,11
2514,16,1236,47,51,20,2259,11
2514,16,1236,47,51,20,2261,11
2514,16,1236,47,51,20,2289,11
2514,16,1236,47,51,20,2359,11
2514,16,1236,47,51,20,2370,11
2514,16,1236,47,51,20,2405,11
2514,16,1236,47,138,27,45,11
2514,16,1236,47,138,27,159,11
2514,16,1236,47,138,27,272,11
2514,16,1236,47,138,27,338,11
2514,16,1236,47,138,27,390,11
2514,16,1236,47,138,27,457,11
2514,16,1236,47,138,27,463,11
2514,16,1236,47,138,27,620,11
2514,16,1236,47,138,27,700,11
2514,16,1236,47,138,27,742,11
2514,16,1236,47,138,27,758,11
2514,16,1236,47,138,27,879,11
2514,16,1236,47,138,27,927,11
2514,16,1236,47,138,27,979,11
2514,16,1236,47,138,27,1003,11
2514,16,1236,47,138,27,1044,11
2514,16,1236,47,138,27,1068,11
2514,16,1236,47,138,27,1153,11
2514,16,1236,47,138,27,1186,11
2514,16,1236,47,138,27,1194,11
2514,16,1236,47,138,27,1259,11
2514,16,1236,47,138,27,1260,11
2514,16,1236,47,138,27,1312,11
2514,16,1236,47,138,27,1388,11
2514,16,1236,47,138,27,1391,11
2514,16,1236,47,138,27,1422,11
2514,16,1236,47,138,27,1556,11
2514,16,1236,47,138,27,1568,11
2514,16,1236,47,138,27,1599,11
2514,16,1236,47,138,27,1747,11
2514,16,1236,47,138,27,1773,11
2514,16,1236,47,138,27,1799,11
2514,16,1236,47,138,27,1818,11
2514,16,1236,47,138,27,1873,11
2514,16,1236,47,138,27,1940,11
2514,16,1236,47,138,27,1956,11
2514,16,1236,47,138,27,1997,11
2514,16,1236,47,138,27,2068,11
2514,16,1236,47,138,27,2079,11
2514,16,1236,47,138,27,2123,11
2514,16,1236,47,138,27,2196,11
2514,16,1236,47,138,27,2206,11
2514,16,1236,47,138,27,2216,11
2514,16,1236,47,138,27,2244,11
2514,16,1236,47,138,27,2259,11
2514,16,1236,47,138,27,2261,11
2514,16,1236,47,138,27,2289,11
2514,16,1236,47,138,27,2359,11
2514,16,1236,47,138,27,2370,11
2514,16,1236,47,138,27,2405,11
2514,16,1236,47,211,28,159,11
2514,16,1236,47,211,28,272,11
2514,16,1236,47,211,28,338,11
2514,16,1236,47,211,28,457,11
2514,16,1236,47,211,28,463,11
2514,16,1236,47,211,28,700,11
2514,16,1236,47,211,28,742,11
2514,16,1236,47,211,28,758,11
2514,16,1236,47,211,28,879,11
2514,16,1236,47,211,28,927,11
2514,16,1236,47,211,28,1003,11
2514,16,1236,47,211,28,1044,11
2514,16,1236,47,211,28,1068,11
2514,16,1236,47,211,28,1153,11
2514,16,1236,47,211,28,1186,11
2514,16,1236,47,211,28,1194,11
2514,16,1236,47,211,28,1259,11
2514,16,1236,47,211,28,1260,11
2514,16,1236,47,211,28,1312,11
2514,16,1236,47,211,28,1388,11
2514,16,1236,47,211,28,1391,11
2514,16,1236,47,211,28,1422,11
2514,16,1236,47,211,28,1556,11
2514,16,1236,47,211,28,1568,11
2514,16,1236,47,211,28,1599,11
2514,16,1236,47,211,28,1747,11
2514,16,1236,47,211,28,1773,11
2514,16,1236,47,211,28,1818,11
2514,16,1236,47,211,28,1873,11
2514,16,1236,47,211,28,1940,11
2514,16,1236,47,211,28,1997,11
2514,16,1236,47,211,28,2068,11
2514,16,1236,47,211,28,2079,11
2514,16,1236,47,211,28,2123,11
2514,16,1236,47,211,28,2196,11
2514,16,1236,47,211,28,2216,11
2514,16,1236,47,211,28,2259,11
2514,16,1236,47,211,28,2289,11
2514,16,1236,47,211,28,2370,11
2514,16,1236,47,211,28,2405,11
2514,16,1236,47,213,31,45,11
2514,16,1236,47,213,31,159,11
2514,16,1236,47,213,31,272,11
2514,16,1236,47,213,31,338,11
2514,16,1236,47,213,31,390,11
2514,16,1236,47,213,31,457,11
2514,16,1236,47,213,31,463,11
2514,16,1236,47,213,31,620,11
2514,16,1236,47,213,31,700,11
2514,16,1236,47,213,31,742,11
2514,16,1236,47,213,31,758,11
2514,16,1236,47,213,31,879,11
2514,16,1236,47,213,31,927,11
2514,16,1236,47,213,31,979,11
2514,16,1236,47,213,31,1003,11
2514,16,1236,47,213,31,1044,11
2514,16,1236,47,213,31,1068,11
2514,16,1236,47,213,31,1153,11
2514,16,1236,47,213,31,1186,11
2514,16,1236,47,213,31,1194,11
2514,16,1236,47,213,31,1259,11
2514,16,1236,47,213,31,1260,11
2514,16,1236,47,213,31,1312,11
2514,16,1236,47,213,31,1388,11
2514,16,1236,47,213,31,1391,11
2514,16,1236,47,213,31,1422,11
2514,16,1236,47,213,31,1556,11
2514,16,1236,47,213,31,1568,11
2514,16,1236,47,213,31,1599,11
2514,16,1236,47,213,31,1747,11
2514,16,1236,47,213,31,1773,11
2514,16,1236,47,213,31,1799,11
2514,16,1236,47,213,31,1818,11
2514,16,1236,47,213,31,1873,11
2514,16,1236,47,213,31,1940,11
2514,16,1236,47,213,31,1956,11
2514,16,1236,47,213,31,1997,11
2514,16,1236,47,213,31,2068,11
2514,16,1236,47,213,31,2079,11
2514,16,1236,47,213,31,2123,11
2514,16,1236,47,213,31,2196,11
2514,16,1236,47,213,31,2206,11
2514,16,1236,47,213,31,2216,11
2514,16,1236,47,213,31,2244,11
2514,16,1236,47,213,31,2259,11
2514,16,1236,47,213,31,2261,11
2514,16,1236,47,213,31,2289,11
2514,16,1236,47,213,31,2359,11
2514,16,1236,47,213,31,2370,11
2514,16,1236,47,213,31,2405,11
2514,16,1236,47,378,25,45,11
2514,16,1236,47,378,25,159,11
2514,16,1236,47,378,25,272,11
2514,16,1236,47,378,25,338,11
2514,16,1236,47,378,25,390,11
2514,16,1236,47,378,25,457,11
2514,16,1236,47,378,25,463,11
2514,16,1236,47,378,25,620,11
2514,16,1236,47,378,25,700,11
2514,16,1236,47,378,25,742,11
2514,16,1236,47,378,25,758,11
2514,16,1236,47,378,25,879,11
2514,16,1236,47,378,25,927,11
2514,16,1236,47,378,25,979,11
2514,16,1236,47,378,25,1003,11
2514,16,1236,47,378,25,1044,11
2514,16,1236,47,378,25,1068,11
2514,16,1236,47,378,25,1153,11
2514,16,1236,47,378,25,1186,11
2514,16,1236,47,378,25,1194,11
2514,16,1236,47,378,25,1259,11
2514,16,1236,47,378,25,1260,11
2514,16,1236,47,378,25,1312,11
2514,16,1236,47,378,25,1388,11
2514,16,1236,47,378,25,1391,11
2514,16,1236,47,378,25,1422,11
2514,16,1236,47,378,25,1556,11
2514,16,1236,47,378,25,1568,11
2514,16,1236,47,378,25,1599,11
2514,16,1236,47,378,25,1747,11
2514,16,1236,47,378,25,1773,11
2514,16,1236,47,378,25,1799,11
2514,16,1236,47,378,25,1818,11
2514,16,1236,47,378,25,1873,11
2514,16,1236,47,378,25,1940,11
2514,16,1236,47,378,25,1956,11
2514,16,1236,47,378,25,1997,11
2514,16,1236,47,378,25,2068,11
2514,16,1236,47,378,25,2079,11
2514,16,1236,47,378,25,2123,11
2514,16,1236,47,378,25,2196,11
2514,16,1236,47,378,25,2206,11
2514,16,1236,47,378,25,2216,11
2514,16,1236,47,378,25,2244,11
2514,16,1236,47,378,25,2259,11
2514,16,1236,47,378,25,2261,11
2514,16,1236,47,378,25,2289,11
2514,16,1236,47,378,25,2359,11
2514,16,1236,47,378,25,2370,11
2514,16,1236,47,378,25,2405,11
2514,16,1236,47,665,11,45,11
2514,16,1236,47,665,11,159,11
2514,16,1236,47,665,11,272,11
2514,16,1236,47,665,11,338,11
2514,16,1236,47,665,11,390,11
2514,16,1236,47,665,11,457,11
2514,16,1236,47,665,11,463,11
2514,16,1236,47,665,11,620,11
2514,16,1236,47,665,11,700,11
2514,16,1236,47,665,11,742,11
2514,16,1236,47,665,11,758,11
2514,16,1236,47,665,11,879,11
2514,16,1236,47,665,11,927,11
2514,16,1236,47,665,11,979,11
2514,16,1236,47,665,11,1003,11
2514,16,1236,47,665,11,1044,11
2514,16,1236,47,665,11,1068,11
2514,16,1236,47,665,11,1153,11
2514,16,1236,47,665,11,1186,11
2514,16,1236,47,665,11,1194,11
2514,16,1236,47,665,11,1259,11
2514,16,1236,47,665,11,1260,11
2514,16,1236,47,665,11,1312,11
2514,16,1236,47,665,11,1388,11
2514,16,1236,47,665,11,1391,11
2514,16,1236,47,665,11,1422,11
2514,16,1236,47,665,11,1556,11
2514,16,1236,47,665,11,1568,11
2514,16,1236,47,665,11,1599,11
2514,16,1236,47,665,11,1747,11
2514,16,1236,47,665,11,1773,11
2514,16,1236,47,665,11,1799,11
2514,16,1236,47,665,11,1818,11
2514,16,1236,47,665,11,1873,11
2514,16,1236,47,665,11,1940,11
2514,16,1236,47,665,11,1956,11
2514,16,1236,47,665,11,1997,11
2514,16,1236,47,665,11,2068,11
2514,16,1236,47,665,11,2079,11
2514,16,1236,47,665,11,2123,11
2514,16,1236,47,665,11,2196,11
2514,16,1236,47,665,11,2206,11
2514,16,1236,47,665,11,2216,11
2514,16,1236,47,665,11,2244,11
2514,16,1236,47,665,11,2259,11
2514,16,1236,47,665,11,2261,11
2514,16,1236,47,665,11,2289,11
2514,16,1236,47,665,11,2359,11
2514,16,1236,47,665,11,2370,11
2514,16,1236,47,665,11,2405,11
2514,16,1236,47,1201,35,45,11
2514,16,1236,47,1201,35,159,11
2514,16,1236,47,1201,35,272,11
2514,16,1236,47,1201,35,338,11
2514,16,1236,47,1201,35,390,11
2514,16,1236,47,1201,35,457,11
2514,16,1236,47,1201,35,463,11
2514,16,1236,47,1201,35,620,11
2514,16,1236,47,1201,35,700,11
2514,16,1236,47,1201,35,742,11
2514,16,1236,47,1201,35,758,11
2514,16,1236,47,1201,35,879,11
2514,16,1236,47,1201,35,927,11
2514,16,1236,47,1201,35,979,11
2514,16,1236,47,1201,35,1003,11
2514,16,1236,47,1201,35,1044,11
2514,16,1236,47,1201,35,1068,11
2514,16,1236,47,1201,35,1153,11
2514,16,1236,47,1201,35,1186,11
2514,16,1236,47,1201,35,1194,11
2514,16,1236,47,1201,35,1259,11
2514,16,1236,47,1201,35,1260,11
2514,16,1236,47,1201,35,1312,11
2514,16,1236,47,1201,35,1388,11
2514,16,1236,47,1201,35,1391,11
2514,16,1236,47,1201,35,1422,11
2514,16,1236,47,1201,35,1556,11
2514,16,1236,47,1201,35,1568,11
2514,16,1236,47,1201,35,1599,11
2514,16,1236,47,1201,35,1747,11
2514,16,1236,47,1201,35,1773,11
2514,16,1236,47,1201,35,1799,11
2514,16,1236,47,1201,35,1818,11
2514,16,1236,47,1201,35,1873,11
2514,16,1236,47,1201,35,1940,11
2514,16,1236,47,1201,35,1956,11
2514,16,1236,47,1201,35,1997,11
2514,16,1236,47,1201,35,2068,11
2514,16,1236,47,1201,35,2079,11
2514,16,1236,47,1201,35,2123,11
2514,16,1236,47,1201,35,2196,11
2514,16,1236,47,1201,35,2206,11
2514,16,1236,47,1201,35,2216,11
2514,16,1236,47,1201,35,2244,11
2514,16,1236,47,1201,35,2259,11
2514,16,1236,47,1201,35,2261,11
2514,16,1236,47,1201,35,2289,11
2514,16,1236,47,1201,35,2359,11
2514,16,1236,47,1201,35,2370,11
2514,16,1236,47,1201,35,2405,11
2514,16,1236,47,1230,32,45,11
2514,16,1236,47,1230,32,159,11
2514,16,1236,47,1230,32,272,11
2514,16,1236,47,1230,32,338,11
2514,16,1236,47,1230,32,390,11
2514,16,1236,47,1230,32,457,11
2514,16,1236,47,1230,32,463,11
2514,16,1236,47,1230,32,620,11
2514,16,1236,47,1230,32,700,11
2514,16,1236,47,1230,32,742,11
2514,16,1236,47,1230,32,758,11
2514,16,1236,47,1230,32,879,11
2514,16,1236,47,1230,32,927,11
2514,16,1236,47,1230,32,979,11
2514,16,1236,47,1230,32,1003,11
2514,16,1236,47,1230,32,1044,11
2514,16,1236,47,1230,32,1068,11
2514,16,1236,47,1230,32,1153,11
2514,16,1236,47,1230,32,1186,11
2514,16,1236,47,1230,32,1194,11
2514,16,1236,47,1230,32,1259,11
2514,16,1236,47,1230,32,1260,11
2514,16,1236,47,1230,32,1312,11
2514,16,1236,47,1230,32,1388,11
2514,16,1236,47,1230,32,1391,11
2514,16,1236,47,1230,32,1422,11
2514,16,1236,47,1230,32,1556,11
2514,16,1236,47,1230,32,1568,11
2514,16,1236,47,1230,32,1599,11
2514,16,1236,47,1230,32,1747,11
2514,16,1236,47,1230,32,1773,11
2514,16,1236,47,1230,32,1799,11
2514,16,1236,47,1230,32,1818,11
2514,16,1236,47,1230,32,1873,11
2514,16,1236,47,1230,32,1940,11
2514,16,1236,47,1230,32,1956,11
2514,16,1236,47,1230,32,1997,11
2514,16,1236,47,1230,32,2068,11
2514,16,1236,47,1230,32,2079,11
2514,16,1236,47,1230,32,2123,11
2514,16,1236,47,1230,32,2196,11
2514,16,1236,47,1230,32,2206,11
2514,16,1236,47,1230,32,2216,11
2514,16,1236,47,1230,32,2244,11
2514,16,1236,47,1230,32,2259,11
2514,16,1236,47,1230,32,2261,11
2514,16,1236,47,1230,32,2289,11
2514,16,1236,47,1230,32,2359,11
2514,16,1236,47,1230,32,2370,11
2514,16,1236,47,1230,32,2405,11
2514,16,1236,47,1246,15,45,11
2514,16,1236,47,1246,15,159,11
2514,16,1236,47,1246,15,272,11
2514,16,1236,47,1246,15,338,11
2514,16,1236,47,1246,15,390,11
2514,16,1236,47,1246,15,457,11
2514,16,1236,47,1246,15,463,11
2514,16,1236,47,1246,15,620,11
2514,16,1236,47,1246,15,700,11
2514,16,1236,47,1246,15,742,11
2514,16,1236,47,1246,15,758,11
2514,16,1236,47,1246,15,879,11
2514,16,1236,47,1246,15,927,11
2514,16,1236,47,1246,15,979,11
2514,16,1236,47,1246,15,1003,11
2514,16,1236,47,1246,15,1044,11
2514,16,1236,47,1246,15,1068,11
2514,16,1236,47,1246,15,1153,11
2514,16,1236,47,1246,15,1186,11
2514,16,1236,47,1246,15,1194,11
2514,16,1236,47,1246,15,1259,11
2514,16,1236,47,1246,15,1260,11
2514,16,1236,47,1246,15,1312,11
2514,16,1236,47,1246,15,1388,11
2514,16,1236,47,1246,15,1391,11
2514,16,1236,47,1246,15,1422,11
2514,16,1236,47,1246,15,1556,11
2514,16,1236,47,1246,15,1568,11
2514,16,1236,47,1246,15,1599,11
2514,16,1236,47,1246,15,1747,11
2514,16,1236,47,1246,15,1773,11
2514,16,1236,47,1246,15,1799,11
2514,16,1236,47,1246,15,1818,11
2514,16,1236,47,1246,15,1873,11
2514,16,1236,47,1246,15,1940,11
2514,16,1236,47,1246,15,1956,11
2514,16,1236,47,1246,15,1997,11
2514,16,1236,47,1246,15,2068,11
2514,16,1236,47,1246,15,2079,11
2514,16,1236,47,1246,15,2123,11
2514,16,1236,47,1246,15,2196,11
2514,16,1236,47,1246,15,2206,11
2514,16,1236,47,1246,15,2216,11
2514,16,1236,47,1246,15,2244,11
2514,16,1236,47,1246,15,2259,11
2514,16,1236,47,1246,15,2261,11
2514,16,1236,47,1246,15,2289,11
2514,16,1236,47,1246,15,2359,11
2514,16,1236,47,1246,15,2370,11
2514,16,1236,47,1246,15,2405,11
2514,16,1236,47,1367,22,45,11
2514,16,1236,47,1367,22,159,11
2514,16,1236,47,1367,22,272,11
2514,16,1236,47,1367,22,338,11
2514,16,1236,47,1367,22,390,11
2514,16,1236,47,1367,22,457,11
2514,16,1236,47,1367,22,463,11
2514,16,1236,47,1367,22,620,11
2514,16,1236,47,1367,22,700,11
2514,16,1236,47,1367,22,742,11
2514,16,1236,47,1367,22,758,11
2514,16,1236,47,1367,22,879,11
2514,16,1236,47,1367,22,927,11
2514,16,1236,47,1367,22,979,11
2514,16,1236,47,1367,22,1003,11
2514,16,1236,47,1367,22,1044,11
2514,16,1236,47,1367,22,1068,11
2514,16,1236,47,1367,22,1153,11
2514,16,1236,47,1367,22,1186,11
2514,16,1236,47,1367,22,1194,11
2514,16,1236,47,1367,22,1259,11
2514,16,1236,47,1367,22,1260,11
2514,16,1236,47,1367,22,1312,11
2514,16,1236,47,1367,22,1388,11
2514,16,1236,47,1367,22,1391,11
2514,16,1236,47,1367,22,1422,11
2514,16,1236,47,1367,22,1556,11
2514,16,1236,47,1367,22,1568,11
2514,16,1236,47,1367,22,1599,11
2514,16,1236,47,1367,22,1747,11
2514,16,1236,47,1367,22,1773,11
2514,16,1236,47,1367,22,1799,11
2514,16,1236,47,1367,22,1818,11
2514,16,1236,47,1367,22,1873,11
2514,16,1236,47,1367,22,1940,11
2514,16,1236,47,1367,22,1956,11
2514,16,1236,47,1367,22,1997,11
2514,16,1236,47,1367,22,2068,11
2514,16,1236,47,1367,22,2079,11
2514,16,1236,47,1367,22,2123,11
2514,16,1236,47,1367,22,2196,11
2514,16,1236,47,1367,22,2206,11
2514,16,1236,47,1367,22,2216,11
2514,16,1236,47,1367,22,2244,11
2514,16,1236,47,1367,22,2259,11
2514,16,1236,47,1367,22,2261,11
2514,16,1236,47,1367,22,2289,11
2514,16,1236,47,1367,22,2359,11
2514,16,1236,47,1367,22,2370,11
2514,16,1236,47,1367,22,2405,11
2514,16,1236,47,1750,30,45,11
2514,16,1236,47,1750,30,159,11
2514,16,1236,47,1750,30,272,11
2514,16,1236,47,1750,30,338,11
2514,16,1236,47,1750,30,390,11
2514,16,1236,47,1750,30,457,11
2514,16,1236,47,1750,30,463,11
2514,16,1236,47,1750,30,620,11
2514,16,1236,47,1750,30,700,11
2514,16,1236,47,1750,30,742,11
2514,16,1236,47,1750,30,758,11
2514,16,1236,47,1750,30,879,11
2514,16,1236,47,1750,30,927,11
2514,16,1236,47,1750,30,979,11
2514,16,1236,47,1750,30,1003,11
2514,16,1236,47,1750,30,1044,11
2514,16,1236,47,1750,30,1068,11
2514,16,1236,47,1750,30,1153,11
2514,16,1236,47,1750,30,1186,11
2514,16,1236,47,1750,30,1194,11
2514,16,1236,47,1750,30,1259,11
2514,16,1236,47,1750,30,1260,11
2514,16,1236,47,1750,30,1312,11
2514,16,1236,47,1750,30,1388,11
2514,16,1236,47,1750,30,1391,11
2514,16,1236,47,1750,30,1422,11
2514,16,1236,47,1750,30,1556,11
2514,16,1236,47,1750,30,1568,11
2514,16,1236,47,1750,30,1599,11
2514,16,1236,47,1750,30,1747,11
2514,16,1236,47,1750,30,1773,11
2514,16,1236,47,1750,30,1799,11
2514,16,1236,47,1750,30,1818,11
2514,16,1236,47,1750,30,1873,11
2514,16,1236,47,1750,30,1940,11
2514,16,1236,47,1750,30,1956,11
2514,16,1236,47,1750,30,1997,11
2514,16,1236,47,1750,30,2068,11
2514,16,1236,47,1750,30,2079,11
2514,16,1236,47,1750,30,2123,11
2514,16,1236,47,1750,30,2196,11
2514,16,1236,47,1750,30,2206,11
2514,16,1236,47,1750,30,2216,11
2514,16,1236,47,1750,30,2244,11
2514,16,1236,47,1750,30,2259,11
2514,16,1236,47,1750,30,2261,11
2514,16,1236,47,1750,30,2289,11
2514,16,1236,47,1750,30,2359,11
2514,16,1236,47,1750,30,2370,11
2514,16,1236,47,1750,30,2405,11
2514,16,1236,47,1827,14,45,11
2514,16,1236,47,1827,14,159,11
2514,16,1236,47,1827,14,272,11
2514,16,1236,47,1827,14,338,11
2514,16,1236,47,1827,14,390,11
2514,16,1236,47,1827,14,457,11
2514,16,1236,47,1827,14,463,11
2514,16,1236,47,1827,14,620,11
2514,16,1236,47,1827,14,700,11
2514,16,1236,47,1827,14,742,11
2514,16,1236,47,1827,14,758,11
2514,16,1236,47,1827,14,879,11
2514,16,1236,47,1827,14,927,11
2514,16,1236,47,1827,14,979,11
2514,16,1236,47,1827,14,1003,11
2514,16,1236,47,1827,14,1044,11
2514,16,1236,47,1827,14,1068,11
2514,16,1236,47,1827,14,1153,11
2514,16,1236,47,1827,14,1186,11
2514,16,1236,47,1827,14,1194,11
2514,16,1236,47,1827,14,1259,11
2514,16,1236,47,1827,14,1260,11
2514,16,1236,47,1827,14,1312,11
2514,16,1236,47,1827,14,1388,11
2514,16,1236,47,1827,14,1391,11
2514,16,1236,47,1827,14,1422,11
2514,16,1236,47,1827,14,1556,11
2514,16,1236,47,1827,14,1568,11
2514,16,1236,47,1827,14,1599,11
2514,16,1236,47,1827,14,1747,11
2514,16,1236,47,1827,14,1773,11
2514,16,1236,47,1827,14,1799,11
2514,16,1236,47,1827,14,1818,11
2514,16,1236,47,1827,14,1873,11
2514,16,1236,47,1827,14,1940,11
2514,16,1236,47,1827,14,1956,11
2514,16,1236,47,1827,14,1997,11
2514,16,1236,47,1827,14,2068,11
2514,16,1236,47,1827,14,2079,11
2514,16,1236,47,1827,14,2123,11
2514,16,1236,47,1827,14,2196,11
2514,16,1236,47,1827,14,2206,11
2514,16,1236,47,1827,14,2216,11
2514,16,1236,47,1827,14,2244,11
2514,16,1236,47,1827,14,2259,11
2514,16,1236,47,1827,14,2261,11
2514,16,1236,47,1827,14,2289,11
2514,16,1236,47,1827,14,2359,11
2514,16,1236,47,1827,14,2370,11
2514,16,1236,47,1827,14,2405,11
2514,16,1236,47,1982,19,45,11
2514,16,1236,47,1982,19,159,11
2514,16,1236,47,1982,19,272,11
2514,16,1236,47,1982,19,338,11
2514,16,1236,47,1982,19,390,11
2514,16,1236,47,1982,19,457,11
2514,16,1236,47,1982,19,463,11
2514,16,1236,47,1982,19,620,11
2514,16,1236,47,1982,19,700,11
2514,16,1236,47,1982,19,742,11
2514,16,1236,47,1982,19,758,11
2514,16,1236,47,1982,19,879,11
2514,16,1236,47,1982,19,927,11
2514,16,1236,47,1982,19,979,11
2514,16,1236,47,1982,19,1003,11
2514,16,1236,47,1982,19,1044,11
2514,16,1236,47,1982,19,1068,11
2514,16,1236,47,1982,19,1153,11
2514,16,1236,47,1982,19,1186,11
2514,16,1236,47,1982,19,1194,11
2514,16,1236,47,1982,19,1259,11
2514,16,1236,47,1982,19,1260,11
2514,16,1236,47,1982,19,1312,11
2514,16,1236,47,1982,19,1388,11
2514,16,1236,47,1982,19,1391,11
2514,16,1236,47,1982,19,1422,11
2514,16,1236,47,1982,19,1556,11
2514,16,1236,47,1982,19,1568,11
2514,16,1236,47,1982,19,1599,11
2514,16,1236,47,1982,19,1747,11
2514,16,1236,47,1982,19,1773,11
2514,16,1236,47,1982,19,1799,11
2514,16,1236,47,1982,19,1818,11
2514,16,1236,47,1982,19,1873,11
2514,16,1236,47,1982,19,1940,11
2514,16,1236,47,1982,19,1956,11
2514,16,1236,47,1982,19,1997,11
2514,16,1236,47,1982,19,2068,11
2514,16,1236,47,1982,19,2079,11
2514,16,1236,47,1982,19,2123,11
2514,16,1236,47,1982,19,2196,11
2514,16,1236,47,1982,19,2206,11
2514,16,1236,47,1982,19,2216,11
2514,16,1236,47,1982,19,2244,11
2514,16,1236,47,1982,19,2259,11
2514,16,1236,47,1982,19,2261,11
2514,16,1236,47,1982,19,2289,11
2514,16,1236,47,1982,19,2359,11
2514,16,1236,47,1982,19,2370,11
2514,16,1236,47,1982,19,2405,11
