2514,16,1463,30,133,27,45,11
2514,16,1463,30,133,27,159,11
2514,16,1463,30,133,27,272,11
2514,16,1463,30,133,27,338,11
2514,16,1463,30,133,27,390,11
2514,16,1463,30,133,27,457,11
2514,16,1463,30,133,27,463,11
2514,16,1463,30,133,27,620,11
2514,16,1463,30,133,27,700,11
2514,16,1463,30,133,27,742,11
2514,16,1463,30,133,27,758,11
2514,16,1463,30,133,27,879,11
2514,16,1463,30,133,27,927,11
2514,16,1463,30,133,27,979,11
2514,16,1463,30,133,27,1003,11
2514,16,1463,30,133,27,1044,11
2514,16,1463,30,133,27,1068,11
2514,16,1463,30,133,27,1153,11
2514,16,1463,30,133,27,1186,11
2514,16,1463,30,133,27,1194,11
2514,16,1463,30,133,27,1259,11
2514,16,1463,30,133,27,1260,11
2514,16,1463,30,133,27,1312,11
2514,16,1463,30,133,27,1388,11
2514,16,1463,30,133,27,1391,11
2514,16,1463,30,133,27,1422,11
2514,16,1463,30,133,27,1556,11
2514,16,1463,30,133,27,1568,11
2514,16,1463,30,133,27,1599,11
2514,16,1463,30,133,27,1747,11
2514,16,1463,30,133,27,1773,11
2514,16,1463,30,133,27,1799,11
2514,16,1463,30,133,27,1818,11
2514,16,1463,30,133,27,1873,11
2514,16,1463,30,133,27,1940,11
2514,16,1463,30,133,27,1956,11
2514,16,1463,30,133,27,1997,11
2514,16,1463,30,133,27,2068,11
2514,16,1463,30,133,27,2079,11
2514,16,1463,30,133,27,2123,11
2514,16,1463,30,133,27,2196,11
2514,16,1463,30,133,27,2206,11
2514,16,1463,30,133,27,2216,11
2514,16,1463,30,133,27,2244,11
2514,16,1463,30,133,27,2259,11
2514,16,1463,30,133,27,2261,11
2514,16,1463,30,133,27,2289,11
2514,16,1463,30,133,27,2359,11
2514,16,1463,30,133,27,2370,11
2514,16,1463,30,133,27,2405,11
2514,16,1463,30,176,21,45,11
2514,16,1463,30,176,21,390,11
2514,16,1463,30,176,21,620,11
2514,16,1463,30,176,21,979,11
2514,16,1463,30,176,21,1799,11
2514,16,1463,30,176,21,1956,11
2514,16,1463,30,176,21,2206,11
2514,16,1463,30,176,21,2244,11
2514,16,1463,30,176,21,2261,11
2514,16,1463,30,176,21,2359,11
2514,16,1463,30,257,25,45,11
2514,16,1463,30,257,25,159,11
2514,16,1463,30,257,25,272,11
2514,16,1463,30,257,25,338,11
2514,16,1463,30,257,25,390,11
2514,16,1463,30,257,25,457,11
2514,16,1463,30,257,25,463,11
2514,16,1463,30,257,25,620,11
2514,16,1463,30,257,25,700,11
2514,16,1463,30,257,25,742,11
2514,16,1463,30,257,25,758,11
2514,16,1463,30,257,25,879,11
2514,16,1463,30,257,25,927,11
2514,16,1463,30,257,25,979,11
2514,16,1463,30,257,25,1003,11
2514,16,1463,30,257,25,1044,11
2514,16,1463,30,257,25,1068,11
2514,16,1463,30,257,25,1153,11
2514,16,1463,30,257,25,1186,11
2514,16,1463,30,257,25,1194,11
2514,16,1463,30,257,25,1259,11
2514,16,1463,30,257,25,1260,11
2514,16,1463,30,257,25,1312,11
2514,16,1463,30,257,25,1388,11
2514,16,1463,30,257,25,1391,11
2514,16,1463,30,257,25,1422,11
2514,16,1463,30,257,25,1556,11
2514,16,1463,30,257,25,1568,11
2514,16,1463,30,257,25,1599,11
2514,16,1463,30,257,25,1747,11
2514,16,1463,30,257,25,1773,11
2514,16,1463,30,257,25,1799,11
2514,16,1463,30,257,25,1818,11
2514,16,1463,30,257,25,1873,11
2514,16,1463,30,257,25,1940,11
2514,16,1463,30,257,25,1956,11
2514,16,1463,30,257,25,1997,11
2514,16,1463,30,257,25,2068,11
2514,16,1463,30,257,25,2079,11
2514,16,1463,30,257,25,2123,11
2514,16,1463,30,257,25,2196,11
2514,16,1463,30,257,25,2206,11
2514,16,1463,30,257,25,2216,11
2514,16,1463,30,257,25,2244,11
2514,16,1463,30,257,25,2259,11
2514,16,1463,30,257,25,2261,11
2514,16,1463,30,257,25,2289,11
2514,16,1463,30,257,25,2359,11
2514,16,1463,30,257,25,2370,11
2514,16,1463,30,257,25,2405,11
2514,16,1463,30,576,47,45,11
2514,16,1463,30,576,47,159,11
2514,16,1463,30,576,47,272,11
2514,16,1463,30,576,47,338,11
2514,16,1463,30,576,47,390,11
2514,16,1463,30,576,47,457,11
2514,16,1463,30,576,47,463,11
2514,16,1463,30,576,47,620,11
2514,16,1463,30,576,47,700,11
2514,16,1463,30,576,47,742,11
2514,16,1463,30,576,47,758,11
2514,16,1463,30,576,47,879,11
2514,16,1463,30,576,47,927,11
2514,16,1463,30,576,47,979,11
2514,16,1463,30,576,47,1003,11
2514,16,1463,30,576,47,1044,11
2514,16,1463,30,576,47,1068,11
2514,16,1463,30,576,47,1153,11
2514,16,1463,30,576,47,1186,11
2514,16,1463,30,576,47,1194,11
2514,16,1463,30,576,47,1259,11
2514,16,1463,30,576,47,1260,11
2514,16,1463,30,576,47,1312,11
2514,16,1463,30,576,47,1388,11
2514,16,1463,30,576,47,1391,11
2514,16,1463,30,576,47,1422,11
2514,16,1463,30,576,47,1556,11
2514,16,1463,30,576,47,1568,11
2514,16,1463,30,576,47,1599,11
2514,16,1463,30,576,47,1747,11
2514,16,1463,30,576,47,1773,11
2514,16,1463,30,576,47,1799,11
2514,16,1463,30,576,47,1818,11
2514,16,1463,30,576,47,1873,11
2514,16,1463,30,576,47,1940,11
2514,16,1463,30,576,47,1956,11
2514,16,1463,30,576,47,1997,11
2514,16,1463,30,576,47,2068,11
2514,16,1463,30,576,47,2079,11
2514,16,1463,30,576,47,2123,11
2514,16,1463,30,576,47,2196,11
2514,16,1463,30,576,47,2206,11
2514,16,1463,30,576,47,2216,11
2514,16,1463,30,576,47,2244,11
2514,16,1463,30,576,47,2259,11
2514,16,1463,30,576,47,2261,11
2514,16,1463,30,576,47,2289,11
2514,16,1463,30,576,47,2359,11
2514,16,1463,30,576,47,2370,11
2514,16,1463,30,576,47,2405,11
2514,16,1463,30,640,22,45,11
2514,16,1463,30,640,22,159,11
2514,16,1463,30,640,22,272,11
2514,16,1463,30,640,22,338,11
2514,16,1463,30,640,22,390,11
2514,16,1463,30,640,22,457,11
2514,16,1463,30,640,22,463,11
2514,16,1463,30,640,22,620,11
2514,16,1463,30,640,22,700,11
2514,16,1463,30,640,22,742,11
2514,16,1463,30,640,22,758,11
2514,16,1463,30,640,22,879,11
2514,16,1463,30,640,22,927,11
2514,16,1463,30,640,22,979,11
2514,16,1463,30,640,22,1003,11
2514,16,1463,30,640,22,1044,11
2514,16,1463,30,640,22,1068,11
2514,16,1463,30,640,22,1153,11
2514,16,1463,30,640,22,1186,11
2514,16,1463,30,640,22,1194,11
2514,16,1463,30,640,22,1259,11
2514,16,1463,30,640,22,1260,11
2514,16,1463,30,640,22,1312,11
2514,16,1463,30,640,22,1388,11
2514,16,1463,30,640,22,1391,11
2514,16,1463,30,640,22,1422,11
2514,16,1463,30,640,22,1556,11
2514,16,1463,30,640,22,1568,11
2514,16,1463,30,640,22,1599,11
2514,16,1463,30,640,22,1747,11
2514,16,1463,30,640,22,1773,11
2514,16,1463,30,640,22,1799,11
2514,16,1463,30,640,22,1818,11
2514,16,1463,30,640,22,1873,11
2514,16,1463,30,640,22,1940,11
2514,16,1463,30,640,22,1956,11
2514,16,1463,30,640,22,1997,11
2514,16,1463,30,640,22,2068,11
2514,16,1463,30,640,22,2079,11
2514,16,1463,30,640,22,2123,11
2514,16,1463,30,640,22,2196,11
2514,16,1463,30,640,22,2206,11
2514,16,1463,30,640,22,2216,11
2514,16,1463,30,640,22,2244,11
2514,16,1463,30,640,22,2259,11
2514,16,1463,30,640,22,2261,11
2514,16,1463,30,640,22,2289,11
2514,16,1463,30,640,22,2359,11
2514,16,1463,30,640,22,2370,11
2514,16,1463,30,640,22,2405,11
2514,16,1463,30,721,15,45,11
2514,16,1463,30,721,15,159,11
2514,16,1463,30,721,15,272,11
2514,16,1463,30,721,15,338,11
2514,16,1463,30,721,15,390,11
2514,16,1463,30,721,15,457,11
2514,16,1463,30,721,15,463,11
2514,16,1463,30,721,15,620,11
2514,16,1463,30,721,15,700,11
2514,16,1463,30,721,15,742,11
2514,16,1463,30,721,15,758,11
2514,16,1463,30,721,15,879,11
2514,16,1463,30,721,15,927,11
2514,16,1463,30,721,15,979,11
2514,16,1463,30,721,15,1003,11
2514,16,1463,30,721,15,1044,11
2514,16,1463,30,721,15,1068,11
2514,16,1463,30,721,15,1153,11
2514,16,1463,30,721,15,1186,11
2514,16,1463,30,721,15,1194,11
2514,16,1463,30,721,15,1259,11
2514,16,1463,30,721,15,1260,11
2514,16,1463,30,721,15,1312,11
2514,16,1463,30,721,15,1388,11
2514,16,1463,30,721,15,1391,11
2514,16,1463,30,721,15,1422,11
2514,16,1463,30,721,15,1556,11
2514,16,1463,30,721,15,1568,11
2514,16,1463,30,721,15,1599,11
2514,16,1463,30,721,15,1747,11
2514,16,1463,30,721,15,1773,11
2514,16,1463,30,721,15,1799,11
2514,16,1463,30,721,15,1818,11
2514,16,1463,30,721,15,1873,11
2514,16,1463,30,721,15,1940,11
2514,16,1463,30,721,15,1956,11
2514,16,1463,30,721,15,1997,11
2514,16,1463,30,721,15,2068,11
2514,16,1463,30,721,15,2079,11
2514,16,1463,30,721,15,2123,11
2514,16,1463,30,721,15,2196,11
2514,16,1463,30,721,15,2206,11
2514,16,1463,30,721,15,2216,11
2514,16,1463,30,721,15,2244,11
2514,16,1463,30,721,15,2259,11
2514,16,1463,30,721,15,2261,11
2514,16,1463,30,721,15,2289,11
2514,16,1463,30,721,15,2359,11
2514,16,1463,30,721,15,2370,11
2514,16,1463,30,721,15,2405,11
2514,16,1463,30,773,49,45,11
2514,16,1463,30,773,49,159,11
2514,16,1463,30,773,49,272,11
2514,16,1463,30,773,49,338,11
2514,16,1463,30,773,49,390,11
2514,16,1463,30,773,49,457,11
2514,16,1463,30,773,49,463,11
2514,16,1463,30,773,49,620,11
2514,16,1463,30,773,49,700,11
2514,16,1463,30,773,49,742,11
2514,16,1463,30,773,49,758,11
2514,16,1463,30,773,49,879,11
2514,16,1463,30,773,49,927,11
2514,16,1463,30,773,49,979,11
2514,16,1463,30,773,49,1003,11
2514,16,1463,30,773,49,1044,11
2514,16,1463,30,773,49,1068,11
2514,16,1463,30,773,49,1153,11
2514,16,1463,30,773,49,1186,11
2514,16,1463,30,773,49,1194,11
2514,16,1463,30,773,49,1259,11
2514,16,1463,30,773,49,1260,11
2514,16,1463,30,773,49,1312,11
2514,16,1463,30,773,49,1388,11
2514,16,1463,30,773,49,1391,11
2514,16,1463,30,773,49,1422,11
2514,16,1463,30,773,49,1556,11
2514,16,1463,30,773,49,1568,11
2514,16,1463,30,773,49,1599,11
2514,16,1463,30,773,49,1747,11
2514,16,1463,30,773,49,1773,11
2514,16,1463,30,773,49,1799,11
2514,16,1463,30,773,49,1818,11
2514,16,1463,30,773,49,1873,11
2514,16,1463,30,773,49,1940,11
2514,16,1463,30,773,49,1956,11
2514,16,1463,30,773,49,1997,11
2514,16,1463,30,773,49,2068,11
2514,16,1463,30,773,49,2079,11
2514,16,1463,30,773,49,2123,11
2514,16,1463,30,773,49,2196,11
2514,16,1463,30,773,49,2206,11
2514,16,1463,30,773,49,2216,11
2514,16,1463,30,773,49,2244,11
2514,16,1463,30,773,49,2259,11
2514,16,1463,30,773,49,2261,11
2514,16,1463,30,773,49,2289,11
2514,16,1463,30,773,49,2359,11
2514,16,1463,30,773,49,2370,11
2514,16,1463,30,773,49,2405,11
2514,16,1463,30,872,26,45,11
2514,16,1463,30,872,26,159,11
2514,16,1463,30,872,26,272,11
2514,16,1463,30,872,26,338,11
2514,16,1463,30,872,26,390,11
2514,16,1463,30,872,26,457,11
2514,16,1463,30,872,26,463,11
2514,16,1463,30,872,26,620,11
2514,16,1463,30,872,26,700,11
2514,16,1463,30,872,26,742,11
2514,16,1463,30,872,26,758,11
2514,16,1463,30,872,26,879,11
2514,16,1463,30,872,26,927,11
2514,16,1463,30,872,26,979,11
2514,16,1463,30,872,26,1003,11
2514,16,1463,30,872,26,1044,11
2514,16,1463,30,872,26,1068,11
2514,16,1463,30,872,26,1153,11
2514,16,1463,30,872,26,1186,11
2514,16,1463,30,872,26,1194,11
2514,16,1463,30,872,26,1259,11
2514,16,1463,30,872,26,1260,11
2514,16,1463,30,872,26,1312,11
2514,16,1463,30,872,26,1388,11
2514,16,1463,30,872,26,1391,11
2514,16,1463,30,872,26,1422,11
2514,16,1463,30,872,26,1556,11
2514,16,1463,30,872,26,1568,11
2514,16,1463,30,872,26,1599,11
2514,16,1463,30,872,26,1747,11
2514,16,1463,30,872,26,1773,11
2514,16,1463,30,872,26,1799,11
2514,16,1463,30,872,26,1818,11
2514,16,1463,30,872,26,1873,11
2514,16,1463,30,872,26,1940,11
2514,16,1463,30,872,26,1956,11
2514,16,1463,30,872,26,1997,11
2514,16,1463,30,872,26,2068,11
2514,16,1463,30,872,26,2079,11
2514,16,1463,30,872,26,2123,11
2514,16,1463,30,872,26,2196,11
2514,16,1463,30,872,26,2206,11
2514,16,1463,30,872,26,2216,11
2514,16,1463,30,872,26,2244,11
2514,16,1463,30,872,26,2259,11
2514,16,1463,30,872,26,2261,11
2514,16,1463,30,872,26,2289,11
2514,16,1463,30,872,26,2359,11
2514,16,1463,30,872,26,2370,11
2514,16,1463,30,872,26,2405,11
2514,16,1463,30,1407,12,45,11
2514,16,1463,30,1407,12,159,11
2514,16,1463,30,1407,12,272,11
2514,16,1463,30,1407,12,338,11
2514,16,1463,30,1407,12,390,11
2514,16,1463,30,1407,12,457,11
2514,16,1463,30,1407,12,463,11
2514,16,1463,30,1407,12,620,11
2514,16,1463,30,1407,12,700,11
2514,16,1463,30,1407,12,742,11
2514,16,1463,30,1407,12,758,11
2514,16,1463,30,1407,12,879,11
2514,16,1463,30,1407,12,927,11
2514,16,1463,30,1407,12,979,11
2514,16,1463,30,1407,12,1003,11
2514,16,1463,30,1407,12,1044,11
2514,16,1463,30,1407,12,1068,11
2514,16,1463,30,1407,12,1153,11
2514,16,1463,30,1407,12,1186,11
2514,16,1463,30,1407,12,1194,11
2514,16,1463,30,1407,12,1259,11
2514,16,1463,30,1407,12,1260,11
2514,16,1463,30,1407,12,1312,11
2514,16,1463,30,1407,12,1388,11
2514,16,1463,30,1407,12,1391,11
2514,16,1463,30,1407,12,1422,11
2514,16,1463,30,1407,12,1556,11
2514,16,1463,30,1407,12,1568,11
2514,16,1463,30,1407,12,1599,11
2514,16,1463,30,1407,12,1747,11
2514,16,1463,30,1407,12,1773,11
2514,16,1463,30,1407,12,1799,11
2514,16,1463,30,1407,12,1818,11
2514,16,1463,30,1407,12,1873,11
2514,16,1463,30,1407,12,1940,11
2514,16,1463,30,1407,12,1956,11
2514,16,1463,30,1407,12,1997,11
2514,16,1463,30,1407,12,2068,11
2514,16,1463,30,1407,12,2079,11
2514,16,1463,30,1407,12,2123,11
2514,16,1463,30,1407,12,2196,11
2514,16,1463,30,1407,12,2206,11
2514,16,1463,30,1407,12,2216,11
2514,16,1463,30,1407,12,2244,11
2514,16,1463,30,1407,12,2259,11
2514,16,1463,30,1407,12,2261,11
2514,16,1463,30,1407,12,2289,11
2514,16,1463,30,1407,12,2359,11
2514,16,1463,30,1407,12,2370,11
2514,16,1463,30,1407,12,2405,11
2514,16,1463,30,1483,50,159,11
2514,16,1463,30,1483,50,272,11
2514,16,1463,30,1483,50,457,11
2514,16,1463,30,1483,50,463,11
2514,16,1463,30,1483,50,700,11
2514,16,1463,30,1483,50,879,11
2514,16,1463,30,1483,50,927,11
2514,16,1463,30,1483,50,1003,11
2514,16,1463,30,1483,50,1068,11
2514,16,1463,30,1483,50,1153,11
2514,16,1463,30,1483,50,1194,11
2514,16,1463,30,1483,50,1260,11
2514,16,1463,30,1483,50,1388,11
2514,16,1463,30,1483,50,1391,11
2514,16,1463,30,1483,50,1422,11
2514,16,1463,30,1483,50,1556,11
2514,16,1463,30,1483,50,1568,11
2514,16,1463,30,1483,50,1599,11
2514,16,1463,30,1483,50,1747,11
2514,16,1463,30,1483,50,1818,11
2514,16,1463,30,1483,50,1873,11
2514,16,1463,30,1483,50,1940,11
2514,16,1463,30,1483,50,2068,11
2514,16,1463,30,1483,50,2079,11
2514,16,1463,30,1483,50,2123,11
2514,16,1463,30,1483,50,2196,11
2514,16,1463,30,1483,50,2216,11
2514,16,1463,30,1483,50,2259,11
2514,16,1463,30,1483,50,2370,11
2514,16,1463,30,1483,50,2405,11
2514,16,1463,30,1609,32,45,11
2514,16,1463,30,1609,32,159,11
2514,16,1463,30,1609,32,272,11
2514,16,1463,30,1609,32,338,11
2514,16,1463,30,1609,32,390,11
2514,16,1463,30,1609,32,457,11
2514,16,1463,30,1609,32,463,11
2514,16,1463,30,1609,32,620,11
2514,16,1463,30,1609,32,700,11
2514,16,1463,30,1609,32,742,11
2514,16,1463,30,1609,32,758,11
2514,16,1463,30,1609,32,879,11
2514,16,1463,30,1609,32,927,11
2514,16,1463,30,1609,32,979,11
2514,16,1463,30,1609,32,1003,11
2514,16,1463,30,1609,32,1044,11
2514,16,1463,30,1609,32,1068,11
2514,16,1463,30,1609,32,1153,11
2514,16,1463,30,1609,32,1186,11
2514,16,1463,30,1609,32,1194,11
2514,16,1463,30,1609,32,1259,11
2514,16,1463,30,1609,32,1260,11
2514,16,1463,30,1609,32,1312,11
2514,16,1463,30,1609,32,1388,11
2514,16,1463,30,1609,32,1391,11
2514,16,1463,30,1609,32,1422,11
2514,16,1463,30,1609,32,1556,11
2514,16,1463,30,1609,32,1568,11
2514,16,1463,30,1609,32,1599,11
2514,16,1463,30,1609,32,1747,11
2514,16,1463,30,1609,32,1773,11
2514,16,1463,30,1609,32,1799,11
2514,16,1463,30,1609,32,1818,11
2514,16,1463,30,1609,32,1873,11
2514,16,1463,30,1609,32,1940,11
2514,16,1463,30,1609,32,1956,11
2514,16,1463,30,1609,32,1997,11
2514,16,1463,30,1609,32,2068,11
2514,16,1463,30,1609,32,2079,11
2514,16,1463,30,1609,32,2123,11
2514,16,1463,30,1609,32,2196,11
2514,16,1463,30,1609,32,2206,11
2514,16,1463,30,1609,32,2216,11
2514,16,1463,30,1609,32,2244,11
2514,16,1463,30,1609,32,2259,11
2514,16,1463,30,1609,32,2261,11
2514,16,1463,30,1609,32,2289,11
2514,16,1463,30,1609,32,2359,11
2514,16,1463,30,1609,32,2370,11
2514,16,1463,30,1609,32,2405,11
2514,16,1463,30,1620,29,45,11
2514,16,1463,30,1620,29,159,11
2514,16,1463,30,1620,29,272,11
2514,16,1463,30,1620,29,338,11
2514,16,1463,30,1620,29,390,11
2514,16,1463,30,1620,29,457,11
2514,16,1463,30,1620,29,463,11
2514,16,1463,30,1620,29,620,11
2514,16,1463,30,1620,29,700,11
2514,16,1463,30,1620,29,742,11
2514,16,1463,30,1620,29,758,11
2514,16,1463,30,1620,29,879,11
2514,16,1463,30,1620,29,927,11
2514,16,1463,30,1620,29,979,11
2514,16,1463,30,1620,29,1003,11
2514,16,1463,30,1620,29,1044,11
2514,16,1463,30,1620,29,1068,11
2514,16,1463,30,1620,29,1153,11
2514,16,1463,30,1620,29,1186,11
2514,16,1463,30,1620,29,1194,11
2514,16,1463,30,1620,29,1259,11
2514,16,1463,30,1620,29,1260,11
2514,16,1463,30,1620,29,1312,11
2514,16,1463,30,1620,29,1388,11
2514,16,1463,30,1620,29,1391,11
2514,16,1463,30,1620,29,1422,11
2514,16,1463,30,1620,29,1556,11
2514,16,1463,30,1620,29,1568,11
2514,16,1463,30,1620,29,1599,11
2514,16,1463,30,1620,29,1747,11
2514,16,1463,30,1620,29,1773,11
2514,16,1463,30,1620,29,1799,11
2514,16,1463,30,1620,29,1818,11
2514,16,1463,30,1620,29,1873,11
2514,16,1463,30,1620,29,1940,11
2514,16,1463,30,1620,29,1956,11
2514,16,1463,30,1620,29,1997,11
2514,16,1463,30,1620,29,2068,11
2514,16,1463,30,1620,29,2079,11
2514,16,1463,30,1620,29,2123,11
2514,16,1463,30,1620,29,2196,11
2514,16,1463,30,1620,29,2206,11
2514,16,1463,30,1620,29,2216,11
2514,16,1463,30,1620,29,2244,11
2514,16,1463,30,1620,29,2259,11
2514,16,1463,30,1620,29,2261,11
2514,16,1463,30,1620,29,2289,11
2514,16,1463,30,1620,29,2359,11
2514,16,1463,30,1620,29,2370,11
2514,16,1463,30,1620,29,2405,11
2514,16,1463,30,1853,25,45,11
2514,16,1463,30,1853,25,159,11
2514,16,1463,30,1853,25,272,11
2514,16,1463,30,1853,25,338,11
2514,16,1463,30,1853,25,390,11
2514,16,1463,30,1853,25,457,11
2514,16,1463,30,1853,25,463,11
2514,16,1463,30,1853,25,620,11
2514,16,1463,30,1853,25,700,11
2514,16,1463,30,1853,25,742,11
2514,16,1463,30,1853,25,758,11
2514,16,1463,30,1853,25,879,11
2514,16,1463,30,1853,25,927,11
2514,16,1463,30,1853,25,979,11
2514,16,1463,30,1853,25,1003,11
2514,16,1463,30,1853,25,1044,11
2514,16,1463,30,1853,25,1068,11
2514,16,1463,30,1853,25,1153,11
2514,16,1463,30,1853,25,1186,11
2514,16,1463,30,1853,25,1194,11
2514,16,1463,30,1853,25,1259,11
2514,16,1463,30,1853,25,1260,11
2514,16,1463,30,1853,25,1312,11
2514,16,1463,30,1853,25,1388,11
2514,16,1463,30,1853,25,1391,11
2514,16,1463,30,1853,25,1422,11
2514,16,1463,30,1853,25,1556,11
2514,16,1463,30,1853,25,1568,11
2514,16,1463,30,1853,25,1599,11
2514,16,1463,30,1853,25,1747,11
2514,16,1463,30,1853,25,1773,11
2514,16,1463,30,1853,25,1799,11
2514,16,1463,30,1853,25,1818,11
2514,16,1463,30,1853,25,1873,11
2514,16,1463,30,1853,25,1940,11
2514,16,1463,30,1853,25,1956,11
2514,16,1463,30,1853,25,1997,11
2514,16,1463,30,1853,25,2068,11
2514,16,1463,30,1853,25,2079,11
2514,16,1463,30,1853,25,2123,11
2514,16,1463,30,1853,25,2196,11
2514,16,1463,30,1853,25,2206,11
2514,16,1463,30,1853,25,2216,11
2514,16,1463,30,1853,25,2244,11
2514,16,1463,30,1853,25,2259,11
2514,16,1463,30,1853,25,2261,11
2514,16,1463,30,1853,25,2289,11
2514,16,1463,30,1853,25,2359,11
2514,16,1463,30,1853,25,2370,11
2514,16,1463,30,1853,25,2405,11
2514,16,1463,30,1915,36,45,11
2514,16,1463,30,1915,36,159,11
2514,16,1463,30,1915,36,272,11
2514,16,1463,30,1915,36,338,11
2514,16,1463,30,1915,36,390,11
2514,16,1463,30,1915,36,457,11
2514,16,1463,30,1915,36,463,11
2514,16,1463,30,1915,36,620,11
2514,16,1463,30,1915,36,700,11
2514,16,1463,30,1915,36,742,11
2514,16,1463,30,1915,36,758,11
2514,16,1463,30,1915,36,879,11
2514,16,1463,30,1915,36,927,11
2514,16,1463,30,1915,36,979,11
2514,16,1463,30,1915,36,1003,11
2514,16,1463,30,1915,36,1044,11
2514,16,1463,30,1915,36,1068,11
2514,16,1463,30,1915,36,1153,11
2514,16,1463,30,1915,36,1186,11
2514,16,1463,30,1915,36,1194,11
2514,16,1463,30,1915,36,1259,11
2514,16,1463,30,1915,36,1260,11
2514,16,1463,30,1915,36,1312,11
2514,16,1463,30,1915,36,1388,11
2514,16,1463,30,1915,36,1391,11
2514,16,1463,30,1915,36,1422,11
2514,16,1463,30,1915,36,1556,11
2514,16,1463,30,1915,36,1568,11
2514,16,1463,30,1915,36,1599,11
2514,16,1463,30,1915,36,1747,11
2514,16,1463,30,1915,36,1773,11
2514,16,1463,30,1915,36,1799,11
2514,16,1463,30,1915,36,1818,11
2514,16,1463,30,1915,36,1873,11
2514,16,1463,30,1915,36,1940,11
2514,16,1463,30,1915,36,1956,11
2514,16,1463,30,1915,36,1997,11
2514,16,1463,30,1915,36,2068,11
2514,16,1463,30,1915,36,2079,11
2514,16,1463,30,1915,36,2123,11
2514,16,1463,30,1915,36,2196,11
2514,16,1463,30,1915,36,2206,11
2514,16,1463,30,1915,36,2216,11
2514,16,1463,30,1915,36,2244,11
2514,16,1463,30,1915,36,2259,11
2514,16,1463,30,1915,36,2261,11
2514,16,1463,30,1915,36,2289,11
2514,16,1463,30,1915,36,2359,11
2514,16,1463,30,1915,36,2370,11
2514,16,1463,30,1915,36,2405,11
