2514,16,250,39,307,44,45,11
2514,16,250,39,307,44,159,11
2514,16,250,39,307,44,272,11
2514,16,250,39,307,44,338,11
2514,16,250,39,307,44,390,11
2514,16,250,39,307,44,457,11
2514,16,250,39,307,44,463,11
2514,16,250,39,307,44,620,11
2514,16,250,39,307,44,700,11
2514,16,250,39,307,44,742,11
2514,16,250,39,307,44,758,11
2514,16,250,39,307,44,879,11
2514,16,250,39,307,44,927,11
2514,16,250,39,307,44,979,11
2514,16,250,39,307,44,1003,11
2514,16,250,39,307,44,1044,11
2514,16,250,39,307,44,1068,11
2514,16,250,39,307,44,1153,11
2514,16,250,39,307,44,1186,11
2514,16,250,39,307,44,1194,11
2514,16,250,39,307,44,1259,11
2514,16,250,39,307,44,1260,11
2514,16,250,39,307,44,1312,11
2514,16,250,39,307,44,1388,11
2514,16,250,39,307,44,1391,11
2514,16,250,39,307,44,1422,11
2514,16,250,39,307,44,1556,11
2514,16,250,39,307,44,1568,11
2514,16,250,39,307,44,1599,11
2514,16,250,39,307,44,1747,11
2514,16,250,39,307,44,1773,11
2514,16,250,39,307,44,1799,11
2514,16,250,39,307,44,1818,11
2514,16,250,39,307,44,1873,11
2514,16,250,39,307,44,1940,11
2514,16,250,39,307,44,1956,11
2514,16,250,39,307,44,1997,11
2514,16,250,39,307,44,2068,11
2514,16,250,39,307,44,2079,11
2514,16,250,39,307,44,2123,11
2514,16,250,39,307,44,2196,11
2514,16,250,39,307,44,2206,11
2514,16,250,39,307,44,2216,11
2514,16,250,39,307,44,2244,11
2514,16,250,39,307,44,2259,11
2514,16,250,39,307,44,2261,11
2514,16,250,39,307,44,2289,11
2514,16,250,39,307,44,2359,11
2514,16,250,39,307,44,2370,11
2514,16,250,39,307,44,2405,11
2514,16,250,39,371,18,45,11
2514,16,250,39,371,18,159,11
2514,16,250,39,371,18,272,11
2514,16,250,39,371,18,338,11
2514,16,250,39,371,18,390,11
2514,16,250,39,371,18,457,11
2514,16,250,39,371,18,463,11
2514,16,250,39,371,18,620,11
2514,16,250,39,371,18,700,11
2514,16,250,39,371,18,742,11
2514,16,250,39,371,18,758,11
2514,16,250,39,371,18,879,11
2514,16,250,39,371,18,927,11
2514,16,250,39,371,18,979,11
2514,16,250,39,371,18,1003,11
2514,16,250,39,371,18,1044,11
2514,16,250,39,371,18,1068,11
2514,16,250,39,371,18,1153,11
2514,16,250,39,371,18,1186,11
2514,16,250,39,371,18,1194,11
2514,16,250,39,371,18,1259,11
2514,16,250,39,371,18,1260,11
2514,16,250,39,371,18,1312,11
2514,16,250,39,371,18,1388,11
2514,16,250,39,371,18,1391,11
2514,16,250,39,371,18,1422,11
2514,16,250,39,371,18,1556,11
2514,16,250,39,371,18,1568,11
2514,16,250,39,371,18,1599,11
2514,16,250,39,371,18,1747,11
2514,16,250,39,371,18,1773,11
2514,16,250,39,371,18,1799,11
2514,16,250,39,371,18,1818,11
2514,16,250,39,371,18,1873,11
2514,16,250,39,371,18,1940,11
2514,16,250,39,371,18,1956,11
2514,16,250,39,371,18,1997,11
2514,16,250,39,371,18,2068,11
2514,16,250,39,371,18,2079,11
2514,16,250,39,371,18,2123,11
2514,16,250,39,371,18,2196,11
2514,16,250,39,371,18,2206,11
2514,16,250,39,371,18,2216,11
2514,16,250,39,371,18,2244,11
2514,16,250,39,371,18,2259,11
2514,16,250,39,371,18,2261,11
2514,16,250,39,371,18,2289,11
2514,16,250,39,371,18,2359,11
2514,16,250,39,371,18,2370,11
2514,16,250,39,371,18,2405,11
2514,16,250,39,391,46,45,11
2514,16,250,39,391,46,159,11
2514,16,250,39,391,46,272,11
2514,16,250,39,391,46,338,11
2514,16,250,39,391,46,390,11
2514,16,250,39,391,46,457,11
2514,16,250,39,391,46,463,11
2514,16,250,39,391,46,620,11
2514,16,250,39,391,46,700,11
2514,16,250,39,391,46,742,11
2514,16,250,39,391,46,758,11
2514,16,250,39,391,46,879,11
2514,16,250,39,391,46,927,11
2514,16,250,39,391,46,979,11
2514,16,250,39,391,46,1003,11
2514,16,250,39,391,46,1044,11
2514,16,250,39,391,46,1068,11
2514,16,250,39,391,46,1153,11
2514,16,250,39,391,46,1186,11
2514,16,250,39,391,46,1194,11
2514,16,250,39,391,46,1259,11
2514,16,250,39,391,46,1260,11
2514,16,250,39,391,46,1312,11
2514,16,250,39,391,46,1388,11
2514,16,250,39,391,46,1391,11
2514,16,250,39,391,46,1422,11
2514,16,250,39,391,46,1556,11
2514,16,250,39,391,46,1568,11
2514,16,250,39,391,46,1599,11
2514,16,250,39,391,46,1747,11
2514,16,250,39,391,46,1773,11
2514,16,250,39,391,46,1799,11
2514,16,250,39,391,46,1818,11
2514,16,250,39,391,46,1873,11
2514,16,250,39,391,46,1940,11
2514,16,250,39,391,46,1956,11
2514,16,250,39,391,46,1997,11
2514,16,250,39,391,46,2068,11
2514,16,250,39,391,46,2079,11
2514,16,250,39,391,46,2123,11
2514,16,250,39,391,46,2196,11
2514,16,250,39,391,46,2206,11
2514,16,250,39,391,46,2216,11
2514,16,250,39,391,46,2244,11
2514,16,250,39,391,46,2259,11
2514,16,250,39,391,46,2261,11
2514,16,250,39,391,46,2289,11
2514,16,250,39,391,46,2359,11
2514,16,250,39,391,46,2370,11
2514,16,250,39,391,46,2405,11
2514,16,250,39,562,30,45,11
2514,16,250,39,562,30,159,11
2514,16,250,39,562,30,272,11
2514,16,250,39,562,30,338,11
2514,16,250,39,562,30,390,11
2514,16,250,39,562,30,457,11
2514,16,250,39,562,30,463,11
2514,16,250,39,562,30,620,11
2514,16,250,39,562,30,700,11
2514,16,250,39,562,30,742,11
2514,16,250,39,562,30,758,11
2514,16,250,39,562,30,879,11
2514,16,250,39,562,30,927,11
2514,16,250,39,562,30,979,11
2514,16,250,39,562,30,1003,11
2514,16,250,39,562,30,1044,11
2514,16,250,39,562,30,1068,11
2514,16,250,39,562,30,1153,11
2514,16,250,39,562,30,1186,11
2514,16,250,39,562,30,1194,11
2514,16,250,39,562,30,1259,11
2514,16,250,39,562,30,1260,11
2514,16,250,39,562,30,1312,11
2514,16,250,39,562,30,1388,11
2514,16,250,39,562,30,1391,11
2514,16,250,39,562,30,1422,11
2514,16,250,39,562,30,1556,11
2514,16,250,39,562,30,1568,11
2514,16,250,39,562,30,1599,11
2514,16,250,39,562,30,1747,11
2514,16,250,39,562,30,1773,11
2514,16,250,39,562,30,1799,11
2514,16,250,39,562,30,1818,11
2514,16,250,39,562,30,1873,11
2514,16,250,39,562,30,1940,11
2514,16,250,39,562,30,1956,11
2514,16,250,39,562,30,1997,11
2514,16,250,39,562,30,2068,11
2514,16,250,39,562,30,2079,11
2514,16,250,39,562,30,2123,11
2514,16,250,39,562,30,2196,11
2514,16,250,39,562,30,2206,11
2514,16,250,39,562,30,2216,11
2514,16,250,39,562,30,2244,11
2514,16,250,39,562,30,2259,11
2514,16,250,39,562,30,2261,11
2514,16,250,39,562,30,2289,11
2514,16,250,39,562,30,2359,11
2514,16,250,39,562,30,2370,11
2514,16,250,39,562,30,2405,11
2514,16,250,39,637,25,45,11
2514,16,250,39,637,25,159,11
2514,16,250,39,637,25,272,11
2514,16,250,39,637,25,338,11
2514,16,250,39,637,25,390,11
2514,16,250,39,637,25,457,11
2514,16,250,39,637,25,463,11
2514,16,250,39,637,25,620,11
2514,16,250,39,637,25,700,11
2514,16,250,39,637,25,742,11
2514,16,250,39,637,25,758,11
2514,16,250,39,637,25,879,11
2514,16,250,39,637,25,927,11
2514,16,250,39,637,25,979,11
2514,16,250,39,637,25,1003,11
2514,16,250,39,637,25,1044,11
2514,16,250,39,637,25,1068,11
2514,16,250,39,637,25,1153,11
2514,16,250,39,637,25,1186,11
2514,16,250,39,637,25,1194,11
2514,16,250,39,637,25,1259,11
2514,16,250,39,637,25,1260,11
2514,16,250,39,637,25,1312,11
2514,16,250,39,637,25,1388,11
2514,16,250,39,637,25,1391,11
2514,16,250,39,637,25,1422,11
2514,16,250,39,637,25,1556,11
2514,16,250,39,637,25,1568,11
2514,16,250,39,637,25,1599,11
2514,16,250,39,637,25,1747,11
2514,16,250,39,637,25,1773,11
2514,16,250,39,637,25,1799,11
2514,16,250,39,637,25,1818,11
2514,16,250,39,637,25,1873,11
2514,16,250,39,637,25,1940,11
2514,16,250,39,637,25,1956,11
2514,16,250,39,637,25,1997,11
2514,16,250,39,637,25,2068,11
2514,16,250,39,637,25,2079,11
2514,16,250,39,637,25,2123,11
2514,16,250,39,637,25,2196,11
2514,16,250,39,637,25,2206,11
2514,16,250,39,637,25,2216,11
2514,16,250,39,637,25,2244,11
2514,16,250,39,637,25,2259,11
2514,16,250,39,637,25,2261,11
2514,16,250,39,637,25,2289,11
2514,16,250,39,637,25,2359,11
2514,16,250,39,637,25,2370,11
2514,16,250,39,637,25,2405,11
2514,16,250,39,762,9,45,11
2514,16,250,39,762,9,159,11
2514,16,250,39,762,9,272,11
2514,16,250,39,762,9,338,11
2514,16,250,39,762,9,390,11
2514,16,250,39,762,9,457,11
2514,16,250,39,762,9,463,11
2514,16,250,39,762,9,620,11
2514,16,250,39,762,9,700,11
2514,16,250,39,762,9,742,11
2514,16,250,39,762,9,758,11
2514,16,250,39,762,9,879,11
2514,16,250,39,762,9,927,11
2514,16,250,39,762,9,979,11
2514,16,250,39,762,9,1003,11
2514,16,250,39,762,9,1044,11
2514,16,250,39,762,9,1068,11
2514,16,250,39,762,9,1153,11
2514,16,250,39,762,9,1186,11
2514,16,250,39,762,9,1194,11
2514,16,250,39,762,9,1259,11
2514,16,250,39,762,9,1260,11
2514,16,250,39,762,9,1312,11
2514,16,250,39,762,9,1388,11
2514,16,250,39,762,9,1391,11
2514,16,250,39,762,9,1422,11
2514,16,250,39,762,9,1556,11
2514,16,250,39,762,9,1568,11
2514,16,250,39,762,9,1599,11
2514,16,250,39,762,9,1747,11
2514,16,250,39,762,9,1773,11
2514,16,250,39,762,9,1799,11
2514,16,250,39,762,9,1818,11
2514,16,250,39,762,9,1873,11
2514,16,250,39,762,9,1940,11
2514,16,250,39,762,9,1956,11
2514,16,250,39,762,9,1997,11
2514,16,250,39,762,9,2068,11
2514,16,250,39,762,9,2079,11
2514,16,250,39,762,9,2123,11
2514,16,250,39,762,9,2196,11
2514,16,250,39,762,9,2206,11
2514,16,250,39,762,9,2216,11
2514,16,250,39,762,9,2244,11
2514,16,250,39,762,9,2259,11
2514,16,250,39,762,9,2261,11
2514,16,250,39,762,9,2289,11
2514,16,250,39,762,9,2359,11
2514,16,250,39,762,9,2370,11
2514,16,250,39,762,9,2405,11
2514,16,250,39,1225,25,45,11
2514,16,250,39,1225,25,159,11
2514,16,250,39,1225,25,272,11
2514,16,250,39,1225,25,338,11
2514,16,250,39,1225,25,390,11
2514,16,250,39,1225,25,457,11
2514,16,250,39,1225,25,463,11
2514,16,250,39,1225,25,620,11
2514,16,250,39,1225,25,700,11
2514,16,250,39,1225,25,742,11
2514,16,250,39,1225,25,758,11
2514,16,250,39,1225,25,879,11
2514,16,250,39,1225,25,927,11
2514,16,250,39,1225,25,979,11
2514,16,250,39,1225,25,1003,11
2514,16,250,39,1225,25,1044,11
2514,16,250,39,1225,25,1068,11
2514,16,250,39,1225,25,1153,11
2514,16,250,39,1225,25,1186,11
2514,16,250,39,1225,25,1194,11
2514,16,250,39,1225,25,1259,11
2514,16,250,39,1225,25,1260,11
2514,16,250,39,1225,25,1312,11
2514,16,250,39,1225,25,1388,11
2514,16,250,39,1225,25,1391,11
2514,16,250,39,1225,25,1422,11
2514,16,250,39,1225,25,1556,11
2514,16,250,39,1225,25,1568,11
2514,16,250,39,1225,25,1599,11
2514,16,250,39,1225,25,1747,11
2514,16,250,39,1225,25,1773,11
2514,16,250,39,1225,25,1799,11
2514,16,250,39,1225,25,1818,11
2514,16,250,39,1225,25,1873,11
2514,16,250,39,1225,25,1940,11
2514,16,250,39,1225,25,1956,11
2514,16,250,39,1225,25,1997,11
2514,16,250,39,1225,25,2068,11
2514,16,250,39,1225,25,2079,11
2514,16,250,39,1225,25,2123,11
2514,16,250,39,1225,25,2196,11
2514,16,250,39,1225,25,2206,11
2514,16,250,39,1225,25,2216,11
2514,16,250,39,1225,25,2244,11
2514,16,250,39,1225,25,2259,11
2514,16,250,39,1225,25,2261,11
2514,16,250,39,1225,25,2289,11
2514,16,250,39,1225,25,2359,11
2514,16,250,39,1225,25,2370,11
2514,16,250,39,1225,25,2405,11
2514,16,250,39,1383,20,45,11
2514,16,250,39,1383,20,159,11
2514,16,250,39,1383,20,272,11
2514,16,250,39,1383,20,338,11
2514,16,250,39,1383,20,390,11
2514,16,250,39,1383,20,457,11
2514,16,250,39,1383,20,463,11
2514,16,250,39,1383,20,620,11
2514,16,250,39,1383,20,700,11
2514,16,250,39,1383,20,742,11
2514,16,250,39,1383,20,758,11
2514,16,250,39,1383,20,879,11
2514,16,250,39,1383,20,927,11
2514,16,250,39,1383,20,979,11
2514,16,250,39,1383,20,1003,11
2514,16,250,39,1383,20,1044,11
2514,16,250,39,1383,20,1068,11
2514,16,250,39,1383,20,1153,11
2514,16,250,39,1383,20,1186,11
2514,16,250,39,1383,20,1194,11
2514,16,250,39,1383,20,1259,11
2514,16,250,39,1383,20,1260,11
2514,16,250,39,1383,20,1312,11
2514,16,250,39,1383,20,1388,11
2514,16,250,39,1383,20,1391,11
2514,16,250,39,1383,20,1422,11
2514,16,250,39,1383,20,1556,11
2514,16,250,39,1383,20,1568,11
2514,16,250,39,1383,20,1599,11
2514,16,250,39,1383,20,1747,11
2514,16,250,39,1383,20,1773,11
2514,16,250,39,1383,20,1799,11
2514,16,250,39,1383,20,1818,11
2514,16,250,39,1383,20,1873,11
2514,16,250,39,1383,20,1940,11
2514,16,250,39,1383,20,1956,11
2514,16,250,39,1383,20,1997,11
2514,16,250,39,1383,20,2068,11
2514,16,250,39,1383,20,2079,11
2514,16,250,39,1383,20,2123,11
2514,16,250,39,1383,20,2196,11
2514,16,250,39,1383,20,2206,11
2514,16,250,39,1383,20,2216,11
2514,16,250,39,1383,20,2244,11
2514,16,250,39,1383,20,2259,11
2514,16,250,39,1383,20,2261,11
2514,16,250,39,1383,20,2289,11
2514,16,250,39,1383,20,2359,11
2514,16,250,39,1383,20,2370,11
2514,16,250,39,1383,20,2405,11
2514,16,250,39,1540,35,45,11
2514,16,250,39,1540,35,159,11
2514,16,250,39,1540,35,272,11
2514,16,250,39,1540,35,338,11
2514,16,250,39,1540,35,390,11
2514,16,250,39,1540,35,457,11
2514,16,250,39,1540,35,463,11
2514,16,250,39,1540,35,620,11
2514,16,250,39,1540,35,700,11
2514,16,250,39,1540,35,742,11
2514,16,250,39,1540,35,758,11
2514,16,250,39,1540,35,879,11
2514,16,250,39,1540,35,927,11
2514,16,250,39,1540,35,979,11
2514,16,250,39,1540,35,1003,11
2514,16,250,39,1540,35,1044,11
2514,16,250,39,1540,35,1068,11
2514,16,250,39,1540,35,1153,11
2514,16,250,39,1540,35,1186,11
2514,16,250,39,1540,35,1194,11
2514,16,250,39,1540,35,1259,11
2514,16,250,39,1540,35,1260,11
2514,16,250,39,1540,35,1312,11
2514,16,250,39,1540,35,1388,11
2514,16,250,39,1540,35,1391,11
2514,16,250,39,1540,35,1422,11
2514,16,250,39,1540,35,1556,11
2514,16,250,39,1540,35,1568,11
2514,16,250,39,1540,35,1599,11
2514,16,250,39,1540,35,1747,11
2514,16,250,39,1540,35,1773,11
2514,16,250,39,1540,35,1799,11
2514,16,250,39,1540,35,1818,11
2514,16,250,39,1540,35,1873,11
2514,16,250,39,1540,35,1940,11
2514,16,250,39,1540,35,1956,11
2514,16,250,39,1540,35,1997,11
2514,16,250,39,1540,35,2068,11
2514,16,250,39,1540,35,2079,11
2514,16,250,39,1540,35,2123,11
2514,16,250,39,1540,35,2196,11
2514,16,250,39,1540,35,2206,11
2514,16,250,39,1540,35,2216,11
2514,16,250,39,1540,35,2244,11
2514,16,250,39,1540,35,2259,11
2514,16,250,39,1540,35,2261,11
2514,16,250,39,1540,35,2289,11
2514,16,250,39,1540,35,2359,11
2514,16,250,39,1540,35,2370,11
2514,16,250,39,1540,35,2405,11
2514,16,250,39,1541,21,45,11
2514,16,250,39,1541,21,159,11
2514,16,250,39,1541,21,272,11
2514,16,250,39,1541,21,338,11
2514,16,250,39,1541,21,390,11
2514,16,250,39,1541,21,457,11
2514,16,250,39,1541,21,463,11
2514,16,250,39,1541,21,620,11
2514,16,250,39,1541,21,700,11
2514,16,250,39,1541,21,742,11
2514,16,250,39,1541,21,758,11
2514,16,250,39,1541,21,879,11
2514,16,250,39,1541,21,927,11
2514,16,250,39,1541,21,979,11
2514,16,250,39,1541,21,1003,11
2514,16,250,39,1541,21,1044,11
2514,16,250,39,1541,21,1068,11
2514,16,250,39,1541,21,1153,11
2514,16,250,39,1541,21,1186,11
2514,16,250,39,1541,21,1194,11
2514,16,250,39,1541,21,1259,11
2514,16,250,39,1541,21,1260,11
2514,16,250,39,1541,21,1312,11
2514,16,250,39,1541,21,1388,11
2514,16,250,39,1541,21,1391,11
2514,16,250,39,1541,21,1422,11
2514,16,250,39,1541,21,1556,11
2514,16,250,39,1541,21,1568,11
2514,16,250,39,1541,21,1599,11
2514,16,250,39,1541,21,1747,11
2514,16,250,39,1541,21,1773,11
2514,16,250,39,1541,21,1799,11
2514,16,250,39,1541,21,1818,11
2514,16,250,39,1541,21,1873,11
2514,16,250,39,1541,21,1940,11
2514,16,250,39,1541,21,1956,11
2514,16,250,39,1541,21,1997,11
2514,16,250,39,1541,21,2068,11
2514,16,250,39,1541,21,2079,11
2514,16,250,39,1541,21,2123,11
2514,16,250,39,1541,21,2196,11
2514,16,250,39,1541,21,2206,11
2514,16,250,39,1541,21,2216,11
2514,16,250,39,1541,21,2244,11
2514,16,250,39,1541,21,2259,11
2514,16,250,39,1541,21,2261,11
2514,16,250,39,1541,21,2289,11
2514,16,250,39,1541,21,2359,11
2514,16,250,39,1541,21,2370,11
2514,16,250,39,1541,21,2405,11
2514,16,250,39,1696,32,45,11
2514,16,250,39,1696,32,159,11
2514,16,250,39,1696,32,272,11
2514,16,250,39,1696,32,338,11
2514,16,250,39,1696,32,390,11
2514,16,250,39,1696,32,457,11
2514,16,250,39,1696,32,463,11
2514,16,250,39,1696,32,620,11
2514,16,250,39,1696,32,700,11
2514,16,250,39,1696,32,742,11
2514,16,250,39,1696,32,758,11
2514,16,250,39,1696,32,879,11
2514,16,250,39,1696,32,927,11
2514,16,250,39,1696,32,979,11
2514,16,250,39,1696,32,1003,11
2514,16,250,39,1696,32,1044,11
2514,16,250,39,1696,32,1068,11
2514,16,250,39,1696,32,1153,11
2514,16,250,39,1696,32,1186,11
2514,16,250,39,1696,32,1194,11
2514,16,250,39,1696,32,1259,11
2514,16,250,39,1696,32,1260,11
2514,16,250,39,1696,32,1312,11
2514,16,250,39,1696,32,1388,11
2514,16,250,39,1696,32,1391,11
2514,16,250,39,1696,32,1422,11
2514,16,250,39,1696,32,1556,11
2514,16,250,39,1696,32,1568,11
2514,16,250,39,1696,32,1599,11
2514,16,250,39,1696,32,1747,11
2514,16,250,39,1696,32,1773,11
2514,16,250,39,1696,32,1799,11
2514,16,250,39,1696,32,1818,11
2514,16,250,39,1696,32,1873,11
2514,16,250,39,1696,32,1940,11
2514,16,250,39,1696,32,1956,11
2514,16,250,39,1696,32,1997,11
2514,16,250,39,1696,32,2068,11
2514,16,250,39,1696,32,2079,11
2514,16,250,39,1696,32,2123,11
2514,16,250,39,1696,32,2196,11
2514,16,250,39,1696,32,2206,11
2514,16,250,39,1696,32,2216,11
2514,16,250,39,1696,32,2244,11
2514,16,250,39,1696,32,2259,11
2514,16,250,39,1696,32,2261,11
2514,16,250,39,1696,32,2289,11
2514,16,250,39,1696,32,2359,11
2514,16,250,39,1696,32,2370,11
2514,16,250,39,1696,32,2405,11
2514,16,250,39,1793,12,45,11
2514,16,250,39,1793,12,159,11
2514,16,250,39,1793,12,272,11
2514,16,250,39,1793,12,338,11
2514,16,250,39,1793,12,390,11
2514,16,250,39,1793,12,457,11
2514,16,250,39,1793,12,463,11
2514,16,250,39,1793,12,620,11
2514,16,250,39,1793,12,700,11
2514,16,250,39,1793,12,742,11
2514,16,250,39,1793,12,758,11
2514,16,250,39,1793,12,879,11
2514,16,250,39,1793,12,927,11
2514,16,250,39,1793,12,979,11
2514,16,250,39,1793,12,1003,11
2514,16,250,39,1793,12,1044,11
2514,16,250,39,1793,12,1068,11
2514,16,250,39,1793,12,1153,11
2514,16,250,39,1793,12,1186,11
2514,16,250,39,1793,12,1194,11
2514,16,250,39,1793,12,1259,11
2514,16,250,39,1793,12,1260,11
2514,16,250,39,1793,12,1312,11
2514,16,250,39,1793,12,1388,11
2514,16,250,39,1793,12,1391,11
2514,16,250,39,1793,12,1422,11
2514,16,250,39,1793,12,1556,11
2514,16,250,39,1793,12,1568,11
2514,16,250,39,1793,12,1599,11
2514,16,250,39,1793,12,1747,11
2514,16,250,39,1793,12,1773,11
2514,16,250,39,1793,12,1799,11
2514,16,250,39,1793,12,1818,11
2514,16,250,39,1793,12,1873,11
2514,16,250,39,1793,12,1940,11
2514,16,250,39,1793,12,1956,11
2514,16,250,39,1793,12,1997,11
2514,16,250,39,1793,12,2068,11
2514,16,250,39,1793,12,2079,11
2514,16,250,39,1793,12,2123,11
2514,16,250,39,1793,12,2196,11
2514,16,250,39,1793,12,2206,11
2514,16,250,39,1793,12,2216,11
2514,16,250,39,1793,12,2244,11
2514,16,250,39,1793,12,2259,11
2514,16,250,39,1793,12,2261,11
2514,16,250,39,1793,12,2289,11
2514,16,250,39,1793,12,2359,11
2514,16,250,39,1793,12,2370,11
2514,16,250,39,1793,12,2405,11
2514,16,250,39,1833,16,45,11
2514,16,250,39,1833,16,159,11
2514,16,250,39,1833,16,272,11
2514,16,250,39,1833,16,338,11
2514,16,250,39,1833,16,390,11
2514,16,250,39,1833,16,463,11
2514,16,250,39,1833,16,620,11
2514,16,250,39,1833,16,742,11
2514,16,250,39,1833,16,758,11
2514,16,250,39,1833,16,879,11
2514,16,250,39,1833,16,979,11
2514,16,250,39,1833,16,1044,11
2514,16,250,39,1833,16,1068,11
2514,16,250,39,1833,16,1186,11
2514,16,250,39,1833,16,1259,11
2514,16,250,39,1833,16,1260,11
2514,16,250,39,1833,16,1312,11
2514,16,250,39,1833,16,1388,11
2514,16,250,39,1833,16,1391,11
2514,16,250,39,1833,16,1422,11
2514,16,250,39,1833,16,1556,11
2514,16,250,39,1833,16,1747,11
2514,16,250,39,1833,16,1773,11
2514,16,250,39,1833,16,1799,11
2514,16,250,39,1833,16,1873,11
2514,16,250,39,1833,16,1956,11
2514,16,250,39,1833,16,1997,11
2514,16,250,39,1833,16,2068,11
2514,16,250,39,1833,16,2079,11
2514,16,250,39,1833,16,2123,11
2514,16,250,39,1833,16,2196,11
2514,16,250,39,1833,16,2206,11
2514,16,250,39,1833,16,2216,11
2514,16,250,39,1833,16,2244,11
2514,16,250,39,1833,16,2259,11
2514,16,250,39,1833,16,2261,11
2514,16,250,39,1833,16,2289,11
2514,16,250,39,1833,16,2359,11
2514,16,250,39,1833,16,2370,11
2514,16,250,39,1833,16,2405,11
