2514,16,1126,28,342,29,45,11
2514,16,1126,28,342,29,159,11
2514,16,1126,28,342,29,272,11
2514,16,1126,28,342,29,338,11
2514,16,1126,28,342,29,390,11
2514,16,1126,28,342,29,457,11
2514,16,1126,28,342,29,463,11
2514,16,1126,28,342,29,620,11
2514,16,1126,28,342,29,700,11
2514,16,1126,28,342,29,742,11
2514,16,1126,28,342,29,758,11
2514,16,1126,28,342,29,879,11
2514,16,1126,28,342,29,927,11
2514,16,1126,28,342,29,979,11
2514,16,1126,28,342,29,1003,11
2514,16,1126,28,342,29,1044,11
2514,16,1126,28,342,29,1068,11
2514,16,1126,28,342,29,1153,11
2514,16,1126,28,342,29,1186,11
2514,16,1126,28,342,29,1194,11
2514,16,1126,28,342,29,1259,11
2514,16,1126,28,342,29,1260,11
2514,16,1126,28,342,29,1312,11
2514,16,1126,28,342,29,1388,11
2514,16,1126,28,342,29,1391,11
2514,16,1126,28,342,29,1422,11
2514,16,1126,28,342,29,1556,11
2514,16,1126,28,342,29,1568,11
2514,16,1126,28,342,29,1599,11
2514,16,1126,28,342,29,1747,11
2514,16,1126,28,342,29,1773,11
2514,16,1126,28,342,29,1799,11
2514,16,1126,28,342,29,1818,11
2514,16,1126,28,342,29,1873,11
2514,16,1126,28,342,29,1940,11
2514,16,1126,28,342,29,1956,11
2514,16,1126,28,342,29,1997,11
2514,16,1126,28,342,29,2068,11
2514,16,1126,28,342,29,2079,11
2514,16,1126,28,342,29,2123,11
2514,16,1126,28,342,29,2196,11
2514,16,1126,28,342,29,2206,11
2514,16,1126,28,342,29,2216,11
2514,16,1126,28,342,29,2244,11
2514,16,1126,28,342,29,2259,11
2514,16,1126,28,342,29,2261,11
2514,16,1126,28,342,29,2289,11
2514,16,1126,28,342,29,2359,11
2514,16,1126,28,342,29,2370,11
2514,16,1126,28,342,29,2405,11
2514,16,1126,28,531,42,45,11
2514,16,1126,28,531,42,159,11
2514,16,1126,28,531,42,272,11
2514,16,1126,28,531,42,338,11
2514,16,1126,28,531,42,390,11
2514,16,1126,28,531,42,457,11
2514,16,1126,28,531,42,463,11
2514,16,1126,28,531,42,620,11
2514,16,1126,28,531,42,700,11
2514,16,1126,28,531,42,742,11
2514,16,1126,28,531,42,758,11
2514,16,1126,28,531,42,879,11
2514,16,1126,28,531,42,927,11
2514,16,1126,28,531,42,979,11
2514,16,1126,28,531,42,1003,11
2514,16,1126,28,531,42,1044,11
2514,16,1126,28,531,42,1068,11
2514,16,1126,28,531,42,1153,11
2514,16,1126,28,531,42,1186,11
2514,16,1126,28,531,42,1194,11
2514,16,1126,28,531,42,1259,11
2514,16,1126,28,531,42,1260,11
2514,16,1126,28,531,42,1312,11
2514,16,1126,28,531,42,1388,11
2514,16,1126,28,531,42,1391,11
2514,16,1126,28,531,42,1422,11
2514,16,1126,28,531,42,1556,11
2514,16,1126,28,531,42,1568,11
2514,16,1126,28,531,42,1599,11
2514,16,1126,28,531,42,1747,11
2514,16,1126,28,531,42,1773,11
2514,16,1126,28,531,42,1799,11
2514,16,1126,28,531,42,1818,11
2514,16,1126,28,531,42,1873,11
2514,16,1126,28,531,42,1940,11
2514,16,1126,28,531,42,1956,11
2514,16,1126,28,531,42,1997,11
2514,16,1126,28,531,42,2068,11
2514,16,1126,28,531,42,2079,11
2514,16,1126,28,531,42,2123,11
2514,16,1126,28,531,42,2196,11
2514,16,1126,28,531,42,2206,11
2514,16,1126,28,531,42,2216,11
2514,16,1126,28,531,42,2244,11
2514,16,1126,28,531,42,2259,11
2514,16,1126,28,531,42,2261,11
2514,16,1126,28,531,42,2289,11
2514,16,1126,28,531,42,2359,11
2514,16,1126,28,531,42,2370,11
2514,16,1126,28,531,42,2405,11
2514,16,1126,28,556,46,45,11
2514,16,1126,28,556,46,159,11
2514,16,1126,28,556,46,272,11
2514,16,1126,28,556,46,338,11
2514,16,1126,28,556,46,390,11
2514,16,1126,28,556,46,457,11
2514,16,1126,28,556,46,463,11
2514,16,1126,28,556,46,620,11
2514,16,1126,28,556,46,700,11
2514,16,1126,28,556,46,742,11
2514,16,1126,28,556,46,758,11
2514,16,1126,28,556,46,879,11
2514,16,1126,28,556,46,927,11
2514,16,1126,28,556,46,979,11
2514,16,1126,28,556,46,1003,11
2514,16,1126,28,556,46,1044,11
2514,16,1126,28,556,46,1068,11
2514,16,1126,28,556,46,1153,11
2514,16,1126,28,556,46,1186,11
2514,16,1126,28,556,46,1194,11
2514,16,1126,28,556,46,1259,11
2514,16,1126,28,556,46,1260,11
2514,16,1126,28,556,46,1312,11
2514,16,1126,28,556,46,1388,11
2514,16,1126,28,556,46,1391,11
2514,16,1126,28,556,46,1422,11
2514,16,1126,28,556,46,1556,11
2514,16,1126,28,556,46,1568,11
2514,16,1126,28,556,46,1599,11
2514,16,1126,28,556,46,1747,11
2514,16,1126,28,556,46,1773,11
2514,16,1126,28,556,46,1799,11
2514,16,1126,28,556,46,1818,11
2514,16,1126,28,556,46,1873,11
2514,16,1126,28,556,46,1940,11
2514,16,1126,28,556,46,1956,11
2514,16,1126,28,556,46,1997,11
2514,16,1126,28,556,46,2068,11
2514,16,1126,28,556,46,2079,11
2514,16,1126,28,556,46,2123,11
2514,16,1126,28,556,46,2196,11
2514,16,1126,28,556,46,2206,11
2514,16,1126,28,556,46,2216,11
2514,16,1126,28,556,46,2244,11
2514,16,1126,28,556,46,2259,11
2514,16,1126,28,556,46,2261,11
2514,16,1126,28,556,46,2289,11
2514,16,1126,28,556,46,2359,11
2514,16,1126,28,556,46,2370,11
2514,16,1126,28,556,46,2405,11
2514,16,1126,28,575,28,45,11
2514,16,1126,28,575,28,159,11
2514,16,1126,28,575,28,272,11
2514,16,1126,28,575,28,338,11
2514,16,1126,28,575,28,390,11
2514,16,1126,28,575,28,457,11
2514,16,1126,28,575,28,463,11
2514,16,1126,28,575,28,620,11
2514,16,1126,28,575,28,700,11
2514,16,1126,28,575,28,742,11
2514,16,1126,28,575,28,758,11
2514,16,1126,28,575,28,879,11
2514,16,1126,28,575,28,927,11
2514,16,1126,28,575,28,979,11
2514,16,1126,28,575,28,1003,11
2514,16,1126,28,575,28,1044,11
2514,16,1126,28,575,28,1068,11
2514,16,1126,28,575,28,1153,11
2514,16,1126,28,575,28,1186,11
2514,16,1126,28,575,28,1194,11
2514,16,1126,28,575,28,1259,11
2514,16,1126,28,575,28,1260,11
2514,16,1126,28,575,28,1312,11
2514,16,1126,28,575,28,1388,11
2514,16,1126,28,575,28,1391,11
2514,16,1126,28,575,28,1422,11
2514,16,1126,28,575,28,1556,11
2514,16,1126,28,575,28,1568,11
2514,16,1126,28,575,28,1599,11
2514,16,1126,28,575,28,1747,11
2514,16,1126,28,575,28,1773,11
2514,16,1126,28,575,28,1799,11
2514,16,1126,28,575,28,1818,11
2514,16,1126,28,575,28,1873,11
2514,16,1126,28,575,28,1940,11
2514,16,1126,28,575,28,1956,11
2514,16,1126,28,575,28,1997,11
2514,16,1126,28,575,28,2068,11
2514,16,1126,28,575,28,2079,11
2514,16,1126,28,575,28,2123,11
2514,16,1126,28,575,28,2196,11
2514,16,1126,28,575,28,2206,11
2514,16,1126,28,575,28,2216,11
2514,16,1126,28,575,28,2244,11
2514,16,1126,28,575,28,2259,11
2514,16,1126,28,575,28,2261,11
2514,16,1126,28,575,28,2289,11
2514,16,1126,28,575,28,2359,11
2514,16,1126,28,575,28,2370,11
2514,16,1126,28,575,28,2405,11
2514,16,1126,28,830,48,45,11
2514,16,1126,28,830,48,159,11
2514,16,1126,28,830,48,272,11
2514,16,1126,28,830,48,338,11
2514,16,1126,28,830,48,390,11
2514,16,1126,28,830,48,457,11
2514,16,1126,28,830,48,463,11
2514,16,1126,28,830,48,620,11
2514,16,1126,28,830,48,700,11
2514,16,1126,28,830,48,742,11
2514,16,1126,28,830,48,758,11
2514,16,1126,28,830,48,879,11
2514,16,1126,28,830,48,927,11
2514,16,1126,28,830,48,979,11
2514,16,1126,28,830,48,1003,11
2514,16,1126,28,830,48,1044,11
2514,16,1126,28,830,48,1068,11
2514,16,1126,28,830,48,1153,11
2514,16,1126,28,830,48,1186,11
2514,16,1126,28,830,48,1194,11
2514,16,1126,28,830,48,1259,11
2514,16,1126,28,830,48,1260,11
2514,16,1126,28,830,48,1312,11
2514,16,1126,28,830,48,1388,11
2514,16,1126,28,830,48,1391,11
2514,16,1126,28,830,48,1422,11
2514,16,1126,28,830,48,1556,11
2514,16,1126,28,830,48,1568,11
2514,16,1126,28,830,48,1599,11
2514,16,1126,28,830,48,1747,11
2514,16,1126,28,830,48,1773,11
2514,16,1126,28,830,48,1799,11
2514,16,1126,28,830,48,1818,11
2514,16,1126,28,830,48,1873,11
2514,16,1126,28,830,48,1940,11
2514,16,1126,28,830,48,1956,11
2514,16,1126,28,830,48,1997,11
2514,16,1126,28,830,48,2068,11
2514,16,1126,28,830,48,2079,11
2514,16,1126,28,830,48,2123,11
2514,16,1126,28,830,48,2196,11
2514,16,1126,28,830,48,2206,11
2514,16,1126,28,830,48,2216,11
2514,16,1126,28,830,48,2244,11
2514,16,1126,28,830,48,2259,11
2514,16,1126,28,830,48,2261,11
2514,16,1126,28,830,48,2289,11
2514,16,1126,28,830,48,2359,11
2514,16,1126,28,830,48,2370,11
2514,16,1126,28,830,48,2405,11
2514,16,1126,28,854,22,45,11
2514,16,1126,28,854,22,159,11
2514,16,1126,28,854,22,272,11
2514,16,1126,28,854,22,338,11
2514,16,1126,28,854,22,390,11
2514,16,1126,28,854,22,457,11
2514,16,1126,28,854,22,463,11
2514,16,1126,28,854,22,620,11
2514,16,1126,28,854,22,700,11
2514,16,1126,28,854,22,742,11
2514,16,1126,28,854,22,758,11
2514,16,1126,28,854,22,879,11
2514,16,1126,28,854,22,927,11
2514,16,1126,28,854,22,979,11
2514,16,1126,28,854,22,1003,11
2514,16,1126,28,854,22,1044,11
2514,16,1126,28,854,22,1068,11
2514,16,1126,28,854,22,1153,11
2514,16,1126,28,854,22,1186,11
2514,16,1126,28,854,22,1194,11
2514,16,1126,28,854,22,1259,11
2514,16,1126,28,854,22,1260,11
2514,16,1126,28,854,22,1312,11
2514,16,1126,28,854,22,1388,11
2514,16,1126,28,854,22,1391,11
2514,16,1126,28,854,22,1422,11
2514,16,1126,28,854,22,1556,11
2514,16,1126,28,854,22,1568,11
2514,16,1126,28,854,22,1599,11
2514,16,1126,28,854,22,1747,11
2514,16,1126,28,854,22,1773,11
2514,16,1126,28,854,22,1799,11
2514,16,1126,28,854,22,1818,11
2514,16,1126,28,854,22,1873,11
2514,16,1126,28,854,22,1940,11
2514,16,1126,28,854,22,1956,11
2514,16,1126,28,854,22,1997,11
2514,16,1126,28,854,22,2068,11
2514,16,1126,28,854,22,2079,11
2514,16,1126,28,854,22,2123,11
2514,16,1126,28,854,22,2196,11
2514,16,1126,28,854,22,2206,11
2514,16,1126,28,854,22,2216,11
2514,16,1126,28,854,22,2244,11
2514,16,1126,28,854,22,2259,11
2514,16,1126,28,854,22,2261,11
2514,16,1126,28,854,22,2289,11
2514,16,1126,28,854,22,2359,11
2514,16,1126,28,854,22,2370,11
2514,16,1126,28,854,22,2405,11
2514,16,1126,28,919,15,45,11
2514,16,1126,28,919,15,159,11
2514,16,1126,28,919,15,272,11
2514,16,1126,28,919,15,338,11
2514,16,1126,28,919,15,390,11
2514,16,1126,28,919,15,457,11
2514,16,1126,28,919,15,463,11
2514,16,1126,28,919,15,620,11
2514,16,1126,28,919,15,700,11
2514,16,1126,28,919,15,742,11
2514,16,1126,28,919,15,758,11
2514,16,1126,28,919,15,879,11
2514,16,1126,28,919,15,927,11
2514,16,1126,28,919,15,979,11
2514,16,1126,28,919,15,1003,11
2514,16,1126,28,919,15,1044,11
2514,16,1126,28,919,15,1068,11
2514,16,1126,28,919,15,1153,11
2514,16,1126,28,919,15,1186,11
2514,16,1126,28,919,15,1194,11
2514,16,1126,28,919,15,1259,11
2514,16,1126,28,919,15,1260,11
2514,16,1126,28,919,15,1312,11
2514,16,1126,28,919,15,1388,11
2514,16,1126,28,919,15,1391,11
2514,16,1126,28,919,15,1422,11
2514,16,1126,28,919,15,1556,11
2514,16,1126,28,919,15,1568,11
2514,16,1126,28,919,15,1599,11
2514,16,1126,28,919,15,1747,11
2514,16,1126,28,919,15,1773,11
2514,16,1126,28,919,15,1799,11
2514,16,1126,28,919,15,1818,11
2514,16,1126,28,919,15,1873,11
2514,16,1126,28,919,15,1940,11
2514,16,1126,28,919,15,1956,11
2514,16,1126,28,919,15,1997,11
2514,16,1126,28,919,15,2068,11
2514,16,1126,28,919,15,2079,11
2514,16,1126,28,919,15,2123,11
2514,16,1126,28,919,15,2196,11
2514,16,1126,28,919,15,2206,11
2514,16,1126,28,919,15,2216,11
2514,16,1126,28,919,15,2244,11
2514,16,1126,28,919,15,2259,11
2514,16,1126,28,919,15,2261,11
2514,16,1126,28,919,15,2289,11
2514,16,1126,28,919,15,2359,11
2514,16,1126,28,919,15,2370,11
2514,16,1126,28,919,15,2405,11
2514,16,1126,28,991,31,45,11
2514,16,1126,28,991,31,159,11
2514,16,1126,28,991,31,272,11
2514,16,1126,28,991,31,338,11
2514,16,1126,28,991,31,390,11
2514,16,1126,28,991,31,457,11
2514,16,1126,28,991,31,463,11
2514,16,1126,28,991,31,620,11
2514,16,1126,28,991,31,700,11
2514,16,1126,28,991,31,742,11
2514,16,1126,28,991,31,758,11
2514,16,1126,28,991,31,879,11
2514,16,1126,28,991,31,927,11
2514,16,1126,28,991,31,979,11
2514,16,1126,28,991,31,1003,11
2514,16,1126,28,991,31,1044,11
2514,16,1126,28,991,31,1068,11
2514,16,1126,28,991,31,1153,11
2514,16,1126,28,991,31,1186,11
2514,16,1126,28,991,31,1194,11
2514,16,1126,28,991,31,1259,11
2514,16,1126,28,991,31,1260,11
2514,16,1126,28,991,31,1312,11
2514,16,1126,28,991,31,1388,11
2514,16,1126,28,991,31,1391,11
2514,16,1126,28,991,31,1422,11
2514,16,1126,28,991,31,1556,11
2514,16,1126,28,991,31,1568,11
2514,16,1126,28,991,31,1599,11
2514,16,1126,28,991,31,1747,11
2514,16,1126,28,991,31,1773,11
2514,16,1126,28,991,31,1799,11
2514,16,1126,28,991,31,1818,11
2514,16,1126,28,991,31,1873,11
2514,16,1126,28,991,31,1940,11
2514,16,1126,28,991,31,1956,11
2514,16,1126,28,991,31,1997,11
2514,16,1126,28,991,31,2068,11
2514,16,1126,28,991,31,2079,11
2514,16,1126,28,991,31,2123,11
2514,16,1126,28,991,31,2196,11
2514,16,1126,28,991,31,2206,11
2514,16,1126,28,991,31,2216,11
2514,16,1126,28,991,31,2244,11
2514,16,1126,28,991,31,2259,11
2514,16,1126,28,991,31,2261,11
2514,16,1126,28,991,31,2289,11
2514,16,1126,28,991,31,2359,11
2514,16,1126,28,991,31,2370,11
2514,16,1126,28,991,31,2405,11
2514,16,1126,28,1154,46,45,11
2514,16,1126,28,1154,46,272,11
2514,16,1126,28,1154,46,338,11
2514,16,1126,28,1154,46,390,11
2514,16,1126,28,1154,46,620,11
2514,16,1126,28,1154,46,742,11
2514,16,1126,28,1154,46,758,11
2514,16,1126,28,1154,46,979,11
2514,16,1126,28,1154,46,1044,11
2514,16,1126,28,1154,46,1068,11
2514,16,1126,28,1154,46,1186,11
2514,16,1126,28,1154,46,1259,11
2514,16,1126,28,1154,46,1260,11
2514,16,1126,28,1154,46,1312,11
2514,16,1126,28,1154,46,1391,11
2514,16,1126,28,1154,46,1422,11
2514,16,1126,28,1154,46,1747,11
2514,16,1126,28,1154,46,1773,11
2514,16,1126,28,1154,46,1799,11
2514,16,1126,28,1154,46,1956,11
2514,16,1126,28,1154,46,1997,11
2514,16,1126,28,1154,46,2068,11
2514,16,1126,28,1154,46,2079,11
2514,16,1126,28,1154,46,2206,11
2514,16,1126,28,1154,46,2244,11
2514,16,1126,28,1154,46,2259,11
2514,16,1126,28,1154,46,2261,11
2514,16,1126,28,1154,46,2289,11
2514,16,1126,28,1154,46,2359,11
2514,16,1126,28,1154,46,2405,11
2514,16,1126,28,1296,41,45,11
2514,16,1126,28,1296,41,159,11
2514,16,1126,28,1296,41,272,11
2514,16,1126,28,1296,41,338,11
2514,16,1126,28,1296,41,390,11
2514,16,1126,28,1296,41,457,11
2514,16,1126,28,1296,41,463,11
2514,16,1126,28,1296,41,620,11
2514,16,1126,28,1296,41,700,11
2514,16,1126,28,1296,41,742,11
2514,16,1126,28,1296,41,758,11
2514,16,1126,28,1296,41,879,11
2514,16,1126,28,1296,41,927,11
2514,16,1126,28,1296,41,979,11
2514,16,1126,28,1296,41,1003,11
2514,16,1126,28,1296,41,1044,11
2514,16,1126,28,1296,41,1068,11
2514,16,1126,28,1296,41,1153,11
2514,16,1126,28,1296,41,1186,11
2514,16,1126,28,1296,41,1194,11
2514,16,1126,28,1296,41,1259,11
2514,16,1126,28,1296,41,1260,11
2514,16,1126,28,1296,41,1312,11
2514,16,1126,28,1296,41,1388,11
2514,16,1126,28,1296,41,1391,11
2514,16,1126,28,1296,41,1422,11
2514,16,1126,28,1296,41,1556,11
2514,16,1126,28,1296,41,1568,11
2514,16,1126,28,1296,41,1599,11
2514,16,1126,28,1296,41,1747,11
2514,16,1126,28,1296,41,1773,11
2514,16,1126,28,1296,41,1799,11
2514,16,1126,28,1296,41,1818,11
2514,16,1126,28,1296,41,1873,11
2514,16,1126,28,1296,41,1940,11
2514,16,1126,28,1296,41,1956,11
2514,16,1126,28,1296,41,1997,11
2514,16,1126,28,1296,41,2068,11
2514,16,1126,28,1296,41,2079,11
2514,16,1126,28,1296,41,2123,11
2514,16,1126,28,1296,41,2196,11
2514,16,1126,28,1296,41,2206,11
2514,16,1126,28,1296,41,2216,11
2514,16,1126,28,1296,41,2244,11
2514,16,1126,28,1296,41,2259,11
2514,16,1126,28,1296,41,2261,11
2514,16,1126,28,1296,41,2289,11
2514,16,1126,28,1296,41,2359,11
2514,16,1126,28,1296,41,2370,11
2514,16,1126,28,1296,41,2405,11
2514,16,1126,28,1423,14,45,11
2514,16,1126,28,1423,14,159,11
2514,16,1126,28,1423,14,272,11
2514,16,1126,28,1423,14,338,11
2514,16,1126,28,1423,14,390,11
2514,16,1126,28,1423,14,457,11
2514,16,1126,28,1423,14,463,11
2514,16,1126,28,1423,14,620,11
2514,16,1126,28,1423,14,700,11
2514,16,1126,28,1423,14,742,11
2514,16,1126,28,1423,14,758,11
2514,16,1126,28,1423,14,879,11
2514,16,1126,28,1423,14,927,11
2514,16,1126,28,1423,14,979,11
2514,16,1126,28,1423,14,1003,11
2514,16,1126,28,1423,14,1044,11
2514,16,1126,28,1423,14,1068,11
2514,16,1126,28,1423,14,1153,11
2514,16,1126,28,1423,14,1186,11
2514,16,1126,28,1423,14,1194,11
2514,16,1126,28,1423,14,1259,11
2514,16,1126,28,1423,14,1260,11
2514,16,1126,28,1423,14,1312,11
2514,16,1126,28,1423,14,1388,11
2514,16,1126,28,1423,14,1391,11
2514,16,1126,28,1423,14,1422,11
2514,16,1126,28,1423,14,1556,11
2514,16,1126,28,1423,14,1568,11
2514,16,1126,28,1423,14,1599,11
2514,16,1126,28,1423,14,1747,11
2514,16,1126,28,1423,14,1773,11
2514,16,1126,28,1423,14,1799,11
2514,16,1126,28,1423,14,1818,11
2514,16,1126,28,1423,14,1873,11
2514,16,1126,28,1423,14,1940,11
2514,16,1126,28,1423,14,1956,11
2514,16,1126,28,1423,14,1997,11
2514,16,1126,28,1423,14,2068,11
2514,16,1126,28,1423,14,2079,11
2514,16,1126,28,1423,14,2123,11
2514,16,1126,28,1423,14,2196,11
2514,16,1126,28,1423,14,2206,11
2514,16,1126,28,1423,14,2216,11
2514,16,1126,28,1423,14,2244,11
2514,16,1126,28,1423,14,2259,11
2514,16,1126,28,1423,14,2261,11
2514,16,1126,28,1423,14,2289,11
2514,16,1126,28,1423,14,2359,11
2514,16,1126,28,1423,14,2370,11
2514,16,1126,28,1423,14,2405,11
2514,16,1126,28,1473,21,45,11
2514,16,1126,28,1473,21,159,11
2514,16,1126,28,1473,21,272,11
2514,16,1126,28,1473,21,338,11
2514,16,1126,28,1473,21,390,11
2514,16,1126,28,1473,21,457,11
2514,16,1126,28,1473,21,463,11
2514,16,1126,28,1473,21,620,11
2514,16,1126,28,1473,21,700,11
2514,16,1126,28,1473,21,742,11
2514,16,1126,28,1473,21,758,11
2514,16,1126,28,1473,21,879,11
2514,16,1126,28,1473,21,927,11
2514,16,1126,28,1473,21,979,11
2514,16,1126,28,1473,21,1003,11
2514,16,1126,28,1473,21,1044,11
2514,16,1126,28,1473,21,1068,11
2514,16,1126,28,1473,21,1153,11
2514,16,1126,28,1473,21,1186,11
2514,16,1126,28,1473,21,1194,11
2514,16,1126,28,1473,21,1259,11
2514,16,1126,28,1473,21,1260,11
2514,16,1126,28,1473,21,1312,11
2514,16,1126,28,1473,21,1388,11
2514,16,1126,28,1473,21,1391,11
2514,16,1126,28,1473,21,1422,11
2514,16,1126,28,1473,21,1556,11
2514,16,1126,28,1473,21,1568,11
2514,16,1126,28,1473,21,1599,11
2514,16,1126,28,1473,21,1747,11
2514,16,1126,28,1473,21,1773,11
2514,16,1126,28,1473,21,1799,11
2514,16,1126,28,1473,21,1818,11
2514,16,1126,28,1473,21,1873,11
2514,16,1126,28,1473,21,1940,11
2514,16,1126,28,1473,21,1956,11
2514,16,1126,28,1473,21,1997,11
2514,16,1126,28,1473,21,2068,11
2514,16,1126,28,1473,21,2079,11
2514,16,1126,28,1473,21,2123,11
2514,16,1126,28,1473,21,2196,11
2514,16,1126,28,1473,21,2206,11
2514,16,1126,28,1473,21,2216,11
2514,16,1126,28,1473,21,2244,11
2514,16,1126,28,1473,21,2259,11
2514,16,1126,28,1473,21,2261,11
2514,16,1126,28,1473,21,2289,11
2514,16,1126,28,1473,21,2359,11
2514,16,1126,28,1473,21,2370,11
2514,16,1126,28,1473,21,2405,11
2514,16,1126,28,1516,27,457,11
2514,16,1126,28,1516,27,700,11
2514,16,1126,28,1516,27,927,11
2514,16,1126,28,1516,27,1003,11
2514,16,1126,28,1516,27,1153,11
2514,16,1126,28,1516,27,1194,11
2514,16,1126,28,1516,27,1568,11
2514,16,1126,28,1516,27,1599,11
2514,16,1126,28,1516,27,1818,11
2514,16,1126,28,1516,27,1940,11
2514,16,1126,28,1826,27,45,11
2514,16,1126,28,1826,27,159,11
2514,16,1126,28,1826,27,272,11
2514,16,1126,28,1826,27,338,11
2514,16,1126,28,1826,27,390,11
2514,16,1126,28,1826,27,457,11
2514,16,1126,28,1826,27,463,11
2514,16,1126,28,1826,27,620,11
2514,16,1126,28,1826,27,700,11
2514,16,1126,28,1826,27,742,11
2514,16,1126,28,1826,27,758,11
2514,16,1126,28,1826,27,879,11
2514,16,1126,28,1826,27,927,11
2514,16,1126,28,1826,27,979,11
2514,16,1126,28,1826,27,1003,11
2514,16,1126,28,1826,27,1044,11
2514,16,1126,28,1826,27,1068,11
2514,16,1126,28,1826,27,1153,11
2514,16,1126,28,1826,27,1186,11
2514,16,1126,28,1826,27,1194,11
2514,16,1126,28,1826,27,1259,11
2514,16,1126,28,1826,27,1260,11
2514,16,1126,28,1826,27,1312,11
2514,16,1126,28,1826,27,1388,11
2514,16,1126,28,1826,27,1391,11
2514,16,1126,28,1826,27,1422,11
2514,16,1126,28,1826,27,1556,11
2514,16,1126,28,1826,27,1568,11
2514,16,1126,28,1826,27,1599,11
2514,16,1126,28,1826,27,1747,11
2514,16,1126,28,1826,27,1773,11
2514,16,1126,28,1826,27,1799,11
2514,16,1126,28,1826,27,1818,11
2514,16,1126,28,1826,27,1873,11
2514,16,1126,28,1826,27,1940,11
2514,16,1126,28,1826,27,1956,11
2514,16,1126,28,1826,27,1997,11
2514,16,1126,28,1826,27,2068,11
2514,16,1126,28,1826,27,2079,11
2514,16,1126,28,1826,27,2123,11
2514,16,1126,28,1826,27,2196,11
2514,16,1126,28,1826,27,2206,11
2514,16,1126,28,1826,27,2216,11
2514,16,1126,28,1826,27,2244,11
2514,16,1126,28,1826,27,2259,11
2514,16,1126,28,1826,27,2261,11
2514,16,1126,28,1826,27,2289,11
2514,16,1126,28,1826,27,2359,11
2514,16,1126,28,1826,27,2370,11
2514,16,1126,28,1826,27,2405,11
