2514,16,1326,24,135,44,45,11
2514,16,1326,24,135,44,159,11
2514,16,1326,24,135,44,272,11
2514,16,1326,24,135,44,338,11
2514,16,1326,24,135,44,390,11
2514,16,1326,24,135,44,457,11
2514,16,1326,24,135,44,463,11
2514,16,1326,24,135,44,620,11
2514,16,1326,24,135,44,700,11
2514,16,1326,24,135,44,742,11
2514,16,1326,24,135,44,758,11
2514,16,1326,24,135,44,879,11
2514,16,1326,24,135,44,927,11
2514,16,1326,24,135,44,979,11
2514,16,1326,24,135,44,1003,11
2514,16,1326,24,135,44,1044,11
2514,16,1326,24,135,44,1068,11
2514,16,1326,24,135,44,1153,11
2514,16,1326,24,135,44,1186,11
2514,16,1326,24,135,44,1194,11
2514,16,1326,24,135,44,1259,11
2514,16,1326,24,135,44,1260,11
2514,16,1326,24,135,44,1312,11
2514,16,1326,24,135,44,1388,11
2514,16,1326,24,135,44,1391,11
2514,16,1326,24,135,44,1422,11
2514,16,1326,24,135,44,1556,11
2514,16,1326,24,135,44,1568,11
2514,16,1326,24,135,44,1599,11
2514,16,1326,24,135,44,1747,11
2514,16,1326,24,135,44,1773,11
2514,16,1326,24,135,44,1799,11
2514,16,1326,24,135,44,1818,11
2514,16,1326,24,135,44,1873,11
2514,16,1326,24,135,44,1940,11
2514,16,1326,24,135,44,1956,11
2514,16,1326,24,135,44,1997,11
2514,16,1326,24,135,44,2068,11
2514,16,1326,24,135,44,2079,11
2514,16,1326,24,135,44,2123,11
2514,16,1326,24,135,44,2196,11
2514,16,1326,24,135,44,2206,11
2514,16,1326,24,135,44,2216,11
2514,16,1326,24,135,44,2244,11
2514,16,1326,24,135,44,2259,11
2514,16,1326,24,135,44,2261,11
2514,16,1326,24,135,44,2289,11
2514,16,1326,24,135,44,2359,11
2514,16,1326,24,135,44,2370,11
2514,16,1326,24,135,44,2405,11
2514,16,1326,24,293,14,45,11
2514,16,1326,24,293,14,159,11
2514,16,1326,24,293,14,272,11
2514,16,1326,24,293,14,338,11
2514,16,1326,24,293,14,390,11
2514,16,1326,24,293,14,457,11
2514,16,1326,24,293,14,463,11
2514,16,1326,24,293,14,620,11
2514,16,1326,24,293,14,700,11
2514,16,1326,24,293,14,742,11
2514,16,1326,24,293,14,758,11
2514,16,1326,24,293,14,879,11
2514,16,1326,24,293,14,927,11
2514,16,1326,24,293,14,979,11
2514,16,1326,24,293,14,1003,11
2514,16,1326,24,293,14,1044,11
2514,16,1326,24,293,14,1068,11
2514,16,1326,24,293,14,1153,11
2514,16,1326,24,293,14,1186,11
2514,16,1326,24,293,14,1194,11
2514,16,1326,24,293,14,1259,11
2514,16,1326,24,293,14,1260,11
2514,16,1326,24,293,14,1312,11
2514,16,1326,24,293,14,1388,11
2514,16,1326,24,293,14,1391,11
2514,16,1326,24,293,14,1422,11
2514,16,1326,24,293,14,1556,11
2514,16,1326,24,293,14,1568,11
2514,16,1326,24,293,14,1599,11
2514,16,1326,24,293,14,1747,11
2514,16,1326,24,293,14,1773,11
2514,16,1326,24,293,14,1799,11
2514,16,1326,24,293,14,1818,11
2514,16,1326,24,293,14,1873,11
2514,16,1326,24,293,14,1940,11
2514,16,1326,24,293,14,1956,11
2514,16,1326,24,293,14,1997,11
2514,16,1326,24,293,14,2068,11
2514,16,1326,24,293,14,2079,11
2514,16,1326,24,293,14,2123,11
2514,16,1326,24,293,14,2196,11
2514,16,1326,24,293,14,2206,11
2514,16,1326,24,293,14,2216,11
2514,16,1326,24,293,14,2244,11
2514,16,1326,24,293,14,2259,11
2514,16,1326,24,293,14,2261,11
2514,16,1326,24,293,14,2289,11
2514,16,1326,24,293,14,2359,11
2514,16,1326,24,293,14,2370,11
2514,16,1326,24,293,14,2405,11
2514,16,1326,24,323,10,45,11
2514,16,1326,24,323,10,159,11
2514,16,1326,24,323,10,272,11
2514,16,1326,24,323,10,338,11
2514,16,1326,24,323,10,390,11
2514,16,1326,24,323,10,457,11
2514,16,1326,24,323,10,463,11
2514,16,1326,24,323,10,620,11
2514,16,1326,24,323,10,700,11
2514,16,1326,24,323,10,742,11
2514,16,1326,24,323,10,758,11
2514,16,1326,24,323,10,879,11
2514,16,1326,24,323,10,927,11
2514,16,1326,24,323,10,979,11
2514,16,1326,24,323,10,1003,11
2514,16,1326,24,323,10,1044,11
2514,16,1326,24,323,10,1068,11
2514,16,1326,24,323,10,1153,11
2514,16,1326,24,323,10,1186,11
2514,16,1326,24,323,10,1194,11
2514,16,1326,24,323,10,1259,11
2514,16,1326,24,323,10,1260,11
2514,16,1326,24,323,10,1312,11
2514,16,1326,24,323,10,1388,11
2514,16,1326,24,323,10,1391,11
2514,16,1326,24,323,10,1422,11
2514,16,1326,24,323,10,1556,11
2514,16,1326,24,323,10,1568,11
2514,16,1326,24,323,10,1599,11
2514,16,1326,24,323,10,1747,11
2514,16,1326,24,323,10,1773,11
2514,16,1326,24,323,10,1799,11
2514,16,1326,24,323,10,1818,11
2514,16,1326,24,323,10,1873,11
2514,16,1326,24,323,10,1940,11
2514,16,1326,24,323,10,1956,11
2514,16,1326,24,323,10,1997,11
2514,16,1326,24,323,10,2068,11
2514,16,1326,24,323,10,2079,11
2514,16,1326,24,323,10,2123,11
2514,16,1326,24,323,10,2196,11
2514,16,1326,24,323,10,2206,11
2514,16,1326,24,323,10,2216,11
2514,16,1326,24,323,10,2244,11
2514,16,1326,24,323,10,2259,11
2514,16,1326,24,323,10,2261,11
2514,16,1326,24,323,10,2289,11
2514,16,1326,24,323,10,2359,11
2514,16,1326,24,323,10,2370,11
2514,16,1326,24,323,10,2405,11
2514,16,1326,24,502,31,45,11
2514,16,1326,24,502,31,159,11
2514,16,1326,24,502,31,272,11
2514,16,1326,24,502,31,338,11
2514,16,1326,24,502,31,390,11
2514,16,1326,24,502,31,457,11
2514,16,1326,24,502,31,463,11
2514,16,1326,24,502,31,620,11
2514,16,1326,24,502,31,700,11
2514,16,1326,24,502,31,742,11
2514,16,1326,24,502,31,758,11
2514,16,1326,24,502,31,879,11
2514,16,1326,24,502,31,927,11
2514,16,1326,24,502,31,979,11
2514,16,1326,24,502,31,1003,11
2514,16,1326,24,502,31,1044,11
2514,16,1326,24,502,31,1068,11
2514,16,1326,24,502,31,1153,11
2514,16,1326,24,502,31,1186,11
2514,16,1326,24,502,31,1194,11
2514,16,1326,24,502,31,1259,11
2514,16,1326,24,502,31,1260,11
2514,16,1326,24,502,31,1312,11
2514,16,1326,24,502,31,1388,11
2514,16,1326,24,502,31,1391,11
2514,16,1326,24,502,31,1422,11
2514,16,1326,24,502,31,1556,11
2514,16,1326,24,502,31,1568,11
2514,16,1326,24,502,31,1599,11
2514,16,1326,24,502,31,1747,11
2514,16,1326,24,502,31,1773,11
2514,16,1326,24,502,31,1799,11
2514,16,1326,24,502,31,1818,11
2514,16,1326,24,502,31,1873,11
2514,16,1326,24,502,31,1940,11
2514,16,1326,24,502,31,1956,11
2514,16,1326,24,502,31,1997,11
2514,16,1326,24,502,31,2068,11
2514,16,1326,24,502,31,2079,11
2514,16,1326,24,502,31,2123,11
2514,16,1326,24,502,31,2196,11
2514,16,1326,24,502,31,2206,11
2514,16,1326,24,502,31,2216,11
2514,16,1326,24,502,31,2244,11
2514,16,1326,24,502,31,2259,11
2514,16,1326,24,502,31,2261,11
2514,16,1326,24,502,31,2289,11
2514,16,1326,24,502,31,2359,11
2514,16,1326,24,502,31,2370,11
2514,16,1326,24,502,31,2405,11
2514,16,1326,24,636,32,45,11
2514,16,1326,24,636,32,159,11
2514,16,1326,24,636,32,272,11
2514,16,1326,24,636,32,338,11
2514,16,1326,24,636,32,390,11
2514,16,1326,24,636,32,457,11
2514,16,1326,24,636,32,463,11
2514,16,1326,24,636,32,620,11
2514,16,1326,24,636,32,700,11
2514,16,1326,24,636,32,742,11
2514,16,1326,24,636,32,758,11
2514,16,1326,24,636,32,879,11
2514,16,1326,24,636,32,927,11
2514,16,1326,24,636,32,979,11
2514,16,1326,24,636,32,1003,11
2514,16,1326,24,636,32,1044,11
2514,16,1326,24,636,32,1068,11
2514,16,1326,24,636,32,1153,11
2514,16,1326,24,636,32,1186,11
2514,16,1326,24,636,32,1194,11
2514,16,1326,24,636,32,1259,11
2514,16,1326,24,636,32,1260,11
2514,16,1326,24,636,32,1312,11
2514,16,1326,24,636,32,1388,11
2514,16,1326,24,636,32,1391,11
2514,16,1326,24,636,32,1422,11
2514,16,1326,24,636,32,1556,11
2514,16,1326,24,636,32,1568,11
2514,16,1326,24,636,32,1599,11
2514,16,1326,24,636,32,1747,11
2514,16,1326,24,636,32,1773,11
2514,16,1326,24,636,32,1799,11
2514,16,1326,24,636,32,1818,11
2514,16,1326,24,636,32,1873,11
2514,16,1326,24,636,32,1940,11
2514,16,1326,24,636,32,1956,11
2514,16,1326,24,636,32,1997,11
2514,16,1326,24,636,32,2068,11
2514,16,1326,24,636,32,2079,11
2514,16,1326,24,636,32,2123,11
2514,16,1326,24,636,32,2196,11
2514,16,1326,24,636,32,2206,11
2514,16,1326,24,636,32,2216,11
2514,16,1326,24,636,32,2244,11
2514,16,1326,24,636,32,2259,11
2514,16,1326,24,636,32,2261,11
2514,16,1326,24,636,32,2289,11
2514,16,1326,24,636,32,2359,11
2514,16,1326,24,636,32,2370,11
2514,16,1326,24,636,32,2405,11
2514,16,1326,24,706,37,45,11
2514,16,1326,24,706,37,159,11
2514,16,1326,24,706,37,272,11
2514,16,1326,24,706,37,338,11
2514,16,1326,24,706,37,390,11
2514,16,1326,24,706,37,457,11
2514,16,1326,24,706,37,463,11
2514,16,1326,24,706,37,620,11
2514,16,1326,24,706,37,700,11
2514,16,1326,24,706,37,742,11
2514,16,1326,24,706,37,758,11
2514,16,1326,24,706,37,879,11
2514,16,1326,24,706,37,927,11
2514,16,1326,24,706,37,979,11
2514,16,1326,24,706,37,1003,11
2514,16,1326,24,706,37,1044,11
2514,16,1326,24,706,37,1068,11
2514,16,1326,24,706,37,1153,11
2514,16,1326,24,706,37,1186,11
2514,16,1326,24,706,37,1194,11
2514,16,1326,24,706,37,1259,11
2514,16,1326,24,706,37,1260,11
2514,16,1326,24,706,37,1312,11
2514,16,1326,24,706,37,1388,11
2514,16,1326,24,706,37,1391,11
2514,16,1326,24,706,37,1422,11
2514,16,1326,24,706,37,1556,11
2514,16,1326,24,706,37,1568,11
2514,16,1326,24,706,37,1599,11
2514,16,1326,24,706,37,1747,11
2514,16,1326,24,706,37,1773,11
2514,16,1326,24,706,37,1799,11
2514,16,1326,24,706,37,1818,11
2514,16,1326,24,706,37,1873,11
2514,16,1326,24,706,37,1940,11
2514,16,1326,24,706,37,1956,11
2514,16,1326,24,706,37,1997,11
2514,16,1326,24,706,37,2068,11
2514,16,1326,24,706,37,2079,11
2514,16,1326,24,706,37,2123,11
2514,16,1326,24,706,37,2196,11
2514,16,1326,24,706,37,2206,11
2514,16,1326,24,706,37,2216,11
2514,16,1326,24,706,37,2244,11
2514,16,1326,24,706,37,2259,11
2514,16,1326,24,706,37,2261,11
2514,16,1326,24,706,37,2289,11
2514,16,1326,24,706,37,2359,11
2514,16,1326,24,706,37,2370,11
2514,16,1326,24,706,37,2405,11
2514,16,1326,24,929,12,159,11
2514,16,1326,24,929,12,272,11
2514,16,1326,24,929,12,338,11
2514,16,1326,24,929,12,457,11
2514,16,1326,24,929,12,463,11
2514,16,1326,24,929,12,700,11
2514,16,1326,24,929,12,742,11
2514,16,1326,24,929,12,758,11
2514,16,1326,24,929,12,879,11
2514,16,1326,24,929,12,927,11
2514,16,1326,24,929,12,1003,11
2514,16,1326,24,929,12,1044,11
2514,16,1326,24,929,12,1068,11
2514,16,1326,24,929,12,1153,11
2514,16,1326,24,929,12,1186,11
2514,16,1326,24,929,12,1194,11
2514,16,1326,24,929,12,1259,11
2514,16,1326,24,929,12,1260,11
2514,16,1326,24,929,12,1312,11
2514,16,1326,24,929,12,1388,11
2514,16,1326,24,929,12,1391,11
2514,16,1326,24,929,12,1422,11
2514,16,1326,24,929,12,1556,11
2514,16,1326,24,929,12,1568,11
2514,16,1326,24,929,12,1599,11
2514,16,1326,24,929,12,1747,11
2514,16,1326,24,929,12,1773,11
2514,16,1326,24,929,12,1818,11
2514,16,1326,24,929,12,1873,11
2514,16,1326,24,929,12,1940,11
2514,16,1326,24,929,12,1997,11
2514,16,1326,24,929,12,2068,11
2514,16,1326,24,929,12,2079,11
2514,16,1326,24,929,12,2123,11
2514,16,1326,24,929,12,2196,11
2514,16,1326,24,929,12,2216,11
2514,16,1326,24,929,12,2259,11
2514,16,1326,24,929,12,2289,11
2514,16,1326,24,929,12,2370,11
2514,16,1326,24,929,12,2405,11
2514,16,1326,24,940,41,45,11
2514,16,1326,24,940,41,159,11
2514,16,1326,24,940,41,272,11
2514,16,1326,24,940,41,338,11
2514,16,1326,24,940,41,390,11
2514,16,1326,24,940,41,457,11
2514,16,1326,24,940,41,463,11
2514,16,1326,24,940,41,620,11
2514,16,1326,24,940,41,700,11
2514,16,1326,24,940,41,742,11
2514,16,1326,24,940,41,758,11
2514,16,1326,24,940,41,879,11
2514,16,1326,24,940,41,927,11
2514,16,1326,24,940,41,979,11
2514,16,1326,24,940,41,1003,11
2514,16,1326,24,940,41,1044,11
2514,16,1326,24,940,41,1068,11
2514,16,1326,24,940,41,1153,11
2514,16,1326,24,940,41,1186,11
2514,16,1326,24,940,41,1194,11
2514,16,1326,24,940,41,1259,11
2514,16,1326,24,940,41,1260,11
2514,16,1326,24,940,41,1312,11
2514,16,1326,24,940,41,1388,11
2514,16,1326,24,940,41,1391,11
2514,16,1326,24,940,41,1422,11
2514,16,1326,24,940,41,1556,11
2514,16,1326,24,940,41,1568,11
2514,16,1326,24,940,41,1599,11
2514,16,1326,24,940,41,1747,11
2514,16,1326,24,940,41,1773,11
2514,16,1326,24,940,41,1799,11
2514,16,1326,24,940,41,1818,11
2514,16,1326,24,940,41,1873,11
2514,16,1326,24,940,41,1940,11
2514,16,1326,24,940,41,1956,11
2514,16,1326,24,940,41,1997,11
2514,16,1326,24,940,41,2068,11
2514,16,1326,24,940,41,2079,11
2514,16,1326,24,940,41,2123,11
2514,16,1326,24,940,41,2196,11
2514,16,1326,24,940,41,2206,11
2514,16,1326,24,940,41,2216,11
2514,16,1326,24,940,41,2244,11
2514,16,1326,24,940,41,2259,11
2514,16,1326,24,940,41,2261,11
2514,16,1326,24,940,41,2289,11
2514,16,1326,24,940,41,2359,11
2514,16,1326,24,940,41,2370,11
2514,16,1326,24,940,41,2405,11
2514,16,1326,24,1403,26,45,11
2514,16,1326,24,1403,26,159,11
2514,16,1326,24,1403,26,272,11
2514,16,1326,24,1403,26,338,11
2514,16,1326,24,1403,26,390,11
2514,16,1326,24,1403,26,457,11
2514,16,1326,24,1403,26,463,11
2514,16,1326,24,1403,26,620,11
2514,16,1326,24,1403,26,700,11
2514,16,1326,24,1403,26,742,11
2514,16,1326,24,1403,26,758,11
2514,16,1326,24,1403,26,879,11
2514,16,1326,24,1403,26,927,11
2514,16,1326,24,1403,26,979,11
2514,16,1326,24,1403,26,1003,11
2514,16,1326,24,1403,26,1044,11
2514,16,1326,24,1403,26,1068,11
2514,16,1326,24,1403,26,1153,11
2514,16,1326,24,1403,26,1186,11
2514,16,1326,24,1403,26,1194,11
2514,16,1326,24,1403,26,1259,11
2514,16,1326,24,1403,26,1260,11
2514,16,1326,24,1403,26,1312,11
2514,16,1326,24,1403,26,1388,11
2514,16,1326,24,1403,26,1391,11
2514,16,1326,24,1403,26,1422,11
2514,16,1326,24,1403,26,1556,11
2514,16,1326,24,1403,26,1568,11
2514,16,1326,24,1403,26,1599,11
2514,16,1326,24,1403,26,1747,11
2514,16,1326,24,1403,26,1773,11
2514,16,1326,24,1403,26,1799,11
2514,16,1326,24,1403,26,1818,11
2514,16,1326,24,1403,26,1873,11
2514,16,1326,24,1403,26,1940,11
2514,16,1326,24,1403,26,1956,11
2514,16,1326,24,1403,26,1997,11
2514,16,1326,24,1403,26,2068,11
2514,16,1326,24,1403,26,2079,11
2514,16,1326,24,1403,26,2123,11
2514,16,1326,24,1403,26,2196,11
2514,16,1326,24,1403,26,2206,11
2514,16,1326,24,1403,26,2216,11
2514,16,1326,24,1403,26,2244,11
2514,16,1326,24,1403,26,2259,11
2514,16,1326,24,1403,26,2261,11
2514,16,1326,24,1403,26,2289,11
2514,16,1326,24,1403,26,2359,11
2514,16,1326,24,1403,26,2370,11
2514,16,1326,24,1403,26,2405,11
2514,16,1326,24,1429,44,45,11
2514,16,1326,24,1429,44,159,11
2514,16,1326,24,1429,44,272,11
2514,16,1326,24,1429,44,338,11
2514,16,1326,24,1429,44,390,11
2514,16,1326,24,1429,44,457,11
2514,16,1326,24,1429,44,463,11
2514,16,1326,24,1429,44,620,11
2514,16,1326,24,1429,44,700,11
2514,16,1326,24,1429,44,742,11
2514,16,1326,24,1429,44,758,11
2514,16,1326,24,1429,44,879,11
2514,16,1326,24,1429,44,927,11
2514,16,1326,24,1429,44,979,11
2514,16,1326,24,1429,44,1003,11
2514,16,1326,24,1429,44,1044,11
2514,16,1326,24,1429,44,1068,11
2514,16,1326,24,1429,44,1153,11
2514,16,1326,24,1429,44,1186,11
2514,16,1326,24,1429,44,1194,11
2514,16,1326,24,1429,44,1259,11
2514,16,1326,24,1429,44,1260,11
2514,16,1326,24,1429,44,1312,11
2514,16,1326,24,1429,44,1388,11
2514,16,1326,24,1429,44,1391,11
2514,16,1326,24,1429,44,1422,11
2514,16,1326,24,1429,44,1556,11
2514,16,1326,24,1429,44,1568,11
2514,16,1326,24,1429,44,1599,11
2514,16,1326,24,1429,44,1747,11
2514,16,1326,24,1429,44,1773,11
2514,16,1326,24,1429,44,1799,11
2514,16,1326,24,1429,44,1818,11
2514,16,1326,24,1429,44,1873,11
2514,16,1326,24,1429,44,1940,11
2514,16,1326,24,1429,44,1956,11
2514,16,1326,24,1429,44,1997,11
2514,16,1326,24,1429,44,2068,11
2514,16,1326,24,1429,44,2079,11
2514,16,1326,24,1429,44,2123,11
2514,16,1326,24,1429,44,2196,11
2514,16,1326,24,1429,44,2206,11
2514,16,1326,24,1429,44,2216,11
2514,16,1326,24,1429,44,2244,11
2514,16,1326,24,1429,44,2259,11
2514,16,1326,24,1429,44,2261,11
2514,16,1326,24,1429,44,2289,11
2514,16,1326,24,1429,44,2359,11
2514,16,1326,24,1429,44,2370,11
2514,16,1326,24,1429,44,2405,11
2514,16,1326,24,1491,50,45,11
2514,16,1326,24,1491,50,159,11
2514,16,1326,24,1491,50,272,11
2514,16,1326,24,1491,50,338,11
2514,16,1326,24,1491,50,390,11
2514,16,1326,24,1491,50,457,11
2514,16,1326,24,1491,50,463,11
2514,16,1326,24,1491,50,620,11
2514,16,1326,24,1491,50,700,11
2514,16,1326,24,1491,50,742,11
2514,16,1326,24,1491,50,758,11
2514,16,1326,24,1491,50,879,11
2514,16,1326,24,1491,50,927,11
2514,16,1326,24,1491,50,979,11
2514,16,1326,24,1491,50,1003,11
2514,16,1326,24,1491,50,1044,11
2514,16,1326,24,1491,50,1068,11
2514,16,1326,24,1491,50,1153,11
2514,16,1326,24,1491,50,1186,11
2514,16,1326,24,1491,50,1194,11
2514,16,1326,24,1491,50,1259,11
2514,16,1326,24,1491,50,1260,11
2514,16,1326,24,1491,50,1312,11
2514,16,1326,24,1491,50,1388,11
2514,16,1326,24,1491,50,1391,11
2514,16,1326,24,1491,50,1422,11
2514,16,1326,24,1491,50,1556,11
2514,16,1326,24,1491,50,1568,11
2514,16,1326,24,1491,50,1599,11
2514,16,1326,24,1491,50,1747,11
2514,16,1326,24,1491,50,1773,11
2514,16,1326,24,1491,50,1799,11
2514,16,1326,24,1491,50,1818,11
2514,16,1326,24,1491,50,1873,11
2514,16,1326,24,1491,50,1940,11
2514,16,1326,24,1491,50,1956,11
2514,16,1326,24,1491,50,1997,11
2514,16,1326,24,1491,50,2068,11
2514,16,1326,24,1491,50,2079,11
2514,16,1326,24,1491,50,2123,11
2514,16,1326,24,1491,50,2196,11
2514,16,1326,24,1491,50,2206,11
2514,16,1326,24,1491,50,2216,11
2514,16,1326,24,1491,50,2244,11
2514,16,1326,24,1491,50,2259,11
2514,16,1326,24,1491,50,2261,11
2514,16,1326,24,1491,50,2289,11
2514,16,1326,24,1491,50,2359,11
2514,16,1326,24,1491,50,2370,11
2514,16,1326,24,1491,50,2405,11
2514,16,1326,24,1741,21,45,11
2514,16,1326,24,1741,21,159,11
2514,16,1326,24,1741,21,272,11
2514,16,1326,24,1741,21,338,11
2514,16,1326,24,1741,21,390,11
2514,16,1326,24,1741,21,457,11
2514,16,1326,24,1741,21,463,11
2514,16,1326,24,1741,21,620,11
2514,16,1326,24,1741,21,700,11
2514,16,1326,24,1741,21,742,11
2514,16,1326,24,1741,21,758,11
2514,16,1326,24,1741,21,879,11
2514,16,1326,24,1741,21,927,11
2514,16,1326,24,1741,21,979,11
2514,16,1326,24,1741,21,1003,11
2514,16,1326,24,1741,21,1044,11
2514,16,1326,24,1741,21,1068,11
2514,16,1326,24,1741,21,1153,11
2514,16,1326,24,1741,21,1186,11
2514,16,1326,24,1741,21,1194,11
2514,16,1326,24,1741,21,1259,11
2514,16,1326,24,1741,21,1260,11
2514,16,1326,24,1741,21,1312,11
2514,16,1326,24,1741,21,1388,11
2514,16,1326,24,1741,21,1391,11
2514,16,1326,24,1741,21,1422,11
2514,16,1326,24,1741,21,1556,11
2514,16,1326,24,1741,21,1568,11
2514,16,1326,24,1741,21,1599,11
2514,16,1326,24,1741,21,1747,11
2514,16,1326,24,1741,21,1773,11
2514,16,1326,24,1741,21,1799,11
2514,16,1326,24,1741,21,1818,11
2514,16,1326,24,1741,21,1873,11
2514,16,1326,24,1741,21,1940,11
2514,16,1326,24,1741,21,1956,11
2514,16,1326,24,1741,21,1997,11
2514,16,1326,24,1741,21,2068,11
2514,16,1326,24,1741,21,2079,11
2514,16,1326,24,1741,21,2123,11
2514,16,1326,24,1741,21,2196,11
2514,16,1326,24,1741,21,2206,11
2514,16,1326,24,1741,21,2216,11
2514,16,1326,24,1741,21,2244,11
2514,16,1326,24,1741,21,2259,11
2514,16,1326,24,1741,21,2261,11
2514,16,1326,24,1741,21,2289,11
2514,16,1326,24,1741,21,2359,11
2514,16,1326,24,1741,21,2370,11
2514,16,1326,24,1741,21,2405,11
2514,16,1326,24,1950,44,45,11
2514,16,1326,24,1950,44,159,11
2514,16,1326,24,1950,44,272,11
2514,16,1326,24,1950,44,338,11
2514,16,1326,24,1950,44,390,11
2514,16,1326,24,1950,44,457,11
2514,16,1326,24,1950,44,463,11
2514,16,1326,24,1950,44,620,11
2514,16,1326,24,1950,44,700,11
2514,16,1326,24,1950,44,742,11
2514,16,1326,24,1950,44,758,11
2514,16,1326,24,1950,44,879,11
2514,16,1326,24,1950,44,927,11
2514,16,1326,24,1950,44,979,11
2514,16,1326,24,1950,44,1003,11
2514,16,1326,24,1950,44,1044,11
2514,16,1326,24,1950,44,1068,11
2514,16,1326,24,1950,44,1153,11
2514,16,1326,24,1950,44,1186,11
2514,16,1326,24,1950,44,1194,11
2514,16,1326,24,1950,44,1259,11
2514,16,1326,24,1950,44,1260,11
2514,16,1326,24,1950,44,1312,11
2514,16,1326,24,1950,44,1388,11
2514,16,1326,24,1950,44,1391,11
2514,16,1326,24,1950,44,1422,11
2514,16,1326,24,1950,44,1556,11
2514,16,1326,24,1950,44,1568,11
2514,16,1326,24,1950,44,1599,11
2514,16,1326,24,1950,44,1747,11
2514,16,1326,24,1950,44,1773,11
2514,16,1326,24,1950,44,1799,11
2514,16,1326,24,1950,44,1818,11
2514,16,1326,24,1950,44,1873,11
2514,16,1326,24,1950,44,1940,11
2514,16,1326,24,1950,44,1956,11
2514,16,1326,24,1950,44,1997,11
2514,16,1326,24,1950,44,2068,11
2514,16,1326,24,1950,44,2079,11
2514,16,1326,24,1950,44,2123,11
2514,16,1326,24,1950,44,2196,11
2514,16,1326,24,1950,44,2206,11
2514,16,1326,24,1950,44,2216,11
2514,16,1326,24,1950,44,2244,11
2514,16,1326,24,1950,44,2259,11
2514,16,1326,24,1950,44,2261,11
2514,16,1326,24,1950,44,2289,11
2514,16,1326,24,1950,44,2359,11
2514,16,1326,24,1950,44,2370,11
2514,16,1326,24,1950,44,2405,11
