2514,16,1834,18,32,44,45,11
2514,16,1834,18,32,44,159,11
2514,16,1834,18,32,44,272,11
2514,16,1834,18,32,44,338,11
2514,16,1834,18,32,44,390,11
2514,16,1834,18,32,44,457,11
2514,16,1834,18,32,44,463,11
2514,16,1834,18,32,44,620,11
2514,16,1834,18,32,44,700,11
2514,16,1834,18,32,44,742,11
2514,16,1834,18,32,44,758,11
2514,16,1834,18,32,44,879,11
2514,16,1834,18,32,44,927,11
2514,16,1834,18,32,44,979,11
2514,16,1834,18,32,44,1003,11
2514,16,1834,18,32,44,1044,11
2514,16,1834,18,32,44,1068,11
2514,16,1834,18,32,44,1153,11
2514,16,1834,18,32,44,1186,11
2514,16,1834,18,32,44,1194,11
2514,16,1834,18,32,44,1259,11
2514,16,1834,18,32,44,1260,11
2514,16,1834,18,32,44,1312,11
2514,16,1834,18,32,44,1388,11
2514,16,1834,18,32,44,1391,11
2514,16,1834,18,32,44,1422,11
2514,16,1834,18,32,44,1556,11
2514,16,1834,18,32,44,1568,11
2514,16,1834,18,32,44,1599,11
2514,16,1834,18,32,44,1747,11
2514,16,1834,18,32,44,1773,11
2514,16,1834,18,32,44,1799,11
2514,16,1834,18,32,44,1818,11
2514,16,1834,18,32,44,1873,11
2514,16,1834,18,32,44,1940,11
2514,16,1834,18,32,44,1956,11
2514,16,1834,18,32,44,1997,11
2514,16,1834,18,32,44,2068,11
2514,16,1834,18,32,44,2079,11
2514,16,1834,18,32,44,2123,11
2514,16,1834,18,32,44,2196,11
2514,16,1834,18,32,44,2206,11
2514,16,1834,18,32,44,2216,11
2514,16,1834,18,32,44,2244,11
2514,16,1834,18,32,44,2259,11
2514,16,1834,18,32,44,2261,11
2514,16,1834,18,32,44,2289,11
2514,16,1834,18,32,44,2359,11
2514,16,1834,18,32,44,2370,11
2514,16,1834,18,32,44,2405,11
2514,16,1834,18,163,22,45,11
2514,16,1834,18,163,22,159,11
2514,16,1834,18,163,22,272,11
2514,16,1834,18,163,22,338,11
2514,16,1834,18,163,22,390,11
2514,16,1834,18,163,22,457,11
2514,16,1834,18,163,22,463,11
2514,16,1834,18,163,22,620,11
2514,16,1834,18,163,22,700,11
2514,16,1834,18,163,22,742,11
2514,16,1834,18,163,22,758,11
2514,16,1834,18,163,22,879,11
2514,16,1834,18,163,22,927,11
2514,16,1834,18,163,22,979,11
2514,16,1834,18,163,22,1003,11
2514,16,1834,18,163,22,1044,11
2514,16,1834,18,163,22,1068,11
2514,16,1834,18,163,22,1153,11
2514,16,1834,18,163,22,1186,11
2514,16,1834,18,163,22,1194,11
2514,16,1834,18,163,22,1259,11
2514,16,1834,18,163,22,1260,11
2514,16,1834,18,163,22,1312,11
2514,16,1834,18,163,22,1388,11
2514,16,1834,18,163,22,1391,11
2514,16,1834,18,163,22,1422,11
2514,16,1834,18,163,22,1556,11
2514,16,1834,18,163,22,1568,11
2514,16,1834,18,163,22,1599,11
2514,16,1834,18,163,22,1747,11
2514,16,1834,18,163,22,1773,11
2514,16,1834,18,163,22,1799,11
2514,16,1834,18,163,22,1818,11
2514,16,1834,18,163,22,1873,11
2514,16,1834,18,163,22,1940,11
2514,16,1834,18,163,22,1956,11
2514,16,1834,18,163,22,1997,11
2514,16,1834,18,163,22,2068,11
2514,16,1834,18,163,22,2079,11
2514,16,1834,18,163,22,2123,11
2514,16,1834,18,163,22,2196,11
2514,16,1834,18,163,22,2206,11
2514,16,1834,18,163,22,2216,11
2514,16,1834,18,163,22,2244,11
2514,16,1834,18,163,22,2259,11
2514,16,1834,18,163,22,2261,11
2514,16,1834,18,163,22,2289,11
2514,16,1834,18,163,22,2359,11
2514,16,1834,18,163,22,2370,11
2514,16,1834,18,163,22,2405,11
2514,16,1834,18,279,46,45,11
2514,16,1834,18,279,46,159,11
2514,16,1834,18,279,46,272,11
2514,16,1834,18,279,46,338,11
2514,16,1834,18,279,46,390,11
2514,16,1834,18,279,46,457,11
2514,16,1834,18,279,46,463,11
2514,16,1834,18,279,46,620,11
2514,16,1834,18,279,46,700,11
2514,16,1834,18,279,46,742,11
2514,16,1834,18,279,46,758,11
2514,16,1834,18,279,46,879,11
2514,16,1834,18,279,46,927,11
2514,16,1834,18,279,46,979,11
2514,16,1834,18,279,46,1003,11
2514,16,1834,18,279,46,1044,11
2514,16,1834,18,279,46,1068,11
2514,16,1834,18,279,46,1153,11
2514,16,1834,18,279,46,1186,11
2514,16,1834,18,279,46,1194,11
2514,16,1834,18,279,46,1259,11
2514,16,1834,18,279,46,1260,11
2514,16,1834,18,279,46,1312,11
2514,16,1834,18,279,46,1388,11
2514,16,1834,18,279,46,1391,11
2514,16,1834,18,279,46,1422,11
2514,16,1834,18,279,46,1556,11
2514,16,1834,18,279,46,1568,11
2514,16,1834,18,279,46,1599,11
2514,16,1834,18,279,46,1747,11
2514,16,1834,18,279,46,1773,11
2514,16,1834,18,279,46,1799,11
2514,16,1834,18,279,46,1818,11
2514,16,1834,18,279,46,1873,11
2514,16,1834,18,279,46,1940,11
2514,16,1834,18,279,46,1956,11
2514,16,1834,18,279,46,1997,11
2514,16,1834,18,279,46,2068,11
2514,16,1834,18,279,46,2079,11
2514,16,1834,18,279,46,2123,11
2514,16,1834,18,279,46,2196,11
2514,16,1834,18,279,46,2206,11
2514,16,1834,18,279,46,2216,11
2514,16,1834,18,279,46,2244,11
2514,16,1834,18,279,46,2259,11
2514,16,1834,18,279,46,2261,11
2514,16,1834,18,279,46,2289,11
2514,16,1834,18,279,46,2359,11
2514,16,1834,18,279,46,2370,11
2514,16,1834,18,279,46,2405,11
2514,16,1834,18,377,10,45,11
2514,16,1834,18,377,10,159,11
2514,16,1834,18,377,10,272,11
2514,16,1834,18,377,10,338,11
2514,16,1834,18,377,10,390,11
2514,16,1834,18,377,10,457,11
2514,16,1834,18,377,10,463,11
2514,16,1834,18,377,10,620,11
2514,16,1834,18,377,10,700,11
2514,16,1834,18,377,10,742,11
2514,16,1834,18,377,10,758,11
2514,16,1834,18,377,10,879,11
2514,16,1834,18,377,10,927,11
2514,16,1834,18,377,10,979,11
2514,16,1834,18,377,10,1003,11
2514,16,1834,18,377,10,1044,11
2514,16,1834,18,377,10,1068,11
2514,16,1834,18,377,10,1153,11
2514,16,1834,18,377,10,1186,11
2514,16,1834,18,377,10,1194,11
2514,16,1834,18,377,10,1259,11
2514,16,1834,18,377,10,1260,11
2514,16,1834,18,377,10,1312,11
2514,16,1834,18,377,10,1388,11
2514,16,1834,18,377,10,1391,11
2514,16,1834,18,377,10,1422,11
2514,16,1834,18,377,10,1556,11
2514,16,1834,18,377,10,1568,11
2514,16,1834,18,377,10,1599,11
2514,16,1834,18,377,10,1747,11
2514,16,1834,18,377,10,1773,11
2514,16,1834,18,377,10,1799,11
2514,16,1834,18,377,10,1818,11
2514,16,1834,18,377,10,1873,11
2514,16,1834,18,377,10,1940,11
2514,16,1834,18,377,10,1956,11
2514,16,1834,18,377,10,1997,11
2514,16,1834,18,377,10,2068,11
2514,16,1834,18,377,10,2079,11
2514,16,1834,18,377,10,2123,11
2514,16,1834,18,377,10,2196,11
2514,16,1834,18,377,10,2206,11
2514,16,1834,18,377,10,2216,11
2514,16,1834,18,377,10,2244,11
2514,16,1834,18,377,10,2259,11
2514,16,1834,18,377,10,2261,11
2514,16,1834,18,377,10,2289,11
2514,16,1834,18,377,10,2359,11
2514,16,1834,18,377,10,2370,11
2514,16,1834,18,377,10,2405,11
2514,16,1834,18,723,44,45,11
2514,16,1834,18,723,44,159,11
2514,16,1834,18,723,44,272,11
2514,16,1834,18,723,44,338,11
2514,16,1834,18,723,44,390,11
2514,16,1834,18,723,44,457,11
2514,16,1834,18,723,44,463,11
2514,16,1834,18,723,44,620,11
2514,16,1834,18,723,44,700,11
2514,16,1834,18,723,44,742,11
2514,16,1834,18,723,44,758,11
2514,16,1834,18,723,44,879,11
2514,16,1834,18,723,44,927,11
2514,16,1834,18,723,44,979,11
2514,16,1834,18,723,44,1003,11
2514,16,1834,18,723,44,1044,11
2514,16,1834,18,723,44,1068,11
2514,16,1834,18,723,44,1153,11
2514,16,1834,18,723,44,1186,11
2514,16,1834,18,723,44,1194,11
2514,16,1834,18,723,44,1259,11
2514,16,1834,18,723,44,1260,11
2514,16,1834,18,723,44,1312,11
2514,16,1834,18,723,44,1388,11
2514,16,1834,18,723,44,1391,11
2514,16,1834,18,723,44,1422,11
2514,16,1834,18,723,44,1556,11
2514,16,1834,18,723,44,1568,11
2514,16,1834,18,723,44,1599,11
2514,16,1834,18,723,44,1747,11
2514,16,1834,18,723,44,1773,11
2514,16,1834,18,723,44,1799,11
2514,16,1834,18,723,44,1818,11
2514,16,1834,18,723,44,1873,11
2514,16,1834,18,723,44,1940,11
2514,16,1834,18,723,44,1956,11
2514,16,1834,18,723,44,1997,11
2514,16,1834,18,723,44,2068,11
2514,16,1834,18,723,44,2079,11
2514,16,1834,18,723,44,2123,11
2514,16,1834,18,723,44,2196,11
2514,16,1834,18,723,44,2206,11
2514,16,1834,18,723,44,2216,11
2514,16,1834,18,723,44,2244,11
2514,16,1834,18,723,44,2259,11
2514,16,1834,18,723,44,2261,11
2514,16,1834,18,723,44,2289,11
2514,16,1834,18,723,44,2359,11
2514,16,1834,18,723,44,2370,11
2514,16,1834,18,723,44,2405,11
2514,16,1834,18,989,20,45,11
2514,16,1834,18,989,20,159,11
2514,16,1834,18,989,20,272,11
2514,16,1834,18,989,20,338,11
2514,16,1834,18,989,20,390,11
2514,16,1834,18,989,20,457,11
2514,16,1834,18,989,20,463,11
2514,16,1834,18,989,20,620,11
2514,16,1834,18,989,20,700,11
2514,16,1834,18,989,20,742,11
2514,16,1834,18,989,20,758,11
2514,16,1834,18,989,20,879,11
2514,16,1834,18,989,20,927,11
2514,16,1834,18,989,20,979,11
2514,16,1834,18,989,20,1003,11
2514,16,1834,18,989,20,1044,11
2514,16,1834,18,989,20,1068,11
2514,16,1834,18,989,20,1153,11
2514,16,1834,18,989,20,1186,11
2514,16,1834,18,989,20,1194,11
2514,16,1834,18,989,20,1259,11
2514,16,1834,18,989,20,1260,11
2514,16,1834,18,989,20,1312,11
2514,16,1834,18,989,20,1388,11
2514,16,1834,18,989,20,1391,11
2514,16,1834,18,989,20,1422,11
2514,16,1834,18,989,20,1556,11
2514,16,1834,18,989,20,1568,11
2514,16,1834,18,989,20,1599,11
2514,16,1834,18,989,20,1747,11
2514,16,1834,18,989,20,1773,11
2514,16,1834,18,989,20,1799,11
2514,16,1834,18,989,20,1818,11
2514,16,1834,18,989,20,1873,11
2514,16,1834,18,989,20,1940,11
2514,16,1834,18,989,20,1956,11
2514,16,1834,18,989,20,1997,11
2514,16,1834,18,989,20,2068,11
2514,16,1834,18,989,20,2079,11
2514,16,1834,18,989,20,2123,11
2514,16,1834,18,989,20,2196,11
2514,16,1834,18,989,20,2206,11
2514,16,1834,18,989,20,2216,11
2514,16,1834,18,989,20,2244,11
2514,16,1834,18,989,20,2259,11
2514,16,1834,18,989,20,2261,11
2514,16,1834,18,989,20,2289,11
2514,16,1834,18,989,20,2359,11
2514,16,1834,18,989,20,2370,11
2514,16,1834,18,989,20,2405,11
2514,16,1834,18,1144,26,45,11
2514,16,1834,18,1144,26,159,11
2514,16,1834,18,1144,26,272,11
2514,16,1834,18,1144,26,338,11
2514,16,1834,18,1144,26,390,11
2514,16,1834,18,1144,26,457,11
2514,16,1834,18,1144,26,463,11
2514,16,1834,18,1144,26,620,11
2514,16,1834,18,1144,26,700,11
2514,16,1834,18,1144,26,742,11
2514,16,1834,18,1144,26,758,11
2514,16,1834,18,1144,26,879,11
2514,16,1834,18,1144,26,927,11
2514,16,1834,18,1144,26,979,11
2514,16,1834,18,1144,26,1003,11
2514,16,1834,18,1144,26,1044,11
2514,16,1834,18,1144,26,1068,11
2514,16,1834,18,1144,26,1153,11
2514,16,1834,18,1144,26,1186,11
2514,16,1834,18,1144,26,1194,11
2514,16,1834,18,1144,26,1259,11
2514,16,1834,18,1144,26,1260,11
2514,16,1834,18,1144,26,1312,11
2514,16,1834,18,1144,26,1388,11
2514,16,1834,18,1144,26,1391,11
2514,16,1834,18,1144,26,1422,11
2514,16,1834,18,1144,26,1556,11
2514,16,1834,18,1144,26,1568,11
2514,16,1834,18,1144,26,1599,11
2514,16,1834,18,1144,26,1747,11
2514,16,1834,18,1144,26,1773,11
2514,16,1834,18,1144,26,1799,11
2514,16,1834,18,1144,26,1818,11
2514,16,1834,18,1144,26,1873,11
2514,16,1834,18,1144,26,1940,11
2514,16,1834,18,1144,26,1956,11
2514,16,1834,18,1144,26,1997,11
2514,16,1834,18,1144,26,2068,11
2514,16,1834,18,1144,26,2079,11
2514,16,1834,18,1144,26,2123,11
2514,16,1834,18,1144,26,2196,11
2514,16,1834,18,1144,26,2206,11
2514,16,1834,18,1144,26,2216,11
2514,16,1834,18,1144,26,2244,11
2514,16,1834,18,1144,26,2259,11
2514,16,1834,18,1144,26,2261,11
2514,16,1834,18,1144,26,2289,11
2514,16,1834,18,1144,26,2359,11
2514,16,1834,18,1144,26,2370,11
2514,16,1834,18,1144,26,2405,11
2514,16,1834,18,1271,36,45,11
2514,16,1834,18,1271,36,159,11
2514,16,1834,18,1271,36,272,11
2514,16,1834,18,1271,36,338,11
2514,16,1834,18,1271,36,390,11
2514,16,1834,18,1271,36,457,11
2514,16,1834,18,1271,36,463,11
2514,16,1834,18,1271,36,620,11
2514,16,1834,18,1271,36,700,11
2514,16,1834,18,1271,36,742,11
2514,16,1834,18,1271,36,758,11
2514,16,1834,18,1271,36,879,11
2514,16,1834,18,1271,36,927,11
2514,16,1834,18,1271,36,979,11
2514,16,1834,18,1271,36,1003,11
2514,16,1834,18,1271,36,1044,11
2514,16,1834,18,1271,36,1068,11
2514,16,1834,18,1271,36,1153,11
2514,16,1834,18,1271,36,1186,11
2514,16,1834,18,1271,36,1194,11
2514,16,1834,18,1271,36,1259,11
2514,16,1834,18,1271,36,1260,11
2514,16,1834,18,1271,36,1312,11
2514,16,1834,18,1271,36,1388,11
2514,16,1834,18,1271,36,1391,11
2514,16,1834,18,1271,36,1422,11
2514,16,1834,18,1271,36,1556,11
2514,16,1834,18,1271,36,1568,11
2514,16,1834,18,1271,36,1599,11
2514,16,1834,18,1271,36,1747,11
2514,16,1834,18,1271,36,1773,11
2514,16,1834,18,1271,36,1799,11
2514,16,1834,18,1271,36,1818,11
2514,16,1834,18,1271,36,1873,11
2514,16,1834,18,1271,36,1940,11
2514,16,1834,18,1271,36,1956,11
2514,16,1834,18,1271,36,1997,11
2514,16,1834,18,1271,36,2068,11
2514,16,1834,18,1271,36,2079,11
2514,16,1834,18,1271,36,2123,11
2514,16,1834,18,1271,36,2196,11
2514,16,1834,18,1271,36,2206,11
2514,16,1834,18,1271,36,2216,11
2514,16,1834,18,1271,36,2244,11
2514,16,1834,18,1271,36,2259,11
2514,16,1834,18,1271,36,2261,11
2514,16,1834,18,1271,36,2289,11
2514,16,1834,18,1271,36,2359,11
2514,16,1834,18,1271,36,2370,11
2514,16,1834,18,1271,36,2405,11
2514,16,1834,18,1400,47,45,11
2514,16,1834,18,1400,47,159,11
2514,16,1834,18,1400,47,272,11
2514,16,1834,18,1400,47,338,11
2514,16,1834,18,1400,47,390,11
2514,16,1834,18,1400,47,457,11
2514,16,1834,18,1400,47,463,11
2514,16,1834,18,1400,47,620,11
2514,16,1834,18,1400,47,700,11
2514,16,1834,18,1400,47,742,11
2514,16,1834,18,1400,47,758,11
2514,16,1834,18,1400,47,879,11
2514,16,1834,18,1400,47,927,11
2514,16,1834,18,1400,47,979,11
2514,16,1834,18,1400,47,1003,11
2514,16,1834,18,1400,47,1044,11
2514,16,1834,18,1400,47,1068,11
2514,16,1834,18,1400,47,1153,11
2514,16,1834,18,1400,47,1186,11
2514,16,1834,18,1400,47,1194,11
2514,16,1834,18,1400,47,1259,11
2514,16,1834,18,1400,47,1260,11
2514,16,1834,18,1400,47,1312,11
2514,16,1834,18,1400,47,1388,11
2514,16,1834,18,1400,47,1391,11
2514,16,1834,18,1400,47,1422,11
2514,16,1834,18,1400,47,1556,11
2514,16,1834,18,1400,47,1568,11
2514,16,1834,18,1400,47,1599,11
2514,16,1834,18,1400,47,1747,11
2514,16,1834,18,1400,47,1773,11
2514,16,1834,18,1400,47,1799,11
2514,16,1834,18,1400,47,1818,11
2514,16,1834,18,1400,47,1873,11
2514,16,1834,18,1400,47,1940,11
2514,16,1834,18,1400,47,1956,11
2514,16,1834,18,1400,47,1997,11
2514,16,1834,18,1400,47,2068,11
2514,16,1834,18,1400,47,2079,11
2514,16,1834,18,1400,47,2123,11
2514,16,1834,18,1400,47,2196,11
2514,16,1834,18,1400,47,2206,11
2514,16,1834,18,1400,47,2216,11
2514,16,1834,18,1400,47,2244,11
2514,16,1834,18,1400,47,2259,11
2514,16,1834,18,1400,47,2261,11
2514,16,1834,18,1400,47,2289,11
2514,16,1834,18,1400,47,2359,11
2514,16,1834,18,1400,47,2370,11
2514,16,1834,18,1400,47,2405,11
2514,16,1834,18,1471,19,45,11
2514,16,1834,18,1471,19,159,11
2514,16,1834,18,1471,19,272,11
2514,16,1834,18,1471,19,338,11
2514,16,1834,18,1471,19,390,11
2514,16,1834,18,1471,19,457,11
2514,16,1834,18,1471,19,463,11
2514,16,1834,18,1471,19,620,11
2514,16,1834,18,1471,19,700,11
2514,16,1834,18,1471,19,742,11
2514,16,1834,18,1471,19,758,11
2514,16,1834,18,1471,19,879,11
2514,16,1834,18,1471,19,927,11
2514,16,1834,18,1471,19,979,11
2514,16,1834,18,1471,19,1003,11
2514,16,1834,18,1471,19,1044,11
2514,16,1834,18,1471,19,1068,11
2514,16,1834,18,1471,19,1153,11
2514,16,1834,18,1471,19,1186,11
2514,16,1834,18,1471,19,1194,11
2514,16,1834,18,1471,19,1259,11
2514,16,1834,18,1471,19,1260,11
2514,16,1834,18,1471,19,1312,11
2514,16,1834,18,1471,19,1388,11
2514,16,1834,18,1471,19,1391,11
2514,16,1834,18,1471,19,1422,11
2514,16,1834,18,1471,19,1556,11
2514,16,1834,18,1471,19,1568,11
2514,16,1834,18,1471,19,1599,11
2514,16,1834,18,1471,19,1747,11
2514,16,1834,18,1471,19,1773,11
2514,16,1834,18,1471,19,1799,11
2514,16,1834,18,1471,19,1818,11
2514,16,1834,18,1471,19,1873,11
2514,16,1834,18,1471,19,1940,11
2514,16,1834,18,1471,19,1956,11
2514,16,1834,18,1471,19,1997,11
2514,16,1834,18,1471,19,2068,11
2514,16,1834,18,1471,19,2079,11
2514,16,1834,18,1471,19,2123,11
2514,16,1834,18,1471,19,2196,11
2514,16,1834,18,1471,19,2206,11
2514,16,1834,18,1471,19,2216,11
2514,16,1834,18,1471,19,2244,11
2514,16,1834,18,1471,19,2259,11
2514,16,1834,18,1471,19,2261,11
2514,16,1834,18,1471,19,2289,11
2514,16,1834,18,1471,19,2359,11
2514,16,1834,18,1471,19,2370,11
2514,16,1834,18,1471,19,2405,11
2514,16,1834,18,1769,25,45,11
2514,16,1834,18,1769,25,159,11
2514,16,1834,18,1769,25,272,11
2514,16,1834,18,1769,25,338,11
2514,16,1834,18,1769,25,390,11
2514,16,1834,18,1769,25,457,11
2514,16,1834,18,1769,25,463,11
2514,16,1834,18,1769,25,620,11
2514,16,1834,18,1769,25,700,11
2514,16,1834,18,1769,25,742,11
2514,16,1834,18,1769,25,758,11
2514,16,1834,18,1769,25,879,11
2514,16,1834,18,1769,25,927,11
2514,16,1834,18,1769,25,979,11
2514,16,1834,18,1769,25,1003,11
2514,16,1834,18,1769,25,1044,11
2514,16,1834,18,1769,25,1068,11
2514,16,1834,18,1769,25,1153,11
2514,16,1834,18,1769,25,1186,11
2514,16,1834,18,1769,25,1194,11
2514,16,1834,18,1769,25,1259,11
2514,16,1834,18,1769,25,1260,11
2514,16,1834,18,1769,25,1312,11
2514,16,1834,18,1769,25,1388,11
2514,16,1834,18,1769,25,1391,11
2514,16,1834,18,1769,25,1422,11
2514,16,1834,18,1769,25,1556,11
2514,16,1834,18,1769,25,1568,11
2514,16,1834,18,1769,25,1599,11
2514,16,1834,18,1769,25,1747,11
2514,16,1834,18,1769,25,1773,11
2514,16,1834,18,1769,25,1799,11
2514,16,1834,18,1769,25,1818,11
2514,16,1834,18,1769,25,1873,11
2514,16,1834,18,1769,25,1940,11
2514,16,1834,18,1769,25,1956,11
2514,16,1834,18,1769,25,1997,11
2514,16,1834,18,1769,25,2068,11
2514,16,1834,18,1769,25,2079,11
2514,16,1834,18,1769,25,2123,11
2514,16,1834,18,1769,25,2196,11
2514,16,1834,18,1769,25,2206,11
2514,16,1834,18,1769,25,2216,11
2514,16,1834,18,1769,25,2244,11
2514,16,1834,18,1769,25,2259,11
2514,16,1834,18,1769,25,2261,11
2514,16,1834,18,1769,25,2289,11
2514,16,1834,18,1769,25,2359,11
2514,16,1834,18,1769,25,2370,11
2514,16,1834,18,1769,25,2405,11
2514,16,1834,18,1797,13,45,11
2514,16,1834,18,1797,13,159,11
2514,16,1834,18,1797,13,272,11
2514,16,1834,18,1797,13,338,11
2514,16,1834,18,1797,13,390,11
2514,16,1834,18,1797,13,457,11
2514,16,1834,18,1797,13,463,11
2514,16,1834,18,1797,13,620,11
2514,16,1834,18,1797,13,700,11
2514,16,1834,18,1797,13,742,11
2514,16,1834,18,1797,13,758,11
2514,16,1834,18,1797,13,879,11
2514,16,1834,18,1797,13,927,11
2514,16,1834,18,1797,13,979,11
2514,16,1834,18,1797,13,1003,11
2514,16,1834,18,1797,13,1044,11
2514,16,1834,18,1797,13,1068,11
2514,16,1834,18,1797,13,1153,11
2514,16,1834,18,1797,13,1186,11
2514,16,1834,18,1797,13,1194,11
2514,16,1834,18,1797,13,1259,11
2514,16,1834,18,1797,13,1260,11
2514,16,1834,18,1797,13,1312,11
2514,16,1834,18,1797,13,1388,11
2514,16,1834,18,1797,13,1391,11
2514,16,1834,18,1797,13,1422,11
2514,16,1834,18,1797,13,1556,11
2514,16,1834,18,1797,13,1568,11
2514,16,1834,18,1797,13,1599,11
2514,16,1834,18,1797,13,1747,11
2514,16,1834,18,1797,13,1773,11
2514,16,1834,18,1797,13,1799,11
2514,16,1834,18,1797,13,1818,11
2514,16,1834,18,1797,13,1873,11
2514,16,1834,18,1797,13,1940,11
2514,16,1834,18,1797,13,1956,11
2514,16,1834,18,1797,13,1997,11
2514,16,1834,18,1797,13,2068,11
2514,16,1834,18,1797,13,2079,11
2514,16,1834,18,1797,13,2123,11
2514,16,1834,18,1797,13,2196,11
2514,16,1834,18,1797,13,2206,11
2514,16,1834,18,1797,13,2216,11
2514,16,1834,18,1797,13,2244,11
2514,16,1834,18,1797,13,2259,11
2514,16,1834,18,1797,13,2261,11
2514,16,1834,18,1797,13,2289,11
2514,16,1834,18,1797,13,2359,11
2514,16,1834,18,1797,13,2370,11
2514,16,1834,18,1797,13,2405,11
2514,16,1834,18,1873,34,159,11
2514,16,1834,18,1873,34,272,11
2514,16,1834,18,1873,34,338,11
2514,16,1834,18,1873,34,457,11
2514,16,1834,18,1873,34,463,11
2514,16,1834,18,1873,34,700,11
2514,16,1834,18,1873,34,742,11
2514,16,1834,18,1873,34,758,11
2514,16,1834,18,1873,34,879,11
2514,16,1834,18,1873,34,927,11
2514,16,1834,18,1873,34,1003,11
2514,16,1834,18,1873,34,1044,11
2514,16,1834,18,1873,34,1068,11
2514,16,1834,18,1873,34,1153,11
2514,16,1834,18,1873,34,1186,11
2514,16,1834,18,1873,34,1194,11
2514,16,1834,18,1873,34,1259,11
2514,16,1834,18,1873,34,1260,11
2514,16,1834,18,1873,34,1312,11
2514,16,1834,18,1873,34,1388,11
2514,16,1834,18,1873,34,1391,11
2514,16,1834,18,1873,34,1422,11
2514,16,1834,18,1873,34,1556,11
2514,16,1834,18,1873,34,1568,11
2514,16,1834,18,1873,34,1599,11
2514,16,1834,18,1873,34,1747,11
2514,16,1834,18,1873,34,1773,11
2514,16,1834,18,1873,34,1818,11
2514,16,1834,18,1873,34,1873,11
2514,16,1834,18,1873,34,1940,11
2514,16,1834,18,1873,34,1997,11
2514,16,1834,18,1873,34,2068,11
2514,16,1834,18,1873,34,2079,11
2514,16,1834,18,1873,34,2123,11
2514,16,1834,18,1873,34,2196,11
2514,16,1834,18,1873,34,2216,11
2514,16,1834,18,1873,34,2259,11
2514,16,1834,18,1873,34,2289,11
2514,16,1834,18,1873,34,2370,11
2514,16,1834,18,1873,34,2405,11
