2514,16,1365,12,12,41,45,11
2514,16,1365,12,12,41,159,11
2514,16,1365,12,12,41,272,11
2514,16,1365,12,12,41,338,11
2514,16,1365,12,12,41,390,11
2514,16,1365,12,12,41,457,11
2514,16,1365,12,12,41,463,11
2514,16,1365,12,12,41,620,11
2514,16,1365,12,12,41,700,11
2514,16,1365,12,12,41,742,11
2514,16,1365,12,12,41,758,11
2514,16,1365,12,12,41,879,11
2514,16,1365,12,12,41,927,11
2514,16,1365,12,12,41,979,11
2514,16,1365,12,12,41,1003,11
2514,16,1365,12,12,41,1044,11
2514,16,1365,12,12,41,1068,11
2514,16,1365,12,12,41,1153,11
2514,16,1365,12,12,41,1186,11
2514,16,1365,12,12,41,1194,11
2514,16,1365,12,12,41,1259,11
2514,16,1365,12,12,41,1260,11
2514,16,1365,12,12,41,1312,11
2514,16,1365,12,12,41,1388,11
2514,16,1365,12,12,41,1391,11
2514,16,1365,12,12,41,1422,11
2514,16,1365,12,12,41,1556,11
2514,16,1365,12,12,41,1568,11
2514,16,1365,12,12,41,1599,11
2514,16,1365,12,12,41,1747,11
2514,16,1365,12,12,41,1773,11
2514,16,1365,12,12,41,1799,11
2514,16,1365,12,12,41,1818,11
2514,16,1365,12,12,41,1873,11
2514,16,1365,12,12,41,1940,11
2514,16,1365,12,12,41,1956,11
2514,16,1365,12,12,41,1997,11
2514,16,1365,12,12,41,2068,11
2514,16,1365,12,12,41,2079,11
2514,16,1365,12,12,41,2123,11
2514,16,1365,12,12,41,2196,11
2514,16,1365,12,12,41,2206,11
2514,16,1365,12,12,41,2216,11
2514,16,1365,12,12,41,2244,11
2514,16,1365,12,12,41,2259,11
2514,16,1365,12,12,41,2261,11
2514,16,1365,12,12,41,2289,11
2514,16,1365,12,12,41,2359,11
2514,16,1365,12,12,41,2370,11
2514,16,1365,12,12,41,2405,11
2514,16,1365,12,78,24,45,11
2514,16,1365,12,78,24,159,11
2514,16,1365,12,78,24,272,11
2514,16,1365,12,78,24,338,11
2514,16,1365,12,78,24,390,11
2514,16,1365,12,78,24,457,11
2514,16,1365,12,78,24,463,11
2514,16,1365,12,78,24,620,11
2514,16,1365,12,78,24,700,11
2514,16,1365,12,78,24,742,11
2514,16,1365,12,78,24,758,11
2514,16,1365,12,78,24,879,11
2514,16,1365,12,78,24,927,11
2514,16,1365,12,78,24,979,11
2514,16,1365,12,78,24,1003,11
2514,16,1365,12,78,24,1044,11
2514,16,1365,12,78,24,1068,11
2514,16,1365,12,78,24,1153,11
2514,16,1365,12,78,24,1186,11
2514,16,1365,12,78,24,1194,11
2514,16,1365,12,78,24,1259,11
2514,16,1365,12,78,24,1260,11
2514,16,1365,12,78,24,1312,11
2514,16,1365,12,78,24,1388,11
2514,16,1365,12,78,24,1391,11
2514,16,1365,12,78,24,1422,11
2514,16,1365,12,78,24,1556,11
2514,16,1365,12,78,24,1568,11
2514,16,1365,12,78,24,1599,11
2514,16,1365,12,78,24,1747,11
2514,16,1365,12,78,24,1773,11
2514,16,1365,12,78,24,1799,11
2514,16,1365,12,78,24,1818,11
2514,16,1365,12,78,24,1873,11
2514,16,1365,12,78,24,1940,11
2514,16,1365,12,78,24,1956,11
2514,16,1365,12,78,24,1997,11
2514,16,1365,12,78,24,2068,11
2514,16,1365,12,78,24,2079,11
2514,16,1365,12,78,24,2123,11
2514,16,1365,12,78,24,2196,11
2514,16,1365,12,78,24,2206,11
2514,16,1365,12,78,24,2216,11
2514,16,1365,12,78,24,2244,11
2514,16,1365,12,78,24,2259,11
2514,16,1365,12,78,24,2261,11
2514,16,1365,12,78,24,2289,11
2514,16,1365,12,78,24,2359,11
2514,16,1365,12,78,24,2370,11
2514,16,1365,12,78,24,2405,11
2514,16,1365,12,638,37,45,11
2514,16,1365,12,638,37,390,11
2514,16,1365,12,638,37,620,11
2514,16,1365,12,638,37,979,11
2514,16,1365,12,638,37,1799,11
2514,16,1365,12,638,37,1956,11
2514,16,1365,12,638,37,2206,11
2514,16,1365,12,638,37,2244,11
2514,16,1365,12,638,37,2261,11
2514,16,1365,12,638,37,2359,11
2514,16,1365,12,937,45,45,11
2514,16,1365,12,937,45,159,11
2514,16,1365,12,937,45,272,11
2514,16,1365,12,937,45,338,11
2514,16,1365,12,937,45,390,11
2514,16,1365,12,937,45,457,11
2514,16,1365,12,937,45,463,11
2514,16,1365,12,937,45,620,11
2514,16,1365,12,937,45,700,11
2514,16,1365,12,937,45,742,11
2514,16,1365,12,937,45,758,11
2514,16,1365,12,937,45,879,11
2514,16,1365,12,937,45,927,11
2514,16,1365,12,937,45,979,11
2514,16,1365,12,937,45,1003,11
2514,16,1365,12,937,45,1044,11
2514,16,1365,12,937,45,1068,11
2514,16,1365,12,937,45,1153,11
2514,16,1365,12,937,45,1186,11
2514,16,1365,12,937,45,1194,11
2514,16,1365,12,937,45,1259,11
2514,16,1365,12,937,45,1260,11
2514,16,1365,12,937,45,1312,11
2514,16,1365,12,937,45,1388,11
2514,16,1365,12,937,45,1391,11
2514,16,1365,12,937,45,1422,11
2514,16,1365,12,937,45,1556,11
2514,16,1365,12,937,45,1568,11
2514,16,1365,12,937,45,1599,11
2514,16,1365,12,937,45,1747,11
2514,16,1365,12,937,45,1773,11
2514,16,1365,12,937,45,1799,11
2514,16,1365,12,937,45,1818,11
2514,16,1365,12,937,45,1873,11
2514,16,1365,12,937,45,1940,11
2514,16,1365,12,937,45,1956,11
2514,16,1365,12,937,45,1997,11
2514,16,1365,12,937,45,2068,11
2514,16,1365,12,937,45,2079,11
2514,16,1365,12,937,45,2123,11
2514,16,1365,12,937,45,2196,11
2514,16,1365,12,937,45,2206,11
2514,16,1365,12,937,45,2216,11
2514,16,1365,12,937,45,2244,11
2514,16,1365,12,937,45,2259,11
2514,16,1365,12,937,45,2261,11
2514,16,1365,12,937,45,2289,11
2514,16,1365,12,937,45,2359,11
2514,16,1365,12,937,45,2370,11
2514,16,1365,12,937,45,2405,11
2514,16,1365,12,966,18,45,11
2514,16,1365,12,966,18,159,11
2514,16,1365,12,966,18,272,11
2514,16,1365,12,966,18,338,11
2514,16,1365,12,966,18,390,11
2514,16,1365,12,966,18,457,11
2514,16,1365,12,966,18,463,11
2514,16,1365,12,966,18,620,11
2514,16,1365,12,966,18,700,11
2514,16,1365,12,966,18,742,11
2514,16,1365,12,966,18,758,11
2514,16,1365,12,966,18,879,11
2514,16,1365,12,966,18,927,11
2514,16,1365,12,966,18,979,11
2514,16,1365,12,966,18,1003,11
2514,16,1365,12,966,18,1044,11
2514,16,1365,12,966,18,1068,11
2514,16,1365,12,966,18,1153,11
2514,16,1365,12,966,18,1186,11
2514,16,1365,12,966,18,1194,11
2514,16,1365,12,966,18,1259,11
2514,16,1365,12,966,18,1260,11
2514,16,1365,12,966,18,1312,11
2514,16,1365,12,966,18,1388,11
2514,16,1365,12,966,18,1391,11
2514,16,1365,12,966,18,1422,11
2514,16,1365,12,966,18,1556,11
2514,16,1365,12,966,18,1568,11
2514,16,1365,12,966,18,1599,11
2514,16,1365,12,966,18,1747,11
2514,16,1365,12,966,18,1773,11
2514,16,1365,12,966,18,1799,11
2514,16,1365,12,966,18,1818,11
2514,16,1365,12,966,18,1873,11
2514,16,1365,12,966,18,1940,11
2514,16,1365,12,966,18,1956,11
2514,16,1365,12,966,18,1997,11
2514,16,1365,12,966,18,2068,11
2514,16,1365,12,966,18,2079,11
2514,16,1365,12,966,18,2123,11
2514,16,1365,12,966,18,2196,11
2514,16,1365,12,966,18,2206,11
2514,16,1365,12,966,18,2216,11
2514,16,1365,12,966,18,2244,11
2514,16,1365,12,966,18,2259,11
2514,16,1365,12,966,18,2261,11
2514,16,1365,12,966,18,2289,11
2514,16,1365,12,966,18,2359,11
2514,16,1365,12,966,18,2370,11
2514,16,1365,12,966,18,2405,11
2514,16,1365,12,1173,16,159,11
2514,16,1365,12,1173,16,272,11
2514,16,1365,12,1173,16,457,11
2514,16,1365,12,1173,16,463,11
2514,16,1365,12,1173,16,700,11
2514,16,1365,12,1173,16,879,11
2514,16,1365,12,1173,16,927,11
2514,16,1365,12,1173,16,1003,11
2514,16,1365,12,1173,16,1068,11
2514,16,1365,12,1173,16,1153,11
2514,16,1365,12,1173,16,1194,11
2514,16,1365,12,1173,16,1260,11
2514,16,1365,12,1173,16,1388,11
2514,16,1365,12,1173,16,1391,11
2514,16,1365,12,1173,16,1422,11
2514,16,1365,12,1173,16,1556,11
2514,16,1365,12,1173,16,1568,11
2514,16,1365,12,1173,16,1599,11
2514,16,1365,12,1173,16,1747,11
2514,16,1365,12,1173,16,1818,11
2514,16,1365,12,1173,16,1873,11
2514,16,1365,12,1173,16,1940,11
2514,16,1365,12,1173,16,2068,11
2514,16,1365,12,1173,16,2079,11
2514,16,1365,12,1173,16,2123,11
2514,16,1365,12,1173,16,2196,11
2514,16,1365,12,1173,16,2216,11
2514,16,1365,12,1173,16,2259,11
2514,16,1365,12,1173,16,2370,11
2514,16,1365,12,1173,16,2405,11
2514,16,1365,12,1189,27,45,11
2514,16,1365,12,1189,27,159,11
2514,16,1365,12,1189,27,272,11
2514,16,1365,12,1189,27,338,11
2514,16,1365,12,1189,27,390,11
2514,16,1365,12,1189,27,457,11
2514,16,1365,12,1189,27,463,11
2514,16,1365,12,1189,27,620,11
2514,16,1365,12,1189,27,700,11
2514,16,1365,12,1189,27,742,11
2514,16,1365,12,1189,27,758,11
2514,16,1365,12,1189,27,879,11
2514,16,1365,12,1189,27,927,11
2514,16,1365,12,1189,27,979,11
2514,16,1365,12,1189,27,1003,11
2514,16,1365,12,1189,27,1044,11
2514,16,1365,12,1189,27,1068,11
2514,16,1365,12,1189,27,1153,11
2514,16,1365,12,1189,27,1186,11
2514,16,1365,12,1189,27,1194,11
2514,16,1365,12,1189,27,1259,11
2514,16,1365,12,1189,27,1260,11
2514,16,1365,12,1189,27,1312,11
2514,16,1365,12,1189,27,1388,11
2514,16,1365,12,1189,27,1391,11
2514,16,1365,12,1189,27,1422,11
2514,16,1365,12,1189,27,1556,11
2514,16,1365,12,1189,27,1568,11
2514,16,1365,12,1189,27,1599,11
2514,16,1365,12,1189,27,1747,11
2514,16,1365,12,1189,27,1773,11
2514,16,1365,12,1189,27,1799,11
2514,16,1365,12,1189,27,1818,11
2514,16,1365,12,1189,27,1873,11
2514,16,1365,12,1189,27,1940,11
2514,16,1365,12,1189,27,1956,11
2514,16,1365,12,1189,27,1997,11
2514,16,1365,12,1189,27,2068,11
2514,16,1365,12,1189,27,2079,11
2514,16,1365,12,1189,27,2123,11
2514,16,1365,12,1189,27,2196,11
2514,16,1365,12,1189,27,2206,11
2514,16,1365,12,1189,27,2216,11
2514,16,1365,12,1189,27,2244,11
2514,16,1365,12,1189,27,2259,11
2514,16,1365,12,1189,27,2261,11
2514,16,1365,12,1189,27,2289,11
2514,16,1365,12,1189,27,2359,11
2514,16,1365,12,1189,27,2370,11
2514,16,1365,12,1189,27,2405,11
2514,16,1365,12,1258,36,45,11
2514,16,1365,12,1258,36,159,11
2514,16,1365,12,1258,36,272,11
2514,16,1365,12,1258,36,338,11
2514,16,1365,12,1258,36,390,11
2514,16,1365,12,1258,36,457,11
2514,16,1365,12,1258,36,463,11
2514,16,1365,12,1258,36,620,11
2514,16,1365,12,1258,36,700,11
2514,16,1365,12,1258,36,742,11
2514,16,1365,12,1258,36,758,11
2514,16,1365,12,1258,36,879,11
2514,16,1365,12,1258,36,927,11
2514,16,1365,12,1258,36,979,11
2514,16,1365,12,1258,36,1003,11
2514,16,1365,12,1258,36,1044,11
2514,16,1365,12,1258,36,1068,11
2514,16,1365,12,1258,36,1153,11
2514,16,1365,12,1258,36,1186,11
2514,16,1365,12,1258,36,1194,11
2514,16,1365,12,1258,36,1259,11
2514,16,1365,12,1258,36,1260,11
2514,16,1365,12,1258,36,1312,11
2514,16,1365,12,1258,36,1388,11
2514,16,1365,12,1258,36,1391,11
2514,16,1365,12,1258,36,1422,11
2514,16,1365,12,1258,36,1556,11
2514,16,1365,12,1258,36,1568,11
2514,16,1365,12,1258,36,1599,11
2514,16,1365,12,1258,36,1747,11
2514,16,1365,12,1258,36,1773,11
2514,16,1365,12,1258,36,1799,11
2514,16,1365,12,1258,36,1818,11
2514,16,1365,12,1258,36,1873,11
2514,16,1365,12,1258,36,1940,11
2514,16,1365,12,1258,36,1956,11
2514,16,1365,12,1258,36,1997,11
2514,16,1365,12,1258,36,2068,11
2514,16,1365,12,1258,36,2079,11
2514,16,1365,12,1258,36,2123,11
2514,16,1365,12,1258,36,2196,11
2514,16,1365,12,1258,36,2206,11
2514,16,1365,12,1258,36,2216,11
2514,16,1365,12,1258,36,2244,11
2514,16,1365,12,1258,36,2259,11
2514,16,1365,12,1258,36,2261,11
2514,16,1365,12,1258,36,2289,11
2514,16,1365,12,1258,36,2359,11
2514,16,1365,12,1258,36,2370,11
2514,16,1365,12,1258,36,2405,11
2514,16,1365,12,1277,27,45,11
2514,16,1365,12,1277,27,159,11
2514,16,1365,12,1277,27,272,11
2514,16,1365,12,1277,27,338,11
2514,16,1365,12,1277,27,390,11
2514,16,1365,12,1277,27,457,11
2514,16,1365,12,1277,27,463,11
2514,16,1365,12,1277,27,620,11
2514,16,1365,12,1277,27,700,11
2514,16,1365,12,1277,27,742,11
2514,16,1365,12,1277,27,758,11
2514,16,1365,12,1277,27,879,11
2514,16,1365,12,1277,27,927,11
2514,16,1365,12,1277,27,979,11
2514,16,1365,12,1277,27,1003,11
2514,16,1365,12,1277,27,1044,11
2514,16,1365,12,1277,27,1068,11
2514,16,1365,12,1277,27,1153,11
2514,16,1365,12,1277,27,1186,11
2514,16,1365,12,1277,27,1194,11
2514,16,1365,12,1277,27,1259,11
2514,16,1365,12,1277,27,1260,11
2514,16,1365,12,1277,27,1312,11
2514,16,1365,12,1277,27,1388,11
2514,16,1365,12,1277,27,1391,11
2514,16,1365,12,1277,27,1422,11
2514,16,1365,12,1277,27,1556,11
2514,16,1365,12,1277,27,1568,11
2514,16,1365,12,1277,27,1599,11
2514,16,1365,12,1277,27,1747,11
2514,16,1365,12,1277,27,1773,11
2514,16,1365,12,1277,27,1799,11
2514,16,1365,12,1277,27,1818,11
2514,16,1365,12,1277,27,1873,11
2514,16,1365,12,1277,27,1940,11
2514,16,1365,12,1277,27,1956,11
2514,16,1365,12,1277,27,1997,11
2514,16,1365,12,1277,27,2068,11
2514,16,1365,12,1277,27,2079,11
2514,16,1365,12,1277,27,2123,11
2514,16,1365,12,1277,27,2196,11
2514,16,1365,12,1277,27,2206,11
2514,16,1365,12,1277,27,2216,11
2514,16,1365,12,1277,27,2244,11
2514,16,1365,12,1277,27,2259,11
2514,16,1365,12,1277,27,2261,11
2514,16,1365,12,1277,27,2289,11
2514,16,1365,12,1277,27,2359,11
2514,16,1365,12,1277,27,2370,11
2514,16,1365,12,1277,27,2405,11
2514,16,1365,12,1428,32,45,11
2514,16,1365,12,1428,32,159,11
2514,16,1365,12,1428,32,272,11
2514,16,1365,12,1428,32,338,11
2514,16,1365,12,1428,32,390,11
2514,16,1365,12,1428,32,457,11
2514,16,1365,12,1428,32,463,11
2514,16,1365,12,1428,32,620,11
2514,16,1365,12,1428,32,700,11
2514,16,1365,12,1428,32,742,11
2514,16,1365,12,1428,32,758,11
2514,16,1365,12,1428,32,879,11
2514,16,1365,12,1428,32,927,11
2514,16,1365,12,1428,32,979,11
2514,16,1365,12,1428,32,1003,11
2514,16,1365,12,1428,32,1044,11
2514,16,1365,12,1428,32,1068,11
2514,16,1365,12,1428,32,1153,11
2514,16,1365,12,1428,32,1186,11
2514,16,1365,12,1428,32,1194,11
2514,16,1365,12,1428,32,1259,11
2514,16,1365,12,1428,32,1260,11
2514,16,1365,12,1428,32,1312,11
2514,16,1365,12,1428,32,1388,11
2514,16,1365,12,1428,32,1391,11
2514,16,1365,12,1428,32,1422,11
2514,16,1365,12,1428,32,1556,11
2514,16,1365,12,1428,32,1568,11
2514,16,1365,12,1428,32,1599,11
2514,16,1365,12,1428,32,1747,11
2514,16,1365,12,1428,32,1773,11
2514,16,1365,12,1428,32,1799,11
2514,16,1365,12,1428,32,1818,11
2514,16,1365,12,1428,32,1873,11
2514,16,1365,12,1428,32,1940,11
2514,16,1365,12,1428,32,1956,11
2514,16,1365,12,1428,32,1997,11
2514,16,1365,12,1428,32,2068,11
2514,16,1365,12,1428,32,2079,11
2514,16,1365,12,1428,32,2123,11
2514,16,1365,12,1428,32,2196,11
2514,16,1365,12,1428,32,2206,11
2514,16,1365,12,1428,32,2216,11
2514,16,1365,12,1428,32,2244,11
2514,16,1365,12,1428,32,2259,11
2514,16,1365,12,1428,32,2261,11
2514,16,1365,12,1428,32,2289,11
2514,16,1365,12,1428,32,2359,11
2514,16,1365,12,1428,32,2370,11
2514,16,1365,12,1428,32,2405,11
2514,16,1365,12,1495,31,45,11
2514,16,1365,12,1495,31,159,11
2514,16,1365,12,1495,31,272,11
2514,16,1365,12,1495,31,338,11
2514,16,1365,12,1495,31,390,11
2514,16,1365,12,1495,31,457,11
2514,16,1365,12,1495,31,463,11
2514,16,1365,12,1495,31,620,11
2514,16,1365,12,1495,31,700,11
2514,16,1365,12,1495,31,742,11
2514,16,1365,12,1495,31,758,11
2514,16,1365,12,1495,31,879,11
2514,16,1365,12,1495,31,927,11
2514,16,1365,12,1495,31,979,11
2514,16,1365,12,1495,31,1003,11
2514,16,1365,12,1495,31,1044,11
2514,16,1365,12,1495,31,1068,11
2514,16,1365,12,1495,31,1153,11
2514,16,1365,12,1495,31,1186,11
2514,16,1365,12,1495,31,1194,11
2514,16,1365,12,1495,31,1259,11
2514,16,1365,12,1495,31,1260,11
2514,16,1365,12,1495,31,1312,11
2514,16,1365,12,1495,31,1388,11
2514,16,1365,12,1495,31,1391,11
2514,16,1365,12,1495,31,1422,11
2514,16,1365,12,1495,31,1556,11
2514,16,1365,12,1495,31,1568,11
2514,16,1365,12,1495,31,1599,11
2514,16,1365,12,1495,31,1747,11
2514,16,1365,12,1495,31,1773,11
2514,16,1365,12,1495,31,1799,11
2514,16,1365,12,1495,31,1818,11
2514,16,1365,12,1495,31,1873,11
2514,16,1365,12,1495,31,1940,11
2514,16,1365,12,1495,31,1956,11
2514,16,1365,12,1495,31,1997,11
2514,16,1365,12,1495,31,2068,11
2514,16,1365,12,1495,31,2079,11
2514,16,1365,12,1495,31,2123,11
2514,16,1365,12,1495,31,2196,11
2514,16,1365,12,1495,31,2206,11
2514,16,1365,12,1495,31,2216,11
2514,16,1365,12,1495,31,2244,11
2514,16,1365,12,1495,31,2259,11
2514,16,1365,12,1495,31,2261,11
2514,16,1365,12,1495,31,2289,11
2514,16,1365,12,1495,31,2359,11
2514,16,1365,12,1495,31,2370,11
2514,16,1365,12,1495,31,2405,11
2514,16,1365,12,1497,43,45,11
2514,16,1365,12,1497,43,159,11
2514,16,1365,12,1497,43,272,11
2514,16,1365,12,1497,43,338,11
2514,16,1365,12,1497,43,390,11
2514,16,1365,12,1497,43,457,11
2514,16,1365,12,1497,43,463,11
2514,16,1365,12,1497,43,620,11
2514,16,1365,12,1497,43,700,11
2514,16,1365,12,1497,43,742,11
2514,16,1365,12,1497,43,758,11
2514,16,1365,12,1497,43,879,11
2514,16,1365,12,1497,43,927,11
2514,16,1365,12,1497,43,979,11
2514,16,1365,12,1497,43,1003,11
2514,16,1365,12,1497,43,1044,11
2514,16,1365,12,1497,43,1068,11
2514,16,1365,12,1497,43,1153,11
2514,16,1365,12,1497,43,1186,11
2514,16,1365,12,1497,43,1194,11
2514,16,1365,12,1497,43,1259,11
2514,16,1365,12,1497,43,1260,11
2514,16,1365,12,1497,43,1312,11
2514,16,1365,12,1497,43,1388,11
2514,16,1365,12,1497,43,1391,11
2514,16,1365,12,1497,43,1422,11
2514,16,1365,12,1497,43,1556,11
2514,16,1365,12,1497,43,1568,11
2514,16,1365,12,1497,43,1599,11
2514,16,1365,12,1497,43,1747,11
2514,16,1365,12,1497,43,1773,11
2514,16,1365,12,1497,43,1799,11
2514,16,1365,12,1497,43,1818,11
2514,16,1365,12,1497,43,1873,11
2514,16,1365,12,1497,43,1940,11
2514,16,1365,12,1497,43,1956,11
2514,16,1365,12,1497,43,1997,11
2514,16,1365,12,1497,43,2068,11
2514,16,1365,12,1497,43,2079,11
2514,16,1365,12,1497,43,2123,11
2514,16,1365,12,1497,43,2196,11
2514,16,1365,12,1497,43,2206,11
2514,16,1365,12,1497,43,2216,11
2514,16,1365,12,1497,43,2244,11
2514,16,1365,12,1497,43,2259,11
2514,16,1365,12,1497,43,2261,11
2514,16,1365,12,1497,43,2289,11
2514,16,1365,12,1497,43,2359,11
2514,16,1365,12,1497,43,2370,11
2514,16,1365,12,1497,43,2405,11
2514,16,1365,12,1706,29,45,11
2514,16,1365,12,1706,29,159,11
2514,16,1365,12,1706,29,272,11
2514,16,1365,12,1706,29,338,11
2514,16,1365,12,1706,29,390,11
2514,16,1365,12,1706,29,457,11
2514,16,1365,12,1706,29,463,11
2514,16,1365,12,1706,29,620,11
2514,16,1365,12,1706,29,700,11
2514,16,1365,12,1706,29,742,11
2514,16,1365,12,1706,29,758,11
2514,16,1365,12,1706,29,879,11
2514,16,1365,12,1706,29,927,11
2514,16,1365,12,1706,29,979,11
2514,16,1365,12,1706,29,1003,11
2514,16,1365,12,1706,29,1044,11
2514,16,1365,12,1706,29,1068,11
2514,16,1365,12,1706,29,1153,11
2514,16,1365,12,1706,29,1186,11
2514,16,1365,12,1706,29,1194,11
2514,16,1365,12,1706,29,1259,11
2514,16,1365,12,1706,29,1260,11
2514,16,1365,12,1706,29,1312,11
2514,16,1365,12,1706,29,1388,11
2514,16,1365,12,1706,29,1391,11
2514,16,1365,12,1706,29,1422,11
2514,16,1365,12,1706,29,1556,11
2514,16,1365,12,1706,29,1568,11
2514,16,1365,12,1706,29,1599,11
2514,16,1365,12,1706,29,1747,11
2514,16,1365,12,1706,29,1773,11
2514,16,1365,12,1706,29,1799,11
2514,16,1365,12,1706,29,1818,11
2514,16,1365,12,1706,29,1873,11
2514,16,1365,12,1706,29,1940,11
2514,16,1365,12,1706,29,1956,11
2514,16,1365,12,1706,29,1997,11
2514,16,1365,12,1706,29,2068,11
2514,16,1365,12,1706,29,2079,11
2514,16,1365,12,1706,29,2123,11
2514,16,1365,12,1706,29,2196,11
2514,16,1365,12,1706,29,2206,11
2514,16,1365,12,1706,29,2216,11
2514,16,1365,12,1706,29,2244,11
2514,16,1365,12,1706,29,2259,11
2514,16,1365,12,1706,29,2261,11
2514,16,1365,12,1706,29,2289,11
2514,16,1365,12,1706,29,2359,11
2514,16,1365,12,1706,29,2370,11
2514,16,1365,12,1706,29,2405,11
2514,16,1365,12,1901,9,45,11
2514,16,1365,12,1901,9,159,11
2514,16,1365,12,1901,9,272,11
2514,16,1365,12,1901,9,338,11
2514,16,1365,12,1901,9,390,11
2514,16,1365,12,1901,9,457,11
2514,16,1365,12,1901,9,463,11
2514,16,1365,12,1901,9,620,11
2514,16,1365,12,1901,9,700,11
2514,16,1365,12,1901,9,742,11
2514,16,1365,12,1901,9,758,11
2514,16,1365,12,1901,9,879,11
2514,16,1365,12,1901,9,927,11
2514,16,1365,12,1901,9,979,11
2514,16,1365,12,1901,9,1003,11
2514,16,1365,12,1901,9,1044,11
2514,16,1365,12,1901,9,1068,11
2514,16,1365,12,1901,9,1153,11
2514,16,1365,12,1901,9,1186,11
2514,16,1365,12,1901,9,1194,11
2514,16,1365,12,1901,9,1259,11
2514,16,1365,12,1901,9,1260,11
2514,16,1365,12,1901,9,1312,11
2514,16,1365,12,1901,9,1388,11
2514,16,1365,12,1901,9,1391,11
2514,16,1365,12,1901,9,1422,11
2514,16,1365,12,1901,9,1556,11
2514,16,1365,12,1901,9,1568,11
2514,16,1365,12,1901,9,1599,11
2514,16,1365,12,1901,9,1747,11
2514,16,1365,12,1901,9,1773,11
2514,16,1365,12,1901,9,1799,11
2514,16,1365,12,1901,9,1818,11
2514,16,1365,12,1901,9,1873,11
2514,16,1365,12,1901,9,1940,11
2514,16,1365,12,1901,9,1956,11
2514,16,1365,12,1901,9,1997,11
2514,16,1365,12,1901,9,2068,11
2514,16,1365,12,1901,9,2079,11
2514,16,1365,12,1901,9,2123,11
2514,16,1365,12,1901,9,2196,11
2514,16,1365,12,1901,9,2206,11
2514,16,1365,12,1901,9,2216,11
2514,16,1365,12,1901,9,2244,11
2514,16,1365,12,1901,9,2259,11
2514,16,1365,12,1901,9,2261,11
2514,16,1365,12,1901,9,2289,11
2514,16,1365,12,1901,9,2359,11
2514,16,1365,12,1901,9,2370,11
2514,16,1365,12,1901,9,2405,11
