2514,16,1621,28,63,18,45,11
2514,16,1621,28,63,18,159,11
2514,16,1621,28,63,18,272,11
2514,16,1621,28,63,18,338,11
2514,16,1621,28,63,18,390,11
2514,16,1621,28,63,18,457,11
2514,16,1621,28,63,18,463,11
2514,16,1621,28,63,18,620,11
2514,16,1621,28,63,18,700,11
2514,16,1621,28,63,18,742,11
2514,16,1621,28,63,18,758,11
2514,16,1621,28,63,18,879,11
2514,16,1621,28,63,18,927,11
2514,16,1621,28,63,18,979,11
2514,16,1621,28,63,18,1003,11
2514,16,1621,28,63,18,1044,11
2514,16,1621,28,63,18,1068,11
2514,16,1621,28,63,18,1153,11
2514,16,1621,28,63,18,1186,11
2514,16,1621,28,63,18,1194,11
2514,16,1621,28,63,18,1259,11
2514,16,1621,28,63,18,1260,11
2514,16,1621,28,63,18,1312,11
2514,16,1621,28,63,18,1388,11
2514,16,1621,28,63,18,1391,11
2514,16,1621,28,63,18,1422,11
2514,16,1621,28,63,18,1556,11
2514,16,1621,28,63,18,1568,11
2514,16,1621,28,63,18,1599,11
2514,16,1621,28,63,18,1747,11
2514,16,1621,28,63,18,1773,11
2514,16,1621,28,63,18,1799,11
2514,16,1621,28,63,18,1818,11
2514,16,1621,28,63,18,1873,11
2514,16,1621,28,63,18,1940,11
2514,16,1621,28,63,18,1956,11
2514,16,1621,28,63,18,1997,11
2514,16,1621,28,63,18,2068,11
2514,16,1621,28,63,18,2079,11
2514,16,1621,28,63,18,2123,11
2514,16,1621,28,63,18,2196,11
2514,16,1621,28,63,18,2206,11
2514,16,1621,28,63,18,2216,11
2514,16,1621,28,63,18,2244,11
2514,16,1621,28,63,18,2259,11
2514,16,1621,28,63,18,2261,11
2514,16,1621,28,63,18,2289,11
2514,16,1621,28,63,18,2359,11
2514,16,1621,28,63,18,2370,11
2514,16,1621,28,63,18,2405,11
2514,16,1621,28,263,24,45,11
2514,16,1621,28,263,24,159,11
2514,16,1621,28,263,24,272,11
2514,16,1621,28,263,24,338,11
2514,16,1621,28,263,24,390,11
2514,16,1621,28,263,24,457,11
2514,16,1621,28,263,24,463,11
2514,16,1621,28,263,24,620,11
2514,16,1621,28,263,24,700,11
2514,16,1621,28,263,24,742,11
2514,16,1621,28,263,24,758,11
2514,16,1621,28,263,24,879,11
2514,16,1621,28,263,24,927,11
2514,16,1621,28,263,24,979,11
2514,16,1621,28,263,24,1003,11
2514,16,1621,28,263,24,1044,11
2514,16,1621,28,263,24,1068,11
2514,16,1621,28,263,24,1153,11
2514,16,1621,28,263,24,1186,11
2514,16,1621,28,263,24,1194,11
2514,16,1621,28,263,24,1259,11
2514,16,1621,28,263,24,1260,11
2514,16,1621,28,263,24,1312,11
2514,16,1621,28,263,24,1388,11
2514,16,1621,28,263,24,1391,11
2514,16,1621,28,263,24,1422,11
2514,16,1621,28,263,24,1556,11
2514,16,1621,28,263,24,1568,11
2514,16,1621,28,263,24,1599,11
2514,16,1621,28,263,24,1747,11
2514,16,1621,28,263,24,1773,11
2514,16,1621,28,263,24,1799,11
2514,16,1621,28,263,24,1818,11
2514,16,1621,28,263,24,1873,11
2514,16,1621,28,263,24,1940,11
2514,16,1621,28,263,24,1956,11
2514,16,1621,28,263,24,1997,11
2514,16,1621,28,263,24,2068,11
2514,16,1621,28,263,24,2079,11
2514,16,1621,28,263,24,2123,11
2514,16,1621,28,263,24,2196,11
2514,16,1621,28,263,24,2206,11
2514,16,1621,28,263,24,2216,11
2514,16,1621,28,263,24,2244,11
2514,16,1621,28,263,24,2259,11
2514,16,1621,28,263,24,2261,11
2514,16,1621,28,263,24,2289,11
2514,16,1621,28,263,24,2359,11
2514,16,1621,28,263,24,2370,11
2514,16,1621,28,263,24,2405,11
2514,16,1621,28,576,47,45,11
2514,16,1621,28,576,47,272,11
2514,16,1621,28,576,47,338,11
2514,16,1621,28,576,47,390,11
2514,16,1621,28,576,47,620,11
2514,16,1621,28,576,47,742,11
2514,16,1621,28,576,47,758,11
2514,16,1621,28,576,47,979,11
2514,16,1621,28,576,47,1044,11
2514,16,1621,28,576,47,1068,11
2514,16,1621,28,576,47,1186,11
2514,16,1621,28,576,47,1259,11
2514,16,1621,28,576,47,1260,11
2514,16,1621,28,576,47,1312,11
2514,16,1621,28,576,47,1391,11
2514,16,1621,28,576,47,1422,11
2514,16,1621,28,576,47,1747,11
2514,16,1621,28,576,47,1773,11
2514,16,1621,28,576,47,1799,11
2514,16,1621,28,576,47,1956,11
2514,16,1621,28,576,47,1997,11
2514,16,1621,28,576,47,2068,11
2514,16,1621,28,576,47,2079,11
2514,16,1621,28,576,47,2206,11
2514,16,1621,28,576,47,2244,11
2514,16,1621,28,576,47,2259,11
2514,16,1621,28,576,47,2261,11
2514,16,1621,28,576,47,2289,11
2514,16,1621,28,576,47,2359,11
2514,16,1621,28,576,47,2405,11
2514,16,1621,28,1142,39,45,11
2514,16,1621,28,1142,39,159,11
2514,16,1621,28,1142,39,272,11
2514,16,1621,28,1142,39,338,11
2514,16,1621,28,1142,39,390,11
2514,16,1621,28,1142,39,457,11
2514,16,1621,28,1142,39,463,11
2514,16,1621,28,1142,39,620,11
2514,16,1621,28,1142,39,700,11
2514,16,1621,28,1142,39,742,11
2514,16,1621,28,1142,39,758,11
2514,16,1621,28,1142,39,879,11
2514,16,1621,28,1142,39,927,11
2514,16,1621,28,1142,39,979,11
2514,16,1621,28,1142,39,1003,11
2514,16,1621,28,1142,39,1044,11
2514,16,1621,28,1142,39,1068,11
2514,16,1621,28,1142,39,1153,11
2514,16,1621,28,1142,39,1186,11
2514,16,1621,28,1142,39,1194,11
2514,16,1621,28,1142,39,1259,11
2514,16,1621,28,1142,39,1260,11
2514,16,1621,28,1142,39,1312,11
2514,16,1621,28,1142,39,1388,11
2514,16,1621,28,1142,39,1391,11
2514,16,1621,28,1142,39,1422,11
2514,16,1621,28,1142,39,1556,11
2514,16,1621,28,1142,39,1568,11
2514,16,1621,28,1142,39,1599,11
2514,16,1621,28,1142,39,1747,11
2514,16,1621,28,1142,39,1773,11
2514,16,1621,28,1142,39,1799,11
2514,16,1621,28,1142,39,1818,11
2514,16,1621,28,1142,39,1873,11
2514,16,1621,28,1142,39,1940,11
2514,16,1621,28,1142,39,1956,11
2514,16,1621,28,1142,39,1997,11
2514,16,1621,28,1142,39,2068,11
2514,16,1621,28,1142,39,2079,11
2514,16,1621,28,1142,39,2123,11
2514,16,1621,28,1142,39,2196,11
2514,16,1621,28,1142,39,2206,11
2514,16,1621,28,1142,39,2216,11
2514,16,1621,28,1142,39,2244,11
2514,16,1621,28,1142,39,2259,11
2514,16,1621,28,1142,39,2261,11
2514,16,1621,28,1142,39,2289,11
2514,16,1621,28,1142,39,2359,11
2514,16,1621,28,1142,39,2370,11
2514,16,1621,28,1142,39,2405,11
2514,16,1621,28,1179,27,45,11
2514,16,1621,28,1179,27,159,11
2514,16,1621,28,1179,27,272,11
2514,16,1621,28,1179,27,338,11
2514,16,1621,28,1179,27,390,11
2514,16,1621,28,1179,27,457,11
2514,16,1621,28,1179,27,463,11
2514,16,1621,28,1179,27,620,11
2514,16,1621,28,1179,27,700,11
2514,16,1621,28,1179,27,742,11
2514,16,1621,28,1179,27,758,11
2514,16,1621,28,1179,27,879,11
2514,16,1621,28,1179,27,927,11
2514,16,1621,28,1179,27,979,11
2514,16,1621,28,1179,27,1003,11
2514,16,1621,28,1179,27,1044,11
2514,16,1621,28,1179,27,1068,11
2514,16,1621,28,1179,27,1153,11
2514,16,1621,28,1179,27,1186,11
2514,16,1621,28,1179,27,1194,11
2514,16,1621,28,1179,27,1259,11
2514,16,1621,28,1179,27,1260,11
2514,16,1621,28,1179,27,1312,11
2514,16,1621,28,1179,27,1388,11
2514,16,1621,28,1179,27,1391,11
2514,16,1621,28,1179,27,1422,11
2514,16,1621,28,1179,27,1556,11
2514,16,1621,28,1179,27,1568,11
2514,16,1621,28,1179,27,1599,11
2514,16,1621,28,1179,27,1747,11
2514,16,1621,28,1179,27,1773,11
2514,16,1621,28,1179,27,1799,11
2514,16,1621,28,1179,27,1818,11
2514,16,1621,28,1179,27,1873,11
2514,16,1621,28,1179,27,1940,11
2514,16,1621,28,1179,27,1956,11
2514,16,1621,28,1179,27,1997,11
2514,16,1621,28,1179,27,2068,11
2514,16,1621,28,1179,27,2079,11
2514,16,1621,28,1179,27,2123,11
2514,16,1621,28,1179,27,2196,11
2514,16,1621,28,1179,27,2206,11
2514,16,1621,28,1179,27,2216,11
2514,16,1621,28,1179,27,2244,11
2514,16,1621,28,1179,27,2259,11
2514,16,1621,28,1179,27,2261,11
2514,16,1621,28,1179,27,2289,11
2514,16,1621,28,1179,27,2359,11
2514,16,1621,28,1179,27,2370,11
2514,16,1621,28,1179,27,2405,11
2514,16,1621,28,1282,12,457,11
2514,16,1621,28,1282,12,700,11
2514,16,1621,28,1282,12,927,11
2514,16,1621,28,1282,12,1003,11
2514,16,1621,28,1282,12,1153,11
2514,16,1621,28,1282,12,1194,11
2514,16,1621,28,1282,12,1568,11
2514,16,1621,28,1282,12,1599,11
2514,16,1621,28,1282,12,1818,11
2514,16,1621,28,1282,12,1940,11
2514,16,1621,28,1354,45,45,11
2514,16,1621,28,1354,45,159,11
2514,16,1621,28,1354,45,272,11
2514,16,1621,28,1354,45,338,11
2514,16,1621,28,1354,45,390,11
2514,16,1621,28,1354,45,457,11
2514,16,1621,28,1354,45,463,11
2514,16,1621,28,1354,45,620,11
2514,16,1621,28,1354,45,700,11
2514,16,1621,28,1354,45,742,11
2514,16,1621,28,1354,45,758,11
2514,16,1621,28,1354,45,879,11
2514,16,1621,28,1354,45,927,11
2514,16,1621,28,1354,45,979,11
2514,16,1621,28,1354,45,1003,11
2514,16,1621,28,1354,45,1044,11
2514,16,1621,28,1354,45,1068,11
2514,16,1621,28,1354,45,1153,11
2514,16,1621,28,1354,45,1186,11
2514,16,1621,28,1354,45,1194,11
2514,16,1621,28,1354,45,1259,11
2514,16,1621,28,1354,45,1260,11
2514,16,1621,28,1354,45,1312,11
2514,16,1621,28,1354,45,1388,11
2514,16,1621,28,1354,45,1391,11
2514,16,1621,28,1354,45,1422,11
2514,16,1621,28,1354,45,1556,11
2514,16,1621,28,1354,45,1568,11
2514,16,1621,28,1354,45,1599,11
2514,16,1621,28,1354,45,1747,11
2514,16,1621,28,1354,45,1773,11
2514,16,1621,28,1354,45,1799,11
2514,16,1621,28,1354,45,1818,11
2514,16,1621,28,1354,45,1873,11
2514,16,1621,28,1354,45,1940,11
2514,16,1621,28,1354,45,1956,11
2514,16,1621,28,1354,45,1997,11
2514,16,1621,28,1354,45,2068,11
2514,16,1621,28,1354,45,2079,11
2514,16,1621,28,1354,45,2123,11
2514,16,1621,28,1354,45,2196,11
2514,16,1621,28,1354,45,2206,11
2514,16,1621,28,1354,45,2216,11
2514,16,1621,28,1354,45,2244,11
2514,16,1621,28,1354,45,2259,11
2514,16,1621,28,1354,45,2261,11
2514,16,1621,28,1354,45,2289,11
2514,16,1621,28,1354,45,2359,11
2514,16,1621,28,1354,45,2370,11
2514,16,1621,28,1354,45,2405,11
2514,16,1621,28,1356,24,45,11
2514,16,1621,28,1356,24,159,11
2514,16,1621,28,1356,24,272,11
2514,16,1621,28,1356,24,338,11
2514,16,1621,28,1356,24,390,11
2514,16,1621,28,1356,24,457,11
2514,16,1621,28,1356,24,463,11
2514,16,1621,28,1356,24,620,11
2514,16,1621,28,1356,24,700,11
2514,16,1621,28,1356,24,742,11
2514,16,1621,28,1356,24,758,11
2514,16,1621,28,1356,24,879,11
2514,16,1621,28,1356,24,927,11
2514,16,1621,28,1356,24,979,11
2514,16,1621,28,1356,24,1003,11
2514,16,1621,28,1356,24,1044,11
2514,16,1621,28,1356,24,1068,11
2514,16,1621,28,1356,24,1153,11
2514,16,1621,28,1356,24,1186,11
2514,16,1621,28,1356,24,1194,11
2514,16,1621,28,1356,24,1259,11
2514,16,1621,28,1356,24,1260,11
2514,16,1621,28,1356,24,1312,11
2514,16,1621,28,1356,24,1388,11
2514,16,1621,28,1356,24,1391,11
2514,16,1621,28,1356,24,1422,11
2514,16,1621,28,1356,24,1556,11
2514,16,1621,28,1356,24,1568,11
2514,16,1621,28,1356,24,1599,11
2514,16,1621,28,1356,24,1747,11
2514,16,1621,28,1356,24,1773,11
2514,16,1621,28,1356,24,1799,11
2514,16,1621,28,1356,24,1818,11
2514,16,1621,28,1356,24,1873,11
2514,16,1621,28,1356,24,1940,11
2514,16,1621,28,1356,24,1956,11
2514,16,1621,28,1356,24,1997,11
2514,16,1621,28,1356,24,2068,11
2514,16,1621,28,1356,24,2079,11
2514,16,1621,28,1356,24,2123,11
2514,16,1621,28,1356,24,2196,11
2514,16,1621,28,1356,24,2206,11
2514,16,1621,28,1356,24,2216,11
2514,16,1621,28,1356,24,2244,11
2514,16,1621,28,1356,24,2259,11
2514,16,1621,28,1356,24,2261,11
2514,16,1621,28,1356,24,2289,11
2514,16,1621,28,1356,24,2359,11
2514,16,1621,28,1356,24,2370,11
2514,16,1621,28,1356,24,2405,11
2514,16,1621,28,1464,47,45,11
2514,16,1621,28,1464,47,159,11
2514,16,1621,28,1464,47,272,11
2514,16,1621,28,1464,47,338,11
2514,16,1621,28,1464,47,390,11
2514,16,1621,28,1464,47,457,11
2514,16,1621,28,1464,47,463,11
2514,16,1621,28,1464,47,620,11
2514,16,1621,28,1464,47,700,11
2514,16,1621,28,1464,47,742,11
2514,16,1621,28,1464,47,758,11
2514,16,1621,28,1464,47,879,11
2514,16,1621,28,1464,47,927,11
2514,16,1621,28,1464,47,979,11
2514,16,1621,28,1464,47,1003,11
2514,16,1621,28,1464,47,1044,11
2514,16,1621,28,1464,47,1068,11
2514,16,1621,28,1464,47,1153,11
2514,16,1621,28,1464,47,1186,11
2514,16,1621,28,1464,47,1194,11
2514,16,1621,28,1464,47,1259,11
2514,16,1621,28,1464,47,1260,11
2514,16,1621,28,1464,47,1312,11
2514,16,1621,28,1464,47,1388,11
2514,16,1621,28,1464,47,1391,11
2514,16,1621,28,1464,47,1422,11
2514,16,1621,28,1464,47,1556,11
2514,16,1621,28,1464,47,1568,11
2514,16,1621,28,1464,47,1599,11
2514,16,1621,28,1464,47,1747,11
2514,16,1621,28,1464,47,1773,11
2514,16,1621,28,1464,47,1799,11
2514,16,1621,28,1464,47,1818,11
2514,16,1621,28,1464,47,1873,11
2514,16,1621,28,1464,47,1940,11
2514,16,1621,28,1464,47,1956,11
2514,16,1621,28,1464,47,1997,11
2514,16,1621,28,1464,47,2068,11
2514,16,1621,28,1464,47,2079,11
2514,16,1621,28,1464,47,2123,11
2514,16,1621,28,1464,47,2196,11
2514,16,1621,28,1464,47,2206,11
2514,16,1621,28,1464,47,2216,11
2514,16,1621,28,1464,47,2244,11
2514,16,1621,28,1464,47,2259,11
2514,16,1621,28,1464,47,2261,11
2514,16,1621,28,1464,47,2289,11
2514,16,1621,28,1464,47,2359,11
2514,16,1621,28,1464,47,2370,11
2514,16,1621,28,1464,47,2405,11
2514,16,1621,28,1483,50,45,11
2514,16,1621,28,1483,50,159,11
2514,16,1621,28,1483,50,272,11
2514,16,1621,28,1483,50,338,11
2514,16,1621,28,1483,50,390,11
2514,16,1621,28,1483,50,457,11
2514,16,1621,28,1483,50,463,11
2514,16,1621,28,1483,50,620,11
2514,16,1621,28,1483,50,700,11
2514,16,1621,28,1483,50,742,11
2514,16,1621,28,1483,50,758,11
2514,16,1621,28,1483,50,879,11
2514,16,1621,28,1483,50,927,11
2514,16,1621,28,1483,50,979,11
2514,16,1621,28,1483,50,1003,11
2514,16,1621,28,1483,50,1044,11
2514,16,1621,28,1483,50,1068,11
2514,16,1621,28,1483,50,1153,11
2514,16,1621,28,1483,50,1186,11
2514,16,1621,28,1483,50,1194,11
2514,16,1621,28,1483,50,1259,11
2514,16,1621,28,1483,50,1260,11
2514,16,1621,28,1483,50,1312,11
2514,16,1621,28,1483,50,1388,11
2514,16,1621,28,1483,50,1391,11
2514,16,1621,28,1483,50,1422,11
2514,16,1621,28,1483,50,1556,11
2514,16,1621,28,1483,50,1568,11
2514,16,1621,28,1483,50,1599,11
2514,16,1621,28,1483,50,1747,11
2514,16,1621,28,1483,50,1773,11
2514,16,1621,28,1483,50,1799,11
2514,16,1621,28,1483,50,1818,11
2514,16,1621,28,1483,50,1873,11
2514,16,1621,28,1483,50,1940,11
2514,16,1621,28,1483,50,1956,11
2514,16,1621,28,1483,50,1997,11
2514,16,1621,28,1483,50,2068,11
2514,16,1621,28,1483,50,2079,11
2514,16,1621,28,1483,50,2123,11
2514,16,1621,28,1483,50,2196,11
2514,16,1621,28,1483,50,2206,11
2514,16,1621,28,1483,50,2216,11
2514,16,1621,28,1483,50,2244,11
2514,16,1621,28,1483,50,2259,11
2514,16,1621,28,1483,50,2261,11
2514,16,1621,28,1483,50,2289,11
2514,16,1621,28,1483,50,2359,11
2514,16,1621,28,1483,50,2370,11
2514,16,1621,28,1483,50,2405,11
2514,16,1621,28,1520,22,45,11
2514,16,1621,28,1520,22,159,11
2514,16,1621,28,1520,22,272,11
2514,16,1621,28,1520,22,338,11
2514,16,1621,28,1520,22,390,11
2514,16,1621,28,1520,22,457,11
2514,16,1621,28,1520,22,463,11
2514,16,1621,28,1520,22,620,11
2514,16,1621,28,1520,22,700,11
2514,16,1621,28,1520,22,742,11
2514,16,1621,28,1520,22,758,11
2514,16,1621,28,1520,22,879,11
2514,16,1621,28,1520,22,927,11
2514,16,1621,28,1520,22,979,11
2514,16,1621,28,1520,22,1003,11
2514,16,1621,28,1520,22,1044,11
2514,16,1621,28,1520,22,1068,11
2514,16,1621,28,1520,22,1153,11
2514,16,1621,28,1520,22,1186,11
2514,16,1621,28,1520,22,1194,11
2514,16,1621,28,1520,22,1259,11
2514,16,1621,28,1520,22,1260,11
2514,16,1621,28,1520,22,1312,11
2514,16,1621,28,1520,22,1388,11
2514,16,1621,28,1520,22,1391,11
2514,16,1621,28,1520,22,1422,11
2514,16,1621,28,1520,22,1556,11
2514,16,1621,28,1520,22,1568,11
2514,16,1621,28,1520,22,1599,11
2514,16,1621,28,1520,22,1747,11
2514,16,1621,28,1520,22,1773,11
2514,16,1621,28,1520,22,1799,11
2514,16,1621,28,1520,22,1818,11
2514,16,1621,28,1520,22,1873,11
2514,16,1621,28,1520,22,1940,11
2514,16,1621,28,1520,22,1956,11
2514,16,1621,28,1520,22,1997,11
2514,16,1621,28,1520,22,2068,11
2514,16,1621,28,1520,22,2079,11
2514,16,1621,28,1520,22,2123,11
2514,16,1621,28,1520,22,2196,11
2514,16,1621,28,1520,22,2206,11
2514,16,1621,28,1520,22,2216,11
2514,16,1621,28,1520,22,2244,11
2514,16,1621,28,1520,22,2259,11
2514,16,1621,28,1520,22,2261,11
2514,16,1621,28,1520,22,2289,11
2514,16,1621,28,1520,22,2359,11
2514,16,1621,28,1520,22,2370,11
2514,16,1621,28,1520,22,2405,11
2514,16,1621,28,1588,12,45,11
2514,16,1621,28,1588,12,159,11
2514,16,1621,28,1588,12,272,11
2514,16,1621,28,1588,12,338,11
2514,16,1621,28,1588,12,390,11
2514,16,1621,28,1588,12,457,11
2514,16,1621,28,1588,12,463,11
2514,16,1621,28,1588,12,620,11
2514,16,1621,28,1588,12,700,11
2514,16,1621,28,1588,12,742,11
2514,16,1621,28,1588,12,758,11
2514,16,1621,28,1588,12,879,11
2514,16,1621,28,1588,12,927,11
2514,16,1621,28,1588,12,979,11
2514,16,1621,28,1588,12,1003,11
2514,16,1621,28,1588,12,1044,11
2514,16,1621,28,1588,12,1068,11
2514,16,1621,28,1588,12,1153,11
2514,16,1621,28,1588,12,1186,11
2514,16,1621,28,1588,12,1194,11
2514,16,1621,28,1588,12,1259,11
2514,16,1621,28,1588,12,1260,11
2514,16,1621,28,1588,12,1312,11
2514,16,1621,28,1588,12,1388,11
2514,16,1621,28,1588,12,1391,11
2514,16,1621,28,1588,12,1422,11
2514,16,1621,28,1588,12,1556,11
2514,16,1621,28,1588,12,1568,11
2514,16,1621,28,1588,12,1599,11
2514,16,1621,28,1588,12,1747,11
2514,16,1621,28,1588,12,1773,11
2514,16,1621,28,1588,12,1799,11
2514,16,1621,28,1588,12,1818,11
2514,16,1621,28,1588,12,1873,11
2514,16,1621,28,1588,12,1940,11
2514,16,1621,28,1588,12,1956,11
2514,16,1621,28,1588,12,1997,11
2514,16,1621,28,1588,12,2068,11
2514,16,1621,28,1588,12,2079,11
2514,16,1621,28,1588,12,2123,11
2514,16,1621,28,1588,12,2196,11
2514,16,1621,28,1588,12,2206,11
2514,16,1621,28,1588,12,2216,11
2514,16,1621,28,1588,12,2244,11
2514,16,1621,28,1588,12,2259,11
2514,16,1621,28,1588,12,2261,11
2514,16,1621,28,1588,12,2289,11
2514,16,1621,28,1588,12,2359,11
2514,16,1621,28,1588,12,2370,11
2514,16,1621,28,1588,12,2405,11
2514,16,1621,28,1609,32,45,11
2514,16,1621,28,1609,32,159,11
2514,16,1621,28,1609,32,272,11
2514,16,1621,28,1609,32,338,11
2514,16,1621,28,1609,32,390,11
2514,16,1621,28,1609,32,457,11
2514,16,1621,28,1609,32,463,11
2514,16,1621,28,1609,32,620,11
2514,16,1621,28,1609,32,700,11
2514,16,1621,28,1609,32,742,11
2514,16,1621,28,1609,32,758,11
2514,16,1621,28,1609,32,879,11
2514,16,1621,28,1609,32,927,11
2514,16,1621,28,1609,32,979,11
2514,16,1621,28,1609,32,1003,11
2514,16,1621,28,1609,32,1044,11
2514,16,1621,28,1609,32,1068,11
2514,16,1621,28,1609,32,1153,11
2514,16,1621,28,1609,32,1186,11
2514,16,1621,28,1609,32,1194,11
2514,16,1621,28,1609,32,1259,11
2514,16,1621,28,1609,32,1260,11
2514,16,1621,28,1609,32,1312,11
2514,16,1621,28,1609,32,1388,11
2514,16,1621,28,1609,32,1391,11
2514,16,1621,28,1609,32,1422,11
2514,16,1621,28,1609,32,1556,11
2514,16,1621,28,1609,32,1568,11
2514,16,1621,28,1609,32,1599,11
2514,16,1621,28,1609,32,1747,11
2514,16,1621,28,1609,32,1773,11
2514,16,1621,28,1609,32,1799,11
2514,16,1621,28,1609,32,1818,11
2514,16,1621,28,1609,32,1873,11
2514,16,1621,28,1609,32,1940,11
2514,16,1621,28,1609,32,1956,11
2514,16,1621,28,1609,32,1997,11
2514,16,1621,28,1609,32,2068,11
2514,16,1621,28,1609,32,2079,11
2514,16,1621,28,1609,32,2123,11
2514,16,1621,28,1609,32,2196,11
2514,16,1621,28,1609,32,2206,11
2514,16,1621,28,1609,32,2216,11
2514,16,1621,28,1609,32,2244,11
2514,16,1621,28,1609,32,2259,11
2514,16,1621,28,1609,32,2261,11
2514,16,1621,28,1609,32,2289,11
2514,16,1621,28,1609,32,2359,11
2514,16,1621,28,1609,32,2370,11
2514,16,1621,28,1609,32,2405,11
2514,16,1621,28,1853,25,45,11
2514,16,1621,28,1853,25,159,11
2514,16,1621,28,1853,25,272,11
2514,16,1621,28,1853,25,338,11
2514,16,1621,28,1853,25,390,11
2514,16,1621,28,1853,25,457,11
2514,16,1621,28,1853,25,463,11
2514,16,1621,28,1853,25,620,11
2514,16,1621,28,1853,25,700,11
2514,16,1621,28,1853,25,742,11
2514,16,1621,28,1853,25,758,11
2514,16,1621,28,1853,25,879,11
2514,16,1621,28,1853,25,927,11
2514,16,1621,28,1853,25,979,11
2514,16,1621,28,1853,25,1003,11
2514,16,1621,28,1853,25,1044,11
2514,16,1621,28,1853,25,1068,11
2514,16,1621,28,1853,25,1153,11
2514,16,1621,28,1853,25,1186,11
2514,16,1621,28,1853,25,1194,11
2514,16,1621,28,1853,25,1259,11
2514,16,1621,28,1853,25,1260,11
2514,16,1621,28,1853,25,1312,11
2514,16,1621,28,1853,25,1388,11
2514,16,1621,28,1853,25,1391,11
2514,16,1621,28,1853,25,1422,11
2514,16,1621,28,1853,25,1556,11
2514,16,1621,28,1853,25,1568,11
2514,16,1621,28,1853,25,1599,11
2514,16,1621,28,1853,25,1747,11
2514,16,1621,28,1853,25,1773,11
2514,16,1621,28,1853,25,1799,11
2514,16,1621,28,1853,25,1818,11
2514,16,1621,28,1853,25,1873,11
2514,16,1621,28,1853,25,1940,11
2514,16,1621,28,1853,25,1956,11
2514,16,1621,28,1853,25,1997,11
2514,16,1621,28,1853,25,2068,11
2514,16,1621,28,1853,25,2079,11
2514,16,1621,28,1853,25,2123,11
2514,16,1621,28,1853,25,2196,11
2514,16,1621,28,1853,25,2206,11
2514,16,1621,28,1853,25,2216,11
2514,16,1621,28,1853,25,2244,11
2514,16,1621,28,1853,25,2259,11
2514,16,1621,28,1853,25,2261,11
2514,16,1621,28,1853,25,2289,11
2514,16,1621,28,1853,25,2359,11
2514,16,1621,28,1853,25,2370,11
2514,16,1621,28,1853,25,2405,11
