2514,16,267,38,82,42,45,11
2514,16,267,38,82,42,159,11
2514,16,267,38,82,42,272,11
2514,16,267,38,82,42,338,11
2514,16,267,38,82,42,390,11
2514,16,267,38,82,42,457,11
2514,16,267,38,82,42,463,11
2514,16,267,38,82,42,620,11
2514,16,267,38,82,42,700,11
2514,16,267,38,82,42,742,11
2514,16,267,38,82,42,758,11
2514,16,267,38,82,42,879,11
2514,16,267,38,82,42,927,11
2514,16,267,38,82,42,979,11
2514,16,267,38,82,42,1003,11
2514,16,267,38,82,42,1044,11
2514,16,267,38,82,42,1068,11
2514,16,267,38,82,42,1153,11
2514,16,267,38,82,42,1186,11
2514,16,267,38,82,42,1194,11
2514,16,267,38,82,42,1259,11
2514,16,267,38,82,42,1260,11
2514,16,267,38,82,42,1312,11
2514,16,267,38,82,42,1388,11
2514,16,267,38,82,42,1391,11
2514,16,267,38,82,42,1422,11
2514,16,267,38,82,42,1556,11
2514,16,267,38,82,42,1568,11
2514,16,267,38,82,42,1599,11
2514,16,267,38,82,42,1747,11
2514,16,267,38,82,42,1773,11
2514,16,267,38,82,42,1799,11
2514,16,267,38,82,42,1818,11
2514,16,267,38,82,42,1873,11
2514,16,267,38,82,42,1940,11
2514,16,267,38,82,42,1956,11
2514,16,267,38,82,42,1997,11
2514,16,267,38,82,42,2068,11
2514,16,267,38,82,42,2079,11
2514,16,267,38,82,42,2123,11
2514,16,267,38,82,42,2196,11
2514,16,267,38,82,42,2206,11
2514,16,267,38,82,42,2216,11
2514,16,267,38,82,42,2244,11
2514,16,267,38,82,42,2259,11
2514,16,267,38,82,42,2261,11
2514,16,267,38,82,42,2289,11
2514,16,267,38,82,42,2359,11
2514,16,267,38,82,42,2370,11
2514,16,267,38,82,42,2405,11
2514,16,267,38,248,10,45,11
2514,16,267,38,248,10,159,11
2514,16,267,38,248,10,272,11
2514,16,267,38,248,10,338,11
2514,16,267,38,248,10,390,11
2514,16,267,38,248,10,457,11
2514,16,267,38,248,10,463,11
2514,16,267,38,248,10,620,11
2514,16,267,38,248,10,700,11
2514,16,267,38,248,10,742,11
2514,16,267,38,248,10,758,11
2514,16,267,38,248,10,879,11
2514,16,267,38,248,10,927,11
2514,16,267,38,248,10,979,11
2514,16,267,38,248,10,1003,11
2514,16,267,38,248,10,1044,11
2514,16,267,38,248,10,1068,11
2514,16,267,38,248,10,1153,11
2514,16,267,38,248,10,1186,11
2514,16,267,38,248,10,1194,11
2514,16,267,38,248,10,1259,11
2514,16,267,38,248,10,1260,11
2514,16,267,38,248,10,1312,11
2514,16,267,38,248,10,1388,11
2514,16,267,38,248,10,1391,11
2514,16,267,38,248,10,1422,11
2514,16,267,38,248,10,1556,11
2514,16,267,38,248,10,1568,11
2514,16,267,38,248,10,1599,11
2514,16,267,38,248,10,1747,11
2514,16,267,38,248,10,1773,11
2514,16,267,38,248,10,1799,11
2514,16,267,38,248,10,1818,11
2514,16,267,38,248,10,1873,11
2514,16,267,38,248,10,1940,11
2514,16,267,38,248,10,1956,11
2514,16,267,38,248,10,1997,11
2514,16,267,38,248,10,2068,11
2514,16,267,38,248,10,2079,11
2514,16,267,38,248,10,2123,11
2514,16,267,38,248,10,2196,11
2514,16,267,38,248,10,2206,11
2514,16,267,38,248,10,2216,11
2514,16,267,38,248,10,2244,11
2514,16,267,38,248,10,2259,11
2514,16,267,38,248,10,2261,11
2514,16,267,38,248,10,2289,11
2514,16,267,38,248,10,2359,11
2514,16,267,38,248,10,2370,11
2514,16,267,38,248,10,2405,11
2514,16,267,38,434,35,45,11
2514,16,267,38,434,35,159,11
2514,16,267,38,434,35,272,11
2514,16,267,38,434,35,338,11
2514,16,267,38,434,35,390,11
2514,16,267,38,434,35,457,11
2514,16,267,38,434,35,463,11
2514,16,267,38,434,35,620,11
2514,16,267,38,434,35,700,11
2514,16,267,38,434,35,742,11
2514,16,267,38,434,35,758,11
2514,16,267,38,434,35,879,11
2514,16,267,38,434,35,927,11
2514,16,267,38,434,35,979,11
2514,16,267,38,434,35,1003,11
2514,16,267,38,434,35,1044,11
2514,16,267,38,434,35,1068,11
2514,16,267,38,434,35,1153,11
2514,16,267,38,434,35,1186,11
2514,16,267,38,434,35,1194,11
2514,16,267,38,434,35,1259,11
2514,16,267,38,434,35,1260,11
2514,16,267,38,434,35,1312,11
2514,16,267,38,434,35,1388,11
2514,16,267,38,434,35,1391,11
2514,16,267,38,434,35,1422,11
2514,16,267,38,434,35,1556,11
2514,16,267,38,434,35,1568,11
2514,16,267,38,434,35,1599,11
2514,16,267,38,434,35,1747,11
2514,16,267,38,434,35,1773,11
2514,16,267,38,434,35,1799,11
2514,16,267,38,434,35,1818,11
2514,16,267,38,434,35,1873,11
2514,16,267,38,434,35,1940,11
2514,16,267,38,434,35,1956,11
2514,16,267,38,434,35,1997,11
2514,16,267,38,434,35,2068,11
2514,16,267,38,434,35,2079,11
2514,16,267,38,434,35,2123,11
2514,16,267,38,434,35,2196,11
2514,16,267,38,434,35,2206,11
2514,16,267,38,434,35,2216,11
2514,16,267,38,434,35,2244,11
2514,16,267,38,434,35,2259,11
2514,16,267,38,434,35,2261,11
2514,16,267,38,434,35,2289,11
2514,16,267,38,434,35,2359,11
2514,16,267,38,434,35,2370,11
2514,16,267,38,434,35,2405,11
2514,16,267,38,631,41,45,11
2514,16,267,38,631,41,159,11
2514,16,267,38,631,41,272,11
2514,16,267,38,631,41,338,11
2514,16,267,38,631,41,390,11
2514,16,267,38,631,41,457,11
2514,16,267,38,631,41,463,11
2514,16,267,38,631,41,620,11
2514,16,267,38,631,41,700,11
2514,16,267,38,631,41,742,11
2514,16,267,38,631,41,758,11
2514,16,267,38,631,41,879,11
2514,16,267,38,631,41,927,11
2514,16,267,38,631,41,979,11
2514,16,267,38,631,41,1003,11
2514,16,267,38,631,41,1044,11
2514,16,267,38,631,41,1068,11
2514,16,267,38,631,41,1153,11
2514,16,267,38,631,41,1186,11
2514,16,267,38,631,41,1194,11
2514,16,267,38,631,41,1259,11
2514,16,267,38,631,41,1260,11
2514,16,267,38,631,41,1312,11
2514,16,267,38,631,41,1388,11
2514,16,267,38,631,41,1391,11
2514,16,267,38,631,41,1422,11
2514,16,267,38,631,41,1556,11
2514,16,267,38,631,41,1568,11
2514,16,267,38,631,41,1599,11
2514,16,267,38,631,41,1747,11
2514,16,267,38,631,41,1773,11
2514,16,267,38,631,41,1799,11
2514,16,267,38,631,41,1818,11
2514,16,267,38,631,41,1873,11
2514,16,267,38,631,41,1940,11
2514,16,267,38,631,41,1956,11
2514,16,267,38,631,41,1997,11
2514,16,267,38,631,41,2068,11
2514,16,267,38,631,41,2079,11
2514,16,267,38,631,41,2123,11
2514,16,267,38,631,41,2196,11
2514,16,267,38,631,41,2206,11
2514,16,267,38,631,41,2216,11
2514,16,267,38,631,41,2244,11
2514,16,267,38,631,41,2259,11
2514,16,267,38,631,41,2261,11
2514,16,267,38,631,41,2289,11
2514,16,267,38,631,41,2359,11
2514,16,267,38,631,41,2370,11
2514,16,267,38,631,41,2405,11
2514,16,267,38,669,25,45,11
2514,16,267,38,669,25,159,11
2514,16,267,38,669,25,272,11
2514,16,267,38,669,25,338,11
2514,16,267,38,669,25,390,11
2514,16,267,38,669,25,457,11
2514,16,267,38,669,25,463,11
2514,16,267,38,669,25,620,11
2514,16,267,38,669,25,700,11
2514,16,267,38,669,25,742,11
2514,16,267,38,669,25,758,11
2514,16,267,38,669,25,879,11
2514,16,267,38,669,25,927,11
2514,16,267,38,669,25,979,11
2514,16,267,38,669,25,1003,11
2514,16,267,38,669,25,1044,11
2514,16,267,38,669,25,1068,11
2514,16,267,38,669,25,1153,11
2514,16,267,38,669,25,1186,11
2514,16,267,38,669,25,1194,11
2514,16,267,38,669,25,1259,11
2514,16,267,38,669,25,1260,11
2514,16,267,38,669,25,1312,11
2514,16,267,38,669,25,1388,11
2514,16,267,38,669,25,1391,11
2514,16,267,38,669,25,1422,11
2514,16,267,38,669,25,1556,11
2514,16,267,38,669,25,1568,11
2514,16,267,38,669,25,1599,11
2514,16,267,38,669,25,1747,11
2514,16,267,38,669,25,1773,11
2514,16,267,38,669,25,1799,11
2514,16,267,38,669,25,1818,11
2514,16,267,38,669,25,1873,11
2514,16,267,38,669,25,1940,11
2514,16,267,38,669,25,1956,11
2514,16,267,38,669,25,1997,11
2514,16,267,38,669,25,2068,11
2514,16,267,38,669,25,2079,11
2514,16,267,38,669,25,2123,11
2514,16,267,38,669,25,2196,11
2514,16,267,38,669,25,2206,11
2514,16,267,38,669,25,2216,11
2514,16,267,38,669,25,2244,11
2514,16,267,38,669,25,2259,11
2514,16,267,38,669,25,2261,11
2514,16,267,38,669,25,2289,11
2514,16,267,38,669,25,2359,11
2514,16,267,38,669,25,2370,11
2514,16,267,38,669,25,2405,11
2514,16,267,38,681,9,45,11
2514,16,267,38,681,9,390,11
2514,16,267,38,681,9,620,11
2514,16,267,38,681,9,979,11
2514,16,267,38,681,9,1799,11
2514,16,267,38,681,9,1956,11
2514,16,267,38,681,9,2206,11
2514,16,267,38,681,9,2244,11
2514,16,267,38,681,9,2261,11
2514,16,267,38,681,9,2359,11
2514,16,267,38,695,48,45,11
2514,16,267,38,695,48,159,11
2514,16,267,38,695,48,272,11
2514,16,267,38,695,48,338,11
2514,16,267,38,695,48,390,11
2514,16,267,38,695,48,457,11
2514,16,267,38,695,48,463,11
2514,16,267,38,695,48,620,11
2514,16,267,38,695,48,700,11
2514,16,267,38,695,48,742,11
2514,16,267,38,695,48,758,11
2514,16,267,38,695,48,879,11
2514,16,267,38,695,48,927,11
2514,16,267,38,695,48,979,11
2514,16,267,38,695,48,1003,11
2514,16,267,38,695,48,1044,11
2514,16,267,38,695,48,1068,11
2514,16,267,38,695,48,1153,11
2514,16,267,38,695,48,1186,11
2514,16,267,38,695,48,1194,11
2514,16,267,38,695,48,1259,11
2514,16,267,38,695,48,1260,11
2514,16,267,38,695,48,1312,11
2514,16,267,38,695,48,1388,11
2514,16,267,38,695,48,1391,11
2514,16,267,38,695,48,1422,11
2514,16,267,38,695,48,1556,11
2514,16,267,38,695,48,1568,11
2514,16,267,38,695,48,1599,11
2514,16,267,38,695,48,1747,11
2514,16,267,38,695,48,1773,11
2514,16,267,38,695,48,1799,11
2514,16,267,38,695,48,1818,11
2514,16,267,38,695,48,1873,11
2514,16,267,38,695,48,1940,11
2514,16,267,38,695,48,1956,11
2514,16,267,38,695,48,1997,11
2514,16,267,38,695,48,2068,11
2514,16,267,38,695,48,2079,11
2514,16,267,38,695,48,2123,11
2514,16,267,38,695,48,2196,11
2514,16,267,38,695,48,2206,11
2514,16,267,38,695,48,2216,11
2514,16,267,38,695,48,2244,11
2514,16,267,38,695,48,2259,11
2514,16,267,38,695,48,2261,11
2514,16,267,38,695,48,2289,11
2514,16,267,38,695,48,2359,11
2514,16,267,38,695,48,2370,11
2514,16,267,38,695,48,2405,11
2514,16,267,38,831,14,45,11
2514,16,267,38,831,14,159,11
2514,16,267,38,831,14,272,11
2514,16,267,38,831,14,338,11
2514,16,267,38,831,14,390,11
2514,16,267,38,831,14,457,11
2514,16,267,38,831,14,463,11
2514,16,267,38,831,14,620,11
2514,16,267,38,831,14,700,11
2514,16,267,38,831,14,742,11
2514,16,267,38,831,14,758,11
2514,16,267,38,831,14,879,11
2514,16,267,38,831,14,927,11
2514,16,267,38,831,14,979,11
2514,16,267,38,831,14,1003,11
2514,16,267,38,831,14,1044,11
2514,16,267,38,831,14,1068,11
2514,16,267,38,831,14,1153,11
2514,16,267,38,831,14,1186,11
2514,16,267,38,831,14,1194,11
2514,16,267,38,831,14,1259,11
2514,16,267,38,831,14,1260,11
2514,16,267,38,831,14,1312,11
2514,16,267,38,831,14,1388,11
2514,16,267,38,831,14,1391,11
2514,16,267,38,831,14,1422,11
2514,16,267,38,831,14,1556,11
2514,16,267,38,831,14,1568,11
2514,16,267,38,831,14,1599,11
2514,16,267,38,831,14,1747,11
2514,16,267,38,831,14,1773,11
2514,16,267,38,831,14,1799,11
2514,16,267,38,831,14,1818,11
2514,16,267,38,831,14,1873,11
2514,16,267,38,831,14,1940,11
2514,16,267,38,831,14,1956,11
2514,16,267,38,831,14,1997,11
2514,16,267,38,831,14,2068,11
2514,16,267,38,831,14,2079,11
2514,16,267,38,831,14,2123,11
2514,16,267,38,831,14,2196,11
2514,16,267,38,831,14,2206,11
2514,16,267,38,831,14,2216,11
2514,16,267,38,831,14,2244,11
2514,16,267,38,831,14,2259,11
2514,16,267,38,831,14,2261,11
2514,16,267,38,831,14,2289,11
2514,16,267,38,831,14,2359,11
2514,16,267,38,831,14,2370,11
2514,16,267,38,831,14,2405,11
2514,16,267,38,1141,47,45,11
2514,16,267,38,1141,47,159,11
2514,16,267,38,1141,47,272,11
2514,16,267,38,1141,47,338,11
2514,16,267,38,1141,47,390,11
2514,16,267,38,1141,47,457,11
2514,16,267,38,1141,47,463,11
2514,16,267,38,1141,47,620,11
2514,16,267,38,1141,47,700,11
2514,16,267,38,1141,47,742,11
2514,16,267,38,1141,47,758,11
2514,16,267,38,1141,47,879,11
2514,16,267,38,1141,47,927,11
2514,16,267,38,1141,47,979,11
2514,16,267,38,1141,47,1003,11
2514,16,267,38,1141,47,1044,11
2514,16,267,38,1141,47,1068,11
2514,16,267,38,1141,47,1153,11
2514,16,267,38,1141,47,1186,11
2514,16,267,38,1141,47,1194,11
2514,16,267,38,1141,47,1259,11
2514,16,267,38,1141,47,1260,11
2514,16,267,38,1141,47,1312,11
2514,16,267,38,1141,47,1388,11
2514,16,267,38,1141,47,1391,11
2514,16,267,38,1141,47,1422,11
2514,16,267,38,1141,47,1556,11
2514,16,267,38,1141,47,1568,11
2514,16,267,38,1141,47,1599,11
2514,16,267,38,1141,47,1747,11
2514,16,267,38,1141,47,1773,11
2514,16,267,38,1141,47,1799,11
2514,16,267,38,1141,47,1818,11
2514,16,267,38,1141,47,1873,11
2514,16,267,38,1141,47,1940,11
2514,16,267,38,1141,47,1956,11
2514,16,267,38,1141,47,1997,11
2514,16,267,38,1141,47,2068,11
2514,16,267,38,1141,47,2079,11
2514,16,267,38,1141,47,2123,11
2514,16,267,38,1141,47,2196,11
2514,16,267,38,1141,47,2206,11
2514,16,267,38,1141,47,2216,11
2514,16,267,38,1141,47,2244,11
2514,16,267,38,1141,47,2259,11
2514,16,267,38,1141,47,2261,11
2514,16,267,38,1141,47,2289,11
2514,16,267,38,1141,47,2359,11
2514,16,267,38,1141,47,2370,11
2514,16,267,38,1141,47,2405,11
2514,16,267,38,1417,49,45,11
2514,16,267,38,1417,49,159,11
2514,16,267,38,1417,49,272,11
2514,16,267,38,1417,49,338,11
2514,16,267,38,1417,49,390,11
2514,16,267,38,1417,49,457,11
2514,16,267,38,1417,49,463,11
2514,16,267,38,1417,49,620,11
2514,16,267,38,1417,49,700,11
2514,16,267,38,1417,49,742,11
2514,16,267,38,1417,49,758,11
2514,16,267,38,1417,49,879,11
2514,16,267,38,1417,49,927,11
2514,16,267,38,1417,49,979,11
2514,16,267,38,1417,49,1003,11
2514,16,267,38,1417,49,1044,11
2514,16,267,38,1417,49,1068,11
2514,16,267,38,1417,49,1153,11
2514,16,267,38,1417,49,1186,11
2514,16,267,38,1417,49,1194,11
2514,16,267,38,1417,49,1259,11
2514,16,267,38,1417,49,1260,11
2514,16,267,38,1417,49,1312,11
2514,16,267,38,1417,49,1388,11
2514,16,267,38,1417,49,1391,11
2514,16,267,38,1417,49,1422,11
2514,16,267,38,1417,49,1556,11
2514,16,267,38,1417,49,1568,11
2514,16,267,38,1417,49,1599,11
2514,16,267,38,1417,49,1747,11
2514,16,267,38,1417,49,1773,11
2514,16,267,38,1417,49,1799,11
2514,16,267,38,1417,49,1818,11
2514,16,267,38,1417,49,1873,11
2514,16,267,38,1417,49,1940,11
2514,16,267,38,1417,49,1956,11
2514,16,267,38,1417,49,1997,11
2514,16,267,38,1417,49,2068,11
2514,16,267,38,1417,49,2079,11
2514,16,267,38,1417,49,2123,11
2514,16,267,38,1417,49,2196,11
2514,16,267,38,1417,49,2206,11
2514,16,267,38,1417,49,2216,11
2514,16,267,38,1417,49,2244,11
2514,16,267,38,1417,49,2259,11
2514,16,267,38,1417,49,2261,11
2514,16,267,38,1417,49,2289,11
2514,16,267,38,1417,49,2359,11
2514,16,267,38,1417,49,2370,11
2514,16,267,38,1417,49,2405,11
2514,16,267,38,1563,11,45,11
2514,16,267,38,1563,11,159,11
2514,16,267,38,1563,11,272,11
2514,16,267,38,1563,11,338,11
2514,16,267,38,1563,11,390,11
2514,16,267,38,1563,11,457,11
2514,16,267,38,1563,11,463,11
2514,16,267,38,1563,11,620,11
2514,16,267,38,1563,11,700,11
2514,16,267,38,1563,11,742,11
2514,16,267,38,1563,11,758,11
2514,16,267,38,1563,11,879,11
2514,16,267,38,1563,11,927,11
2514,16,267,38,1563,11,979,11
2514,16,267,38,1563,11,1003,11
2514,16,267,38,1563,11,1044,11
2514,16,267,38,1563,11,1068,11
2514,16,267,38,1563,11,1153,11
2514,16,267,38,1563,11,1186,11
2514,16,267,38,1563,11,1194,11
2514,16,267,38,1563,11,1259,11
2514,16,267,38,1563,11,1260,11
2514,16,267,38,1563,11,1312,11
2514,16,267,38,1563,11,1388,11
2514,16,267,38,1563,11,1391,11
2514,16,267,38,1563,11,1422,11
2514,16,267,38,1563,11,1556,11
2514,16,267,38,1563,11,1568,11
2514,16,267,38,1563,11,1599,11
2514,16,267,38,1563,11,1747,11
2514,16,267,38,1563,11,1773,11
2514,16,267,38,1563,11,1799,11
2514,16,267,38,1563,11,1818,11
2514,16,267,38,1563,11,1873,11
2514,16,267,38,1563,11,1940,11
2514,16,267,38,1563,11,1956,11
2514,16,267,38,1563,11,1997,11
2514,16,267,38,1563,11,2068,11
2514,16,267,38,1563,11,2079,11
2514,16,267,38,1563,11,2123,11
2514,16,267,38,1563,11,2196,11
2514,16,267,38,1563,11,2206,11
2514,16,267,38,1563,11,2216,11
2514,16,267,38,1563,11,2244,11
2514,16,267,38,1563,11,2259,11
2514,16,267,38,1563,11,2261,11
2514,16,267,38,1563,11,2289,11
2514,16,267,38,1563,11,2359,11
2514,16,267,38,1563,11,2370,11
2514,16,267,38,1563,11,2405,11
2514,16,267,38,1651,30,159,11
2514,16,267,38,1651,30,272,11
2514,16,267,38,1651,30,457,11
2514,16,267,38,1651,30,463,11
2514,16,267,38,1651,30,700,11
2514,16,267,38,1651,30,879,11
2514,16,267,38,1651,30,927,11
2514,16,267,38,1651,30,1003,11
2514,16,267,38,1651,30,1068,11
2514,16,267,38,1651,30,1153,11
2514,16,267,38,1651,30,1194,11
2514,16,267,38,1651,30,1260,11
2514,16,267,38,1651,30,1388,11
2514,16,267,38,1651,30,1391,11
2514,16,267,38,1651,30,1422,11
2514,16,267,38,1651,30,1556,11
2514,16,267,38,1651,30,1568,11
2514,16,267,38,1651,30,1599,11
2514,16,267,38,1651,30,1747,11
2514,16,267,38,1651,30,1818,11
2514,16,267,38,1651,30,1873,11
2514,16,267,38,1651,30,1940,11
2514,16,267,38,1651,30,2068,11
2514,16,267,38,1651,30,2079,11
2514,16,267,38,1651,30,2123,11
2514,16,267,38,1651,30,2196,11
2514,16,267,38,1651,30,2216,11
2514,16,267,38,1651,30,2259,11
2514,16,267,38,1651,30,2370,11
2514,16,267,38,1651,30,2405,11
2514,16,267,38,1846,27,45,11
2514,16,267,38,1846,27,159,11
2514,16,267,38,1846,27,272,11
2514,16,267,38,1846,27,338,11
2514,16,267,38,1846,27,390,11
2514,16,267,38,1846,27,457,11
2514,16,267,38,1846,27,463,11
2514,16,267,38,1846,27,620,11
2514,16,267,38,1846,27,700,11
2514,16,267,38,1846,27,742,11
2514,16,267,38,1846,27,758,11
2514,16,267,38,1846,27,879,11
2514,16,267,38,1846,27,927,11
2514,16,267,38,1846,27,979,11
2514,16,267,38,1846,27,1003,11
2514,16,267,38,1846,27,1044,11
2514,16,267,38,1846,27,1068,11
2514,16,267,38,1846,27,1153,11
2514,16,267,38,1846,27,1186,11
2514,16,267,38,1846,27,1194,11
2514,16,267,38,1846,27,1259,11
2514,16,267,38,1846,27,1260,11
2514,16,267,38,1846,27,1312,11
2514,16,267,38,1846,27,1388,11
2514,16,267,38,1846,27,1391,11
2514,16,267,38,1846,27,1422,11
2514,16,267,38,1846,27,1556,11
2514,16,267,38,1846,27,1568,11
2514,16,267,38,1846,27,1599,11
2514,16,267,38,1846,27,1747,11
2514,16,267,38,1846,27,1773,11
2514,16,267,38,1846,27,1799,11
2514,16,267,38,1846,27,1818,11
2514,16,267,38,1846,27,1873,11
2514,16,267,38,1846,27,1940,11
2514,16,267,38,1846,27,1956,11
2514,16,267,38,1846,27,1997,11
2514,16,267,38,1846,27,2068,11
2514,16,267,38,1846,27,2079,11
2514,16,267,38,1846,27,2123,11
2514,16,267,38,1846,27,2196,11
2514,16,267,38,1846,27,2206,11
2514,16,267,38,1846,27,2216,11
2514,16,267,38,1846,27,2244,11
2514,16,267,38,1846,27,2259,11
2514,16,267,38,1846,27,2261,11
2514,16,267,38,1846,27,2289,11
2514,16,267,38,1846,27,2359,11
2514,16,267,38,1846,27,2370,11
2514,16,267,38,1846,27,2405,11
2514,16,267,38,1883,32,45,11
2514,16,267,38,1883,32,159,11
2514,16,267,38,1883,32,272,11
2514,16,267,38,1883,32,338,11
2514,16,267,38,1883,32,390,11
2514,16,267,38,1883,32,457,11
2514,16,267,38,1883,32,463,11
2514,16,267,38,1883,32,620,11
2514,16,267,38,1883,32,700,11
2514,16,267,38,1883,32,742,11
2514,16,267,38,1883,32,758,11
2514,16,267,38,1883,32,879,11
2514,16,267,38,1883,32,927,11
2514,16,267,38,1883,32,979,11
2514,16,267,38,1883,32,1003,11
2514,16,267,38,1883,32,1044,11
2514,16,267,38,1883,32,1068,11
2514,16,267,38,1883,32,1153,11
2514,16,267,38,1883,32,1186,11
2514,16,267,38,1883,32,1194,11
2514,16,267,38,1883,32,1259,11
2514,16,267,38,1883,32,1260,11
2514,16,267,38,1883,32,1312,11
2514,16,267,38,1883,32,1388,11
2514,16,267,38,1883,32,1391,11
2514,16,267,38,1883,32,1422,11
2514,16,267,38,1883,32,1556,11
2514,16,267,38,1883,32,1568,11
2514,16,267,38,1883,32,1599,11
2514,16,267,38,1883,32,1747,11
2514,16,267,38,1883,32,1773,11
2514,16,267,38,1883,32,1799,11
2514,16,267,38,1883,32,1818,11
2514,16,267,38,1883,32,1873,11
2514,16,267,38,1883,32,1940,11
2514,16,267,38,1883,32,1956,11
2514,16,267,38,1883,32,1997,11
2514,16,267,38,1883,32,2068,11
2514,16,267,38,1883,32,2079,11
2514,16,267,38,1883,32,2123,11
2514,16,267,38,1883,32,2196,11
2514,16,267,38,1883,32,2206,11
2514,16,267,38,1883,32,2216,11
2514,16,267,38,1883,32,2244,11
2514,16,267,38,1883,32,2259,11
2514,16,267,38,1883,32,2261,11
2514,16,267,38,1883,32,2289,11
2514,16,267,38,1883,32,2359,11
2514,16,267,38,1883,32,2370,11
2514,16,267,38,1883,32,2405,11
