2514,16,1405,24,13,39,45,11
2514,16,1405,24,13,39,159,11
2514,16,1405,24,13,39,272,11
2514,16,1405,24,13,39,338,11
2514,16,1405,24,13,39,390,11
2514,16,1405,24,13,39,457,11
2514,16,1405,24,13,39,463,11
2514,16,1405,24,13,39,620,11
2514,16,1405,24,13,39,700,11
2514,16,1405,24,13,39,742,11
2514,16,1405,24,13,39,758,11
2514,16,1405,24,13,39,879,11
2514,16,1405,24,13,39,927,11
2514,16,1405,24,13,39,979,11
2514,16,1405,24,13,39,1003,11
2514,16,1405,24,13,39,1044,11
2514,16,1405,24,13,39,1068,11
2514,16,1405,24,13,39,1153,11
2514,16,1405,24,13,39,1186,11
2514,16,1405,24,13,39,1194,11
2514,16,1405,24,13,39,1259,11
2514,16,1405,24,13,39,1260,11
2514,16,1405,24,13,39,1312,11
2514,16,1405,24,13,39,1388,11
2514,16,1405,24,13,39,1391,11
2514,16,1405,24,13,39,1422,11
2514,16,1405,24,13,39,1556,11
2514,16,1405,24,13,39,1568,11
2514,16,1405,24,13,39,1599,11
2514,16,1405,24,13,39,1747,11
2514,16,1405,24,13,39,1773,11
2514,16,1405,24,13,39,1799,11
2514,16,1405,24,13,39,1818,11
2514,16,1405,24,13,39,1873,11
2514,16,1405,24,13,39,1940,11
2514,16,1405,24,13,39,1956,11
2514,16,1405,24,13,39,1997,11
2514,16,1405,24,13,39,2068,11
2514,16,1405,24,13,39,2079,11
2514,16,1405,24,13,39,2123,11
2514,16,1405,24,13,39,2196,11
2514,16,1405,24,13,39,2206,11
2514,16,1405,24,13,39,2216,11
2514,16,1405,24,13,39,2244,11
2514,16,1405,24,13,39,2259,11
2514,16,1405,24,13,39,2261,11
2514,16,1405,24,13,39,2289,11
2514,16,1405,24,13,39,2359,11
2514,16,1405,24,13,39,2370,11
2514,16,1405,24,13,39,2405,11
2514,16,1405,24,133,27,45,11
2514,16,1405,24,133,27,159,11
2514,16,1405,24,133,27,272,11
2514,16,1405,24,133,27,338,11
2514,16,1405,24,133,27,390,11
2514,16,1405,24,133,27,457,11
2514,16,1405,24,133,27,463,11
2514,16,1405,24,133,27,620,11
2514,16,1405,24,133,27,700,11
2514,16,1405,24,133,27,742,11
2514,16,1405,24,133,27,758,11
2514,16,1405,24,133,27,879,11
2514,16,1405,24,133,27,927,11
2514,16,1405,24,133,27,979,11
2514,16,1405,24,133,27,1003,11
2514,16,1405,24,133,27,1044,11
2514,16,1405,24,133,27,1068,11
2514,16,1405,24,133,27,1153,11
2514,16,1405,24,133,27,1186,11
2514,16,1405,24,133,27,1194,11
2514,16,1405,24,133,27,1259,11
2514,16,1405,24,133,27,1260,11
2514,16,1405,24,133,27,1312,11
2514,16,1405,24,133,27,1388,11
2514,16,1405,24,133,27,1391,11
2514,16,1405,24,133,27,1422,11
2514,16,1405,24,133,27,1556,11
2514,16,1405,24,133,27,1568,11
2514,16,1405,24,133,27,1599,11
2514,16,1405,24,133,27,1747,11
2514,16,1405,24,133,27,1773,11
2514,16,1405,24,133,27,1799,11
2514,16,1405,24,133,27,1818,11
2514,16,1405,24,133,27,1873,11
2514,16,1405,24,133,27,1940,11
2514,16,1405,24,133,27,1956,11
2514,16,1405,24,133,27,1997,11
2514,16,1405,24,133,27,2068,11
2514,16,1405,24,133,27,2079,11
2514,16,1405,24,133,27,2123,11
2514,16,1405,24,133,27,2196,11
2514,16,1405,24,133,27,2206,11
2514,16,1405,24,133,27,2216,11
2514,16,1405,24,133,27,2244,11
2514,16,1405,24,133,27,2259,11
2514,16,1405,24,133,27,2261,11
2514,16,1405,24,133,27,2289,11
2514,16,1405,24,133,27,2359,11
2514,16,1405,24,133,27,2370,11
2514,16,1405,24,133,27,2405,11
2514,16,1405,24,176,21,45,11
2514,16,1405,24,176,21,159,11
2514,16,1405,24,176,21,272,11
2514,16,1405,24,176,21,338,11
2514,16,1405,24,176,21,390,11
2514,16,1405,24,176,21,457,11
2514,16,1405,24,176,21,463,11
2514,16,1405,24,176,21,620,11
2514,16,1405,24,176,21,700,11
2514,16,1405,24,176,21,742,11
2514,16,1405,24,176,21,758,11
2514,16,1405,24,176,21,879,11
2514,16,1405,24,176,21,927,11
2514,16,1405,24,176,21,979,11
2514,16,1405,24,176,21,1003,11
2514,16,1405,24,176,21,1044,11
2514,16,1405,24,176,21,1068,11
2514,16,1405,24,176,21,1153,11
2514,16,1405,24,176,21,1186,11
2514,16,1405,24,176,21,1194,11
2514,16,1405,24,176,21,1259,11
2514,16,1405,24,176,21,1260,11
2514,16,1405,24,176,21,1312,11
2514,16,1405,24,176,21,1388,11
2514,16,1405,24,176,21,1391,11
2514,16,1405,24,176,21,1422,11
2514,16,1405,24,176,21,1556,11
2514,16,1405,24,176,21,1568,11
2514,16,1405,24,176,21,1599,11
2514,16,1405,24,176,21,1747,11
2514,16,1405,24,176,21,1773,11
2514,16,1405,24,176,21,1799,11
2514,16,1405,24,176,21,1818,11
2514,16,1405,24,176,21,1873,11
2514,16,1405,24,176,21,1940,11
2514,16,1405,24,176,21,1956,11
2514,16,1405,24,176,21,1997,11
2514,16,1405,24,176,21,2068,11
2514,16,1405,24,176,21,2079,11
2514,16,1405,24,176,21,2123,11
2514,16,1405,24,176,21,2196,11
2514,16,1405,24,176,21,2206,11
2514,16,1405,24,176,21,2216,11
2514,16,1405,24,176,21,2244,11
2514,16,1405,24,176,21,2259,11
2514,16,1405,24,176,21,2261,11
2514,16,1405,24,176,21,2289,11
2514,16,1405,24,176,21,2359,11
2514,16,1405,24,176,21,2370,11
2514,16,1405,24,176,21,2405,11
2514,16,1405,24,222,16,45,11
2514,16,1405,24,222,16,159,11
2514,16,1405,24,222,16,272,11
2514,16,1405,24,222,16,338,11
2514,16,1405,24,222,16,390,11
2514,16,1405,24,222,16,457,11
2514,16,1405,24,222,16,463,11
2514,16,1405,24,222,16,620,11
2514,16,1405,24,222,16,700,11
2514,16,1405,24,222,16,742,11
2514,16,1405,24,222,16,758,11
2514,16,1405,24,222,16,879,11
2514,16,1405,24,222,16,927,11
2514,16,1405,24,222,16,979,11
2514,16,1405,24,222,16,1003,11
2514,16,1405,24,222,16,1044,11
2514,16,1405,24,222,16,1068,11
2514,16,1405,24,222,16,1153,11
2514,16,1405,24,222,16,1186,11
2514,16,1405,24,222,16,1194,11
2514,16,1405,24,222,16,1259,11
2514,16,1405,24,222,16,1260,11
2514,16,1405,24,222,16,1312,11
2514,16,1405,24,222,16,1388,11
2514,16,1405,24,222,16,1391,11
2514,16,1405,24,222,16,1422,11
2514,16,1405,24,222,16,1556,11
2514,16,1405,24,222,16,1568,11
2514,16,1405,24,222,16,1599,11
2514,16,1405,24,222,16,1747,11
2514,16,1405,24,222,16,1773,11
2514,16,1405,24,222,16,1799,11
2514,16,1405,24,222,16,1818,11
2514,16,1405,24,222,16,1873,11
2514,16,1405,24,222,16,1940,11
2514,16,1405,24,222,16,1956,11
2514,16,1405,24,222,16,1997,11
2514,16,1405,24,222,16,2068,11
2514,16,1405,24,222,16,2079,11
2514,16,1405,24,222,16,2123,11
2514,16,1405,24,222,16,2196,11
2514,16,1405,24,222,16,2206,11
2514,16,1405,24,222,16,2216,11
2514,16,1405,24,222,16,2244,11
2514,16,1405,24,222,16,2259,11
2514,16,1405,24,222,16,2261,11
2514,16,1405,24,222,16,2289,11
2514,16,1405,24,222,16,2359,11
2514,16,1405,24,222,16,2370,11
2514,16,1405,24,222,16,2405,11
2514,16,1405,24,640,22,45,11
2514,16,1405,24,640,22,159,11
2514,16,1405,24,640,22,272,11
2514,16,1405,24,640,22,338,11
2514,16,1405,24,640,22,390,11
2514,16,1405,24,640,22,457,11
2514,16,1405,24,640,22,463,11
2514,16,1405,24,640,22,620,11
2514,16,1405,24,640,22,700,11
2514,16,1405,24,640,22,742,11
2514,16,1405,24,640,22,758,11
2514,16,1405,24,640,22,879,11
2514,16,1405,24,640,22,927,11
2514,16,1405,24,640,22,979,11
2514,16,1405,24,640,22,1003,11
2514,16,1405,24,640,22,1044,11
2514,16,1405,24,640,22,1068,11
2514,16,1405,24,640,22,1153,11
2514,16,1405,24,640,22,1186,11
2514,16,1405,24,640,22,1194,11
2514,16,1405,24,640,22,1259,11
2514,16,1405,24,640,22,1260,11
2514,16,1405,24,640,22,1312,11
2514,16,1405,24,640,22,1388,11
2514,16,1405,24,640,22,1391,11
2514,16,1405,24,640,22,1422,11
2514,16,1405,24,640,22,1556,11
2514,16,1405,24,640,22,1568,11
2514,16,1405,24,640,22,1599,11
2514,16,1405,24,640,22,1747,11
2514,16,1405,24,640,22,1773,11
2514,16,1405,24,640,22,1799,11
2514,16,1405,24,640,22,1818,11
2514,16,1405,24,640,22,1873,11
2514,16,1405,24,640,22,1940,11
2514,16,1405,24,640,22,1956,11
2514,16,1405,24,640,22,1997,11
2514,16,1405,24,640,22,2068,11
2514,16,1405,24,640,22,2079,11
2514,16,1405,24,640,22,2123,11
2514,16,1405,24,640,22,2196,11
2514,16,1405,24,640,22,2206,11
2514,16,1405,24,640,22,2216,11
2514,16,1405,24,640,22,2244,11
2514,16,1405,24,640,22,2259,11
2514,16,1405,24,640,22,2261,11
2514,16,1405,24,640,22,2289,11
2514,16,1405,24,640,22,2359,11
2514,16,1405,24,640,22,2370,11
2514,16,1405,24,640,22,2405,11
2514,16,1405,24,721,15,45,11
2514,16,1405,24,721,15,159,11
2514,16,1405,24,721,15,272,11
2514,16,1405,24,721,15,338,11
2514,16,1405,24,721,15,390,11
2514,16,1405,24,721,15,457,11
2514,16,1405,24,721,15,463,11
2514,16,1405,24,721,15,620,11
2514,16,1405,24,721,15,700,11
2514,16,1405,24,721,15,742,11
2514,16,1405,24,721,15,758,11
2514,16,1405,24,721,15,879,11
2514,16,1405,24,721,15,927,11
2514,16,1405,24,721,15,979,11
2514,16,1405,24,721,15,1003,11
2514,16,1405,24,721,15,1044,11
2514,16,1405,24,721,15,1068,11
2514,16,1405,24,721,15,1153,11
2514,16,1405,24,721,15,1186,11
2514,16,1405,24,721,15,1194,11
2514,16,1405,24,721,15,1259,11
2514,16,1405,24,721,15,1260,11
2514,16,1405,24,721,15,1312,11
2514,16,1405,24,721,15,1388,11
2514,16,1405,24,721,15,1391,11
2514,16,1405,24,721,15,1422,11
2514,16,1405,24,721,15,1556,11
2514,16,1405,24,721,15,1568,11
2514,16,1405,24,721,15,1599,11
2514,16,1405,24,721,15,1747,11
2514,16,1405,24,721,15,1773,11
2514,16,1405,24,721,15,1799,11
2514,16,1405,24,721,15,1818,11
2514,16,1405,24,721,15,1873,11
2514,16,1405,24,721,15,1940,11
2514,16,1405,24,721,15,1956,11
2514,16,1405,24,721,15,1997,11
2514,16,1405,24,721,15,2068,11
2514,16,1405,24,721,15,2079,11
2514,16,1405,24,721,15,2123,11
2514,16,1405,24,721,15,2196,11
2514,16,1405,24,721,15,2206,11
2514,16,1405,24,721,15,2216,11
2514,16,1405,24,721,15,2244,11
2514,16,1405,24,721,15,2259,11
2514,16,1405,24,721,15,2261,11
2514,16,1405,24,721,15,2289,11
2514,16,1405,24,721,15,2359,11
2514,16,1405,24,721,15,2370,11
2514,16,1405,24,721,15,2405,11
2514,16,1405,24,773,49,45,11
2514,16,1405,24,773,49,159,11
2514,16,1405,24,773,49,272,11
2514,16,1405,24,773,49,338,11
2514,16,1405,24,773,49,390,11
2514,16,1405,24,773,49,457,11
2514,16,1405,24,773,49,463,11
2514,16,1405,24,773,49,620,11
2514,16,1405,24,773,49,700,11
2514,16,1405,24,773,49,742,11
2514,16,1405,24,773,49,758,11
2514,16,1405,24,773,49,879,11
2514,16,1405,24,773,49,927,11
2514,16,1405,24,773,49,979,11
2514,16,1405,24,773,49,1003,11
2514,16,1405,24,773,49,1044,11
2514,16,1405,24,773,49,1068,11
2514,16,1405,24,773,49,1153,11
2514,16,1405,24,773,49,1186,11
2514,16,1405,24,773,49,1194,11
2514,16,1405,24,773,49,1259,11
2514,16,1405,24,773,49,1260,11
2514,16,1405,24,773,49,1312,11
2514,16,1405,24,773,49,1388,11
2514,16,1405,24,773,49,1391,11
2514,16,1405,24,773,49,1422,11
2514,16,1405,24,773,49,1556,11
2514,16,1405,24,773,49,1568,11
2514,16,1405,24,773,49,1599,11
2514,16,1405,24,773,49,1747,11
2514,16,1405,24,773,49,1773,11
2514,16,1405,24,773,49,1799,11
2514,16,1405,24,773,49,1818,11
2514,16,1405,24,773,49,1873,11
2514,16,1405,24,773,49,1940,11
2514,16,1405,24,773,49,1956,11
2514,16,1405,24,773,49,1997,11
2514,16,1405,24,773,49,2068,11
2514,16,1405,24,773,49,2079,11
2514,16,1405,24,773,49,2123,11
2514,16,1405,24,773,49,2196,11
2514,16,1405,24,773,49,2206,11
2514,16,1405,24,773,49,2216,11
2514,16,1405,24,773,49,2244,11
2514,16,1405,24,773,49,2259,11
2514,16,1405,24,773,49,2261,11
2514,16,1405,24,773,49,2289,11
2514,16,1405,24,773,49,2359,11
2514,16,1405,24,773,49,2370,11
2514,16,1405,24,773,49,2405,11
2514,16,1405,24,872,26,45,11
2514,16,1405,24,872,26,159,11
2514,16,1405,24,872,26,272,11
2514,16,1405,24,872,26,338,11
2514,16,1405,24,872,26,390,11
2514,16,1405,24,872,26,457,11
2514,16,1405,24,872,26,463,11
2514,16,1405,24,872,26,620,11
2514,16,1405,24,872,26,700,11
2514,16,1405,24,872,26,742,11
2514,16,1405,24,872,26,758,11
2514,16,1405,24,872,26,879,11
2514,16,1405,24,872,26,927,11
2514,16,1405,24,872,26,979,11
2514,16,1405,24,872,26,1003,11
2514,16,1405,24,872,26,1044,11
2514,16,1405,24,872,26,1068,11
2514,16,1405,24,872,26,1153,11
2514,16,1405,24,872,26,1186,11
2514,16,1405,24,872,26,1194,11
2514,16,1405,24,872,26,1259,11
2514,16,1405,24,872,26,1260,11
2514,16,1405,24,872,26,1312,11
2514,16,1405,24,872,26,1388,11
2514,16,1405,24,872,26,1391,11
2514,16,1405,24,872,26,1422,11
2514,16,1405,24,872,26,1556,11
2514,16,1405,24,872,26,1568,11
2514,16,1405,24,872,26,1599,11
2514,16,1405,24,872,26,1747,11
2514,16,1405,24,872,26,1773,11
2514,16,1405,24,872,26,1799,11
2514,16,1405,24,872,26,1818,11
2514,16,1405,24,872,26,1873,11
2514,16,1405,24,872,26,1940,11
2514,16,1405,24,872,26,1956,11
2514,16,1405,24,872,26,1997,11
2514,16,1405,24,872,26,2068,11
2514,16,1405,24,872,26,2079,11
2514,16,1405,24,872,26,2123,11
2514,16,1405,24,872,26,2196,11
2514,16,1405,24,872,26,2206,11
2514,16,1405,24,872,26,2216,11
2514,16,1405,24,872,26,2244,11
2514,16,1405,24,872,26,2259,11
2514,16,1405,24,872,26,2261,11
2514,16,1405,24,872,26,2289,11
2514,16,1405,24,872,26,2359,11
2514,16,1405,24,872,26,2370,11
2514,16,1405,24,872,26,2405,11
2514,16,1405,24,1161,13,45,11
2514,16,1405,24,1161,13,159,11
2514,16,1405,24,1161,13,272,11
2514,16,1405,24,1161,13,338,11
2514,16,1405,24,1161,13,390,11
2514,16,1405,24,1161,13,457,11
2514,16,1405,24,1161,13,463,11
2514,16,1405,24,1161,13,620,11
2514,16,1405,24,1161,13,700,11
2514,16,1405,24,1161,13,742,11
2514,16,1405,24,1161,13,758,11
2514,16,1405,24,1161,13,879,11
2514,16,1405,24,1161,13,927,11
2514,16,1405,24,1161,13,979,11
2514,16,1405,24,1161,13,1003,11
2514,16,1405,24,1161,13,1044,11
2514,16,1405,24,1161,13,1068,11
2514,16,1405,24,1161,13,1153,11
2514,16,1405,24,1161,13,1186,11
2514,16,1405,24,1161,13,1194,11
2514,16,1405,24,1161,13,1259,11
2514,16,1405,24,1161,13,1260,11
2514,16,1405,24,1161,13,1312,11
2514,16,1405,24,1161,13,1388,11
2514,16,1405,24,1161,13,1391,11
2514,16,1405,24,1161,13,1422,11
2514,16,1405,24,1161,13,1556,11
2514,16,1405,24,1161,13,1568,11
2514,16,1405,24,1161,13,1599,11
2514,16,1405,24,1161,13,1747,11
2514,16,1405,24,1161,13,1773,11
2514,16,1405,24,1161,13,1799,11
2514,16,1405,24,1161,13,1818,11
2514,16,1405,24,1161,13,1873,11
2514,16,1405,24,1161,13,1940,11
2514,16,1405,24,1161,13,1956,11
2514,16,1405,24,1161,13,1997,11
2514,16,1405,24,1161,13,2068,11
2514,16,1405,24,1161,13,2079,11
2514,16,1405,24,1161,13,2123,11
2514,16,1405,24,1161,13,2196,11
2514,16,1405,24,1161,13,2206,11
2514,16,1405,24,1161,13,2216,11
2514,16,1405,24,1161,13,2244,11
2514,16,1405,24,1161,13,2259,11
2514,16,1405,24,1161,13,2261,11
2514,16,1405,24,1161,13,2289,11
2514,16,1405,24,1161,13,2359,11
2514,16,1405,24,1161,13,2370,11
2514,16,1405,24,1161,13,2405,11
2514,16,1405,24,1407,12,159,11
2514,16,1405,24,1407,12,272,11
2514,16,1405,24,1407,12,338,11
2514,16,1405,24,1407,12,457,11
2514,16,1405,24,1407,12,463,11
2514,16,1405,24,1407,12,700,11
2514,16,1405,24,1407,12,742,11
2514,16,1405,24,1407,12,758,11
2514,16,1405,24,1407,12,879,11
2514,16,1405,24,1407,12,927,11
2514,16,1405,24,1407,12,1003,11
2514,16,1405,24,1407,12,1044,11
2514,16,1405,24,1407,12,1068,11
2514,16,1405,24,1407,12,1153,11
2514,16,1405,24,1407,12,1186,11
2514,16,1405,24,1407,12,1194,11
2514,16,1405,24,1407,12,1259,11
2514,16,1405,24,1407,12,1260,11
2514,16,1405,24,1407,12,1312,11
2514,16,1405,24,1407,12,1388,11
2514,16,1405,24,1407,12,1391,11
2514,16,1405,24,1407,12,1422,11
2514,16,1405,24,1407,12,1556,11
2514,16,1405,24,1407,12,1568,11
2514,16,1405,24,1407,12,1599,11
2514,16,1405,24,1407,12,1747,11
2514,16,1405,24,1407,12,1773,11
2514,16,1405,24,1407,12,1818,11
2514,16,1405,24,1407,12,1873,11
2514,16,1405,24,1407,12,1940,11
2514,16,1405,24,1407,12,1997,11
2514,16,1405,24,1407,12,2068,11
2514,16,1405,24,1407,12,2079,11
2514,16,1405,24,1407,12,2123,11
2514,16,1405,24,1407,12,2196,11
2514,16,1405,24,1407,12,2216,11
2514,16,1405,24,1407,12,2259,11
2514,16,1405,24,1407,12,2289,11
2514,16,1405,24,1407,12,2370,11
2514,16,1405,24,1407,12,2405,11
2514,16,1405,24,1620,29,45,11
2514,16,1405,24,1620,29,159,11
2514,16,1405,24,1620,29,272,11
2514,16,1405,24,1620,29,338,11
2514,16,1405,24,1620,29,390,11
2514,16,1405,24,1620,29,457,11
2514,16,1405,24,1620,29,463,11
2514,16,1405,24,1620,29,620,11
2514,16,1405,24,1620,29,700,11
2514,16,1405,24,1620,29,742,11
2514,16,1405,24,1620,29,758,11
2514,16,1405,24,1620,29,879,11
2514,16,1405,24,1620,29,927,11
2514,16,1405,24,1620,29,979,11
2514,16,1405,24,1620,29,1003,11
2514,16,1405,24,1620,29,1044,11
2514,16,1405,24,1620,29,1068,11
2514,16,1405,24,1620,29,1153,11
2514,16,1405,24,1620,29,1186,11
2514,16,1405,24,1620,29,1194,11
2514,16,1405,24,1620,29,1259,11
2514,16,1405,24,1620,29,1260,11
2514,16,1405,24,1620,29,1312,11
2514,16,1405,24,1620,29,1388,11
2514,16,1405,24,1620,29,1391,11
2514,16,1405,24,1620,29,1422,11
2514,16,1405,24,1620,29,1556,11
2514,16,1405,24,1620,29,1568,11
2514,16,1405,24,1620,29,1599,11
2514,16,1405,24,1620,29,1747,11
2514,16,1405,24,1620,29,1773,11
2514,16,1405,24,1620,29,1799,11
2514,16,1405,24,1620,29,1818,11
2514,16,1405,24,1620,29,1873,11
2514,16,1405,24,1620,29,1940,11
2514,16,1405,24,1620,29,1956,11
2514,16,1405,24,1620,29,1997,11
2514,16,1405,24,1620,29,2068,11
2514,16,1405,24,1620,29,2079,11
2514,16,1405,24,1620,29,2123,11
2514,16,1405,24,1620,29,2196,11
2514,16,1405,24,1620,29,2206,11
2514,16,1405,24,1620,29,2216,11
2514,16,1405,24,1620,29,2244,11
2514,16,1405,24,1620,29,2259,11
2514,16,1405,24,1620,29,2261,11
2514,16,1405,24,1620,29,2289,11
2514,16,1405,24,1620,29,2359,11
2514,16,1405,24,1620,29,2370,11
2514,16,1405,24,1620,29,2405,11
2514,16,1405,24,1885,37,45,11
2514,16,1405,24,1885,37,159,11
2514,16,1405,24,1885,37,272,11
2514,16,1405,24,1885,37,338,11
2514,16,1405,24,1885,37,390,11
2514,16,1405,24,1885,37,457,11
2514,16,1405,24,1885,37,463,11
2514,16,1405,24,1885,37,620,11
2514,16,1405,24,1885,37,700,11
2514,16,1405,24,1885,37,742,11
2514,16,1405,24,1885,37,758,11
2514,16,1405,24,1885,37,879,11
2514,16,1405,24,1885,37,927,11
2514,16,1405,24,1885,37,979,11
2514,16,1405,24,1885,37,1003,11
2514,16,1405,24,1885,37,1044,11
2514,16,1405,24,1885,37,1068,11
2514,16,1405,24,1885,37,1153,11
2514,16,1405,24,1885,37,1186,11
2514,16,1405,24,1885,37,1194,11
2514,16,1405,24,1885,37,1259,11
2514,16,1405,24,1885,37,1260,11
2514,16,1405,24,1885,37,1312,11
2514,16,1405,24,1885,37,1388,11
2514,16,1405,24,1885,37,1391,11
2514,16,1405,24,1885,37,1422,11
2514,16,1405,24,1885,37,1556,11
2514,16,1405,24,1885,37,1568,11
2514,16,1405,24,1885,37,1599,11
2514,16,1405,24,1885,37,1747,11
2514,16,1405,24,1885,37,1773,11
2514,16,1405,24,1885,37,1799,11
2514,16,1405,24,1885,37,1818,11
2514,16,1405,24,1885,37,1873,11
2514,16,1405,24,1885,37,1940,11
2514,16,1405,24,1885,37,1956,11
2514,16,1405,24,1885,37,1997,11
2514,16,1405,24,1885,37,2068,11
2514,16,1405,24,1885,37,2079,11
2514,16,1405,24,1885,37,2123,11
2514,16,1405,24,1885,37,2196,11
2514,16,1405,24,1885,37,2206,11
2514,16,1405,24,1885,37,2216,11
2514,16,1405,24,1885,37,2244,11
2514,16,1405,24,1885,37,2259,11
2514,16,1405,24,1885,37,2261,11
2514,16,1405,24,1885,37,2289,11
2514,16,1405,24,1885,37,2359,11
2514,16,1405,24,1885,37,2370,11
2514,16,1405,24,1885,37,2405,11
2514,16,1405,24,1915,36,45,11
2514,16,1405,24,1915,36,159,11
2514,16,1405,24,1915,36,272,11
2514,16,1405,24,1915,36,338,11
2514,16,1405,24,1915,36,390,11
2514,16,1405,24,1915,36,457,11
2514,16,1405,24,1915,36,463,11
2514,16,1405,24,1915,36,620,11
2514,16,1405,24,1915,36,700,11
2514,16,1405,24,1915,36,742,11
2514,16,1405,24,1915,36,758,11
2514,16,1405,24,1915,36,879,11
2514,16,1405,24,1915,36,927,11
2514,16,1405,24,1915,36,979,11
2514,16,1405,24,1915,36,1003,11
2514,16,1405,24,1915,36,1044,11
2514,16,1405,24,1915,36,1068,11
2514,16,1405,24,1915,36,1153,11
2514,16,1405,24,1915,36,1186,11
2514,16,1405,24,1915,36,1194,11
2514,16,1405,24,1915,36,1259,11
2514,16,1405,24,1915,36,1260,11
2514,16,1405,24,1915,36,1312,11
2514,16,1405,24,1915,36,1388,11
2514,16,1405,24,1915,36,1391,11
2514,16,1405,24,1915,36,1422,11
2514,16,1405,24,1915,36,1556,11
2514,16,1405,24,1915,36,1568,11
2514,16,1405,24,1915,36,1599,11
2514,16,1405,24,1915,36,1747,11
2514,16,1405,24,1915,36,1773,11
2514,16,1405,24,1915,36,1799,11
2514,16,1405,24,1915,36,1818,11
2514,16,1405,24,1915,36,1873,11
2514,16,1405,24,1915,36,1940,11
2514,16,1405,24,1915,36,1956,11
2514,16,1405,24,1915,36,1997,11
2514,16,1405,24,1915,36,2068,11
2514,16,1405,24,1915,36,2079,11
2514,16,1405,24,1915,36,2123,11
2514,16,1405,24,1915,36,2196,11
2514,16,1405,24,1915,36,2206,11
2514,16,1405,24,1915,36,2216,11
2514,16,1405,24,1915,36,2244,11
2514,16,1405,24,1915,36,2259,11
2514,16,1405,24,1915,36,2261,11
2514,16,1405,24,1915,36,2289,11
2514,16,1405,24,1915,36,2359,11
2514,16,1405,24,1915,36,2370,11
2514,16,1405,24,1915,36,2405,11
