2514,16,758,8,417,30,45,11
2514,16,758,8,417,30,159,11
2514,16,758,8,417,30,272,11
2514,16,758,8,417,30,338,11
2514,16,758,8,417,30,390,11
2514,16,758,8,417,30,457,11
2514,16,758,8,417,30,463,11
2514,16,758,8,417,30,620,11
2514,16,758,8,417,30,700,11
2514,16,758,8,417,30,742,11
2514,16,758,8,417,30,758,11
2514,16,758,8,417,30,879,11
2514,16,758,8,417,30,927,11
2514,16,758,8,417,30,979,11
2514,16,758,8,417,30,1003,11
2514,16,758,8,417,30,1044,11
2514,16,758,8,417,30,1068,11
2514,16,758,8,417,30,1153,11
2514,16,758,8,417,30,1186,11
2514,16,758,8,417,30,1194,11
2514,16,758,8,417,30,1259,11
2514,16,758,8,417,30,1260,11
2514,16,758,8,417,30,1312,11
2514,16,758,8,417,30,1388,11
2514,16,758,8,417,30,1391,11
2514,16,758,8,417,30,1422,11
2514,16,758,8,417,30,1556,11
2514,16,758,8,417,30,1568,11
2514,16,758,8,417,30,1599,11
2514,16,758,8,417,30,1747,11
2514,16,758,8,417,30,1773,11
2514,16,758,8,417,30,1799,11
2514,16,758,8,417,30,1818,11
2514,16,758,8,417,30,1873,11
2514,16,758,8,417,30,1940,11
2514,16,758,8,417,30,1956,11
2514,16,758,8,417,30,1997,11
2514,16,758,8,417,30,2068,11
2514,16,758,8,417,30,2079,11
2514,16,758,8,417,30,2123,11
2514,16,758,8,417,30,2196,11
2514,16,758,8,417,30,2206,11
2514,16,758,8,417,30,2216,11
2514,16,758,8,417,30,2244,11
2514,16,758,8,417,30,2259,11
2514,16,758,8,417,30,2261,11
2514,16,758,8,417,30,2289,11
2514,16,758,8,417,30,2359,11
2514,16,758,8,417,30,2370,11
2514,16,758,8,417,30,2405,11
2514,16,758,8,530,12,45,11
2514,16,758,8,530,12,159,11
2514,16,758,8,530,12,272,11
2514,16,758,8,530,12,338,11
2514,16,758,8,530,12,390,11
2514,16,758,8,530,12,457,11
2514,16,758,8,530,12,463,11
2514,16,758,8,530,12,620,11
2514,16,758,8,530,12,700,11
2514,16,758,8,530,12,742,11
2514,16,758,8,530,12,758,11
2514,16,758,8,530,12,879,11
2514,16,758,8,530,12,927,11
2514,16,758,8,530,12,979,11
2514,16,758,8,530,12,1003,11
2514,16,758,8,530,12,1044,11
2514,16,758,8,530,12,1068,11
2514,16,758,8,530,12,1153,11
2514,16,758,8,530,12,1186,11
2514,16,758,8,530,12,1194,11
2514,16,758,8,530,12,1259,11
2514,16,758,8,530,12,1260,11
2514,16,758,8,530,12,1312,11
2514,16,758,8,530,12,1388,11
2514,16,758,8,530,12,1391,11
2514,16,758,8,530,12,1422,11
2514,16,758,8,530,12,1556,11
2514,16,758,8,530,12,1568,11
2514,16,758,8,530,12,1599,11
2514,16,758,8,530,12,1747,11
2514,16,758,8,530,12,1773,11
2514,16,758,8,530,12,1799,11
2514,16,758,8,530,12,1818,11
2514,16,758,8,530,12,1873,11
2514,16,758,8,530,12,1940,11
2514,16,758,8,530,12,1956,11
2514,16,758,8,530,12,1997,11
2514,16,758,8,530,12,2068,11
2514,16,758,8,530,12,2079,11
2514,16,758,8,530,12,2123,11
2514,16,758,8,530,12,2196,11
2514,16,758,8,530,12,2206,11
2514,16,758,8,530,12,2216,11
2514,16,758,8,530,12,2244,11
2514,16,758,8,530,12,2259,11
2514,16,758,8,530,12,2261,11
2514,16,758,8,530,12,2289,11
2514,16,758,8,530,12,2359,11
2514,16,758,8,530,12,2370,11
2514,16,758,8,530,12,2405,11
2514,16,758,8,601,38,45,11
2514,16,758,8,601,38,159,11
2514,16,758,8,601,38,272,11
2514,16,758,8,601,38,338,11
2514,16,758,8,601,38,390,11
2514,16,758,8,601,38,457,11
2514,16,758,8,601,38,463,11
2514,16,758,8,601,38,620,11
2514,16,758,8,601,38,700,11
2514,16,758,8,601,38,742,11
2514,16,758,8,601,38,758,11
2514,16,758,8,601,38,879,11
2514,16,758,8,601,38,927,11
2514,16,758,8,601,38,979,11
2514,16,758,8,601,38,1003,11
2514,16,758,8,601,38,1044,11
2514,16,758,8,601,38,1068,11
2514,16,758,8,601,38,1153,11
2514,16,758,8,601,38,1186,11
2514,16,758,8,601,38,1194,11
2514,16,758,8,601,38,1259,11
2514,16,758,8,601,38,1260,11
2514,16,758,8,601,38,1312,11
2514,16,758,8,601,38,1388,11
2514,16,758,8,601,38,1391,11
2514,16,758,8,601,38,1422,11
2514,16,758,8,601,38,1556,11
2514,16,758,8,601,38,1568,11
2514,16,758,8,601,38,1599,11
2514,16,758,8,601,38,1747,11
2514,16,758,8,601,38,1773,11
2514,16,758,8,601,38,1799,11
2514,16,758,8,601,38,1818,11
2514,16,758,8,601,38,1873,11
2514,16,758,8,601,38,1940,11
2514,16,758,8,601,38,1956,11
2514,16,758,8,601,38,1997,11
2514,16,758,8,601,38,2068,11
2514,16,758,8,601,38,2079,11
2514,16,758,8,601,38,2123,11
2514,16,758,8,601,38,2196,11
2514,16,758,8,601,38,2206,11
2514,16,758,8,601,38,2216,11
2514,16,758,8,601,38,2244,11
2514,16,758,8,601,38,2259,11
2514,16,758,8,601,38,2261,11
2514,16,758,8,601,38,2289,11
2514,16,758,8,601,38,2359,11
2514,16,758,8,601,38,2370,11
2514,16,758,8,601,38,2405,11
2514,16,758,8,657,22,45,11
2514,16,758,8,657,22,159,11
2514,16,758,8,657,22,272,11
2514,16,758,8,657,22,338,11
2514,16,758,8,657,22,390,11
2514,16,758,8,657,22,457,11
2514,16,758,8,657,22,463,11
2514,16,758,8,657,22,620,11
2514,16,758,8,657,22,700,11
2514,16,758,8,657,22,742,11
2514,16,758,8,657,22,758,11
2514,16,758,8,657,22,879,11
2514,16,758,8,657,22,927,11
2514,16,758,8,657,22,979,11
2514,16,758,8,657,22,1003,11
2514,16,758,8,657,22,1044,11
2514,16,758,8,657,22,1068,11
2514,16,758,8,657,22,1153,11
2514,16,758,8,657,22,1186,11
2514,16,758,8,657,22,1194,11
2514,16,758,8,657,22,1259,11
2514,16,758,8,657,22,1260,11
2514,16,758,8,657,22,1312,11
2514,16,758,8,657,22,1388,11
2514,16,758,8,657,22,1391,11
2514,16,758,8,657,22,1422,11
2514,16,758,8,657,22,1556,11
2514,16,758,8,657,22,1568,11
2514,16,758,8,657,22,1599,11
2514,16,758,8,657,22,1747,11
2514,16,758,8,657,22,1773,11
2514,16,758,8,657,22,1799,11
2514,16,758,8,657,22,1818,11
2514,16,758,8,657,22,1873,11
2514,16,758,8,657,22,1940,11
2514,16,758,8,657,22,1956,11
2514,16,758,8,657,22,1997,11
2514,16,758,8,657,22,2068,11
2514,16,758,8,657,22,2079,11
2514,16,758,8,657,22,2123,11
2514,16,758,8,657,22,2196,11
2514,16,758,8,657,22,2206,11
2514,16,758,8,657,22,2216,11
2514,16,758,8,657,22,2244,11
2514,16,758,8,657,22,2259,11
2514,16,758,8,657,22,2261,11
2514,16,758,8,657,22,2289,11
2514,16,758,8,657,22,2359,11
2514,16,758,8,657,22,2370,11
2514,16,758,8,657,22,2405,11
2514,16,758,8,700,23,45,11
2514,16,758,8,700,23,159,11
2514,16,758,8,700,23,272,11
2514,16,758,8,700,23,338,11
2514,16,758,8,700,23,390,11
2514,16,758,8,700,23,457,11
2514,16,758,8,700,23,463,11
2514,16,758,8,700,23,620,11
2514,16,758,8,700,23,700,11
2514,16,758,8,700,23,742,11
2514,16,758,8,700,23,758,11
2514,16,758,8,700,23,879,11
2514,16,758,8,700,23,927,11
2514,16,758,8,700,23,979,11
2514,16,758,8,700,23,1003,11
2514,16,758,8,700,23,1044,11
2514,16,758,8,700,23,1068,11
2514,16,758,8,700,23,1153,11
2514,16,758,8,700,23,1186,11
2514,16,758,8,700,23,1194,11
2514,16,758,8,700,23,1259,11
2514,16,758,8,700,23,1260,11
2514,16,758,8,700,23,1312,11
2514,16,758,8,700,23,1388,11
2514,16,758,8,700,23,1391,11
2514,16,758,8,700,23,1422,11
2514,16,758,8,700,23,1556,11
2514,16,758,8,700,23,1568,11
2514,16,758,8,700,23,1599,11
2514,16,758,8,700,23,1747,11
2514,16,758,8,700,23,1773,11
2514,16,758,8,700,23,1799,11
2514,16,758,8,700,23,1818,11
2514,16,758,8,700,23,1873,11
2514,16,758,8,700,23,1940,11
2514,16,758,8,700,23,1956,11
2514,16,758,8,700,23,1997,11
2514,16,758,8,700,23,2068,11
2514,16,758,8,700,23,2079,11
2514,16,758,8,700,23,2123,11
2514,16,758,8,700,23,2196,11
2514,16,758,8,700,23,2206,11
2514,16,758,8,700,23,2216,11
2514,16,758,8,700,23,2244,11
2514,16,758,8,700,23,2259,11
2514,16,758,8,700,23,2261,11
2514,16,758,8,700,23,2289,11
2514,16,758,8,700,23,2359,11
2514,16,758,8,700,23,2370,11
2514,16,758,8,700,23,2405,11
2514,16,758,8,934,46,45,11
2514,16,758,8,934,46,338,11
2514,16,758,8,934,46,390,11
2514,16,758,8,934,46,620,11
2514,16,758,8,934,46,742,11
2514,16,758,8,934,46,758,11
2514,16,758,8,934,46,979,11
2514,16,758,8,934,46,1044,11
2514,16,758,8,934,46,1186,11
2514,16,758,8,934,46,1259,11
2514,16,758,8,934,46,1312,11
2514,16,758,8,934,46,1773,11
2514,16,758,8,934,46,1799,11
2514,16,758,8,934,46,1956,11
2514,16,758,8,934,46,1997,11
2514,16,758,8,934,46,2206,11
2514,16,758,8,934,46,2244,11
2514,16,758,8,934,46,2261,11
2514,16,758,8,934,46,2289,11
2514,16,758,8,934,46,2359,11
2514,16,758,8,1109,33,45,11
2514,16,758,8,1109,33,159,11
2514,16,758,8,1109,33,272,11
2514,16,758,8,1109,33,338,11
2514,16,758,8,1109,33,390,11
2514,16,758,8,1109,33,457,11
2514,16,758,8,1109,33,463,11
2514,16,758,8,1109,33,620,11
2514,16,758,8,1109,33,700,11
2514,16,758,8,1109,33,742,11
2514,16,758,8,1109,33,758,11
2514,16,758,8,1109,33,879,11
2514,16,758,8,1109,33,927,11
2514,16,758,8,1109,33,979,11
2514,16,758,8,1109,33,1003,11
2514,16,758,8,1109,33,1044,11
2514,16,758,8,1109,33,1068,11
2514,16,758,8,1109,33,1153,11
2514,16,758,8,1109,33,1186,11
2514,16,758,8,1109,33,1194,11
2514,16,758,8,1109,33,1259,11
2514,16,758,8,1109,33,1260,11
2514,16,758,8,1109,33,1312,11
2514,16,758,8,1109,33,1388,11
2514,16,758,8,1109,33,1391,11
2514,16,758,8,1109,33,1422,11
2514,16,758,8,1109,33,1556,11
2514,16,758,8,1109,33,1568,11
2514,16,758,8,1109,33,1599,11
2514,16,758,8,1109,33,1747,11
2514,16,758,8,1109,33,1773,11
2514,16,758,8,1109,33,1799,11
2514,16,758,8,1109,33,1818,11
2514,16,758,8,1109,33,1873,11
2514,16,758,8,1109,33,1940,11
2514,16,758,8,1109,33,1956,11
2514,16,758,8,1109,33,1997,11
2514,16,758,8,1109,33,2068,11
2514,16,758,8,1109,33,2079,11
2514,16,758,8,1109,33,2123,11
2514,16,758,8,1109,33,2196,11
2514,16,758,8,1109,33,2206,11
2514,16,758,8,1109,33,2216,11
2514,16,758,8,1109,33,2244,11
2514,16,758,8,1109,33,2259,11
2514,16,758,8,1109,33,2261,11
2514,16,758,8,1109,33,2289,11
2514,16,758,8,1109,33,2359,11
2514,16,758,8,1109,33,2370,11
2514,16,758,8,1109,33,2405,11
2514,16,758,8,1148,10,45,11
2514,16,758,8,1148,10,159,11
2514,16,758,8,1148,10,272,11
2514,16,758,8,1148,10,338,11
2514,16,758,8,1148,10,390,11
2514,16,758,8,1148,10,457,11
2514,16,758,8,1148,10,463,11
2514,16,758,8,1148,10,620,11
2514,16,758,8,1148,10,700,11
2514,16,758,8,1148,10,742,11
2514,16,758,8,1148,10,758,11
2514,16,758,8,1148,10,879,11
2514,16,758,8,1148,10,927,11
2514,16,758,8,1148,10,979,11
2514,16,758,8,1148,10,1003,11
2514,16,758,8,1148,10,1044,11
2514,16,758,8,1148,10,1068,11
2514,16,758,8,1148,10,1153,11
2514,16,758,8,1148,10,1186,11
2514,16,758,8,1148,10,1194,11
2514,16,758,8,1148,10,1259,11
2514,16,758,8,1148,10,1260,11
2514,16,758,8,1148,10,1312,11
2514,16,758,8,1148,10,1388,11
2514,16,758,8,1148,10,1391,11
2514,16,758,8,1148,10,1422,11
2514,16,758,8,1148,10,1556,11
2514,16,758,8,1148,10,1568,11
2514,16,758,8,1148,10,1599,11
2514,16,758,8,1148,10,1747,11
2514,16,758,8,1148,10,1773,11
2514,16,758,8,1148,10,1799,11
2514,16,758,8,1148,10,1818,11
2514,16,758,8,1148,10,1873,11
2514,16,758,8,1148,10,1940,11
2514,16,758,8,1148,10,1956,11
2514,16,758,8,1148,10,1997,11
2514,16,758,8,1148,10,2068,11
2514,16,758,8,1148,10,2079,11
2514,16,758,8,1148,10,2123,11
2514,16,758,8,1148,10,2196,11
2514,16,758,8,1148,10,2206,11
2514,16,758,8,1148,10,2216,11
2514,16,758,8,1148,10,2244,11
2514,16,758,8,1148,10,2259,11
2514,16,758,8,1148,10,2261,11
2514,16,758,8,1148,10,2289,11
2514,16,758,8,1148,10,2359,11
2514,16,758,8,1148,10,2370,11
2514,16,758,8,1148,10,2405,11
2514,16,758,8,1445,23,45,11
2514,16,758,8,1445,23,159,11
2514,16,758,8,1445,23,272,11
2514,16,758,8,1445,23,338,11
2514,16,758,8,1445,23,390,11
2514,16,758,8,1445,23,457,11
2514,16,758,8,1445,23,463,11
2514,16,758,8,1445,23,620,11
2514,16,758,8,1445,23,700,11
2514,16,758,8,1445,23,742,11
2514,16,758,8,1445,23,758,11
2514,16,758,8,1445,23,879,11
2514,16,758,8,1445,23,927,11
2514,16,758,8,1445,23,979,11
2514,16,758,8,1445,23,1003,11
2514,16,758,8,1445,23,1044,11
2514,16,758,8,1445,23,1068,11
2514,16,758,8,1445,23,1153,11
2514,16,758,8,1445,23,1186,11
2514,16,758,8,1445,23,1194,11
2514,16,758,8,1445,23,1259,11
2514,16,758,8,1445,23,1260,11
2514,16,758,8,1445,23,1312,11
2514,16,758,8,1445,23,1388,11
2514,16,758,8,1445,23,1391,11
2514,16,758,8,1445,23,1422,11
2514,16,758,8,1445,23,1556,11
2514,16,758,8,1445,23,1568,11
2514,16,758,8,1445,23,1599,11
2514,16,758,8,1445,23,1747,11
2514,16,758,8,1445,23,1773,11
2514,16,758,8,1445,23,1799,11
2514,16,758,8,1445,23,1818,11
2514,16,758,8,1445,23,1873,11
2514,16,758,8,1445,23,1940,11
2514,16,758,8,1445,23,1956,11
2514,16,758,8,1445,23,1997,11
2514,16,758,8,1445,23,2068,11
2514,16,758,8,1445,23,2079,11
2514,16,758,8,1445,23,2123,11
2514,16,758,8,1445,23,2196,11
2514,16,758,8,1445,23,2206,11
2514,16,758,8,1445,23,2216,11
2514,16,758,8,1445,23,2244,11
2514,16,758,8,1445,23,2259,11
2514,16,758,8,1445,23,2261,11
2514,16,758,8,1445,23,2289,11
2514,16,758,8,1445,23,2359,11
2514,16,758,8,1445,23,2370,11
2514,16,758,8,1445,23,2405,11
2514,16,758,8,1474,37,45,11
2514,16,758,8,1474,37,159,11
2514,16,758,8,1474,37,272,11
2514,16,758,8,1474,37,338,11
2514,16,758,8,1474,37,390,11
2514,16,758,8,1474,37,457,11
2514,16,758,8,1474,37,463,11
2514,16,758,8,1474,37,620,11
2514,16,758,8,1474,37,700,11
2514,16,758,8,1474,37,742,11
2514,16,758,8,1474,37,758,11
2514,16,758,8,1474,37,879,11
2514,16,758,8,1474,37,927,11
2514,16,758,8,1474,37,979,11
2514,16,758,8,1474,37,1003,11
2514,16,758,8,1474,37,1044,11
2514,16,758,8,1474,37,1068,11
2514,16,758,8,1474,37,1153,11
2514,16,758,8,1474,37,1186,11
2514,16,758,8,1474,37,1194,11
2514,16,758,8,1474,37,1259,11
2514,16,758,8,1474,37,1260,11
2514,16,758,8,1474,37,1312,11
2514,16,758,8,1474,37,1388,11
2514,16,758,8,1474,37,1391,11
2514,16,758,8,1474,37,1422,11
2514,16,758,8,1474,37,1556,11
2514,16,758,8,1474,37,1568,11
2514,16,758,8,1474,37,1599,11
2514,16,758,8,1474,37,1747,11
2514,16,758,8,1474,37,1773,11
2514,16,758,8,1474,37,1799,11
2514,16,758,8,1474,37,1818,11
2514,16,758,8,1474,37,1873,11
2514,16,758,8,1474,37,1940,11
2514,16,758,8,1474,37,1956,11
2514,16,758,8,1474,37,1997,11
2514,16,758,8,1474,37,2068,11
2514,16,758,8,1474,37,2079,11
2514,16,758,8,1474,37,2123,11
2514,16,758,8,1474,37,2196,11
2514,16,758,8,1474,37,2206,11
2514,16,758,8,1474,37,2216,11
2514,16,758,8,1474,37,2244,11
2514,16,758,8,1474,37,2259,11
2514,16,758,8,1474,37,2261,11
2514,16,758,8,1474,37,2289,11
2514,16,758,8,1474,37,2359,11
2514,16,758,8,1474,37,2370,11
2514,16,758,8,1474,37,2405,11
2514,16,758,8,1502,18,45,11
2514,16,758,8,1502,18,159,11
2514,16,758,8,1502,18,272,11
2514,16,758,8,1502,18,338,11
2514,16,758,8,1502,18,390,11
2514,16,758,8,1502,18,457,11
2514,16,758,8,1502,18,463,11
2514,16,758,8,1502,18,620,11
2514,16,758,8,1502,18,700,11
2514,16,758,8,1502,18,742,11
2514,16,758,8,1502,18,758,11
2514,16,758,8,1502,18,879,11
2514,16,758,8,1502,18,927,11
2514,16,758,8,1502,18,979,11
2514,16,758,8,1502,18,1003,11
2514,16,758,8,1502,18,1044,11
2514,16,758,8,1502,18,1068,11
2514,16,758,8,1502,18,1153,11
2514,16,758,8,1502,18,1186,11
2514,16,758,8,1502,18,1194,11
2514,16,758,8,1502,18,1259,11
2514,16,758,8,1502,18,1260,11
2514,16,758,8,1502,18,1312,11
2514,16,758,8,1502,18,1388,11
2514,16,758,8,1502,18,1391,11
2514,16,758,8,1502,18,1422,11
2514,16,758,8,1502,18,1556,11
2514,16,758,8,1502,18,1568,11
2514,16,758,8,1502,18,1599,11
2514,16,758,8,1502,18,1747,11
2514,16,758,8,1502,18,1773,11
2514,16,758,8,1502,18,1799,11
2514,16,758,8,1502,18,1818,11
2514,16,758,8,1502,18,1873,11
2514,16,758,8,1502,18,1940,11
2514,16,758,8,1502,18,1956,11
2514,16,758,8,1502,18,1997,11
2514,16,758,8,1502,18,2068,11
2514,16,758,8,1502,18,2079,11
2514,16,758,8,1502,18,2123,11
2514,16,758,8,1502,18,2196,11
2514,16,758,8,1502,18,2206,11
2514,16,758,8,1502,18,2216,11
2514,16,758,8,1502,18,2244,11
2514,16,758,8,1502,18,2259,11
2514,16,758,8,1502,18,2261,11
2514,16,758,8,1502,18,2289,11
2514,16,758,8,1502,18,2359,11
2514,16,758,8,1502,18,2370,11
2514,16,758,8,1502,18,2405,11
2514,16,758,8,1621,35,159,11
2514,16,758,8,1621,35,457,11
2514,16,758,8,1621,35,463,11
2514,16,758,8,1621,35,700,11
2514,16,758,8,1621,35,879,11
2514,16,758,8,1621,35,927,11
2514,16,758,8,1621,35,1003,11
2514,16,758,8,1621,35,1153,11
2514,16,758,8,1621,35,1194,11
2514,16,758,8,1621,35,1388,11
2514,16,758,8,1621,35,1556,11
2514,16,758,8,1621,35,1568,11
2514,16,758,8,1621,35,1599,11
2514,16,758,8,1621,35,1818,11
2514,16,758,8,1621,35,1873,11
2514,16,758,8,1621,35,1940,11
2514,16,758,8,1621,35,2123,11
2514,16,758,8,1621,35,2196,11
2514,16,758,8,1621,35,2216,11
2514,16,758,8,1621,35,2370,11
2514,16,758,8,1709,12,45,11
2514,16,758,8,1709,12,159,11
2514,16,758,8,1709,12,272,11
2514,16,758,8,1709,12,338,11
2514,16,758,8,1709,12,390,11
2514,16,758,8,1709,12,457,11
2514,16,758,8,1709,12,463,11
2514,16,758,8,1709,12,620,11
2514,16,758,8,1709,12,700,11
2514,16,758,8,1709,12,742,11
2514,16,758,8,1709,12,758,11
2514,16,758,8,1709,12,879,11
2514,16,758,8,1709,12,927,11
2514,16,758,8,1709,12,979,11
2514,16,758,8,1709,12,1003,11
2514,16,758,8,1709,12,1044,11
2514,16,758,8,1709,12,1068,11
2514,16,758,8,1709,12,1153,11
2514,16,758,8,1709,12,1186,11
2514,16,758,8,1709,12,1194,11
2514,16,758,8,1709,12,1259,11
2514,16,758,8,1709,12,1260,11
2514,16,758,8,1709,12,1312,11
2514,16,758,8,1709,12,1388,11
2514,16,758,8,1709,12,1391,11
2514,16,758,8,1709,12,1422,11
2514,16,758,8,1709,12,1556,11
2514,16,758,8,1709,12,1568,11
2514,16,758,8,1709,12,1599,11
2514,16,758,8,1709,12,1747,11
2514,16,758,8,1709,12,1773,11
2514,16,758,8,1709,12,1799,11
2514,16,758,8,1709,12,1818,11
2514,16,758,8,1709,12,1873,11
2514,16,758,8,1709,12,1940,11
2514,16,758,8,1709,12,1956,11
2514,16,758,8,1709,12,1997,11
2514,16,758,8,1709,12,2068,11
2514,16,758,8,1709,12,2079,11
2514,16,758,8,1709,12,2123,11
2514,16,758,8,1709,12,2196,11
2514,16,758,8,1709,12,2206,11
2514,16,758,8,1709,12,2216,11
2514,16,758,8,1709,12,2244,11
2514,16,758,8,1709,12,2259,11
2514,16,758,8,1709,12,2261,11
2514,16,758,8,1709,12,2289,11
2514,16,758,8,1709,12,2359,11
2514,16,758,8,1709,12,2370,11
2514,16,758,8,1709,12,2405,11
2514,16,758,8,1843,13,45,11
2514,16,758,8,1843,13,159,11
2514,16,758,8,1843,13,272,11
2514,16,758,8,1843,13,338,11
2514,16,758,8,1843,13,390,11
2514,16,758,8,1843,13,457,11
2514,16,758,8,1843,13,463,11
2514,16,758,8,1843,13,620,11
2514,16,758,8,1843,13,700,11
2514,16,758,8,1843,13,742,11
2514,16,758,8,1843,13,758,11
2514,16,758,8,1843,13,879,11
2514,16,758,8,1843,13,927,11
2514,16,758,8,1843,13,979,11
2514,16,758,8,1843,13,1003,11
2514,16,758,8,1843,13,1044,11
2514,16,758,8,1843,13,1068,11
2514,16,758,8,1843,13,1153,11
2514,16,758,8,1843,13,1186,11
2514,16,758,8,1843,13,1194,11
2514,16,758,8,1843,13,1259,11
2514,16,758,8,1843,13,1260,11
2514,16,758,8,1843,13,1312,11
2514,16,758,8,1843,13,1388,11
2514,16,758,8,1843,13,1391,11
2514,16,758,8,1843,13,1422,11
2514,16,758,8,1843,13,1556,11
2514,16,758,8,1843,13,1568,11
2514,16,758,8,1843,13,1599,11
2514,16,758,8,1843,13,1747,11
2514,16,758,8,1843,13,1773,11
2514,16,758,8,1843,13,1799,11
2514,16,758,8,1843,13,1818,11
2514,16,758,8,1843,13,1873,11
2514,16,758,8,1843,13,1940,11
2514,16,758,8,1843,13,1956,11
2514,16,758,8,1843,13,1997,11
2514,16,758,8,1843,13,2068,11
2514,16,758,8,1843,13,2079,11
2514,16,758,8,1843,13,2123,11
2514,16,758,8,1843,13,2196,11
2514,16,758,8,1843,13,2206,11
2514,16,758,8,1843,13,2216,11
2514,16,758,8,1843,13,2244,11
2514,16,758,8,1843,13,2259,11
2514,16,758,8,1843,13,2261,11
2514,16,758,8,1843,13,2289,11
2514,16,758,8,1843,13,2359,11
2514,16,758,8,1843,13,2370,11
2514,16,758,8,1843,13,2405,11
