2514,16,604,5,83,10,45,11
2514,16,604,5,83,10,159,11
2514,16,604,5,83,10,272,11
2514,16,604,5,83,10,338,11
2514,16,604,5,83,10,390,11
2514,16,604,5,83,10,457,11
2514,16,604,5,83,10,463,11
2514,16,604,5,83,10,620,11
2514,16,604,5,83,10,700,11
2514,16,604,5,83,10,742,11
2514,16,604,5,83,10,758,11
2514,16,604,5,83,10,879,11
2514,16,604,5,83,10,927,11
2514,16,604,5,83,10,979,11
2514,16,604,5,83,10,1003,11
2514,16,604,5,83,10,1044,11
2514,16,604,5,83,10,1068,11
2514,16,604,5,83,10,1153,11
2514,16,604,5,83,10,1186,11
2514,16,604,5,83,10,1194,11
2514,16,604,5,83,10,1259,11
2514,16,604,5,83,10,1260,11
2514,16,604,5,83,10,1312,11
2514,16,604,5,83,10,1388,11
2514,16,604,5,83,10,1391,11
2514,16,604,5,83,10,1422,11
2514,16,604,5,83,10,1556,11
2514,16,604,5,83,10,1568,11
2514,16,604,5,83,10,1599,11
2514,16,604,5,83,10,1747,11
2514,16,604,5,83,10,1773,11
2514,16,604,5,83,10,1799,11
2514,16,604,5,83,10,1818,11
2514,16,604,5,83,10,1873,11
2514,16,604,5,83,10,1940,11
2514,16,604,5,83,10,1956,11
2514,16,604,5,83,10,1997,11
2514,16,604,5,83,10,2068,11
2514,16,604,5,83,10,2079,11
2514,16,604,5,83,10,2123,11
2514,16,604,5,83,10,2196,11
2514,16,604,5,83,10,2206,11
2514,16,604,5,83,10,2216,11
2514,16,604,5,83,10,2244,11
2514,16,604,5,83,10,2259,11
2514,16,604,5,83,10,2261,11
2514,16,604,5,83,10,2289,11
2514,16,604,5,83,10,2359,11
2514,16,604,5,83,10,2370,11
2514,16,604,5,83,10,2405,11
2514,16,604,5,100,11,45,11
2514,16,604,5,100,11,159,11
2514,16,604,5,100,11,272,11
2514,16,604,5,100,11,338,11
2514,16,604,5,100,11,390,11
2514,16,604,5,100,11,457,11
2514,16,604,5,100,11,463,11
2514,16,604,5,100,11,620,11
2514,16,604,5,100,11,700,11
2514,16,604,5,100,11,742,11
2514,16,604,5,100,11,758,11
2514,16,604,5,100,11,879,11
2514,16,604,5,100,11,927,11
2514,16,604,5,100,11,979,11
2514,16,604,5,100,11,1003,11
2514,16,604,5,100,11,1044,11
2514,16,604,5,100,11,1068,11
2514,16,604,5,100,11,1153,11
2514,16,604,5,100,11,1186,11
2514,16,604,5,100,11,1194,11
2514,16,604,5,100,11,1259,11
2514,16,604,5,100,11,1260,11
2514,16,604,5,100,11,1312,11
2514,16,604,5,100,11,1388,11
2514,16,604,5,100,11,1391,11
2514,16,604,5,100,11,1422,11
2514,16,604,5,100,11,1556,11
2514,16,604,5,100,11,1568,11
2514,16,604,5,100,11,1599,11
2514,16,604,5,100,11,1747,11
2514,16,604,5,100,11,1773,11
2514,16,604,5,100,11,1799,11
2514,16,604,5,100,11,1818,11
2514,16,604,5,100,11,1873,11
2514,16,604,5,100,11,1940,11
2514,16,604,5,100,11,1956,11
2514,16,604,5,100,11,1997,11
2514,16,604,5,100,11,2068,11
2514,16,604,5,100,11,2079,11
2514,16,604,5,100,11,2123,11
2514,16,604,5,100,11,2196,11
2514,16,604,5,100,11,2206,11
2514,16,604,5,100,11,2216,11
2514,16,604,5,100,11,2244,11
2514,16,604,5,100,11,2259,11
2514,16,604,5,100,11,2261,11
2514,16,604,5,100,11,2289,11
2514,16,604,5,100,11,2359,11
2514,16,604,5,100,11,2370,11
2514,16,604,5,100,11,2405,11
2514,16,604,5,236,20,45,11
2514,16,604,5,236,20,159,11
2514,16,604,5,236,20,272,11
2514,16,604,5,236,20,338,11
2514,16,604,5,236,20,390,11
2514,16,604,5,236,20,457,11
2514,16,604,5,236,20,463,11
2514,16,604,5,236,20,620,11
2514,16,604,5,236,20,700,11
2514,16,604,5,236,20,742,11
2514,16,604,5,236,20,758,11
2514,16,604,5,236,20,879,11
2514,16,604,5,236,20,927,11
2514,16,604,5,236,20,979,11
2514,16,604,5,236,20,1003,11
2514,16,604,5,236,20,1044,11
2514,16,604,5,236,20,1068,11
2514,16,604,5,236,20,1153,11
2514,16,604,5,236,20,1186,11
2514,16,604,5,236,20,1194,11
2514,16,604,5,236,20,1259,11
2514,16,604,5,236,20,1260,11
2514,16,604,5,236,20,1312,11
2514,16,604,5,236,20,1388,11
2514,16,604,5,236,20,1391,11
2514,16,604,5,236,20,1422,11
2514,16,604,5,236,20,1556,11
2514,16,604,5,236,20,1568,11
2514,16,604,5,236,20,1599,11
2514,16,604,5,236,20,1747,11
2514,16,604,5,236,20,1773,11
2514,16,604,5,236,20,1799,11
2514,16,604,5,236,20,1818,11
2514,16,604,5,236,20,1873,11
2514,16,604,5,236,20,1940,11
2514,16,604,5,236,20,1956,11
2514,16,604,5,236,20,1997,11
2514,16,604,5,236,20,2068,11
2514,16,604,5,236,20,2079,11
2514,16,604,5,236,20,2123,11
2514,16,604,5,236,20,2196,11
2514,16,604,5,236,20,2206,11
2514,16,604,5,236,20,2216,11
2514,16,604,5,236,20,2244,11
2514,16,604,5,236,20,2259,11
2514,16,604,5,236,20,2261,11
2514,16,604,5,236,20,2289,11
2514,16,604,5,236,20,2359,11
2514,16,604,5,236,20,2370,11
2514,16,604,5,236,20,2405,11
2514,16,604,5,288,14,45,11
2514,16,604,5,288,14,159,11
2514,16,604,5,288,14,272,11
2514,16,604,5,288,14,338,11
2514,16,604,5,288,14,390,11
2514,16,604,5,288,14,457,11
2514,16,604,5,288,14,463,11
2514,16,604,5,288,14,620,11
2514,16,604,5,288,14,700,11
2514,16,604,5,288,14,742,11
2514,16,604,5,288,14,758,11
2514,16,604,5,288,14,879,11
2514,16,604,5,288,14,927,11
2514,16,604,5,288,14,979,11
2514,16,604,5,288,14,1003,11
2514,16,604,5,288,14,1044,11
2514,16,604,5,288,14,1068,11
2514,16,604,5,288,14,1153,11
2514,16,604,5,288,14,1186,11
2514,16,604,5,288,14,1194,11
2514,16,604,5,288,14,1259,11
2514,16,604,5,288,14,1260,11
2514,16,604,5,288,14,1312,11
2514,16,604,5,288,14,1388,11
2514,16,604,5,288,14,1391,11
2514,16,604,5,288,14,1422,11
2514,16,604,5,288,14,1556,11
2514,16,604,5,288,14,1568,11
2514,16,604,5,288,14,1599,11
2514,16,604,5,288,14,1747,11
2514,16,604,5,288,14,1773,11
2514,16,604,5,288,14,1799,11
2514,16,604,5,288,14,1818,11
2514,16,604,5,288,14,1873,11
2514,16,604,5,288,14,1940,11
2514,16,604,5,288,14,1956,11
2514,16,604,5,288,14,1997,11
2514,16,604,5,288,14,2068,11
2514,16,604,5,288,14,2079,11
2514,16,604,5,288,14,2123,11
2514,16,604,5,288,14,2196,11
2514,16,604,5,288,14,2206,11
2514,16,604,5,288,14,2216,11
2514,16,604,5,288,14,2244,11
2514,16,604,5,288,14,2259,11
2514,16,604,5,288,14,2261,11
2514,16,604,5,288,14,2289,11
2514,16,604,5,288,14,2359,11
2514,16,604,5,288,14,2370,11
2514,16,604,5,288,14,2405,11
2514,16,604,5,336,39,45,11
2514,16,604,5,336,39,159,11
2514,16,604,5,336,39,272,11
2514,16,604,5,336,39,338,11
2514,16,604,5,336,39,390,11
2514,16,604,5,336,39,457,11
2514,16,604,5,336,39,463,11
2514,16,604,5,336,39,620,11
2514,16,604,5,336,39,700,11
2514,16,604,5,336,39,742,11
2514,16,604,5,336,39,758,11
2514,16,604,5,336,39,879,11
2514,16,604,5,336,39,927,11
2514,16,604,5,336,39,979,11
2514,16,604,5,336,39,1003,11
2514,16,604,5,336,39,1044,11
2514,16,604,5,336,39,1068,11
2514,16,604,5,336,39,1153,11
2514,16,604,5,336,39,1186,11
2514,16,604,5,336,39,1194,11
2514,16,604,5,336,39,1259,11
2514,16,604,5,336,39,1260,11
2514,16,604,5,336,39,1312,11
2514,16,604,5,336,39,1388,11
2514,16,604,5,336,39,1391,11
2514,16,604,5,336,39,1422,11
2514,16,604,5,336,39,1556,11
2514,16,604,5,336,39,1568,11
2514,16,604,5,336,39,1599,11
2514,16,604,5,336,39,1747,11
2514,16,604,5,336,39,1773,11
2514,16,604,5,336,39,1799,11
2514,16,604,5,336,39,1818,11
2514,16,604,5,336,39,1873,11
2514,16,604,5,336,39,1940,11
2514,16,604,5,336,39,1956,11
2514,16,604,5,336,39,1997,11
2514,16,604,5,336,39,2068,11
2514,16,604,5,336,39,2079,11
2514,16,604,5,336,39,2123,11
2514,16,604,5,336,39,2196,11
2514,16,604,5,336,39,2206,11
2514,16,604,5,336,39,2216,11
2514,16,604,5,336,39,2244,11
2514,16,604,5,336,39,2259,11
2514,16,604,5,336,39,2261,11
2514,16,604,5,336,39,2289,11
2514,16,604,5,336,39,2359,11
2514,16,604,5,336,39,2370,11
2514,16,604,5,336,39,2405,11
2514,16,604,5,590,19,45,11
2514,16,604,5,590,19,159,11
2514,16,604,5,590,19,272,11
2514,16,604,5,590,19,338,11
2514,16,604,5,590,19,390,11
2514,16,604,5,590,19,457,11
2514,16,604,5,590,19,463,11
2514,16,604,5,590,19,620,11
2514,16,604,5,590,19,700,11
2514,16,604,5,590,19,742,11
2514,16,604,5,590,19,758,11
2514,16,604,5,590,19,879,11
2514,16,604,5,590,19,927,11
2514,16,604,5,590,19,979,11
2514,16,604,5,590,19,1003,11
2514,16,604,5,590,19,1044,11
2514,16,604,5,590,19,1068,11
2514,16,604,5,590,19,1153,11
2514,16,604,5,590,19,1186,11
2514,16,604,5,590,19,1194,11
2514,16,604,5,590,19,1259,11
2514,16,604,5,590,19,1260,11
2514,16,604,5,590,19,1312,11
2514,16,604,5,590,19,1388,11
2514,16,604,5,590,19,1391,11
2514,16,604,5,590,19,1422,11
2514,16,604,5,590,19,1556,11
2514,16,604,5,590,19,1568,11
2514,16,604,5,590,19,1599,11
2514,16,604,5,590,19,1747,11
2514,16,604,5,590,19,1773,11
2514,16,604,5,590,19,1799,11
2514,16,604,5,590,19,1818,11
2514,16,604,5,590,19,1873,11
2514,16,604,5,590,19,1940,11
2514,16,604,5,590,19,1956,11
2514,16,604,5,590,19,1997,11
2514,16,604,5,590,19,2068,11
2514,16,604,5,590,19,2079,11
2514,16,604,5,590,19,2123,11
2514,16,604,5,590,19,2196,11
2514,16,604,5,590,19,2206,11
2514,16,604,5,590,19,2216,11
2514,16,604,5,590,19,2244,11
2514,16,604,5,590,19,2259,11
2514,16,604,5,590,19,2261,11
2514,16,604,5,590,19,2289,11
2514,16,604,5,590,19,2359,11
2514,16,604,5,590,19,2370,11
2514,16,604,5,590,19,2405,11
2514,16,604,5,767,42,45,11
2514,16,604,5,767,42,159,11
2514,16,604,5,767,42,272,11
2514,16,604,5,767,42,338,11
2514,16,604,5,767,42,390,11
2514,16,604,5,767,42,457,11
2514,16,604,5,767,42,463,11
2514,16,604,5,767,42,620,11
2514,16,604,5,767,42,700,11
2514,16,604,5,767,42,742,11
2514,16,604,5,767,42,758,11
2514,16,604,5,767,42,879,11
2514,16,604,5,767,42,927,11
2514,16,604,5,767,42,979,11
2514,16,604,5,767,42,1003,11
2514,16,604,5,767,42,1044,11
2514,16,604,5,767,42,1068,11
2514,16,604,5,767,42,1153,11
2514,16,604,5,767,42,1186,11
2514,16,604,5,767,42,1194,11
2514,16,604,5,767,42,1259,11
2514,16,604,5,767,42,1260,11
2514,16,604,5,767,42,1312,11
2514,16,604,5,767,42,1388,11
2514,16,604,5,767,42,1391,11
2514,16,604,5,767,42,1422,11
2514,16,604,5,767,42,1556,11
2514,16,604,5,767,42,1568,11
2514,16,604,5,767,42,1599,11
2514,16,604,5,767,42,1747,11
2514,16,604,5,767,42,1773,11
2514,16,604,5,767,42,1799,11
2514,16,604,5,767,42,1818,11
2514,16,604,5,767,42,1873,11
2514,16,604,5,767,42,1940,11
2514,16,604,5,767,42,1956,11
2514,16,604,5,767,42,1997,11
2514,16,604,5,767,42,2068,11
2514,16,604,5,767,42,2079,11
2514,16,604,5,767,42,2123,11
2514,16,604,5,767,42,2196,11
2514,16,604,5,767,42,2206,11
2514,16,604,5,767,42,2216,11
2514,16,604,5,767,42,2244,11
2514,16,604,5,767,42,2259,11
2514,16,604,5,767,42,2261,11
2514,16,604,5,767,42,2289,11
2514,16,604,5,767,42,2359,11
2514,16,604,5,767,42,2370,11
2514,16,604,5,767,42,2405,11
2514,16,604,5,792,34,45,11
2514,16,604,5,792,34,159,11
2514,16,604,5,792,34,272,11
2514,16,604,5,792,34,338,11
2514,16,604,5,792,34,390,11
2514,16,604,5,792,34,457,11
2514,16,604,5,792,34,463,11
2514,16,604,5,792,34,620,11
2514,16,604,5,792,34,700,11
2514,16,604,5,792,34,742,11
2514,16,604,5,792,34,758,11
2514,16,604,5,792,34,879,11
2514,16,604,5,792,34,927,11
2514,16,604,5,792,34,979,11
2514,16,604,5,792,34,1003,11
2514,16,604,5,792,34,1044,11
2514,16,604,5,792,34,1068,11
2514,16,604,5,792,34,1153,11
2514,16,604,5,792,34,1186,11
2514,16,604,5,792,34,1194,11
2514,16,604,5,792,34,1259,11
2514,16,604,5,792,34,1260,11
2514,16,604,5,792,34,1312,11
2514,16,604,5,792,34,1388,11
2514,16,604,5,792,34,1391,11
2514,16,604,5,792,34,1422,11
2514,16,604,5,792,34,1556,11
2514,16,604,5,792,34,1568,11
2514,16,604,5,792,34,1599,11
2514,16,604,5,792,34,1747,11
2514,16,604,5,792,34,1773,11
2514,16,604,5,792,34,1799,11
2514,16,604,5,792,34,1818,11
2514,16,604,5,792,34,1873,11
2514,16,604,5,792,34,1940,11
2514,16,604,5,792,34,1956,11
2514,16,604,5,792,34,1997,11
2514,16,604,5,792,34,2068,11
2514,16,604,5,792,34,2079,11
2514,16,604,5,792,34,2123,11
2514,16,604,5,792,34,2196,11
2514,16,604,5,792,34,2206,11
2514,16,604,5,792,34,2216,11
2514,16,604,5,792,34,2244,11
2514,16,604,5,792,34,2259,11
2514,16,604,5,792,34,2261,11
2514,16,604,5,792,34,2289,11
2514,16,604,5,792,34,2359,11
2514,16,604,5,792,34,2370,11
2514,16,604,5,792,34,2405,11
2514,16,604,5,1018,32,45,11
2514,16,604,5,1018,32,159,11
2514,16,604,5,1018,32,272,11
2514,16,604,5,1018,32,338,11
2514,16,604,5,1018,32,390,11
2514,16,604,5,1018,32,457,11
2514,16,604,5,1018,32,463,11
2514,16,604,5,1018,32,620,11
2514,16,604,5,1018,32,700,11
2514,16,604,5,1018,32,742,11
2514,16,604,5,1018,32,758,11
2514,16,604,5,1018,32,879,11
2514,16,604,5,1018,32,927,11
2514,16,604,5,1018,32,979,11
2514,16,604,5,1018,32,1003,11
2514,16,604,5,1018,32,1044,11
2514,16,604,5,1018,32,1068,11
2514,16,604,5,1018,32,1153,11
2514,16,604,5,1018,32,1186,11
2514,16,604,5,1018,32,1194,11
2514,16,604,5,1018,32,1259,11
2514,16,604,5,1018,32,1260,11
2514,16,604,5,1018,32,1312,11
2514,16,604,5,1018,32,1388,11
2514,16,604,5,1018,32,1391,11
2514,16,604,5,1018,32,1422,11
2514,16,604,5,1018,32,1556,11
2514,16,604,5,1018,32,1568,11
2514,16,604,5,1018,32,1599,11
2514,16,604,5,1018,32,1747,11
2514,16,604,5,1018,32,1773,11
2514,16,604,5,1018,32,1799,11
2514,16,604,5,1018,32,1818,11
2514,16,604,5,1018,32,1873,11
2514,16,604,5,1018,32,1940,11
2514,16,604,5,1018,32,1956,11
2514,16,604,5,1018,32,1997,11
2514,16,604,5,1018,32,2068,11
2514,16,604,5,1018,32,2079,11
2514,16,604,5,1018,32,2123,11
2514,16,604,5,1018,32,2196,11
2514,16,604,5,1018,32,2206,11
2514,16,604,5,1018,32,2216,11
2514,16,604,5,1018,32,2244,11
2514,16,604,5,1018,32,2259,11
2514,16,604,5,1018,32,2261,11
2514,16,604,5,1018,32,2289,11
2514,16,604,5,1018,32,2359,11
2514,16,604,5,1018,32,2370,11
2514,16,604,5,1018,32,2405,11
2514,16,604,5,1333,12,45,11
2514,16,604,5,1333,12,338,11
2514,16,604,5,1333,12,390,11
2514,16,604,5,1333,12,620,11
2514,16,604,5,1333,12,742,11
2514,16,604,5,1333,12,758,11
2514,16,604,5,1333,12,979,11
2514,16,604,5,1333,12,1044,11
2514,16,604,5,1333,12,1186,11
2514,16,604,5,1333,12,1259,11
2514,16,604,5,1333,12,1312,11
2514,16,604,5,1333,12,1773,11
2514,16,604,5,1333,12,1799,11
2514,16,604,5,1333,12,1956,11
2514,16,604,5,1333,12,1997,11
2514,16,604,5,1333,12,2206,11
2514,16,604,5,1333,12,2244,11
2514,16,604,5,1333,12,2261,11
2514,16,604,5,1333,12,2289,11
2514,16,604,5,1333,12,2359,11
2514,16,604,5,1435,35,45,11
2514,16,604,5,1435,35,159,11
2514,16,604,5,1435,35,272,11
2514,16,604,5,1435,35,338,11
2514,16,604,5,1435,35,390,11
2514,16,604,5,1435,35,457,11
2514,16,604,5,1435,35,463,11
2514,16,604,5,1435,35,620,11
2514,16,604,5,1435,35,700,11
2514,16,604,5,1435,35,742,11
2514,16,604,5,1435,35,758,11
2514,16,604,5,1435,35,879,11
2514,16,604,5,1435,35,927,11
2514,16,604,5,1435,35,979,11
2514,16,604,5,1435,35,1003,11
2514,16,604,5,1435,35,1044,11
2514,16,604,5,1435,35,1068,11
2514,16,604,5,1435,35,1153,11
2514,16,604,5,1435,35,1186,11
2514,16,604,5,1435,35,1194,11
2514,16,604,5,1435,35,1259,11
2514,16,604,5,1435,35,1260,11
2514,16,604,5,1435,35,1312,11
2514,16,604,5,1435,35,1388,11
2514,16,604,5,1435,35,1391,11
2514,16,604,5,1435,35,1422,11
2514,16,604,5,1435,35,1556,11
2514,16,604,5,1435,35,1568,11
2514,16,604,5,1435,35,1599,11
2514,16,604,5,1435,35,1747,11
2514,16,604,5,1435,35,1773,11
2514,16,604,5,1435,35,1799,11
2514,16,604,5,1435,35,1818,11
2514,16,604,5,1435,35,1873,11
2514,16,604,5,1435,35,1940,11
2514,16,604,5,1435,35,1956,11
2514,16,604,5,1435,35,1997,11
2514,16,604,5,1435,35,2068,11
2514,16,604,5,1435,35,2079,11
2514,16,604,5,1435,35,2123,11
2514,16,604,5,1435,35,2196,11
2514,16,604,5,1435,35,2206,11
2514,16,604,5,1435,35,2216,11
2514,16,604,5,1435,35,2244,11
2514,16,604,5,1435,35,2259,11
2514,16,604,5,1435,35,2261,11
2514,16,604,5,1435,35,2289,11
2514,16,604,5,1435,35,2359,11
2514,16,604,5,1435,35,2370,11
2514,16,604,5,1435,35,2405,11
2514,16,604,5,1493,14,45,11
2514,16,604,5,1493,14,159,11
2514,16,604,5,1493,14,272,11
2514,16,604,5,1493,14,338,11
2514,16,604,5,1493,14,390,11
2514,16,604,5,1493,14,457,11
2514,16,604,5,1493,14,463,11
2514,16,604,5,1493,14,620,11
2514,16,604,5,1493,14,700,11
2514,16,604,5,1493,14,742,11
2514,16,604,5,1493,14,758,11
2514,16,604,5,1493,14,879,11
2514,16,604,5,1493,14,927,11
2514,16,604,5,1493,14,979,11
2514,16,604,5,1493,14,1003,11
2514,16,604,5,1493,14,1044,11
2514,16,604,5,1493,14,1068,11
2514,16,604,5,1493,14,1153,11
2514,16,604,5,1493,14,1186,11
2514,16,604,5,1493,14,1194,11
2514,16,604,5,1493,14,1259,11
2514,16,604,5,1493,14,1260,11
2514,16,604,5,1493,14,1312,11
2514,16,604,5,1493,14,1388,11
2514,16,604,5,1493,14,1391,11
2514,16,604,5,1493,14,1422,11
2514,16,604,5,1493,14,1556,11
2514,16,604,5,1493,14,1568,11
2514,16,604,5,1493,14,1599,11
2514,16,604,5,1493,14,1747,11
2514,16,604,5,1493,14,1773,11
2514,16,604,5,1493,14,1799,11
2514,16,604,5,1493,14,1818,11
2514,16,604,5,1493,14,1873,11
2514,16,604,5,1493,14,1940,11
2514,16,604,5,1493,14,1956,11
2514,16,604,5,1493,14,1997,11
2514,16,604,5,1493,14,2068,11
2514,16,604,5,1493,14,2079,11
2514,16,604,5,1493,14,2123,11
2514,16,604,5,1493,14,2196,11
2514,16,604,5,1493,14,2206,11
2514,16,604,5,1493,14,2216,11
2514,16,604,5,1493,14,2244,11
2514,16,604,5,1493,14,2259,11
2514,16,604,5,1493,14,2261,11
2514,16,604,5,1493,14,2289,11
2514,16,604,5,1493,14,2359,11
2514,16,604,5,1493,14,2370,11
2514,16,604,5,1493,14,2405,11
2514,16,604,5,1527,14,45,11
2514,16,604,5,1527,14,159,11
2514,16,604,5,1527,14,272,11
2514,16,604,5,1527,14,338,11
2514,16,604,5,1527,14,390,11
2514,16,604,5,1527,14,457,11
2514,16,604,5,1527,14,463,11
2514,16,604,5,1527,14,620,11
2514,16,604,5,1527,14,700,11
2514,16,604,5,1527,14,742,11
2514,16,604,5,1527,14,758,11
2514,16,604,5,1527,14,879,11
2514,16,604,5,1527,14,927,11
2514,16,604,5,1527,14,979,11
2514,16,604,5,1527,14,1003,11
2514,16,604,5,1527,14,1044,11
2514,16,604,5,1527,14,1068,11
2514,16,604,5,1527,14,1153,11
2514,16,604,5,1527,14,1186,11
2514,16,604,5,1527,14,1194,11
2514,16,604,5,1527,14,1259,11
2514,16,604,5,1527,14,1260,11
2514,16,604,5,1527,14,1312,11
2514,16,604,5,1527,14,1388,11
2514,16,604,5,1527,14,1391,11
2514,16,604,5,1527,14,1422,11
2514,16,604,5,1527,14,1556,11
2514,16,604,5,1527,14,1568,11
2514,16,604,5,1527,14,1599,11
2514,16,604,5,1527,14,1747,11
2514,16,604,5,1527,14,1773,11
2514,16,604,5,1527,14,1799,11
2514,16,604,5,1527,14,1818,11
2514,16,604,5,1527,14,1873,11
2514,16,604,5,1527,14,1940,11
2514,16,604,5,1527,14,1956,11
2514,16,604,5,1527,14,1997,11
2514,16,604,5,1527,14,2068,11
2514,16,604,5,1527,14,2079,11
2514,16,604,5,1527,14,2123,11
2514,16,604,5,1527,14,2196,11
2514,16,604,5,1527,14,2206,11
2514,16,604,5,1527,14,2216,11
2514,16,604,5,1527,14,2244,11
2514,16,604,5,1527,14,2259,11
2514,16,604,5,1527,14,2261,11
2514,16,604,5,1527,14,2289,11
2514,16,604,5,1527,14,2359,11
2514,16,604,5,1527,14,2370,11
2514,16,604,5,1527,14,2405,11
2514,16,604,5,1920,24,159,11
2514,16,604,5,1920,24,457,11
2514,16,604,5,1920,24,463,11
2514,16,604,5,1920,24,700,11
2514,16,604,5,1920,24,879,11
2514,16,604,5,1920,24,927,11
2514,16,604,5,1920,24,1003,11
2514,16,604,5,1920,24,1153,11
2514,16,604,5,1920,24,1194,11
2514,16,604,5,1920,24,1388,11
2514,16,604,5,1920,24,1556,11
2514,16,604,5,1920,24,1568,11
2514,16,604,5,1920,24,1599,11
2514,16,604,5,1920,24,1818,11
2514,16,604,5,1920,24,1873,11
2514,16,604,5,1920,24,1940,11
2514,16,604,5,1920,24,2123,11
2514,16,604,5,1920,24,2196,11
2514,16,604,5,1920,24,2216,11
2514,16,604,5,1920,24,2370,11
