2514,16,1844,6,20,39,45,11
2514,16,1844,6,20,39,159,11
2514,16,1844,6,20,39,272,11
2514,16,1844,6,20,39,338,11
2514,16,1844,6,20,39,390,11
2514,16,1844,6,20,39,457,11
2514,16,1844,6,20,39,463,11
2514,16,1844,6,20,39,620,11
2514,16,1844,6,20,39,700,11
2514,16,1844,6,20,39,742,11
2514,16,1844,6,20,39,758,11
2514,16,1844,6,20,39,879,11
2514,16,1844,6,20,39,927,11
2514,16,1844,6,20,39,979,11
2514,16,1844,6,20,39,1003,11
2514,16,1844,6,20,39,1044,11
2514,16,1844,6,20,39,1068,11
2514,16,1844,6,20,39,1153,11
2514,16,1844,6,20,39,1186,11
2514,16,1844,6,20,39,1194,11
2514,16,1844,6,20,39,1259,11
2514,16,1844,6,20,39,1260,11
2514,16,1844,6,20,39,1312,11
2514,16,1844,6,20,39,1388,11
2514,16,1844,6,20,39,1391,11
2514,16,1844,6,20,39,1422,11
2514,16,1844,6,20,39,1556,11
2514,16,1844,6,20,39,1568,11
2514,16,1844,6,20,39,1599,11
2514,16,1844,6,20,39,1747,11
2514,16,1844,6,20,39,1773,11
2514,16,1844,6,20,39,1799,11
2514,16,1844,6,20,39,1818,11
2514,16,1844,6,20,39,1873,11
2514,16,1844,6,20,39,1940,11
2514,16,1844,6,20,39,1956,11
2514,16,1844,6,20,39,1997,11
2514,16,1844,6,20,39,2068,11
2514,16,1844,6,20,39,2079,11
2514,16,1844,6,20,39,2123,11
2514,16,1844,6,20,39,2196,11
2514,16,1844,6,20,39,2206,11
2514,16,1844,6,20,39,2216,11
2514,16,1844,6,20,39,2244,11
2514,16,1844,6,20,39,2259,11
2514,16,1844,6,20,39,2261,11
2514,16,1844,6,20,39,2289,11
2514,16,1844,6,20,39,2359,11
2514,16,1844,6,20,39,2370,11
2514,16,1844,6,20,39,2405,11
2514,16,1844,6,81,30,45,11
2514,16,1844,6,81,30,159,11
2514,16,1844,6,81,30,272,11
2514,16,1844,6,81,30,338,11
2514,16,1844,6,81,30,390,11
2514,16,1844,6,81,30,457,11
2514,16,1844,6,81,30,463,11
2514,16,1844,6,81,30,620,11
2514,16,1844,6,81,30,700,11
2514,16,1844,6,81,30,742,11
2514,16,1844,6,81,30,758,11
2514,16,1844,6,81,30,879,11
2514,16,1844,6,81,30,927,11
2514,16,1844,6,81,30,979,11
2514,16,1844,6,81,30,1003,11
2514,16,1844,6,81,30,1044,11
2514,16,1844,6,81,30,1068,11
2514,16,1844,6,81,30,1153,11
2514,16,1844,6,81,30,1186,11
2514,16,1844,6,81,30,1194,11
2514,16,1844,6,81,30,1259,11
2514,16,1844,6,81,30,1260,11
2514,16,1844,6,81,30,1312,11
2514,16,1844,6,81,30,1388,11
2514,16,1844,6,81,30,1391,11
2514,16,1844,6,81,30,1422,11
2514,16,1844,6,81,30,1556,11
2514,16,1844,6,81,30,1568,11
2514,16,1844,6,81,30,1599,11
2514,16,1844,6,81,30,1747,11
2514,16,1844,6,81,30,1773,11
2514,16,1844,6,81,30,1799,11
2514,16,1844,6,81,30,1818,11
2514,16,1844,6,81,30,1873,11
2514,16,1844,6,81,30,1940,11
2514,16,1844,6,81,30,1956,11
2514,16,1844,6,81,30,1997,11
2514,16,1844,6,81,30,2068,11
2514,16,1844,6,81,30,2079,11
2514,16,1844,6,81,30,2123,11
2514,16,1844,6,81,30,2196,11
2514,16,1844,6,81,30,2206,11
2514,16,1844,6,81,30,2216,11
2514,16,1844,6,81,30,2244,11
2514,16,1844,6,81,30,2259,11
2514,16,1844,6,81,30,2261,11
2514,16,1844,6,81,30,2289,11
2514,16,1844,6,81,30,2359,11
2514,16,1844,6,81,30,2370,11
2514,16,1844,6,81,30,2405,11
2514,16,1844,6,95,47,45,11
2514,16,1844,6,95,47,159,11
2514,16,1844,6,95,47,272,11
2514,16,1844,6,95,47,338,11
2514,16,1844,6,95,47,390,11
2514,16,1844,6,95,47,457,11
2514,16,1844,6,95,47,463,11
2514,16,1844,6,95,47,620,11
2514,16,1844,6,95,47,700,11
2514,16,1844,6,95,47,742,11
2514,16,1844,6,95,47,758,11
2514,16,1844,6,95,47,879,11
2514,16,1844,6,95,47,927,11
2514,16,1844,6,95,47,979,11
2514,16,1844,6,95,47,1003,11
2514,16,1844,6,95,47,1044,11
2514,16,1844,6,95,47,1068,11
2514,16,1844,6,95,47,1153,11
2514,16,1844,6,95,47,1186,11
2514,16,1844,6,95,47,1194,11
2514,16,1844,6,95,47,1259,11
2514,16,1844,6,95,47,1260,11
2514,16,1844,6,95,47,1312,11
2514,16,1844,6,95,47,1388,11
2514,16,1844,6,95,47,1391,11
2514,16,1844,6,95,47,1422,11
2514,16,1844,6,95,47,1556,11
2514,16,1844,6,95,47,1568,11
2514,16,1844,6,95,47,1599,11
2514,16,1844,6,95,47,1747,11
2514,16,1844,6,95,47,1773,11
2514,16,1844,6,95,47,1799,11
2514,16,1844,6,95,47,1818,11
2514,16,1844,6,95,47,1873,11
2514,16,1844,6,95,47,1940,11
2514,16,1844,6,95,47,1956,11
2514,16,1844,6,95,47,1997,11
2514,16,1844,6,95,47,2068,11
2514,16,1844,6,95,47,2079,11
2514,16,1844,6,95,47,2123,11
2514,16,1844,6,95,47,2196,11
2514,16,1844,6,95,47,2206,11
2514,16,1844,6,95,47,2216,11
2514,16,1844,6,95,47,2244,11
2514,16,1844,6,95,47,2259,11
2514,16,1844,6,95,47,2261,11
2514,16,1844,6,95,47,2289,11
2514,16,1844,6,95,47,2359,11
2514,16,1844,6,95,47,2370,11
2514,16,1844,6,95,47,2405,11
2514,16,1844,6,255,39,45,11
2514,16,1844,6,255,39,159,11
2514,16,1844,6,255,39,272,11
2514,16,1844,6,255,39,338,11
2514,16,1844,6,255,39,390,11
2514,16,1844,6,255,39,457,11
2514,16,1844,6,255,39,463,11
2514,16,1844,6,255,39,620,11
2514,16,1844,6,255,39,700,11
2514,16,1844,6,255,39,742,11
2514,16,1844,6,255,39,758,11
2514,16,1844,6,255,39,879,11
2514,16,1844,6,255,39,927,11
2514,16,1844,6,255,39,979,11
2514,16,1844,6,255,39,1003,11
2514,16,1844,6,255,39,1044,11
2514,16,1844,6,255,39,1068,11
2514,16,1844,6,255,39,1153,11
2514,16,1844,6,255,39,1186,11
2514,16,1844,6,255,39,1194,11
2514,16,1844,6,255,39,1259,11
2514,16,1844,6,255,39,1260,11
2514,16,1844,6,255,39,1312,11
2514,16,1844,6,255,39,1388,11
2514,16,1844,6,255,39,1391,11
2514,16,1844,6,255,39,1422,11
2514,16,1844,6,255,39,1556,11
2514,16,1844,6,255,39,1568,11
2514,16,1844,6,255,39,1599,11
2514,16,1844,6,255,39,1747,11
2514,16,1844,6,255,39,1773,11
2514,16,1844,6,255,39,1799,11
2514,16,1844,6,255,39,1818,11
2514,16,1844,6,255,39,1873,11
2514,16,1844,6,255,39,1940,11
2514,16,1844,6,255,39,1956,11
2514,16,1844,6,255,39,1997,11
2514,16,1844,6,255,39,2068,11
2514,16,1844,6,255,39,2079,11
2514,16,1844,6,255,39,2123,11
2514,16,1844,6,255,39,2196,11
2514,16,1844,6,255,39,2206,11
2514,16,1844,6,255,39,2216,11
2514,16,1844,6,255,39,2244,11
2514,16,1844,6,255,39,2259,11
2514,16,1844,6,255,39,2261,11
2514,16,1844,6,255,39,2289,11
2514,16,1844,6,255,39,2359,11
2514,16,1844,6,255,39,2370,11
2514,16,1844,6,255,39,2405,11
2514,16,1844,6,703,25,45,11
2514,16,1844,6,703,25,159,11
2514,16,1844,6,703,25,272,11
2514,16,1844,6,703,25,338,11
2514,16,1844,6,703,25,390,11
2514,16,1844,6,703,25,457,11
2514,16,1844,6,703,25,463,11
2514,16,1844,6,703,25,620,11
2514,16,1844,6,703,25,700,11
2514,16,1844,6,703,25,742,11
2514,16,1844,6,703,25,758,11
2514,16,1844,6,703,25,879,11
2514,16,1844,6,703,25,927,11
2514,16,1844,6,703,25,979,11
2514,16,1844,6,703,25,1003,11
2514,16,1844,6,703,25,1044,11
2514,16,1844,6,703,25,1068,11
2514,16,1844,6,703,25,1153,11
2514,16,1844,6,703,25,1186,11
2514,16,1844,6,703,25,1194,11
2514,16,1844,6,703,25,1259,11
2514,16,1844,6,703,25,1260,11
2514,16,1844,6,703,25,1312,11
2514,16,1844,6,703,25,1388,11
2514,16,1844,6,703,25,1391,11
2514,16,1844,6,703,25,1422,11
2514,16,1844,6,703,25,1556,11
2514,16,1844,6,703,25,1568,11
2514,16,1844,6,703,25,1599,11
2514,16,1844,6,703,25,1747,11
2514,16,1844,6,703,25,1773,11
2514,16,1844,6,703,25,1799,11
2514,16,1844,6,703,25,1818,11
2514,16,1844,6,703,25,1873,11
2514,16,1844,6,703,25,1940,11
2514,16,1844,6,703,25,1956,11
2514,16,1844,6,703,25,1997,11
2514,16,1844,6,703,25,2068,11
2514,16,1844,6,703,25,2079,11
2514,16,1844,6,703,25,2123,11
2514,16,1844,6,703,25,2196,11
2514,16,1844,6,703,25,2206,11
2514,16,1844,6,703,25,2216,11
2514,16,1844,6,703,25,2244,11
2514,16,1844,6,703,25,2259,11
2514,16,1844,6,703,25,2261,11
2514,16,1844,6,703,25,2289,11
2514,16,1844,6,703,25,2359,11
2514,16,1844,6,703,25,2370,11
2514,16,1844,6,703,25,2405,11
2514,16,1844,6,783,47,45,11
2514,16,1844,6,783,47,159,11
2514,16,1844,6,783,47,272,11
2514,16,1844,6,783,47,338,11
2514,16,1844,6,783,47,390,11
2514,16,1844,6,783,47,457,11
2514,16,1844,6,783,47,463,11
2514,16,1844,6,783,47,620,11
2514,16,1844,6,783,47,700,11
2514,16,1844,6,783,47,742,11
2514,16,1844,6,783,47,758,11
2514,16,1844,6,783,47,879,11
2514,16,1844,6,783,47,927,11
2514,16,1844,6,783,47,979,11
2514,16,1844,6,783,47,1003,11
2514,16,1844,6,783,47,1044,11
2514,16,1844,6,783,47,1068,11
2514,16,1844,6,783,47,1153,11
2514,16,1844,6,783,47,1186,11
2514,16,1844,6,783,47,1194,11
2514,16,1844,6,783,47,1259,11
2514,16,1844,6,783,47,1260,11
2514,16,1844,6,783,47,1312,11
2514,16,1844,6,783,47,1388,11
2514,16,1844,6,783,47,1391,11
2514,16,1844,6,783,47,1422,11
2514,16,1844,6,783,47,1556,11
2514,16,1844,6,783,47,1568,11
2514,16,1844,6,783,47,1599,11
2514,16,1844,6,783,47,1747,11
2514,16,1844,6,783,47,1773,11
2514,16,1844,6,783,47,1799,11
2514,16,1844,6,783,47,1818,11
2514,16,1844,6,783,47,1873,11
2514,16,1844,6,783,47,1940,11
2514,16,1844,6,783,47,1956,11
2514,16,1844,6,783,47,1997,11
2514,16,1844,6,783,47,2068,11
2514,16,1844,6,783,47,2079,11
2514,16,1844,6,783,47,2123,11
2514,16,1844,6,783,47,2196,11
2514,16,1844,6,783,47,2206,11
2514,16,1844,6,783,47,2216,11
2514,16,1844,6,783,47,2244,11
2514,16,1844,6,783,47,2259,11
2514,16,1844,6,783,47,2261,11
2514,16,1844,6,783,47,2289,11
2514,16,1844,6,783,47,2359,11
2514,16,1844,6,783,47,2370,11
2514,16,1844,6,783,47,2405,11
2514,16,1844,6,1204,27,45,11
2514,16,1844,6,1204,27,159,11
2514,16,1844,6,1204,27,272,11
2514,16,1844,6,1204,27,338,11
2514,16,1844,6,1204,27,390,11
2514,16,1844,6,1204,27,457,11
2514,16,1844,6,1204,27,463,11
2514,16,1844,6,1204,27,620,11
2514,16,1844,6,1204,27,700,11
2514,16,1844,6,1204,27,742,11
2514,16,1844,6,1204,27,758,11
2514,16,1844,6,1204,27,879,11
2514,16,1844,6,1204,27,927,11
2514,16,1844,6,1204,27,979,11
2514,16,1844,6,1204,27,1003,11
2514,16,1844,6,1204,27,1044,11
2514,16,1844,6,1204,27,1068,11
2514,16,1844,6,1204,27,1153,11
2514,16,1844,6,1204,27,1186,11
2514,16,1844,6,1204,27,1194,11
2514,16,1844,6,1204,27,1259,11
2514,16,1844,6,1204,27,1260,11
2514,16,1844,6,1204,27,1312,11
2514,16,1844,6,1204,27,1388,11
2514,16,1844,6,1204,27,1391,11
2514,16,1844,6,1204,27,1422,11
2514,16,1844,6,1204,27,1556,11
2514,16,1844,6,1204,27,1568,11
2514,16,1844,6,1204,27,1599,11
2514,16,1844,6,1204,27,1747,11
2514,16,1844,6,1204,27,1773,11
2514,16,1844,6,1204,27,1799,11
2514,16,1844,6,1204,27,1818,11
2514,16,1844,6,1204,27,1873,11
2514,16,1844,6,1204,27,1940,11
2514,16,1844,6,1204,27,1956,11
2514,16,1844,6,1204,27,1997,11
2514,16,1844,6,1204,27,2068,11
2514,16,1844,6,1204,27,2079,11
2514,16,1844,6,1204,27,2123,11
2514,16,1844,6,1204,27,2196,11
2514,16,1844,6,1204,27,2206,11
2514,16,1844,6,1204,27,2216,11
2514,16,1844,6,1204,27,2244,11
2514,16,1844,6,1204,27,2259,11
2514,16,1844,6,1204,27,2261,11
2514,16,1844,6,1204,27,2289,11
2514,16,1844,6,1204,27,2359,11
2514,16,1844,6,1204,27,2370,11
2514,16,1844,6,1204,27,2405,11
2514,16,1844,6,1332,18,457,11
2514,16,1844,6,1332,18,700,11
2514,16,1844,6,1332,18,927,11
2514,16,1844,6,1332,18,1003,11
2514,16,1844,6,1332,18,1153,11
2514,16,1844,6,1332,18,1194,11
2514,16,1844,6,1332,18,1568,11
2514,16,1844,6,1332,18,1599,11
2514,16,1844,6,1332,18,1818,11
2514,16,1844,6,1332,18,1940,11
2514,16,1844,6,1535,19,45,11
2514,16,1844,6,1535,19,272,11
2514,16,1844,6,1535,19,338,11
2514,16,1844,6,1535,19,390,11
2514,16,1844,6,1535,19,620,11
2514,16,1844,6,1535,19,742,11
2514,16,1844,6,1535,19,758,11
2514,16,1844,6,1535,19,979,11
2514,16,1844,6,1535,19,1044,11
2514,16,1844,6,1535,19,1068,11
2514,16,1844,6,1535,19,1186,11
2514,16,1844,6,1535,19,1259,11
2514,16,1844,6,1535,19,1260,11
2514,16,1844,6,1535,19,1312,11
2514,16,1844,6,1535,19,1391,11
2514,16,1844,6,1535,19,1422,11
2514,16,1844,6,1535,19,1747,11
2514,16,1844,6,1535,19,1773,11
2514,16,1844,6,1535,19,1799,11
2514,16,1844,6,1535,19,1956,11
2514,16,1844,6,1535,19,1997,11
2514,16,1844,6,1535,19,2068,11
2514,16,1844,6,1535,19,2079,11
2514,16,1844,6,1535,19,2206,11
2514,16,1844,6,1535,19,2244,11
2514,16,1844,6,1535,19,2259,11
2514,16,1844,6,1535,19,2261,11
2514,16,1844,6,1535,19,2289,11
2514,16,1844,6,1535,19,2359,11
2514,16,1844,6,1535,19,2405,11
2514,16,1844,6,1580,39,45,11
2514,16,1844,6,1580,39,159,11
2514,16,1844,6,1580,39,272,11
2514,16,1844,6,1580,39,338,11
2514,16,1844,6,1580,39,390,11
2514,16,1844,6,1580,39,457,11
2514,16,1844,6,1580,39,463,11
2514,16,1844,6,1580,39,620,11
2514,16,1844,6,1580,39,700,11
2514,16,1844,6,1580,39,742,11
2514,16,1844,6,1580,39,758,11
2514,16,1844,6,1580,39,879,11
2514,16,1844,6,1580,39,927,11
2514,16,1844,6,1580,39,979,11
2514,16,1844,6,1580,39,1003,11
2514,16,1844,6,1580,39,1044,11
2514,16,1844,6,1580,39,1068,11
2514,16,1844,6,1580,39,1153,11
2514,16,1844,6,1580,39,1186,11
2514,16,1844,6,1580,39,1194,11
2514,16,1844,6,1580,39,1259,11
2514,16,1844,6,1580,39,1260,11
2514,16,1844,6,1580,39,1312,11
2514,16,1844,6,1580,39,1388,11
2514,16,1844,6,1580,39,1391,11
2514,16,1844,6,1580,39,1422,11
2514,16,1844,6,1580,39,1556,11
2514,16,1844,6,1580,39,1568,11
2514,16,1844,6,1580,39,1599,11
2514,16,1844,6,1580,39,1747,11
2514,16,1844,6,1580,39,1773,11
2514,16,1844,6,1580,39,1799,11
2514,16,1844,6,1580,39,1818,11
2514,16,1844,6,1580,39,1873,11
2514,16,1844,6,1580,39,1940,11
2514,16,1844,6,1580,39,1956,11
2514,16,1844,6,1580,39,1997,11
2514,16,1844,6,1580,39,2068,11
2514,16,1844,6,1580,39,2079,11
2514,16,1844,6,1580,39,2123,11
2514,16,1844,6,1580,39,2196,11
2514,16,1844,6,1580,39,2206,11
2514,16,1844,6,1580,39,2216,11
2514,16,1844,6,1580,39,2244,11
2514,16,1844,6,1580,39,2259,11
2514,16,1844,6,1580,39,2261,11
2514,16,1844,6,1580,39,2289,11
2514,16,1844,6,1580,39,2359,11
2514,16,1844,6,1580,39,2370,11
2514,16,1844,6,1580,39,2405,11
2514,16,1844,6,1616,45,45,11
2514,16,1844,6,1616,45,159,11
2514,16,1844,6,1616,45,272,11
2514,16,1844,6,1616,45,338,11
2514,16,1844,6,1616,45,390,11
2514,16,1844,6,1616,45,457,11
2514,16,1844,6,1616,45,463,11
2514,16,1844,6,1616,45,620,11
2514,16,1844,6,1616,45,700,11
2514,16,1844,6,1616,45,742,11
2514,16,1844,6,1616,45,758,11
2514,16,1844,6,1616,45,879,11
2514,16,1844,6,1616,45,927,11
2514,16,1844,6,1616,45,979,11
2514,16,1844,6,1616,45,1003,11
2514,16,1844,6,1616,45,1044,11
2514,16,1844,6,1616,45,1068,11
2514,16,1844,6,1616,45,1153,11
2514,16,1844,6,1616,45,1186,11
2514,16,1844,6,1616,45,1194,11
2514,16,1844,6,1616,45,1259,11
2514,16,1844,6,1616,45,1260,11
2514,16,1844,6,1616,45,1312,11
2514,16,1844,6,1616,45,1388,11
2514,16,1844,6,1616,45,1391,11
2514,16,1844,6,1616,45,1422,11
2514,16,1844,6,1616,45,1556,11
2514,16,1844,6,1616,45,1568,11
2514,16,1844,6,1616,45,1599,11
2514,16,1844,6,1616,45,1747,11
2514,16,1844,6,1616,45,1773,11
2514,16,1844,6,1616,45,1799,11
2514,16,1844,6,1616,45,1818,11
2514,16,1844,6,1616,45,1873,11
2514,16,1844,6,1616,45,1940,11
2514,16,1844,6,1616,45,1956,11
2514,16,1844,6,1616,45,1997,11
2514,16,1844,6,1616,45,2068,11
2514,16,1844,6,1616,45,2079,11
2514,16,1844,6,1616,45,2123,11
2514,16,1844,6,1616,45,2196,11
2514,16,1844,6,1616,45,2206,11
2514,16,1844,6,1616,45,2216,11
2514,16,1844,6,1616,45,2244,11
2514,16,1844,6,1616,45,2259,11
2514,16,1844,6,1616,45,2261,11
2514,16,1844,6,1616,45,2289,11
2514,16,1844,6,1616,45,2359,11
2514,16,1844,6,1616,45,2370,11
2514,16,1844,6,1616,45,2405,11
2514,16,1844,6,1759,30,45,11
2514,16,1844,6,1759,30,159,11
2514,16,1844,6,1759,30,272,11
2514,16,1844,6,1759,30,338,11
2514,16,1844,6,1759,30,390,11
2514,16,1844,6,1759,30,457,11
2514,16,1844,6,1759,30,463,11
2514,16,1844,6,1759,30,620,11
2514,16,1844,6,1759,30,700,11
2514,16,1844,6,1759,30,742,11
2514,16,1844,6,1759,30,758,11
2514,16,1844,6,1759,30,879,11
2514,16,1844,6,1759,30,927,11
2514,16,1844,6,1759,30,979,11
2514,16,1844,6,1759,30,1003,11
2514,16,1844,6,1759,30,1044,11
2514,16,1844,6,1759,30,1068,11
2514,16,1844,6,1759,30,1153,11
2514,16,1844,6,1759,30,1186,11
2514,16,1844,6,1759,30,1194,11
2514,16,1844,6,1759,30,1259,11
2514,16,1844,6,1759,30,1260,11
2514,16,1844,6,1759,30,1312,11
2514,16,1844,6,1759,30,1388,11
2514,16,1844,6,1759,30,1391,11
2514,16,1844,6,1759,30,1422,11
2514,16,1844,6,1759,30,1556,11
2514,16,1844,6,1759,30,1568,11
2514,16,1844,6,1759,30,1599,11
2514,16,1844,6,1759,30,1747,11
2514,16,1844,6,1759,30,1773,11
2514,16,1844,6,1759,30,1799,11
2514,16,1844,6,1759,30,1818,11
2514,16,1844,6,1759,30,1873,11
2514,16,1844,6,1759,30,1940,11
2514,16,1844,6,1759,30,1956,11
2514,16,1844,6,1759,30,1997,11
2514,16,1844,6,1759,30,2068,11
2514,16,1844,6,1759,30,2079,11
2514,16,1844,6,1759,30,2123,11
2514,16,1844,6,1759,30,2196,11
2514,16,1844,6,1759,30,2206,11
2514,16,1844,6,1759,30,2216,11
2514,16,1844,6,1759,30,2244,11
2514,16,1844,6,1759,30,2259,11
2514,16,1844,6,1759,30,2261,11
2514,16,1844,6,1759,30,2289,11
2514,16,1844,6,1759,30,2359,11
2514,16,1844,6,1759,30,2370,11
2514,16,1844,6,1759,30,2405,11
2514,16,1844,6,1845,40,45,11
2514,16,1844,6,1845,40,159,11
2514,16,1844,6,1845,40,272,11
2514,16,1844,6,1845,40,338,11
2514,16,1844,6,1845,40,390,11
2514,16,1844,6,1845,40,457,11
2514,16,1844,6,1845,40,463,11
2514,16,1844,6,1845,40,620,11
2514,16,1844,6,1845,40,700,11
2514,16,1844,6,1845,40,742,11
2514,16,1844,6,1845,40,758,11
2514,16,1844,6,1845,40,879,11
2514,16,1844,6,1845,40,927,11
2514,16,1844,6,1845,40,979,11
2514,16,1844,6,1845,40,1003,11
2514,16,1844,6,1845,40,1044,11
2514,16,1844,6,1845,40,1068,11
2514,16,1844,6,1845,40,1153,11
2514,16,1844,6,1845,40,1186,11
2514,16,1844,6,1845,40,1194,11
2514,16,1844,6,1845,40,1259,11
2514,16,1844,6,1845,40,1260,11
2514,16,1844,6,1845,40,1312,11
2514,16,1844,6,1845,40,1388,11
2514,16,1844,6,1845,40,1391,11
2514,16,1844,6,1845,40,1422,11
2514,16,1844,6,1845,40,1556,11
2514,16,1844,6,1845,40,1568,11
2514,16,1844,6,1845,40,1599,11
2514,16,1844,6,1845,40,1747,11
2514,16,1844,6,1845,40,1773,11
2514,16,1844,6,1845,40,1799,11
2514,16,1844,6,1845,40,1818,11
2514,16,1844,6,1845,40,1873,11
2514,16,1844,6,1845,40,1940,11
2514,16,1844,6,1845,40,1956,11
2514,16,1844,6,1845,40,1997,11
2514,16,1844,6,1845,40,2068,11
2514,16,1844,6,1845,40,2079,11
2514,16,1844,6,1845,40,2123,11
2514,16,1844,6,1845,40,2196,11
2514,16,1844,6,1845,40,2206,11
2514,16,1844,6,1845,40,2216,11
2514,16,1844,6,1845,40,2244,11
2514,16,1844,6,1845,40,2259,11
2514,16,1844,6,1845,40,2261,11
2514,16,1844,6,1845,40,2289,11
2514,16,1844,6,1845,40,2359,11
2514,16,1844,6,1845,40,2370,11
2514,16,1844,6,1845,40,2405,11
2514,16,1844,6,1899,44,45,11
2514,16,1844,6,1899,44,159,11
2514,16,1844,6,1899,44,272,11
2514,16,1844,6,1899,44,338,11
2514,16,1844,6,1899,44,390,11
2514,16,1844,6,1899,44,457,11
2514,16,1844,6,1899,44,463,11
2514,16,1844,6,1899,44,620,11
2514,16,1844,6,1899,44,700,11
2514,16,1844,6,1899,44,742,11
2514,16,1844,6,1899,44,758,11
2514,16,1844,6,1899,44,879,11
2514,16,1844,6,1899,44,927,11
2514,16,1844,6,1899,44,979,11
2514,16,1844,6,1899,44,1003,11
2514,16,1844,6,1899,44,1044,11
2514,16,1844,6,1899,44,1068,11
2514,16,1844,6,1899,44,1153,11
2514,16,1844,6,1899,44,1186,11
2514,16,1844,6,1899,44,1194,11
2514,16,1844,6,1899,44,1259,11
2514,16,1844,6,1899,44,1260,11
2514,16,1844,6,1899,44,1312,11
2514,16,1844,6,1899,44,1388,11
2514,16,1844,6,1899,44,1391,11
2514,16,1844,6,1899,44,1422,11
2514,16,1844,6,1899,44,1556,11
2514,16,1844,6,1899,44,1568,11
2514,16,1844,6,1899,44,1599,11
2514,16,1844,6,1899,44,1747,11
2514,16,1844,6,1899,44,1773,11
2514,16,1844,6,1899,44,1799,11
2514,16,1844,6,1899,44,1818,11
2514,16,1844,6,1899,44,1873,11
2514,16,1844,6,1899,44,1940,11
2514,16,1844,6,1899,44,1956,11
2514,16,1844,6,1899,44,1997,11
2514,16,1844,6,1899,44,2068,11
2514,16,1844,6,1899,44,2079,11
2514,16,1844,6,1899,44,2123,11
2514,16,1844,6,1899,44,2196,11
2514,16,1844,6,1899,44,2206,11
2514,16,1844,6,1899,44,2216,11
2514,16,1844,6,1899,44,2244,11
2514,16,1844,6,1899,44,2259,11
2514,16,1844,6,1899,44,2261,11
2514,16,1844,6,1899,44,2289,11
2514,16,1844,6,1899,44,2359,11
2514,16,1844,6,1899,44,2370,11
2514,16,1844,6,1899,44,2405,11
