2514,16,604,5,195,34,159,11
2514,16,604,5,195,34,272,11
2514,16,604,5,195,34,457,11
2514,16,604,5,195,34,463,11
2514,16,604,5,195,34,700,11
2514,16,604,5,195,34,879,11
2514,16,604,5,195,34,927,11
2514,16,604,5,195,34,1003,11
2514,16,604,5,195,34,1068,11
2514,16,604,5,195,34,1153,11
2514,16,604,5,195,34,1194,11
2514,16,604,5,195,34,1260,11
2514,16,604,5,195,34,1388,11
2514,16,604,5,195,34,1391,11
2514,16,604,5,195,34,1422,11
2514,16,604,5,195,34,1556,11
2514,16,604,5,195,34,1568,11
2514,16,604,5,195,34,1599,11
2514,16,604,5,195,34,1747,11
2514,16,604,5,195,34,1818,11
2514,16,604,5,195,34,1873,11
2514,16,604,5,195,34,1940,11
2514,16,604,5,195,34,2068,11
2514,16,604,5,195,34,2079,11
2514,16,604,5,195,34,2123,11
2514,16,604,5,195,34,2196,11
2514,16,604,5,195,34,2216,11
2514,16,604,5,195,34,2259,11
2514,16,604,5,195,34,2370,11
2514,16,604,5,195,34,2405,11
2514,16,604,5,281,11,45,11
2514,16,604,5,281,11,159,11
2514,16,604,5,281,11,272,11
2514,16,604,5,281,11,338,11
2514,16,604,5,281,11,390,11
2514,16,604,5,281,11,457,11
2514,16,604,5,281,11,463,11
2514,16,604,5,281,11,620,11
2514,16,604,5,281,11,700,11
2514,16,604,5,281,11,742,11
2514,16,604,5,281,11,758,11
2514,16,604,5,281,11,879,11
2514,16,604,5,281,11,927,11
2514,16,604,5,281,11,979,11
2514,16,604,5,281,11,1003,11
2514,16,604,5,281,11,1044,11
2514,16,604,5,281,11,1068,11
2514,16,604,5,281,11,1153,11
2514,16,604,5,281,11,1186,11
2514,16,604,5,281,11,1194,11
2514,16,604,5,281,11,1259,11
2514,16,604,5,281,11,1260,11
2514,16,604,5,281,11,1312,11
2514,16,604,5,281,11,1388,11
2514,16,604,5,281,11,1391,11
2514,16,604,5,281,11,1422,11
2514,16,604,5,281,11,1556,11
2514,16,604,5,281,11,1568,11
2514,16,604,5,281,11,1599,11
2514,16,604,5,281,11,1747,11
2514,16,604,5,281,11,1773,11
2514,16,604,5,281,11,1799,11
2514,16,604,5,281,11,1818,11
2514,16,604,5,281,11,1873,11
2514,16,604,5,281,11,1940,11
2514,16,604,5,281,11,1956,11
2514,16,604,5,281,11,1997,11
2514,16,604,5,281,11,2068,11
2514,16,604,5,281,11,2079,11
2514,16,604,5,281,11,2123,11
2514,16,604,5,281,11,2196,11
2514,16,604,5,281,11,2206,11
2514,16,604,5,281,11,2216,11
2514,16,604,5,281,11,2244,11
2514,16,604,5,281,11,2259,11
2514,16,604,5,281,11,2261,11
2514,16,604,5,281,11,2289,11
2514,16,604,5,281,11,2359,11
2514,16,604,5,281,11,2370,11
2514,16,604,5,281,11,2405,11
2514,16,604,5,459,12,45,11
2514,16,604,5,459,12,159,11
2514,16,604,5,459,12,272,11
2514,16,604,5,459,12,338,11
2514,16,604,5,459,12,390,11
2514,16,604,5,459,12,457,11
2514,16,604,5,459,12,463,11
2514,16,604,5,459,12,620,11
2514,16,604,5,459,12,700,11
2514,16,604,5,459,12,742,11
2514,16,604,5,459,12,758,11
2514,16,604,5,459,12,879,11
2514,16,604,5,459,12,927,11
2514,16,604,5,459,12,979,11
2514,16,604,5,459,12,1003,11
2514,16,604,5,459,12,1044,11
2514,16,604,5,459,12,1068,11
2514,16,604,5,459,12,1153,11
2514,16,604,5,459,12,1186,11
2514,16,604,5,459,12,1194,11
2514,16,604,5,459,12,1259,11
2514,16,604,5,459,12,1260,11
2514,16,604,5,459,12,1312,11
2514,16,604,5,459,12,1388,11
2514,16,604,5,459,12,1391,11
2514,16,604,5,459,12,1422,11
2514,16,604,5,459,12,1556,11
2514,16,604,5,459,12,1568,11
2514,16,604,5,459,12,1599,11
2514,16,604,5,459,12,1747,11
2514,16,604,5,459,12,1773,11
2514,16,604,5,459,12,1799,11
2514,16,604,5,459,12,1818,11
2514,16,604,5,459,12,1873,11
2514,16,604,5,459,12,1940,11
2514,16,604,5,459,12,1956,11
2514,16,604,5,459,12,1997,11
2514,16,604,5,459,12,2068,11
2514,16,604,5,459,12,2079,11
2514,16,604,5,459,12,2123,11
2514,16,604,5,459,12,2196,11
2514,16,604,5,459,12,2206,11
2514,16,604,5,459,12,2216,11
2514,16,604,5,459,12,2244,11
2514,16,604,5,459,12,2259,11
2514,16,604,5,459,12,2261,11
2514,16,604,5,459,12,2289,11
2514,16,604,5,459,12,2359,11
2514,16,604,5,459,12,2370,11
2514,16,604,5,459,12,2405,11
2514,16,604,5,805,45,45,11
2514,16,604,5,805,45,159,11
2514,16,604,5,805,45,272,11
2514,16,604,5,805,45,338,11
2514,16,604,5,805,45,390,11
2514,16,604,5,805,45,457,11
2514,16,604,5,805,45,463,11
2514,16,604,5,805,45,620,11
2514,16,604,5,805,45,700,11
2514,16,604,5,805,45,742,11
2514,16,604,5,805,45,758,11
2514,16,604,5,805,45,879,11
2514,16,604,5,805,45,927,11
2514,16,604,5,805,45,979,11
2514,16,604,5,805,45,1003,11
2514,16,604,5,805,45,1044,11
2514,16,604,5,805,45,1068,11
2514,16,604,5,805,45,1153,11
2514,16,604,5,805,45,1186,11
2514,16,604,5,805,45,1194,11
2514,16,604,5,805,45,1259,11
2514,16,604,5,805,45,1260,11
2514,16,604,5,805,45,1312,11
2514,16,604,5,805,45,1388,11
2514,16,604,5,805,45,1391,11
2514,16,604,5,805,45,1422,11
2514,16,604,5,805,45,1556,11
2514,16,604,5,805,45,1568,11
2514,16,604,5,805,45,1599,11
2514,16,604,5,805,45,1747,11
2514,16,604,5,805,45,1773,11
2514,16,604,5,805,45,1799,11
2514,16,604,5,805,45,1818,11
2514,16,604,5,805,45,1873,11
2514,16,604,5,805,45,1940,11
2514,16,604,5,805,45,1956,11
2514,16,604,5,805,45,1997,11
2514,16,604,5,805,45,2068,11
2514,16,604,5,805,45,2079,11
2514,16,604,5,805,45,2123,11
2514,16,604,5,805,45,2196,11
2514,16,604,5,805,45,2206,11
2514,16,604,5,805,45,2216,11
2514,16,604,5,805,45,2244,11
2514,16,604,5,805,45,2259,11
2514,16,604,5,805,45,2261,11
2514,16,604,5,805,45,2289,11
2514,16,604,5,805,45,2359,11
2514,16,604,5,805,45,2370,11
2514,16,604,5,805,45,2405,11
2514,16,604,5,1233,32,45,11
2514,16,604,5,1233,32,159,11
2514,16,604,5,1233,32,272,11
2514,16,604,5,1233,32,338,11
2514,16,604,5,1233,32,390,11
2514,16,604,5,1233,32,457,11
2514,16,604,5,1233,32,463,11
2514,16,604,5,1233,32,620,11
2514,16,604,5,1233,32,700,11
2514,16,604,5,1233,32,742,11
2514,16,604,5,1233,32,758,11
2514,16,604,5,1233,32,879,11
2514,16,604,5,1233,32,927,11
2514,16,604,5,1233,32,979,11
2514,16,604,5,1233,32,1003,11
2514,16,604,5,1233,32,1044,11
2514,16,604,5,1233,32,1068,11
2514,16,604,5,1233,32,1153,11
2514,16,604,5,1233,32,1186,11
2514,16,604,5,1233,32,1194,11
2514,16,604,5,1233,32,1259,11
2514,16,604,5,1233,32,1260,11
2514,16,604,5,1233,32,1312,11
2514,16,604,5,1233,32,1388,11
2514,16,604,5,1233,32,1391,11
2514,16,604,5,1233,32,1422,11
2514,16,604,5,1233,32,1556,11
2514,16,604,5,1233,32,1568,11
2514,16,604,5,1233,32,1599,11
2514,16,604,5,1233,32,1747,11
2514,16,604,5,1233,32,1773,11
2514,16,604,5,1233,32,1799,11
2514,16,604,5,1233,32,1818,11
2514,16,604,5,1233,32,1873,11
2514,16,604,5,1233,32,1940,11
2514,16,604,5,1233,32,1956,11
2514,16,604,5,1233,32,1997,11
2514,16,604,5,1233,32,2068,11
2514,16,604,5,1233,32,2079,11
2514,16,604,5,1233,32,2123,11
2514,16,604,5,1233,32,2196,11
2514,16,604,5,1233,32,2206,11
2514,16,604,5,1233,32,2216,11
2514,16,604,5,1233,32,2244,11
2514,16,604,5,1233,32,2259,11
2514,16,604,5,1233,32,2261,11
2514,16,604,5,1233,32,2289,11
2514,16,604,5,1233,32,2359,11
2514,16,604,5,1233,32,2370,11
2514,16,604,5,1233,32,2405,11
2514,16,604,5,1320,23,45,11
2514,16,604,5,1320,23,390,11
2514,16,604,5,1320,23,620,11
2514,16,604,5,1320,23,979,11
2514,16,604,5,1320,23,1799,11
2514,16,604,5,1320,23,1956,11
2514,16,604,5,1320,23,2206,11
2514,16,604,5,1320,23,2244,11
2514,16,604,5,1320,23,2261,11
2514,16,604,5,1320,23,2359,11
2514,16,604,5,1381,39,45,11
2514,16,604,5,1381,39,159,11
2514,16,604,5,1381,39,272,11
2514,16,604,5,1381,39,338,11
2514,16,604,5,1381,39,390,11
2514,16,604,5,1381,39,457,11
2514,16,604,5,1381,39,463,11
2514,16,604,5,1381,39,620,11
2514,16,604,5,1381,39,700,11
2514,16,604,5,1381,39,742,11
2514,16,604,5,1381,39,758,11
2514,16,604,5,1381,39,879,11
2514,16,604,5,1381,39,927,11
2514,16,604,5,1381,39,979,11
2514,16,604,5,1381,39,1003,11
2514,16,604,5,1381,39,1044,11
2514,16,604,5,1381,39,1068,11
2514,16,604,5,1381,39,1153,11
2514,16,604,5,1381,39,1186,11
2514,16,604,5,1381,39,1194,11
2514,16,604,5,1381,39,1259,11
2514,16,604,5,1381,39,1260,11
2514,16,604,5,1381,39,1312,11
2514,16,604,5,1381,39,1388,11
2514,16,604,5,1381,39,1391,11
2514,16,604,5,1381,39,1422,11
2514,16,604,5,1381,39,1556,11
2514,16,604,5,1381,39,1568,11
2514,16,604,5,1381,39,1599,11
2514,16,604,5,1381,39,1747,11
2514,16,604,5,1381,39,1773,11
2514,16,604,5,1381,39,1799,11
2514,16,604,5,1381,39,1818,11
2514,16,604,5,1381,39,1873,11
2514,16,604,5,1381,39,1940,11
2514,16,604,5,1381,39,1956,11
2514,16,604,5,1381,39,1997,11
2514,16,604,5,1381,39,2068,11
2514,16,604,5,1381,39,2079,11
2514,16,604,5,1381,39,2123,11
2514,16,604,5,1381,39,2196,11
2514,16,604,5,1381,39,2206,11
2514,16,604,5,1381,39,2216,11
2514,16,604,5,1381,39,2244,11
2514,16,604,5,1381,39,2259,11
2514,16,604,5,1381,39,2261,11
2514,16,604,5,1381,39,2289,11
2514,16,604,5,1381,39,2359,11
2514,16,604,5,1381,39,2370,11
2514,16,604,5,1381,39,2405,11
2514,16,604,5,1390,37,45,11
2514,16,604,5,1390,37,159,11
2514,16,604,5,1390,37,272,11
2514,16,604,5,1390,37,338,11
2514,16,604,5,1390,37,390,11
2514,16,604,5,1390,37,457,11
2514,16,604,5,1390,37,463,11
2514,16,604,5,1390,37,620,11
2514,16,604,5,1390,37,700,11
2514,16,604,5,1390,37,742,11
2514,16,604,5,1390,37,758,11
2514,16,604,5,1390,37,879,11
2514,16,604,5,1390,37,927,11
2514,16,604,5,1390,37,979,11
2514,16,604,5,1390,37,1003,11
2514,16,604,5,1390,37,1044,11
2514,16,604,5,1390,37,1068,11
2514,16,604,5,1390,37,1153,11
2514,16,604,5,1390,37,1186,11
2514,16,604,5,1390,37,1194,11
2514,16,604,5,1390,37,1259,11
2514,16,604,5,1390,37,1260,11
2514,16,604,5,1390,37,1312,11
2514,16,604,5,1390,37,1388,11
2514,16,604,5,1390,37,1391,11
2514,16,604,5,1390,37,1422,11
2514,16,604,5,1390,37,1556,11
2514,16,604,5,1390,37,1568,11
2514,16,604,5,1390,37,1599,11
2514,16,604,5,1390,37,1747,11
2514,16,604,5,1390,37,1773,11
2514,16,604,5,1390,37,1799,11
2514,16,604,5,1390,37,1818,11
2514,16,604,5,1390,37,1873,11
2514,16,604,5,1390,37,1940,11
2514,16,604,5,1390,37,1956,11
2514,16,604,5,1390,37,1997,11
2514,16,604,5,1390,37,2068,11
2514,16,604,5,1390,37,2079,11
2514,16,604,5,1390,37,2123,11
2514,16,604,5,1390,37,2196,11
2514,16,604,5,1390,37,2206,11
2514,16,604,5,1390,37,2216,11
2514,16,604,5,1390,37,2244,11
2514,16,604,5,1390,37,2259,11
2514,16,604,5,1390,37,2261,11
2514,16,604,5,1390,37,2289,11
2514,16,604,5,1390,37,2359,11
2514,16,604,5,1390,37,2370,11
2514,16,604,5,1390,37,2405,11
2514,16,604,5,1432,30,45,11
2514,16,604,5,1432,30,159,11
2514,16,604,5,1432,30,272,11
2514,16,604,5,1432,30,338,11
2514,16,604,5,1432,30,390,11
2514,16,604,5,1432,30,457,11
2514,16,604,5,1432,30,463,11
2514,16,604,5,1432,30,620,11
2514,16,604,5,1432,30,700,11
2514,16,604,5,1432,30,742,11
2514,16,604,5,1432,30,758,11
2514,16,604,5,1432,30,879,11
2514,16,604,5,1432,30,927,11
2514,16,604,5,1432,30,979,11
2514,16,604,5,1432,30,1003,11
2514,16,604,5,1432,30,1044,11
2514,16,604,5,1432,30,1068,11
2514,16,604,5,1432,30,1153,11
2514,16,604,5,1432,30,1186,11
2514,16,604,5,1432,30,1194,11
2514,16,604,5,1432,30,1259,11
2514,16,604,5,1432,30,1260,11
2514,16,604,5,1432,30,1312,11
2514,16,604,5,1432,30,1388,11
2514,16,604,5,1432,30,1391,11
2514,16,604,5,1432,30,1422,11
2514,16,604,5,1432,30,1556,11
2514,16,604,5,1432,30,1568,11
2514,16,604,5,1432,30,1599,11
2514,16,604,5,1432,30,1747,11
2514,16,604,5,1432,30,1773,11
2514,16,604,5,1432,30,1799,11
2514,16,604,5,1432,30,1818,11
2514,16,604,5,1432,30,1873,11
2514,16,604,5,1432,30,1940,11
2514,16,604,5,1432,30,1956,11
2514,16,604,5,1432,30,1997,11
2514,16,604,5,1432,30,2068,11
2514,16,604,5,1432,30,2079,11
2514,16,604,5,1432,30,2123,11
2514,16,604,5,1432,30,2196,11
2514,16,604,5,1432,30,2206,11
2514,16,604,5,1432,30,2216,11
2514,16,604,5,1432,30,2244,11
2514,16,604,5,1432,30,2259,11
2514,16,604,5,1432,30,2261,11
2514,16,604,5,1432,30,2289,11
2514,16,604,5,1432,30,2359,11
2514,16,604,5,1432,30,2370,11
2514,16,604,5,1432,30,2405,11
2514,16,604,5,1589,16,45,11
2514,16,604,5,1589,16,159,11
2514,16,604,5,1589,16,272,11
2514,16,604,5,1589,16,338,11
2514,16,604,5,1589,16,390,11
2514,16,604,5,1589,16,457,11
2514,16,604,5,1589,16,463,11
2514,16,604,5,1589,16,620,11
2514,16,604,5,1589,16,700,11
2514,16,604,5,1589,16,742,11
2514,16,604,5,1589,16,758,11
2514,16,604,5,1589,16,879,11
2514,16,604,5,1589,16,927,11
2514,16,604,5,1589,16,979,11
2514,16,604,5,1589,16,1003,11
2514,16,604,5,1589,16,1044,11
2514,16,604,5,1589,16,1068,11
2514,16,604,5,1589,16,1153,11
2514,16,604,5,1589,16,1186,11
2514,16,604,5,1589,16,1194,11
2514,16,604,5,1589,16,1259,11
2514,16,604,5,1589,16,1260,11
2514,16,604,5,1589,16,1312,11
2514,16,604,5,1589,16,1388,11
2514,16,604,5,1589,16,1391,11
2514,16,604,5,1589,16,1422,11
2514,16,604,5,1589,16,1556,11
2514,16,604,5,1589,16,1568,11
2514,16,604,5,1589,16,1599,11
2514,16,604,5,1589,16,1747,11
2514,16,604,5,1589,16,1773,11
2514,16,604,5,1589,16,1799,11
2514,16,604,5,1589,16,1818,11
2514,16,604,5,1589,16,1873,11
2514,16,604,5,1589,16,1940,11
2514,16,604,5,1589,16,1956,11
2514,16,604,5,1589,16,1997,11
2514,16,604,5,1589,16,2068,11
2514,16,604,5,1589,16,2079,11
2514,16,604,5,1589,16,2123,11
2514,16,604,5,1589,16,2196,11
2514,16,604,5,1589,16,2206,11
2514,16,604,5,1589,16,2216,11
2514,16,604,5,1589,16,2244,11
2514,16,604,5,1589,16,2259,11
2514,16,604,5,1589,16,2261,11
2514,16,604,5,1589,16,2289,11
2514,16,604,5,1589,16,2359,11
2514,16,604,5,1589,16,2370,11
2514,16,604,5,1589,16,2405,11
2514,16,604,5,1774,47,45,11
2514,16,604,5,1774,47,159,11
2514,16,604,5,1774,47,272,11
2514,16,604,5,1774,47,338,11
2514,16,604,5,1774,47,390,11
2514,16,604,5,1774,47,457,11
2514,16,604,5,1774,47,463,11
2514,16,604,5,1774,47,620,11
2514,16,604,5,1774,47,700,11
2514,16,604,5,1774,47,742,11
2514,16,604,5,1774,47,758,11
2514,16,604,5,1774,47,879,11
2514,16,604,5,1774,47,927,11
2514,16,604,5,1774,47,979,11
2514,16,604,5,1774,47,1003,11
2514,16,604,5,1774,47,1044,11
2514,16,604,5,1774,47,1068,11
2514,16,604,5,1774,47,1153,11
2514,16,604,5,1774,47,1186,11
2514,16,604,5,1774,47,1194,11
2514,16,604,5,1774,47,1259,11
2514,16,604,5,1774,47,1260,11
2514,16,604,5,1774,47,1312,11
2514,16,604,5,1774,47,1388,11
2514,16,604,5,1774,47,1391,11
2514,16,604,5,1774,47,1422,11
2514,16,604,5,1774,47,1556,11
2514,16,604,5,1774,47,1568,11
2514,16,604,5,1774,47,1599,11
2514,16,604,5,1774,47,1747,11
2514,16,604,5,1774,47,1773,11
2514,16,604,5,1774,47,1799,11
2514,16,604,5,1774,47,1818,11
2514,16,604,5,1774,47,1873,11
2514,16,604,5,1774,47,1940,11
2514,16,604,5,1774,47,1956,11
2514,16,604,5,1774,47,1997,11
2514,16,604,5,1774,47,2068,11
2514,16,604,5,1774,47,2079,11
2514,16,604,5,1774,47,2123,11
2514,16,604,5,1774,47,2196,11
2514,16,604,5,1774,47,2206,11
2514,16,604,5,1774,47,2216,11
2514,16,604,5,1774,47,2244,11
2514,16,604,5,1774,47,2259,11
2514,16,604,5,1774,47,2261,11
2514,16,604,5,1774,47,2289,11
2514,16,604,5,1774,47,2359,11
2514,16,604,5,1774,47,2370,11
2514,16,604,5,1774,47,2405,11
2514,16,604,5,1790,17,45,11
2514,16,604,5,1790,17,159,11
2514,16,604,5,1790,17,272,11
2514,16,604,5,1790,17,338,11
2514,16,604,5,1790,17,390,11
2514,16,604,5,1790,17,457,11
2514,16,604,5,1790,17,463,11
2514,16,604,5,1790,17,620,11
2514,16,604,5,1790,17,700,11
2514,16,604,5,1790,17,742,11
2514,16,604,5,1790,17,758,11
2514,16,604,5,1790,17,879,11
2514,16,604,5,1790,17,927,11
2514,16,604,5,1790,17,979,11
2514,16,604,5,1790,17,1003,11
2514,16,604,5,1790,17,1044,11
2514,16,604,5,1790,17,1068,11
2514,16,604,5,1790,17,1153,11
2514,16,604,5,1790,17,1186,11
2514,16,604,5,1790,17,1194,11
2514,16,604,5,1790,17,1259,11
2514,16,604,5,1790,17,1260,11
2514,16,604,5,1790,17,1312,11
2514,16,604,5,1790,17,1388,11
2514,16,604,5,1790,17,1391,11
2514,16,604,5,1790,17,1422,11
2514,16,604,5,1790,17,1556,11
2514,16,604,5,1790,17,1568,11
2514,16,604,5,1790,17,1599,11
2514,16,604,5,1790,17,1747,11
2514,16,604,5,1790,17,1773,11
2514,16,604,5,1790,17,1799,11
2514,16,604,5,1790,17,1818,11
2514,16,604,5,1790,17,1873,11
2514,16,604,5,1790,17,1940,11
2514,16,604,5,1790,17,1956,11
2514,16,604,5,1790,17,1997,11
2514,16,604,5,1790,17,2068,11
2514,16,604,5,1790,17,2079,11
2514,16,604,5,1790,17,2123,11
2514,16,604,5,1790,17,2196,11
2514,16,604,5,1790,17,2206,11
2514,16,604,5,1790,17,2216,11
2514,16,604,5,1790,17,2244,11
2514,16,604,5,1790,17,2259,11
2514,16,604,5,1790,17,2261,11
2514,16,604,5,1790,17,2289,11
2514,16,604,5,1790,17,2359,11
2514,16,604,5,1790,17,2370,11
2514,16,604,5,1790,17,2405,11
2514,16,604,5,1879,43,45,11
2514,16,604,5,1879,43,159,11
2514,16,604,5,1879,43,272,11
2514,16,604,5,1879,43,338,11
2514,16,604,5,1879,43,390,11
2514,16,604,5,1879,43,457,11
2514,16,604,5,1879,43,463,11
2514,16,604,5,1879,43,620,11
2514,16,604,5,1879,43,700,11
2514,16,604,5,1879,43,742,11
2514,16,604,5,1879,43,758,11
2514,16,604,5,1879,43,879,11
2514,16,604,5,1879,43,927,11
2514,16,604,5,1879,43,979,11
2514,16,604,5,1879,43,1003,11
2514,16,604,5,1879,43,1044,11
2514,16,604,5,1879,43,1068,11
2514,16,604,5,1879,43,1153,11
2514,16,604,5,1879,43,1186,11
2514,16,604,5,1879,43,1194,11
2514,16,604,5,1879,43,1259,11
2514,16,604,5,1879,43,1260,11
2514,16,604,5,1879,43,1312,11
2514,16,604,5,1879,43,1388,11
2514,16,604,5,1879,43,1391,11
2514,16,604,5,1879,43,1422,11
2514,16,604,5,1879,43,1556,11
2514,16,604,5,1879,43,1568,11
2514,16,604,5,1879,43,1599,11
2514,16,604,5,1879,43,1747,11
2514,16,604,5,1879,43,1773,11
2514,16,604,5,1879,43,1799,11
2514,16,604,5,1879,43,1818,11
2514,16,604,5,1879,43,1873,11
2514,16,604,5,1879,43,1940,11
2514,16,604,5,1879,43,1956,11
2514,16,604,5,1879,43,1997,11
2514,16,604,5,1879,43,2068,11
2514,16,604,5,1879,43,2079,11
2514,16,604,5,1879,43,2123,11
2514,16,604,5,1879,43,2196,11
2514,16,604,5,1879,43,2206,11
2514,16,604,5,1879,43,2216,11
2514,16,604,5,1879,43,2244,11
2514,16,604,5,1879,43,2259,11
2514,16,604,5,1879,43,2261,11
2514,16,604,5,1879,43,2289,11
2514,16,604,5,1879,43,2359,11
2514,16,604,5,1879,43,2370,11
2514,16,604,5,1879,43,2405,11
2514,16,604,5,1958,33,45,11
2514,16,604,5,1958,33,159,11
2514,16,604,5,1958,33,272,11
2514,16,604,5,1958,33,338,11
2514,16,604,5,1958,33,390,11
2514,16,604,5,1958,33,457,11
2514,16,604,5,1958,33,463,11
2514,16,604,5,1958,33,620,11
2514,16,604,5,1958,33,700,11
2514,16,604,5,1958,33,742,11
2514,16,604,5,1958,33,758,11
2514,16,604,5,1958,33,879,11
2514,16,604,5,1958,33,927,11
2514,16,604,5,1958,33,979,11
2514,16,604,5,1958,33,1003,11
2514,16,604,5,1958,33,1044,11
2514,16,604,5,1958,33,1068,11
2514,16,604,5,1958,33,1153,11
2514,16,604,5,1958,33,1186,11
2514,16,604,5,1958,33,1194,11
2514,16,604,5,1958,33,1259,11
2514,16,604,5,1958,33,1260,11
2514,16,604,5,1958,33,1312,11
2514,16,604,5,1958,33,1388,11
2514,16,604,5,1958,33,1391,11
2514,16,604,5,1958,33,1422,11
2514,16,604,5,1958,33,1556,11
2514,16,604,5,1958,33,1568,11
2514,16,604,5,1958,33,1599,11
2514,16,604,5,1958,33,1747,11
2514,16,604,5,1958,33,1773,11
2514,16,604,5,1958,33,1799,11
2514,16,604,5,1958,33,1818,11
2514,16,604,5,1958,33,1873,11
2514,16,604,5,1958,33,1940,11
2514,16,604,5,1958,33,1956,11
2514,16,604,5,1958,33,1997,11
2514,16,604,5,1958,33,2068,11
2514,16,604,5,1958,33,2079,11
2514,16,604,5,1958,33,2123,11
2514,16,604,5,1958,33,2196,11
2514,16,604,5,1958,33,2206,11
2514,16,604,5,1958,33,2216,11
2514,16,604,5,1958,33,2244,11
2514,16,604,5,1958,33,2259,11
2514,16,604,5,1958,33,2261,11
2514,16,604,5,1958,33,2289,11
2514,16,604,5,1958,33,2359,11
2514,16,604,5,1958,33,2370,11
2514,16,604,5,1958,33,2405,11
