2514,16,197,34,4,43,45,11
2514,16,197,34,4,43,159,11
2514,16,197,34,4,43,272,11
2514,16,197,34,4,43,338,11
2514,16,197,34,4,43,390,11
2514,16,197,34,4,43,457,11
2514,16,197,34,4,43,463,11
2514,16,197,34,4,43,620,11
2514,16,197,34,4,43,700,11
2514,16,197,34,4,43,742,11
2514,16,197,34,4,43,758,11
2514,16,197,34,4,43,879,11
2514,16,197,34,4,43,927,11
2514,16,197,34,4,43,979,11
2514,16,197,34,4,43,1003,11
2514,16,197,34,4,43,1044,11
2514,16,197,34,4,43,1068,11
2514,16,197,34,4,43,1153,11
2514,16,197,34,4,43,1186,11
2514,16,197,34,4,43,1194,11
2514,16,197,34,4,43,1259,11
2514,16,197,34,4,43,1260,11
2514,16,197,34,4,43,1312,11
2514,16,197,34,4,43,1388,11
2514,16,197,34,4,43,1391,11
2514,16,197,34,4,43,1422,11
2514,16,197,34,4,43,1556,11
2514,16,197,34,4,43,1568,11
2514,16,197,34,4,43,1599,11
2514,16,197,34,4,43,1747,11
2514,16,197,34,4,43,1773,11
2514,16,197,34,4,43,1799,11
2514,16,197,34,4,43,1818,11
2514,16,197,34,4,43,1873,11
2514,16,197,34,4,43,1940,11
2514,16,197,34,4,43,1956,11
2514,16,197,34,4,43,1997,11
2514,16,197,34,4,43,2068,11
2514,16,197,34,4,43,2079,11
2514,16,197,34,4,43,2123,11
2514,16,197,34,4,43,2196,11
2514,16,197,34,4,43,2206,11
2514,16,197,34,4,43,2216,11
2514,16,197,34,4,43,2244,11
2514,16,197,34,4,43,2259,11
2514,16,197,34,4,43,2261,11
2514,16,197,34,4,43,2289,11
2514,16,197,34,4,43,2359,11
2514,16,197,34,4,43,2370,11
2514,16,197,34,4,43,2405,11
2514,16,197,34,311,24,45,11
2514,16,197,34,311,24,159,11
2514,16,197,34,311,24,272,11
2514,16,197,34,311,24,338,11
2514,16,197,34,311,24,390,11
2514,16,197,34,311,24,457,11
2514,16,197,34,311,24,463,11
2514,16,197,34,311,24,620,11
2514,16,197,34,311,24,700,11
2514,16,197,34,311,24,742,11
2514,16,197,34,311,24,758,11
2514,16,197,34,311,24,879,11
2514,16,197,34,311,24,927,11
2514,16,197,34,311,24,979,11
2514,16,197,34,311,24,1003,11
2514,16,197,34,311,24,1044,11
2514,16,197,34,311,24,1068,11
2514,16,197,34,311,24,1153,11
2514,16,197,34,311,24,1186,11
2514,16,197,34,311,24,1194,11
2514,16,197,34,311,24,1259,11
2514,16,197,34,311,24,1260,11
2514,16,197,34,311,24,1312,11
2514,16,197,34,311,24,1388,11
2514,16,197,34,311,24,1391,11
2514,16,197,34,311,24,1422,11
2514,16,197,34,311,24,1556,11
2514,16,197,34,311,24,1568,11
2514,16,197,34,311,24,1599,11
2514,16,197,34,311,24,1747,11
2514,16,197,34,311,24,1773,11
2514,16,197,34,311,24,1799,11
2514,16,197,34,311,24,1818,11
2514,16,197,34,311,24,1873,11
2514,16,197,34,311,24,1940,11
2514,16,197,34,311,24,1956,11
2514,16,197,34,311,24,1997,11
2514,16,197,34,311,24,2068,11
2514,16,197,34,311,24,2079,11
2514,16,197,34,311,24,2123,11
2514,16,197,34,311,24,2196,11
2514,16,197,34,311,24,2206,11
2514,16,197,34,311,24,2216,11
2514,16,197,34,311,24,2244,11
2514,16,197,34,311,24,2259,11
2514,16,197,34,311,24,2261,11
2514,16,197,34,311,24,2289,11
2514,16,197,34,311,24,2359,11
2514,16,197,34,311,24,2370,11
2514,16,197,34,311,24,2405,11
2514,16,197,34,634,23,45,11
2514,16,197,34,634,23,159,11
2514,16,197,34,634,23,272,11
2514,16,197,34,634,23,338,11
2514,16,197,34,634,23,390,11
2514,16,197,34,634,23,457,11
2514,16,197,34,634,23,463,11
2514,16,197,34,634,23,620,11
2514,16,197,34,634,23,700,11
2514,16,197,34,634,23,742,11
2514,16,197,34,634,23,758,11
2514,16,197,34,634,23,879,11
2514,16,197,34,634,23,927,11
2514,16,197,34,634,23,979,11
2514,16,197,34,634,23,1003,11
2514,16,197,34,634,23,1044,11
2514,16,197,34,634,23,1068,11
2514,16,197,34,634,23,1153,11
2514,16,197,34,634,23,1186,11
2514,16,197,34,634,23,1194,11
2514,16,197,34,634,23,1259,11
2514,16,197,34,634,23,1260,11
2514,16,197,34,634,23,1312,11
2514,16,197,34,634,23,1388,11
2514,16,197,34,634,23,1391,11
2514,16,197,34,634,23,1422,11
2514,16,197,34,634,23,1556,11
2514,16,197,34,634,23,1568,11
2514,16,197,34,634,23,1599,11
2514,16,197,34,634,23,1747,11
2514,16,197,34,634,23,1773,11
2514,16,197,34,634,23,1799,11
2514,16,197,34,634,23,1818,11
2514,16,197,34,634,23,1873,11
2514,16,197,34,634,23,1940,11
2514,16,197,34,634,23,1956,11
2514,16,197,34,634,23,1997,11
2514,16,197,34,634,23,2068,11
2514,16,197,34,634,23,2079,11
2514,16,197,34,634,23,2123,11
2514,16,197,34,634,23,2196,11
2514,16,197,34,634,23,2206,11
2514,16,197,34,634,23,2216,11
2514,16,197,34,634,23,2244,11
2514,16,197,34,634,23,2259,11
2514,16,197,34,634,23,2261,11
2514,16,197,34,634,23,2289,11
2514,16,197,34,634,23,2359,11
2514,16,197,34,634,23,2370,11
2514,16,197,34,634,23,2405,11
2514,16,197,34,776,10,45,11
2514,16,197,34,776,10,159,11
2514,16,197,34,776,10,272,11
2514,16,197,34,776,10,338,11
2514,16,197,34,776,10,390,11
2514,16,197,34,776,10,457,11
2514,16,197,34,776,10,463,11
2514,16,197,34,776,10,620,11
2514,16,197,34,776,10,700,11
2514,16,197,34,776,10,742,11
2514,16,197,34,776,10,758,11
2514,16,197,34,776,10,879,11
2514,16,197,34,776,10,927,11
2514,16,197,34,776,10,979,11
2514,16,197,34,776,10,1003,11
2514,16,197,34,776,10,1044,11
2514,16,197,34,776,10,1068,11
2514,16,197,34,776,10,1153,11
2514,16,197,34,776,10,1186,11
2514,16,197,34,776,10,1194,11
2514,16,197,34,776,10,1259,11
2514,16,197,34,776,10,1260,11
2514,16,197,34,776,10,1312,11
2514,16,197,34,776,10,1388,11
2514,16,197,34,776,10,1391,11
2514,16,197,34,776,10,1422,11
2514,16,197,34,776,10,1556,11
2514,16,197,34,776,10,1568,11
2514,16,197,34,776,10,1599,11
2514,16,197,34,776,10,1747,11
2514,16,197,34,776,10,1773,11
2514,16,197,34,776,10,1799,11
2514,16,197,34,776,10,1818,11
2514,16,197,34,776,10,1873,11
2514,16,197,34,776,10,1940,11
2514,16,197,34,776,10,1956,11
2514,16,197,34,776,10,1997,11
2514,16,197,34,776,10,2068,11
2514,16,197,34,776,10,2079,11
2514,16,197,34,776,10,2123,11
2514,16,197,34,776,10,2196,11
2514,16,197,34,776,10,2206,11
2514,16,197,34,776,10,2216,11
2514,16,197,34,776,10,2244,11
2514,16,197,34,776,10,2259,11
2514,16,197,34,776,10,2261,11
2514,16,197,34,776,10,2289,11
2514,16,197,34,776,10,2359,11
2514,16,197,34,776,10,2370,11
2514,16,197,34,776,10,2405,11
2514,16,197,34,1112,34,45,11
2514,16,197,34,1112,34,159,11
2514,16,197,34,1112,34,272,11
2514,16,197,34,1112,34,338,11
2514,16,197,34,1112,34,390,11
2514,16,197,34,1112,34,457,11
2514,16,197,34,1112,34,463,11
2514,16,197,34,1112,34,620,11
2514,16,197,34,1112,34,700,11
2514,16,197,34,1112,34,742,11
2514,16,197,34,1112,34,758,11
2514,16,197,34,1112,34,879,11
2514,16,197,34,1112,34,927,11
2514,16,197,34,1112,34,979,11
2514,16,197,34,1112,34,1003,11
2514,16,197,34,1112,34,1044,11
2514,16,197,34,1112,34,1068,11
2514,16,197,34,1112,34,1153,11
2514,16,197,34,1112,34,1186,11
2514,16,197,34,1112,34,1194,11
2514,16,197,34,1112,34,1259,11
2514,16,197,34,1112,34,1260,11
2514,16,197,34,1112,34,1312,11
2514,16,197,34,1112,34,1388,11
2514,16,197,34,1112,34,1391,11
2514,16,197,34,1112,34,1422,11
2514,16,197,34,1112,34,1556,11
2514,16,197,34,1112,34,1568,11
2514,16,197,34,1112,34,1599,11
2514,16,197,34,1112,34,1747,11
2514,16,197,34,1112,34,1773,11
2514,16,197,34,1112,34,1799,11
2514,16,197,34,1112,34,1818,11
2514,16,197,34,1112,34,1873,11
2514,16,197,34,1112,34,1940,11
2514,16,197,34,1112,34,1956,11
2514,16,197,34,1112,34,1997,11
2514,16,197,34,1112,34,2068,11
2514,16,197,34,1112,34,2079,11
2514,16,197,34,1112,34,2123,11
2514,16,197,34,1112,34,2196,11
2514,16,197,34,1112,34,2206,11
2514,16,197,34,1112,34,2216,11
2514,16,197,34,1112,34,2244,11
2514,16,197,34,1112,34,2259,11
2514,16,197,34,1112,34,2261,11
2514,16,197,34,1112,34,2289,11
2514,16,197,34,1112,34,2359,11
2514,16,197,34,1112,34,2370,11
2514,16,197,34,1112,34,2405,11
2514,16,197,34,1167,31,45,11
2514,16,197,34,1167,31,159,11
2514,16,197,34,1167,31,272,11
2514,16,197,34,1167,31,338,11
2514,16,197,34,1167,31,390,11
2514,16,197,34,1167,31,457,11
2514,16,197,34,1167,31,463,11
2514,16,197,34,1167,31,620,11
2514,16,197,34,1167,31,700,11
2514,16,197,34,1167,31,742,11
2514,16,197,34,1167,31,758,11
2514,16,197,34,1167,31,879,11
2514,16,197,34,1167,31,927,11
2514,16,197,34,1167,31,979,11
2514,16,197,34,1167,31,1003,11
2514,16,197,34,1167,31,1044,11
2514,16,197,34,1167,31,1068,11
2514,16,197,34,1167,31,1153,11
2514,16,197,34,1167,31,1186,11
2514,16,197,34,1167,31,1194,11
2514,16,197,34,1167,31,1259,11
2514,16,197,34,1167,31,1260,11
2514,16,197,34,1167,31,1312,11
2514,16,197,34,1167,31,1388,11
2514,16,197,34,1167,31,1391,11
2514,16,197,34,1167,31,1422,11
2514,16,197,34,1167,31,1556,11
2514,16,197,34,1167,31,1568,11
2514,16,197,34,1167,31,1599,11
2514,16,197,34,1167,31,1747,11
2514,16,197,34,1167,31,1773,11
2514,16,197,34,1167,31,1799,11
2514,16,197,34,1167,31,1818,11
2514,16,197,34,1167,31,1873,11
2514,16,197,34,1167,31,1940,11
2514,16,197,34,1167,31,1956,11
2514,16,197,34,1167,31,1997,11
2514,16,197,34,1167,31,2068,11
2514,16,197,34,1167,31,2079,11
2514,16,197,34,1167,31,2123,11
2514,16,197,34,1167,31,2196,11
2514,16,197,34,1167,31,2206,11
2514,16,197,34,1167,31,2216,11
2514,16,197,34,1167,31,2244,11
2514,16,197,34,1167,31,2259,11
2514,16,197,34,1167,31,2261,11
2514,16,197,34,1167,31,2289,11
2514,16,197,34,1167,31,2359,11
2514,16,197,34,1167,31,2370,11
2514,16,197,34,1167,31,2405,11
2514,16,197,34,1170,25,45,11
2514,16,197,34,1170,25,159,11
2514,16,197,34,1170,25,272,11
2514,16,197,34,1170,25,338,11
2514,16,197,34,1170,25,390,11
2514,16,197,34,1170,25,457,11
2514,16,197,34,1170,25,463,11
2514,16,197,34,1170,25,620,11
2514,16,197,34,1170,25,700,11
2514,16,197,34,1170,25,742,11
2514,16,197,34,1170,25,758,11
2514,16,197,34,1170,25,879,11
2514,16,197,34,1170,25,927,11
2514,16,197,34,1170,25,979,11
2514,16,197,34,1170,25,1003,11
2514,16,197,34,1170,25,1044,11
2514,16,197,34,1170,25,1068,11
2514,16,197,34,1170,25,1153,11
2514,16,197,34,1170,25,1186,11
2514,16,197,34,1170,25,1194,11
2514,16,197,34,1170,25,1259,11
2514,16,197,34,1170,25,1260,11
2514,16,197,34,1170,25,1312,11
2514,16,197,34,1170,25,1388,11
2514,16,197,34,1170,25,1391,11
2514,16,197,34,1170,25,1422,11
2514,16,197,34,1170,25,1556,11
2514,16,197,34,1170,25,1568,11
2514,16,197,34,1170,25,1599,11
2514,16,197,34,1170,25,1747,11
2514,16,197,34,1170,25,1773,11
2514,16,197,34,1170,25,1799,11
2514,16,197,34,1170,25,1818,11
2514,16,197,34,1170,25,1873,11
2514,16,197,34,1170,25,1940,11
2514,16,197,34,1170,25,1956,11
2514,16,197,34,1170,25,1997,11
2514,16,197,34,1170,25,2068,11
2514,16,197,34,1170,25,2079,11
2514,16,197,34,1170,25,2123,11
2514,16,197,34,1170,25,2196,11
2514,16,197,34,1170,25,2206,11
2514,16,197,34,1170,25,2216,11
2514,16,197,34,1170,25,2244,11
2514,16,197,34,1170,25,2259,11
2514,16,197,34,1170,25,2261,11
2514,16,197,34,1170,25,2289,11
2514,16,197,34,1170,25,2359,11
2514,16,197,34,1170,25,2370,11
2514,16,197,34,1170,25,2405,11
2514,16,197,34,1187,31,45,11
2514,16,197,34,1187,31,338,11
2514,16,197,34,1187,31,390,11
2514,16,197,34,1187,31,620,11
2514,16,197,34,1187,31,742,11
2514,16,197,34,1187,31,758,11
2514,16,197,34,1187,31,979,11
2514,16,197,34,1187,31,1044,11
2514,16,197,34,1187,31,1186,11
2514,16,197,34,1187,31,1259,11
2514,16,197,34,1187,31,1312,11
2514,16,197,34,1187,31,1773,11
2514,16,197,34,1187,31,1799,11
2514,16,197,34,1187,31,1956,11
2514,16,197,34,1187,31,1997,11
2514,16,197,34,1187,31,2206,11
2514,16,197,34,1187,31,2244,11
2514,16,197,34,1187,31,2261,11
2514,16,197,34,1187,31,2289,11
2514,16,197,34,1187,31,2359,11
2514,16,197,34,1209,37,45,11
2514,16,197,34,1209,37,159,11
2514,16,197,34,1209,37,272,11
2514,16,197,34,1209,37,338,11
2514,16,197,34,1209,37,390,11
2514,16,197,34,1209,37,457,11
2514,16,197,34,1209,37,463,11
2514,16,197,34,1209,37,620,11
2514,16,197,34,1209,37,700,11
2514,16,197,34,1209,37,742,11
2514,16,197,34,1209,37,758,11
2514,16,197,34,1209,37,879,11
2514,16,197,34,1209,37,927,11
2514,16,197,34,1209,37,979,11
2514,16,197,34,1209,37,1003,11
2514,16,197,34,1209,37,1044,11
2514,16,197,34,1209,37,1068,11
2514,16,197,34,1209,37,1153,11
2514,16,197,34,1209,37,1186,11
2514,16,197,34,1209,37,1194,11
2514,16,197,34,1209,37,1259,11
2514,16,197,34,1209,37,1260,11
2514,16,197,34,1209,37,1312,11
2514,16,197,34,1209,37,1388,11
2514,16,197,34,1209,37,1391,11
2514,16,197,34,1209,37,1422,11
2514,16,197,34,1209,37,1556,11
2514,16,197,34,1209,37,1568,11
2514,16,197,34,1209,37,1599,11
2514,16,197,34,1209,37,1747,11
2514,16,197,34,1209,37,1773,11
2514,16,197,34,1209,37,1799,11
2514,16,197,34,1209,37,1818,11
2514,16,197,34,1209,37,1873,11
2514,16,197,34,1209,37,1940,11
2514,16,197,34,1209,37,1956,11
2514,16,197,34,1209,37,1997,11
2514,16,197,34,1209,37,2068,11
2514,16,197,34,1209,37,2079,11
2514,16,197,34,1209,37,2123,11
2514,16,197,34,1209,37,2196,11
2514,16,197,34,1209,37,2206,11
2514,16,197,34,1209,37,2216,11
2514,16,197,34,1209,37,2244,11
2514,16,197,34,1209,37,2259,11
2514,16,197,34,1209,37,2261,11
2514,16,197,34,1209,37,2289,11
2514,16,197,34,1209,37,2359,11
2514,16,197,34,1209,37,2370,11
2514,16,197,34,1209,37,2405,11
2514,16,197,34,1504,9,45,11
2514,16,197,34,1504,9,159,11
2514,16,197,34,1504,9,272,11
2514,16,197,34,1504,9,338,11
2514,16,197,34,1504,9,390,11
2514,16,197,34,1504,9,457,11
2514,16,197,34,1504,9,463,11
2514,16,197,34,1504,9,620,11
2514,16,197,34,1504,9,700,11
2514,16,197,34,1504,9,742,11
2514,16,197,34,1504,9,758,11
2514,16,197,34,1504,9,879,11
2514,16,197,34,1504,9,927,11
2514,16,197,34,1504,9,979,11
2514,16,197,34,1504,9,1003,11
2514,16,197,34,1504,9,1044,11
2514,16,197,34,1504,9,1068,11
2514,16,197,34,1504,9,1153,11
2514,16,197,34,1504,9,1186,11
2514,16,197,34,1504,9,1194,11
2514,16,197,34,1504,9,1259,11
2514,16,197,34,1504,9,1260,11
2514,16,197,34,1504,9,1312,11
2514,16,197,34,1504,9,1388,11
2514,16,197,34,1504,9,1391,11
2514,16,197,34,1504,9,1422,11
2514,16,197,34,1504,9,1556,11
2514,16,197,34,1504,9,1568,11
2514,16,197,34,1504,9,1599,11
2514,16,197,34,1504,9,1747,11
2514,16,197,34,1504,9,1773,11
2514,16,197,34,1504,9,1799,11
2514,16,197,34,1504,9,1818,11
2514,16,197,34,1504,9,1873,11
2514,16,197,34,1504,9,1940,11
2514,16,197,34,1504,9,1956,11
2514,16,197,34,1504,9,1997,11
2514,16,197,34,1504,9,2068,11
2514,16,197,34,1504,9,2079,11
2514,16,197,34,1504,9,2123,11
2514,16,197,34,1504,9,2196,11
2514,16,197,34,1504,9,2206,11
2514,16,197,34,1504,9,2216,11
2514,16,197,34,1504,9,2244,11
2514,16,197,34,1504,9,2259,11
2514,16,197,34,1504,9,2261,11
2514,16,197,34,1504,9,2289,11
2514,16,197,34,1504,9,2359,11
2514,16,197,34,1504,9,2370,11
2514,16,197,34,1504,9,2405,11
2514,16,197,34,1705,12,159,11
2514,16,197,34,1705,12,457,11
2514,16,197,34,1705,12,463,11
2514,16,197,34,1705,12,700,11
2514,16,197,34,1705,12,879,11
2514,16,197,34,1705,12,927,11
2514,16,197,34,1705,12,1003,11
2514,16,197,34,1705,12,1153,11
2514,16,197,34,1705,12,1194,11
2514,16,197,34,1705,12,1388,11
2514,16,197,34,1705,12,1556,11
2514,16,197,34,1705,12,1568,11
2514,16,197,34,1705,12,1599,11
2514,16,197,34,1705,12,1818,11
2514,16,197,34,1705,12,1873,11
2514,16,197,34,1705,12,1940,11
2514,16,197,34,1705,12,2123,11
2514,16,197,34,1705,12,2196,11
2514,16,197,34,1705,12,2216,11
2514,16,197,34,1705,12,2370,11
2514,16,197,34,1973,50,45,11
2514,16,197,34,1973,50,159,11
2514,16,197,34,1973,50,272,11
2514,16,197,34,1973,50,338,11
2514,16,197,34,1973,50,390,11
2514,16,197,34,1973,50,457,11
2514,16,197,34,1973,50,463,11
2514,16,197,34,1973,50,620,11
2514,16,197,34,1973,50,700,11
2514,16,197,34,1973,50,742,11
2514,16,197,34,1973,50,758,11
2514,16,197,34,1973,50,879,11
2514,16,197,34,1973,50,927,11
2514,16,197,34,1973,50,979,11
2514,16,197,34,1973,50,1003,11
2514,16,197,34,1973,50,1044,11
2514,16,197,34,1973,50,1068,11
2514,16,197,34,1973,50,1153,11
2514,16,197,34,1973,50,1186,11
2514,16,197,34,1973,50,1194,11
2514,16,197,34,1973,50,1259,11
2514,16,197,34,1973,50,1260,11
2514,16,197,34,1973,50,1312,11
2514,16,197,34,1973,50,1388,11
2514,16,197,34,1973,50,1391,11
2514,16,197,34,1973,50,1422,11
2514,16,197,34,1973,50,1556,11
2514,16,197,34,1973,50,1568,11
2514,16,197,34,1973,50,1599,11
2514,16,197,34,1973,50,1747,11
2514,16,197,34,1973,50,1773,11
2514,16,197,34,1973,50,1799,11
2514,16,197,34,1973,50,1818,11
2514,16,197,34,1973,50,1873,11
2514,16,197,34,1973,50,1940,11
2514,16,197,34,1973,50,1956,11
2514,16,197,34,1973,50,1997,11
2514,16,197,34,1973,50,2068,11
2514,16,197,34,1973,50,2079,11
2514,16,197,34,1973,50,2123,11
2514,16,197,34,1973,50,2196,11
2514,16,197,34,1973,50,2206,11
2514,16,197,34,1973,50,2216,11
2514,16,197,34,1973,50,2244,11
2514,16,197,34,1973,50,2259,11
2514,16,197,34,1973,50,2261,11
2514,16,197,34,1973,50,2289,11
2514,16,197,34,1973,50,2359,11
2514,16,197,34,1973,50,2370,11
2514,16,197,34,1973,50,2405,11
2514,16,197,34,1974,19,45,11
2514,16,197,34,1974,19,159,11
2514,16,197,34,1974,19,272,11
2514,16,197,34,1974,19,338,11
2514,16,197,34,1974,19,390,11
2514,16,197,34,1974,19,457,11
2514,16,197,34,1974,19,463,11
2514,16,197,34,1974,19,620,11
2514,16,197,34,1974,19,700,11
2514,16,197,34,1974,19,742,11
2514,16,197,34,1974,19,758,11
2514,16,197,34,1974,19,879,11
2514,16,197,34,1974,19,927,11
2514,16,197,34,1974,19,979,11
2514,16,197,34,1974,19,1003,11
2514,16,197,34,1974,19,1044,11
2514,16,197,34,1974,19,1068,11
2514,16,197,34,1974,19,1153,11
2514,16,197,34,1974,19,1186,11
2514,16,197,34,1974,19,1194,11
2514,16,197,34,1974,19,1259,11
2514,16,197,34,1974,19,1260,11
2514,16,197,34,1974,19,1312,11
2514,16,197,34,1974,19,1388,11
2514,16,197,34,1974,19,1391,11
2514,16,197,34,1974,19,1422,11
2514,16,197,34,1974,19,1556,11
2514,16,197,34,1974,19,1568,11
2514,16,197,34,1974,19,1599,11
2514,16,197,34,1974,19,1747,11
2514,16,197,34,1974,19,1773,11
2514,16,197,34,1974,19,1799,11
2514,16,197,34,1974,19,1818,11
2514,16,197,34,1974,19,1873,11
2514,16,197,34,1974,19,1940,11
2514,16,197,34,1974,19,1956,11
2514,16,197,34,1974,19,1997,11
2514,16,197,34,1974,19,2068,11
2514,16,197,34,1974,19,2079,11
2514,16,197,34,1974,19,2123,11
2514,16,197,34,1974,19,2196,11
2514,16,197,34,1974,19,2206,11
2514,16,197,34,1974,19,2216,11
2514,16,197,34,1974,19,2244,11
2514,16,197,34,1974,19,2259,11
2514,16,197,34,1974,19,2261,11
2514,16,197,34,1974,19,2289,11
2514,16,197,34,1974,19,2359,11
2514,16,197,34,1974,19,2370,11
2514,16,197,34,1974,19,2405,11
2514,16,197,34,1984,42,45,11
2514,16,197,34,1984,42,159,11
2514,16,197,34,1984,42,272,11
2514,16,197,34,1984,42,338,11
2514,16,197,34,1984,42,390,11
2514,16,197,34,1984,42,457,11
2514,16,197,34,1984,42,463,11
2514,16,197,34,1984,42,620,11
2514,16,197,34,1984,42,700,11
2514,16,197,34,1984,42,742,11
2514,16,197,34,1984,42,758,11
2514,16,197,34,1984,42,879,11
2514,16,197,34,1984,42,927,11
2514,16,197,34,1984,42,979,11
2514,16,197,34,1984,42,1003,11
2514,16,197,34,1984,42,1044,11
2514,16,197,34,1984,42,1068,11
2514,16,197,34,1984,42,1153,11
2514,16,197,34,1984,42,1186,11
2514,16,197,34,1984,42,1194,11
2514,16,197,34,1984,42,1259,11
2514,16,197,34,1984,42,1260,11
2514,16,197,34,1984,42,1312,11
2514,16,197,34,1984,42,1388,11
2514,16,197,34,1984,42,1391,11
2514,16,197,34,1984,42,1422,11
2514,16,197,34,1984,42,1556,11
2514,16,197,34,1984,42,1568,11
2514,16,197,34,1984,42,1599,11
2514,16,197,34,1984,42,1747,11
2514,16,197,34,1984,42,1773,11
2514,16,197,34,1984,42,1799,11
2514,16,197,34,1984,42,1818,11
2514,16,197,34,1984,42,1873,11
2514,16,197,34,1984,42,1940,11
2514,16,197,34,1984,42,1956,11
2514,16,197,34,1984,42,1997,11
2514,16,197,34,1984,42,2068,11
2514,16,197,34,1984,42,2079,11
2514,16,197,34,1984,42,2123,11
2514,16,197,34,1984,42,2196,11
2514,16,197,34,1984,42,2206,11
2514,16,197,34,1984,42,2216,11
2514,16,197,34,1984,42,2244,11
2514,16,197,34,1984,42,2259,11
2514,16,197,34,1984,42,2261,11
2514,16,197,34,1984,42,2289,11
2514,16,197,34,1984,42,2359,11
2514,16,197,34,1984,42,2370,11
2514,16,197,34,1984,42,2405,11
