2514,16,290,44,58,9,45,11
2514,16,290,44,58,9,159,11
2514,16,290,44,58,9,272,11
2514,16,290,44,58,9,338,11
2514,16,290,44,58,9,390,11
2514,16,290,44,58,9,457,11
2514,16,290,44,58,9,463,11
2514,16,290,44,58,9,620,11
2514,16,290,44,58,9,700,11
2514,16,290,44,58,9,742,11
2514,16,290,44,58,9,758,11
2514,16,290,44,58,9,879,11
2514,16,290,44,58,9,927,11
2514,16,290,44,58,9,979,11
2514,16,290,44,58,9,1003,11
2514,16,290,44,58,9,1044,11
2514,16,290,44,58,9,1068,11
2514,16,290,44,58,9,1153,11
2514,16,290,44,58,9,1186,11
2514,16,290,44,58,9,1194,11
2514,16,290,44,58,9,1259,11
2514,16,290,44,58,9,1260,11
2514,16,290,44,58,9,1312,11
2514,16,290,44,58,9,1388,11
2514,16,290,44,58,9,1391,11
2514,16,290,44,58,9,1422,11
2514,16,290,44,58,9,1556,11
2514,16,290,44,58,9,1568,11
2514,16,290,44,58,9,1599,11
2514,16,290,44,58,9,1747,11
2514,16,290,44,58,9,1773,11
2514,16,290,44,58,9,1799,11
2514,16,290,44,58,9,1818,11
2514,16,290,44,58,9,1873,11
2514,16,290,44,58,9,1940,11
2514,16,290,44,58,9,1956,11
2514,16,290,44,58,9,1997,11
2514,16,290,44,58,9,2068,11
2514,16,290,44,58,9,2079,11
2514,16,290,44,58,9,2123,11
2514,16,290,44,58,9,2196,11
2514,16,290,44,58,9,2206,11
2514,16,290,44,58,9,2216,11
2514,16,290,44,58,9,2244,11
2514,16,290,44,58,9,2259,11
2514,16,290,44,58,9,2261,11
2514,16,290,44,58,9,2289,11
2514,16,290,44,58,9,2359,11
2514,16,290,44,58,9,2370,11
2514,16,290,44,58,9,2405,11
2514,16,290,44,268,17,45,11
2514,16,290,44,268,17,159,11
2514,16,290,44,268,17,272,11
2514,16,290,44,268,17,338,11
2514,16,290,44,268,17,390,11
2514,16,290,44,268,17,457,11
2514,16,290,44,268,17,463,11
2514,16,290,44,268,17,620,11
2514,16,290,44,268,17,700,11
2514,16,290,44,268,17,742,11
2514,16,290,44,268,17,758,11
2514,16,290,44,268,17,879,11
2514,16,290,44,268,17,927,11
2514,16,290,44,268,17,979,11
2514,16,290,44,268,17,1003,11
2514,16,290,44,268,17,1044,11
2514,16,290,44,268,17,1068,11
2514,16,290,44,268,17,1153,11
2514,16,290,44,268,17,1186,11
2514,16,290,44,268,17,1194,11
2514,16,290,44,268,17,1259,11
2514,16,290,44,268,17,1260,11
2514,16,290,44,268,17,1312,11
2514,16,290,44,268,17,1388,11
2514,16,290,44,268,17,1391,11
2514,16,290,44,268,17,1422,11
2514,16,290,44,268,17,1556,11
2514,16,290,44,268,17,1568,11
2514,16,290,44,268,17,1599,11
2514,16,290,44,268,17,1747,11
2514,16,290,44,268,17,1773,11
2514,16,290,44,268,17,1799,11
2514,16,290,44,268,17,1818,11
2514,16,290,44,268,17,1873,11
2514,16,290,44,268,17,1940,11
2514,16,290,44,268,17,1956,11
2514,16,290,44,268,17,1997,11
2514,16,290,44,268,17,2068,11
2514,16,290,44,268,17,2079,11
2514,16,290,44,268,17,2123,11
2514,16,290,44,268,17,2196,11
2514,16,290,44,268,17,2206,11
2514,16,290,44,268,17,2216,11
2514,16,290,44,268,17,2244,11
2514,16,290,44,268,17,2259,11
2514,16,290,44,268,17,2261,11
2514,16,290,44,268,17,2289,11
2514,16,290,44,268,17,2359,11
2514,16,290,44,268,17,2370,11
2514,16,290,44,268,17,2405,11
2514,16,290,44,312,50,45,11
2514,16,290,44,312,50,159,11
2514,16,290,44,312,50,272,11
2514,16,290,44,312,50,338,11
2514,16,290,44,312,50,390,11
2514,16,290,44,312,50,457,11
2514,16,290,44,312,50,463,11
2514,16,290,44,312,50,620,11
2514,16,290,44,312,50,700,11
2514,16,290,44,312,50,742,11
2514,16,290,44,312,50,758,11
2514,16,290,44,312,50,879,11
2514,16,290,44,312,50,927,11
2514,16,290,44,312,50,979,11
2514,16,290,44,312,50,1003,11
2514,16,290,44,312,50,1044,11
2514,16,290,44,312,50,1068,11
2514,16,290,44,312,50,1153,11
2514,16,290,44,312,50,1186,11
2514,16,290,44,312,50,1194,11
2514,16,290,44,312,50,1259,11
2514,16,290,44,312,50,1260,11
2514,16,290,44,312,50,1312,11
2514,16,290,44,312,50,1388,11
2514,16,290,44,312,50,1391,11
2514,16,290,44,312,50,1422,11
2514,16,290,44,312,50,1556,11
2514,16,290,44,312,50,1568,11
2514,16,290,44,312,50,1599,11
2514,16,290,44,312,50,1747,11
2514,16,290,44,312,50,1773,11
2514,16,290,44,312,50,1799,11
2514,16,290,44,312,50,1818,11
2514,16,290,44,312,50,1873,11
2514,16,290,44,312,50,1940,11
2514,16,290,44,312,50,1956,11
2514,16,290,44,312,50,1997,11
2514,16,290,44,312,50,2068,11
2514,16,290,44,312,50,2079,11
2514,16,290,44,312,50,2123,11
2514,16,290,44,312,50,2196,11
2514,16,290,44,312,50,2206,11
2514,16,290,44,312,50,2216,11
2514,16,290,44,312,50,2244,11
2514,16,290,44,312,50,2259,11
2514,16,290,44,312,50,2261,11
2514,16,290,44,312,50,2289,11
2514,16,290,44,312,50,2359,11
2514,16,290,44,312,50,2370,11
2514,16,290,44,312,50,2405,11
2514,16,290,44,392,12,45,11
2514,16,290,44,392,12,159,11
2514,16,290,44,392,12,272,11
2514,16,290,44,392,12,338,11
2514,16,290,44,392,12,390,11
2514,16,290,44,392,12,457,11
2514,16,290,44,392,12,463,11
2514,16,290,44,392,12,620,11
2514,16,290,44,392,12,700,11
2514,16,290,44,392,12,742,11
2514,16,290,44,392,12,758,11
2514,16,290,44,392,12,879,11
2514,16,290,44,392,12,927,11
2514,16,290,44,392,12,979,11
2514,16,290,44,392,12,1003,11
2514,16,290,44,392,12,1044,11
2514,16,290,44,392,12,1068,11
2514,16,290,44,392,12,1153,11
2514,16,290,44,392,12,1186,11
2514,16,290,44,392,12,1194,11
2514,16,290,44,392,12,1259,11
2514,16,290,44,392,12,1260,11
2514,16,290,44,392,12,1312,11
2514,16,290,44,392,12,1388,11
2514,16,290,44,392,12,1391,11
2514,16,290,44,392,12,1422,11
2514,16,290,44,392,12,1556,11
2514,16,290,44,392,12,1568,11
2514,16,290,44,392,12,1599,11
2514,16,290,44,392,12,1747,11
2514,16,290,44,392,12,1773,11
2514,16,290,44,392,12,1799,11
2514,16,290,44,392,12,1818,11
2514,16,290,44,392,12,1873,11
2514,16,290,44,392,12,1940,11
2514,16,290,44,392,12,1956,11
2514,16,290,44,392,12,1997,11
2514,16,290,44,392,12,2068,11
2514,16,290,44,392,12,2079,11
2514,16,290,44,392,12,2123,11
2514,16,290,44,392,12,2196,11
2514,16,290,44,392,12,2206,11
2514,16,290,44,392,12,2216,11
2514,16,290,44,392,12,2244,11
2514,16,290,44,392,12,2259,11
2514,16,290,44,392,12,2261,11
2514,16,290,44,392,12,2289,11
2514,16,290,44,392,12,2359,11
2514,16,290,44,392,12,2370,11
2514,16,290,44,392,12,2405,11
2514,16,290,44,494,14,45,11
2514,16,290,44,494,14,159,11
2514,16,290,44,494,14,272,11
2514,16,290,44,494,14,338,11
2514,16,290,44,494,14,390,11
2514,16,290,44,494,14,457,11
2514,16,290,44,494,14,463,11
2514,16,290,44,494,14,620,11
2514,16,290,44,494,14,700,11
2514,16,290,44,494,14,742,11
2514,16,290,44,494,14,758,11
2514,16,290,44,494,14,879,11
2514,16,290,44,494,14,927,11
2514,16,290,44,494,14,979,11
2514,16,290,44,494,14,1003,11
2514,16,290,44,494,14,1044,11
2514,16,290,44,494,14,1068,11
2514,16,290,44,494,14,1153,11
2514,16,290,44,494,14,1186,11
2514,16,290,44,494,14,1194,11
2514,16,290,44,494,14,1259,11
2514,16,290,44,494,14,1260,11
2514,16,290,44,494,14,1312,11
2514,16,290,44,494,14,1388,11
2514,16,290,44,494,14,1391,11
2514,16,290,44,494,14,1422,11
2514,16,290,44,494,14,1556,11
2514,16,290,44,494,14,1568,11
2514,16,290,44,494,14,1599,11
2514,16,290,44,494,14,1747,11
2514,16,290,44,494,14,1773,11
2514,16,290,44,494,14,1799,11
2514,16,290,44,494,14,1818,11
2514,16,290,44,494,14,1873,11
2514,16,290,44,494,14,1940,11
2514,16,290,44,494,14,1956,11
2514,16,290,44,494,14,1997,11
2514,16,290,44,494,14,2068,11
2514,16,290,44,494,14,2079,11
2514,16,290,44,494,14,2123,11
2514,16,290,44,494,14,2196,11
2514,16,290,44,494,14,2206,11
2514,16,290,44,494,14,2216,11
2514,16,290,44,494,14,2244,11
2514,16,290,44,494,14,2259,11
2514,16,290,44,494,14,2261,11
2514,16,290,44,494,14,2289,11
2514,16,290,44,494,14,2359,11
2514,16,290,44,494,14,2370,11
2514,16,290,44,494,14,2405,11
2514,16,290,44,668,38,45,11
2514,16,290,44,668,38,159,11
2514,16,290,44,668,38,272,11
2514,16,290,44,668,38,338,11
2514,16,290,44,668,38,390,11
2514,16,290,44,668,38,457,11
2514,16,290,44,668,38,463,11
2514,16,290,44,668,38,620,11
2514,16,290,44,668,38,700,11
2514,16,290,44,668,38,742,11
2514,16,290,44,668,38,758,11
2514,16,290,44,668,38,879,11
2514,16,290,44,668,38,927,11
2514,16,290,44,668,38,979,11
2514,16,290,44,668,38,1003,11
2514,16,290,44,668,38,1044,11
2514,16,290,44,668,38,1068,11
2514,16,290,44,668,38,1153,11
2514,16,290,44,668,38,1186,11
2514,16,290,44,668,38,1194,11
2514,16,290,44,668,38,1259,11
2514,16,290,44,668,38,1260,11
2514,16,290,44,668,38,1312,11
2514,16,290,44,668,38,1388,11
2514,16,290,44,668,38,1391,11
2514,16,290,44,668,38,1422,11
2514,16,290,44,668,38,1556,11
2514,16,290,44,668,38,1568,11
2514,16,290,44,668,38,1599,11
2514,16,290,44,668,38,1747,11
2514,16,290,44,668,38,1773,11
2514,16,290,44,668,38,1799,11
2514,16,290,44,668,38,1818,11
2514,16,290,44,668,38,1873,11
2514,16,290,44,668,38,1940,11
2514,16,290,44,668,38,1956,11
2514,16,290,44,668,38,1997,11
2514,16,290,44,668,38,2068,11
2514,16,290,44,668,38,2079,11
2514,16,290,44,668,38,2123,11
2514,16,290,44,668,38,2196,11
2514,16,290,44,668,38,2206,11
2514,16,290,44,668,38,2216,11
2514,16,290,44,668,38,2244,11
2514,16,290,44,668,38,2259,11
2514,16,290,44,668,38,2261,11
2514,16,290,44,668,38,2289,11
2514,16,290,44,668,38,2359,11
2514,16,290,44,668,38,2370,11
2514,16,290,44,668,38,2405,11
2514,16,290,44,926,19,45,11
2514,16,290,44,926,19,272,11
2514,16,290,44,926,19,338,11
2514,16,290,44,926,19,390,11
2514,16,290,44,926,19,620,11
2514,16,290,44,926,19,742,11
2514,16,290,44,926,19,758,11
2514,16,290,44,926,19,979,11
2514,16,290,44,926,19,1044,11
2514,16,290,44,926,19,1068,11
2514,16,290,44,926,19,1186,11
2514,16,290,44,926,19,1259,11
2514,16,290,44,926,19,1260,11
2514,16,290,44,926,19,1312,11
2514,16,290,44,926,19,1391,11
2514,16,290,44,926,19,1422,11
2514,16,290,44,926,19,1747,11
2514,16,290,44,926,19,1773,11
2514,16,290,44,926,19,1799,11
2514,16,290,44,926,19,1956,11
2514,16,290,44,926,19,1997,11
2514,16,290,44,926,19,2068,11
2514,16,290,44,926,19,2079,11
2514,16,290,44,926,19,2206,11
2514,16,290,44,926,19,2244,11
2514,16,290,44,926,19,2259,11
2514,16,290,44,926,19,2261,11
2514,16,290,44,926,19,2289,11
2514,16,290,44,926,19,2359,11
2514,16,290,44,926,19,2405,11
2514,16,290,44,1048,15,45,11
2514,16,290,44,1048,15,159,11
2514,16,290,44,1048,15,272,11
2514,16,290,44,1048,15,338,11
2514,16,290,44,1048,15,390,11
2514,16,290,44,1048,15,457,11
2514,16,290,44,1048,15,463,11
2514,16,290,44,1048,15,620,11
2514,16,290,44,1048,15,700,11
2514,16,290,44,1048,15,742,11
2514,16,290,44,1048,15,758,11
2514,16,290,44,1048,15,879,11
2514,16,290,44,1048,15,927,11
2514,16,290,44,1048,15,979,11
2514,16,290,44,1048,15,1003,11
2514,16,290,44,1048,15,1044,11
2514,16,290,44,1048,15,1068,11
2514,16,290,44,1048,15,1153,11
2514,16,290,44,1048,15,1186,11
2514,16,290,44,1048,15,1194,11
2514,16,290,44,1048,15,1259,11
2514,16,290,44,1048,15,1260,11
2514,16,290,44,1048,15,1312,11
2514,16,290,44,1048,15,1388,11
2514,16,290,44,1048,15,1391,11
2514,16,290,44,1048,15,1422,11
2514,16,290,44,1048,15,1556,11
2514,16,290,44,1048,15,1568,11
2514,16,290,44,1048,15,1599,11
2514,16,290,44,1048,15,1747,11
2514,16,290,44,1048,15,1773,11
2514,16,290,44,1048,15,1799,11
2514,16,290,44,1048,15,1818,11
2514,16,290,44,1048,15,1873,11
2514,16,290,44,1048,15,1940,11
2514,16,290,44,1048,15,1956,11
2514,16,290,44,1048,15,1997,11
2514,16,290,44,1048,15,2068,11
2514,16,290,44,1048,15,2079,11
2514,16,290,44,1048,15,2123,11
2514,16,290,44,1048,15,2196,11
2514,16,290,44,1048,15,2206,11
2514,16,290,44,1048,15,2216,11
2514,16,290,44,1048,15,2244,11
2514,16,290,44,1048,15,2259,11
2514,16,290,44,1048,15,2261,11
2514,16,290,44,1048,15,2289,11
2514,16,290,44,1048,15,2359,11
2514,16,290,44,1048,15,2370,11
2514,16,290,44,1048,15,2405,11
2514,16,290,44,1078,23,457,11
2514,16,290,44,1078,23,700,11
2514,16,290,44,1078,23,927,11
2514,16,290,44,1078,23,1003,11
2514,16,290,44,1078,23,1153,11
2514,16,290,44,1078,23,1194,11
2514,16,290,44,1078,23,1568,11
2514,16,290,44,1078,23,1599,11
2514,16,290,44,1078,23,1818,11
2514,16,290,44,1078,23,1940,11
2514,16,290,44,1393,18,45,11
2514,16,290,44,1393,18,159,11
2514,16,290,44,1393,18,272,11
2514,16,290,44,1393,18,338,11
2514,16,290,44,1393,18,390,11
2514,16,290,44,1393,18,457,11
2514,16,290,44,1393,18,463,11
2514,16,290,44,1393,18,620,11
2514,16,290,44,1393,18,700,11
2514,16,290,44,1393,18,742,11
2514,16,290,44,1393,18,758,11
2514,16,290,44,1393,18,879,11
2514,16,290,44,1393,18,927,11
2514,16,290,44,1393,18,979,11
2514,16,290,44,1393,18,1003,11
2514,16,290,44,1393,18,1044,11
2514,16,290,44,1393,18,1068,11
2514,16,290,44,1393,18,1153,11
2514,16,290,44,1393,18,1186,11
2514,16,290,44,1393,18,1194,11
2514,16,290,44,1393,18,1259,11
2514,16,290,44,1393,18,1260,11
2514,16,290,44,1393,18,1312,11
2514,16,290,44,1393,18,1388,11
2514,16,290,44,1393,18,1391,11
2514,16,290,44,1393,18,1422,11
2514,16,290,44,1393,18,1556,11
2514,16,290,44,1393,18,1568,11
2514,16,290,44,1393,18,1599,11
2514,16,290,44,1393,18,1747,11
2514,16,290,44,1393,18,1773,11
2514,16,290,44,1393,18,1799,11
2514,16,290,44,1393,18,1818,11
2514,16,290,44,1393,18,1873,11
2514,16,290,44,1393,18,1940,11
2514,16,290,44,1393,18,1956,11
2514,16,290,44,1393,18,1997,11
2514,16,290,44,1393,18,2068,11
2514,16,290,44,1393,18,2079,11
2514,16,290,44,1393,18,2123,11
2514,16,290,44,1393,18,2196,11
2514,16,290,44,1393,18,2206,11
2514,16,290,44,1393,18,2216,11
2514,16,290,44,1393,18,2244,11
2514,16,290,44,1393,18,2259,11
2514,16,290,44,1393,18,2261,11
2514,16,290,44,1393,18,2289,11
2514,16,290,44,1393,18,2359,11
2514,16,290,44,1393,18,2370,11
2514,16,290,44,1393,18,2405,11
2514,16,290,44,1517,11,45,11
2514,16,290,44,1517,11,159,11
2514,16,290,44,1517,11,272,11
2514,16,290,44,1517,11,338,11
2514,16,290,44,1517,11,390,11
2514,16,290,44,1517,11,457,11
2514,16,290,44,1517,11,463,11
2514,16,290,44,1517,11,620,11
2514,16,290,44,1517,11,700,11
2514,16,290,44,1517,11,742,11
2514,16,290,44,1517,11,758,11
2514,16,290,44,1517,11,879,11
2514,16,290,44,1517,11,927,11
2514,16,290,44,1517,11,979,11
2514,16,290,44,1517,11,1003,11
2514,16,290,44,1517,11,1044,11
2514,16,290,44,1517,11,1068,11
2514,16,290,44,1517,11,1153,11
2514,16,290,44,1517,11,1186,11
2514,16,290,44,1517,11,1194,11
2514,16,290,44,1517,11,1259,11
2514,16,290,44,1517,11,1260,11
2514,16,290,44,1517,11,1312,11
2514,16,290,44,1517,11,1388,11
2514,16,290,44,1517,11,1391,11
2514,16,290,44,1517,11,1422,11
2514,16,290,44,1517,11,1556,11
2514,16,290,44,1517,11,1568,11
2514,16,290,44,1517,11,1599,11
2514,16,290,44,1517,11,1747,11
2514,16,290,44,1517,11,1773,11
2514,16,290,44,1517,11,1799,11
2514,16,290,44,1517,11,1818,11
2514,16,290,44,1517,11,1873,11
2514,16,290,44,1517,11,1940,11
2514,16,290,44,1517,11,1956,11
2514,16,290,44,1517,11,1997,11
2514,16,290,44,1517,11,2068,11
2514,16,290,44,1517,11,2079,11
2514,16,290,44,1517,11,2123,11
2514,16,290,44,1517,11,2196,11
2514,16,290,44,1517,11,2206,11
2514,16,290,44,1517,11,2216,11
2514,16,290,44,1517,11,2244,11
2514,16,290,44,1517,11,2259,11
2514,16,290,44,1517,11,2261,11
2514,16,290,44,1517,11,2289,11
2514,16,290,44,1517,11,2359,11
2514,16,290,44,1517,11,2370,11
2514,16,290,44,1517,11,2405,11
2514,16,290,44,1547,32,45,11
2514,16,290,44,1547,32,159,11
2514,16,290,44,1547,32,272,11
2514,16,290,44,1547,32,338,11
2514,16,290,44,1547,32,390,11
2514,16,290,44,1547,32,457,11
2514,16,290,44,1547,32,463,11
2514,16,290,44,1547,32,620,11
2514,16,290,44,1547,32,700,11
2514,16,290,44,1547,32,742,11
2514,16,290,44,1547,32,758,11
2514,16,290,44,1547,32,879,11
2514,16,290,44,1547,32,927,11
2514,16,290,44,1547,32,979,11
2514,16,290,44,1547,32,1003,11
2514,16,290,44,1547,32,1044,11
2514,16,290,44,1547,32,1068,11
2514,16,290,44,1547,32,1153,11
2514,16,290,44,1547,32,1186,11
2514,16,290,44,1547,32,1194,11
2514,16,290,44,1547,32,1259,11
2514,16,290,44,1547,32,1260,11
2514,16,290,44,1547,32,1312,11
2514,16,290,44,1547,32,1388,11
2514,16,290,44,1547,32,1391,11
2514,16,290,44,1547,32,1422,11
2514,16,290,44,1547,32,1556,11
2514,16,290,44,1547,32,1568,11
2514,16,290,44,1547,32,1599,11
2514,16,290,44,1547,32,1747,11
2514,16,290,44,1547,32,1773,11
2514,16,290,44,1547,32,1799,11
2514,16,290,44,1547,32,1818,11
2514,16,290,44,1547,32,1873,11
2514,16,290,44,1547,32,1940,11
2514,16,290,44,1547,32,1956,11
2514,16,290,44,1547,32,1997,11
2514,16,290,44,1547,32,2068,11
2514,16,290,44,1547,32,2079,11
2514,16,290,44,1547,32,2123,11
2514,16,290,44,1547,32,2196,11
2514,16,290,44,1547,32,2206,11
2514,16,290,44,1547,32,2216,11
2514,16,290,44,1547,32,2244,11
2514,16,290,44,1547,32,2259,11
2514,16,290,44,1547,32,2261,11
2514,16,290,44,1547,32,2289,11
2514,16,290,44,1547,32,2359,11
2514,16,290,44,1547,32,2370,11
2514,16,290,44,1547,32,2405,11
2514,16,290,44,1674,13,45,11
2514,16,290,44,1674,13,159,11
2514,16,290,44,1674,13,272,11
2514,16,290,44,1674,13,338,11
2514,16,290,44,1674,13,390,11
2514,16,290,44,1674,13,457,11
2514,16,290,44,1674,13,463,11
2514,16,290,44,1674,13,620,11
2514,16,290,44,1674,13,700,11
2514,16,290,44,1674,13,742,11
2514,16,290,44,1674,13,758,11
2514,16,290,44,1674,13,879,11
2514,16,290,44,1674,13,927,11
2514,16,290,44,1674,13,979,11
2514,16,290,44,1674,13,1003,11
2514,16,290,44,1674,13,1044,11
2514,16,290,44,1674,13,1068,11
2514,16,290,44,1674,13,1153,11
2514,16,290,44,1674,13,1186,11
2514,16,290,44,1674,13,1194,11
2514,16,290,44,1674,13,1259,11
2514,16,290,44,1674,13,1260,11
2514,16,290,44,1674,13,1312,11
2514,16,290,44,1674,13,1388,11
2514,16,290,44,1674,13,1391,11
2514,16,290,44,1674,13,1422,11
2514,16,290,44,1674,13,1556,11
2514,16,290,44,1674,13,1568,11
2514,16,290,44,1674,13,1599,11
2514,16,290,44,1674,13,1747,11
2514,16,290,44,1674,13,1773,11
2514,16,290,44,1674,13,1799,11
2514,16,290,44,1674,13,1818,11
2514,16,290,44,1674,13,1873,11
2514,16,290,44,1674,13,1940,11
2514,16,290,44,1674,13,1956,11
2514,16,290,44,1674,13,1997,11
2514,16,290,44,1674,13,2068,11
2514,16,290,44,1674,13,2079,11
2514,16,290,44,1674,13,2123,11
2514,16,290,44,1674,13,2196,11
2514,16,290,44,1674,13,2206,11
2514,16,290,44,1674,13,2216,11
2514,16,290,44,1674,13,2244,11
2514,16,290,44,1674,13,2259,11
2514,16,290,44,1674,13,2261,11
2514,16,290,44,1674,13,2289,11
2514,16,290,44,1674,13,2359,11
2514,16,290,44,1674,13,2370,11
2514,16,290,44,1674,13,2405,11
2514,16,290,44,1881,40,45,11
2514,16,290,44,1881,40,159,11
2514,16,290,44,1881,40,272,11
2514,16,290,44,1881,40,338,11
2514,16,290,44,1881,40,390,11
2514,16,290,44,1881,40,457,11
2514,16,290,44,1881,40,463,11
2514,16,290,44,1881,40,620,11
2514,16,290,44,1881,40,700,11
2514,16,290,44,1881,40,742,11
2514,16,290,44,1881,40,758,11
2514,16,290,44,1881,40,879,11
2514,16,290,44,1881,40,927,11
2514,16,290,44,1881,40,979,11
2514,16,290,44,1881,40,1003,11
2514,16,290,44,1881,40,1044,11
2514,16,290,44,1881,40,1068,11
2514,16,290,44,1881,40,1153,11
2514,16,290,44,1881,40,1186,11
2514,16,290,44,1881,40,1194,11
2514,16,290,44,1881,40,1259,11
2514,16,290,44,1881,40,1260,11
2514,16,290,44,1881,40,1312,11
2514,16,290,44,1881,40,1388,11
2514,16,290,44,1881,40,1391,11
2514,16,290,44,1881,40,1422,11
2514,16,290,44,1881,40,1556,11
2514,16,290,44,1881,40,1568,11
2514,16,290,44,1881,40,1599,11
2514,16,290,44,1881,40,1747,11
2514,16,290,44,1881,40,1773,11
2514,16,290,44,1881,40,1799,11
2514,16,290,44,1881,40,1818,11
2514,16,290,44,1881,40,1873,11
2514,16,290,44,1881,40,1940,11
2514,16,290,44,1881,40,1956,11
2514,16,290,44,1881,40,1997,11
2514,16,290,44,1881,40,2068,11
2514,16,290,44,1881,40,2079,11
2514,16,290,44,1881,40,2123,11
2514,16,290,44,1881,40,2196,11
2514,16,290,44,1881,40,2206,11
2514,16,290,44,1881,40,2216,11
2514,16,290,44,1881,40,2244,11
2514,16,290,44,1881,40,2259,11
2514,16,290,44,1881,40,2261,11
2514,16,290,44,1881,40,2289,11
2514,16,290,44,1881,40,2359,11
2514,16,290,44,1881,40,2370,11
2514,16,290,44,1881,40,2405,11
