2514,16,28,42,90,19,45,11
2514,16,28,42,90,19,390,11
2514,16,28,42,90,19,620,11
2514,16,28,42,90,19,979,11
2514,16,28,42,90,19,1799,11
2514,16,28,42,90,19,1956,11
2514,16,28,42,90,19,2206,11
2514,16,28,42,90,19,2244,11
2514,16,28,42,90,19,2261,11
2514,16,28,42,90,19,2359,11
2514,16,28,42,622,30,45,11
2514,16,28,42,622,30,159,11
2514,16,28,42,622,30,272,11
2514,16,28,42,622,30,338,11
2514,16,28,42,622,30,390,11
2514,16,28,42,622,30,457,11
2514,16,28,42,622,30,463,11
2514,16,28,42,622,30,620,11
2514,16,28,42,622,30,700,11
2514,16,28,42,622,30,742,11
2514,16,28,42,622,30,758,11
2514,16,28,42,622,30,879,11
2514,16,28,42,622,30,927,11
2514,16,28,42,622,30,979,11
2514,16,28,42,622,30,1003,11
2514,16,28,42,622,30,1044,11
2514,16,28,42,622,30,1068,11
2514,16,28,42,622,30,1153,11
2514,16,28,42,622,30,1186,11
2514,16,28,42,622,30,1194,11
2514,16,28,42,622,30,1259,11
2514,16,28,42,622,30,1260,11
2514,16,28,42,622,30,1312,11
2514,16,28,42,622,30,1388,11
2514,16,28,42,622,30,1391,11
2514,16,28,42,622,30,1422,11
2514,16,28,42,622,30,1556,11
2514,16,28,42,622,30,1568,11
2514,16,28,42,622,30,1599,11
2514,16,28,42,622,30,1747,11
2514,16,28,42,622,30,1773,11
2514,16,28,42,622,30,1799,11
2514,16,28,42,622,30,1818,11
2514,16,28,42,622,30,1873,11
2514,16,28,42,622,30,1940,11
2514,16,28,42,622,30,1956,11
2514,16,28,42,622,30,1997,11
2514,16,28,42,622,30,2068,11
2514,16,28,42,622,30,2079,11
2514,16,28,42,622,30,2123,11
2514,16,28,42,622,30,2196,11
2514,16,28,42,622,30,2206,11
2514,16,28,42,622,30,2216,11
2514,16,28,42,622,30,2244,11
2514,16,28,42,622,30,2259,11
2514,16,28,42,622,30,2261,11
2514,16,28,42,622,30,2289,11
2514,16,28,42,622,30,2359,11
2514,16,28,42,622,30,2370,11
2514,16,28,42,622,30,2405,11
2514,16,28,42,866,38,45,11
2514,16,28,42,866,38,159,11
2514,16,28,42,866,38,272,11
2514,16,28,42,866,38,338,11
2514,16,28,42,866,38,390,11
2514,16,28,42,866,38,457,11
2514,16,28,42,866,38,463,11
2514,16,28,42,866,38,620,11
2514,16,28,42,866,38,700,11
2514,16,28,42,866,38,742,11
2514,16,28,42,866,38,758,11
2514,16,28,42,866,38,879,11
2514,16,28,42,866,38,927,11
2514,16,28,42,866,38,979,11
2514,16,28,42,866,38,1003,11
2514,16,28,42,866,38,1044,11
2514,16,28,42,866,38,1068,11
2514,16,28,42,866,38,1153,11
2514,16,28,42,866,38,1186,11
2514,16,28,42,866,38,1194,11
2514,16,28,42,866,38,1259,11
2514,16,28,42,866,38,1260,11
2514,16,28,42,866,38,1312,11
2514,16,28,42,866,38,1388,11
2514,16,28,42,866,38,1391,11
2514,16,28,42,866,38,1422,11
2514,16,28,42,866,38,1556,11
2514,16,28,42,866,38,1568,11
2514,16,28,42,866,38,1599,11
2514,16,28,42,866,38,1747,11
2514,16,28,42,866,38,1773,11
2514,16,28,42,866,38,1799,11
2514,16,28,42,866,38,1818,11
2514,16,28,42,866,38,1873,11
2514,16,28,42,866,38,1940,11
2514,16,28,42,866,38,1956,11
2514,16,28,42,866,38,1997,11
2514,16,28,42,866,38,2068,11
2514,16,28,42,866,38,2079,11
2514,16,28,42,866,38,2123,11
2514,16,28,42,866,38,2196,11
2514,16,28,42,866,38,2206,11
2514,16,28,42,866,38,2216,11
2514,16,28,42,866,38,2244,11
2514,16,28,42,866,38,2259,11
2514,16,28,42,866,38,2261,11
2514,16,28,42,866,38,2289,11
2514,16,28,42,866,38,2359,11
2514,16,28,42,866,38,2370,11
2514,16,28,42,866,38,2405,11
2514,16,28,42,997,47,45,11
2514,16,28,42,997,47,159,11
2514,16,28,42,997,47,272,11
2514,16,28,42,997,47,338,11
2514,16,28,42,997,47,390,11
2514,16,28,42,997,47,457,11
2514,16,28,42,997,47,463,11
2514,16,28,42,997,47,620,11
2514,16,28,42,997,47,700,11
2514,16,28,42,997,47,742,11
2514,16,28,42,997,47,758,11
2514,16,28,42,997,47,879,11
2514,16,28,42,997,47,927,11
2514,16,28,42,997,47,979,11
2514,16,28,42,997,47,1003,11
2514,16,28,42,997,47,1044,11
2514,16,28,42,997,47,1068,11
2514,16,28,42,997,47,1153,11
2514,16,28,42,997,47,1186,11
2514,16,28,42,997,47,1194,11
2514,16,28,42,997,47,1259,11
2514,16,28,42,997,47,1260,11
2514,16,28,42,997,47,1312,11
2514,16,28,42,997,47,1388,11
2514,16,28,42,997,47,1391,11
2514,16,28,42,997,47,1422,11
2514,16,28,42,997,47,1556,11
2514,16,28,42,997,47,1568,11
2514,16,28,42,997,47,1599,11
2514,16,28,42,997,47,1747,11
2514,16,28,42,997,47,1773,11
2514,16,28,42,997,47,1799,11
2514,16,28,42,997,47,1818,11
2514,16,28,42,997,47,1873,11
2514,16,28,42,997,47,1940,11
2514,16,28,42,997,47,1956,11
2514,16,28,42,997,47,1997,11
2514,16,28,42,997,47,2068,11
2514,16,28,42,997,47,2079,11
2514,16,28,42,997,47,2123,11
2514,16,28,42,997,47,2196,11
2514,16,28,42,997,47,2206,11
2514,16,28,42,997,47,2216,11
2514,16,28,42,997,47,2244,11
2514,16,28,42,997,47,2259,11
2514,16,28,42,997,47,2261,11
2514,16,28,42,997,47,2289,11
2514,16,28,42,997,47,2359,11
2514,16,28,42,997,47,2370,11
2514,16,28,42,997,47,2405,11
2514,16,28,42,1166,40,45,11
2514,16,28,42,1166,40,159,11
2514,16,28,42,1166,40,272,11
2514,16,28,42,1166,40,338,11
2514,16,28,42,1166,40,390,11
2514,16,28,42,1166,40,457,11
2514,16,28,42,1166,40,463,11
2514,16,28,42,1166,40,620,11
2514,16,28,42,1166,40,700,11
2514,16,28,42,1166,40,742,11
2514,16,28,42,1166,40,758,11
2514,16,28,42,1166,40,879,11
2514,16,28,42,1166,40,927,11
2514,16,28,42,1166,40,979,11
2514,16,28,42,1166,40,1003,11
2514,16,28,42,1166,40,1044,11
2514,16,28,42,1166,40,1068,11
2514,16,28,42,1166,40,1153,11
2514,16,28,42,1166,40,1186,11
2514,16,28,42,1166,40,1194,11
2514,16,28,42,1166,40,1259,11
2514,16,28,42,1166,40,1260,11
2514,16,28,42,1166,40,1312,11
2514,16,28,42,1166,40,1388,11
2514,16,28,42,1166,40,1391,11
2514,16,28,42,1166,40,1422,11
2514,16,28,42,1166,40,1556,11
2514,16,28,42,1166,40,1568,11
2514,16,28,42,1166,40,1599,11
2514,16,28,42,1166,40,1747,11
2514,16,28,42,1166,40,1773,11
2514,16,28,42,1166,40,1799,11
2514,16,28,42,1166,40,1818,11
2514,16,28,42,1166,40,1873,11
2514,16,28,42,1166,40,1940,11
2514,16,28,42,1166,40,1956,11
2514,16,28,42,1166,40,1997,11
2514,16,28,42,1166,40,2068,11
2514,16,28,42,1166,40,2079,11
2514,16,28,42,1166,40,2123,11
2514,16,28,42,1166,40,2196,11
2514,16,28,42,1166,40,2206,11
2514,16,28,42,1166,40,2216,11
2514,16,28,42,1166,40,2244,11
2514,16,28,42,1166,40,2259,11
2514,16,28,42,1166,40,2261,11
2514,16,28,42,1166,40,2289,11
2514,16,28,42,1166,40,2359,11
2514,16,28,42,1166,40,2370,11
2514,16,28,42,1166,40,2405,11
2514,16,28,42,1279,16,45,11
2514,16,28,42,1279,16,159,11
2514,16,28,42,1279,16,272,11
2514,16,28,42,1279,16,338,11
2514,16,28,42,1279,16,390,11
2514,16,28,42,1279,16,457,11
2514,16,28,42,1279,16,463,11
2514,16,28,42,1279,16,620,11
2514,16,28,42,1279,16,700,11
2514,16,28,42,1279,16,742,11
2514,16,28,42,1279,16,758,11
2514,16,28,42,1279,16,879,11
2514,16,28,42,1279,16,927,11
2514,16,28,42,1279,16,979,11
2514,16,28,42,1279,16,1003,11
2514,16,28,42,1279,16,1044,11
2514,16,28,42,1279,16,1068,11
2514,16,28,42,1279,16,1153,11
2514,16,28,42,1279,16,1186,11
2514,16,28,42,1279,16,1194,11
2514,16,28,42,1279,16,1259,11
2514,16,28,42,1279,16,1260,11
2514,16,28,42,1279,16,1312,11
2514,16,28,42,1279,16,1388,11
2514,16,28,42,1279,16,1391,11
2514,16,28,42,1279,16,1422,11
2514,16,28,42,1279,16,1556,11
2514,16,28,42,1279,16,1568,11
2514,16,28,42,1279,16,1599,11
2514,16,28,42,1279,16,1747,11
2514,16,28,42,1279,16,1773,11
2514,16,28,42,1279,16,1799,11
2514,16,28,42,1279,16,1818,11
2514,16,28,42,1279,16,1873,11
2514,16,28,42,1279,16,1940,11
2514,16,28,42,1279,16,1956,11
2514,16,28,42,1279,16,1997,11
2514,16,28,42,1279,16,2068,11
2514,16,28,42,1279,16,2079,11
2514,16,28,42,1279,16,2123,11
2514,16,28,42,1279,16,2196,11
2514,16,28,42,1279,16,2206,11
2514,16,28,42,1279,16,2216,11
2514,16,28,42,1279,16,2244,11
2514,16,28,42,1279,16,2259,11
2514,16,28,42,1279,16,2261,11
2514,16,28,42,1279,16,2289,11
2514,16,28,42,1279,16,2359,11
2514,16,28,42,1279,16,2370,11
2514,16,28,42,1279,16,2405,11
2514,16,28,42,1412,24,45,11
2514,16,28,42,1412,24,159,11
2514,16,28,42,1412,24,272,11
2514,16,28,42,1412,24,338,11
2514,16,28,42,1412,24,390,11
2514,16,28,42,1412,24,457,11
2514,16,28,42,1412,24,463,11
2514,16,28,42,1412,24,620,11
2514,16,28,42,1412,24,700,11
2514,16,28,42,1412,24,742,11
2514,16,28,42,1412,24,758,11
2514,16,28,42,1412,24,879,11
2514,16,28,42,1412,24,927,11
2514,16,28,42,1412,24,979,11
2514,16,28,42,1412,24,1003,11
2514,16,28,42,1412,24,1044,11
2514,16,28,42,1412,24,1068,11
2514,16,28,42,1412,24,1153,11
2514,16,28,42,1412,24,1186,11
2514,16,28,42,1412,24,1194,11
2514,16,28,42,1412,24,1259,11
2514,16,28,42,1412,24,1260,11
2514,16,28,42,1412,24,1312,11
2514,16,28,42,1412,24,1388,11
2514,16,28,42,1412,24,1391,11
2514,16,28,42,1412,24,1422,11
2514,16,28,42,1412,24,1556,11
2514,16,28,42,1412,24,1568,11
2514,16,28,42,1412,24,1599,11
2514,16,28,42,1412,24,1747,11
2514,16,28,42,1412,24,1773,11
2514,16,28,42,1412,24,1799,11
2514,16,28,42,1412,24,1818,11
2514,16,28,42,1412,24,1873,11
2514,16,28,42,1412,24,1940,11
2514,16,28,42,1412,24,1956,11
2514,16,28,42,1412,24,1997,11
2514,16,28,42,1412,24,2068,11
2514,16,28,42,1412,24,2079,11
2514,16,28,42,1412,24,2123,11
2514,16,28,42,1412,24,2196,11
2514,16,28,42,1412,24,2206,11
2514,16,28,42,1412,24,2216,11
2514,16,28,42,1412,24,2244,11
2514,16,28,42,1412,24,2259,11
2514,16,28,42,1412,24,2261,11
2514,16,28,42,1412,24,2289,11
2514,16,28,42,1412,24,2359,11
2514,16,28,42,1412,24,2370,11
2514,16,28,42,1412,24,2405,11
2514,16,28,42,1455,23,45,11
2514,16,28,42,1455,23,159,11
2514,16,28,42,1455,23,272,11
2514,16,28,42,1455,23,338,11
2514,16,28,42,1455,23,390,11
2514,16,28,42,1455,23,457,11
2514,16,28,42,1455,23,463,11
2514,16,28,42,1455,23,620,11
2514,16,28,42,1455,23,700,11
2514,16,28,42,1455,23,742,11
2514,16,28,42,1455,23,758,11
2514,16,28,42,1455,23,879,11
2514,16,28,42,1455,23,927,11
2514,16,28,42,1455,23,979,11
2514,16,28,42,1455,23,1003,11
2514,16,28,42,1455,23,1044,11
2514,16,28,42,1455,23,1068,11
2514,16,28,42,1455,23,1153,11
2514,16,28,42,1455,23,1186,11
2514,16,28,42,1455,23,1194,11
2514,16,28,42,1455,23,1259,11
2514,16,28,42,1455,23,1260,11
2514,16,28,42,1455,23,1312,11
2514,16,28,42,1455,23,1388,11
2514,16,28,42,1455,23,1391,11
2514,16,28,42,1455,23,1422,11
2514,16,28,42,1455,23,1556,11
2514,16,28,42,1455,23,1568,11
2514,16,28,42,1455,23,1599,11
2514,16,28,42,1455,23,1747,11
2514,16,28,42,1455,23,1773,11
2514,16,28,42,1455,23,1799,11
2514,16,28,42,1455,23,1818,11
2514,16,28,42,1455,23,1873,11
2514,16,28,42,1455,23,1940,11
2514,16,28,42,1455,23,1956,11
2514,16,28,42,1455,23,1997,11
2514,16,28,42,1455,23,2068,11
2514,16,28,42,1455,23,2079,11
2514,16,28,42,1455,23,2123,11
2514,16,28,42,1455,23,2196,11
2514,16,28,42,1455,23,2206,11
2514,16,28,42,1455,23,2216,11
2514,16,28,42,1455,23,2244,11
2514,16,28,42,1455,23,2259,11
2514,16,28,42,1455,23,2261,11
2514,16,28,42,1455,23,2289,11
2514,16,28,42,1455,23,2359,11
2514,16,28,42,1455,23,2370,11
2514,16,28,42,1455,23,2405,11
2514,16,28,42,1710,41,45,11
2514,16,28,42,1710,41,159,11
2514,16,28,42,1710,41,272,11
2514,16,28,42,1710,41,338,11
2514,16,28,42,1710,41,390,11
2514,16,28,42,1710,41,457,11
2514,16,28,42,1710,41,463,11
2514,16,28,42,1710,41,620,11
2514,16,28,42,1710,41,700,11
2514,16,28,42,1710,41,742,11
2514,16,28,42,1710,41,758,11
2514,16,28,42,1710,41,879,11
2514,16,28,42,1710,41,927,11
2514,16,28,42,1710,41,979,11
2514,16,28,42,1710,41,1003,11
2514,16,28,42,1710,41,1044,11
2514,16,28,42,1710,41,1068,11
2514,16,28,42,1710,41,1153,11
2514,16,28,42,1710,41,1186,11
2514,16,28,42,1710,41,1194,11
2514,16,28,42,1710,41,1259,11
2514,16,28,42,1710,41,1260,11
2514,16,28,42,1710,41,1312,11
2514,16,28,42,1710,41,1388,11
2514,16,28,42,1710,41,1391,11
2514,16,28,42,1710,41,1422,11
2514,16,28,42,1710,41,1556,11
2514,16,28,42,1710,41,1568,11
2514,16,28,42,1710,41,1599,11
2514,16,28,42,1710,41,1747,11
2514,16,28,42,1710,41,1773,11
2514,16,28,42,1710,41,1799,11
2514,16,28,42,1710,41,1818,11
2514,16,28,42,1710,41,1873,11
2514,16,28,42,1710,41,1940,11
2514,16,28,42,1710,41,1956,11
2514,16,28,42,1710,41,1997,11
2514,16,28,42,1710,41,2068,11
2514,16,28,42,1710,41,2079,11
2514,16,28,42,1710,41,2123,11
2514,16,28,42,1710,41,2196,11
2514,16,28,42,1710,41,2206,11
2514,16,28,42,1710,41,2216,11
2514,16,28,42,1710,41,2244,11
2514,16,28,42,1710,41,2259,11
2514,16,28,42,1710,41,2261,11
2514,16,28,42,1710,41,2289,11
2514,16,28,42,1710,41,2359,11
2514,16,28,42,1710,41,2370,11
2514,16,28,42,1710,41,2405,11
2514,16,28,42,1729,17,45,11
2514,16,28,42,1729,17,159,11
2514,16,28,42,1729,17,272,11
2514,16,28,42,1729,17,338,11
2514,16,28,42,1729,17,390,11
2514,16,28,42,1729,17,457,11
2514,16,28,42,1729,17,463,11
2514,16,28,42,1729,17,620,11
2514,16,28,42,1729,17,700,11
2514,16,28,42,1729,17,742,11
2514,16,28,42,1729,17,758,11
2514,16,28,42,1729,17,879,11
2514,16,28,42,1729,17,927,11
2514,16,28,42,1729,17,979,11
2514,16,28,42,1729,17,1003,11
2514,16,28,42,1729,17,1044,11
2514,16,28,42,1729,17,1068,11
2514,16,28,42,1729,17,1153,11
2514,16,28,42,1729,17,1186,11
2514,16,28,42,1729,17,1194,11
2514,16,28,42,1729,17,1259,11
2514,16,28,42,1729,17,1260,11
2514,16,28,42,1729,17,1312,11
2514,16,28,42,1729,17,1388,11
2514,16,28,42,1729,17,1391,11
2514,16,28,42,1729,17,1422,11
2514,16,28,42,1729,17,1556,11
2514,16,28,42,1729,17,1568,11
2514,16,28,42,1729,17,1599,11
2514,16,28,42,1729,17,1747,11
2514,16,28,42,1729,17,1773,11
2514,16,28,42,1729,17,1799,11
2514,16,28,42,1729,17,1818,11
2514,16,28,42,1729,17,1873,11
2514,16,28,42,1729,17,1940,11
2514,16,28,42,1729,17,1956,11
2514,16,28,42,1729,17,1997,11
2514,16,28,42,1729,17,2068,11
2514,16,28,42,1729,17,2079,11
2514,16,28,42,1729,17,2123,11
2514,16,28,42,1729,17,2196,11
2514,16,28,42,1729,17,2206,11
2514,16,28,42,1729,17,2216,11
2514,16,28,42,1729,17,2244,11
2514,16,28,42,1729,17,2259,11
2514,16,28,42,1729,17,2261,11
2514,16,28,42,1729,17,2289,11
2514,16,28,42,1729,17,2359,11
2514,16,28,42,1729,17,2370,11
2514,16,28,42,1729,17,2405,11
2514,16,28,42,1733,43,45,11
2514,16,28,42,1733,43,159,11
2514,16,28,42,1733,43,272,11
2514,16,28,42,1733,43,338,11
2514,16,28,42,1733,43,390,11
2514,16,28,42,1733,43,457,11
2514,16,28,42,1733,43,463,11
2514,16,28,42,1733,43,620,11
2514,16,28,42,1733,43,700,11
2514,16,28,42,1733,43,742,11
2514,16,28,42,1733,43,758,11
2514,16,28,42,1733,43,879,11
2514,16,28,42,1733,43,927,11
2514,16,28,42,1733,43,979,11
2514,16,28,42,1733,43,1003,11
2514,16,28,42,1733,43,1044,11
2514,16,28,42,1733,43,1068,11
2514,16,28,42,1733,43,1153,11
2514,16,28,42,1733,43,1186,11
2514,16,28,42,1733,43,1194,11
2514,16,28,42,1733,43,1259,11
2514,16,28,42,1733,43,1260,11
2514,16,28,42,1733,43,1312,11
2514,16,28,42,1733,43,1388,11
2514,16,28,42,1733,43,1391,11
2514,16,28,42,1733,43,1422,11
2514,16,28,42,1733,43,1556,11
2514,16,28,42,1733,43,1568,11
2514,16,28,42,1733,43,1599,11
2514,16,28,42,1733,43,1747,11
2514,16,28,42,1733,43,1773,11
2514,16,28,42,1733,43,1799,11
2514,16,28,42,1733,43,1818,11
2514,16,28,42,1733,43,1873,11
2514,16,28,42,1733,43,1940,11
2514,16,28,42,1733,43,1956,11
2514,16,28,42,1733,43,1997,11
2514,16,28,42,1733,43,2068,11
2514,16,28,42,1733,43,2079,11
2514,16,28,42,1733,43,2123,11
2514,16,28,42,1733,43,2196,11
2514,16,28,42,1733,43,2206,11
2514,16,28,42,1733,43,2216,11
2514,16,28,42,1733,43,2244,11
2514,16,28,42,1733,43,2259,11
2514,16,28,42,1733,43,2261,11
2514,16,28,42,1733,43,2289,11
2514,16,28,42,1733,43,2359,11
2514,16,28,42,1733,43,2370,11
2514,16,28,42,1733,43,2405,11
2514,16,28,42,1781,48,159,11
2514,16,28,42,1781,48,272,11
2514,16,28,42,1781,48,457,11
2514,16,28,42,1781,48,463,11
2514,16,28,42,1781,48,700,11
2514,16,28,42,1781,48,879,11
2514,16,28,42,1781,48,927,11
2514,16,28,42,1781,48,1003,11
2514,16,28,42,1781,48,1068,11
2514,16,28,42,1781,48,1153,11
2514,16,28,42,1781,48,1194,11
2514,16,28,42,1781,48,1260,11
2514,16,28,42,1781,48,1388,11
2514,16,28,42,1781,48,1391,11
2514,16,28,42,1781,48,1422,11
2514,16,28,42,1781,48,1556,11
2514,16,28,42,1781,48,1568,11
2514,16,28,42,1781,48,1599,11
2514,16,28,42,1781,48,1747,11
2514,16,28,42,1781,48,1818,11
2514,16,28,42,1781,48,1873,11
2514,16,28,42,1781,48,1940,11
2514,16,28,42,1781,48,2068,11
2514,16,28,42,1781,48,2079,11
2514,16,28,42,1781,48,2123,11
2514,16,28,42,1781,48,2196,11
2514,16,28,42,1781,48,2216,11
2514,16,28,42,1781,48,2259,11
2514,16,28,42,1781,48,2370,11
2514,16,28,42,1781,48,2405,11
2514,16,28,42,1808,47,45,11
2514,16,28,42,1808,47,159,11
2514,16,28,42,1808,47,272,11
2514,16,28,42,1808,47,338,11
2514,16,28,42,1808,47,390,11
2514,16,28,42,1808,47,457,11
2514,16,28,42,1808,47,463,11
2514,16,28,42,1808,47,620,11
2514,16,28,42,1808,47,700,11
2514,16,28,42,1808,47,742,11
2514,16,28,42,1808,47,758,11
2514,16,28,42,1808,47,879,11
2514,16,28,42,1808,47,927,11
2514,16,28,42,1808,47,979,11
2514,16,28,42,1808,47,1003,11
2514,16,28,42,1808,47,1044,11
2514,16,28,42,1808,47,1068,11
2514,16,28,42,1808,47,1153,11
2514,16,28,42,1808,47,1186,11
2514,16,28,42,1808,47,1194,11
2514,16,28,42,1808,47,1259,11
2514,16,28,42,1808,47,1260,11
2514,16,28,42,1808,47,1312,11
2514,16,28,42,1808,47,1388,11
2514,16,28,42,1808,47,1391,11
2514,16,28,42,1808,47,1422,11
2514,16,28,42,1808,47,1556,11
2514,16,28,42,1808,47,1568,11
2514,16,28,42,1808,47,1599,11
2514,16,28,42,1808,47,1747,11
2514,16,28,42,1808,47,1773,11
2514,16,28,42,1808,47,1799,11
2514,16,28,42,1808,47,1818,11
2514,16,28,42,1808,47,1873,11
2514,16,28,42,1808,47,1940,11
2514,16,28,42,1808,47,1956,11
2514,16,28,42,1808,47,1997,11
2514,16,28,42,1808,47,2068,11
2514,16,28,42,1808,47,2079,11
2514,16,28,42,1808,47,2123,11
2514,16,28,42,1808,47,2196,11
2514,16,28,42,1808,47,2206,11
2514,16,28,42,1808,47,2216,11
2514,16,28,42,1808,47,2244,11
2514,16,28,42,1808,47,2259,11
2514,16,28,42,1808,47,2261,11
2514,16,28,42,1808,47,2289,11
2514,16,28,42,1808,47,2359,11
2514,16,28,42,1808,47,2370,11
2514,16,28,42,1808,47,2405,11
2514,16,28,42,1953,29,45,11
2514,16,28,42,1953,29,159,11
2514,16,28,42,1953,29,272,11
2514,16,28,42,1953,29,338,11
2514,16,28,42,1953,29,390,11
2514,16,28,42,1953,29,457,11
2514,16,28,42,1953,29,463,11
2514,16,28,42,1953,29,620,11
2514,16,28,42,1953,29,700,11
2514,16,28,42,1953,29,742,11
2514,16,28,42,1953,29,758,11
2514,16,28,42,1953,29,879,11
2514,16,28,42,1953,29,927,11
2514,16,28,42,1953,29,979,11
2514,16,28,42,1953,29,1003,11
2514,16,28,42,1953,29,1044,11
2514,16,28,42,1953,29,1068,11
2514,16,28,42,1953,29,1153,11
2514,16,28,42,1953,29,1186,11
2514,16,28,42,1953,29,1194,11
2514,16,28,42,1953,29,1259,11
2514,16,28,42,1953,29,1260,11
2514,16,28,42,1953,29,1312,11
2514,16,28,42,1953,29,1388,11
2514,16,28,42,1953,29,1391,11
2514,16,28,42,1953,29,1422,11
2514,16,28,42,1953,29,1556,11
2514,16,28,42,1953,29,1568,11
2514,16,28,42,1953,29,1599,11
2514,16,28,42,1953,29,1747,11
2514,16,28,42,1953,29,1773,11
2514,16,28,42,1953,29,1799,11
2514,16,28,42,1953,29,1818,11
2514,16,28,42,1953,29,1873,11
2514,16,28,42,1953,29,1940,11
2514,16,28,42,1953,29,1956,11
2514,16,28,42,1953,29,1997,11
2514,16,28,42,1953,29,2068,11
2514,16,28,42,1953,29,2079,11
2514,16,28,42,1953,29,2123,11
2514,16,28,42,1953,29,2196,11
2514,16,28,42,1953,29,2206,11
2514,16,28,42,1953,29,2216,11
2514,16,28,42,1953,29,2244,11
2514,16,28,42,1953,29,2259,11
2514,16,28,42,1953,29,2261,11
2514,16,28,42,1953,29,2289,11
2514,16,28,42,1953,29,2359,11
2514,16,28,42,1953,29,2370,11
2514,16,28,42,1953,29,2405,11
