2514,16,194,22,98,15,45,11
2514,16,194,22,98,15,159,11
2514,16,194,22,98,15,272,11
2514,16,194,22,98,15,338,11
2514,16,194,22,98,15,390,11
2514,16,194,22,98,15,457,11
2514,16,194,22,98,15,463,11
2514,16,194,22,98,15,620,11
2514,16,194,22,98,15,700,11
2514,16,194,22,98,15,742,11
2514,16,194,22,98,15,758,11
2514,16,194,22,98,15,879,11
2514,16,194,22,98,15,927,11
2514,16,194,22,98,15,979,11
2514,16,194,22,98,15,1003,11
2514,16,194,22,98,15,1044,11
2514,16,194,22,98,15,1068,11
2514,16,194,22,98,15,1153,11
2514,16,194,22,98,15,1186,11
2514,16,194,22,98,15,1194,11
2514,16,194,22,98,15,1259,11
2514,16,194,22,98,15,1260,11
2514,16,194,22,98,15,1312,11
2514,16,194,22,98,15,1388,11
2514,16,194,22,98,15,1391,11
2514,16,194,22,98,15,1422,11
2514,16,194,22,98,15,1556,11
2514,16,194,22,98,15,1568,11
2514,16,194,22,98,15,1599,11
2514,16,194,22,98,15,1747,11
2514,16,194,22,98,15,1773,11
2514,16,194,22,98,15,1799,11
2514,16,194,22,98,15,1818,11
2514,16,194,22,98,15,1873,11
2514,16,194,22,98,15,1940,11
2514,16,194,22,98,15,1956,11
2514,16,194,22,98,15,1997,11
2514,16,194,22,98,15,2068,11
2514,16,194,22,98,15,2079,11
2514,16,194,22,98,15,2123,11
2514,16,194,22,98,15,2196,11
2514,16,194,22,98,15,2206,11
2514,16,194,22,98,15,2216,11
2514,16,194,22,98,15,2244,11
2514,16,194,22,98,15,2259,11
2514,16,194,22,98,15,2261,11
2514,16,194,22,98,15,2289,11
2514,16,194,22,98,15,2359,11
2514,16,194,22,98,15,2370,11
2514,16,194,22,98,15,2405,11
2514,16,194,22,101,18,45,11
2514,16,194,22,101,18,159,11
2514,16,194,22,101,18,272,11
2514,16,194,22,101,18,338,11
2514,16,194,22,101,18,390,11
2514,16,194,22,101,18,457,11
2514,16,194,22,101,18,463,11
2514,16,194,22,101,18,620,11
2514,16,194,22,101,18,700,11
2514,16,194,22,101,18,742,11
2514,16,194,22,101,18,758,11
2514,16,194,22,101,18,879,11
2514,16,194,22,101,18,927,11
2514,16,194,22,101,18,979,11
2514,16,194,22,101,18,1003,11
2514,16,194,22,101,18,1044,11
2514,16,194,22,101,18,1068,11
2514,16,194,22,101,18,1153,11
2514,16,194,22,101,18,1186,11
2514,16,194,22,101,18,1194,11
2514,16,194,22,101,18,1259,11
2514,16,194,22,101,18,1260,11
2514,16,194,22,101,18,1312,11
2514,16,194,22,101,18,1388,11
2514,16,194,22,101,18,1391,11
2514,16,194,22,101,18,1422,11
2514,16,194,22,101,18,1556,11
2514,16,194,22,101,18,1568,11
2514,16,194,22,101,18,1599,11
2514,16,194,22,101,18,1747,11
2514,16,194,22,101,18,1773,11
2514,16,194,22,101,18,1799,11
2514,16,194,22,101,18,1818,11
2514,16,194,22,101,18,1873,11
2514,16,194,22,101,18,1940,11
2514,16,194,22,101,18,1956,11
2514,16,194,22,101,18,1997,11
2514,16,194,22,101,18,2068,11
2514,16,194,22,101,18,2079,11
2514,16,194,22,101,18,2123,11
2514,16,194,22,101,18,2196,11
2514,16,194,22,101,18,2206,11
2514,16,194,22,101,18,2216,11
2514,16,194,22,101,18,2244,11
2514,16,194,22,101,18,2259,11
2514,16,194,22,101,18,2261,11
2514,16,194,22,101,18,2289,11
2514,16,194,22,101,18,2359,11
2514,16,194,22,101,18,2370,11
2514,16,194,22,101,18,2405,11
2514,16,194,22,233,9,45,11
2514,16,194,22,233,9,159,11
2514,16,194,22,233,9,272,11
2514,16,194,22,233,9,338,11
2514,16,194,22,233,9,390,11
2514,16,194,22,233,9,457,11
2514,16,194,22,233,9,463,11
2514,16,194,22,233,9,620,11
2514,16,194,22,233,9,700,11
2514,16,194,22,233,9,742,11
2514,16,194,22,233,9,758,11
2514,16,194,22,233,9,879,11
2514,16,194,22,233,9,927,11
2514,16,194,22,233,9,979,11
2514,16,194,22,233,9,1003,11
2514,16,194,22,233,9,1044,11
2514,16,194,22,233,9,1068,11
2514,16,194,22,233,9,1153,11
2514,16,194,22,233,9,1186,11
2514,16,194,22,233,9,1194,11
2514,16,194,22,233,9,1259,11
2514,16,194,22,233,9,1260,11
2514,16,194,22,233,9,1312,11
2514,16,194,22,233,9,1388,11
2514,16,194,22,233,9,1391,11
2514,16,194,22,233,9,1422,11
2514,16,194,22,233,9,1556,11
2514,16,194,22,233,9,1568,11
2514,16,194,22,233,9,1599,11
2514,16,194,22,233,9,1747,11
2514,16,194,22,233,9,1773,11
2514,16,194,22,233,9,1799,11
2514,16,194,22,233,9,1818,11
2514,16,194,22,233,9,1873,11
2514,16,194,22,233,9,1940,11
2514,16,194,22,233,9,1956,11
2514,16,194,22,233,9,1997,11
2514,16,194,22,233,9,2068,11
2514,16,194,22,233,9,2079,11
2514,16,194,22,233,9,2123,11
2514,16,194,22,233,9,2196,11
2514,16,194,22,233,9,2206,11
2514,16,194,22,233,9,2216,11
2514,16,194,22,233,9,2244,11
2514,16,194,22,233,9,2259,11
2514,16,194,22,233,9,2261,11
2514,16,194,22,233,9,2289,11
2514,16,194,22,233,9,2359,11
2514,16,194,22,233,9,2370,11
2514,16,194,22,233,9,2405,11
2514,16,194,22,510,18,159,11
2514,16,194,22,510,18,272,11
2514,16,194,22,510,18,338,11
2514,16,194,22,510,18,457,11
2514,16,194,22,510,18,463,11
2514,16,194,22,510,18,700,11
2514,16,194,22,510,18,742,11
2514,16,194,22,510,18,758,11
2514,16,194,22,510,18,879,11
2514,16,194,22,510,18,927,11
2514,16,194,22,510,18,1003,11
2514,16,194,22,510,18,1044,11
2514,16,194,22,510,18,1068,11
2514,16,194,22,510,18,1153,11
2514,16,194,22,510,18,1186,11
2514,16,194,22,510,18,1194,11
2514,16,194,22,510,18,1259,11
2514,16,194,22,510,18,1260,11
2514,16,194,22,510,18,1312,11
2514,16,194,22,510,18,1388,11
2514,16,194,22,510,18,1391,11
2514,16,194,22,510,18,1422,11
2514,16,194,22,510,18,1556,11
2514,16,194,22,510,18,1568,11
2514,16,194,22,510,18,1599,11
2514,16,194,22,510,18,1747,11
2514,16,194,22,510,18,1773,11
2514,16,194,22,510,18,1818,11
2514,16,194,22,510,18,1873,11
2514,16,194,22,510,18,1940,11
2514,16,194,22,510,18,1997,11
2514,16,194,22,510,18,2068,11
2514,16,194,22,510,18,2079,11
2514,16,194,22,510,18,2123,11
2514,16,194,22,510,18,2196,11
2514,16,194,22,510,18,2216,11
2514,16,194,22,510,18,2259,11
2514,16,194,22,510,18,2289,11
2514,16,194,22,510,18,2370,11
2514,16,194,22,510,18,2405,11
2514,16,194,22,563,45,45,11
2514,16,194,22,563,45,159,11
2514,16,194,22,563,45,272,11
2514,16,194,22,563,45,338,11
2514,16,194,22,563,45,390,11
2514,16,194,22,563,45,457,11
2514,16,194,22,563,45,463,11
2514,16,194,22,563,45,620,11
2514,16,194,22,563,45,700,11
2514,16,194,22,563,45,742,11
2514,16,194,22,563,45,758,11
2514,16,194,22,563,45,879,11
2514,16,194,22,563,45,927,11
2514,16,194,22,563,45,979,11
2514,16,194,22,563,45,1003,11
2514,16,194,22,563,45,1044,11
2514,16,194,22,563,45,1068,11
2514,16,194,22,563,45,1153,11
2514,16,194,22,563,45,1186,11
2514,16,194,22,563,45,1194,11
2514,16,194,22,563,45,1259,11
2514,16,194,22,563,45,1260,11
2514,16,194,22,563,45,1312,11
2514,16,194,22,563,45,1388,11
2514,16,194,22,563,45,1391,11
2514,16,194,22,563,45,1422,11
2514,16,194,22,563,45,1556,11
2514,16,194,22,563,45,1568,11
2514,16,194,22,563,45,1599,11
2514,16,194,22,563,45,1747,11
2514,16,194,22,563,45,1773,11
2514,16,194,22,563,45,1799,11
2514,16,194,22,563,45,1818,11
2514,16,194,22,563,45,1873,11
2514,16,194,22,563,45,1940,11
2514,16,194,22,563,45,1956,11
2514,16,194,22,563,45,1997,11
2514,16,194,22,563,45,2068,11
2514,16,194,22,563,45,2079,11
2514,16,194,22,563,45,2123,11
2514,16,194,22,563,45,2196,11
2514,16,194,22,563,45,2206,11
2514,16,194,22,563,45,2216,11
2514,16,194,22,563,45,2244,11
2514,16,194,22,563,45,2259,11
2514,16,194,22,563,45,2261,11
2514,16,194,22,563,45,2289,11
2514,16,194,22,563,45,2359,11
2514,16,194,22,563,45,2370,11
2514,16,194,22,563,45,2405,11
2514,16,194,22,729,50,45,11
2514,16,194,22,729,50,159,11
2514,16,194,22,729,50,272,11
2514,16,194,22,729,50,338,11
2514,16,194,22,729,50,390,11
2514,16,194,22,729,50,457,11
2514,16,194,22,729,50,463,11
2514,16,194,22,729,50,620,11
2514,16,194,22,729,50,700,11
2514,16,194,22,729,50,742,11
2514,16,194,22,729,50,758,11
2514,16,194,22,729,50,879,11
2514,16,194,22,729,50,927,11
2514,16,194,22,729,50,979,11
2514,16,194,22,729,50,1003,11
2514,16,194,22,729,50,1044,11
2514,16,194,22,729,50,1068,11
2514,16,194,22,729,50,1153,11
2514,16,194,22,729,50,1186,11
2514,16,194,22,729,50,1194,11
2514,16,194,22,729,50,1259,11
2514,16,194,22,729,50,1260,11
2514,16,194,22,729,50,1312,11
2514,16,194,22,729,50,1388,11
2514,16,194,22,729,50,1391,11
2514,16,194,22,729,50,1422,11
2514,16,194,22,729,50,1556,11
2514,16,194,22,729,50,1568,11
2514,16,194,22,729,50,1599,11
2514,16,194,22,729,50,1747,11
2514,16,194,22,729,50,1773,11
2514,16,194,22,729,50,1799,11
2514,16,194,22,729,50,1818,11
2514,16,194,22,729,50,1873,11
2514,16,194,22,729,50,1940,11
2514,16,194,22,729,50,1956,11
2514,16,194,22,729,50,1997,11
2514,16,194,22,729,50,2068,11
2514,16,194,22,729,50,2079,11
2514,16,194,22,729,50,2123,11
2514,16,194,22,729,50,2196,11
2514,16,194,22,729,50,2206,11
2514,16,194,22,729,50,2216,11
2514,16,194,22,729,50,2244,11
2514,16,194,22,729,50,2259,11
2514,16,194,22,729,50,2261,11
2514,16,194,22,729,50,2289,11
2514,16,194,22,729,50,2359,11
2514,16,194,22,729,50,2370,11
2514,16,194,22,729,50,2405,11
2514,16,194,22,884,10,45,11
2514,16,194,22,884,10,159,11
2514,16,194,22,884,10,272,11
2514,16,194,22,884,10,338,11
2514,16,194,22,884,10,390,11
2514,16,194,22,884,10,457,11
2514,16,194,22,884,10,463,11
2514,16,194,22,884,10,620,11
2514,16,194,22,884,10,700,11
2514,16,194,22,884,10,742,11
2514,16,194,22,884,10,758,11
2514,16,194,22,884,10,879,11
2514,16,194,22,884,10,927,11
2514,16,194,22,884,10,979,11
2514,16,194,22,884,10,1003,11
2514,16,194,22,884,10,1044,11
2514,16,194,22,884,10,1068,11
2514,16,194,22,884,10,1153,11
2514,16,194,22,884,10,1186,11
2514,16,194,22,884,10,1194,11
2514,16,194,22,884,10,1259,11
2514,16,194,22,884,10,1260,11
2514,16,194,22,884,10,1312,11
2514,16,194,22,884,10,1388,11
2514,16,194,22,884,10,1391,11
2514,16,194,22,884,10,1422,11
2514,16,194,22,884,10,1556,11
2514,16,194,22,884,10,1568,11
2514,16,194,22,884,10,1599,11
2514,16,194,22,884,10,1747,11
2514,16,194,22,884,10,1773,11
2514,16,194,22,884,10,1799,11
2514,16,194,22,884,10,1818,11
2514,16,194,22,884,10,1873,11
2514,16,194,22,884,10,1940,11
2514,16,194,22,884,10,1956,11
2514,16,194,22,884,10,1997,11
2514,16,194,22,884,10,2068,11
2514,16,194,22,884,10,2079,11
2514,16,194,22,884,10,2123,11
2514,16,194,22,884,10,2196,11
2514,16,194,22,884,10,2206,11
2514,16,194,22,884,10,2216,11
2514,16,194,22,884,10,2244,11
2514,16,194,22,884,10,2259,11
2514,16,194,22,884,10,2261,11
2514,16,194,22,884,10,2289,11
2514,16,194,22,884,10,2359,11
2514,16,194,22,884,10,2370,11
2514,16,194,22,884,10,2405,11
2514,16,194,22,1046,14,45,11
2514,16,194,22,1046,14,159,11
2514,16,194,22,1046,14,272,11
2514,16,194,22,1046,14,338,11
2514,16,194,22,1046,14,390,11
2514,16,194,22,1046,14,457,11
2514,16,194,22,1046,14,463,11
2514,16,194,22,1046,14,620,11
2514,16,194,22,1046,14,700,11
2514,16,194,22,1046,14,742,11
2514,16,194,22,1046,14,758,11
2514,16,194,22,1046,14,879,11
2514,16,194,22,1046,14,927,11
2514,16,194,22,1046,14,979,11
2514,16,194,22,1046,14,1003,11
2514,16,194,22,1046,14,1044,11
2514,16,194,22,1046,14,1068,11
2514,16,194,22,1046,14,1153,11
2514,16,194,22,1046,14,1186,11
2514,16,194,22,1046,14,1194,11
2514,16,194,22,1046,14,1259,11
2514,16,194,22,1046,14,1260,11
2514,16,194,22,1046,14,1312,11
2514,16,194,22,1046,14,1388,11
2514,16,194,22,1046,14,1391,11
2514,16,194,22,1046,14,1422,11
2514,16,194,22,1046,14,1556,11
2514,16,194,22,1046,14,1568,11
2514,16,194,22,1046,14,1599,11
2514,16,194,22,1046,14,1747,11
2514,16,194,22,1046,14,1773,11
2514,16,194,22,1046,14,1799,11
2514,16,194,22,1046,14,1818,11
2514,16,194,22,1046,14,1873,11
2514,16,194,22,1046,14,1940,11
2514,16,194,22,1046,14,1956,11
2514,16,194,22,1046,14,1997,11
2514,16,194,22,1046,14,2068,11
2514,16,194,22,1046,14,2079,11
2514,16,194,22,1046,14,2123,11
2514,16,194,22,1046,14,2196,11
2514,16,194,22,1046,14,2206,11
2514,16,194,22,1046,14,2216,11
2514,16,194,22,1046,14,2244,11
2514,16,194,22,1046,14,2259,11
2514,16,194,22,1046,14,2261,11
2514,16,194,22,1046,14,2289,11
2514,16,194,22,1046,14,2359,11
2514,16,194,22,1046,14,2370,11
2514,16,194,22,1046,14,2405,11
2514,16,194,22,1123,31,45,11
2514,16,194,22,1123,31,159,11
2514,16,194,22,1123,31,272,11
2514,16,194,22,1123,31,338,11
2514,16,194,22,1123,31,390,11
2514,16,194,22,1123,31,457,11
2514,16,194,22,1123,31,463,11
2514,16,194,22,1123,31,620,11
2514,16,194,22,1123,31,700,11
2514,16,194,22,1123,31,742,11
2514,16,194,22,1123,31,758,11
2514,16,194,22,1123,31,879,11
2514,16,194,22,1123,31,927,11
2514,16,194,22,1123,31,979,11
2514,16,194,22,1123,31,1003,11
2514,16,194,22,1123,31,1044,11
2514,16,194,22,1123,31,1068,11
2514,16,194,22,1123,31,1153,11
2514,16,194,22,1123,31,1186,11
2514,16,194,22,1123,31,1194,11
2514,16,194,22,1123,31,1259,11
2514,16,194,22,1123,31,1260,11
2514,16,194,22,1123,31,1312,11
2514,16,194,22,1123,31,1388,11
2514,16,194,22,1123,31,1391,11
2514,16,194,22,1123,31,1422,11
2514,16,194,22,1123,31,1556,11
2514,16,194,22,1123,31,1568,11
2514,16,194,22,1123,31,1599,11
2514,16,194,22,1123,31,1747,11
2514,16,194,22,1123,31,1773,11
2514,16,194,22,1123,31,1799,11
2514,16,194,22,1123,31,1818,11
2514,16,194,22,1123,31,1873,11
2514,16,194,22,1123,31,1940,11
2514,16,194,22,1123,31,1956,11
2514,16,194,22,1123,31,1997,11
2514,16,194,22,1123,31,2068,11
2514,16,194,22,1123,31,2079,11
2514,16,194,22,1123,31,2123,11
2514,16,194,22,1123,31,2196,11
2514,16,194,22,1123,31,2206,11
2514,16,194,22,1123,31,2216,11
2514,16,194,22,1123,31,2244,11
2514,16,194,22,1123,31,2259,11
2514,16,194,22,1123,31,2261,11
2514,16,194,22,1123,31,2289,11
2514,16,194,22,1123,31,2359,11
2514,16,194,22,1123,31,2370,11
2514,16,194,22,1123,31,2405,11
2514,16,194,22,1362,12,45,11
2514,16,194,22,1362,12,159,11
2514,16,194,22,1362,12,272,11
2514,16,194,22,1362,12,338,11
2514,16,194,22,1362,12,390,11
2514,16,194,22,1362,12,457,11
2514,16,194,22,1362,12,463,11
2514,16,194,22,1362,12,620,11
2514,16,194,22,1362,12,700,11
2514,16,194,22,1362,12,742,11
2514,16,194,22,1362,12,758,11
2514,16,194,22,1362,12,879,11
2514,16,194,22,1362,12,927,11
2514,16,194,22,1362,12,979,11
2514,16,194,22,1362,12,1003,11
2514,16,194,22,1362,12,1044,11
2514,16,194,22,1362,12,1068,11
2514,16,194,22,1362,12,1153,11
2514,16,194,22,1362,12,1186,11
2514,16,194,22,1362,12,1194,11
2514,16,194,22,1362,12,1259,11
2514,16,194,22,1362,12,1260,11
2514,16,194,22,1362,12,1312,11
2514,16,194,22,1362,12,1388,11
2514,16,194,22,1362,12,1391,11
2514,16,194,22,1362,12,1422,11
2514,16,194,22,1362,12,1556,11
2514,16,194,22,1362,12,1568,11
2514,16,194,22,1362,12,1599,11
2514,16,194,22,1362,12,1747,11
2514,16,194,22,1362,12,1773,11
2514,16,194,22,1362,12,1799,11
2514,16,194,22,1362,12,1818,11
2514,16,194,22,1362,12,1873,11
2514,16,194,22,1362,12,1940,11
2514,16,194,22,1362,12,1956,11
2514,16,194,22,1362,12,1997,11
2514,16,194,22,1362,12,2068,11
2514,16,194,22,1362,12,2079,11
2514,16,194,22,1362,12,2123,11
2514,16,194,22,1362,12,2196,11
2514,16,194,22,1362,12,2206,11
2514,16,194,22,1362,12,2216,11
2514,16,194,22,1362,12,2244,11
2514,16,194,22,1362,12,2259,11
2514,16,194,22,1362,12,2261,11
2514,16,194,22,1362,12,2289,11
2514,16,194,22,1362,12,2359,11
2514,16,194,22,1362,12,2370,11
2514,16,194,22,1362,12,2405,11
2514,16,194,22,1402,28,45,11
2514,16,194,22,1402,28,159,11
2514,16,194,22,1402,28,272,11
2514,16,194,22,1402,28,338,11
2514,16,194,22,1402,28,390,11
2514,16,194,22,1402,28,457,11
2514,16,194,22,1402,28,463,11
2514,16,194,22,1402,28,620,11
2514,16,194,22,1402,28,700,11
2514,16,194,22,1402,28,742,11
2514,16,194,22,1402,28,758,11
2514,16,194,22,1402,28,879,11
2514,16,194,22,1402,28,927,11
2514,16,194,22,1402,28,979,11
2514,16,194,22,1402,28,1003,11
2514,16,194,22,1402,28,1044,11
2514,16,194,22,1402,28,1068,11
2514,16,194,22,1402,28,1153,11
2514,16,194,22,1402,28,1186,11
2514,16,194,22,1402,28,1194,11
2514,16,194,22,1402,28,1259,11
2514,16,194,22,1402,28,1260,11
2514,16,194,22,1402,28,1312,11
2514,16,194,22,1402,28,1388,11
2514,16,194,22,1402,28,1391,11
2514,16,194,22,1402,28,1422,11
2514,16,194,22,1402,28,1556,11
2514,16,194,22,1402,28,1568,11
2514,16,194,22,1402,28,1599,11
2514,16,194,22,1402,28,1747,11
2514,16,194,22,1402,28,1773,11
2514,16,194,22,1402,28,1799,11
2514,16,194,22,1402,28,1818,11
2514,16,194,22,1402,28,1873,11
2514,16,194,22,1402,28,1940,11
2514,16,194,22,1402,28,1956,11
2514,16,194,22,1402,28,1997,11
2514,16,194,22,1402,28,2068,11
2514,16,194,22,1402,28,2079,11
2514,16,194,22,1402,28,2123,11
2514,16,194,22,1402,28,2196,11
2514,16,194,22,1402,28,2206,11
2514,16,194,22,1402,28,2216,11
2514,16,194,22,1402,28,2244,11
2514,16,194,22,1402,28,2259,11
2514,16,194,22,1402,28,2261,11
2514,16,194,22,1402,28,2289,11
2514,16,194,22,1402,28,2359,11
2514,16,194,22,1402,28,2370,11
2514,16,194,22,1402,28,2405,11
2514,16,194,22,1734,44,45,11
2514,16,194,22,1734,44,159,11
2514,16,194,22,1734,44,272,11
2514,16,194,22,1734,44,338,11
2514,16,194,22,1734,44,390,11
2514,16,194,22,1734,44,457,11
2514,16,194,22,1734,44,463,11
2514,16,194,22,1734,44,620,11
2514,16,194,22,1734,44,700,11
2514,16,194,22,1734,44,742,11
2514,16,194,22,1734,44,758,11
2514,16,194,22,1734,44,879,11
2514,16,194,22,1734,44,927,11
2514,16,194,22,1734,44,979,11
2514,16,194,22,1734,44,1003,11
2514,16,194,22,1734,44,1044,11
2514,16,194,22,1734,44,1068,11
2514,16,194,22,1734,44,1153,11
2514,16,194,22,1734,44,1186,11
2514,16,194,22,1734,44,1194,11
2514,16,194,22,1734,44,1259,11
2514,16,194,22,1734,44,1260,11
2514,16,194,22,1734,44,1312,11
2514,16,194,22,1734,44,1388,11
2514,16,194,22,1734,44,1391,11
2514,16,194,22,1734,44,1422,11
2514,16,194,22,1734,44,1556,11
2514,16,194,22,1734,44,1568,11
2514,16,194,22,1734,44,1599,11
2514,16,194,22,1734,44,1747,11
2514,16,194,22,1734,44,1773,11
2514,16,194,22,1734,44,1799,11
2514,16,194,22,1734,44,1818,11
2514,16,194,22,1734,44,1873,11
2514,16,194,22,1734,44,1940,11
2514,16,194,22,1734,44,1956,11
2514,16,194,22,1734,44,1997,11
2514,16,194,22,1734,44,2068,11
2514,16,194,22,1734,44,2079,11
2514,16,194,22,1734,44,2123,11
2514,16,194,22,1734,44,2196,11
2514,16,194,22,1734,44,2206,11
2514,16,194,22,1734,44,2216,11
2514,16,194,22,1734,44,2244,11
2514,16,194,22,1734,44,2259,11
2514,16,194,22,1734,44,2261,11
2514,16,194,22,1734,44,2289,11
2514,16,194,22,1734,44,2359,11
2514,16,194,22,1734,44,2370,11
2514,16,194,22,1734,44,2405,11
2514,16,194,22,1823,39,45,11
2514,16,194,22,1823,39,159,11
2514,16,194,22,1823,39,272,11
2514,16,194,22,1823,39,338,11
2514,16,194,22,1823,39,390,11
2514,16,194,22,1823,39,457,11
2514,16,194,22,1823,39,463,11
2514,16,194,22,1823,39,620,11
2514,16,194,22,1823,39,700,11
2514,16,194,22,1823,39,742,11
2514,16,194,22,1823,39,758,11
2514,16,194,22,1823,39,879,11
2514,16,194,22,1823,39,927,11
2514,16,194,22,1823,39,979,11
2514,16,194,22,1823,39,1003,11
2514,16,194,22,1823,39,1044,11
2514,16,194,22,1823,39,1068,11
2514,16,194,22,1823,39,1153,11
2514,16,194,22,1823,39,1186,11
2514,16,194,22,1823,39,1194,11
2514,16,194,22,1823,39,1259,11
2514,16,194,22,1823,39,1260,11
2514,16,194,22,1823,39,1312,11
2514,16,194,22,1823,39,1388,11
2514,16,194,22,1823,39,1391,11
2514,16,194,22,1823,39,1422,11
2514,16,194,22,1823,39,1556,11
2514,16,194,22,1823,39,1568,11
2514,16,194,22,1823,39,1599,11
2514,16,194,22,1823,39,1747,11
2514,16,194,22,1823,39,1773,11
2514,16,194,22,1823,39,1799,11
2514,16,194,22,1823,39,1818,11
2514,16,194,22,1823,39,1873,11
2514,16,194,22,1823,39,1940,11
2514,16,194,22,1823,39,1956,11
2514,16,194,22,1823,39,1997,11
2514,16,194,22,1823,39,2068,11
2514,16,194,22,1823,39,2079,11
2514,16,194,22,1823,39,2123,11
2514,16,194,22,1823,39,2196,11
2514,16,194,22,1823,39,2206,11
2514,16,194,22,1823,39,2216,11
2514,16,194,22,1823,39,2244,11
2514,16,194,22,1823,39,2259,11
2514,16,194,22,1823,39,2261,11
2514,16,194,22,1823,39,2289,11
2514,16,194,22,1823,39,2359,11
2514,16,194,22,1823,39,2370,11
2514,16,194,22,1823,39,2405,11
