2514,16,1386,37,60,36,45,11
2514,16,1386,37,60,36,159,11
2514,16,1386,37,60,36,272,11
2514,16,1386,37,60,36,338,11
2514,16,1386,37,60,36,390,11
2514,16,1386,37,60,36,457,11
2514,16,1386,37,60,36,463,11
2514,16,1386,37,60,36,620,11
2514,16,1386,37,60,36,700,11
2514,16,1386,37,60,36,742,11
2514,16,1386,37,60,36,758,11
2514,16,1386,37,60,36,879,11
2514,16,1386,37,60,36,927,11
2514,16,1386,37,60,36,979,11
2514,16,1386,37,60,36,1003,11
2514,16,1386,37,60,36,1044,11
2514,16,1386,37,60,36,1068,11
2514,16,1386,37,60,36,1153,11
2514,16,1386,37,60,36,1186,11
2514,16,1386,37,60,36,1194,11
2514,16,1386,37,60,36,1259,11
2514,16,1386,37,60,36,1260,11
2514,16,1386,37,60,36,1312,11
2514,16,1386,37,60,36,1388,11
2514,16,1386,37,60,36,1391,11
2514,16,1386,37,60,36,1422,11
2514,16,1386,37,60,36,1556,11
2514,16,1386,37,60,36,1568,11
2514,16,1386,37,60,36,1599,11
2514,16,1386,37,60,36,1747,11
2514,16,1386,37,60,36,1773,11
2514,16,1386,37,60,36,1799,11
2514,16,1386,37,60,36,1818,11
2514,16,1386,37,60,36,1873,11
2514,16,1386,37,60,36,1940,11
2514,16,1386,37,60,36,1956,11
2514,16,1386,37,60,36,1997,11
2514,16,1386,37,60,36,2068,11
2514,16,1386,37,60,36,2079,11
2514,16,1386,37,60,36,2123,11
2514,16,1386,37,60,36,2196,11
2514,16,1386,37,60,36,2206,11
2514,16,1386,37,60,36,2216,11
2514,16,1386,37,60,36,2244,11
2514,16,1386,37,60,36,2259,11
2514,16,1386,37,60,36,2261,11
2514,16,1386,37,60,36,2289,11
2514,16,1386,37,60,36,2359,11
2514,16,1386,37,60,36,2370,11
2514,16,1386,37,60,36,2405,11
2514,16,1386,37,265,14,45,11
2514,16,1386,37,265,14,159,11
2514,16,1386,37,265,14,272,11
2514,16,1386,37,265,14,338,11
2514,16,1386,37,265,14,390,11
2514,16,1386,37,265,14,457,11
2514,16,1386,37,265,14,463,11
2514,16,1386,37,265,14,620,11
2514,16,1386,37,265,14,700,11
2514,16,1386,37,265,14,742,11
2514,16,1386,37,265,14,758,11
2514,16,1386,37,265,14,879,11
2514,16,1386,37,265,14,927,11
2514,16,1386,37,265,14,979,11
2514,16,1386,37,265,14,1003,11
2514,16,1386,37,265,14,1044,11
2514,16,1386,37,265,14,1068,11
2514,16,1386,37,265,14,1153,11
2514,16,1386,37,265,14,1186,11
2514,16,1386,37,265,14,1194,11
2514,16,1386,37,265,14,1259,11
2514,16,1386,37,265,14,1260,11
2514,16,1386,37,265,14,1312,11
2514,16,1386,37,265,14,1388,11
2514,16,1386,37,265,14,1391,11
2514,16,1386,37,265,14,1422,11
2514,16,1386,37,265,14,1556,11
2514,16,1386,37,265,14,1568,11
2514,16,1386,37,265,14,1599,11
2514,16,1386,37,265,14,1747,11
2514,16,1386,37,265,14,1773,11
2514,16,1386,37,265,14,1799,11
2514,16,1386,37,265,14,1818,11
2514,16,1386,37,265,14,1873,11
2514,16,1386,37,265,14,1940,11
2514,16,1386,37,265,14,1956,11
2514,16,1386,37,265,14,1997,11
2514,16,1386,37,265,14,2068,11
2514,16,1386,37,265,14,2079,11
2514,16,1386,37,265,14,2123,11
2514,16,1386,37,265,14,2196,11
2514,16,1386,37,265,14,2206,11
2514,16,1386,37,265,14,2216,11
2514,16,1386,37,265,14,2244,11
2514,16,1386,37,265,14,2259,11
2514,16,1386,37,265,14,2261,11
2514,16,1386,37,265,14,2289,11
2514,16,1386,37,265,14,2359,11
2514,16,1386,37,265,14,2370,11
2514,16,1386,37,265,14,2405,11
2514,16,1386,37,357,17,159,11
2514,16,1386,37,357,17,272,11
2514,16,1386,37,357,17,457,11
2514,16,1386,37,357,17,463,11
2514,16,1386,37,357,17,700,11
2514,16,1386,37,357,17,879,11
2514,16,1386,37,357,17,927,11
2514,16,1386,37,357,17,1003,11
2514,16,1386,37,357,17,1068,11
2514,16,1386,37,357,17,1153,11
2514,16,1386,37,357,17,1194,11
2514,16,1386,37,357,17,1260,11
2514,16,1386,37,357,17,1388,11
2514,16,1386,37,357,17,1391,11
2514,16,1386,37,357,17,1422,11
2514,16,1386,37,357,17,1556,11
2514,16,1386,37,357,17,1568,11
2514,16,1386,37,357,17,1599,11
2514,16,1386,37,357,17,1747,11
2514,16,1386,37,357,17,1818,11
2514,16,1386,37,357,17,1873,11
2514,16,1386,37,357,17,1940,11
2514,16,1386,37,357,17,2068,11
2514,16,1386,37,357,17,2079,11
2514,16,1386,37,357,17,2123,11
2514,16,1386,37,357,17,2196,11
2514,16,1386,37,357,17,2216,11
2514,16,1386,37,357,17,2259,11
2514,16,1386,37,357,17,2370,11
2514,16,1386,37,357,17,2405,11
2514,16,1386,37,461,10,45,11
2514,16,1386,37,461,10,159,11
2514,16,1386,37,461,10,272,11
2514,16,1386,37,461,10,338,11
2514,16,1386,37,461,10,390,11
2514,16,1386,37,461,10,457,11
2514,16,1386,37,461,10,463,11
2514,16,1386,37,461,10,620,11
2514,16,1386,37,461,10,700,11
2514,16,1386,37,461,10,742,11
2514,16,1386,37,461,10,758,11
2514,16,1386,37,461,10,879,11
2514,16,1386,37,461,10,927,11
2514,16,1386,37,461,10,979,11
2514,16,1386,37,461,10,1003,11
2514,16,1386,37,461,10,1044,11
2514,16,1386,37,461,10,1068,11
2514,16,1386,37,461,10,1153,11
2514,16,1386,37,461,10,1186,11
2514,16,1386,37,461,10,1194,11
2514,16,1386,37,461,10,1259,11
2514,16,1386,37,461,10,1260,11
2514,16,1386,37,461,10,1312,11
2514,16,1386,37,461,10,1388,11
2514,16,1386,37,461,10,1391,11
2514,16,1386,37,461,10,1422,11
2514,16,1386,37,461,10,1556,11
2514,16,1386,37,461,10,1568,11
2514,16,1386,37,461,10,1599,11
2514,16,1386,37,461,10,1747,11
2514,16,1386,37,461,10,1773,11
2514,16,1386,37,461,10,1799,11
2514,16,1386,37,461,10,1818,11
2514,16,1386,37,461,10,1873,11
2514,16,1386,37,461,10,1940,11
2514,16,1386,37,461,10,1956,11
2514,16,1386,37,461,10,1997,11
2514,16,1386,37,461,10,2068,11
2514,16,1386,37,461,10,2079,11
2514,16,1386,37,461,10,2123,11
2514,16,1386,37,461,10,2196,11
2514,16,1386,37,461,10,2206,11
2514,16,1386,37,461,10,2216,11
2514,16,1386,37,461,10,2244,11
2514,16,1386,37,461,10,2259,11
2514,16,1386,37,461,10,2261,11
2514,16,1386,37,461,10,2289,11
2514,16,1386,37,461,10,2359,11
2514,16,1386,37,461,10,2370,11
2514,16,1386,37,461,10,2405,11
2514,16,1386,37,596,16,45,11
2514,16,1386,37,596,16,159,11
2514,16,1386,37,596,16,272,11
2514,16,1386,37,596,16,338,11
2514,16,1386,37,596,16,390,11
2514,16,1386,37,596,16,457,11
2514,16,1386,37,596,16,463,11
2514,16,1386,37,596,16,620,11
2514,16,1386,37,596,16,700,11
2514,16,1386,37,596,16,742,11
2514,16,1386,37,596,16,758,11
2514,16,1386,37,596,16,879,11
2514,16,1386,37,596,16,927,11
2514,16,1386,37,596,16,979,11
2514,16,1386,37,596,16,1003,11
2514,16,1386,37,596,16,1044,11
2514,16,1386,37,596,16,1068,11
2514,16,1386,37,596,16,1153,11
2514,16,1386,37,596,16,1186,11
2514,16,1386,37,596,16,1194,11
2514,16,1386,37,596,16,1259,11
2514,16,1386,37,596,16,1260,11
2514,16,1386,37,596,16,1312,11
2514,16,1386,37,596,16,1388,11
2514,16,1386,37,596,16,1391,11
2514,16,1386,37,596,16,1422,11
2514,16,1386,37,596,16,1556,11
2514,16,1386,37,596,16,1568,11
2514,16,1386,37,596,16,1599,11
2514,16,1386,37,596,16,1747,11
2514,16,1386,37,596,16,1773,11
2514,16,1386,37,596,16,1799,11
2514,16,1386,37,596,16,1818,11
2514,16,1386,37,596,16,1873,11
2514,16,1386,37,596,16,1940,11
2514,16,1386,37,596,16,1956,11
2514,16,1386,37,596,16,1997,11
2514,16,1386,37,596,16,2068,11
2514,16,1386,37,596,16,2079,11
2514,16,1386,37,596,16,2123,11
2514,16,1386,37,596,16,2196,11
2514,16,1386,37,596,16,2206,11
2514,16,1386,37,596,16,2216,11
2514,16,1386,37,596,16,2244,11
2514,16,1386,37,596,16,2259,11
2514,16,1386,37,596,16,2261,11
2514,16,1386,37,596,16,2289,11
2514,16,1386,37,596,16,2359,11
2514,16,1386,37,596,16,2370,11
2514,16,1386,37,596,16,2405,11
2514,16,1386,37,757,43,45,11
2514,16,1386,37,757,43,159,11
2514,16,1386,37,757,43,272,11
2514,16,1386,37,757,43,338,11
2514,16,1386,37,757,43,390,11
2514,16,1386,37,757,43,457,11
2514,16,1386,37,757,43,463,11
2514,16,1386,37,757,43,620,11
2514,16,1386,37,757,43,700,11
2514,16,1386,37,757,43,742,11
2514,16,1386,37,757,43,758,11
2514,16,1386,37,757,43,879,11
2514,16,1386,37,757,43,927,11
2514,16,1386,37,757,43,979,11
2514,16,1386,37,757,43,1003,11
2514,16,1386,37,757,43,1044,11
2514,16,1386,37,757,43,1068,11
2514,16,1386,37,757,43,1153,11
2514,16,1386,37,757,43,1186,11
2514,16,1386,37,757,43,1194,11
2514,16,1386,37,757,43,1259,11
2514,16,1386,37,757,43,1260,11
2514,16,1386,37,757,43,1312,11
2514,16,1386,37,757,43,1388,11
2514,16,1386,37,757,43,1391,11
2514,16,1386,37,757,43,1422,11
2514,16,1386,37,757,43,1556,11
2514,16,1386,37,757,43,1568,11
2514,16,1386,37,757,43,1599,11
2514,16,1386,37,757,43,1747,11
2514,16,1386,37,757,43,1773,11
2514,16,1386,37,757,43,1799,11
2514,16,1386,37,757,43,1818,11
2514,16,1386,37,757,43,1873,11
2514,16,1386,37,757,43,1940,11
2514,16,1386,37,757,43,1956,11
2514,16,1386,37,757,43,1997,11
2514,16,1386,37,757,43,2068,11
2514,16,1386,37,757,43,2079,11
2514,16,1386,37,757,43,2123,11
2514,16,1386,37,757,43,2196,11
2514,16,1386,37,757,43,2206,11
2514,16,1386,37,757,43,2216,11
2514,16,1386,37,757,43,2244,11
2514,16,1386,37,757,43,2259,11
2514,16,1386,37,757,43,2261,11
2514,16,1386,37,757,43,2289,11
2514,16,1386,37,757,43,2359,11
2514,16,1386,37,757,43,2370,11
2514,16,1386,37,757,43,2405,11
2514,16,1386,37,995,25,45,11
2514,16,1386,37,995,25,159,11
2514,16,1386,37,995,25,272,11
2514,16,1386,37,995,25,338,11
2514,16,1386,37,995,25,390,11
2514,16,1386,37,995,25,457,11
2514,16,1386,37,995,25,463,11
2514,16,1386,37,995,25,620,11
2514,16,1386,37,995,25,700,11
2514,16,1386,37,995,25,742,11
2514,16,1386,37,995,25,758,11
2514,16,1386,37,995,25,879,11
2514,16,1386,37,995,25,927,11
2514,16,1386,37,995,25,979,11
2514,16,1386,37,995,25,1003,11
2514,16,1386,37,995,25,1044,11
2514,16,1386,37,995,25,1068,11
2514,16,1386,37,995,25,1153,11
2514,16,1386,37,995,25,1186,11
2514,16,1386,37,995,25,1194,11
2514,16,1386,37,995,25,1259,11
2514,16,1386,37,995,25,1260,11
2514,16,1386,37,995,25,1312,11
2514,16,1386,37,995,25,1388,11
2514,16,1386,37,995,25,1391,11
2514,16,1386,37,995,25,1422,11
2514,16,1386,37,995,25,1556,11
2514,16,1386,37,995,25,1568,11
2514,16,1386,37,995,25,1599,11
2514,16,1386,37,995,25,1747,11
2514,16,1386,37,995,25,1773,11
2514,16,1386,37,995,25,1799,11
2514,16,1386,37,995,25,1818,11
2514,16,1386,37,995,25,1873,11
2514,16,1386,37,995,25,1940,11
2514,16,1386,37,995,25,1956,11
2514,16,1386,37,995,25,1997,11
2514,16,1386,37,995,25,2068,11
2514,16,1386,37,995,25,2079,11
2514,16,1386,37,995,25,2123,11
2514,16,1386,37,995,25,2196,11
2514,16,1386,37,995,25,2206,11
2514,16,1386,37,995,25,2216,11
2514,16,1386,37,995,25,2244,11
2514,16,1386,37,995,25,2259,11
2514,16,1386,37,995,25,2261,11
2514,16,1386,37,995,25,2289,11
2514,16,1386,37,995,25,2359,11
2514,16,1386,37,995,25,2370,11
2514,16,1386,37,995,25,2405,11
2514,16,1386,37,1112,34,45,11
2514,16,1386,37,1112,34,390,11
2514,16,1386,37,1112,34,620,11
2514,16,1386,37,1112,34,979,11
2514,16,1386,37,1112,34,1799,11
2514,16,1386,37,1112,34,1956,11
2514,16,1386,37,1112,34,2206,11
2514,16,1386,37,1112,34,2244,11
2514,16,1386,37,1112,34,2261,11
2514,16,1386,37,1112,34,2359,11
2514,16,1386,37,1530,22,45,11
2514,16,1386,37,1530,22,159,11
2514,16,1386,37,1530,22,272,11
2514,16,1386,37,1530,22,338,11
2514,16,1386,37,1530,22,390,11
2514,16,1386,37,1530,22,457,11
2514,16,1386,37,1530,22,463,11
2514,16,1386,37,1530,22,620,11
2514,16,1386,37,1530,22,700,11
2514,16,1386,37,1530,22,742,11
2514,16,1386,37,1530,22,758,11
2514,16,1386,37,1530,22,879,11
2514,16,1386,37,1530,22,927,11
2514,16,1386,37,1530,22,979,11
2514,16,1386,37,1530,22,1003,11
2514,16,1386,37,1530,22,1044,11
2514,16,1386,37,1530,22,1068,11
2514,16,1386,37,1530,22,1153,11
2514,16,1386,37,1530,22,1186,11
2514,16,1386,37,1530,22,1194,11
2514,16,1386,37,1530,22,1259,11
2514,16,1386,37,1530,22,1260,11
2514,16,1386,37,1530,22,1312,11
2514,16,1386,37,1530,22,1388,11
2514,16,1386,37,1530,22,1391,11
2514,16,1386,37,1530,22,1422,11
2514,16,1386,37,1530,22,1556,11
2514,16,1386,37,1530,22,1568,11
2514,16,1386,37,1530,22,1599,11
2514,16,1386,37,1530,22,1747,11
2514,16,1386,37,1530,22,1773,11
2514,16,1386,37,1530,22,1799,11
2514,16,1386,37,1530,22,1818,11
2514,16,1386,37,1530,22,1873,11
2514,16,1386,37,1530,22,1940,11
2514,16,1386,37,1530,22,1956,11
2514,16,1386,37,1530,22,1997,11
2514,16,1386,37,1530,22,2068,11
2514,16,1386,37,1530,22,2079,11
2514,16,1386,37,1530,22,2123,11
2514,16,1386,37,1530,22,2196,11
2514,16,1386,37,1530,22,2206,11
2514,16,1386,37,1530,22,2216,11
2514,16,1386,37,1530,22,2244,11
2514,16,1386,37,1530,22,2259,11
2514,16,1386,37,1530,22,2261,11
2514,16,1386,37,1530,22,2289,11
2514,16,1386,37,1530,22,2359,11
2514,16,1386,37,1530,22,2370,11
2514,16,1386,37,1530,22,2405,11
2514,16,1386,37,1531,32,45,11
2514,16,1386,37,1531,32,159,11
2514,16,1386,37,1531,32,272,11
2514,16,1386,37,1531,32,338,11
2514,16,1386,37,1531,32,390,11
2514,16,1386,37,1531,32,457,11
2514,16,1386,37,1531,32,463,11
2514,16,1386,37,1531,32,620,11
2514,16,1386,37,1531,32,700,11
2514,16,1386,37,1531,32,742,11
2514,16,1386,37,1531,32,758,11
2514,16,1386,37,1531,32,879,11
2514,16,1386,37,1531,32,927,11
2514,16,1386,37,1531,32,979,11
2514,16,1386,37,1531,32,1003,11
2514,16,1386,37,1531,32,1044,11
2514,16,1386,37,1531,32,1068,11
2514,16,1386,37,1531,32,1153,11
2514,16,1386,37,1531,32,1186,11
2514,16,1386,37,1531,32,1194,11
2514,16,1386,37,1531,32,1259,11
2514,16,1386,37,1531,32,1260,11
2514,16,1386,37,1531,32,1312,11
2514,16,1386,37,1531,32,1388,11
2514,16,1386,37,1531,32,1391,11
2514,16,1386,37,1531,32,1422,11
2514,16,1386,37,1531,32,1556,11
2514,16,1386,37,1531,32,1568,11
2514,16,1386,37,1531,32,1599,11
2514,16,1386,37,1531,32,1747,11
2514,16,1386,37,1531,32,1773,11
2514,16,1386,37,1531,32,1799,11
2514,16,1386,37,1531,32,1818,11
2514,16,1386,37,1531,32,1873,11
2514,16,1386,37,1531,32,1940,11
2514,16,1386,37,1531,32,1956,11
2514,16,1386,37,1531,32,1997,11
2514,16,1386,37,1531,32,2068,11
2514,16,1386,37,1531,32,2079,11
2514,16,1386,37,1531,32,2123,11
2514,16,1386,37,1531,32,2196,11
2514,16,1386,37,1531,32,2206,11
2514,16,1386,37,1531,32,2216,11
2514,16,1386,37,1531,32,2244,11
2514,16,1386,37,1531,32,2259,11
2514,16,1386,37,1531,32,2261,11
2514,16,1386,37,1531,32,2289,11
2514,16,1386,37,1531,32,2359,11
2514,16,1386,37,1531,32,2370,11
2514,16,1386,37,1531,32,2405,11
2514,16,1386,37,1587,26,45,11
2514,16,1386,37,1587,26,159,11
2514,16,1386,37,1587,26,272,11
2514,16,1386,37,1587,26,338,11
2514,16,1386,37,1587,26,390,11
2514,16,1386,37,1587,26,457,11
2514,16,1386,37,1587,26,463,11
2514,16,1386,37,1587,26,620,11
2514,16,1386,37,1587,26,700,11
2514,16,1386,37,1587,26,742,11
2514,16,1386,37,1587,26,758,11
2514,16,1386,37,1587,26,879,11
2514,16,1386,37,1587,26,927,11
2514,16,1386,37,1587,26,979,11
2514,16,1386,37,1587,26,1003,11
2514,16,1386,37,1587,26,1044,11
2514,16,1386,37,1587,26,1068,11
2514,16,1386,37,1587,26,1153,11
2514,16,1386,37,1587,26,1186,11
2514,16,1386,37,1587,26,1194,11
2514,16,1386,37,1587,26,1259,11
2514,16,1386,37,1587,26,1260,11
2514,16,1386,37,1587,26,1312,11
2514,16,1386,37,1587,26,1388,11
2514,16,1386,37,1587,26,1391,11
2514,16,1386,37,1587,26,1422,11
2514,16,1386,37,1587,26,1556,11
2514,16,1386,37,1587,26,1568,11
2514,16,1386,37,1587,26,1599,11
2514,16,1386,37,1587,26,1747,11
2514,16,1386,37,1587,26,1773,11
2514,16,1386,37,1587,26,1799,11
2514,16,1386,37,1587,26,1818,11
2514,16,1386,37,1587,26,1873,11
2514,16,1386,37,1587,26,1940,11
2514,16,1386,37,1587,26,1956,11
2514,16,1386,37,1587,26,1997,11
2514,16,1386,37,1587,26,2068,11
2514,16,1386,37,1587,26,2079,11
2514,16,1386,37,1587,26,2123,11
2514,16,1386,37,1587,26,2196,11
2514,16,1386,37,1587,26,2206,11
2514,16,1386,37,1587,26,2216,11
2514,16,1386,37,1587,26,2244,11
2514,16,1386,37,1587,26,2259,11
2514,16,1386,37,1587,26,2261,11
2514,16,1386,37,1587,26,2289,11
2514,16,1386,37,1587,26,2359,11
2514,16,1386,37,1587,26,2370,11
2514,16,1386,37,1587,26,2405,11
2514,16,1386,37,1611,18,45,11
2514,16,1386,37,1611,18,159,11
2514,16,1386,37,1611,18,272,11
2514,16,1386,37,1611,18,338,11
2514,16,1386,37,1611,18,390,11
2514,16,1386,37,1611,18,457,11
2514,16,1386,37,1611,18,463,11
2514,16,1386,37,1611,18,620,11
2514,16,1386,37,1611,18,700,11
2514,16,1386,37,1611,18,742,11
2514,16,1386,37,1611,18,758,11
2514,16,1386,37,1611,18,879,11
2514,16,1386,37,1611,18,927,11
2514,16,1386,37,1611,18,979,11
2514,16,1386,37,1611,18,1003,11
2514,16,1386,37,1611,18,1044,11
2514,16,1386,37,1611,18,1068,11
2514,16,1386,37,1611,18,1153,11
2514,16,1386,37,1611,18,1186,11
2514,16,1386,37,1611,18,1194,11
2514,16,1386,37,1611,18,1259,11
2514,16,1386,37,1611,18,1260,11
2514,16,1386,37,1611,18,1312,11
2514,16,1386,37,1611,18,1388,11
2514,16,1386,37,1611,18,1391,11
2514,16,1386,37,1611,18,1422,11
2514,16,1386,37,1611,18,1556,11
2514,16,1386,37,1611,18,1568,11
2514,16,1386,37,1611,18,1599,11
2514,16,1386,37,1611,18,1747,11
2514,16,1386,37,1611,18,1773,11
2514,16,1386,37,1611,18,1799,11
2514,16,1386,37,1611,18,1818,11
2514,16,1386,37,1611,18,1873,11
2514,16,1386,37,1611,18,1940,11
2514,16,1386,37,1611,18,1956,11
2514,16,1386,37,1611,18,1997,11
2514,16,1386,37,1611,18,2068,11
2514,16,1386,37,1611,18,2079,11
2514,16,1386,37,1611,18,2123,11
2514,16,1386,37,1611,18,2196,11
2514,16,1386,37,1611,18,2206,11
2514,16,1386,37,1611,18,2216,11
2514,16,1386,37,1611,18,2244,11
2514,16,1386,37,1611,18,2259,11
2514,16,1386,37,1611,18,2261,11
2514,16,1386,37,1611,18,2289,11
2514,16,1386,37,1611,18,2359,11
2514,16,1386,37,1611,18,2370,11
2514,16,1386,37,1611,18,2405,11
2514,16,1386,37,1705,12,45,11
2514,16,1386,37,1705,12,159,11
2514,16,1386,37,1705,12,272,11
2514,16,1386,37,1705,12,338,11
2514,16,1386,37,1705,12,390,11
2514,16,1386,37,1705,12,457,11
2514,16,1386,37,1705,12,463,11
2514,16,1386,37,1705,12,620,11
2514,16,1386,37,1705,12,700,11
2514,16,1386,37,1705,12,742,11
2514,16,1386,37,1705,12,758,11
2514,16,1386,37,1705,12,879,11
2514,16,1386,37,1705,12,927,11
2514,16,1386,37,1705,12,979,11
2514,16,1386,37,1705,12,1003,11
2514,16,1386,37,1705,12,1044,11
2514,16,1386,37,1705,12,1068,11
2514,16,1386,37,1705,12,1153,11
2514,16,1386,37,1705,12,1186,11
2514,16,1386,37,1705,12,1194,11
2514,16,1386,37,1705,12,1259,11
2514,16,1386,37,1705,12,1260,11
2514,16,1386,37,1705,12,1312,11
2514,16,1386,37,1705,12,1388,11
2514,16,1386,37,1705,12,1391,11
2514,16,1386,37,1705,12,1422,11
2514,16,1386,37,1705,12,1556,11
2514,16,1386,37,1705,12,1568,11
2514,16,1386,37,1705,12,1599,11
2514,16,1386,37,1705,12,1747,11
2514,16,1386,37,1705,12,1773,11
2514,16,1386,37,1705,12,1799,11
2514,16,1386,37,1705,12,1818,11
2514,16,1386,37,1705,12,1873,11
2514,16,1386,37,1705,12,1940,11
2514,16,1386,37,1705,12,1956,11
2514,16,1386,37,1705,12,1997,11
2514,16,1386,37,1705,12,2068,11
2514,16,1386,37,1705,12,2079,11
2514,16,1386,37,1705,12,2123,11
2514,16,1386,37,1705,12,2196,11
2514,16,1386,37,1705,12,2206,11
2514,16,1386,37,1705,12,2216,11
2514,16,1386,37,1705,12,2244,11
2514,16,1386,37,1705,12,2259,11
2514,16,1386,37,1705,12,2261,11
2514,16,1386,37,1705,12,2289,11
2514,16,1386,37,1705,12,2359,11
2514,16,1386,37,1705,12,2370,11
2514,16,1386,37,1705,12,2405,11
2514,16,1386,37,1973,50,45,11
2514,16,1386,37,1973,50,159,11
2514,16,1386,37,1973,50,272,11
2514,16,1386,37,1973,50,338,11
2514,16,1386,37,1973,50,390,11
2514,16,1386,37,1973,50,457,11
2514,16,1386,37,1973,50,463,11
2514,16,1386,37,1973,50,620,11
2514,16,1386,37,1973,50,700,11
2514,16,1386,37,1973,50,742,11
2514,16,1386,37,1973,50,758,11
2514,16,1386,37,1973,50,879,11
2514,16,1386,37,1973,50,927,11
2514,16,1386,37,1973,50,979,11
2514,16,1386,37,1973,50,1003,11
2514,16,1386,37,1973,50,1044,11
2514,16,1386,37,1973,50,1068,11
2514,16,1386,37,1973,50,1153,11
2514,16,1386,37,1973,50,1186,11
2514,16,1386,37,1973,50,1194,11
2514,16,1386,37,1973,50,1259,11
2514,16,1386,37,1973,50,1260,11
2514,16,1386,37,1973,50,1312,11
2514,16,1386,37,1973,50,1388,11
2514,16,1386,37,1973,50,1391,11
2514,16,1386,37,1973,50,1422,11
2514,16,1386,37,1973,50,1556,11
2514,16,1386,37,1973,50,1568,11
2514,16,1386,37,1973,50,1599,11
2514,16,1386,37,1973,50,1747,11
2514,16,1386,37,1973,50,1773,11
2514,16,1386,37,1973,50,1799,11
2514,16,1386,37,1973,50,1818,11
2514,16,1386,37,1973,50,1873,11
2514,16,1386,37,1973,50,1940,11
2514,16,1386,37,1973,50,1956,11
2514,16,1386,37,1973,50,1997,11
2514,16,1386,37,1973,50,2068,11
2514,16,1386,37,1973,50,2079,11
2514,16,1386,37,1973,50,2123,11
2514,16,1386,37,1973,50,2196,11
2514,16,1386,37,1973,50,2206,11
2514,16,1386,37,1973,50,2216,11
2514,16,1386,37,1973,50,2244,11
2514,16,1386,37,1973,50,2259,11
2514,16,1386,37,1973,50,2261,11
2514,16,1386,37,1973,50,2289,11
2514,16,1386,37,1973,50,2359,11
2514,16,1386,37,1973,50,2370,11
2514,16,1386,37,1973,50,2405,11
