2514,16,1918,16,28,37,45,11
2514,16,1918,16,28,37,159,11
2514,16,1918,16,28,37,272,11
2514,16,1918,16,28,37,338,11
2514,16,1918,16,28,37,390,11
2514,16,1918,16,28,37,457,11
2514,16,1918,16,28,37,463,11
2514,16,1918,16,28,37,620,11
2514,16,1918,16,28,37,700,11
2514,16,1918,16,28,37,742,11
2514,16,1918,16,28,37,758,11
2514,16,1918,16,28,37,879,11
2514,16,1918,16,28,37,927,11
2514,16,1918,16,28,37,979,11
2514,16,1918,16,28,37,1003,11
2514,16,1918,16,28,37,1044,11
2514,16,1918,16,28,37,1068,11
2514,16,1918,16,28,37,1153,11
2514,16,1918,16,28,37,1186,11
2514,16,1918,16,28,37,1194,11
2514,16,1918,16,28,37,1259,11
2514,16,1918,16,28,37,1260,11
2514,16,1918,16,28,37,1312,11
2514,16,1918,16,28,37,1388,11
2514,16,1918,16,28,37,1391,11
2514,16,1918,16,28,37,1422,11
2514,16,1918,16,28,37,1556,11
2514,16,1918,16,28,37,1568,11
2514,16,1918,16,28,37,1599,11
2514,16,1918,16,28,37,1747,11
2514,16,1918,16,28,37,1773,11
2514,16,1918,16,28,37,1799,11
2514,16,1918,16,28,37,1818,11
2514,16,1918,16,28,37,1873,11
2514,16,1918,16,28,37,1940,11
2514,16,1918,16,28,37,1956,11
2514,16,1918,16,28,37,1997,11
2514,16,1918,16,28,37,2068,11
2514,16,1918,16,28,37,2079,11
2514,16,1918,16,28,37,2123,11
2514,16,1918,16,28,37,2196,11
2514,16,1918,16,28,37,2206,11
2514,16,1918,16,28,37,2216,11
2514,16,1918,16,28,37,2244,11
2514,16,1918,16,28,37,2259,11
2514,16,1918,16,28,37,2261,11
2514,16,1918,16,28,37,2289,11
2514,16,1918,16,28,37,2359,11
2514,16,1918,16,28,37,2370,11
2514,16,1918,16,28,37,2405,11
2514,16,1918,16,75,12,159,11
2514,16,1918,16,75,12,272,11
2514,16,1918,16,75,12,338,11
2514,16,1918,16,75,12,457,11
2514,16,1918,16,75,12,463,11
2514,16,1918,16,75,12,700,11
2514,16,1918,16,75,12,742,11
2514,16,1918,16,75,12,758,11
2514,16,1918,16,75,12,879,11
2514,16,1918,16,75,12,927,11
2514,16,1918,16,75,12,1003,11
2514,16,1918,16,75,12,1044,11
2514,16,1918,16,75,12,1068,11
2514,16,1918,16,75,12,1153,11
2514,16,1918,16,75,12,1186,11
2514,16,1918,16,75,12,1194,11
2514,16,1918,16,75,12,1259,11
2514,16,1918,16,75,12,1260,11
2514,16,1918,16,75,12,1312,11
2514,16,1918,16,75,12,1388,11
2514,16,1918,16,75,12,1391,11
2514,16,1918,16,75,12,1422,11
2514,16,1918,16,75,12,1556,11
2514,16,1918,16,75,12,1568,11
2514,16,1918,16,75,12,1599,11
2514,16,1918,16,75,12,1747,11
2514,16,1918,16,75,12,1773,11
2514,16,1918,16,75,12,1818,11
2514,16,1918,16,75,12,1873,11
2514,16,1918,16,75,12,1940,11
2514,16,1918,16,75,12,1997,11
2514,16,1918,16,75,12,2068,11
2514,16,1918,16,75,12,2079,11
2514,16,1918,16,75,12,2123,11
2514,16,1918,16,75,12,2196,11
2514,16,1918,16,75,12,2216,11
2514,16,1918,16,75,12,2259,11
2514,16,1918,16,75,12,2289,11
2514,16,1918,16,75,12,2370,11
2514,16,1918,16,75,12,2405,11
2514,16,1918,16,223,9,45,11
2514,16,1918,16,223,9,159,11
2514,16,1918,16,223,9,272,11
2514,16,1918,16,223,9,338,11
2514,16,1918,16,223,9,390,11
2514,16,1918,16,223,9,457,11
2514,16,1918,16,223,9,463,11
2514,16,1918,16,223,9,620,11
2514,16,1918,16,223,9,700,11
2514,16,1918,16,223,9,742,11
2514,16,1918,16,223,9,758,11
2514,16,1918,16,223,9,879,11
2514,16,1918,16,223,9,927,11
2514,16,1918,16,223,9,979,11
2514,16,1918,16,223,9,1003,11
2514,16,1918,16,223,9,1044,11
2514,16,1918,16,223,9,1068,11
2514,16,1918,16,223,9,1153,11
2514,16,1918,16,223,9,1186,11
2514,16,1918,16,223,9,1194,11
2514,16,1918,16,223,9,1259,11
2514,16,1918,16,223,9,1260,11
2514,16,1918,16,223,9,1312,11
2514,16,1918,16,223,9,1388,11
2514,16,1918,16,223,9,1391,11
2514,16,1918,16,223,9,1422,11
2514,16,1918,16,223,9,1556,11
2514,16,1918,16,223,9,1568,11
2514,16,1918,16,223,9,1599,11
2514,16,1918,16,223,9,1747,11
2514,16,1918,16,223,9,1773,11
2514,16,1918,16,223,9,1799,11
2514,16,1918,16,223,9,1818,11
2514,16,1918,16,223,9,1873,11
2514,16,1918,16,223,9,1940,11
2514,16,1918,16,223,9,1956,11
2514,16,1918,16,223,9,1997,11
2514,16,1918,16,223,9,2068,11
2514,16,1918,16,223,9,2079,11
2514,16,1918,16,223,9,2123,11
2514,16,1918,16,223,9,2196,11
2514,16,1918,16,223,9,2206,11
2514,16,1918,16,223,9,2216,11
2514,16,1918,16,223,9,2244,11
2514,16,1918,16,223,9,2259,11
2514,16,1918,16,223,9,2261,11
2514,16,1918,16,223,9,2289,11
2514,16,1918,16,223,9,2359,11
2514,16,1918,16,223,9,2370,11
2514,16,1918,16,223,9,2405,11
2514,16,1918,16,413,37,45,11
2514,16,1918,16,413,37,159,11
2514,16,1918,16,413,37,272,11
2514,16,1918,16,413,37,338,11
2514,16,1918,16,413,37,390,11
2514,16,1918,16,413,37,457,11
2514,16,1918,16,413,37,463,11
2514,16,1918,16,413,37,620,11
2514,16,1918,16,413,37,700,11
2514,16,1918,16,413,37,742,11
2514,16,1918,16,413,37,758,11
2514,16,1918,16,413,37,879,11
2514,16,1918,16,413,37,927,11
2514,16,1918,16,413,37,979,11
2514,16,1918,16,413,37,1003,11
2514,16,1918,16,413,37,1044,11
2514,16,1918,16,413,37,1068,11
2514,16,1918,16,413,37,1153,11
2514,16,1918,16,413,37,1186,11
2514,16,1918,16,413,37,1194,11
2514,16,1918,16,413,37,1259,11
2514,16,1918,16,413,37,1260,11
2514,16,1918,16,413,37,1312,11
2514,16,1918,16,413,37,1388,11
2514,16,1918,16,413,37,1391,11
2514,16,1918,16,413,37,1422,11
2514,16,1918,16,413,37,1556,11
2514,16,1918,16,413,37,1568,11
2514,16,1918,16,413,37,1599,11
2514,16,1918,16,413,37,1747,11
2514,16,1918,16,413,37,1773,11
2514,16,1918,16,413,37,1799,11
2514,16,1918,16,413,37,1818,11
2514,16,1918,16,413,37,1873,11
2514,16,1918,16,413,37,1940,11
2514,16,1918,16,413,37,1956,11
2514,16,1918,16,413,37,1997,11
2514,16,1918,16,413,37,2068,11
2514,16,1918,16,413,37,2079,11
2514,16,1918,16,413,37,2123,11
2514,16,1918,16,413,37,2196,11
2514,16,1918,16,413,37,2206,11
2514,16,1918,16,413,37,2216,11
2514,16,1918,16,413,37,2244,11
2514,16,1918,16,413,37,2259,11
2514,16,1918,16,413,37,2261,11
2514,16,1918,16,413,37,2289,11
2514,16,1918,16,413,37,2359,11
2514,16,1918,16,413,37,2370,11
2514,16,1918,16,413,37,2405,11
2514,16,1918,16,580,16,45,11
2514,16,1918,16,580,16,159,11
2514,16,1918,16,580,16,272,11
2514,16,1918,16,580,16,338,11
2514,16,1918,16,580,16,390,11
2514,16,1918,16,580,16,457,11
2514,16,1918,16,580,16,463,11
2514,16,1918,16,580,16,620,11
2514,16,1918,16,580,16,700,11
2514,16,1918,16,580,16,742,11
2514,16,1918,16,580,16,758,11
2514,16,1918,16,580,16,879,11
2514,16,1918,16,580,16,927,11
2514,16,1918,16,580,16,979,11
2514,16,1918,16,580,16,1003,11
2514,16,1918,16,580,16,1044,11
2514,16,1918,16,580,16,1068,11
2514,16,1918,16,580,16,1153,11
2514,16,1918,16,580,16,1186,11
2514,16,1918,16,580,16,1194,11
2514,16,1918,16,580,16,1259,11
2514,16,1918,16,580,16,1260,11
2514,16,1918,16,580,16,1312,11
2514,16,1918,16,580,16,1388,11
2514,16,1918,16,580,16,1391,11
2514,16,1918,16,580,16,1422,11
2514,16,1918,16,580,16,1556,11
2514,16,1918,16,580,16,1568,11
2514,16,1918,16,580,16,1599,11
2514,16,1918,16,580,16,1747,11
2514,16,1918,16,580,16,1773,11
2514,16,1918,16,580,16,1799,11
2514,16,1918,16,580,16,1818,11
2514,16,1918,16,580,16,1873,11
2514,16,1918,16,580,16,1940,11
2514,16,1918,16,580,16,1956,11
2514,16,1918,16,580,16,1997,11
2514,16,1918,16,580,16,2068,11
2514,16,1918,16,580,16,2079,11
2514,16,1918,16,580,16,2123,11
2514,16,1918,16,580,16,2196,11
2514,16,1918,16,580,16,2206,11
2514,16,1918,16,580,16,2216,11
2514,16,1918,16,580,16,2244,11
2514,16,1918,16,580,16,2259,11
2514,16,1918,16,580,16,2261,11
2514,16,1918,16,580,16,2289,11
2514,16,1918,16,580,16,2359,11
2514,16,1918,16,580,16,2370,11
2514,16,1918,16,580,16,2405,11
2514,16,1918,16,821,35,45,11
2514,16,1918,16,821,35,159,11
2514,16,1918,16,821,35,272,11
2514,16,1918,16,821,35,338,11
2514,16,1918,16,821,35,390,11
2514,16,1918,16,821,35,457,11
2514,16,1918,16,821,35,463,11
2514,16,1918,16,821,35,620,11
2514,16,1918,16,821,35,700,11
2514,16,1918,16,821,35,742,11
2514,16,1918,16,821,35,758,11
2514,16,1918,16,821,35,879,11
2514,16,1918,16,821,35,927,11
2514,16,1918,16,821,35,979,11
2514,16,1918,16,821,35,1003,11
2514,16,1918,16,821,35,1044,11
2514,16,1918,16,821,35,1068,11
2514,16,1918,16,821,35,1153,11
2514,16,1918,16,821,35,1186,11
2514,16,1918,16,821,35,1194,11
2514,16,1918,16,821,35,1259,11
2514,16,1918,16,821,35,1260,11
2514,16,1918,16,821,35,1312,11
2514,16,1918,16,821,35,1388,11
2514,16,1918,16,821,35,1391,11
2514,16,1918,16,821,35,1422,11
2514,16,1918,16,821,35,1556,11
2514,16,1918,16,821,35,1568,11
2514,16,1918,16,821,35,1599,11
2514,16,1918,16,821,35,1747,11
2514,16,1918,16,821,35,1773,11
2514,16,1918,16,821,35,1799,11
2514,16,1918,16,821,35,1818,11
2514,16,1918,16,821,35,1873,11
2514,16,1918,16,821,35,1940,11
2514,16,1918,16,821,35,1956,11
2514,16,1918,16,821,35,1997,11
2514,16,1918,16,821,35,2068,11
2514,16,1918,16,821,35,2079,11
2514,16,1918,16,821,35,2123,11
2514,16,1918,16,821,35,2196,11
2514,16,1918,16,821,35,2206,11
2514,16,1918,16,821,35,2216,11
2514,16,1918,16,821,35,2244,11
2514,16,1918,16,821,35,2259,11
2514,16,1918,16,821,35,2261,11
2514,16,1918,16,821,35,2289,11
2514,16,1918,16,821,35,2359,11
2514,16,1918,16,821,35,2370,11
2514,16,1918,16,821,35,2405,11
2514,16,1918,16,899,11,45,11
2514,16,1918,16,899,11,159,11
2514,16,1918,16,899,11,272,11
2514,16,1918,16,899,11,338,11
2514,16,1918,16,899,11,390,11
2514,16,1918,16,899,11,457,11
2514,16,1918,16,899,11,463,11
2514,16,1918,16,899,11,620,11
2514,16,1918,16,899,11,700,11
2514,16,1918,16,899,11,742,11
2514,16,1918,16,899,11,758,11
2514,16,1918,16,899,11,879,11
2514,16,1918,16,899,11,927,11
2514,16,1918,16,899,11,979,11
2514,16,1918,16,899,11,1003,11
2514,16,1918,16,899,11,1044,11
2514,16,1918,16,899,11,1068,11
2514,16,1918,16,899,11,1153,11
2514,16,1918,16,899,11,1186,11
2514,16,1918,16,899,11,1194,11
2514,16,1918,16,899,11,1259,11
2514,16,1918,16,899,11,1260,11
2514,16,1918,16,899,11,1312,11
2514,16,1918,16,899,11,1388,11
2514,16,1918,16,899,11,1391,11
2514,16,1918,16,899,11,1422,11
2514,16,1918,16,899,11,1556,11
2514,16,1918,16,899,11,1568,11
2514,16,1918,16,899,11,1599,11
2514,16,1918,16,899,11,1747,11
2514,16,1918,16,899,11,1773,11
2514,16,1918,16,899,11,1799,11
2514,16,1918,16,899,11,1818,11
2514,16,1918,16,899,11,1873,11
2514,16,1918,16,899,11,1940,11
2514,16,1918,16,899,11,1956,11
2514,16,1918,16,899,11,1997,11
2514,16,1918,16,899,11,2068,11
2514,16,1918,16,899,11,2079,11
2514,16,1918,16,899,11,2123,11
2514,16,1918,16,899,11,2196,11
2514,16,1918,16,899,11,2206,11
2514,16,1918,16,899,11,2216,11
2514,16,1918,16,899,11,2244,11
2514,16,1918,16,899,11,2259,11
2514,16,1918,16,899,11,2261,11
2514,16,1918,16,899,11,2289,11
2514,16,1918,16,899,11,2359,11
2514,16,1918,16,899,11,2370,11
2514,16,1918,16,899,11,2405,11
2514,16,1918,16,999,19,45,11
2514,16,1918,16,999,19,159,11
2514,16,1918,16,999,19,272,11
2514,16,1918,16,999,19,338,11
2514,16,1918,16,999,19,390,11
2514,16,1918,16,999,19,457,11
2514,16,1918,16,999,19,463,11
2514,16,1918,16,999,19,620,11
2514,16,1918,16,999,19,700,11
2514,16,1918,16,999,19,742,11
2514,16,1918,16,999,19,758,11
2514,16,1918,16,999,19,879,11
2514,16,1918,16,999,19,927,11
2514,16,1918,16,999,19,979,11
2514,16,1918,16,999,19,1003,11
2514,16,1918,16,999,19,1044,11
2514,16,1918,16,999,19,1068,11
2514,16,1918,16,999,19,1153,11
2514,16,1918,16,999,19,1186,11
2514,16,1918,16,999,19,1194,11
2514,16,1918,16,999,19,1259,11
2514,16,1918,16,999,19,1260,11
2514,16,1918,16,999,19,1312,11
2514,16,1918,16,999,19,1388,11
2514,16,1918,16,999,19,1391,11
2514,16,1918,16,999,19,1422,11
2514,16,1918,16,999,19,1556,11
2514,16,1918,16,999,19,1568,11
2514,16,1918,16,999,19,1599,11
2514,16,1918,16,999,19,1747,11
2514,16,1918,16,999,19,1773,11
2514,16,1918,16,999,19,1799,11
2514,16,1918,16,999,19,1818,11
2514,16,1918,16,999,19,1873,11
2514,16,1918,16,999,19,1940,11
2514,16,1918,16,999,19,1956,11
2514,16,1918,16,999,19,1997,11
2514,16,1918,16,999,19,2068,11
2514,16,1918,16,999,19,2079,11
2514,16,1918,16,999,19,2123,11
2514,16,1918,16,999,19,2196,11
2514,16,1918,16,999,19,2206,11
2514,16,1918,16,999,19,2216,11
2514,16,1918,16,999,19,2244,11
2514,16,1918,16,999,19,2259,11
2514,16,1918,16,999,19,2261,11
2514,16,1918,16,999,19,2289,11
2514,16,1918,16,999,19,2359,11
2514,16,1918,16,999,19,2370,11
2514,16,1918,16,999,19,2405,11
2514,16,1918,16,1016,37,45,11
2514,16,1918,16,1016,37,159,11
2514,16,1918,16,1016,37,272,11
2514,16,1918,16,1016,37,338,11
2514,16,1918,16,1016,37,390,11
2514,16,1918,16,1016,37,457,11
2514,16,1918,16,1016,37,463,11
2514,16,1918,16,1016,37,620,11
2514,16,1918,16,1016,37,700,11
2514,16,1918,16,1016,37,742,11
2514,16,1918,16,1016,37,758,11
2514,16,1918,16,1016,37,879,11
2514,16,1918,16,1016,37,927,11
2514,16,1918,16,1016,37,979,11
2514,16,1918,16,1016,37,1003,11
2514,16,1918,16,1016,37,1044,11
2514,16,1918,16,1016,37,1068,11
2514,16,1918,16,1016,37,1153,11
2514,16,1918,16,1016,37,1186,11
2514,16,1918,16,1016,37,1194,11
2514,16,1918,16,1016,37,1259,11
2514,16,1918,16,1016,37,1260,11
2514,16,1918,16,1016,37,1312,11
2514,16,1918,16,1016,37,1388,11
2514,16,1918,16,1016,37,1391,11
2514,16,1918,16,1016,37,1422,11
2514,16,1918,16,1016,37,1556,11
2514,16,1918,16,1016,37,1568,11
2514,16,1918,16,1016,37,1599,11
2514,16,1918,16,1016,37,1747,11
2514,16,1918,16,1016,37,1773,11
2514,16,1918,16,1016,37,1799,11
2514,16,1918,16,1016,37,1818,11
2514,16,1918,16,1016,37,1873,11
2514,16,1918,16,1016,37,1940,11
2514,16,1918,16,1016,37,1956,11
2514,16,1918,16,1016,37,1997,11
2514,16,1918,16,1016,37,2068,11
2514,16,1918,16,1016,37,2079,11
2514,16,1918,16,1016,37,2123,11
2514,16,1918,16,1016,37,2196,11
2514,16,1918,16,1016,37,2206,11
2514,16,1918,16,1016,37,2216,11
2514,16,1918,16,1016,37,2244,11
2514,16,1918,16,1016,37,2259,11
2514,16,1918,16,1016,37,2261,11
2514,16,1918,16,1016,37,2289,11
2514,16,1918,16,1016,37,2359,11
2514,16,1918,16,1016,37,2370,11
2514,16,1918,16,1016,37,2405,11
2514,16,1918,16,1376,9,45,11
2514,16,1918,16,1376,9,159,11
2514,16,1918,16,1376,9,272,11
2514,16,1918,16,1376,9,338,11
2514,16,1918,16,1376,9,390,11
2514,16,1918,16,1376,9,457,11
2514,16,1918,16,1376,9,463,11
2514,16,1918,16,1376,9,620,11
2514,16,1918,16,1376,9,700,11
2514,16,1918,16,1376,9,742,11
2514,16,1918,16,1376,9,758,11
2514,16,1918,16,1376,9,879,11
2514,16,1918,16,1376,9,927,11
2514,16,1918,16,1376,9,979,11
2514,16,1918,16,1376,9,1003,11
2514,16,1918,16,1376,9,1044,11
2514,16,1918,16,1376,9,1068,11
2514,16,1918,16,1376,9,1153,11
2514,16,1918,16,1376,9,1186,11
2514,16,1918,16,1376,9,1194,11
2514,16,1918,16,1376,9,1259,11
2514,16,1918,16,1376,9,1260,11
2514,16,1918,16,1376,9,1312,11
2514,16,1918,16,1376,9,1388,11
2514,16,1918,16,1376,9,1391,11
2514,16,1918,16,1376,9,1422,11
2514,16,1918,16,1376,9,1556,11
2514,16,1918,16,1376,9,1568,11
2514,16,1918,16,1376,9,1599,11
2514,16,1918,16,1376,9,1747,11
2514,16,1918,16,1376,9,1773,11
2514,16,1918,16,1376,9,1799,11
2514,16,1918,16,1376,9,1818,11
2514,16,1918,16,1376,9,1873,11
2514,16,1918,16,1376,9,1940,11
2514,16,1918,16,1376,9,1956,11
2514,16,1918,16,1376,9,1997,11
2514,16,1918,16,1376,9,2068,11
2514,16,1918,16,1376,9,2079,11
2514,16,1918,16,1376,9,2123,11
2514,16,1918,16,1376,9,2196,11
2514,16,1918,16,1376,9,2206,11
2514,16,1918,16,1376,9,2216,11
2514,16,1918,16,1376,9,2244,11
2514,16,1918,16,1376,9,2259,11
2514,16,1918,16,1376,9,2261,11
2514,16,1918,16,1376,9,2289,11
2514,16,1918,16,1376,9,2359,11
2514,16,1918,16,1376,9,2370,11
2514,16,1918,16,1376,9,2405,11
2514,16,1918,16,1546,17,45,11
2514,16,1918,16,1546,17,159,11
2514,16,1918,16,1546,17,272,11
2514,16,1918,16,1546,17,338,11
2514,16,1918,16,1546,17,390,11
2514,16,1918,16,1546,17,457,11
2514,16,1918,16,1546,17,463,11
2514,16,1918,16,1546,17,620,11
2514,16,1918,16,1546,17,700,11
2514,16,1918,16,1546,17,742,11
2514,16,1918,16,1546,17,758,11
2514,16,1918,16,1546,17,879,11
2514,16,1918,16,1546,17,927,11
2514,16,1918,16,1546,17,979,11
2514,16,1918,16,1546,17,1003,11
2514,16,1918,16,1546,17,1044,11
2514,16,1918,16,1546,17,1068,11
2514,16,1918,16,1546,17,1153,11
2514,16,1918,16,1546,17,1186,11
2514,16,1918,16,1546,17,1194,11
2514,16,1918,16,1546,17,1259,11
2514,16,1918,16,1546,17,1260,11
2514,16,1918,16,1546,17,1312,11
2514,16,1918,16,1546,17,1388,11
2514,16,1918,16,1546,17,1391,11
2514,16,1918,16,1546,17,1422,11
2514,16,1918,16,1546,17,1556,11
2514,16,1918,16,1546,17,1568,11
2514,16,1918,16,1546,17,1599,11
2514,16,1918,16,1546,17,1747,11
2514,16,1918,16,1546,17,1773,11
2514,16,1918,16,1546,17,1799,11
2514,16,1918,16,1546,17,1818,11
2514,16,1918,16,1546,17,1873,11
2514,16,1918,16,1546,17,1940,11
2514,16,1918,16,1546,17,1956,11
2514,16,1918,16,1546,17,1997,11
2514,16,1918,16,1546,17,2068,11
2514,16,1918,16,1546,17,2079,11
2514,16,1918,16,1546,17,2123,11
2514,16,1918,16,1546,17,2196,11
2514,16,1918,16,1546,17,2206,11
2514,16,1918,16,1546,17,2216,11
2514,16,1918,16,1546,17,2244,11
2514,16,1918,16,1546,17,2259,11
2514,16,1918,16,1546,17,2261,11
2514,16,1918,16,1546,17,2289,11
2514,16,1918,16,1546,17,2359,11
2514,16,1918,16,1546,17,2370,11
2514,16,1918,16,1546,17,2405,11
2514,16,1918,16,1867,43,45,11
2514,16,1918,16,1867,43,159,11
2514,16,1918,16,1867,43,272,11
2514,16,1918,16,1867,43,338,11
2514,16,1918,16,1867,43,390,11
2514,16,1918,16,1867,43,457,11
2514,16,1918,16,1867,43,463,11
2514,16,1918,16,1867,43,620,11
2514,16,1918,16,1867,43,700,11
2514,16,1918,16,1867,43,742,11
2514,16,1918,16,1867,43,758,11
2514,16,1918,16,1867,43,879,11
2514,16,1918,16,1867,43,927,11
2514,16,1918,16,1867,43,979,11
2514,16,1918,16,1867,43,1003,11
2514,16,1918,16,1867,43,1044,11
2514,16,1918,16,1867,43,1068,11
2514,16,1918,16,1867,43,1153,11
2514,16,1918,16,1867,43,1186,11
2514,16,1918,16,1867,43,1194,11
2514,16,1918,16,1867,43,1259,11
2514,16,1918,16,1867,43,1260,11
2514,16,1918,16,1867,43,1312,11
2514,16,1918,16,1867,43,1388,11
2514,16,1918,16,1867,43,1391,11
2514,16,1918,16,1867,43,1422,11
2514,16,1918,16,1867,43,1556,11
2514,16,1918,16,1867,43,1568,11
2514,16,1918,16,1867,43,1599,11
2514,16,1918,16,1867,43,1747,11
2514,16,1918,16,1867,43,1773,11
2514,16,1918,16,1867,43,1799,11
2514,16,1918,16,1867,43,1818,11
2514,16,1918,16,1867,43,1873,11
2514,16,1918,16,1867,43,1940,11
2514,16,1918,16,1867,43,1956,11
2514,16,1918,16,1867,43,1997,11
2514,16,1918,16,1867,43,2068,11
2514,16,1918,16,1867,43,2079,11
2514,16,1918,16,1867,43,2123,11
2514,16,1918,16,1867,43,2196,11
2514,16,1918,16,1867,43,2206,11
2514,16,1918,16,1867,43,2216,11
2514,16,1918,16,1867,43,2244,11
2514,16,1918,16,1867,43,2259,11
2514,16,1918,16,1867,43,2261,11
2514,16,1918,16,1867,43,2289,11
2514,16,1918,16,1867,43,2359,11
2514,16,1918,16,1867,43,2370,11
2514,16,1918,16,1867,43,2405,11
2514,16,1918,16,1932,18,45,11
2514,16,1918,16,1932,18,159,11
2514,16,1918,16,1932,18,272,11
2514,16,1918,16,1932,18,338,11
2514,16,1918,16,1932,18,390,11
2514,16,1918,16,1932,18,457,11
2514,16,1918,16,1932,18,463,11
2514,16,1918,16,1932,18,620,11
2514,16,1918,16,1932,18,700,11
2514,16,1918,16,1932,18,742,11
2514,16,1918,16,1932,18,758,11
2514,16,1918,16,1932,18,879,11
2514,16,1918,16,1932,18,927,11
2514,16,1918,16,1932,18,979,11
2514,16,1918,16,1932,18,1003,11
2514,16,1918,16,1932,18,1044,11
2514,16,1918,16,1932,18,1068,11
2514,16,1918,16,1932,18,1153,11
2514,16,1918,16,1932,18,1186,11
2514,16,1918,16,1932,18,1194,11
2514,16,1918,16,1932,18,1259,11
2514,16,1918,16,1932,18,1260,11
2514,16,1918,16,1932,18,1312,11
2514,16,1918,16,1932,18,1388,11
2514,16,1918,16,1932,18,1391,11
2514,16,1918,16,1932,18,1422,11
2514,16,1918,16,1932,18,1556,11
2514,16,1918,16,1932,18,1568,11
2514,16,1918,16,1932,18,1599,11
2514,16,1918,16,1932,18,1747,11
2514,16,1918,16,1932,18,1773,11
2514,16,1918,16,1932,18,1799,11
2514,16,1918,16,1932,18,1818,11
2514,16,1918,16,1932,18,1873,11
2514,16,1918,16,1932,18,1940,11
2514,16,1918,16,1932,18,1956,11
2514,16,1918,16,1932,18,1997,11
2514,16,1918,16,1932,18,2068,11
2514,16,1918,16,1932,18,2079,11
2514,16,1918,16,1932,18,2123,11
2514,16,1918,16,1932,18,2196,11
2514,16,1918,16,1932,18,2206,11
2514,16,1918,16,1932,18,2216,11
2514,16,1918,16,1932,18,2244,11
2514,16,1918,16,1932,18,2259,11
2514,16,1918,16,1932,18,2261,11
2514,16,1918,16,1932,18,2289,11
2514,16,1918,16,1932,18,2359,11
2514,16,1918,16,1932,18,2370,11
2514,16,1918,16,1932,18,2405,11
