2514,16,1475,16,17,42,45,11
2514,16,1475,16,17,42,159,11
2514,16,1475,16,17,42,272,11
2514,16,1475,16,17,42,338,11
2514,16,1475,16,17,42,390,11
2514,16,1475,16,17,42,457,11
2514,16,1475,16,17,42,463,11
2514,16,1475,16,17,42,620,11
2514,16,1475,16,17,42,700,11
2514,16,1475,16,17,42,742,11
2514,16,1475,16,17,42,758,11
2514,16,1475,16,17,42,879,11
2514,16,1475,16,17,42,927,11
2514,16,1475,16,17,42,979,11
2514,16,1475,16,17,42,1003,11
2514,16,1475,16,17,42,1044,11
2514,16,1475,16,17,42,1068,11
2514,16,1475,16,17,42,1153,11
2514,16,1475,16,17,42,1186,11
2514,16,1475,16,17,42,1194,11
2514,16,1475,16,17,42,1259,11
2514,16,1475,16,17,42,1260,11
2514,16,1475,16,17,42,1312,11
2514,16,1475,16,17,42,1388,11
2514,16,1475,16,17,42,1391,11
2514,16,1475,16,17,42,1422,11
2514,16,1475,16,17,42,1556,11
2514,16,1475,16,17,42,1568,11
2514,16,1475,16,17,42,1599,11
2514,16,1475,16,17,42,1747,11
2514,16,1475,16,17,42,1773,11
2514,16,1475,16,17,42,1799,11
2514,16,1475,16,17,42,1818,11
2514,16,1475,16,17,42,1873,11
2514,16,1475,16,17,42,1940,11
2514,16,1475,16,17,42,1956,11
2514,16,1475,16,17,42,1997,11
2514,16,1475,16,17,42,2068,11
2514,16,1475,16,17,42,2079,11
2514,16,1475,16,17,42,2123,11
2514,16,1475,16,17,42,2196,11
2514,16,1475,16,17,42,2206,11
2514,16,1475,16,17,42,2216,11
2514,16,1475,16,17,42,2244,11
2514,16,1475,16,17,42,2259,11
2514,16,1475,16,17,42,2261,11
2514,16,1475,16,17,42,2289,11
2514,16,1475,16,17,42,2359,11
2514,16,1475,16,17,42,2370,11
2514,16,1475,16,17,42,2405,11
2514,16,1475,16,381,50,45,11
2514,16,1475,16,381,50,159,11
2514,16,1475,16,381,50,272,11
2514,16,1475,16,381,50,338,11
2514,16,1475,16,381,50,390,11
2514,16,1475,16,381,50,457,11
2514,16,1475,16,381,50,463,11
2514,16,1475,16,381,50,620,11
2514,16,1475,16,381,50,700,11
2514,16,1475,16,381,50,742,11
2514,16,1475,16,381,50,758,11
2514,16,1475,16,381,50,879,11
2514,16,1475,16,381,50,927,11
2514,16,1475,16,381,50,979,11
2514,16,1475,16,381,50,1003,11
2514,16,1475,16,381,50,1044,11
2514,16,1475,16,381,50,1068,11
2514,16,1475,16,381,50,1153,11
2514,16,1475,16,381,50,1186,11
2514,16,1475,16,381,50,1194,11
2514,16,1475,16,381,50,1259,11
2514,16,1475,16,381,50,1260,11
2514,16,1475,16,381,50,1312,11
2514,16,1475,16,381,50,1388,11
2514,16,1475,16,381,50,1391,11
2514,16,1475,16,381,50,1422,11
2514,16,1475,16,381,50,1556,11
2514,16,1475,16,381,50,1568,11
2514,16,1475,16,381,50,1599,11
2514,16,1475,16,381,50,1747,11
2514,16,1475,16,381,50,1773,11
2514,16,1475,16,381,50,1799,11
2514,16,1475,16,381,50,1818,11
2514,16,1475,16,381,50,1873,11
2514,16,1475,16,381,50,1940,11
2514,16,1475,16,381,50,1956,11
2514,16,1475,16,381,50,1997,11
2514,16,1475,16,381,50,2068,11
2514,16,1475,16,381,50,2079,11
2514,16,1475,16,381,50,2123,11
2514,16,1475,16,381,50,2196,11
2514,16,1475,16,381,50,2206,11
2514,16,1475,16,381,50,2216,11
2514,16,1475,16,381,50,2244,11
2514,16,1475,16,381,50,2259,11
2514,16,1475,16,381,50,2261,11
2514,16,1475,16,381,50,2289,11
2514,16,1475,16,381,50,2359,11
2514,16,1475,16,381,50,2370,11
2514,16,1475,16,381,50,2405,11
2514,16,1475,16,556,46,45,11
2514,16,1475,16,556,46,272,11
2514,16,1475,16,556,46,338,11
2514,16,1475,16,556,46,390,11
2514,16,1475,16,556,46,620,11
2514,16,1475,16,556,46,742,11
2514,16,1475,16,556,46,758,11
2514,16,1475,16,556,46,979,11
2514,16,1475,16,556,46,1044,11
2514,16,1475,16,556,46,1068,11
2514,16,1475,16,556,46,1186,11
2514,16,1475,16,556,46,1259,11
2514,16,1475,16,556,46,1260,11
2514,16,1475,16,556,46,1312,11
2514,16,1475,16,556,46,1391,11
2514,16,1475,16,556,46,1422,11
2514,16,1475,16,556,46,1747,11
2514,16,1475,16,556,46,1773,11
2514,16,1475,16,556,46,1799,11
2514,16,1475,16,556,46,1956,11
2514,16,1475,16,556,46,1997,11
2514,16,1475,16,556,46,2068,11
2514,16,1475,16,556,46,2079,11
2514,16,1475,16,556,46,2206,11
2514,16,1475,16,556,46,2244,11
2514,16,1475,16,556,46,2259,11
2514,16,1475,16,556,46,2261,11
2514,16,1475,16,556,46,2289,11
2514,16,1475,16,556,46,2359,11
2514,16,1475,16,556,46,2405,11
2514,16,1475,16,575,28,45,11
2514,16,1475,16,575,28,159,11
2514,16,1475,16,575,28,272,11
2514,16,1475,16,575,28,338,11
2514,16,1475,16,575,28,390,11
2514,16,1475,16,575,28,457,11
2514,16,1475,16,575,28,463,11
2514,16,1475,16,575,28,620,11
2514,16,1475,16,575,28,700,11
2514,16,1475,16,575,28,742,11
2514,16,1475,16,575,28,758,11
2514,16,1475,16,575,28,879,11
2514,16,1475,16,575,28,927,11
2514,16,1475,16,575,28,979,11
2514,16,1475,16,575,28,1003,11
2514,16,1475,16,575,28,1044,11
2514,16,1475,16,575,28,1068,11
2514,16,1475,16,575,28,1153,11
2514,16,1475,16,575,28,1186,11
2514,16,1475,16,575,28,1194,11
2514,16,1475,16,575,28,1259,11
2514,16,1475,16,575,28,1260,11
2514,16,1475,16,575,28,1312,11
2514,16,1475,16,575,28,1388,11
2514,16,1475,16,575,28,1391,11
2514,16,1475,16,575,28,1422,11
2514,16,1475,16,575,28,1556,11
2514,16,1475,16,575,28,1568,11
2514,16,1475,16,575,28,1599,11
2514,16,1475,16,575,28,1747,11
2514,16,1475,16,575,28,1773,11
2514,16,1475,16,575,28,1799,11
2514,16,1475,16,575,28,1818,11
2514,16,1475,16,575,28,1873,11
2514,16,1475,16,575,28,1940,11
2514,16,1475,16,575,28,1956,11
2514,16,1475,16,575,28,1997,11
2514,16,1475,16,575,28,2068,11
2514,16,1475,16,575,28,2079,11
2514,16,1475,16,575,28,2123,11
2514,16,1475,16,575,28,2196,11
2514,16,1475,16,575,28,2206,11
2514,16,1475,16,575,28,2216,11
2514,16,1475,16,575,28,2244,11
2514,16,1475,16,575,28,2259,11
2514,16,1475,16,575,28,2261,11
2514,16,1475,16,575,28,2289,11
2514,16,1475,16,575,28,2359,11
2514,16,1475,16,575,28,2370,11
2514,16,1475,16,575,28,2405,11
2514,16,1475,16,825,43,457,11
2514,16,1475,16,825,43,700,11
2514,16,1475,16,825,43,927,11
2514,16,1475,16,825,43,1003,11
2514,16,1475,16,825,43,1153,11
2514,16,1475,16,825,43,1194,11
2514,16,1475,16,825,43,1568,11
2514,16,1475,16,825,43,1599,11
2514,16,1475,16,825,43,1818,11
2514,16,1475,16,825,43,1940,11
2514,16,1475,16,904,38,45,11
2514,16,1475,16,904,38,159,11
2514,16,1475,16,904,38,272,11
2514,16,1475,16,904,38,338,11
2514,16,1475,16,904,38,390,11
2514,16,1475,16,904,38,457,11
2514,16,1475,16,904,38,463,11
2514,16,1475,16,904,38,620,11
2514,16,1475,16,904,38,700,11
2514,16,1475,16,904,38,742,11
2514,16,1475,16,904,38,758,11
2514,16,1475,16,904,38,879,11
2514,16,1475,16,904,38,927,11
2514,16,1475,16,904,38,979,11
2514,16,1475,16,904,38,1003,11
2514,16,1475,16,904,38,1044,11
2514,16,1475,16,904,38,1068,11
2514,16,1475,16,904,38,1153,11
2514,16,1475,16,904,38,1186,11
2514,16,1475,16,904,38,1194,11
2514,16,1475,16,904,38,1259,11
2514,16,1475,16,904,38,1260,11
2514,16,1475,16,904,38,1312,11
2514,16,1475,16,904,38,1388,11
2514,16,1475,16,904,38,1391,11
2514,16,1475,16,904,38,1422,11
2514,16,1475,16,904,38,1556,11
2514,16,1475,16,904,38,1568,11
2514,16,1475,16,904,38,1599,11
2514,16,1475,16,904,38,1747,11
2514,16,1475,16,904,38,1773,11
2514,16,1475,16,904,38,1799,11
2514,16,1475,16,904,38,1818,11
2514,16,1475,16,904,38,1873,11
2514,16,1475,16,904,38,1940,11
2514,16,1475,16,904,38,1956,11
2514,16,1475,16,904,38,1997,11
2514,16,1475,16,904,38,2068,11
2514,16,1475,16,904,38,2079,11
2514,16,1475,16,904,38,2123,11
2514,16,1475,16,904,38,2196,11
2514,16,1475,16,904,38,2206,11
2514,16,1475,16,904,38,2216,11
2514,16,1475,16,904,38,2244,11
2514,16,1475,16,904,38,2259,11
2514,16,1475,16,904,38,2261,11
2514,16,1475,16,904,38,2289,11
2514,16,1475,16,904,38,2359,11
2514,16,1475,16,904,38,2370,11
2514,16,1475,16,904,38,2405,11
2514,16,1475,16,919,15,45,11
2514,16,1475,16,919,15,159,11
2514,16,1475,16,919,15,272,11
2514,16,1475,16,919,15,338,11
2514,16,1475,16,919,15,390,11
2514,16,1475,16,919,15,457,11
2514,16,1475,16,919,15,463,11
2514,16,1475,16,919,15,620,11
2514,16,1475,16,919,15,700,11
2514,16,1475,16,919,15,742,11
2514,16,1475,16,919,15,758,11
2514,16,1475,16,919,15,879,11
2514,16,1475,16,919,15,927,11
2514,16,1475,16,919,15,979,11
2514,16,1475,16,919,15,1003,11
2514,16,1475,16,919,15,1044,11
2514,16,1475,16,919,15,1068,11
2514,16,1475,16,919,15,1153,11
2514,16,1475,16,919,15,1186,11
2514,16,1475,16,919,15,1194,11
2514,16,1475,16,919,15,1259,11
2514,16,1475,16,919,15,1260,11
2514,16,1475,16,919,15,1312,11
2514,16,1475,16,919,15,1388,11
2514,16,1475,16,919,15,1391,11
2514,16,1475,16,919,15,1422,11
2514,16,1475,16,919,15,1556,11
2514,16,1475,16,919,15,1568,11
2514,16,1475,16,919,15,1599,11
2514,16,1475,16,919,15,1747,11
2514,16,1475,16,919,15,1773,11
2514,16,1475,16,919,15,1799,11
2514,16,1475,16,919,15,1818,11
2514,16,1475,16,919,15,1873,11
2514,16,1475,16,919,15,1940,11
2514,16,1475,16,919,15,1956,11
2514,16,1475,16,919,15,1997,11
2514,16,1475,16,919,15,2068,11
2514,16,1475,16,919,15,2079,11
2514,16,1475,16,919,15,2123,11
2514,16,1475,16,919,15,2196,11
2514,16,1475,16,919,15,2206,11
2514,16,1475,16,919,15,2216,11
2514,16,1475,16,919,15,2244,11
2514,16,1475,16,919,15,2259,11
2514,16,1475,16,919,15,2261,11
2514,16,1475,16,919,15,2289,11
2514,16,1475,16,919,15,2359,11
2514,16,1475,16,919,15,2370,11
2514,16,1475,16,919,15,2405,11
2514,16,1475,16,991,31,45,11
2514,16,1475,16,991,31,159,11
2514,16,1475,16,991,31,272,11
2514,16,1475,16,991,31,338,11
2514,16,1475,16,991,31,390,11
2514,16,1475,16,991,31,457,11
2514,16,1475,16,991,31,463,11
2514,16,1475,16,991,31,620,11
2514,16,1475,16,991,31,700,11
2514,16,1475,16,991,31,742,11
2514,16,1475,16,991,31,758,11
2514,16,1475,16,991,31,879,11
2514,16,1475,16,991,31,927,11
2514,16,1475,16,991,31,979,11
2514,16,1475,16,991,31,1003,11
2514,16,1475,16,991,31,1044,11
2514,16,1475,16,991,31,1068,11
2514,16,1475,16,991,31,1153,11
2514,16,1475,16,991,31,1186,11
2514,16,1475,16,991,31,1194,11
2514,16,1475,16,991,31,1259,11
2514,16,1475,16,991,31,1260,11
2514,16,1475,16,991,31,1312,11
2514,16,1475,16,991,31,1388,11
2514,16,1475,16,991,31,1391,11
2514,16,1475,16,991,31,1422,11
2514,16,1475,16,991,31,1556,11
2514,16,1475,16,991,31,1568,11
2514,16,1475,16,991,31,1599,11
2514,16,1475,16,991,31,1747,11
2514,16,1475,16,991,31,1773,11
2514,16,1475,16,991,31,1799,11
2514,16,1475,16,991,31,1818,11
2514,16,1475,16,991,31,1873,11
2514,16,1475,16,991,31,1940,11
2514,16,1475,16,991,31,1956,11
2514,16,1475,16,991,31,1997,11
2514,16,1475,16,991,31,2068,11
2514,16,1475,16,991,31,2079,11
2514,16,1475,16,991,31,2123,11
2514,16,1475,16,991,31,2196,11
2514,16,1475,16,991,31,2206,11
2514,16,1475,16,991,31,2216,11
2514,16,1475,16,991,31,2244,11
2514,16,1475,16,991,31,2259,11
2514,16,1475,16,991,31,2261,11
2514,16,1475,16,991,31,2289,11
2514,16,1475,16,991,31,2359,11
2514,16,1475,16,991,31,2370,11
2514,16,1475,16,991,31,2405,11
2514,16,1475,16,1205,50,45,11
2514,16,1475,16,1205,50,159,11
2514,16,1475,16,1205,50,272,11
2514,16,1475,16,1205,50,338,11
2514,16,1475,16,1205,50,390,11
2514,16,1475,16,1205,50,457,11
2514,16,1475,16,1205,50,463,11
2514,16,1475,16,1205,50,620,11
2514,16,1475,16,1205,50,700,11
2514,16,1475,16,1205,50,742,11
2514,16,1475,16,1205,50,758,11
2514,16,1475,16,1205,50,879,11
2514,16,1475,16,1205,50,927,11
2514,16,1475,16,1205,50,979,11
2514,16,1475,16,1205,50,1003,11
2514,16,1475,16,1205,50,1044,11
2514,16,1475,16,1205,50,1068,11
2514,16,1475,16,1205,50,1153,11
2514,16,1475,16,1205,50,1186,11
2514,16,1475,16,1205,50,1194,11
2514,16,1475,16,1205,50,1259,11
2514,16,1475,16,1205,50,1260,11
2514,16,1475,16,1205,50,1312,11
2514,16,1475,16,1205,50,1388,11
2514,16,1475,16,1205,50,1391,11
2514,16,1475,16,1205,50,1422,11
2514,16,1475,16,1205,50,1556,11
2514,16,1475,16,1205,50,1568,11
2514,16,1475,16,1205,50,1599,11
2514,16,1475,16,1205,50,1747,11
2514,16,1475,16,1205,50,1773,11
2514,16,1475,16,1205,50,1799,11
2514,16,1475,16,1205,50,1818,11
2514,16,1475,16,1205,50,1873,11
2514,16,1475,16,1205,50,1940,11
2514,16,1475,16,1205,50,1956,11
2514,16,1475,16,1205,50,1997,11
2514,16,1475,16,1205,50,2068,11
2514,16,1475,16,1205,50,2079,11
2514,16,1475,16,1205,50,2123,11
2514,16,1475,16,1205,50,2196,11
2514,16,1475,16,1205,50,2206,11
2514,16,1475,16,1205,50,2216,11
2514,16,1475,16,1205,50,2244,11
2514,16,1475,16,1205,50,2259,11
2514,16,1475,16,1205,50,2261,11
2514,16,1475,16,1205,50,2289,11
2514,16,1475,16,1205,50,2359,11
2514,16,1475,16,1205,50,2370,11
2514,16,1475,16,1205,50,2405,11
2514,16,1475,16,1308,42,45,11
2514,16,1475,16,1308,42,159,11
2514,16,1475,16,1308,42,272,11
2514,16,1475,16,1308,42,338,11
2514,16,1475,16,1308,42,390,11
2514,16,1475,16,1308,42,457,11
2514,16,1475,16,1308,42,463,11
2514,16,1475,16,1308,42,620,11
2514,16,1475,16,1308,42,700,11
2514,16,1475,16,1308,42,742,11
2514,16,1475,16,1308,42,758,11
2514,16,1475,16,1308,42,879,11
2514,16,1475,16,1308,42,927,11
2514,16,1475,16,1308,42,979,11
2514,16,1475,16,1308,42,1003,11
2514,16,1475,16,1308,42,1044,11
2514,16,1475,16,1308,42,1068,11
2514,16,1475,16,1308,42,1153,11
2514,16,1475,16,1308,42,1186,11
2514,16,1475,16,1308,42,1194,11
2514,16,1475,16,1308,42,1259,11
2514,16,1475,16,1308,42,1260,11
2514,16,1475,16,1308,42,1312,11
2514,16,1475,16,1308,42,1388,11
2514,16,1475,16,1308,42,1391,11
2514,16,1475,16,1308,42,1422,11
2514,16,1475,16,1308,42,1556,11
2514,16,1475,16,1308,42,1568,11
2514,16,1475,16,1308,42,1599,11
2514,16,1475,16,1308,42,1747,11
2514,16,1475,16,1308,42,1773,11
2514,16,1475,16,1308,42,1799,11
2514,16,1475,16,1308,42,1818,11
2514,16,1475,16,1308,42,1873,11
2514,16,1475,16,1308,42,1940,11
2514,16,1475,16,1308,42,1956,11
2514,16,1475,16,1308,42,1997,11
2514,16,1475,16,1308,42,2068,11
2514,16,1475,16,1308,42,2079,11
2514,16,1475,16,1308,42,2123,11
2514,16,1475,16,1308,42,2196,11
2514,16,1475,16,1308,42,2206,11
2514,16,1475,16,1308,42,2216,11
2514,16,1475,16,1308,42,2244,11
2514,16,1475,16,1308,42,2259,11
2514,16,1475,16,1308,42,2261,11
2514,16,1475,16,1308,42,2289,11
2514,16,1475,16,1308,42,2359,11
2514,16,1475,16,1308,42,2370,11
2514,16,1475,16,1308,42,2405,11
2514,16,1475,16,1423,14,45,11
2514,16,1475,16,1423,14,159,11
2514,16,1475,16,1423,14,272,11
2514,16,1475,16,1423,14,338,11
2514,16,1475,16,1423,14,390,11
2514,16,1475,16,1423,14,457,11
2514,16,1475,16,1423,14,463,11
2514,16,1475,16,1423,14,620,11
2514,16,1475,16,1423,14,700,11
2514,16,1475,16,1423,14,742,11
2514,16,1475,16,1423,14,758,11
2514,16,1475,16,1423,14,879,11
2514,16,1475,16,1423,14,927,11
2514,16,1475,16,1423,14,979,11
2514,16,1475,16,1423,14,1003,11
2514,16,1475,16,1423,14,1044,11
2514,16,1475,16,1423,14,1068,11
2514,16,1475,16,1423,14,1153,11
2514,16,1475,16,1423,14,1186,11
2514,16,1475,16,1423,14,1194,11
2514,16,1475,16,1423,14,1259,11
2514,16,1475,16,1423,14,1260,11
2514,16,1475,16,1423,14,1312,11
2514,16,1475,16,1423,14,1388,11
2514,16,1475,16,1423,14,1391,11
2514,16,1475,16,1423,14,1422,11
2514,16,1475,16,1423,14,1556,11
2514,16,1475,16,1423,14,1568,11
2514,16,1475,16,1423,14,1599,11
2514,16,1475,16,1423,14,1747,11
2514,16,1475,16,1423,14,1773,11
2514,16,1475,16,1423,14,1799,11
2514,16,1475,16,1423,14,1818,11
2514,16,1475,16,1423,14,1873,11
2514,16,1475,16,1423,14,1940,11
2514,16,1475,16,1423,14,1956,11
2514,16,1475,16,1423,14,1997,11
2514,16,1475,16,1423,14,2068,11
2514,16,1475,16,1423,14,2079,11
2514,16,1475,16,1423,14,2123,11
2514,16,1475,16,1423,14,2196,11
2514,16,1475,16,1423,14,2206,11
2514,16,1475,16,1423,14,2216,11
2514,16,1475,16,1423,14,2244,11
2514,16,1475,16,1423,14,2259,11
2514,16,1475,16,1423,14,2261,11
2514,16,1475,16,1423,14,2289,11
2514,16,1475,16,1423,14,2359,11
2514,16,1475,16,1423,14,2370,11
2514,16,1475,16,1423,14,2405,11
2514,16,1475,16,1488,14,45,11
2514,16,1475,16,1488,14,159,11
2514,16,1475,16,1488,14,272,11
2514,16,1475,16,1488,14,338,11
2514,16,1475,16,1488,14,390,11
2514,16,1475,16,1488,14,457,11
2514,16,1475,16,1488,14,463,11
2514,16,1475,16,1488,14,620,11
2514,16,1475,16,1488,14,700,11
2514,16,1475,16,1488,14,742,11
2514,16,1475,16,1488,14,758,11
2514,16,1475,16,1488,14,879,11
2514,16,1475,16,1488,14,927,11
2514,16,1475,16,1488,14,979,11
2514,16,1475,16,1488,14,1003,11
2514,16,1475,16,1488,14,1044,11
2514,16,1475,16,1488,14,1068,11
2514,16,1475,16,1488,14,1153,11
2514,16,1475,16,1488,14,1186,11
2514,16,1475,16,1488,14,1194,11
2514,16,1475,16,1488,14,1259,11
2514,16,1475,16,1488,14,1260,11
2514,16,1475,16,1488,14,1312,11
2514,16,1475,16,1488,14,1388,11
2514,16,1475,16,1488,14,1391,11
2514,16,1475,16,1488,14,1422,11
2514,16,1475,16,1488,14,1556,11
2514,16,1475,16,1488,14,1568,11
2514,16,1475,16,1488,14,1599,11
2514,16,1475,16,1488,14,1747,11
2514,16,1475,16,1488,14,1773,11
2514,16,1475,16,1488,14,1799,11
2514,16,1475,16,1488,14,1818,11
2514,16,1475,16,1488,14,1873,11
2514,16,1475,16,1488,14,1940,11
2514,16,1475,16,1488,14,1956,11
2514,16,1475,16,1488,14,1997,11
2514,16,1475,16,1488,14,2068,11
2514,16,1475,16,1488,14,2079,11
2514,16,1475,16,1488,14,2123,11
2514,16,1475,16,1488,14,2196,11
2514,16,1475,16,1488,14,2206,11
2514,16,1475,16,1488,14,2216,11
2514,16,1475,16,1488,14,2244,11
2514,16,1475,16,1488,14,2259,11
2514,16,1475,16,1488,14,2261,11
2514,16,1475,16,1488,14,2289,11
2514,16,1475,16,1488,14,2359,11
2514,16,1475,16,1488,14,2370,11
2514,16,1475,16,1488,14,2405,11
2514,16,1475,16,1516,27,45,11
2514,16,1475,16,1516,27,159,11
2514,16,1475,16,1516,27,272,11
2514,16,1475,16,1516,27,338,11
2514,16,1475,16,1516,27,390,11
2514,16,1475,16,1516,27,457,11
2514,16,1475,16,1516,27,463,11
2514,16,1475,16,1516,27,620,11
2514,16,1475,16,1516,27,700,11
2514,16,1475,16,1516,27,742,11
2514,16,1475,16,1516,27,758,11
2514,16,1475,16,1516,27,879,11
2514,16,1475,16,1516,27,927,11
2514,16,1475,16,1516,27,979,11
2514,16,1475,16,1516,27,1003,11
2514,16,1475,16,1516,27,1044,11
2514,16,1475,16,1516,27,1068,11
2514,16,1475,16,1516,27,1153,11
2514,16,1475,16,1516,27,1186,11
2514,16,1475,16,1516,27,1194,11
2514,16,1475,16,1516,27,1259,11
2514,16,1475,16,1516,27,1260,11
2514,16,1475,16,1516,27,1312,11
2514,16,1475,16,1516,27,1388,11
2514,16,1475,16,1516,27,1391,11
2514,16,1475,16,1516,27,1422,11
2514,16,1475,16,1516,27,1556,11
2514,16,1475,16,1516,27,1568,11
2514,16,1475,16,1516,27,1599,11
2514,16,1475,16,1516,27,1747,11
2514,16,1475,16,1516,27,1773,11
2514,16,1475,16,1516,27,1799,11
2514,16,1475,16,1516,27,1818,11
2514,16,1475,16,1516,27,1873,11
2514,16,1475,16,1516,27,1940,11
2514,16,1475,16,1516,27,1956,11
2514,16,1475,16,1516,27,1997,11
2514,16,1475,16,1516,27,2068,11
2514,16,1475,16,1516,27,2079,11
2514,16,1475,16,1516,27,2123,11
2514,16,1475,16,1516,27,2196,11
2514,16,1475,16,1516,27,2206,11
2514,16,1475,16,1516,27,2216,11
2514,16,1475,16,1516,27,2244,11
2514,16,1475,16,1516,27,2259,11
2514,16,1475,16,1516,27,2261,11
2514,16,1475,16,1516,27,2289,11
2514,16,1475,16,1516,27,2359,11
2514,16,1475,16,1516,27,2370,11
2514,16,1475,16,1516,27,2405,11
2514,16,1475,16,1783,21,45,11
2514,16,1475,16,1783,21,159,11
2514,16,1475,16,1783,21,272,11
2514,16,1475,16,1783,21,338,11
2514,16,1475,16,1783,21,390,11
2514,16,1475,16,1783,21,457,11
2514,16,1475,16,1783,21,463,11
2514,16,1475,16,1783,21,620,11
2514,16,1475,16,1783,21,700,11
2514,16,1475,16,1783,21,742,11
2514,16,1475,16,1783,21,758,11
2514,16,1475,16,1783,21,879,11
2514,16,1475,16,1783,21,927,11
2514,16,1475,16,1783,21,979,11
2514,16,1475,16,1783,21,1003,11
2514,16,1475,16,1783,21,1044,11
2514,16,1475,16,1783,21,1068,11
2514,16,1475,16,1783,21,1153,11
2514,16,1475,16,1783,21,1186,11
2514,16,1475,16,1783,21,1194,11
2514,16,1475,16,1783,21,1259,11
2514,16,1475,16,1783,21,1260,11
2514,16,1475,16,1783,21,1312,11
2514,16,1475,16,1783,21,1388,11
2514,16,1475,16,1783,21,1391,11
2514,16,1475,16,1783,21,1422,11
2514,16,1475,16,1783,21,1556,11
2514,16,1475,16,1783,21,1568,11
2514,16,1475,16,1783,21,1599,11
2514,16,1475,16,1783,21,1747,11
2514,16,1475,16,1783,21,1773,11
2514,16,1475,16,1783,21,1799,11
2514,16,1475,16,1783,21,1818,11
2514,16,1475,16,1783,21,1873,11
2514,16,1475,16,1783,21,1940,11
2514,16,1475,16,1783,21,1956,11
2514,16,1475,16,1783,21,1997,11
2514,16,1475,16,1783,21,2068,11
2514,16,1475,16,1783,21,2079,11
2514,16,1475,16,1783,21,2123,11
2514,16,1475,16,1783,21,2196,11
2514,16,1475,16,1783,21,2206,11
2514,16,1475,16,1783,21,2216,11
2514,16,1475,16,1783,21,2244,11
2514,16,1475,16,1783,21,2259,11
2514,16,1475,16,1783,21,2261,11
2514,16,1475,16,1783,21,2289,11
2514,16,1475,16,1783,21,2359,11
2514,16,1475,16,1783,21,2370,11
2514,16,1475,16,1783,21,2405,11
