2514,16,809,17,14,37,45,11
2514,16,809,17,14,37,159,11
2514,16,809,17,14,37,272,11
2514,16,809,17,14,37,338,11
2514,16,809,17,14,37,390,11
2514,16,809,17,14,37,457,11
2514,16,809,17,14,37,463,11
2514,16,809,17,14,37,620,11
2514,16,809,17,14,37,700,11
2514,16,809,17,14,37,742,11
2514,16,809,17,14,37,758,11
2514,16,809,17,14,37,879,11
2514,16,809,17,14,37,927,11
2514,16,809,17,14,37,979,11
2514,16,809,17,14,37,1003,11
2514,16,809,17,14,37,1044,11
2514,16,809,17,14,37,1068,11
2514,16,809,17,14,37,1153,11
2514,16,809,17,14,37,1186,11
2514,16,809,17,14,37,1194,11
2514,16,809,17,14,37,1259,11
2514,16,809,17,14,37,1260,11
2514,16,809,17,14,37,1312,11
2514,16,809,17,14,37,1388,11
2514,16,809,17,14,37,1391,11
2514,16,809,17,14,37,1422,11
2514,16,809,17,14,37,1556,11
2514,16,809,17,14,37,1568,11
2514,16,809,17,14,37,1599,11
2514,16,809,17,14,37,1747,11
2514,16,809,17,14,37,1773,11
2514,16,809,17,14,37,1799,11
2514,16,809,17,14,37,1818,11
2514,16,809,17,14,37,1873,11
2514,16,809,17,14,37,1940,11
2514,16,809,17,14,37,1956,11
2514,16,809,17,14,37,1997,11
2514,16,809,17,14,37,2068,11
2514,16,809,17,14,37,2079,11
2514,16,809,17,14,37,2123,11
2514,16,809,17,14,37,2196,11
2514,16,809,17,14,37,2206,11
2514,16,809,17,14,37,2216,11
2514,16,809,17,14,37,2244,11
2514,16,809,17,14,37,2259,11
2514,16,809,17,14,37,2261,11
2514,16,809,17,14,37,2289,11
2514,16,809,17,14,37,2359,11
2514,16,809,17,14,37,2370,11
2514,16,809,17,14,37,2405,11
2514,16,809,17,91,35,45,11
2514,16,809,17,91,35,159,11
2514,16,809,17,91,35,272,11
2514,16,809,17,91,35,338,11
2514,16,809,17,91,35,390,11
2514,16,809,17,91,35,457,11
2514,16,809,17,91,35,463,11
2514,16,809,17,91,35,620,11
2514,16,809,17,91,35,700,11
2514,16,809,17,91,35,742,11
2514,16,809,17,91,35,758,11
2514,16,809,17,91,35,879,11
2514,16,809,17,91,35,927,11
2514,16,809,17,91,35,979,11
2514,16,809,17,91,35,1003,11
2514,16,809,17,91,35,1044,11
2514,16,809,17,91,35,1068,11
2514,16,809,17,91,35,1153,11
2514,16,809,17,91,35,1186,11
2514,16,809,17,91,35,1194,11
2514,16,809,17,91,35,1259,11
2514,16,809,17,91,35,1260,11
2514,16,809,17,91,35,1312,11
2514,16,809,17,91,35,1388,11
2514,16,809,17,91,35,1391,11
2514,16,809,17,91,35,1422,11
2514,16,809,17,91,35,1556,11
2514,16,809,17,91,35,1568,11
2514,16,809,17,91,35,1599,11
2514,16,809,17,91,35,1747,11
2514,16,809,17,91,35,1773,11
2514,16,809,17,91,35,1799,11
2514,16,809,17,91,35,1818,11
2514,16,809,17,91,35,1873,11
2514,16,809,17,91,35,1940,11
2514,16,809,17,91,35,1956,11
2514,16,809,17,91,35,1997,11
2514,16,809,17,91,35,2068,11
2514,16,809,17,91,35,2079,11
2514,16,809,17,91,35,2123,11
2514,16,809,17,91,35,2196,11
2514,16,809,17,91,35,2206,11
2514,16,809,17,91,35,2216,11
2514,16,809,17,91,35,2244,11
2514,16,809,17,91,35,2259,11
2514,16,809,17,91,35,2261,11
2514,16,809,17,91,35,2289,11
2514,16,809,17,91,35,2359,11
2514,16,809,17,91,35,2370,11
2514,16,809,17,91,35,2405,11
2514,16,809,17,157,9,45,11
2514,16,809,17,157,9,159,11
2514,16,809,17,157,9,272,11
2514,16,809,17,157,9,338,11
2514,16,809,17,157,9,390,11
2514,16,809,17,157,9,457,11
2514,16,809,17,157,9,463,11
2514,16,809,17,157,9,620,11
2514,16,809,17,157,9,700,11
2514,16,809,17,157,9,742,11
2514,16,809,17,157,9,758,11
2514,16,809,17,157,9,879,11
2514,16,809,17,157,9,927,11
2514,16,809,17,157,9,979,11
2514,16,809,17,157,9,1003,11
2514,16,809,17,157,9,1044,11
2514,16,809,17,157,9,1068,11
2514,16,809,17,157,9,1153,11
2514,16,809,17,157,9,1186,11
2514,16,809,17,157,9,1194,11
2514,16,809,17,157,9,1259,11
2514,16,809,17,157,9,1260,11
2514,16,809,17,157,9,1312,11
2514,16,809,17,157,9,1388,11
2514,16,809,17,157,9,1391,11
2514,16,809,17,157,9,1422,11
2514,16,809,17,157,9,1556,11
2514,16,809,17,157,9,1568,11
2514,16,809,17,157,9,1599,11
2514,16,809,17,157,9,1747,11
2514,16,809,17,157,9,1773,11
2514,16,809,17,157,9,1799,11
2514,16,809,17,157,9,1818,11
2514,16,809,17,157,9,1873,11
2514,16,809,17,157,9,1940,11
2514,16,809,17,157,9,1956,11
2514,16,809,17,157,9,1997,11
2514,16,809,17,157,9,2068,11
2514,16,809,17,157,9,2079,11
2514,16,809,17,157,9,2123,11
2514,16,809,17,157,9,2196,11
2514,16,809,17,157,9,2206,11
2514,16,809,17,157,9,2216,11
2514,16,809,17,157,9,2244,11
2514,16,809,17,157,9,2259,11
2514,16,809,17,157,9,2261,11
2514,16,809,17,157,9,2289,11
2514,16,809,17,157,9,2359,11
2514,16,809,17,157,9,2370,11
2514,16,809,17,157,9,2405,11
2514,16,809,17,327,13,45,11
2514,16,809,17,327,13,159,11
2514,16,809,17,327,13,272,11
2514,16,809,17,327,13,338,11
2514,16,809,17,327,13,390,11
2514,16,809,17,327,13,457,11
2514,16,809,17,327,13,463,11
2514,16,809,17,327,13,620,11
2514,16,809,17,327,13,700,11
2514,16,809,17,327,13,742,11
2514,16,809,17,327,13,758,11
2514,16,809,17,327,13,879,11
2514,16,809,17,327,13,927,11
2514,16,809,17,327,13,979,11
2514,16,809,17,327,13,1003,11
2514,16,809,17,327,13,1044,11
2514,16,809,17,327,13,1068,11
2514,16,809,17,327,13,1153,11
2514,16,809,17,327,13,1186,11
2514,16,809,17,327,13,1194,11
2514,16,809,17,327,13,1259,11
2514,16,809,17,327,13,1260,11
2514,16,809,17,327,13,1312,11
2514,16,809,17,327,13,1388,11
2514,16,809,17,327,13,1391,11
2514,16,809,17,327,13,1422,11
2514,16,809,17,327,13,1556,11
2514,16,809,17,327,13,1568,11
2514,16,809,17,327,13,1599,11
2514,16,809,17,327,13,1747,11
2514,16,809,17,327,13,1773,11
2514,16,809,17,327,13,1799,11
2514,16,809,17,327,13,1818,11
2514,16,809,17,327,13,1873,11
2514,16,809,17,327,13,1940,11
2514,16,809,17,327,13,1956,11
2514,16,809,17,327,13,1997,11
2514,16,809,17,327,13,2068,11
2514,16,809,17,327,13,2079,11
2514,16,809,17,327,13,2123,11
2514,16,809,17,327,13,2196,11
2514,16,809,17,327,13,2206,11
2514,16,809,17,327,13,2216,11
2514,16,809,17,327,13,2244,11
2514,16,809,17,327,13,2259,11
2514,16,809,17,327,13,2261,11
2514,16,809,17,327,13,2289,11
2514,16,809,17,327,13,2359,11
2514,16,809,17,327,13,2370,11
2514,16,809,17,327,13,2405,11
2514,16,809,17,348,41,45,11
2514,16,809,17,348,41,338,11
2514,16,809,17,348,41,390,11
2514,16,809,17,348,41,620,11
2514,16,809,17,348,41,742,11
2514,16,809,17,348,41,758,11
2514,16,809,17,348,41,979,11
2514,16,809,17,348,41,1044,11
2514,16,809,17,348,41,1186,11
2514,16,809,17,348,41,1259,11
2514,16,809,17,348,41,1312,11
2514,16,809,17,348,41,1773,11
2514,16,809,17,348,41,1799,11
2514,16,809,17,348,41,1956,11
2514,16,809,17,348,41,1997,11
2514,16,809,17,348,41,2206,11
2514,16,809,17,348,41,2244,11
2514,16,809,17,348,41,2261,11
2514,16,809,17,348,41,2289,11
2514,16,809,17,348,41,2359,11
2514,16,809,17,840,35,45,11
2514,16,809,17,840,35,159,11
2514,16,809,17,840,35,272,11
2514,16,809,17,840,35,338,11
2514,16,809,17,840,35,390,11
2514,16,809,17,840,35,457,11
2514,16,809,17,840,35,463,11
2514,16,809,17,840,35,620,11
2514,16,809,17,840,35,700,11
2514,16,809,17,840,35,742,11
2514,16,809,17,840,35,758,11
2514,16,809,17,840,35,879,11
2514,16,809,17,840,35,927,11
2514,16,809,17,840,35,979,11
2514,16,809,17,840,35,1003,11
2514,16,809,17,840,35,1044,11
2514,16,809,17,840,35,1068,11
2514,16,809,17,840,35,1153,11
2514,16,809,17,840,35,1186,11
2514,16,809,17,840,35,1194,11
2514,16,809,17,840,35,1259,11
2514,16,809,17,840,35,1260,11
2514,16,809,17,840,35,1312,11
2514,16,809,17,840,35,1388,11
2514,16,809,17,840,35,1391,11
2514,16,809,17,840,35,1422,11
2514,16,809,17,840,35,1556,11
2514,16,809,17,840,35,1568,11
2514,16,809,17,840,35,1599,11
2514,16,809,17,840,35,1747,11
2514,16,809,17,840,35,1773,11
2514,16,809,17,840,35,1799,11
2514,16,809,17,840,35,1818,11
2514,16,809,17,840,35,1873,11
2514,16,809,17,840,35,1940,11
2514,16,809,17,840,35,1956,11
2514,16,809,17,840,35,1997,11
2514,16,809,17,840,35,2068,11
2514,16,809,17,840,35,2079,11
2514,16,809,17,840,35,2123,11
2514,16,809,17,840,35,2196,11
2514,16,809,17,840,35,2206,11
2514,16,809,17,840,35,2216,11
2514,16,809,17,840,35,2244,11
2514,16,809,17,840,35,2259,11
2514,16,809,17,840,35,2261,11
2514,16,809,17,840,35,2289,11
2514,16,809,17,840,35,2359,11
2514,16,809,17,840,35,2370,11
2514,16,809,17,840,35,2405,11
2514,16,809,17,874,20,45,11
2514,16,809,17,874,20,159,11
2514,16,809,17,874,20,272,11
2514,16,809,17,874,20,338,11
2514,16,809,17,874,20,390,11
2514,16,809,17,874,20,457,11
2514,16,809,17,874,20,463,11
2514,16,809,17,874,20,620,11
2514,16,809,17,874,20,700,11
2514,16,809,17,874,20,742,11
2514,16,809,17,874,20,758,11
2514,16,809,17,874,20,879,11
2514,16,809,17,874,20,927,11
2514,16,809,17,874,20,979,11
2514,16,809,17,874,20,1003,11
2514,16,809,17,874,20,1044,11
2514,16,809,17,874,20,1068,11
2514,16,809,17,874,20,1153,11
2514,16,809,17,874,20,1186,11
2514,16,809,17,874,20,1194,11
2514,16,809,17,874,20,1259,11
2514,16,809,17,874,20,1260,11
2514,16,809,17,874,20,1312,11
2514,16,809,17,874,20,1388,11
2514,16,809,17,874,20,1391,11
2514,16,809,17,874,20,1422,11
2514,16,809,17,874,20,1556,11
2514,16,809,17,874,20,1568,11
2514,16,809,17,874,20,1599,11
2514,16,809,17,874,20,1747,11
2514,16,809,17,874,20,1773,11
2514,16,809,17,874,20,1799,11
2514,16,809,17,874,20,1818,11
2514,16,809,17,874,20,1873,11
2514,16,809,17,874,20,1940,11
2514,16,809,17,874,20,1956,11
2514,16,809,17,874,20,1997,11
2514,16,809,17,874,20,2068,11
2514,16,809,17,874,20,2079,11
2514,16,809,17,874,20,2123,11
2514,16,809,17,874,20,2196,11
2514,16,809,17,874,20,2206,11
2514,16,809,17,874,20,2216,11
2514,16,809,17,874,20,2244,11
2514,16,809,17,874,20,2259,11
2514,16,809,17,874,20,2261,11
2514,16,809,17,874,20,2289,11
2514,16,809,17,874,20,2359,11
2514,16,809,17,874,20,2370,11
2514,16,809,17,874,20,2405,11
2514,16,809,17,917,11,45,11
2514,16,809,17,917,11,159,11
2514,16,809,17,917,11,272,11
2514,16,809,17,917,11,338,11
2514,16,809,17,917,11,390,11
2514,16,809,17,917,11,457,11
2514,16,809,17,917,11,463,11
2514,16,809,17,917,11,620,11
2514,16,809,17,917,11,700,11
2514,16,809,17,917,11,742,11
2514,16,809,17,917,11,758,11
2514,16,809,17,917,11,879,11
2514,16,809,17,917,11,927,11
2514,16,809,17,917,11,979,11
2514,16,809,17,917,11,1003,11
2514,16,809,17,917,11,1044,11
2514,16,809,17,917,11,1068,11
2514,16,809,17,917,11,1153,11
2514,16,809,17,917,11,1186,11
2514,16,809,17,917,11,1194,11
2514,16,809,17,917,11,1259,11
2514,16,809,17,917,11,1260,11
2514,16,809,17,917,11,1312,11
2514,16,809,17,917,11,1388,11
2514,16,809,17,917,11,1391,11
2514,16,809,17,917,11,1422,11
2514,16,809,17,917,11,1556,11
2514,16,809,17,917,11,1568,11
2514,16,809,17,917,11,1599,11
2514,16,809,17,917,11,1747,11
2514,16,809,17,917,11,1773,11
2514,16,809,17,917,11,1799,11
2514,16,809,17,917,11,1818,11
2514,16,809,17,917,11,1873,11
2514,16,809,17,917,11,1940,11
2514,16,809,17,917,11,1956,11
2514,16,809,17,917,11,1997,11
2514,16,809,17,917,11,2068,11
2514,16,809,17,917,11,2079,11
2514,16,809,17,917,11,2123,11
2514,16,809,17,917,11,2196,11
2514,16,809,17,917,11,2206,11
2514,16,809,17,917,11,2216,11
2514,16,809,17,917,11,2244,11
2514,16,809,17,917,11,2259,11
2514,16,809,17,917,11,2261,11
2514,16,809,17,917,11,2289,11
2514,16,809,17,917,11,2359,11
2514,16,809,17,917,11,2370,11
2514,16,809,17,917,11,2405,11
2514,16,809,17,958,29,45,11
2514,16,809,17,958,29,159,11
2514,16,809,17,958,29,272,11
2514,16,809,17,958,29,338,11
2514,16,809,17,958,29,390,11
2514,16,809,17,958,29,457,11
2514,16,809,17,958,29,463,11
2514,16,809,17,958,29,620,11
2514,16,809,17,958,29,700,11
2514,16,809,17,958,29,742,11
2514,16,809,17,958,29,758,11
2514,16,809,17,958,29,879,11
2514,16,809,17,958,29,927,11
2514,16,809,17,958,29,979,11
2514,16,809,17,958,29,1003,11
2514,16,809,17,958,29,1044,11
2514,16,809,17,958,29,1068,11
2514,16,809,17,958,29,1153,11
2514,16,809,17,958,29,1186,11
2514,16,809,17,958,29,1194,11
2514,16,809,17,958,29,1259,11
2514,16,809,17,958,29,1260,11
2514,16,809,17,958,29,1312,11
2514,16,809,17,958,29,1388,11
2514,16,809,17,958,29,1391,11
2514,16,809,17,958,29,1422,11
2514,16,809,17,958,29,1556,11
2514,16,809,17,958,29,1568,11
2514,16,809,17,958,29,1599,11
2514,16,809,17,958,29,1747,11
2514,16,809,17,958,29,1773,11
2514,16,809,17,958,29,1799,11
2514,16,809,17,958,29,1818,11
2514,16,809,17,958,29,1873,11
2514,16,809,17,958,29,1940,11
2514,16,809,17,958,29,1956,11
2514,16,809,17,958,29,1997,11
2514,16,809,17,958,29,2068,11
2514,16,809,17,958,29,2079,11
2514,16,809,17,958,29,2123,11
2514,16,809,17,958,29,2196,11
2514,16,809,17,958,29,2206,11
2514,16,809,17,958,29,2216,11
2514,16,809,17,958,29,2244,11
2514,16,809,17,958,29,2259,11
2514,16,809,17,958,29,2261,11
2514,16,809,17,958,29,2289,11
2514,16,809,17,958,29,2359,11
2514,16,809,17,958,29,2370,11
2514,16,809,17,958,29,2405,11
2514,16,809,17,965,28,159,11
2514,16,809,17,965,28,457,11
2514,16,809,17,965,28,463,11
2514,16,809,17,965,28,700,11
2514,16,809,17,965,28,879,11
2514,16,809,17,965,28,927,11
2514,16,809,17,965,28,1003,11
2514,16,809,17,965,28,1153,11
2514,16,809,17,965,28,1194,11
2514,16,809,17,965,28,1388,11
2514,16,809,17,965,28,1556,11
2514,16,809,17,965,28,1568,11
2514,16,809,17,965,28,1599,11
2514,16,809,17,965,28,1818,11
2514,16,809,17,965,28,1873,11
2514,16,809,17,965,28,1940,11
2514,16,809,17,965,28,2123,11
2514,16,809,17,965,28,2196,11
2514,16,809,17,965,28,2216,11
2514,16,809,17,965,28,2370,11
2514,16,809,17,1002,50,45,11
2514,16,809,17,1002,50,159,11
2514,16,809,17,1002,50,272,11
2514,16,809,17,1002,50,338,11
2514,16,809,17,1002,50,390,11
2514,16,809,17,1002,50,457,11
2514,16,809,17,1002,50,463,11
2514,16,809,17,1002,50,620,11
2514,16,809,17,1002,50,700,11
2514,16,809,17,1002,50,742,11
2514,16,809,17,1002,50,758,11
2514,16,809,17,1002,50,879,11
2514,16,809,17,1002,50,927,11
2514,16,809,17,1002,50,979,11
2514,16,809,17,1002,50,1003,11
2514,16,809,17,1002,50,1044,11
2514,16,809,17,1002,50,1068,11
2514,16,809,17,1002,50,1153,11
2514,16,809,17,1002,50,1186,11
2514,16,809,17,1002,50,1194,11
2514,16,809,17,1002,50,1259,11
2514,16,809,17,1002,50,1260,11
2514,16,809,17,1002,50,1312,11
2514,16,809,17,1002,50,1388,11
2514,16,809,17,1002,50,1391,11
2514,16,809,17,1002,50,1422,11
2514,16,809,17,1002,50,1556,11
2514,16,809,17,1002,50,1568,11
2514,16,809,17,1002,50,1599,11
2514,16,809,17,1002,50,1747,11
2514,16,809,17,1002,50,1773,11
2514,16,809,17,1002,50,1799,11
2514,16,809,17,1002,50,1818,11
2514,16,809,17,1002,50,1873,11
2514,16,809,17,1002,50,1940,11
2514,16,809,17,1002,50,1956,11
2514,16,809,17,1002,50,1997,11
2514,16,809,17,1002,50,2068,11
2514,16,809,17,1002,50,2079,11
2514,16,809,17,1002,50,2123,11
2514,16,809,17,1002,50,2196,11
2514,16,809,17,1002,50,2206,11
2514,16,809,17,1002,50,2216,11
2514,16,809,17,1002,50,2244,11
2514,16,809,17,1002,50,2259,11
2514,16,809,17,1002,50,2261,11
2514,16,809,17,1002,50,2289,11
2514,16,809,17,1002,50,2359,11
2514,16,809,17,1002,50,2370,11
2514,16,809,17,1002,50,2405,11
2514,16,809,17,1222,27,45,11
2514,16,809,17,1222,27,159,11
2514,16,809,17,1222,27,272,11
2514,16,809,17,1222,27,338,11
2514,16,809,17,1222,27,390,11
2514,16,809,17,1222,27,457,11
2514,16,809,17,1222,27,463,11
2514,16,809,17,1222,27,620,11
2514,16,809,17,1222,27,700,11
2514,16,809,17,1222,27,742,11
2514,16,809,17,1222,27,758,11
2514,16,809,17,1222,27,879,11
2514,16,809,17,1222,27,927,11
2514,16,809,17,1222,27,979,11
2514,16,809,17,1222,27,1003,11
2514,16,809,17,1222,27,1044,11
2514,16,809,17,1222,27,1068,11
2514,16,809,17,1222,27,1153,11
2514,16,809,17,1222,27,1186,11
2514,16,809,17,1222,27,1194,11
2514,16,809,17,1222,27,1259,11
2514,16,809,17,1222,27,1260,11
2514,16,809,17,1222,27,1312,11
2514,16,809,17,1222,27,1388,11
2514,16,809,17,1222,27,1391,11
2514,16,809,17,1222,27,1422,11
2514,16,809,17,1222,27,1556,11
2514,16,809,17,1222,27,1568,11
2514,16,809,17,1222,27,1599,11
2514,16,809,17,1222,27,1747,11
2514,16,809,17,1222,27,1773,11
2514,16,809,17,1222,27,1799,11
2514,16,809,17,1222,27,1818,11
2514,16,809,17,1222,27,1873,11
2514,16,809,17,1222,27,1940,11
2514,16,809,17,1222,27,1956,11
2514,16,809,17,1222,27,1997,11
2514,16,809,17,1222,27,2068,11
2514,16,809,17,1222,27,2079,11
2514,16,809,17,1222,27,2123,11
2514,16,809,17,1222,27,2196,11
2514,16,809,17,1222,27,2206,11
2514,16,809,17,1222,27,2216,11
2514,16,809,17,1222,27,2244,11
2514,16,809,17,1222,27,2259,11
2514,16,809,17,1222,27,2261,11
2514,16,809,17,1222,27,2289,11
2514,16,809,17,1222,27,2359,11
2514,16,809,17,1222,27,2370,11
2514,16,809,17,1222,27,2405,11
2514,16,809,17,1350,48,45,11
2514,16,809,17,1350,48,159,11
2514,16,809,17,1350,48,272,11
2514,16,809,17,1350,48,338,11
2514,16,809,17,1350,48,390,11
2514,16,809,17,1350,48,457,11
2514,16,809,17,1350,48,463,11
2514,16,809,17,1350,48,620,11
2514,16,809,17,1350,48,700,11
2514,16,809,17,1350,48,742,11
2514,16,809,17,1350,48,758,11
2514,16,809,17,1350,48,879,11
2514,16,809,17,1350,48,927,11
2514,16,809,17,1350,48,979,11
2514,16,809,17,1350,48,1003,11
2514,16,809,17,1350,48,1044,11
2514,16,809,17,1350,48,1068,11
2514,16,809,17,1350,48,1153,11
2514,16,809,17,1350,48,1186,11
2514,16,809,17,1350,48,1194,11
2514,16,809,17,1350,48,1259,11
2514,16,809,17,1350,48,1260,11
2514,16,809,17,1350,48,1312,11
2514,16,809,17,1350,48,1388,11
2514,16,809,17,1350,48,1391,11
2514,16,809,17,1350,48,1422,11
2514,16,809,17,1350,48,1556,11
2514,16,809,17,1350,48,1568,11
2514,16,809,17,1350,48,1599,11
2514,16,809,17,1350,48,1747,11
2514,16,809,17,1350,48,1773,11
2514,16,809,17,1350,48,1799,11
2514,16,809,17,1350,48,1818,11
2514,16,809,17,1350,48,1873,11
2514,16,809,17,1350,48,1940,11
2514,16,809,17,1350,48,1956,11
2514,16,809,17,1350,48,1997,11
2514,16,809,17,1350,48,2068,11
2514,16,809,17,1350,48,2079,11
2514,16,809,17,1350,48,2123,11
2514,16,809,17,1350,48,2196,11
2514,16,809,17,1350,48,2206,11
2514,16,809,17,1350,48,2216,11
2514,16,809,17,1350,48,2244,11
2514,16,809,17,1350,48,2259,11
2514,16,809,17,1350,48,2261,11
2514,16,809,17,1350,48,2289,11
2514,16,809,17,1350,48,2359,11
2514,16,809,17,1350,48,2370,11
2514,16,809,17,1350,48,2405,11
2514,16,809,17,1656,23,45,11
2514,16,809,17,1656,23,159,11
2514,16,809,17,1656,23,272,11
2514,16,809,17,1656,23,338,11
2514,16,809,17,1656,23,390,11
2514,16,809,17,1656,23,457,11
2514,16,809,17,1656,23,463,11
2514,16,809,17,1656,23,620,11
2514,16,809,17,1656,23,700,11
2514,16,809,17,1656,23,742,11
2514,16,809,17,1656,23,758,11
2514,16,809,17,1656,23,879,11
2514,16,809,17,1656,23,927,11
2514,16,809,17,1656,23,979,11
2514,16,809,17,1656,23,1003,11
2514,16,809,17,1656,23,1044,11
2514,16,809,17,1656,23,1068,11
2514,16,809,17,1656,23,1153,11
2514,16,809,17,1656,23,1186,11
2514,16,809,17,1656,23,1194,11
2514,16,809,17,1656,23,1259,11
2514,16,809,17,1656,23,1260,11
2514,16,809,17,1656,23,1312,11
2514,16,809,17,1656,23,1388,11
2514,16,809,17,1656,23,1391,11
2514,16,809,17,1656,23,1422,11
2514,16,809,17,1656,23,1556,11
2514,16,809,17,1656,23,1568,11
2514,16,809,17,1656,23,1599,11
2514,16,809,17,1656,23,1747,11
2514,16,809,17,1656,23,1773,11
2514,16,809,17,1656,23,1799,11
2514,16,809,17,1656,23,1818,11
2514,16,809,17,1656,23,1873,11
2514,16,809,17,1656,23,1940,11
2514,16,809,17,1656,23,1956,11
2514,16,809,17,1656,23,1997,11
2514,16,809,17,1656,23,2068,11
2514,16,809,17,1656,23,2079,11
2514,16,809,17,1656,23,2123,11
2514,16,809,17,1656,23,2196,11
2514,16,809,17,1656,23,2206,11
2514,16,809,17,1656,23,2216,11
2514,16,809,17,1656,23,2244,11
2514,16,809,17,1656,23,2259,11
2514,16,809,17,1656,23,2261,11
2514,16,809,17,1656,23,2289,11
2514,16,809,17,1656,23,2359,11
2514,16,809,17,1656,23,2370,11
2514,16,809,17,1656,23,2405,11
