2514,16,722,47,79,27,45,11
2514,16,722,47,79,27,159,11
2514,16,722,47,79,27,272,11
2514,16,722,47,79,27,338,11
2514,16,722,47,79,27,390,11
2514,16,722,47,79,27,457,11
2514,16,722,47,79,27,463,11
2514,16,722,47,79,27,620,11
2514,16,722,47,79,27,700,11
2514,16,722,47,79,27,742,11
2514,16,722,47,79,27,758,11
2514,16,722,47,79,27,879,11
2514,16,722,47,79,27,927,11
2514,16,722,47,79,27,979,11
2514,16,722,47,79,27,1003,11
2514,16,722,47,79,27,1044,11
2514,16,722,47,79,27,1068,11
2514,16,722,47,79,27,1153,11
2514,16,722,47,79,27,1186,11
2514,16,722,47,79,27,1194,11
2514,16,722,47,79,27,1259,11
2514,16,722,47,79,27,1260,11
2514,16,722,47,79,27,1312,11
2514,16,722,47,79,27,1388,11
2514,16,722,47,79,27,1391,11
2514,16,722,47,79,27,1422,11
2514,16,722,47,79,27,1556,11
2514,16,722,47,79,27,1568,11
2514,16,722,47,79,27,1599,11
2514,16,722,47,79,27,1747,11
2514,16,722,47,79,27,1773,11
2514,16,722,47,79,27,1799,11
2514,16,722,47,79,27,1818,11
2514,16,722,47,79,27,1873,11
2514,16,722,47,79,27,1940,11
2514,16,722,47,79,27,1956,11
2514,16,722,47,79,27,1997,11
2514,16,722,47,79,27,2068,11
2514,16,722,47,79,27,2079,11
2514,16,722,47,79,27,2123,11
2514,16,722,47,79,27,2196,11
2514,16,722,47,79,27,2206,11
2514,16,722,47,79,27,2216,11
2514,16,722,47,79,27,2244,11
2514,16,722,47,79,27,2259,11
2514,16,722,47,79,27,2261,11
2514,16,722,47,79,27,2289,11
2514,16,722,47,79,27,2359,11
2514,16,722,47,79,27,2370,11
2514,16,722,47,79,27,2405,11
2514,16,722,47,173,29,45,11
2514,16,722,47,173,29,159,11
2514,16,722,47,173,29,272,11
2514,16,722,47,173,29,338,11
2514,16,722,47,173,29,390,11
2514,16,722,47,173,29,457,11
2514,16,722,47,173,29,463,11
2514,16,722,47,173,29,620,11
2514,16,722,47,173,29,700,11
2514,16,722,47,173,29,742,11
2514,16,722,47,173,29,758,11
2514,16,722,47,173,29,879,11
2514,16,722,47,173,29,927,11
2514,16,722,47,173,29,979,11
2514,16,722,47,173,29,1003,11
2514,16,722,47,173,29,1044,11
2514,16,722,47,173,29,1068,11
2514,16,722,47,173,29,1153,11
2514,16,722,47,173,29,1186,11
2514,16,722,47,173,29,1194,11
2514,16,722,47,173,29,1259,11
2514,16,722,47,173,29,1260,11
2514,16,722,47,173,29,1312,11
2514,16,722,47,173,29,1388,11
2514,16,722,47,173,29,1391,11
2514,16,722,47,173,29,1422,11
2514,16,722,47,173,29,1556,11
2514,16,722,47,173,29,1568,11
2514,16,722,47,173,29,1599,11
2514,16,722,47,173,29,1747,11
2514,16,722,47,173,29,1773,11
2514,16,722,47,173,29,1799,11
2514,16,722,47,173,29,1818,11
2514,16,722,47,173,29,1873,11
2514,16,722,47,173,29,1940,11
2514,16,722,47,173,29,1956,11
2514,16,722,47,173,29,1997,11
2514,16,722,47,173,29,2068,11
2514,16,722,47,173,29,2079,11
2514,16,722,47,173,29,2123,11
2514,16,722,47,173,29,2196,11
2514,16,722,47,173,29,2206,11
2514,16,722,47,173,29,2216,11
2514,16,722,47,173,29,2244,11
2514,16,722,47,173,29,2259,11
2514,16,722,47,173,29,2261,11
2514,16,722,47,173,29,2289,11
2514,16,722,47,173,29,2359,11
2514,16,722,47,173,29,2370,11
2514,16,722,47,173,29,2405,11
2514,16,722,47,310,46,45,11
2514,16,722,47,310,46,159,11
2514,16,722,47,310,46,272,11
2514,16,722,47,310,46,338,11
2514,16,722,47,310,46,390,11
2514,16,722,47,310,46,457,11
2514,16,722,47,310,46,463,11
2514,16,722,47,310,46,620,11
2514,16,722,47,310,46,700,11
2514,16,722,47,310,46,742,11
2514,16,722,47,310,46,758,11
2514,16,722,47,310,46,879,11
2514,16,722,47,310,46,927,11
2514,16,722,47,310,46,979,11
2514,16,722,47,310,46,1003,11
2514,16,722,47,310,46,1044,11
2514,16,722,47,310,46,1068,11
2514,16,722,47,310,46,1153,11
2514,16,722,47,310,46,1186,11
2514,16,722,47,310,46,1194,11
2514,16,722,47,310,46,1259,11
2514,16,722,47,310,46,1260,11
2514,16,722,47,310,46,1312,11
2514,16,722,47,310,46,1388,11
2514,16,722,47,310,46,1391,11
2514,16,722,47,310,46,1422,11
2514,16,722,47,310,46,1556,11
2514,16,722,47,310,46,1568,11
2514,16,722,47,310,46,1599,11
2514,16,722,47,310,46,1747,11
2514,16,722,47,310,46,1773,11
2514,16,722,47,310,46,1799,11
2514,16,722,47,310,46,1818,11
2514,16,722,47,310,46,1873,11
2514,16,722,47,310,46,1940,11
2514,16,722,47,310,46,1956,11
2514,16,722,47,310,46,1997,11
2514,16,722,47,310,46,2068,11
2514,16,722,47,310,46,2079,11
2514,16,722,47,310,46,2123,11
2514,16,722,47,310,46,2196,11
2514,16,722,47,310,46,2206,11
2514,16,722,47,310,46,2216,11
2514,16,722,47,310,46,2244,11
2514,16,722,47,310,46,2259,11
2514,16,722,47,310,46,2261,11
2514,16,722,47,310,46,2289,11
2514,16,722,47,310,46,2359,11
2514,16,722,47,310,46,2370,11
2514,16,722,47,310,46,2405,11
2514,16,722,47,407,46,45,11
2514,16,722,47,407,46,159,11
2514,16,722,47,407,46,272,11
2514,16,722,47,407,46,338,11
2514,16,722,47,407,46,390,11
2514,16,722,47,407,46,457,11
2514,16,722,47,407,46,463,11
2514,16,722,47,407,46,620,11
2514,16,722,47,407,46,700,11
2514,16,722,47,407,46,742,11
2514,16,722,47,407,46,758,11
2514,16,722,47,407,46,879,11
2514,16,722,47,407,46,927,11
2514,16,722,47,407,46,979,11
2514,16,722,47,407,46,1003,11
2514,16,722,47,407,46,1044,11
2514,16,722,47,407,46,1068,11
2514,16,722,47,407,46,1153,11
2514,16,722,47,407,46,1186,11
2514,16,722,47,407,46,1194,11
2514,16,722,47,407,46,1259,11
2514,16,722,47,407,46,1260,11
2514,16,722,47,407,46,1312,11
2514,16,722,47,407,46,1388,11
2514,16,722,47,407,46,1391,11
2514,16,722,47,407,46,1422,11
2514,16,722,47,407,46,1556,11
2514,16,722,47,407,46,1568,11
2514,16,722,47,407,46,1599,11
2514,16,722,47,407,46,1747,11
2514,16,722,47,407,46,1773,11
2514,16,722,47,407,46,1799,11
2514,16,722,47,407,46,1818,11
2514,16,722,47,407,46,1873,11
2514,16,722,47,407,46,1940,11
2514,16,722,47,407,46,1956,11
2514,16,722,47,407,46,1997,11
2514,16,722,47,407,46,2068,11
2514,16,722,47,407,46,2079,11
2514,16,722,47,407,46,2123,11
2514,16,722,47,407,46,2196,11
2514,16,722,47,407,46,2206,11
2514,16,722,47,407,46,2216,11
2514,16,722,47,407,46,2244,11
2514,16,722,47,407,46,2259,11
2514,16,722,47,407,46,2261,11
2514,16,722,47,407,46,2289,11
2514,16,722,47,407,46,2359,11
2514,16,722,47,407,46,2370,11
2514,16,722,47,407,46,2405,11
2514,16,722,47,571,14,45,11
2514,16,722,47,571,14,159,11
2514,16,722,47,571,14,272,11
2514,16,722,47,571,14,338,11
2514,16,722,47,571,14,390,11
2514,16,722,47,571,14,457,11
2514,16,722,47,571,14,463,11
2514,16,722,47,571,14,620,11
2514,16,722,47,571,14,700,11
2514,16,722,47,571,14,742,11
2514,16,722,47,571,14,758,11
2514,16,722,47,571,14,879,11
2514,16,722,47,571,14,927,11
2514,16,722,47,571,14,979,11
2514,16,722,47,571,14,1003,11
2514,16,722,47,571,14,1044,11
2514,16,722,47,571,14,1068,11
2514,16,722,47,571,14,1153,11
2514,16,722,47,571,14,1186,11
2514,16,722,47,571,14,1194,11
2514,16,722,47,571,14,1259,11
2514,16,722,47,571,14,1260,11
2514,16,722,47,571,14,1312,11
2514,16,722,47,571,14,1388,11
2514,16,722,47,571,14,1391,11
2514,16,722,47,571,14,1422,11
2514,16,722,47,571,14,1556,11
2514,16,722,47,571,14,1568,11
2514,16,722,47,571,14,1599,11
2514,16,722,47,571,14,1747,11
2514,16,722,47,571,14,1773,11
2514,16,722,47,571,14,1799,11
2514,16,722,47,571,14,1818,11
2514,16,722,47,571,14,1873,11
2514,16,722,47,571,14,1940,11
2514,16,722,47,571,14,1956,11
2514,16,722,47,571,14,1997,11
2514,16,722,47,571,14,2068,11
2514,16,722,47,571,14,2079,11
2514,16,722,47,571,14,2123,11
2514,16,722,47,571,14,2196,11
2514,16,722,47,571,14,2206,11
2514,16,722,47,571,14,2216,11
2514,16,722,47,571,14,2244,11
2514,16,722,47,571,14,2259,11
2514,16,722,47,571,14,2261,11
2514,16,722,47,571,14,2289,11
2514,16,722,47,571,14,2359,11
2514,16,722,47,571,14,2370,11
2514,16,722,47,571,14,2405,11
2514,16,722,47,815,23,159,11
2514,16,722,47,815,23,457,11
2514,16,722,47,815,23,463,11
2514,16,722,47,815,23,700,11
2514,16,722,47,815,23,879,11
2514,16,722,47,815,23,927,11
2514,16,722,47,815,23,1003,11
2514,16,722,47,815,23,1153,11
2514,16,722,47,815,23,1194,11
2514,16,722,47,815,23,1388,11
2514,16,722,47,815,23,1556,11
2514,16,722,47,815,23,1568,11
2514,16,722,47,815,23,1599,11
2514,16,722,47,815,23,1818,11
2514,16,722,47,815,23,1873,11
2514,16,722,47,815,23,1940,11
2514,16,722,47,815,23,2123,11
2514,16,722,47,815,23,2196,11
2514,16,722,47,815,23,2216,11
2514,16,722,47,815,23,2370,11
2514,16,722,47,853,19,45,11
2514,16,722,47,853,19,159,11
2514,16,722,47,853,19,272,11
2514,16,722,47,853,19,338,11
2514,16,722,47,853,19,390,11
2514,16,722,47,853,19,457,11
2514,16,722,47,853,19,463,11
2514,16,722,47,853,19,620,11
2514,16,722,47,853,19,700,11
2514,16,722,47,853,19,742,11
2514,16,722,47,853,19,758,11
2514,16,722,47,853,19,879,11
2514,16,722,47,853,19,927,11
2514,16,722,47,853,19,979,11
2514,16,722,47,853,19,1003,11
2514,16,722,47,853,19,1044,11
2514,16,722,47,853,19,1068,11
2514,16,722,47,853,19,1153,11
2514,16,722,47,853,19,1186,11
2514,16,722,47,853,19,1194,11
2514,16,722,47,853,19,1259,11
2514,16,722,47,853,19,1260,11
2514,16,722,47,853,19,1312,11
2514,16,722,47,853,19,1388,11
2514,16,722,47,853,19,1391,11
2514,16,722,47,853,19,1422,11
2514,16,722,47,853,19,1556,11
2514,16,722,47,853,19,1568,11
2514,16,722,47,853,19,1599,11
2514,16,722,47,853,19,1747,11
2514,16,722,47,853,19,1773,11
2514,16,722,47,853,19,1799,11
2514,16,722,47,853,19,1818,11
2514,16,722,47,853,19,1873,11
2514,16,722,47,853,19,1940,11
2514,16,722,47,853,19,1956,11
2514,16,722,47,853,19,1997,11
2514,16,722,47,853,19,2068,11
2514,16,722,47,853,19,2079,11
2514,16,722,47,853,19,2123,11
2514,16,722,47,853,19,2196,11
2514,16,722,47,853,19,2206,11
2514,16,722,47,853,19,2216,11
2514,16,722,47,853,19,2244,11
2514,16,722,47,853,19,2259,11
2514,16,722,47,853,19,2261,11
2514,16,722,47,853,19,2289,11
2514,16,722,47,853,19,2359,11
2514,16,722,47,853,19,2370,11
2514,16,722,47,853,19,2405,11
2514,16,722,47,985,20,45,11
2514,16,722,47,985,20,159,11
2514,16,722,47,985,20,272,11
2514,16,722,47,985,20,338,11
2514,16,722,47,985,20,390,11
2514,16,722,47,985,20,457,11
2514,16,722,47,985,20,463,11
2514,16,722,47,985,20,620,11
2514,16,722,47,985,20,700,11
2514,16,722,47,985,20,742,11
2514,16,722,47,985,20,758,11
2514,16,722,47,985,20,879,11
2514,16,722,47,985,20,927,11
2514,16,722,47,985,20,979,11
2514,16,722,47,985,20,1003,11
2514,16,722,47,985,20,1044,11
2514,16,722,47,985,20,1068,11
2514,16,722,47,985,20,1153,11
2514,16,722,47,985,20,1186,11
2514,16,722,47,985,20,1194,11
2514,16,722,47,985,20,1259,11
2514,16,722,47,985,20,1260,11
2514,16,722,47,985,20,1312,11
2514,16,722,47,985,20,1388,11
2514,16,722,47,985,20,1391,11
2514,16,722,47,985,20,1422,11
2514,16,722,47,985,20,1556,11
2514,16,722,47,985,20,1568,11
2514,16,722,47,985,20,1599,11
2514,16,722,47,985,20,1747,11
2514,16,722,47,985,20,1773,11
2514,16,722,47,985,20,1799,11
2514,16,722,47,985,20,1818,11
2514,16,722,47,985,20,1873,11
2514,16,722,47,985,20,1940,11
2514,16,722,47,985,20,1956,11
2514,16,722,47,985,20,1997,11
2514,16,722,47,985,20,2068,11
2514,16,722,47,985,20,2079,11
2514,16,722,47,985,20,2123,11
2514,16,722,47,985,20,2196,11
2514,16,722,47,985,20,2206,11
2514,16,722,47,985,20,2216,11
2514,16,722,47,985,20,2244,11
2514,16,722,47,985,20,2259,11
2514,16,722,47,985,20,2261,11
2514,16,722,47,985,20,2289,11
2514,16,722,47,985,20,2359,11
2514,16,722,47,985,20,2370,11
2514,16,722,47,985,20,2405,11
2514,16,722,47,1087,16,45,11
2514,16,722,47,1087,16,338,11
2514,16,722,47,1087,16,390,11
2514,16,722,47,1087,16,620,11
2514,16,722,47,1087,16,742,11
2514,16,722,47,1087,16,758,11
2514,16,722,47,1087,16,979,11
2514,16,722,47,1087,16,1044,11
2514,16,722,47,1087,16,1186,11
2514,16,722,47,1087,16,1259,11
2514,16,722,47,1087,16,1312,11
2514,16,722,47,1087,16,1773,11
2514,16,722,47,1087,16,1799,11
2514,16,722,47,1087,16,1956,11
2514,16,722,47,1087,16,1997,11
2514,16,722,47,1087,16,2206,11
2514,16,722,47,1087,16,2244,11
2514,16,722,47,1087,16,2261,11
2514,16,722,47,1087,16,2289,11
2514,16,722,47,1087,16,2359,11
2514,16,722,47,1108,25,45,11
2514,16,722,47,1108,25,159,11
2514,16,722,47,1108,25,272,11
2514,16,722,47,1108,25,338,11
2514,16,722,47,1108,25,390,11
2514,16,722,47,1108,25,457,11
2514,16,722,47,1108,25,463,11
2514,16,722,47,1108,25,620,11
2514,16,722,47,1108,25,700,11
2514,16,722,47,1108,25,742,11
2514,16,722,47,1108,25,758,11
2514,16,722,47,1108,25,879,11
2514,16,722,47,1108,25,927,11
2514,16,722,47,1108,25,979,11
2514,16,722,47,1108,25,1003,11
2514,16,722,47,1108,25,1044,11
2514,16,722,47,1108,25,1068,11
2514,16,722,47,1108,25,1153,11
2514,16,722,47,1108,25,1186,11
2514,16,722,47,1108,25,1194,11
2514,16,722,47,1108,25,1259,11
2514,16,722,47,1108,25,1260,11
2514,16,722,47,1108,25,1312,11
2514,16,722,47,1108,25,1388,11
2514,16,722,47,1108,25,1391,11
2514,16,722,47,1108,25,1422,11
2514,16,722,47,1108,25,1556,11
2514,16,722,47,1108,25,1568,11
2514,16,722,47,1108,25,1599,11
2514,16,722,47,1108,25,1747,11
2514,16,722,47,1108,25,1773,11
2514,16,722,47,1108,25,1799,11
2514,16,722,47,1108,25,1818,11
2514,16,722,47,1108,25,1873,11
2514,16,722,47,1108,25,1940,11
2514,16,722,47,1108,25,1956,11
2514,16,722,47,1108,25,1997,11
2514,16,722,47,1108,25,2068,11
2514,16,722,47,1108,25,2079,11
2514,16,722,47,1108,25,2123,11
2514,16,722,47,1108,25,2196,11
2514,16,722,47,1108,25,2206,11
2514,16,722,47,1108,25,2216,11
2514,16,722,47,1108,25,2244,11
2514,16,722,47,1108,25,2259,11
2514,16,722,47,1108,25,2261,11
2514,16,722,47,1108,25,2289,11
2514,16,722,47,1108,25,2359,11
2514,16,722,47,1108,25,2370,11
2514,16,722,47,1108,25,2405,11
2514,16,722,47,1193,48,45,11
2514,16,722,47,1193,48,159,11
2514,16,722,47,1193,48,272,11
2514,16,722,47,1193,48,338,11
2514,16,722,47,1193,48,390,11
2514,16,722,47,1193,48,457,11
2514,16,722,47,1193,48,463,11
2514,16,722,47,1193,48,620,11
2514,16,722,47,1193,48,700,11
2514,16,722,47,1193,48,742,11
2514,16,722,47,1193,48,758,11
2514,16,722,47,1193,48,879,11
2514,16,722,47,1193,48,927,11
2514,16,722,47,1193,48,979,11
2514,16,722,47,1193,48,1003,11
2514,16,722,47,1193,48,1044,11
2514,16,722,47,1193,48,1068,11
2514,16,722,47,1193,48,1153,11
2514,16,722,47,1193,48,1186,11
2514,16,722,47,1193,48,1194,11
2514,16,722,47,1193,48,1259,11
2514,16,722,47,1193,48,1260,11
2514,16,722,47,1193,48,1312,11
2514,16,722,47,1193,48,1388,11
2514,16,722,47,1193,48,1391,11
2514,16,722,47,1193,48,1422,11
2514,16,722,47,1193,48,1556,11
2514,16,722,47,1193,48,1568,11
2514,16,722,47,1193,48,1599,11
2514,16,722,47,1193,48,1747,11
2514,16,722,47,1193,48,1773,11
2514,16,722,47,1193,48,1799,11
2514,16,722,47,1193,48,1818,11
2514,16,722,47,1193,48,1873,11
2514,16,722,47,1193,48,1940,11
2514,16,722,47,1193,48,1956,11
2514,16,722,47,1193,48,1997,11
2514,16,722,47,1193,48,2068,11
2514,16,722,47,1193,48,2079,11
2514,16,722,47,1193,48,2123,11
2514,16,722,47,1193,48,2196,11
2514,16,722,47,1193,48,2206,11
2514,16,722,47,1193,48,2216,11
2514,16,722,47,1193,48,2244,11
2514,16,722,47,1193,48,2259,11
2514,16,722,47,1193,48,2261,11
2514,16,722,47,1193,48,2289,11
2514,16,722,47,1193,48,2359,11
2514,16,722,47,1193,48,2370,11
2514,16,722,47,1193,48,2405,11
2514,16,722,47,1375,37,45,11
2514,16,722,47,1375,37,159,11
2514,16,722,47,1375,37,272,11
2514,16,722,47,1375,37,338,11
2514,16,722,47,1375,37,390,11
2514,16,722,47,1375,37,457,11
2514,16,722,47,1375,37,463,11
2514,16,722,47,1375,37,620,11
2514,16,722,47,1375,37,700,11
2514,16,722,47,1375,37,742,11
2514,16,722,47,1375,37,758,11
2514,16,722,47,1375,37,879,11
2514,16,722,47,1375,37,927,11
2514,16,722,47,1375,37,979,11
2514,16,722,47,1375,37,1003,11
2514,16,722,47,1375,37,1044,11
2514,16,722,47,1375,37,1068,11
2514,16,722,47,1375,37,1153,11
2514,16,722,47,1375,37,1186,11
2514,16,722,47,1375,37,1194,11
2514,16,722,47,1375,37,1259,11
2514,16,722,47,1375,37,1260,11
2514,16,722,47,1375,37,1312,11
2514,16,722,47,1375,37,1388,11
2514,16,722,47,1375,37,1391,11
2514,16,722,47,1375,37,1422,11
2514,16,722,47,1375,37,1556,11
2514,16,722,47,1375,37,1568,11
2514,16,722,47,1375,37,1599,11
2514,16,722,47,1375,37,1747,11
2514,16,722,47,1375,37,1773,11
2514,16,722,47,1375,37,1799,11
2514,16,722,47,1375,37,1818,11
2514,16,722,47,1375,37,1873,11
2514,16,722,47,1375,37,1940,11
2514,16,722,47,1375,37,1956,11
2514,16,722,47,1375,37,1997,11
2514,16,722,47,1375,37,2068,11
2514,16,722,47,1375,37,2079,11
2514,16,722,47,1375,37,2123,11
2514,16,722,47,1375,37,2196,11
2514,16,722,47,1375,37,2206,11
2514,16,722,47,1375,37,2216,11
2514,16,722,47,1375,37,2244,11
2514,16,722,47,1375,37,2259,11
2514,16,722,47,1375,37,2261,11
2514,16,722,47,1375,37,2289,11
2514,16,722,47,1375,37,2359,11
2514,16,722,47,1375,37,2370,11
2514,16,722,47,1375,37,2405,11
2514,16,722,47,1662,46,45,11
2514,16,722,47,1662,46,159,11
2514,16,722,47,1662,46,272,11
2514,16,722,47,1662,46,338,11
2514,16,722,47,1662,46,390,11
2514,16,722,47,1662,46,457,11
2514,16,722,47,1662,46,463,11
2514,16,722,47,1662,46,620,11
2514,16,722,47,1662,46,700,11
2514,16,722,47,1662,46,742,11
2514,16,722,47,1662,46,758,11
2514,16,722,47,1662,46,879,11
2514,16,722,47,1662,46,927,11
2514,16,722,47,1662,46,979,11
2514,16,722,47,1662,46,1003,11
2514,16,722,47,1662,46,1044,11
2514,16,722,47,1662,46,1068,11
2514,16,722,47,1662,46,1153,11
2514,16,722,47,1662,46,1186,11
2514,16,722,47,1662,46,1194,11
2514,16,722,47,1662,46,1259,11
2514,16,722,47,1662,46,1260,11
2514,16,722,47,1662,46,1312,11
2514,16,722,47,1662,46,1388,11
2514,16,722,47,1662,46,1391,11
2514,16,722,47,1662,46,1422,11
2514,16,722,47,1662,46,1556,11
2514,16,722,47,1662,46,1568,11
2514,16,722,47,1662,46,1599,11
2514,16,722,47,1662,46,1747,11
2514,16,722,47,1662,46,1773,11
2514,16,722,47,1662,46,1799,11
2514,16,722,47,1662,46,1818,11
2514,16,722,47,1662,46,1873,11
2514,16,722,47,1662,46,1940,11
2514,16,722,47,1662,46,1956,11
2514,16,722,47,1662,46,1997,11
2514,16,722,47,1662,46,2068,11
2514,16,722,47,1662,46,2079,11
2514,16,722,47,1662,46,2123,11
2514,16,722,47,1662,46,2196,11
2514,16,722,47,1662,46,2206,11
2514,16,722,47,1662,46,2216,11
2514,16,722,47,1662,46,2244,11
2514,16,722,47,1662,46,2259,11
2514,16,722,47,1662,46,2261,11
2514,16,722,47,1662,46,2289,11
2514,16,722,47,1662,46,2359,11
2514,16,722,47,1662,46,2370,11
2514,16,722,47,1662,46,2405,11
2514,16,722,47,1875,23,45,11
2514,16,722,47,1875,23,159,11
2514,16,722,47,1875,23,272,11
2514,16,722,47,1875,23,338,11
2514,16,722,47,1875,23,390,11
2514,16,722,47,1875,23,457,11
2514,16,722,47,1875,23,463,11
2514,16,722,47,1875,23,620,11
2514,16,722,47,1875,23,700,11
2514,16,722,47,1875,23,742,11
2514,16,722,47,1875,23,758,11
2514,16,722,47,1875,23,879,11
2514,16,722,47,1875,23,927,11
2514,16,722,47,1875,23,979,11
2514,16,722,47,1875,23,1003,11
2514,16,722,47,1875,23,1044,11
2514,16,722,47,1875,23,1068,11
2514,16,722,47,1875,23,1153,11
2514,16,722,47,1875,23,1186,11
2514,16,722,47,1875,23,1194,11
2514,16,722,47,1875,23,1259,11
2514,16,722,47,1875,23,1260,11
2514,16,722,47,1875,23,1312,11
2514,16,722,47,1875,23,1388,11
2514,16,722,47,1875,23,1391,11
2514,16,722,47,1875,23,1422,11
2514,16,722,47,1875,23,1556,11
2514,16,722,47,1875,23,1568,11
2514,16,722,47,1875,23,1599,11
2514,16,722,47,1875,23,1747,11
2514,16,722,47,1875,23,1773,11
2514,16,722,47,1875,23,1799,11
2514,16,722,47,1875,23,1818,11
2514,16,722,47,1875,23,1873,11
2514,16,722,47,1875,23,1940,11
2514,16,722,47,1875,23,1956,11
2514,16,722,47,1875,23,1997,11
2514,16,722,47,1875,23,2068,11
2514,16,722,47,1875,23,2079,11
2514,16,722,47,1875,23,2123,11
2514,16,722,47,1875,23,2196,11
2514,16,722,47,1875,23,2206,11
2514,16,722,47,1875,23,2216,11
2514,16,722,47,1875,23,2244,11
2514,16,722,47,1875,23,2259,11
2514,16,722,47,1875,23,2261,11
2514,16,722,47,1875,23,2289,11
2514,16,722,47,1875,23,2359,11
2514,16,722,47,1875,23,2370,11
2514,16,722,47,1875,23,2405,11
