2514,16,1457,9,161,39,45,11
2514,16,1457,9,161,39,159,11
2514,16,1457,9,161,39,272,11
2514,16,1457,9,161,39,338,11
2514,16,1457,9,161,39,390,11
2514,16,1457,9,161,39,457,11
2514,16,1457,9,161,39,463,11
2514,16,1457,9,161,39,620,11
2514,16,1457,9,161,39,700,11
2514,16,1457,9,161,39,742,11
2514,16,1457,9,161,39,758,11
2514,16,1457,9,161,39,879,11
2514,16,1457,9,161,39,927,11
2514,16,1457,9,161,39,979,11
2514,16,1457,9,161,39,1003,11
2514,16,1457,9,161,39,1044,11
2514,16,1457,9,161,39,1068,11
2514,16,1457,9,161,39,1153,11
2514,16,1457,9,161,39,1186,11
2514,16,1457,9,161,39,1194,11
2514,16,1457,9,161,39,1259,11
2514,16,1457,9,161,39,1260,11
2514,16,1457,9,161,39,1312,11
2514,16,1457,9,161,39,1388,11
2514,16,1457,9,161,39,1391,11
2514,16,1457,9,161,39,1422,11
2514,16,1457,9,161,39,1556,11
2514,16,1457,9,161,39,1568,11
2514,16,1457,9,161,39,1599,11
2514,16,1457,9,161,39,1747,11
2514,16,1457,9,161,39,1773,11
2514,16,1457,9,161,39,1799,11
2514,16,1457,9,161,39,1818,11
2514,16,1457,9,161,39,1873,11
2514,16,1457,9,161,39,1940,11
2514,16,1457,9,161,39,1956,11
2514,16,1457,9,161,39,1997,11
2514,16,1457,9,161,39,2068,11
2514,16,1457,9,161,39,2079,11
2514,16,1457,9,161,39,2123,11
2514,16,1457,9,161,39,2196,11
2514,16,1457,9,161,39,2206,11
2514,16,1457,9,161,39,2216,11
2514,16,1457,9,161,39,2244,11
2514,16,1457,9,161,39,2259,11
2514,16,1457,9,161,39,2261,11
2514,16,1457,9,161,39,2289,11
2514,16,1457,9,161,39,2359,11
2514,16,1457,9,161,39,2370,11
2514,16,1457,9,161,39,2405,11
2514,16,1457,9,346,43,45,11
2514,16,1457,9,346,43,159,11
2514,16,1457,9,346,43,272,11
2514,16,1457,9,346,43,338,11
2514,16,1457,9,346,43,390,11
2514,16,1457,9,346,43,457,11
2514,16,1457,9,346,43,463,11
2514,16,1457,9,346,43,620,11
2514,16,1457,9,346,43,700,11
2514,16,1457,9,346,43,742,11
2514,16,1457,9,346,43,758,11
2514,16,1457,9,346,43,879,11
2514,16,1457,9,346,43,927,11
2514,16,1457,9,346,43,979,11
2514,16,1457,9,346,43,1003,11
2514,16,1457,9,346,43,1044,11
2514,16,1457,9,346,43,1068,11
2514,16,1457,9,346,43,1153,11
2514,16,1457,9,346,43,1186,11
2514,16,1457,9,346,43,1194,11
2514,16,1457,9,346,43,1259,11
2514,16,1457,9,346,43,1260,11
2514,16,1457,9,346,43,1312,11
2514,16,1457,9,346,43,1388,11
2514,16,1457,9,346,43,1391,11
2514,16,1457,9,346,43,1422,11
2514,16,1457,9,346,43,1556,11
2514,16,1457,9,346,43,1568,11
2514,16,1457,9,346,43,1599,11
2514,16,1457,9,346,43,1747,11
2514,16,1457,9,346,43,1773,11
2514,16,1457,9,346,43,1799,11
2514,16,1457,9,346,43,1818,11
2514,16,1457,9,346,43,1873,11
2514,16,1457,9,346,43,1940,11
2514,16,1457,9,346,43,1956,11
2514,16,1457,9,346,43,1997,11
2514,16,1457,9,346,43,2068,11
2514,16,1457,9,346,43,2079,11
2514,16,1457,9,346,43,2123,11
2514,16,1457,9,346,43,2196,11
2514,16,1457,9,346,43,2206,11
2514,16,1457,9,346,43,2216,11
2514,16,1457,9,346,43,2244,11
2514,16,1457,9,346,43,2259,11
2514,16,1457,9,346,43,2261,11
2514,16,1457,9,346,43,2289,11
2514,16,1457,9,346,43,2359,11
2514,16,1457,9,346,43,2370,11
2514,16,1457,9,346,43,2405,11
2514,16,1457,9,390,32,159,11
2514,16,1457,9,390,32,457,11
2514,16,1457,9,390,32,463,11
2514,16,1457,9,390,32,700,11
2514,16,1457,9,390,32,879,11
2514,16,1457,9,390,32,927,11
2514,16,1457,9,390,32,1003,11
2514,16,1457,9,390,32,1153,11
2514,16,1457,9,390,32,1194,11
2514,16,1457,9,390,32,1388,11
2514,16,1457,9,390,32,1556,11
2514,16,1457,9,390,32,1568,11
2514,16,1457,9,390,32,1599,11
2514,16,1457,9,390,32,1818,11
2514,16,1457,9,390,32,1873,11
2514,16,1457,9,390,32,1940,11
2514,16,1457,9,390,32,2123,11
2514,16,1457,9,390,32,2196,11
2514,16,1457,9,390,32,2216,11
2514,16,1457,9,390,32,2370,11
2514,16,1457,9,481,47,45,11
2514,16,1457,9,481,47,338,11
2514,16,1457,9,481,47,390,11
2514,16,1457,9,481,47,620,11
2514,16,1457,9,481,47,742,11
2514,16,1457,9,481,47,758,11
2514,16,1457,9,481,47,979,11
2514,16,1457,9,481,47,1044,11
2514,16,1457,9,481,47,1186,11
2514,16,1457,9,481,47,1259,11
2514,16,1457,9,481,47,1312,11
2514,16,1457,9,481,47,1773,11
2514,16,1457,9,481,47,1799,11
2514,16,1457,9,481,47,1956,11
2514,16,1457,9,481,47,1997,11
2514,16,1457,9,481,47,2206,11
2514,16,1457,9,481,47,2244,11
2514,16,1457,9,481,47,2261,11
2514,16,1457,9,481,47,2289,11
2514,16,1457,9,481,47,2359,11
2514,16,1457,9,678,14,45,11
2514,16,1457,9,678,14,159,11
2514,16,1457,9,678,14,272,11
2514,16,1457,9,678,14,338,11
2514,16,1457,9,678,14,390,11
2514,16,1457,9,678,14,457,11
2514,16,1457,9,678,14,463,11
2514,16,1457,9,678,14,620,11
2514,16,1457,9,678,14,700,11
2514,16,1457,9,678,14,742,11
2514,16,1457,9,678,14,758,11
2514,16,1457,9,678,14,879,11
2514,16,1457,9,678,14,927,11
2514,16,1457,9,678,14,979,11
2514,16,1457,9,678,14,1003,11
2514,16,1457,9,678,14,1044,11
2514,16,1457,9,678,14,1068,11
2514,16,1457,9,678,14,1153,11
2514,16,1457,9,678,14,1186,11
2514,16,1457,9,678,14,1194,11
2514,16,1457,9,678,14,1259,11
2514,16,1457,9,678,14,1260,11
2514,16,1457,9,678,14,1312,11
2514,16,1457,9,678,14,1388,11
2514,16,1457,9,678,14,1391,11
2514,16,1457,9,678,14,1422,11
2514,16,1457,9,678,14,1556,11
2514,16,1457,9,678,14,1568,11
2514,16,1457,9,678,14,1599,11
2514,16,1457,9,678,14,1747,11
2514,16,1457,9,678,14,1773,11
2514,16,1457,9,678,14,1799,11
2514,16,1457,9,678,14,1818,11
2514,16,1457,9,678,14,1873,11
2514,16,1457,9,678,14,1940,11
2514,16,1457,9,678,14,1956,11
2514,16,1457,9,678,14,1997,11
2514,16,1457,9,678,14,2068,11
2514,16,1457,9,678,14,2079,11
2514,16,1457,9,678,14,2123,11
2514,16,1457,9,678,14,2196,11
2514,16,1457,9,678,14,2206,11
2514,16,1457,9,678,14,2216,11
2514,16,1457,9,678,14,2244,11
2514,16,1457,9,678,14,2259,11
2514,16,1457,9,678,14,2261,11
2514,16,1457,9,678,14,2289,11
2514,16,1457,9,678,14,2359,11
2514,16,1457,9,678,14,2370,11
2514,16,1457,9,678,14,2405,11
2514,16,1457,9,756,13,45,11
2514,16,1457,9,756,13,159,11
2514,16,1457,9,756,13,272,11
2514,16,1457,9,756,13,338,11
2514,16,1457,9,756,13,390,11
2514,16,1457,9,756,13,457,11
2514,16,1457,9,756,13,463,11
2514,16,1457,9,756,13,620,11
2514,16,1457,9,756,13,700,11
2514,16,1457,9,756,13,742,11
2514,16,1457,9,756,13,758,11
2514,16,1457,9,756,13,879,11
2514,16,1457,9,756,13,927,11
2514,16,1457,9,756,13,979,11
2514,16,1457,9,756,13,1003,11
2514,16,1457,9,756,13,1044,11
2514,16,1457,9,756,13,1068,11
2514,16,1457,9,756,13,1153,11
2514,16,1457,9,756,13,1186,11
2514,16,1457,9,756,13,1194,11
2514,16,1457,9,756,13,1259,11
2514,16,1457,9,756,13,1260,11
2514,16,1457,9,756,13,1312,11
2514,16,1457,9,756,13,1388,11
2514,16,1457,9,756,13,1391,11
2514,16,1457,9,756,13,1422,11
2514,16,1457,9,756,13,1556,11
2514,16,1457,9,756,13,1568,11
2514,16,1457,9,756,13,1599,11
2514,16,1457,9,756,13,1747,11
2514,16,1457,9,756,13,1773,11
2514,16,1457,9,756,13,1799,11
2514,16,1457,9,756,13,1818,11
2514,16,1457,9,756,13,1873,11
2514,16,1457,9,756,13,1940,11
2514,16,1457,9,756,13,1956,11
2514,16,1457,9,756,13,1997,11
2514,16,1457,9,756,13,2068,11
2514,16,1457,9,756,13,2079,11
2514,16,1457,9,756,13,2123,11
2514,16,1457,9,756,13,2196,11
2514,16,1457,9,756,13,2206,11
2514,16,1457,9,756,13,2216,11
2514,16,1457,9,756,13,2244,11
2514,16,1457,9,756,13,2259,11
2514,16,1457,9,756,13,2261,11
2514,16,1457,9,756,13,2289,11
2514,16,1457,9,756,13,2359,11
2514,16,1457,9,756,13,2370,11
2514,16,1457,9,756,13,2405,11
2514,16,1457,9,810,33,45,11
2514,16,1457,9,810,33,159,11
2514,16,1457,9,810,33,272,11
2514,16,1457,9,810,33,338,11
2514,16,1457,9,810,33,390,11
2514,16,1457,9,810,33,457,11
2514,16,1457,9,810,33,463,11
2514,16,1457,9,810,33,620,11
2514,16,1457,9,810,33,700,11
2514,16,1457,9,810,33,742,11
2514,16,1457,9,810,33,758,11
2514,16,1457,9,810,33,879,11
2514,16,1457,9,810,33,927,11
2514,16,1457,9,810,33,979,11
2514,16,1457,9,810,33,1003,11
2514,16,1457,9,810,33,1044,11
2514,16,1457,9,810,33,1068,11
2514,16,1457,9,810,33,1153,11
2514,16,1457,9,810,33,1186,11
2514,16,1457,9,810,33,1194,11
2514,16,1457,9,810,33,1259,11
2514,16,1457,9,810,33,1260,11
2514,16,1457,9,810,33,1312,11
2514,16,1457,9,810,33,1388,11
2514,16,1457,9,810,33,1391,11
2514,16,1457,9,810,33,1422,11
2514,16,1457,9,810,33,1556,11
2514,16,1457,9,810,33,1568,11
2514,16,1457,9,810,33,1599,11
2514,16,1457,9,810,33,1747,11
2514,16,1457,9,810,33,1773,11
2514,16,1457,9,810,33,1799,11
2514,16,1457,9,810,33,1818,11
2514,16,1457,9,810,33,1873,11
2514,16,1457,9,810,33,1940,11
2514,16,1457,9,810,33,1956,11
2514,16,1457,9,810,33,1997,11
2514,16,1457,9,810,33,2068,11
2514,16,1457,9,810,33,2079,11
2514,16,1457,9,810,33,2123,11
2514,16,1457,9,810,33,2196,11
2514,16,1457,9,810,33,2206,11
2514,16,1457,9,810,33,2216,11
2514,16,1457,9,810,33,2244,11
2514,16,1457,9,810,33,2259,11
2514,16,1457,9,810,33,2261,11
2514,16,1457,9,810,33,2289,11
2514,16,1457,9,810,33,2359,11
2514,16,1457,9,810,33,2370,11
2514,16,1457,9,810,33,2405,11
2514,16,1457,9,1250,19,45,11
2514,16,1457,9,1250,19,159,11
2514,16,1457,9,1250,19,272,11
2514,16,1457,9,1250,19,338,11
2514,16,1457,9,1250,19,390,11
2514,16,1457,9,1250,19,457,11
2514,16,1457,9,1250,19,463,11
2514,16,1457,9,1250,19,620,11
2514,16,1457,9,1250,19,700,11
2514,16,1457,9,1250,19,742,11
2514,16,1457,9,1250,19,758,11
2514,16,1457,9,1250,19,879,11
2514,16,1457,9,1250,19,927,11
2514,16,1457,9,1250,19,979,11
2514,16,1457,9,1250,19,1003,11
2514,16,1457,9,1250,19,1044,11
2514,16,1457,9,1250,19,1068,11
2514,16,1457,9,1250,19,1153,11
2514,16,1457,9,1250,19,1186,11
2514,16,1457,9,1250,19,1194,11
2514,16,1457,9,1250,19,1259,11
2514,16,1457,9,1250,19,1260,11
2514,16,1457,9,1250,19,1312,11
2514,16,1457,9,1250,19,1388,11
2514,16,1457,9,1250,19,1391,11
2514,16,1457,9,1250,19,1422,11
2514,16,1457,9,1250,19,1556,11
2514,16,1457,9,1250,19,1568,11
2514,16,1457,9,1250,19,1599,11
2514,16,1457,9,1250,19,1747,11
2514,16,1457,9,1250,19,1773,11
2514,16,1457,9,1250,19,1799,11
2514,16,1457,9,1250,19,1818,11
2514,16,1457,9,1250,19,1873,11
2514,16,1457,9,1250,19,1940,11
2514,16,1457,9,1250,19,1956,11
2514,16,1457,9,1250,19,1997,11
2514,16,1457,9,1250,19,2068,11
2514,16,1457,9,1250,19,2079,11
2514,16,1457,9,1250,19,2123,11
2514,16,1457,9,1250,19,2196,11
2514,16,1457,9,1250,19,2206,11
2514,16,1457,9,1250,19,2216,11
2514,16,1457,9,1250,19,2244,11
2514,16,1457,9,1250,19,2259,11
2514,16,1457,9,1250,19,2261,11
2514,16,1457,9,1250,19,2289,11
2514,16,1457,9,1250,19,2359,11
2514,16,1457,9,1250,19,2370,11
2514,16,1457,9,1250,19,2405,11
2514,16,1457,9,1396,16,45,11
2514,16,1457,9,1396,16,159,11
2514,16,1457,9,1396,16,272,11
2514,16,1457,9,1396,16,338,11
2514,16,1457,9,1396,16,390,11
2514,16,1457,9,1396,16,457,11
2514,16,1457,9,1396,16,463,11
2514,16,1457,9,1396,16,620,11
2514,16,1457,9,1396,16,700,11
2514,16,1457,9,1396,16,742,11
2514,16,1457,9,1396,16,758,11
2514,16,1457,9,1396,16,879,11
2514,16,1457,9,1396,16,927,11
2514,16,1457,9,1396,16,979,11
2514,16,1457,9,1396,16,1003,11
2514,16,1457,9,1396,16,1044,11
2514,16,1457,9,1396,16,1068,11
2514,16,1457,9,1396,16,1153,11
2514,16,1457,9,1396,16,1186,11
2514,16,1457,9,1396,16,1194,11
2514,16,1457,9,1396,16,1259,11
2514,16,1457,9,1396,16,1260,11
2514,16,1457,9,1396,16,1312,11
2514,16,1457,9,1396,16,1388,11
2514,16,1457,9,1396,16,1391,11
2514,16,1457,9,1396,16,1422,11
2514,16,1457,9,1396,16,1556,11
2514,16,1457,9,1396,16,1568,11
2514,16,1457,9,1396,16,1599,11
2514,16,1457,9,1396,16,1747,11
2514,16,1457,9,1396,16,1773,11
2514,16,1457,9,1396,16,1799,11
2514,16,1457,9,1396,16,1818,11
2514,16,1457,9,1396,16,1873,11
2514,16,1457,9,1396,16,1940,11
2514,16,1457,9,1396,16,1956,11
2514,16,1457,9,1396,16,1997,11
2514,16,1457,9,1396,16,2068,11
2514,16,1457,9,1396,16,2079,11
2514,16,1457,9,1396,16,2123,11
2514,16,1457,9,1396,16,2196,11
2514,16,1457,9,1396,16,2206,11
2514,16,1457,9,1396,16,2216,11
2514,16,1457,9,1396,16,2244,11
2514,16,1457,9,1396,16,2259,11
2514,16,1457,9,1396,16,2261,11
2514,16,1457,9,1396,16,2289,11
2514,16,1457,9,1396,16,2359,11
2514,16,1457,9,1396,16,2370,11
2514,16,1457,9,1396,16,2405,11
2514,16,1457,9,1443,50,45,11
2514,16,1457,9,1443,50,159,11
2514,16,1457,9,1443,50,272,11
2514,16,1457,9,1443,50,338,11
2514,16,1457,9,1443,50,390,11
2514,16,1457,9,1443,50,457,11
2514,16,1457,9,1443,50,463,11
2514,16,1457,9,1443,50,620,11
2514,16,1457,9,1443,50,700,11
2514,16,1457,9,1443,50,742,11
2514,16,1457,9,1443,50,758,11
2514,16,1457,9,1443,50,879,11
2514,16,1457,9,1443,50,927,11
2514,16,1457,9,1443,50,979,11
2514,16,1457,9,1443,50,1003,11
2514,16,1457,9,1443,50,1044,11
2514,16,1457,9,1443,50,1068,11
2514,16,1457,9,1443,50,1153,11
2514,16,1457,9,1443,50,1186,11
2514,16,1457,9,1443,50,1194,11
2514,16,1457,9,1443,50,1259,11
2514,16,1457,9,1443,50,1260,11
2514,16,1457,9,1443,50,1312,11
2514,16,1457,9,1443,50,1388,11
2514,16,1457,9,1443,50,1391,11
2514,16,1457,9,1443,50,1422,11
2514,16,1457,9,1443,50,1556,11
2514,16,1457,9,1443,50,1568,11
2514,16,1457,9,1443,50,1599,11
2514,16,1457,9,1443,50,1747,11
2514,16,1457,9,1443,50,1773,11
2514,16,1457,9,1443,50,1799,11
2514,16,1457,9,1443,50,1818,11
2514,16,1457,9,1443,50,1873,11
2514,16,1457,9,1443,50,1940,11
2514,16,1457,9,1443,50,1956,11
2514,16,1457,9,1443,50,1997,11
2514,16,1457,9,1443,50,2068,11
2514,16,1457,9,1443,50,2079,11
2514,16,1457,9,1443,50,2123,11
2514,16,1457,9,1443,50,2196,11
2514,16,1457,9,1443,50,2206,11
2514,16,1457,9,1443,50,2216,11
2514,16,1457,9,1443,50,2244,11
2514,16,1457,9,1443,50,2259,11
2514,16,1457,9,1443,50,2261,11
2514,16,1457,9,1443,50,2289,11
2514,16,1457,9,1443,50,2359,11
2514,16,1457,9,1443,50,2370,11
2514,16,1457,9,1443,50,2405,11
2514,16,1457,9,1664,9,45,11
2514,16,1457,9,1664,9,159,11
2514,16,1457,9,1664,9,272,11
2514,16,1457,9,1664,9,338,11
2514,16,1457,9,1664,9,390,11
2514,16,1457,9,1664,9,457,11
2514,16,1457,9,1664,9,463,11
2514,16,1457,9,1664,9,620,11
2514,16,1457,9,1664,9,700,11
2514,16,1457,9,1664,9,742,11
2514,16,1457,9,1664,9,758,11
2514,16,1457,9,1664,9,879,11
2514,16,1457,9,1664,9,927,11
2514,16,1457,9,1664,9,979,11
2514,16,1457,9,1664,9,1003,11
2514,16,1457,9,1664,9,1044,11
2514,16,1457,9,1664,9,1068,11
2514,16,1457,9,1664,9,1153,11
2514,16,1457,9,1664,9,1186,11
2514,16,1457,9,1664,9,1194,11
2514,16,1457,9,1664,9,1259,11
2514,16,1457,9,1664,9,1260,11
2514,16,1457,9,1664,9,1312,11
2514,16,1457,9,1664,9,1388,11
2514,16,1457,9,1664,9,1391,11
2514,16,1457,9,1664,9,1422,11
2514,16,1457,9,1664,9,1556,11
2514,16,1457,9,1664,9,1568,11
2514,16,1457,9,1664,9,1599,11
2514,16,1457,9,1664,9,1747,11
2514,16,1457,9,1664,9,1773,11
2514,16,1457,9,1664,9,1799,11
2514,16,1457,9,1664,9,1818,11
2514,16,1457,9,1664,9,1873,11
2514,16,1457,9,1664,9,1940,11
2514,16,1457,9,1664,9,1956,11
2514,16,1457,9,1664,9,1997,11
2514,16,1457,9,1664,9,2068,11
2514,16,1457,9,1664,9,2079,11
2514,16,1457,9,1664,9,2123,11
2514,16,1457,9,1664,9,2196,11
2514,16,1457,9,1664,9,2206,11
2514,16,1457,9,1664,9,2216,11
2514,16,1457,9,1664,9,2244,11
2514,16,1457,9,1664,9,2259,11
2514,16,1457,9,1664,9,2261,11
2514,16,1457,9,1664,9,2289,11
2514,16,1457,9,1664,9,2359,11
2514,16,1457,9,1664,9,2370,11
2514,16,1457,9,1664,9,2405,11
2514,16,1457,9,1715,50,45,11
2514,16,1457,9,1715,50,159,11
2514,16,1457,9,1715,50,272,11
2514,16,1457,9,1715,50,338,11
2514,16,1457,9,1715,50,390,11
2514,16,1457,9,1715,50,457,11
2514,16,1457,9,1715,50,463,11
2514,16,1457,9,1715,50,620,11
2514,16,1457,9,1715,50,700,11
2514,16,1457,9,1715,50,742,11
2514,16,1457,9,1715,50,758,11
2514,16,1457,9,1715,50,879,11
2514,16,1457,9,1715,50,927,11
2514,16,1457,9,1715,50,979,11
2514,16,1457,9,1715,50,1003,11
2514,16,1457,9,1715,50,1044,11
2514,16,1457,9,1715,50,1068,11
2514,16,1457,9,1715,50,1153,11
2514,16,1457,9,1715,50,1186,11
2514,16,1457,9,1715,50,1194,11
2514,16,1457,9,1715,50,1259,11
2514,16,1457,9,1715,50,1260,11
2514,16,1457,9,1715,50,1312,11
2514,16,1457,9,1715,50,1388,11
2514,16,1457,9,1715,50,1391,11
2514,16,1457,9,1715,50,1422,11
2514,16,1457,9,1715,50,1556,11
2514,16,1457,9,1715,50,1568,11
2514,16,1457,9,1715,50,1599,11
2514,16,1457,9,1715,50,1747,11
2514,16,1457,9,1715,50,1773,11
2514,16,1457,9,1715,50,1799,11
2514,16,1457,9,1715,50,1818,11
2514,16,1457,9,1715,50,1873,11
2514,16,1457,9,1715,50,1940,11
2514,16,1457,9,1715,50,1956,11
2514,16,1457,9,1715,50,1997,11
2514,16,1457,9,1715,50,2068,11
2514,16,1457,9,1715,50,2079,11
2514,16,1457,9,1715,50,2123,11
2514,16,1457,9,1715,50,2196,11
2514,16,1457,9,1715,50,2206,11
2514,16,1457,9,1715,50,2216,11
2514,16,1457,9,1715,50,2244,11
2514,16,1457,9,1715,50,2259,11
2514,16,1457,9,1715,50,2261,11
2514,16,1457,9,1715,50,2289,11
2514,16,1457,9,1715,50,2359,11
2514,16,1457,9,1715,50,2370,11
2514,16,1457,9,1715,50,2405,11
2514,16,1457,9,1805,29,45,11
2514,16,1457,9,1805,29,159,11
2514,16,1457,9,1805,29,272,11
2514,16,1457,9,1805,29,338,11
2514,16,1457,9,1805,29,390,11
2514,16,1457,9,1805,29,457,11
2514,16,1457,9,1805,29,463,11
2514,16,1457,9,1805,29,620,11
2514,16,1457,9,1805,29,700,11
2514,16,1457,9,1805,29,742,11
2514,16,1457,9,1805,29,758,11
2514,16,1457,9,1805,29,879,11
2514,16,1457,9,1805,29,927,11
2514,16,1457,9,1805,29,979,11
2514,16,1457,9,1805,29,1003,11
2514,16,1457,9,1805,29,1044,11
2514,16,1457,9,1805,29,1068,11
2514,16,1457,9,1805,29,1153,11
2514,16,1457,9,1805,29,1186,11
2514,16,1457,9,1805,29,1194,11
2514,16,1457,9,1805,29,1259,11
2514,16,1457,9,1805,29,1260,11
2514,16,1457,9,1805,29,1312,11
2514,16,1457,9,1805,29,1388,11
2514,16,1457,9,1805,29,1391,11
2514,16,1457,9,1805,29,1422,11
2514,16,1457,9,1805,29,1556,11
2514,16,1457,9,1805,29,1568,11
2514,16,1457,9,1805,29,1599,11
2514,16,1457,9,1805,29,1747,11
2514,16,1457,9,1805,29,1773,11
2514,16,1457,9,1805,29,1799,11
2514,16,1457,9,1805,29,1818,11
2514,16,1457,9,1805,29,1873,11
2514,16,1457,9,1805,29,1940,11
2514,16,1457,9,1805,29,1956,11
2514,16,1457,9,1805,29,1997,11
2514,16,1457,9,1805,29,2068,11
2514,16,1457,9,1805,29,2079,11
2514,16,1457,9,1805,29,2123,11
2514,16,1457,9,1805,29,2196,11
2514,16,1457,9,1805,29,2206,11
2514,16,1457,9,1805,29,2216,11
2514,16,1457,9,1805,29,2244,11
2514,16,1457,9,1805,29,2259,11
2514,16,1457,9,1805,29,2261,11
2514,16,1457,9,1805,29,2289,11
2514,16,1457,9,1805,29,2359,11
2514,16,1457,9,1805,29,2370,11
2514,16,1457,9,1805,29,2405,11
2514,16,1457,9,1936,25,45,11
2514,16,1457,9,1936,25,159,11
2514,16,1457,9,1936,25,272,11
2514,16,1457,9,1936,25,338,11
2514,16,1457,9,1936,25,390,11
2514,16,1457,9,1936,25,457,11
2514,16,1457,9,1936,25,463,11
2514,16,1457,9,1936,25,620,11
2514,16,1457,9,1936,25,700,11
2514,16,1457,9,1936,25,742,11
2514,16,1457,9,1936,25,758,11
2514,16,1457,9,1936,25,879,11
2514,16,1457,9,1936,25,927,11
2514,16,1457,9,1936,25,979,11
2514,16,1457,9,1936,25,1003,11
2514,16,1457,9,1936,25,1044,11
2514,16,1457,9,1936,25,1068,11
2514,16,1457,9,1936,25,1153,11
2514,16,1457,9,1936,25,1186,11
2514,16,1457,9,1936,25,1194,11
2514,16,1457,9,1936,25,1259,11
2514,16,1457,9,1936,25,1260,11
2514,16,1457,9,1936,25,1312,11
2514,16,1457,9,1936,25,1388,11
2514,16,1457,9,1936,25,1391,11
2514,16,1457,9,1936,25,1422,11
2514,16,1457,9,1936,25,1556,11
2514,16,1457,9,1936,25,1568,11
2514,16,1457,9,1936,25,1599,11
2514,16,1457,9,1936,25,1747,11
2514,16,1457,9,1936,25,1773,11
2514,16,1457,9,1936,25,1799,11
2514,16,1457,9,1936,25,1818,11
2514,16,1457,9,1936,25,1873,11
2514,16,1457,9,1936,25,1940,11
2514,16,1457,9,1936,25,1956,11
2514,16,1457,9,1936,25,1997,11
2514,16,1457,9,1936,25,2068,11
2514,16,1457,9,1936,25,2079,11
2514,16,1457,9,1936,25,2123,11
2514,16,1457,9,1936,25,2196,11
2514,16,1457,9,1936,25,2206,11
2514,16,1457,9,1936,25,2216,11
2514,16,1457,9,1936,25,2244,11
2514,16,1457,9,1936,25,2259,11
2514,16,1457,9,1936,25,2261,11
2514,16,1457,9,1936,25,2289,11
2514,16,1457,9,1936,25,2359,11
2514,16,1457,9,1936,25,2370,11
2514,16,1457,9,1936,25,2405,11
