2514,16,1276,15,31,50,45,11
2514,16,1276,15,31,50,159,11
2514,16,1276,15,31,50,272,11
2514,16,1276,15,31,50,338,11
2514,16,1276,15,31,50,390,11
2514,16,1276,15,31,50,457,11
2514,16,1276,15,31,50,463,11
2514,16,1276,15,31,50,620,11
2514,16,1276,15,31,50,700,11
2514,16,1276,15,31,50,742,11
2514,16,1276,15,31,50,758,11
2514,16,1276,15,31,50,879,11
2514,16,1276,15,31,50,927,11
2514,16,1276,15,31,50,979,11
2514,16,1276,15,31,50,1003,11
2514,16,1276,15,31,50,1044,11
2514,16,1276,15,31,50,1068,11
2514,16,1276,15,31,50,1153,11
2514,16,1276,15,31,50,1186,11
2514,16,1276,15,31,50,1194,11
2514,16,1276,15,31,50,1259,11
2514,16,1276,15,31,50,1260,11
2514,16,1276,15,31,50,1312,11
2514,16,1276,15,31,50,1388,11
2514,16,1276,15,31,50,1391,11
2514,16,1276,15,31,50,1422,11
2514,16,1276,15,31,50,1556,11
2514,16,1276,15,31,50,1568,11
2514,16,1276,15,31,50,1599,11
2514,16,1276,15,31,50,1747,11
2514,16,1276,15,31,50,1773,11
2514,16,1276,15,31,50,1799,11
2514,16,1276,15,31,50,1818,11
2514,16,1276,15,31,50,1873,11
2514,16,1276,15,31,50,1940,11
2514,16,1276,15,31,50,1956,11
2514,16,1276,15,31,50,1997,11
2514,16,1276,15,31,50,2068,11
2514,16,1276,15,31,50,2079,11
2514,16,1276,15,31,50,2123,11
2514,16,1276,15,31,50,2196,11
2514,16,1276,15,31,50,2206,11
2514,16,1276,15,31,50,2216,11
2514,16,1276,15,31,50,2244,11
2514,16,1276,15,31,50,2259,11
2514,16,1276,15,31,50,2261,11
2514,16,1276,15,31,50,2289,11
2514,16,1276,15,31,50,2359,11
2514,16,1276,15,31,50,2370,11
2514,16,1276,15,31,50,2405,11
2514,16,1276,15,76,13,45,11
2514,16,1276,15,76,13,159,11
2514,16,1276,15,76,13,272,11
2514,16,1276,15,76,13,338,11
2514,16,1276,15,76,13,390,11
2514,16,1276,15,76,13,457,11
2514,16,1276,15,76,13,463,11
2514,16,1276,15,76,13,620,11
2514,16,1276,15,76,13,700,11
2514,16,1276,15,76,13,742,11
2514,16,1276,15,76,13,758,11
2514,16,1276,15,76,13,879,11
2514,16,1276,15,76,13,927,11
2514,16,1276,15,76,13,979,11
2514,16,1276,15,76,13,1003,11
2514,16,1276,15,76,13,1044,11
2514,16,1276,15,76,13,1068,11
2514,16,1276,15,76,13,1153,11
2514,16,1276,15,76,13,1186,11
2514,16,1276,15,76,13,1194,11
2514,16,1276,15,76,13,1259,11
2514,16,1276,15,76,13,1260,11
2514,16,1276,15,76,13,1312,11
2514,16,1276,15,76,13,1388,11
2514,16,1276,15,76,13,1391,11
2514,16,1276,15,76,13,1422,11
2514,16,1276,15,76,13,1556,11
2514,16,1276,15,76,13,1568,11
2514,16,1276,15,76,13,1599,11
2514,16,1276,15,76,13,1747,11
2514,16,1276,15,76,13,1773,11
2514,16,1276,15,76,13,1799,11
2514,16,1276,15,76,13,1818,11
2514,16,1276,15,76,13,1873,11
2514,16,1276,15,76,13,1940,11
2514,16,1276,15,76,13,1956,11
2514,16,1276,15,76,13,1997,11
2514,16,1276,15,76,13,2068,11
2514,16,1276,15,76,13,2079,11
2514,16,1276,15,76,13,2123,11
2514,16,1276,15,76,13,2196,11
2514,16,1276,15,76,13,2206,11
2514,16,1276,15,76,13,2216,11
2514,16,1276,15,76,13,2244,11
2514,16,1276,15,76,13,2259,11
2514,16,1276,15,76,13,2261,11
2514,16,1276,15,76,13,2289,11
2514,16,1276,15,76,13,2359,11
2514,16,1276,15,76,13,2370,11
2514,16,1276,15,76,13,2405,11
2514,16,1276,15,202,39,45,11
2514,16,1276,15,202,39,159,11
2514,16,1276,15,202,39,272,11
2514,16,1276,15,202,39,338,11
2514,16,1276,15,202,39,390,11
2514,16,1276,15,202,39,457,11
2514,16,1276,15,202,39,463,11
2514,16,1276,15,202,39,620,11
2514,16,1276,15,202,39,700,11
2514,16,1276,15,202,39,742,11
2514,16,1276,15,202,39,758,11
2514,16,1276,15,202,39,879,11
2514,16,1276,15,202,39,927,11
2514,16,1276,15,202,39,979,11
2514,16,1276,15,202,39,1003,11
2514,16,1276,15,202,39,1044,11
2514,16,1276,15,202,39,1068,11
2514,16,1276,15,202,39,1153,11
2514,16,1276,15,202,39,1186,11
2514,16,1276,15,202,39,1194,11
2514,16,1276,15,202,39,1259,11
2514,16,1276,15,202,39,1260,11
2514,16,1276,15,202,39,1312,11
2514,16,1276,15,202,39,1388,11
2514,16,1276,15,202,39,1391,11
2514,16,1276,15,202,39,1422,11
2514,16,1276,15,202,39,1556,11
2514,16,1276,15,202,39,1568,11
2514,16,1276,15,202,39,1599,11
2514,16,1276,15,202,39,1747,11
2514,16,1276,15,202,39,1773,11
2514,16,1276,15,202,39,1799,11
2514,16,1276,15,202,39,1818,11
2514,16,1276,15,202,39,1873,11
2514,16,1276,15,202,39,1940,11
2514,16,1276,15,202,39,1956,11
2514,16,1276,15,202,39,1997,11
2514,16,1276,15,202,39,2068,11
2514,16,1276,15,202,39,2079,11
2514,16,1276,15,202,39,2123,11
2514,16,1276,15,202,39,2196,11
2514,16,1276,15,202,39,2206,11
2514,16,1276,15,202,39,2216,11
2514,16,1276,15,202,39,2244,11
2514,16,1276,15,202,39,2259,11
2514,16,1276,15,202,39,2261,11
2514,16,1276,15,202,39,2289,11
2514,16,1276,15,202,39,2359,11
2514,16,1276,15,202,39,2370,11
2514,16,1276,15,202,39,2405,11
2514,16,1276,15,271,22,45,11
2514,16,1276,15,271,22,159,11
2514,16,1276,15,271,22,272,11
2514,16,1276,15,271,22,338,11
2514,16,1276,15,271,22,390,11
2514,16,1276,15,271,22,457,11
2514,16,1276,15,271,22,463,11
2514,16,1276,15,271,22,620,11
2514,16,1276,15,271,22,700,11
2514,16,1276,15,271,22,742,11
2514,16,1276,15,271,22,758,11
2514,16,1276,15,271,22,879,11
2514,16,1276,15,271,22,927,11
2514,16,1276,15,271,22,979,11
2514,16,1276,15,271,22,1003,11
2514,16,1276,15,271,22,1044,11
2514,16,1276,15,271,22,1068,11
2514,16,1276,15,271,22,1153,11
2514,16,1276,15,271,22,1186,11
2514,16,1276,15,271,22,1194,11
2514,16,1276,15,271,22,1259,11
2514,16,1276,15,271,22,1260,11
2514,16,1276,15,271,22,1312,11
2514,16,1276,15,271,22,1388,11
2514,16,1276,15,271,22,1391,11
2514,16,1276,15,271,22,1422,11
2514,16,1276,15,271,22,1556,11
2514,16,1276,15,271,22,1568,11
2514,16,1276,15,271,22,1599,11
2514,16,1276,15,271,22,1747,11
2514,16,1276,15,271,22,1773,11
2514,16,1276,15,271,22,1799,11
2514,16,1276,15,271,22,1818,11
2514,16,1276,15,271,22,1873,11
2514,16,1276,15,271,22,1940,11
2514,16,1276,15,271,22,1956,11
2514,16,1276,15,271,22,1997,11
2514,16,1276,15,271,22,2068,11
2514,16,1276,15,271,22,2079,11
2514,16,1276,15,271,22,2123,11
2514,16,1276,15,271,22,2196,11
2514,16,1276,15,271,22,2206,11
2514,16,1276,15,271,22,2216,11
2514,16,1276,15,271,22,2244,11
2514,16,1276,15,271,22,2259,11
2514,16,1276,15,271,22,2261,11
2514,16,1276,15,271,22,2289,11
2514,16,1276,15,271,22,2359,11
2514,16,1276,15,271,22,2370,11
2514,16,1276,15,271,22,2405,11
2514,16,1276,15,355,49,45,11
2514,16,1276,15,355,49,159,11
2514,16,1276,15,355,49,272,11
2514,16,1276,15,355,49,338,11
2514,16,1276,15,355,49,390,11
2514,16,1276,15,355,49,457,11
2514,16,1276,15,355,49,463,11
2514,16,1276,15,355,49,620,11
2514,16,1276,15,355,49,700,11
2514,16,1276,15,355,49,742,11
2514,16,1276,15,355,49,758,11
2514,16,1276,15,355,49,879,11
2514,16,1276,15,355,49,927,11
2514,16,1276,15,355,49,979,11
2514,16,1276,15,355,49,1003,11
2514,16,1276,15,355,49,1044,11
2514,16,1276,15,355,49,1068,11
2514,16,1276,15,355,49,1153,11
2514,16,1276,15,355,49,1186,11
2514,16,1276,15,355,49,1194,11
2514,16,1276,15,355,49,1259,11
2514,16,1276,15,355,49,1260,11
2514,16,1276,15,355,49,1312,11
2514,16,1276,15,355,49,1388,11
2514,16,1276,15,355,49,1391,11
2514,16,1276,15,355,49,1422,11
2514,16,1276,15,355,49,1556,11
2514,16,1276,15,355,49,1568,11
2514,16,1276,15,355,49,1599,11
2514,16,1276,15,355,49,1747,11
2514,16,1276,15,355,49,1773,11
2514,16,1276,15,355,49,1799,11
2514,16,1276,15,355,49,1818,11
2514,16,1276,15,355,49,1873,11
2514,16,1276,15,355,49,1940,11
2514,16,1276,15,355,49,1956,11
2514,16,1276,15,355,49,1997,11
2514,16,1276,15,355,49,2068,11
2514,16,1276,15,355,49,2079,11
2514,16,1276,15,355,49,2123,11
2514,16,1276,15,355,49,2196,11
2514,16,1276,15,355,49,2206,11
2514,16,1276,15,355,49,2216,11
2514,16,1276,15,355,49,2244,11
2514,16,1276,15,355,49,2259,11
2514,16,1276,15,355,49,2261,11
2514,16,1276,15,355,49,2289,11
2514,16,1276,15,355,49,2359,11
2514,16,1276,15,355,49,2370,11
2514,16,1276,15,355,49,2405,11
2514,16,1276,15,544,32,45,11
2514,16,1276,15,544,32,159,11
2514,16,1276,15,544,32,272,11
2514,16,1276,15,544,32,338,11
2514,16,1276,15,544,32,390,11
2514,16,1276,15,544,32,457,11
2514,16,1276,15,544,32,463,11
2514,16,1276,15,544,32,620,11
2514,16,1276,15,544,32,700,11
2514,16,1276,15,544,32,742,11
2514,16,1276,15,544,32,758,11
2514,16,1276,15,544,32,879,11
2514,16,1276,15,544,32,927,11
2514,16,1276,15,544,32,979,11
2514,16,1276,15,544,32,1003,11
2514,16,1276,15,544,32,1044,11
2514,16,1276,15,544,32,1068,11
2514,16,1276,15,544,32,1153,11
2514,16,1276,15,544,32,1186,11
2514,16,1276,15,544,32,1194,11
2514,16,1276,15,544,32,1259,11
2514,16,1276,15,544,32,1260,11
2514,16,1276,15,544,32,1312,11
2514,16,1276,15,544,32,1388,11
2514,16,1276,15,544,32,1391,11
2514,16,1276,15,544,32,1422,11
2514,16,1276,15,544,32,1556,11
2514,16,1276,15,544,32,1568,11
2514,16,1276,15,544,32,1599,11
2514,16,1276,15,544,32,1747,11
2514,16,1276,15,544,32,1773,11
2514,16,1276,15,544,32,1799,11
2514,16,1276,15,544,32,1818,11
2514,16,1276,15,544,32,1873,11
2514,16,1276,15,544,32,1940,11
2514,16,1276,15,544,32,1956,11
2514,16,1276,15,544,32,1997,11
2514,16,1276,15,544,32,2068,11
2514,16,1276,15,544,32,2079,11
2514,16,1276,15,544,32,2123,11
2514,16,1276,15,544,32,2196,11
2514,16,1276,15,544,32,2206,11
2514,16,1276,15,544,32,2216,11
2514,16,1276,15,544,32,2244,11
2514,16,1276,15,544,32,2259,11
2514,16,1276,15,544,32,2261,11
2514,16,1276,15,544,32,2289,11
2514,16,1276,15,544,32,2359,11
2514,16,1276,15,544,32,2370,11
2514,16,1276,15,544,32,2405,11
2514,16,1276,15,936,18,45,11
2514,16,1276,15,936,18,159,11
2514,16,1276,15,936,18,272,11
2514,16,1276,15,936,18,338,11
2514,16,1276,15,936,18,390,11
2514,16,1276,15,936,18,457,11
2514,16,1276,15,936,18,463,11
2514,16,1276,15,936,18,620,11
2514,16,1276,15,936,18,700,11
2514,16,1276,15,936,18,742,11
2514,16,1276,15,936,18,758,11
2514,16,1276,15,936,18,879,11
2514,16,1276,15,936,18,927,11
2514,16,1276,15,936,18,979,11
2514,16,1276,15,936,18,1003,11
2514,16,1276,15,936,18,1044,11
2514,16,1276,15,936,18,1068,11
2514,16,1276,15,936,18,1153,11
2514,16,1276,15,936,18,1186,11
2514,16,1276,15,936,18,1194,11
2514,16,1276,15,936,18,1259,11
2514,16,1276,15,936,18,1260,11
2514,16,1276,15,936,18,1312,11
2514,16,1276,15,936,18,1388,11
2514,16,1276,15,936,18,1391,11
2514,16,1276,15,936,18,1422,11
2514,16,1276,15,936,18,1556,11
2514,16,1276,15,936,18,1568,11
2514,16,1276,15,936,18,1599,11
2514,16,1276,15,936,18,1747,11
2514,16,1276,15,936,18,1773,11
2514,16,1276,15,936,18,1799,11
2514,16,1276,15,936,18,1818,11
2514,16,1276,15,936,18,1873,11
2514,16,1276,15,936,18,1940,11
2514,16,1276,15,936,18,1956,11
2514,16,1276,15,936,18,1997,11
2514,16,1276,15,936,18,2068,11
2514,16,1276,15,936,18,2079,11
2514,16,1276,15,936,18,2123,11
2514,16,1276,15,936,18,2196,11
2514,16,1276,15,936,18,2206,11
2514,16,1276,15,936,18,2216,11
2514,16,1276,15,936,18,2244,11
2514,16,1276,15,936,18,2259,11
2514,16,1276,15,936,18,2261,11
2514,16,1276,15,936,18,2289,11
2514,16,1276,15,936,18,2359,11
2514,16,1276,15,936,18,2370,11
2514,16,1276,15,936,18,2405,11
2514,16,1276,15,1041,21,45,11
2514,16,1276,15,1041,21,159,11
2514,16,1276,15,1041,21,272,11
2514,16,1276,15,1041,21,338,11
2514,16,1276,15,1041,21,390,11
2514,16,1276,15,1041,21,457,11
2514,16,1276,15,1041,21,463,11
2514,16,1276,15,1041,21,620,11
2514,16,1276,15,1041,21,700,11
2514,16,1276,15,1041,21,742,11
2514,16,1276,15,1041,21,758,11
2514,16,1276,15,1041,21,879,11
2514,16,1276,15,1041,21,927,11
2514,16,1276,15,1041,21,979,11
2514,16,1276,15,1041,21,1003,11
2514,16,1276,15,1041,21,1044,11
2514,16,1276,15,1041,21,1068,11
2514,16,1276,15,1041,21,1153,11
2514,16,1276,15,1041,21,1186,11
2514,16,1276,15,1041,21,1194,11
2514,16,1276,15,1041,21,1259,11
2514,16,1276,15,1041,21,1260,11
2514,16,1276,15,1041,21,1312,11
2514,16,1276,15,1041,21,1388,11
2514,16,1276,15,1041,21,1391,11
2514,16,1276,15,1041,21,1422,11
2514,16,1276,15,1041,21,1556,11
2514,16,1276,15,1041,21,1568,11
2514,16,1276,15,1041,21,1599,11
2514,16,1276,15,1041,21,1747,11
2514,16,1276,15,1041,21,1773,11
2514,16,1276,15,1041,21,1799,11
2514,16,1276,15,1041,21,1818,11
2514,16,1276,15,1041,21,1873,11
2514,16,1276,15,1041,21,1940,11
2514,16,1276,15,1041,21,1956,11
2514,16,1276,15,1041,21,1997,11
2514,16,1276,15,1041,21,2068,11
2514,16,1276,15,1041,21,2079,11
2514,16,1276,15,1041,21,2123,11
2514,16,1276,15,1041,21,2196,11
2514,16,1276,15,1041,21,2206,11
2514,16,1276,15,1041,21,2216,11
2514,16,1276,15,1041,21,2244,11
2514,16,1276,15,1041,21,2259,11
2514,16,1276,15,1041,21,2261,11
2514,16,1276,15,1041,21,2289,11
2514,16,1276,15,1041,21,2359,11
2514,16,1276,15,1041,21,2370,11
2514,16,1276,15,1041,21,2405,11
2514,16,1276,15,1186,45,45,11
2514,16,1276,15,1186,45,159,11
2514,16,1276,15,1186,45,272,11
2514,16,1276,15,1186,45,338,11
2514,16,1276,15,1186,45,390,11
2514,16,1276,15,1186,45,457,11
2514,16,1276,15,1186,45,463,11
2514,16,1276,15,1186,45,620,11
2514,16,1276,15,1186,45,700,11
2514,16,1276,15,1186,45,742,11
2514,16,1276,15,1186,45,758,11
2514,16,1276,15,1186,45,879,11
2514,16,1276,15,1186,45,927,11
2514,16,1276,15,1186,45,979,11
2514,16,1276,15,1186,45,1003,11
2514,16,1276,15,1186,45,1044,11
2514,16,1276,15,1186,45,1068,11
2514,16,1276,15,1186,45,1153,11
2514,16,1276,15,1186,45,1186,11
2514,16,1276,15,1186,45,1194,11
2514,16,1276,15,1186,45,1259,11
2514,16,1276,15,1186,45,1260,11
2514,16,1276,15,1186,45,1312,11
2514,16,1276,15,1186,45,1388,11
2514,16,1276,15,1186,45,1391,11
2514,16,1276,15,1186,45,1422,11
2514,16,1276,15,1186,45,1556,11
2514,16,1276,15,1186,45,1568,11
2514,16,1276,15,1186,45,1599,11
2514,16,1276,15,1186,45,1747,11
2514,16,1276,15,1186,45,1773,11
2514,16,1276,15,1186,45,1799,11
2514,16,1276,15,1186,45,1818,11
2514,16,1276,15,1186,45,1873,11
2514,16,1276,15,1186,45,1940,11
2514,16,1276,15,1186,45,1956,11
2514,16,1276,15,1186,45,1997,11
2514,16,1276,15,1186,45,2068,11
2514,16,1276,15,1186,45,2079,11
2514,16,1276,15,1186,45,2123,11
2514,16,1276,15,1186,45,2196,11
2514,16,1276,15,1186,45,2206,11
2514,16,1276,15,1186,45,2216,11
2514,16,1276,15,1186,45,2244,11
2514,16,1276,15,1186,45,2259,11
2514,16,1276,15,1186,45,2261,11
2514,16,1276,15,1186,45,2289,11
2514,16,1276,15,1186,45,2359,11
2514,16,1276,15,1186,45,2370,11
2514,16,1276,15,1186,45,2405,11
2514,16,1276,15,1220,48,45,11
2514,16,1276,15,1220,48,338,11
2514,16,1276,15,1220,48,390,11
2514,16,1276,15,1220,48,620,11
2514,16,1276,15,1220,48,742,11
2514,16,1276,15,1220,48,758,11
2514,16,1276,15,1220,48,979,11
2514,16,1276,15,1220,48,1044,11
2514,16,1276,15,1220,48,1186,11
2514,16,1276,15,1220,48,1259,11
2514,16,1276,15,1220,48,1312,11
2514,16,1276,15,1220,48,1773,11
2514,16,1276,15,1220,48,1799,11
2514,16,1276,15,1220,48,1956,11
2514,16,1276,15,1220,48,1997,11
2514,16,1276,15,1220,48,2206,11
2514,16,1276,15,1220,48,2244,11
2514,16,1276,15,1220,48,2261,11
2514,16,1276,15,1220,48,2289,11
2514,16,1276,15,1220,48,2359,11
2514,16,1276,15,1458,23,45,11
2514,16,1276,15,1458,23,159,11
2514,16,1276,15,1458,23,272,11
2514,16,1276,15,1458,23,338,11
2514,16,1276,15,1458,23,390,11
2514,16,1276,15,1458,23,457,11
2514,16,1276,15,1458,23,463,11
2514,16,1276,15,1458,23,620,11
2514,16,1276,15,1458,23,700,11
2514,16,1276,15,1458,23,742,11
2514,16,1276,15,1458,23,758,11
2514,16,1276,15,1458,23,879,11
2514,16,1276,15,1458,23,927,11
2514,16,1276,15,1458,23,979,11
2514,16,1276,15,1458,23,1003,11
2514,16,1276,15,1458,23,1044,11
2514,16,1276,15,1458,23,1068,11
2514,16,1276,15,1458,23,1153,11
2514,16,1276,15,1458,23,1186,11
2514,16,1276,15,1458,23,1194,11
2514,16,1276,15,1458,23,1259,11
2514,16,1276,15,1458,23,1260,11
2514,16,1276,15,1458,23,1312,11
2514,16,1276,15,1458,23,1388,11
2514,16,1276,15,1458,23,1391,11
2514,16,1276,15,1458,23,1422,11
2514,16,1276,15,1458,23,1556,11
2514,16,1276,15,1458,23,1568,11
2514,16,1276,15,1458,23,1599,11
2514,16,1276,15,1458,23,1747,11
2514,16,1276,15,1458,23,1773,11
2514,16,1276,15,1458,23,1799,11
2514,16,1276,15,1458,23,1818,11
2514,16,1276,15,1458,23,1873,11
2514,16,1276,15,1458,23,1940,11
2514,16,1276,15,1458,23,1956,11
2514,16,1276,15,1458,23,1997,11
2514,16,1276,15,1458,23,2068,11
2514,16,1276,15,1458,23,2079,11
2514,16,1276,15,1458,23,2123,11
2514,16,1276,15,1458,23,2196,11
2514,16,1276,15,1458,23,2206,11
2514,16,1276,15,1458,23,2216,11
2514,16,1276,15,1458,23,2244,11
2514,16,1276,15,1458,23,2259,11
2514,16,1276,15,1458,23,2261,11
2514,16,1276,15,1458,23,2289,11
2514,16,1276,15,1458,23,2359,11
2514,16,1276,15,1458,23,2370,11
2514,16,1276,15,1458,23,2405,11
2514,16,1276,15,1490,23,159,11
2514,16,1276,15,1490,23,457,11
2514,16,1276,15,1490,23,463,11
2514,16,1276,15,1490,23,700,11
2514,16,1276,15,1490,23,879,11
2514,16,1276,15,1490,23,927,11
2514,16,1276,15,1490,23,1003,11
2514,16,1276,15,1490,23,1153,11
2514,16,1276,15,1490,23,1194,11
2514,16,1276,15,1490,23,1388,11
2514,16,1276,15,1490,23,1556,11
2514,16,1276,15,1490,23,1568,11
2514,16,1276,15,1490,23,1599,11
2514,16,1276,15,1490,23,1818,11
2514,16,1276,15,1490,23,1873,11
2514,16,1276,15,1490,23,1940,11
2514,16,1276,15,1490,23,2123,11
2514,16,1276,15,1490,23,2196,11
2514,16,1276,15,1490,23,2216,11
2514,16,1276,15,1490,23,2370,11
2514,16,1276,15,1559,10,45,11
2514,16,1276,15,1559,10,159,11
2514,16,1276,15,1559,10,272,11
2514,16,1276,15,1559,10,338,11
2514,16,1276,15,1559,10,390,11
2514,16,1276,15,1559,10,457,11
2514,16,1276,15,1559,10,463,11
2514,16,1276,15,1559,10,620,11
2514,16,1276,15,1559,10,700,11
2514,16,1276,15,1559,10,742,11
2514,16,1276,15,1559,10,758,11
2514,16,1276,15,1559,10,879,11
2514,16,1276,15,1559,10,927,11
2514,16,1276,15,1559,10,979,11
2514,16,1276,15,1559,10,1003,11
2514,16,1276,15,1559,10,1044,11
2514,16,1276,15,1559,10,1068,11
2514,16,1276,15,1559,10,1153,11
2514,16,1276,15,1559,10,1186,11
2514,16,1276,15,1559,10,1194,11
2514,16,1276,15,1559,10,1259,11
2514,16,1276,15,1559,10,1260,11
2514,16,1276,15,1559,10,1312,11
2514,16,1276,15,1559,10,1388,11
2514,16,1276,15,1559,10,1391,11
2514,16,1276,15,1559,10,1422,11
2514,16,1276,15,1559,10,1556,11
2514,16,1276,15,1559,10,1568,11
2514,16,1276,15,1559,10,1599,11
2514,16,1276,15,1559,10,1747,11
2514,16,1276,15,1559,10,1773,11
2514,16,1276,15,1559,10,1799,11
2514,16,1276,15,1559,10,1818,11
2514,16,1276,15,1559,10,1873,11
2514,16,1276,15,1559,10,1940,11
2514,16,1276,15,1559,10,1956,11
2514,16,1276,15,1559,10,1997,11
2514,16,1276,15,1559,10,2068,11
2514,16,1276,15,1559,10,2079,11
2514,16,1276,15,1559,10,2123,11
2514,16,1276,15,1559,10,2196,11
2514,16,1276,15,1559,10,2206,11
2514,16,1276,15,1559,10,2216,11
2514,16,1276,15,1559,10,2244,11
2514,16,1276,15,1559,10,2259,11
2514,16,1276,15,1559,10,2261,11
2514,16,1276,15,1559,10,2289,11
2514,16,1276,15,1559,10,2359,11
2514,16,1276,15,1559,10,2370,11
2514,16,1276,15,1559,10,2405,11
2514,16,1276,15,1856,22,45,11
2514,16,1276,15,1856,22,159,11
2514,16,1276,15,1856,22,272,11
2514,16,1276,15,1856,22,338,11
2514,16,1276,15,1856,22,390,11
2514,16,1276,15,1856,22,457,11
2514,16,1276,15,1856,22,463,11
2514,16,1276,15,1856,22,620,11
2514,16,1276,15,1856,22,700,11
2514,16,1276,15,1856,22,742,11
2514,16,1276,15,1856,22,758,11
2514,16,1276,15,1856,22,879,11
2514,16,1276,15,1856,22,927,11
2514,16,1276,15,1856,22,979,11
2514,16,1276,15,1856,22,1003,11
2514,16,1276,15,1856,22,1044,11
2514,16,1276,15,1856,22,1068,11
2514,16,1276,15,1856,22,1153,11
2514,16,1276,15,1856,22,1186,11
2514,16,1276,15,1856,22,1194,11
2514,16,1276,15,1856,22,1259,11
2514,16,1276,15,1856,22,1260,11
2514,16,1276,15,1856,22,1312,11
2514,16,1276,15,1856,22,1388,11
2514,16,1276,15,1856,22,1391,11
2514,16,1276,15,1856,22,1422,11
2514,16,1276,15,1856,22,1556,11
2514,16,1276,15,1856,22,1568,11
2514,16,1276,15,1856,22,1599,11
2514,16,1276,15,1856,22,1747,11
2514,16,1276,15,1856,22,1773,11
2514,16,1276,15,1856,22,1799,11
2514,16,1276,15,1856,22,1818,11
2514,16,1276,15,1856,22,1873,11
2514,16,1276,15,1856,22,1940,11
2514,16,1276,15,1856,22,1956,11
2514,16,1276,15,1856,22,1997,11
2514,16,1276,15,1856,22,2068,11
2514,16,1276,15,1856,22,2079,11
2514,16,1276,15,1856,22,2123,11
2514,16,1276,15,1856,22,2196,11
2514,16,1276,15,1856,22,2206,11
2514,16,1276,15,1856,22,2216,11
2514,16,1276,15,1856,22,2244,11
2514,16,1276,15,1856,22,2259,11
2514,16,1276,15,1856,22,2261,11
2514,16,1276,15,1856,22,2289,11
2514,16,1276,15,1856,22,2359,11
2514,16,1276,15,1856,22,2370,11
2514,16,1276,15,1856,22,2405,11
