2514,16,1331,25,97,43,45,11
2514,16,1331,25,97,43,159,11
2514,16,1331,25,97,43,272,11
2514,16,1331,25,97,43,338,11
2514,16,1331,25,97,43,390,11
2514,16,1331,25,97,43,457,11
2514,16,1331,25,97,43,463,11
2514,16,1331,25,97,43,620,11
2514,16,1331,25,97,43,700,11
2514,16,1331,25,97,43,742,11
2514,16,1331,25,97,43,758,11
2514,16,1331,25,97,43,879,11
2514,16,1331,25,97,43,927,11
2514,16,1331,25,97,43,979,11
2514,16,1331,25,97,43,1003,11
2514,16,1331,25,97,43,1044,11
2514,16,1331,25,97,43,1068,11
2514,16,1331,25,97,43,1153,11
2514,16,1331,25,97,43,1186,11
2514,16,1331,25,97,43,1194,11
2514,16,1331,25,97,43,1259,11
2514,16,1331,25,97,43,1260,11
2514,16,1331,25,97,43,1312,11
2514,16,1331,25,97,43,1388,11
2514,16,1331,25,97,43,1391,11
2514,16,1331,25,97,43,1422,11
2514,16,1331,25,97,43,1556,11
2514,16,1331,25,97,43,1568,11
2514,16,1331,25,97,43,1599,11
2514,16,1331,25,97,43,1747,11
2514,16,1331,25,97,43,1773,11
2514,16,1331,25,97,43,1799,11
2514,16,1331,25,97,43,1818,11
2514,16,1331,25,97,43,1873,11
2514,16,1331,25,97,43,1940,11
2514,16,1331,25,97,43,1956,11
2514,16,1331,25,97,43,1997,11
2514,16,1331,25,97,43,2068,11
2514,16,1331,25,97,43,2079,11
2514,16,1331,25,97,43,2123,11
2514,16,1331,25,97,43,2196,11
2514,16,1331,25,97,43,2206,11
2514,16,1331,25,97,43,2216,11
2514,16,1331,25,97,43,2244,11
2514,16,1331,25,97,43,2259,11
2514,16,1331,25,97,43,2261,11
2514,16,1331,25,97,43,2289,11
2514,16,1331,25,97,43,2359,11
2514,16,1331,25,97,43,2370,11
2514,16,1331,25,97,43,2405,11
2514,16,1331,25,394,13,45,11
2514,16,1331,25,394,13,159,11
2514,16,1331,25,394,13,272,11
2514,16,1331,25,394,13,338,11
2514,16,1331,25,394,13,390,11
2514,16,1331,25,394,13,457,11
2514,16,1331,25,394,13,463,11
2514,16,1331,25,394,13,620,11
2514,16,1331,25,394,13,700,11
2514,16,1331,25,394,13,742,11
2514,16,1331,25,394,13,758,11
2514,16,1331,25,394,13,879,11
2514,16,1331,25,394,13,927,11
2514,16,1331,25,394,13,979,11
2514,16,1331,25,394,13,1003,11
2514,16,1331,25,394,13,1044,11
2514,16,1331,25,394,13,1068,11
2514,16,1331,25,394,13,1153,11
2514,16,1331,25,394,13,1186,11
2514,16,1331,25,394,13,1194,11
2514,16,1331,25,394,13,1259,11
2514,16,1331,25,394,13,1260,11
2514,16,1331,25,394,13,1312,11
2514,16,1331,25,394,13,1388,11
2514,16,1331,25,394,13,1391,11
2514,16,1331,25,394,13,1422,11
2514,16,1331,25,394,13,1556,11
2514,16,1331,25,394,13,1568,11
2514,16,1331,25,394,13,1599,11
2514,16,1331,25,394,13,1747,11
2514,16,1331,25,394,13,1773,11
2514,16,1331,25,394,13,1799,11
2514,16,1331,25,394,13,1818,11
2514,16,1331,25,394,13,1873,11
2514,16,1331,25,394,13,1940,11
2514,16,1331,25,394,13,1956,11
2514,16,1331,25,394,13,1997,11
2514,16,1331,25,394,13,2068,11
2514,16,1331,25,394,13,2079,11
2514,16,1331,25,394,13,2123,11
2514,16,1331,25,394,13,2196,11
2514,16,1331,25,394,13,2206,11
2514,16,1331,25,394,13,2216,11
2514,16,1331,25,394,13,2244,11
2514,16,1331,25,394,13,2259,11
2514,16,1331,25,394,13,2261,11
2514,16,1331,25,394,13,2289,11
2514,16,1331,25,394,13,2359,11
2514,16,1331,25,394,13,2370,11
2514,16,1331,25,394,13,2405,11
2514,16,1331,25,488,13,45,11
2514,16,1331,25,488,13,159,11
2514,16,1331,25,488,13,272,11
2514,16,1331,25,488,13,338,11
2514,16,1331,25,488,13,390,11
2514,16,1331,25,488,13,457,11
2514,16,1331,25,488,13,463,11
2514,16,1331,25,488,13,620,11
2514,16,1331,25,488,13,700,11
2514,16,1331,25,488,13,742,11
2514,16,1331,25,488,13,758,11
2514,16,1331,25,488,13,879,11
2514,16,1331,25,488,13,927,11
2514,16,1331,25,488,13,979,11
2514,16,1331,25,488,13,1003,11
2514,16,1331,25,488,13,1044,11
2514,16,1331,25,488,13,1068,11
2514,16,1331,25,488,13,1153,11
2514,16,1331,25,488,13,1186,11
2514,16,1331,25,488,13,1194,11
2514,16,1331,25,488,13,1259,11
2514,16,1331,25,488,13,1260,11
2514,16,1331,25,488,13,1312,11
2514,16,1331,25,488,13,1388,11
2514,16,1331,25,488,13,1391,11
2514,16,1331,25,488,13,1422,11
2514,16,1331,25,488,13,1556,11
2514,16,1331,25,488,13,1568,11
2514,16,1331,25,488,13,1599,11
2514,16,1331,25,488,13,1747,11
2514,16,1331,25,488,13,1773,11
2514,16,1331,25,488,13,1799,11
2514,16,1331,25,488,13,1818,11
2514,16,1331,25,488,13,1873,11
2514,16,1331,25,488,13,1940,11
2514,16,1331,25,488,13,1956,11
2514,16,1331,25,488,13,1997,11
2514,16,1331,25,488,13,2068,11
2514,16,1331,25,488,13,2079,11
2514,16,1331,25,488,13,2123,11
2514,16,1331,25,488,13,2196,11
2514,16,1331,25,488,13,2206,11
2514,16,1331,25,488,13,2216,11
2514,16,1331,25,488,13,2244,11
2514,16,1331,25,488,13,2259,11
2514,16,1331,25,488,13,2261,11
2514,16,1331,25,488,13,2289,11
2514,16,1331,25,488,13,2359,11
2514,16,1331,25,488,13,2370,11
2514,16,1331,25,488,13,2405,11
2514,16,1331,25,497,25,45,11
2514,16,1331,25,497,25,159,11
2514,16,1331,25,497,25,272,11
2514,16,1331,25,497,25,338,11
2514,16,1331,25,497,25,390,11
2514,16,1331,25,497,25,457,11
2514,16,1331,25,497,25,463,11
2514,16,1331,25,497,25,620,11
2514,16,1331,25,497,25,700,11
2514,16,1331,25,497,25,742,11
2514,16,1331,25,497,25,758,11
2514,16,1331,25,497,25,879,11
2514,16,1331,25,497,25,927,11
2514,16,1331,25,497,25,979,11
2514,16,1331,25,497,25,1003,11
2514,16,1331,25,497,25,1044,11
2514,16,1331,25,497,25,1068,11
2514,16,1331,25,497,25,1153,11
2514,16,1331,25,497,25,1186,11
2514,16,1331,25,497,25,1194,11
2514,16,1331,25,497,25,1259,11
2514,16,1331,25,497,25,1260,11
2514,16,1331,25,497,25,1312,11
2514,16,1331,25,497,25,1388,11
2514,16,1331,25,497,25,1391,11
2514,16,1331,25,497,25,1422,11
2514,16,1331,25,497,25,1556,11
2514,16,1331,25,497,25,1568,11
2514,16,1331,25,497,25,1599,11
2514,16,1331,25,497,25,1747,11
2514,16,1331,25,497,25,1773,11
2514,16,1331,25,497,25,1799,11
2514,16,1331,25,497,25,1818,11
2514,16,1331,25,497,25,1873,11
2514,16,1331,25,497,25,1940,11
2514,16,1331,25,497,25,1956,11
2514,16,1331,25,497,25,1997,11
2514,16,1331,25,497,25,2068,11
2514,16,1331,25,497,25,2079,11
2514,16,1331,25,497,25,2123,11
2514,16,1331,25,497,25,2196,11
2514,16,1331,25,497,25,2206,11
2514,16,1331,25,497,25,2216,11
2514,16,1331,25,497,25,2244,11
2514,16,1331,25,497,25,2259,11
2514,16,1331,25,497,25,2261,11
2514,16,1331,25,497,25,2289,11
2514,16,1331,25,497,25,2359,11
2514,16,1331,25,497,25,2370,11
2514,16,1331,25,497,25,2405,11
2514,16,1331,25,624,31,45,11
2514,16,1331,25,624,31,159,11
2514,16,1331,25,624,31,272,11
2514,16,1331,25,624,31,338,11
2514,16,1331,25,624,31,390,11
2514,16,1331,25,624,31,457,11
2514,16,1331,25,624,31,463,11
2514,16,1331,25,624,31,620,11
2514,16,1331,25,624,31,700,11
2514,16,1331,25,624,31,742,11
2514,16,1331,25,624,31,758,11
2514,16,1331,25,624,31,879,11
2514,16,1331,25,624,31,927,11
2514,16,1331,25,624,31,979,11
2514,16,1331,25,624,31,1003,11
2514,16,1331,25,624,31,1044,11
2514,16,1331,25,624,31,1068,11
2514,16,1331,25,624,31,1153,11
2514,16,1331,25,624,31,1186,11
2514,16,1331,25,624,31,1194,11
2514,16,1331,25,624,31,1259,11
2514,16,1331,25,624,31,1260,11
2514,16,1331,25,624,31,1312,11
2514,16,1331,25,624,31,1388,11
2514,16,1331,25,624,31,1391,11
2514,16,1331,25,624,31,1422,11
2514,16,1331,25,624,31,1556,11
2514,16,1331,25,624,31,1568,11
2514,16,1331,25,624,31,1599,11
2514,16,1331,25,624,31,1747,11
2514,16,1331,25,624,31,1773,11
2514,16,1331,25,624,31,1799,11
2514,16,1331,25,624,31,1818,11
2514,16,1331,25,624,31,1873,11
2514,16,1331,25,624,31,1940,11
2514,16,1331,25,624,31,1956,11
2514,16,1331,25,624,31,1997,11
2514,16,1331,25,624,31,2068,11
2514,16,1331,25,624,31,2079,11
2514,16,1331,25,624,31,2123,11
2514,16,1331,25,624,31,2196,11
2514,16,1331,25,624,31,2206,11
2514,16,1331,25,624,31,2216,11
2514,16,1331,25,624,31,2244,11
2514,16,1331,25,624,31,2259,11
2514,16,1331,25,624,31,2261,11
2514,16,1331,25,624,31,2289,11
2514,16,1331,25,624,31,2359,11
2514,16,1331,25,624,31,2370,11
2514,16,1331,25,624,31,2405,11
2514,16,1331,25,691,39,45,11
2514,16,1331,25,691,39,159,11
2514,16,1331,25,691,39,272,11
2514,16,1331,25,691,39,338,11
2514,16,1331,25,691,39,390,11
2514,16,1331,25,691,39,457,11
2514,16,1331,25,691,39,463,11
2514,16,1331,25,691,39,620,11
2514,16,1331,25,691,39,700,11
2514,16,1331,25,691,39,742,11
2514,16,1331,25,691,39,758,11
2514,16,1331,25,691,39,879,11
2514,16,1331,25,691,39,927,11
2514,16,1331,25,691,39,979,11
2514,16,1331,25,691,39,1003,11
2514,16,1331,25,691,39,1044,11
2514,16,1331,25,691,39,1068,11
2514,16,1331,25,691,39,1153,11
2514,16,1331,25,691,39,1186,11
2514,16,1331,25,691,39,1194,11
2514,16,1331,25,691,39,1259,11
2514,16,1331,25,691,39,1260,11
2514,16,1331,25,691,39,1312,11
2514,16,1331,25,691,39,1388,11
2514,16,1331,25,691,39,1391,11
2514,16,1331,25,691,39,1422,11
2514,16,1331,25,691,39,1556,11
2514,16,1331,25,691,39,1568,11
2514,16,1331,25,691,39,1599,11
2514,16,1331,25,691,39,1747,11
2514,16,1331,25,691,39,1773,11
2514,16,1331,25,691,39,1799,11
2514,16,1331,25,691,39,1818,11
2514,16,1331,25,691,39,1873,11
2514,16,1331,25,691,39,1940,11
2514,16,1331,25,691,39,1956,11
2514,16,1331,25,691,39,1997,11
2514,16,1331,25,691,39,2068,11
2514,16,1331,25,691,39,2079,11
2514,16,1331,25,691,39,2123,11
2514,16,1331,25,691,39,2196,11
2514,16,1331,25,691,39,2206,11
2514,16,1331,25,691,39,2216,11
2514,16,1331,25,691,39,2244,11
2514,16,1331,25,691,39,2259,11
2514,16,1331,25,691,39,2261,11
2514,16,1331,25,691,39,2289,11
2514,16,1331,25,691,39,2359,11
2514,16,1331,25,691,39,2370,11
2514,16,1331,25,691,39,2405,11
2514,16,1331,25,720,19,45,11
2514,16,1331,25,720,19,159,11
2514,16,1331,25,720,19,272,11
2514,16,1331,25,720,19,338,11
2514,16,1331,25,720,19,390,11
2514,16,1331,25,720,19,457,11
2514,16,1331,25,720,19,463,11
2514,16,1331,25,720,19,620,11
2514,16,1331,25,720,19,700,11
2514,16,1331,25,720,19,742,11
2514,16,1331,25,720,19,758,11
2514,16,1331,25,720,19,879,11
2514,16,1331,25,720,19,927,11
2514,16,1331,25,720,19,979,11
2514,16,1331,25,720,19,1003,11
2514,16,1331,25,720,19,1044,11
2514,16,1331,25,720,19,1068,11
2514,16,1331,25,720,19,1153,11
2514,16,1331,25,720,19,1186,11
2514,16,1331,25,720,19,1194,11
2514,16,1331,25,720,19,1259,11
2514,16,1331,25,720,19,1260,11
2514,16,1331,25,720,19,1312,11
2514,16,1331,25,720,19,1388,11
2514,16,1331,25,720,19,1391,11
2514,16,1331,25,720,19,1422,11
2514,16,1331,25,720,19,1556,11
2514,16,1331,25,720,19,1568,11
2514,16,1331,25,720,19,1599,11
2514,16,1331,25,720,19,1747,11
2514,16,1331,25,720,19,1773,11
2514,16,1331,25,720,19,1799,11
2514,16,1331,25,720,19,1818,11
2514,16,1331,25,720,19,1873,11
2514,16,1331,25,720,19,1940,11
2514,16,1331,25,720,19,1956,11
2514,16,1331,25,720,19,1997,11
2514,16,1331,25,720,19,2068,11
2514,16,1331,25,720,19,2079,11
2514,16,1331,25,720,19,2123,11
2514,16,1331,25,720,19,2196,11
2514,16,1331,25,720,19,2206,11
2514,16,1331,25,720,19,2216,11
2514,16,1331,25,720,19,2244,11
2514,16,1331,25,720,19,2259,11
2514,16,1331,25,720,19,2261,11
2514,16,1331,25,720,19,2289,11
2514,16,1331,25,720,19,2359,11
2514,16,1331,25,720,19,2370,11
2514,16,1331,25,720,19,2405,11
2514,16,1331,25,842,40,45,11
2514,16,1331,25,842,40,390,11
2514,16,1331,25,842,40,620,11
2514,16,1331,25,842,40,979,11
2514,16,1331,25,842,40,1799,11
2514,16,1331,25,842,40,1956,11
2514,16,1331,25,842,40,2206,11
2514,16,1331,25,842,40,2244,11
2514,16,1331,25,842,40,2261,11
2514,16,1331,25,842,40,2359,11
2514,16,1331,25,941,42,45,11
2514,16,1331,25,941,42,159,11
2514,16,1331,25,941,42,272,11
2514,16,1331,25,941,42,338,11
2514,16,1331,25,941,42,390,11
2514,16,1331,25,941,42,457,11
2514,16,1331,25,941,42,463,11
2514,16,1331,25,941,42,620,11
2514,16,1331,25,941,42,700,11
2514,16,1331,25,941,42,742,11
2514,16,1331,25,941,42,758,11
2514,16,1331,25,941,42,879,11
2514,16,1331,25,941,42,927,11
2514,16,1331,25,941,42,979,11
2514,16,1331,25,941,42,1003,11
2514,16,1331,25,941,42,1044,11
2514,16,1331,25,941,42,1068,11
2514,16,1331,25,941,42,1153,11
2514,16,1331,25,941,42,1186,11
2514,16,1331,25,941,42,1194,11
2514,16,1331,25,941,42,1259,11
2514,16,1331,25,941,42,1260,11
2514,16,1331,25,941,42,1312,11
2514,16,1331,25,941,42,1388,11
2514,16,1331,25,941,42,1391,11
2514,16,1331,25,941,42,1422,11
2514,16,1331,25,941,42,1556,11
2514,16,1331,25,941,42,1568,11
2514,16,1331,25,941,42,1599,11
2514,16,1331,25,941,42,1747,11
2514,16,1331,25,941,42,1773,11
2514,16,1331,25,941,42,1799,11
2514,16,1331,25,941,42,1818,11
2514,16,1331,25,941,42,1873,11
2514,16,1331,25,941,42,1940,11
2514,16,1331,25,941,42,1956,11
2514,16,1331,25,941,42,1997,11
2514,16,1331,25,941,42,2068,11
2514,16,1331,25,941,42,2079,11
2514,16,1331,25,941,42,2123,11
2514,16,1331,25,941,42,2196,11
2514,16,1331,25,941,42,2206,11
2514,16,1331,25,941,42,2216,11
2514,16,1331,25,941,42,2244,11
2514,16,1331,25,941,42,2259,11
2514,16,1331,25,941,42,2261,11
2514,16,1331,25,941,42,2289,11
2514,16,1331,25,941,42,2359,11
2514,16,1331,25,941,42,2370,11
2514,16,1331,25,941,42,2405,11
2514,16,1331,25,947,42,45,11
2514,16,1331,25,947,42,159,11
2514,16,1331,25,947,42,272,11
2514,16,1331,25,947,42,338,11
2514,16,1331,25,947,42,390,11
2514,16,1331,25,947,42,457,11
2514,16,1331,25,947,42,463,11
2514,16,1331,25,947,42,620,11
2514,16,1331,25,947,42,700,11
2514,16,1331,25,947,42,742,11
2514,16,1331,25,947,42,758,11
2514,16,1331,25,947,42,879,11
2514,16,1331,25,947,42,927,11
2514,16,1331,25,947,42,979,11
2514,16,1331,25,947,42,1003,11
2514,16,1331,25,947,42,1044,11
2514,16,1331,25,947,42,1068,11
2514,16,1331,25,947,42,1153,11
2514,16,1331,25,947,42,1186,11
2514,16,1331,25,947,42,1194,11
2514,16,1331,25,947,42,1259,11
2514,16,1331,25,947,42,1260,11
2514,16,1331,25,947,42,1312,11
2514,16,1331,25,947,42,1388,11
2514,16,1331,25,947,42,1391,11
2514,16,1331,25,947,42,1422,11
2514,16,1331,25,947,42,1556,11
2514,16,1331,25,947,42,1568,11
2514,16,1331,25,947,42,1599,11
2514,16,1331,25,947,42,1747,11
2514,16,1331,25,947,42,1773,11
2514,16,1331,25,947,42,1799,11
2514,16,1331,25,947,42,1818,11
2514,16,1331,25,947,42,1873,11
2514,16,1331,25,947,42,1940,11
2514,16,1331,25,947,42,1956,11
2514,16,1331,25,947,42,1997,11
2514,16,1331,25,947,42,2068,11
2514,16,1331,25,947,42,2079,11
2514,16,1331,25,947,42,2123,11
2514,16,1331,25,947,42,2196,11
2514,16,1331,25,947,42,2206,11
2514,16,1331,25,947,42,2216,11
2514,16,1331,25,947,42,2244,11
2514,16,1331,25,947,42,2259,11
2514,16,1331,25,947,42,2261,11
2514,16,1331,25,947,42,2289,11
2514,16,1331,25,947,42,2359,11
2514,16,1331,25,947,42,2370,11
2514,16,1331,25,947,42,2405,11
2514,16,1331,25,1006,23,45,11
2514,16,1331,25,1006,23,159,11
2514,16,1331,25,1006,23,272,11
2514,16,1331,25,1006,23,338,11
2514,16,1331,25,1006,23,390,11
2514,16,1331,25,1006,23,457,11
2514,16,1331,25,1006,23,463,11
2514,16,1331,25,1006,23,620,11
2514,16,1331,25,1006,23,700,11
2514,16,1331,25,1006,23,742,11
2514,16,1331,25,1006,23,758,11
2514,16,1331,25,1006,23,879,11
2514,16,1331,25,1006,23,927,11
2514,16,1331,25,1006,23,979,11
2514,16,1331,25,1006,23,1003,11
2514,16,1331,25,1006,23,1044,11
2514,16,1331,25,1006,23,1068,11
2514,16,1331,25,1006,23,1153,11
2514,16,1331,25,1006,23,1186,11
2514,16,1331,25,1006,23,1194,11
2514,16,1331,25,1006,23,1259,11
2514,16,1331,25,1006,23,1260,11
2514,16,1331,25,1006,23,1312,11
2514,16,1331,25,1006,23,1388,11
2514,16,1331,25,1006,23,1391,11
2514,16,1331,25,1006,23,1422,11
2514,16,1331,25,1006,23,1556,11
2514,16,1331,25,1006,23,1568,11
2514,16,1331,25,1006,23,1599,11
2514,16,1331,25,1006,23,1747,11
2514,16,1331,25,1006,23,1773,11
2514,16,1331,25,1006,23,1799,11
2514,16,1331,25,1006,23,1818,11
2514,16,1331,25,1006,23,1873,11
2514,16,1331,25,1006,23,1940,11
2514,16,1331,25,1006,23,1956,11
2514,16,1331,25,1006,23,1997,11
2514,16,1331,25,1006,23,2068,11
2514,16,1331,25,1006,23,2079,11
2514,16,1331,25,1006,23,2123,11
2514,16,1331,25,1006,23,2196,11
2514,16,1331,25,1006,23,2206,11
2514,16,1331,25,1006,23,2216,11
2514,16,1331,25,1006,23,2244,11
2514,16,1331,25,1006,23,2259,11
2514,16,1331,25,1006,23,2261,11
2514,16,1331,25,1006,23,2289,11
2514,16,1331,25,1006,23,2359,11
2514,16,1331,25,1006,23,2370,11
2514,16,1331,25,1006,23,2405,11
2514,16,1331,25,1265,21,159,11
2514,16,1331,25,1265,21,272,11
2514,16,1331,25,1265,21,457,11
2514,16,1331,25,1265,21,463,11
2514,16,1331,25,1265,21,700,11
2514,16,1331,25,1265,21,879,11
2514,16,1331,25,1265,21,927,11
2514,16,1331,25,1265,21,1003,11
2514,16,1331,25,1265,21,1068,11
2514,16,1331,25,1265,21,1153,11
2514,16,1331,25,1265,21,1194,11
2514,16,1331,25,1265,21,1260,11
2514,16,1331,25,1265,21,1388,11
2514,16,1331,25,1265,21,1391,11
2514,16,1331,25,1265,21,1422,11
2514,16,1331,25,1265,21,1556,11
2514,16,1331,25,1265,21,1568,11
2514,16,1331,25,1265,21,1599,11
2514,16,1331,25,1265,21,1747,11
2514,16,1331,25,1265,21,1818,11
2514,16,1331,25,1265,21,1873,11
2514,16,1331,25,1265,21,1940,11
2514,16,1331,25,1265,21,2068,11
2514,16,1331,25,1265,21,2079,11
2514,16,1331,25,1265,21,2123,11
2514,16,1331,25,1265,21,2196,11
2514,16,1331,25,1265,21,2216,11
2514,16,1331,25,1265,21,2259,11
2514,16,1331,25,1265,21,2370,11
2514,16,1331,25,1265,21,2405,11
2514,16,1331,25,1330,30,45,11
2514,16,1331,25,1330,30,159,11
2514,16,1331,25,1330,30,272,11
2514,16,1331,25,1330,30,338,11
2514,16,1331,25,1330,30,390,11
2514,16,1331,25,1330,30,457,11
2514,16,1331,25,1330,30,463,11
2514,16,1331,25,1330,30,620,11
2514,16,1331,25,1330,30,700,11
2514,16,1331,25,1330,30,742,11
2514,16,1331,25,1330,30,758,11
2514,16,1331,25,1330,30,879,11
2514,16,1331,25,1330,30,927,11
2514,16,1331,25,1330,30,979,11
2514,16,1331,25,1330,30,1003,11
2514,16,1331,25,1330,30,1044,11
2514,16,1331,25,1330,30,1068,11
2514,16,1331,25,1330,30,1153,11
2514,16,1331,25,1330,30,1186,11
2514,16,1331,25,1330,30,1194,11
2514,16,1331,25,1330,30,1259,11
2514,16,1331,25,1330,30,1260,11
2514,16,1331,25,1330,30,1312,11
2514,16,1331,25,1330,30,1388,11
2514,16,1331,25,1330,30,1391,11
2514,16,1331,25,1330,30,1422,11
2514,16,1331,25,1330,30,1556,11
2514,16,1331,25,1330,30,1568,11
2514,16,1331,25,1330,30,1599,11
2514,16,1331,25,1330,30,1747,11
2514,16,1331,25,1330,30,1773,11
2514,16,1331,25,1330,30,1799,11
2514,16,1331,25,1330,30,1818,11
2514,16,1331,25,1330,30,1873,11
2514,16,1331,25,1330,30,1940,11
2514,16,1331,25,1330,30,1956,11
2514,16,1331,25,1330,30,1997,11
2514,16,1331,25,1330,30,2068,11
2514,16,1331,25,1330,30,2079,11
2514,16,1331,25,1330,30,2123,11
2514,16,1331,25,1330,30,2196,11
2514,16,1331,25,1330,30,2206,11
2514,16,1331,25,1330,30,2216,11
2514,16,1331,25,1330,30,2244,11
2514,16,1331,25,1330,30,2259,11
2514,16,1331,25,1330,30,2261,11
2514,16,1331,25,1330,30,2289,11
2514,16,1331,25,1330,30,2359,11
2514,16,1331,25,1330,30,2370,11
2514,16,1331,25,1330,30,2405,11
2514,16,1331,25,1404,36,45,11
2514,16,1331,25,1404,36,159,11
2514,16,1331,25,1404,36,272,11
2514,16,1331,25,1404,36,338,11
2514,16,1331,25,1404,36,390,11
2514,16,1331,25,1404,36,457,11
2514,16,1331,25,1404,36,463,11
2514,16,1331,25,1404,36,620,11
2514,16,1331,25,1404,36,700,11
2514,16,1331,25,1404,36,742,11
2514,16,1331,25,1404,36,758,11
2514,16,1331,25,1404,36,879,11
2514,16,1331,25,1404,36,927,11
2514,16,1331,25,1404,36,979,11
2514,16,1331,25,1404,36,1003,11
2514,16,1331,25,1404,36,1044,11
2514,16,1331,25,1404,36,1068,11
2514,16,1331,25,1404,36,1153,11
2514,16,1331,25,1404,36,1186,11
2514,16,1331,25,1404,36,1194,11
2514,16,1331,25,1404,36,1259,11
2514,16,1331,25,1404,36,1260,11
2514,16,1331,25,1404,36,1312,11
2514,16,1331,25,1404,36,1388,11
2514,16,1331,25,1404,36,1391,11
2514,16,1331,25,1404,36,1422,11
2514,16,1331,25,1404,36,1556,11
2514,16,1331,25,1404,36,1568,11
2514,16,1331,25,1404,36,1599,11
2514,16,1331,25,1404,36,1747,11
2514,16,1331,25,1404,36,1773,11
2514,16,1331,25,1404,36,1799,11
2514,16,1331,25,1404,36,1818,11
2514,16,1331,25,1404,36,1873,11
2514,16,1331,25,1404,36,1940,11
2514,16,1331,25,1404,36,1956,11
2514,16,1331,25,1404,36,1997,11
2514,16,1331,25,1404,36,2068,11
2514,16,1331,25,1404,36,2079,11
2514,16,1331,25,1404,36,2123,11
2514,16,1331,25,1404,36,2196,11
2514,16,1331,25,1404,36,2206,11
2514,16,1331,25,1404,36,2216,11
2514,16,1331,25,1404,36,2244,11
2514,16,1331,25,1404,36,2259,11
2514,16,1331,25,1404,36,2261,11
2514,16,1331,25,1404,36,2289,11
2514,16,1331,25,1404,36,2359,11
2514,16,1331,25,1404,36,2370,11
2514,16,1331,25,1404,36,2405,11
