2514,16,1010,12,15,25,45,11
2514,16,1010,12,15,25,159,11
2514,16,1010,12,15,25,272,11
2514,16,1010,12,15,25,338,11
2514,16,1010,12,15,25,390,11
2514,16,1010,12,15,25,457,11
2514,16,1010,12,15,25,463,11
2514,16,1010,12,15,25,620,11
2514,16,1010,12,15,25,700,11
2514,16,1010,12,15,25,742,11
2514,16,1010,12,15,25,758,11
2514,16,1010,12,15,25,879,11
2514,16,1010,12,15,25,927,11
2514,16,1010,12,15,25,979,11
2514,16,1010,12,15,25,1003,11
2514,16,1010,12,15,25,1044,11
2514,16,1010,12,15,25,1068,11
2514,16,1010,12,15,25,1153,11
2514,16,1010,12,15,25,1186,11
2514,16,1010,12,15,25,1194,11
2514,16,1010,12,15,25,1259,11
2514,16,1010,12,15,25,1260,11
2514,16,1010,12,15,25,1312,11
2514,16,1010,12,15,25,1388,11
2514,16,1010,12,15,25,1391,11
2514,16,1010,12,15,25,1422,11
2514,16,1010,12,15,25,1556,11
2514,16,1010,12,15,25,1568,11
2514,16,1010,12,15,25,1599,11
2514,16,1010,12,15,25,1747,11
2514,16,1010,12,15,25,1773,11
2514,16,1010,12,15,25,1799,11
2514,16,1010,12,15,25,1818,11
2514,16,1010,12,15,25,1873,11
2514,16,1010,12,15,25,1940,11
2514,16,1010,12,15,25,1956,11
2514,16,1010,12,15,25,1997,11
2514,16,1010,12,15,25,2068,11
2514,16,1010,12,15,25,2079,11
2514,16,1010,12,15,25,2123,11
2514,16,1010,12,15,25,2196,11
2514,16,1010,12,15,25,2206,11
2514,16,1010,12,15,25,2216,11
2514,16,1010,12,15,25,2244,11
2514,16,1010,12,15,25,2259,11
2514,16,1010,12,15,25,2261,11
2514,16,1010,12,15,25,2289,11
2514,16,1010,12,15,25,2359,11
2514,16,1010,12,15,25,2370,11
2514,16,1010,12,15,25,2405,11
2514,16,1010,12,106,16,45,11
2514,16,1010,12,106,16,159,11
2514,16,1010,12,106,16,272,11
2514,16,1010,12,106,16,338,11
2514,16,1010,12,106,16,390,11
2514,16,1010,12,106,16,457,11
2514,16,1010,12,106,16,463,11
2514,16,1010,12,106,16,620,11
2514,16,1010,12,106,16,700,11
2514,16,1010,12,106,16,742,11
2514,16,1010,12,106,16,758,11
2514,16,1010,12,106,16,879,11
2514,16,1010,12,106,16,927,11
2514,16,1010,12,106,16,979,11
2514,16,1010,12,106,16,1003,11
2514,16,1010,12,106,16,1044,11
2514,16,1010,12,106,16,1068,11
2514,16,1010,12,106,16,1153,11
2514,16,1010,12,106,16,1186,11
2514,16,1010,12,106,16,1194,11
2514,16,1010,12,106,16,1259,11
2514,16,1010,12,106,16,1260,11
2514,16,1010,12,106,16,1312,11
2514,16,1010,12,106,16,1388,11
2514,16,1010,12,106,16,1391,11
2514,16,1010,12,106,16,1422,11
2514,16,1010,12,106,16,1556,11
2514,16,1010,12,106,16,1568,11
2514,16,1010,12,106,16,1599,11
2514,16,1010,12,106,16,1747,11
2514,16,1010,12,106,16,1773,11
2514,16,1010,12,106,16,1799,11
2514,16,1010,12,106,16,1818,11
2514,16,1010,12,106,16,1873,11
2514,16,1010,12,106,16,1940,11
2514,16,1010,12,106,16,1956,11
2514,16,1010,12,106,16,1997,11
2514,16,1010,12,106,16,2068,11
2514,16,1010,12,106,16,2079,11
2514,16,1010,12,106,16,2123,11
2514,16,1010,12,106,16,2196,11
2514,16,1010,12,106,16,2206,11
2514,16,1010,12,106,16,2216,11
2514,16,1010,12,106,16,2244,11
2514,16,1010,12,106,16,2259,11
2514,16,1010,12,106,16,2261,11
2514,16,1010,12,106,16,2289,11
2514,16,1010,12,106,16,2359,11
2514,16,1010,12,106,16,2370,11
2514,16,1010,12,106,16,2405,11
2514,16,1010,12,330,27,45,11
2514,16,1010,12,330,27,159,11
2514,16,1010,12,330,27,272,11
2514,16,1010,12,330,27,338,11
2514,16,1010,12,330,27,390,11
2514,16,1010,12,330,27,457,11
2514,16,1010,12,330,27,463,11
2514,16,1010,12,330,27,620,11
2514,16,1010,12,330,27,700,11
2514,16,1010,12,330,27,742,11
2514,16,1010,12,330,27,758,11
2514,16,1010,12,330,27,879,11
2514,16,1010,12,330,27,927,11
2514,16,1010,12,330,27,979,11
2514,16,1010,12,330,27,1003,11
2514,16,1010,12,330,27,1044,11
2514,16,1010,12,330,27,1068,11
2514,16,1010,12,330,27,1153,11
2514,16,1010,12,330,27,1186,11
2514,16,1010,12,330,27,1194,11
2514,16,1010,12,330,27,1259,11
2514,16,1010,12,330,27,1260,11
2514,16,1010,12,330,27,1312,11
2514,16,1010,12,330,27,1388,11
2514,16,1010,12,330,27,1391,11
2514,16,1010,12,330,27,1422,11
2514,16,1010,12,330,27,1556,11
2514,16,1010,12,330,27,1568,11
2514,16,1010,12,330,27,1599,11
2514,16,1010,12,330,27,1747,11
2514,16,1010,12,330,27,1773,11
2514,16,1010,12,330,27,1799,11
2514,16,1010,12,330,27,1818,11
2514,16,1010,12,330,27,1873,11
2514,16,1010,12,330,27,1940,11
2514,16,1010,12,330,27,1956,11
2514,16,1010,12,330,27,1997,11
2514,16,1010,12,330,27,2068,11
2514,16,1010,12,330,27,2079,11
2514,16,1010,12,330,27,2123,11
2514,16,1010,12,330,27,2196,11
2514,16,1010,12,330,27,2206,11
2514,16,1010,12,330,27,2216,11
2514,16,1010,12,330,27,2244,11
2514,16,1010,12,330,27,2259,11
2514,16,1010,12,330,27,2261,11
2514,16,1010,12,330,27,2289,11
2514,16,1010,12,330,27,2359,11
2514,16,1010,12,330,27,2370,11
2514,16,1010,12,330,27,2405,11
2514,16,1010,12,455,45,45,11
2514,16,1010,12,455,45,159,11
2514,16,1010,12,455,45,272,11
2514,16,1010,12,455,45,338,11
2514,16,1010,12,455,45,390,11
2514,16,1010,12,455,45,457,11
2514,16,1010,12,455,45,463,11
2514,16,1010,12,455,45,620,11
2514,16,1010,12,455,45,700,11
2514,16,1010,12,455,45,742,11
2514,16,1010,12,455,45,758,11
2514,16,1010,12,455,45,879,11
2514,16,1010,12,455,45,927,11
2514,16,1010,12,455,45,979,11
2514,16,1010,12,455,45,1003,11
2514,16,1010,12,455,45,1044,11
2514,16,1010,12,455,45,1068,11
2514,16,1010,12,455,45,1153,11
2514,16,1010,12,455,45,1186,11
2514,16,1010,12,455,45,1194,11
2514,16,1010,12,455,45,1259,11
2514,16,1010,12,455,45,1260,11
2514,16,1010,12,455,45,1312,11
2514,16,1010,12,455,45,1388,11
2514,16,1010,12,455,45,1391,11
2514,16,1010,12,455,45,1422,11
2514,16,1010,12,455,45,1556,11
2514,16,1010,12,455,45,1568,11
2514,16,1010,12,455,45,1599,11
2514,16,1010,12,455,45,1747,11
2514,16,1010,12,455,45,1773,11
2514,16,1010,12,455,45,1799,11
2514,16,1010,12,455,45,1818,11
2514,16,1010,12,455,45,1873,11
2514,16,1010,12,455,45,1940,11
2514,16,1010,12,455,45,1956,11
2514,16,1010,12,455,45,1997,11
2514,16,1010,12,455,45,2068,11
2514,16,1010,12,455,45,2079,11
2514,16,1010,12,455,45,2123,11
2514,16,1010,12,455,45,2196,11
2514,16,1010,12,455,45,2206,11
2514,16,1010,12,455,45,2216,11
2514,16,1010,12,455,45,2244,11
2514,16,1010,12,455,45,2259,11
2514,16,1010,12,455,45,2261,11
2514,16,1010,12,455,45,2289,11
2514,16,1010,12,455,45,2359,11
2514,16,1010,12,455,45,2370,11
2514,16,1010,12,455,45,2405,11
2514,16,1010,12,632,29,45,11
2514,16,1010,12,632,29,159,11
2514,16,1010,12,632,29,272,11
2514,16,1010,12,632,29,338,11
2514,16,1010,12,632,29,390,11
2514,16,1010,12,632,29,457,11
2514,16,1010,12,632,29,463,11
2514,16,1010,12,632,29,620,11
2514,16,1010,12,632,29,700,11
2514,16,1010,12,632,29,742,11
2514,16,1010,12,632,29,758,11
2514,16,1010,12,632,29,879,11
2514,16,1010,12,632,29,927,11
2514,16,1010,12,632,29,979,11
2514,16,1010,12,632,29,1003,11
2514,16,1010,12,632,29,1044,11
2514,16,1010,12,632,29,1068,11
2514,16,1010,12,632,29,1153,11
2514,16,1010,12,632,29,1186,11
2514,16,1010,12,632,29,1194,11
2514,16,1010,12,632,29,1259,11
2514,16,1010,12,632,29,1260,11
2514,16,1010,12,632,29,1312,11
2514,16,1010,12,632,29,1388,11
2514,16,1010,12,632,29,1391,11
2514,16,1010,12,632,29,1422,11
2514,16,1010,12,632,29,1556,11
2514,16,1010,12,632,29,1568,11
2514,16,1010,12,632,29,1599,11
2514,16,1010,12,632,29,1747,11
2514,16,1010,12,632,29,1773,11
2514,16,1010,12,632,29,1799,11
2514,16,1010,12,632,29,1818,11
2514,16,1010,12,632,29,1873,11
2514,16,1010,12,632,29,1940,11
2514,16,1010,12,632,29,1956,11
2514,16,1010,12,632,29,1997,11
2514,16,1010,12,632,29,2068,11
2514,16,1010,12,632,29,2079,11
2514,16,1010,12,632,29,2123,11
2514,16,1010,12,632,29,2196,11
2514,16,1010,12,632,29,2206,11
2514,16,1010,12,632,29,2216,11
2514,16,1010,12,632,29,2244,11
2514,16,1010,12,632,29,2259,11
2514,16,1010,12,632,29,2261,11
2514,16,1010,12,632,29,2289,11
2514,16,1010,12,632,29,2359,11
2514,16,1010,12,632,29,2370,11
2514,16,1010,12,632,29,2405,11
2514,16,1010,12,893,47,159,11
2514,16,1010,12,893,47,272,11
2514,16,1010,12,893,47,338,11
2514,16,1010,12,893,47,457,11
2514,16,1010,12,893,47,463,11
2514,16,1010,12,893,47,700,11
2514,16,1010,12,893,47,742,11
2514,16,1010,12,893,47,758,11
2514,16,1010,12,893,47,879,11
2514,16,1010,12,893,47,927,11
2514,16,1010,12,893,47,1003,11
2514,16,1010,12,893,47,1044,11
2514,16,1010,12,893,47,1068,11
2514,16,1010,12,893,47,1153,11
2514,16,1010,12,893,47,1186,11
2514,16,1010,12,893,47,1194,11
2514,16,1010,12,893,47,1259,11
2514,16,1010,12,893,47,1260,11
2514,16,1010,12,893,47,1312,11
2514,16,1010,12,893,47,1388,11
2514,16,1010,12,893,47,1391,11
2514,16,1010,12,893,47,1422,11
2514,16,1010,12,893,47,1556,11
2514,16,1010,12,893,47,1568,11
2514,16,1010,12,893,47,1599,11
2514,16,1010,12,893,47,1747,11
2514,16,1010,12,893,47,1773,11
2514,16,1010,12,893,47,1818,11
2514,16,1010,12,893,47,1873,11
2514,16,1010,12,893,47,1940,11
2514,16,1010,12,893,47,1997,11
2514,16,1010,12,893,47,2068,11
2514,16,1010,12,893,47,2079,11
2514,16,1010,12,893,47,2123,11
2514,16,1010,12,893,47,2196,11
2514,16,1010,12,893,47,2216,11
2514,16,1010,12,893,47,2259,11
2514,16,1010,12,893,47,2289,11
2514,16,1010,12,893,47,2370,11
2514,16,1010,12,893,47,2405,11
2514,16,1010,12,994,10,45,11
2514,16,1010,12,994,10,159,11
2514,16,1010,12,994,10,272,11
2514,16,1010,12,994,10,338,11
2514,16,1010,12,994,10,390,11
2514,16,1010,12,994,10,457,11
2514,16,1010,12,994,10,463,11
2514,16,1010,12,994,10,620,11
2514,16,1010,12,994,10,700,11
2514,16,1010,12,994,10,742,11
2514,16,1010,12,994,10,758,11
2514,16,1010,12,994,10,879,11
2514,16,1010,12,994,10,927,11
2514,16,1010,12,994,10,979,11
2514,16,1010,12,994,10,1003,11
2514,16,1010,12,994,10,1044,11
2514,16,1010,12,994,10,1068,11
2514,16,1010,12,994,10,1153,11
2514,16,1010,12,994,10,1186,11
2514,16,1010,12,994,10,1194,11
2514,16,1010,12,994,10,1259,11
2514,16,1010,12,994,10,1260,11
2514,16,1010,12,994,10,1312,11
2514,16,1010,12,994,10,1388,11
2514,16,1010,12,994,10,1391,11
2514,16,1010,12,994,10,1422,11
2514,16,1010,12,994,10,1556,11
2514,16,1010,12,994,10,1568,11
2514,16,1010,12,994,10,1599,11
2514,16,1010,12,994,10,1747,11
2514,16,1010,12,994,10,1773,11
2514,16,1010,12,994,10,1799,11
2514,16,1010,12,994,10,1818,11
2514,16,1010,12,994,10,1873,11
2514,16,1010,12,994,10,1940,11
2514,16,1010,12,994,10,1956,11
2514,16,1010,12,994,10,1997,11
2514,16,1010,12,994,10,2068,11
2514,16,1010,12,994,10,2079,11
2514,16,1010,12,994,10,2123,11
2514,16,1010,12,994,10,2196,11
2514,16,1010,12,994,10,2206,11
2514,16,1010,12,994,10,2216,11
2514,16,1010,12,994,10,2244,11
2514,16,1010,12,994,10,2259,11
2514,16,1010,12,994,10,2261,11
2514,16,1010,12,994,10,2289,11
2514,16,1010,12,994,10,2359,11
2514,16,1010,12,994,10,2370,11
2514,16,1010,12,994,10,2405,11
2514,16,1010,12,1004,35,45,11
2514,16,1010,12,1004,35,159,11
2514,16,1010,12,1004,35,272,11
2514,16,1010,12,1004,35,338,11
2514,16,1010,12,1004,35,390,11
2514,16,1010,12,1004,35,457,11
2514,16,1010,12,1004,35,463,11
2514,16,1010,12,1004,35,620,11
2514,16,1010,12,1004,35,700,11
2514,16,1010,12,1004,35,742,11
2514,16,1010,12,1004,35,758,11
2514,16,1010,12,1004,35,879,11
2514,16,1010,12,1004,35,927,11
2514,16,1010,12,1004,35,979,11
2514,16,1010,12,1004,35,1003,11
2514,16,1010,12,1004,35,1044,11
2514,16,1010,12,1004,35,1068,11
2514,16,1010,12,1004,35,1153,11
2514,16,1010,12,1004,35,1186,11
2514,16,1010,12,1004,35,1194,11
2514,16,1010,12,1004,35,1259,11
2514,16,1010,12,1004,35,1260,11
2514,16,1010,12,1004,35,1312,11
2514,16,1010,12,1004,35,1388,11
2514,16,1010,12,1004,35,1391,11
2514,16,1010,12,1004,35,1422,11
2514,16,1010,12,1004,35,1556,11
2514,16,1010,12,1004,35,1568,11
2514,16,1010,12,1004,35,1599,11
2514,16,1010,12,1004,35,1747,11
2514,16,1010,12,1004,35,1773,11
2514,16,1010,12,1004,35,1799,11
2514,16,1010,12,1004,35,1818,11
2514,16,1010,12,1004,35,1873,11
2514,16,1010,12,1004,35,1940,11
2514,16,1010,12,1004,35,1956,11
2514,16,1010,12,1004,35,1997,11
2514,16,1010,12,1004,35,2068,11
2514,16,1010,12,1004,35,2079,11
2514,16,1010,12,1004,35,2123,11
2514,16,1010,12,1004,35,2196,11
2514,16,1010,12,1004,35,2206,11
2514,16,1010,12,1004,35,2216,11
2514,16,1010,12,1004,35,2244,11
2514,16,1010,12,1004,35,2259,11
2514,16,1010,12,1004,35,2261,11
2514,16,1010,12,1004,35,2289,11
2514,16,1010,12,1004,35,2359,11
2514,16,1010,12,1004,35,2370,11
2514,16,1010,12,1004,35,2405,11
2514,16,1010,12,1073,29,45,11
2514,16,1010,12,1073,29,159,11
2514,16,1010,12,1073,29,272,11
2514,16,1010,12,1073,29,338,11
2514,16,1010,12,1073,29,390,11
2514,16,1010,12,1073,29,457,11
2514,16,1010,12,1073,29,463,11
2514,16,1010,12,1073,29,620,11
2514,16,1010,12,1073,29,700,11
2514,16,1010,12,1073,29,742,11
2514,16,1010,12,1073,29,758,11
2514,16,1010,12,1073,29,879,11
2514,16,1010,12,1073,29,927,11
2514,16,1010,12,1073,29,979,11
2514,16,1010,12,1073,29,1003,11
2514,16,1010,12,1073,29,1044,11
2514,16,1010,12,1073,29,1068,11
2514,16,1010,12,1073,29,1153,11
2514,16,1010,12,1073,29,1186,11
2514,16,1010,12,1073,29,1194,11
2514,16,1010,12,1073,29,1259,11
2514,16,1010,12,1073,29,1260,11
2514,16,1010,12,1073,29,1312,11
2514,16,1010,12,1073,29,1388,11
2514,16,1010,12,1073,29,1391,11
2514,16,1010,12,1073,29,1422,11
2514,16,1010,12,1073,29,1556,11
2514,16,1010,12,1073,29,1568,11
2514,16,1010,12,1073,29,1599,11
2514,16,1010,12,1073,29,1747,11
2514,16,1010,12,1073,29,1773,11
2514,16,1010,12,1073,29,1799,11
2514,16,1010,12,1073,29,1818,11
2514,16,1010,12,1073,29,1873,11
2514,16,1010,12,1073,29,1940,11
2514,16,1010,12,1073,29,1956,11
2514,16,1010,12,1073,29,1997,11
2514,16,1010,12,1073,29,2068,11
2514,16,1010,12,1073,29,2079,11
2514,16,1010,12,1073,29,2123,11
2514,16,1010,12,1073,29,2196,11
2514,16,1010,12,1073,29,2206,11
2514,16,1010,12,1073,29,2216,11
2514,16,1010,12,1073,29,2244,11
2514,16,1010,12,1073,29,2259,11
2514,16,1010,12,1073,29,2261,11
2514,16,1010,12,1073,29,2289,11
2514,16,1010,12,1073,29,2359,11
2514,16,1010,12,1073,29,2370,11
2514,16,1010,12,1073,29,2405,11
2514,16,1010,12,1094,47,45,11
2514,16,1010,12,1094,47,159,11
2514,16,1010,12,1094,47,272,11
2514,16,1010,12,1094,47,338,11
2514,16,1010,12,1094,47,390,11
2514,16,1010,12,1094,47,457,11
2514,16,1010,12,1094,47,463,11
2514,16,1010,12,1094,47,620,11
2514,16,1010,12,1094,47,700,11
2514,16,1010,12,1094,47,742,11
2514,16,1010,12,1094,47,758,11
2514,16,1010,12,1094,47,879,11
2514,16,1010,12,1094,47,927,11
2514,16,1010,12,1094,47,979,11
2514,16,1010,12,1094,47,1003,11
2514,16,1010,12,1094,47,1044,11
2514,16,1010,12,1094,47,1068,11
2514,16,1010,12,1094,47,1153,11
2514,16,1010,12,1094,47,1186,11
2514,16,1010,12,1094,47,1194,11
2514,16,1010,12,1094,47,1259,11
2514,16,1010,12,1094,47,1260,11
2514,16,1010,12,1094,47,1312,11
2514,16,1010,12,1094,47,1388,11
2514,16,1010,12,1094,47,1391,11
2514,16,1010,12,1094,47,1422,11
2514,16,1010,12,1094,47,1556,11
2514,16,1010,12,1094,47,1568,11
2514,16,1010,12,1094,47,1599,11
2514,16,1010,12,1094,47,1747,11
2514,16,1010,12,1094,47,1773,11
2514,16,1010,12,1094,47,1799,11
2514,16,1010,12,1094,47,1818,11
2514,16,1010,12,1094,47,1873,11
2514,16,1010,12,1094,47,1940,11
2514,16,1010,12,1094,47,1956,11
2514,16,1010,12,1094,47,1997,11
2514,16,1010,12,1094,47,2068,11
2514,16,1010,12,1094,47,2079,11
2514,16,1010,12,1094,47,2123,11
2514,16,1010,12,1094,47,2196,11
2514,16,1010,12,1094,47,2206,11
2514,16,1010,12,1094,47,2216,11
2514,16,1010,12,1094,47,2244,11
2514,16,1010,12,1094,47,2259,11
2514,16,1010,12,1094,47,2261,11
2514,16,1010,12,1094,47,2289,11
2514,16,1010,12,1094,47,2359,11
2514,16,1010,12,1094,47,2370,11
2514,16,1010,12,1094,47,2405,11
2514,16,1010,12,1202,28,45,11
2514,16,1010,12,1202,28,159,11
2514,16,1010,12,1202,28,272,11
2514,16,1010,12,1202,28,338,11
2514,16,1010,12,1202,28,390,11
2514,16,1010,12,1202,28,457,11
2514,16,1010,12,1202,28,463,11
2514,16,1010,12,1202,28,620,11
2514,16,1010,12,1202,28,700,11
2514,16,1010,12,1202,28,742,11
2514,16,1010,12,1202,28,758,11
2514,16,1010,12,1202,28,879,11
2514,16,1010,12,1202,28,927,11
2514,16,1010,12,1202,28,979,11
2514,16,1010,12,1202,28,1003,11
2514,16,1010,12,1202,28,1044,11
2514,16,1010,12,1202,28,1068,11
2514,16,1010,12,1202,28,1153,11
2514,16,1010,12,1202,28,1186,11
2514,16,1010,12,1202,28,1194,11
2514,16,1010,12,1202,28,1259,11
2514,16,1010,12,1202,28,1260,11
2514,16,1010,12,1202,28,1312,11
2514,16,1010,12,1202,28,1388,11
2514,16,1010,12,1202,28,1391,11
2514,16,1010,12,1202,28,1422,11
2514,16,1010,12,1202,28,1556,11
2514,16,1010,12,1202,28,1568,11
2514,16,1010,12,1202,28,1599,11
2514,16,1010,12,1202,28,1747,11
2514,16,1010,12,1202,28,1773,11
2514,16,1010,12,1202,28,1799,11
2514,16,1010,12,1202,28,1818,11
2514,16,1010,12,1202,28,1873,11
2514,16,1010,12,1202,28,1940,11
2514,16,1010,12,1202,28,1956,11
2514,16,1010,12,1202,28,1997,11
2514,16,1010,12,1202,28,2068,11
2514,16,1010,12,1202,28,2079,11
2514,16,1010,12,1202,28,2123,11
2514,16,1010,12,1202,28,2196,11
2514,16,1010,12,1202,28,2206,11
2514,16,1010,12,1202,28,2216,11
2514,16,1010,12,1202,28,2244,11
2514,16,1010,12,1202,28,2259,11
2514,16,1010,12,1202,28,2261,11
2514,16,1010,12,1202,28,2289,11
2514,16,1010,12,1202,28,2359,11
2514,16,1010,12,1202,28,2370,11
2514,16,1010,12,1202,28,2405,11
2514,16,1010,12,1459,17,45,11
2514,16,1010,12,1459,17,159,11
2514,16,1010,12,1459,17,272,11
2514,16,1010,12,1459,17,338,11
2514,16,1010,12,1459,17,390,11
2514,16,1010,12,1459,17,457,11
2514,16,1010,12,1459,17,463,11
2514,16,1010,12,1459,17,620,11
2514,16,1010,12,1459,17,700,11
2514,16,1010,12,1459,17,742,11
2514,16,1010,12,1459,17,758,11
2514,16,1010,12,1459,17,879,11
2514,16,1010,12,1459,17,927,11
2514,16,1010,12,1459,17,979,11
2514,16,1010,12,1459,17,1003,11
2514,16,1010,12,1459,17,1044,11
2514,16,1010,12,1459,17,1068,11
2514,16,1010,12,1459,17,1153,11
2514,16,1010,12,1459,17,1186,11
2514,16,1010,12,1459,17,1194,11
2514,16,1010,12,1459,17,1259,11
2514,16,1010,12,1459,17,1260,11
2514,16,1010,12,1459,17,1312,11
2514,16,1010,12,1459,17,1388,11
2514,16,1010,12,1459,17,1391,11
2514,16,1010,12,1459,17,1422,11
2514,16,1010,12,1459,17,1556,11
2514,16,1010,12,1459,17,1568,11
2514,16,1010,12,1459,17,1599,11
2514,16,1010,12,1459,17,1747,11
2514,16,1010,12,1459,17,1773,11
2514,16,1010,12,1459,17,1799,11
2514,16,1010,12,1459,17,1818,11
2514,16,1010,12,1459,17,1873,11
2514,16,1010,12,1459,17,1940,11
2514,16,1010,12,1459,17,1956,11
2514,16,1010,12,1459,17,1997,11
2514,16,1010,12,1459,17,2068,11
2514,16,1010,12,1459,17,2079,11
2514,16,1010,12,1459,17,2123,11
2514,16,1010,12,1459,17,2196,11
2514,16,1010,12,1459,17,2206,11
2514,16,1010,12,1459,17,2216,11
2514,16,1010,12,1459,17,2244,11
2514,16,1010,12,1459,17,2259,11
2514,16,1010,12,1459,17,2261,11
2514,16,1010,12,1459,17,2289,11
2514,16,1010,12,1459,17,2359,11
2514,16,1010,12,1459,17,2370,11
2514,16,1010,12,1459,17,2405,11
2514,16,1010,12,1975,24,45,11
2514,16,1010,12,1975,24,159,11
2514,16,1010,12,1975,24,272,11
2514,16,1010,12,1975,24,338,11
2514,16,1010,12,1975,24,390,11
2514,16,1010,12,1975,24,457,11
2514,16,1010,12,1975,24,463,11
2514,16,1010,12,1975,24,620,11
2514,16,1010,12,1975,24,700,11
2514,16,1010,12,1975,24,742,11
2514,16,1010,12,1975,24,758,11
2514,16,1010,12,1975,24,879,11
2514,16,1010,12,1975,24,927,11
2514,16,1010,12,1975,24,979,11
2514,16,1010,12,1975,24,1003,11
2514,16,1010,12,1975,24,1044,11
2514,16,1010,12,1975,24,1068,11
2514,16,1010,12,1975,24,1153,11
2514,16,1010,12,1975,24,1186,11
2514,16,1010,12,1975,24,1194,11
2514,16,1010,12,1975,24,1259,11
2514,16,1010,12,1975,24,1260,11
2514,16,1010,12,1975,24,1312,11
2514,16,1010,12,1975,24,1388,11
2514,16,1010,12,1975,24,1391,11
2514,16,1010,12,1975,24,1422,11
2514,16,1010,12,1975,24,1556,11
2514,16,1010,12,1975,24,1568,11
2514,16,1010,12,1975,24,1599,11
2514,16,1010,12,1975,24,1747,11
2514,16,1010,12,1975,24,1773,11
2514,16,1010,12,1975,24,1799,11
2514,16,1010,12,1975,24,1818,11
2514,16,1010,12,1975,24,1873,11
2514,16,1010,12,1975,24,1940,11
2514,16,1010,12,1975,24,1956,11
2514,16,1010,12,1975,24,1997,11
2514,16,1010,12,1975,24,2068,11
2514,16,1010,12,1975,24,2079,11
2514,16,1010,12,1975,24,2123,11
2514,16,1010,12,1975,24,2196,11
2514,16,1010,12,1975,24,2206,11
2514,16,1010,12,1975,24,2216,11
2514,16,1010,12,1975,24,2244,11
2514,16,1010,12,1975,24,2259,11
2514,16,1010,12,1975,24,2261,11
2514,16,1010,12,1975,24,2289,11
2514,16,1010,12,1975,24,2359,11
2514,16,1010,12,1975,24,2370,11
2514,16,1010,12,1975,24,2405,11
