2514,16,1764,1,54,41,45,11
2514,16,1764,1,54,41,159,11
2514,16,1764,1,54,41,272,11
2514,16,1764,1,54,41,338,11
2514,16,1764,1,54,41,390,11
2514,16,1764,1,54,41,457,11
2514,16,1764,1,54,41,463,11
2514,16,1764,1,54,41,620,11
2514,16,1764,1,54,41,700,11
2514,16,1764,1,54,41,742,11
2514,16,1764,1,54,41,758,11
2514,16,1764,1,54,41,879,11
2514,16,1764,1,54,41,927,11
2514,16,1764,1,54,41,979,11
2514,16,1764,1,54,41,1003,11
2514,16,1764,1,54,41,1044,11
2514,16,1764,1,54,41,1068,11
2514,16,1764,1,54,41,1153,11
2514,16,1764,1,54,41,1186,11
2514,16,1764,1,54,41,1194,11
2514,16,1764,1,54,41,1259,11
2514,16,1764,1,54,41,1260,11
2514,16,1764,1,54,41,1312,11
2514,16,1764,1,54,41,1388,11
2514,16,1764,1,54,41,1391,11
2514,16,1764,1,54,41,1422,11
2514,16,1764,1,54,41,1556,11
2514,16,1764,1,54,41,1568,11
2514,16,1764,1,54,41,1599,11
2514,16,1764,1,54,41,1747,11
2514,16,1764,1,54,41,1773,11
2514,16,1764,1,54,41,1799,11
2514,16,1764,1,54,41,1818,11
2514,16,1764,1,54,41,1873,11
2514,16,1764,1,54,41,1940,11
2514,16,1764,1,54,41,1956,11
2514,16,1764,1,54,41,1997,11
2514,16,1764,1,54,41,2068,11
2514,16,1764,1,54,41,2079,11
2514,16,1764,1,54,41,2123,11
2514,16,1764,1,54,41,2196,11
2514,16,1764,1,54,41,2206,11
2514,16,1764,1,54,41,2216,11
2514,16,1764,1,54,41,2244,11
2514,16,1764,1,54,41,2259,11
2514,16,1764,1,54,41,2261,11
2514,16,1764,1,54,41,2289,11
2514,16,1764,1,54,41,2359,11
2514,16,1764,1,54,41,2370,11
2514,16,1764,1,54,41,2405,11
2514,16,1764,1,147,11,45,11
2514,16,1764,1,147,11,159,11
2514,16,1764,1,147,11,272,11
2514,16,1764,1,147,11,338,11
2514,16,1764,1,147,11,390,11
2514,16,1764,1,147,11,457,11
2514,16,1764,1,147,11,463,11
2514,16,1764,1,147,11,620,11
2514,16,1764,1,147,11,700,11
2514,16,1764,1,147,11,742,11
2514,16,1764,1,147,11,758,11
2514,16,1764,1,147,11,879,11
2514,16,1764,1,147,11,927,11
2514,16,1764,1,147,11,979,11
2514,16,1764,1,147,11,1003,11
2514,16,1764,1,147,11,1044,11
2514,16,1764,1,147,11,1068,11
2514,16,1764,1,147,11,1153,11
2514,16,1764,1,147,11,1186,11
2514,16,1764,1,147,11,1194,11
2514,16,1764,1,147,11,1259,11
2514,16,1764,1,147,11,1260,11
2514,16,1764,1,147,11,1312,11
2514,16,1764,1,147,11,1388,11
2514,16,1764,1,147,11,1391,11
2514,16,1764,1,147,11,1422,11
2514,16,1764,1,147,11,1556,11
2514,16,1764,1,147,11,1568,11
2514,16,1764,1,147,11,1599,11
2514,16,1764,1,147,11,1747,11
2514,16,1764,1,147,11,1773,11
2514,16,1764,1,147,11,1799,11
2514,16,1764,1,147,11,1818,11
2514,16,1764,1,147,11,1873,11
2514,16,1764,1,147,11,1940,11
2514,16,1764,1,147,11,1956,11
2514,16,1764,1,147,11,1997,11
2514,16,1764,1,147,11,2068,11
2514,16,1764,1,147,11,2079,11
2514,16,1764,1,147,11,2123,11
2514,16,1764,1,147,11,2196,11
2514,16,1764,1,147,11,2206,11
2514,16,1764,1,147,11,2216,11
2514,16,1764,1,147,11,2244,11
2514,16,1764,1,147,11,2259,11
2514,16,1764,1,147,11,2261,11
2514,16,1764,1,147,11,2289,11
2514,16,1764,1,147,11,2359,11
2514,16,1764,1,147,11,2370,11
2514,16,1764,1,147,11,2405,11
2514,16,1764,1,244,11,45,11
2514,16,1764,1,244,11,159,11
2514,16,1764,1,244,11,272,11
2514,16,1764,1,244,11,338,11
2514,16,1764,1,244,11,390,11
2514,16,1764,1,244,11,457,11
2514,16,1764,1,244,11,463,11
2514,16,1764,1,244,11,620,11
2514,16,1764,1,244,11,700,11
2514,16,1764,1,244,11,742,11
2514,16,1764,1,244,11,758,11
2514,16,1764,1,244,11,879,11
2514,16,1764,1,244,11,927,11
2514,16,1764,1,244,11,979,11
2514,16,1764,1,244,11,1003,11
2514,16,1764,1,244,11,1044,11
2514,16,1764,1,244,11,1068,11
2514,16,1764,1,244,11,1153,11
2514,16,1764,1,244,11,1186,11
2514,16,1764,1,244,11,1194,11
2514,16,1764,1,244,11,1259,11
2514,16,1764,1,244,11,1260,11
2514,16,1764,1,244,11,1312,11
2514,16,1764,1,244,11,1388,11
2514,16,1764,1,244,11,1391,11
2514,16,1764,1,244,11,1422,11
2514,16,1764,1,244,11,1556,11
2514,16,1764,1,244,11,1568,11
2514,16,1764,1,244,11,1599,11
2514,16,1764,1,244,11,1747,11
2514,16,1764,1,244,11,1773,11
2514,16,1764,1,244,11,1799,11
2514,16,1764,1,244,11,1818,11
2514,16,1764,1,244,11,1873,11
2514,16,1764,1,244,11,1940,11
2514,16,1764,1,244,11,1956,11
2514,16,1764,1,244,11,1997,11
2514,16,1764,1,244,11,2068,11
2514,16,1764,1,244,11,2079,11
2514,16,1764,1,244,11,2123,11
2514,16,1764,1,244,11,2196,11
2514,16,1764,1,244,11,2206,11
2514,16,1764,1,244,11,2216,11
2514,16,1764,1,244,11,2244,11
2514,16,1764,1,244,11,2259,11
2514,16,1764,1,244,11,2261,11
2514,16,1764,1,244,11,2289,11
2514,16,1764,1,244,11,2359,11
2514,16,1764,1,244,11,2370,11
2514,16,1764,1,244,11,2405,11
2514,16,1764,1,264,19,45,11
2514,16,1764,1,264,19,159,11
2514,16,1764,1,264,19,272,11
2514,16,1764,1,264,19,338,11
2514,16,1764,1,264,19,390,11
2514,16,1764,1,264,19,457,11
2514,16,1764,1,264,19,463,11
2514,16,1764,1,264,19,620,11
2514,16,1764,1,264,19,700,11
2514,16,1764,1,264,19,742,11
2514,16,1764,1,264,19,758,11
2514,16,1764,1,264,19,879,11
2514,16,1764,1,264,19,927,11
2514,16,1764,1,264,19,979,11
2514,16,1764,1,264,19,1003,11
2514,16,1764,1,264,19,1044,11
2514,16,1764,1,264,19,1068,11
2514,16,1764,1,264,19,1153,11
2514,16,1764,1,264,19,1186,11
2514,16,1764,1,264,19,1194,11
2514,16,1764,1,264,19,1259,11
2514,16,1764,1,264,19,1260,11
2514,16,1764,1,264,19,1312,11
2514,16,1764,1,264,19,1388,11
2514,16,1764,1,264,19,1391,11
2514,16,1764,1,264,19,1422,11
2514,16,1764,1,264,19,1556,11
2514,16,1764,1,264,19,1568,11
2514,16,1764,1,264,19,1599,11
2514,16,1764,1,264,19,1747,11
2514,16,1764,1,264,19,1773,11
2514,16,1764,1,264,19,1799,11
2514,16,1764,1,264,19,1818,11
2514,16,1764,1,264,19,1873,11
2514,16,1764,1,264,19,1940,11
2514,16,1764,1,264,19,1956,11
2514,16,1764,1,264,19,1997,11
2514,16,1764,1,264,19,2068,11
2514,16,1764,1,264,19,2079,11
2514,16,1764,1,264,19,2123,11
2514,16,1764,1,264,19,2196,11
2514,16,1764,1,264,19,2206,11
2514,16,1764,1,264,19,2216,11
2514,16,1764,1,264,19,2244,11
2514,16,1764,1,264,19,2259,11
2514,16,1764,1,264,19,2261,11
2514,16,1764,1,264,19,2289,11
2514,16,1764,1,264,19,2359,11
2514,16,1764,1,264,19,2370,11
2514,16,1764,1,264,19,2405,11
2514,16,1764,1,692,21,45,11
2514,16,1764,1,692,21,159,11
2514,16,1764,1,692,21,272,11
2514,16,1764,1,692,21,338,11
2514,16,1764,1,692,21,390,11
2514,16,1764,1,692,21,457,11
2514,16,1764,1,692,21,463,11
2514,16,1764,1,692,21,620,11
2514,16,1764,1,692,21,700,11
2514,16,1764,1,692,21,742,11
2514,16,1764,1,692,21,758,11
2514,16,1764,1,692,21,879,11
2514,16,1764,1,692,21,927,11
2514,16,1764,1,692,21,979,11
2514,16,1764,1,692,21,1003,11
2514,16,1764,1,692,21,1044,11
2514,16,1764,1,692,21,1068,11
2514,16,1764,1,692,21,1153,11
2514,16,1764,1,692,21,1186,11
2514,16,1764,1,692,21,1194,11
2514,16,1764,1,692,21,1259,11
2514,16,1764,1,692,21,1260,11
2514,16,1764,1,692,21,1312,11
2514,16,1764,1,692,21,1388,11
2514,16,1764,1,692,21,1391,11
2514,16,1764,1,692,21,1422,11
2514,16,1764,1,692,21,1556,11
2514,16,1764,1,692,21,1568,11
2514,16,1764,1,692,21,1599,11
2514,16,1764,1,692,21,1747,11
2514,16,1764,1,692,21,1773,11
2514,16,1764,1,692,21,1799,11
2514,16,1764,1,692,21,1818,11
2514,16,1764,1,692,21,1873,11
2514,16,1764,1,692,21,1940,11
2514,16,1764,1,692,21,1956,11
2514,16,1764,1,692,21,1997,11
2514,16,1764,1,692,21,2068,11
2514,16,1764,1,692,21,2079,11
2514,16,1764,1,692,21,2123,11
2514,16,1764,1,692,21,2196,11
2514,16,1764,1,692,21,2206,11
2514,16,1764,1,692,21,2216,11
2514,16,1764,1,692,21,2244,11
2514,16,1764,1,692,21,2259,11
2514,16,1764,1,692,21,2261,11
2514,16,1764,1,692,21,2289,11
2514,16,1764,1,692,21,2359,11
2514,16,1764,1,692,21,2370,11
2514,16,1764,1,692,21,2405,11
2514,16,1764,1,693,25,45,11
2514,16,1764,1,693,25,159,11
2514,16,1764,1,693,25,272,11
2514,16,1764,1,693,25,338,11
2514,16,1764,1,693,25,390,11
2514,16,1764,1,693,25,457,11
2514,16,1764,1,693,25,463,11
2514,16,1764,1,693,25,620,11
2514,16,1764,1,693,25,700,11
2514,16,1764,1,693,25,742,11
2514,16,1764,1,693,25,758,11
2514,16,1764,1,693,25,879,11
2514,16,1764,1,693,25,927,11
2514,16,1764,1,693,25,979,11
2514,16,1764,1,693,25,1003,11
2514,16,1764,1,693,25,1044,11
2514,16,1764,1,693,25,1068,11
2514,16,1764,1,693,25,1153,11
2514,16,1764,1,693,25,1186,11
2514,16,1764,1,693,25,1194,11
2514,16,1764,1,693,25,1259,11
2514,16,1764,1,693,25,1260,11
2514,16,1764,1,693,25,1312,11
2514,16,1764,1,693,25,1388,11
2514,16,1764,1,693,25,1391,11
2514,16,1764,1,693,25,1422,11
2514,16,1764,1,693,25,1556,11
2514,16,1764,1,693,25,1568,11
2514,16,1764,1,693,25,1599,11
2514,16,1764,1,693,25,1747,11
2514,16,1764,1,693,25,1773,11
2514,16,1764,1,693,25,1799,11
2514,16,1764,1,693,25,1818,11
2514,16,1764,1,693,25,1873,11
2514,16,1764,1,693,25,1940,11
2514,16,1764,1,693,25,1956,11
2514,16,1764,1,693,25,1997,11
2514,16,1764,1,693,25,2068,11
2514,16,1764,1,693,25,2079,11
2514,16,1764,1,693,25,2123,11
2514,16,1764,1,693,25,2196,11
2514,16,1764,1,693,25,2206,11
2514,16,1764,1,693,25,2216,11
2514,16,1764,1,693,25,2244,11
2514,16,1764,1,693,25,2259,11
2514,16,1764,1,693,25,2261,11
2514,16,1764,1,693,25,2289,11
2514,16,1764,1,693,25,2359,11
2514,16,1764,1,693,25,2370,11
2514,16,1764,1,693,25,2405,11
2514,16,1764,1,822,28,45,11
2514,16,1764,1,822,28,390,11
2514,16,1764,1,822,28,620,11
2514,16,1764,1,822,28,979,11
2514,16,1764,1,822,28,1799,11
2514,16,1764,1,822,28,1956,11
2514,16,1764,1,822,28,2206,11
2514,16,1764,1,822,28,2244,11
2514,16,1764,1,822,28,2261,11
2514,16,1764,1,822,28,2359,11
2514,16,1764,1,903,33,45,11
2514,16,1764,1,903,33,159,11
2514,16,1764,1,903,33,272,11
2514,16,1764,1,903,33,338,11
2514,16,1764,1,903,33,390,11
2514,16,1764,1,903,33,457,11
2514,16,1764,1,903,33,463,11
2514,16,1764,1,903,33,620,11
2514,16,1764,1,903,33,700,11
2514,16,1764,1,903,33,742,11
2514,16,1764,1,903,33,758,11
2514,16,1764,1,903,33,879,11
2514,16,1764,1,903,33,927,11
2514,16,1764,1,903,33,979,11
2514,16,1764,1,903,33,1003,11
2514,16,1764,1,903,33,1044,11
2514,16,1764,1,903,33,1068,11
2514,16,1764,1,903,33,1153,11
2514,16,1764,1,903,33,1186,11
2514,16,1764,1,903,33,1194,11
2514,16,1764,1,903,33,1259,11
2514,16,1764,1,903,33,1260,11
2514,16,1764,1,903,33,1312,11
2514,16,1764,1,903,33,1388,11
2514,16,1764,1,903,33,1391,11
2514,16,1764,1,903,33,1422,11
2514,16,1764,1,903,33,1556,11
2514,16,1764,1,903,33,1568,11
2514,16,1764,1,903,33,1599,11
2514,16,1764,1,903,33,1747,11
2514,16,1764,1,903,33,1773,11
2514,16,1764,1,903,33,1799,11
2514,16,1764,1,903,33,1818,11
2514,16,1764,1,903,33,1873,11
2514,16,1764,1,903,33,1940,11
2514,16,1764,1,903,33,1956,11
2514,16,1764,1,903,33,1997,11
2514,16,1764,1,903,33,2068,11
2514,16,1764,1,903,33,2079,11
2514,16,1764,1,903,33,2123,11
2514,16,1764,1,903,33,2196,11
2514,16,1764,1,903,33,2206,11
2514,16,1764,1,903,33,2216,11
2514,16,1764,1,903,33,2244,11
2514,16,1764,1,903,33,2259,11
2514,16,1764,1,903,33,2261,11
2514,16,1764,1,903,33,2289,11
2514,16,1764,1,903,33,2359,11
2514,16,1764,1,903,33,2370,11
2514,16,1764,1,903,33,2405,11
2514,16,1764,1,1067,12,45,11
2514,16,1764,1,1067,12,159,11
2514,16,1764,1,1067,12,272,11
2514,16,1764,1,1067,12,338,11
2514,16,1764,1,1067,12,390,11
2514,16,1764,1,1067,12,457,11
2514,16,1764,1,1067,12,463,11
2514,16,1764,1,1067,12,620,11
2514,16,1764,1,1067,12,700,11
2514,16,1764,1,1067,12,742,11
2514,16,1764,1,1067,12,758,11
2514,16,1764,1,1067,12,879,11
2514,16,1764,1,1067,12,927,11
2514,16,1764,1,1067,12,979,11
2514,16,1764,1,1067,12,1003,11
2514,16,1764,1,1067,12,1044,11
2514,16,1764,1,1067,12,1068,11
2514,16,1764,1,1067,12,1153,11
2514,16,1764,1,1067,12,1186,11
2514,16,1764,1,1067,12,1194,11
2514,16,1764,1,1067,12,1259,11
2514,16,1764,1,1067,12,1260,11
2514,16,1764,1,1067,12,1312,11
2514,16,1764,1,1067,12,1388,11
2514,16,1764,1,1067,12,1391,11
2514,16,1764,1,1067,12,1422,11
2514,16,1764,1,1067,12,1556,11
2514,16,1764,1,1067,12,1568,11
2514,16,1764,1,1067,12,1599,11
2514,16,1764,1,1067,12,1747,11
2514,16,1764,1,1067,12,1773,11
2514,16,1764,1,1067,12,1799,11
2514,16,1764,1,1067,12,1818,11
2514,16,1764,1,1067,12,1873,11
2514,16,1764,1,1067,12,1940,11
2514,16,1764,1,1067,12,1956,11
2514,16,1764,1,1067,12,1997,11
2514,16,1764,1,1067,12,2068,11
2514,16,1764,1,1067,12,2079,11
2514,16,1764,1,1067,12,2123,11
2514,16,1764,1,1067,12,2196,11
2514,16,1764,1,1067,12,2206,11
2514,16,1764,1,1067,12,2216,11
2514,16,1764,1,1067,12,2244,11
2514,16,1764,1,1067,12,2259,11
2514,16,1764,1,1067,12,2261,11
2514,16,1764,1,1067,12,2289,11
2514,16,1764,1,1067,12,2359,11
2514,16,1764,1,1067,12,2370,11
2514,16,1764,1,1067,12,2405,11
2514,16,1764,1,1116,34,45,11
2514,16,1764,1,1116,34,159,11
2514,16,1764,1,1116,34,272,11
2514,16,1764,1,1116,34,338,11
2514,16,1764,1,1116,34,390,11
2514,16,1764,1,1116,34,457,11
2514,16,1764,1,1116,34,463,11
2514,16,1764,1,1116,34,620,11
2514,16,1764,1,1116,34,700,11
2514,16,1764,1,1116,34,742,11
2514,16,1764,1,1116,34,758,11
2514,16,1764,1,1116,34,879,11
2514,16,1764,1,1116,34,927,11
2514,16,1764,1,1116,34,979,11
2514,16,1764,1,1116,34,1003,11
2514,16,1764,1,1116,34,1044,11
2514,16,1764,1,1116,34,1068,11
2514,16,1764,1,1116,34,1153,11
2514,16,1764,1,1116,34,1186,11
2514,16,1764,1,1116,34,1194,11
2514,16,1764,1,1116,34,1259,11
2514,16,1764,1,1116,34,1260,11
2514,16,1764,1,1116,34,1312,11
2514,16,1764,1,1116,34,1388,11
2514,16,1764,1,1116,34,1391,11
2514,16,1764,1,1116,34,1422,11
2514,16,1764,1,1116,34,1556,11
2514,16,1764,1,1116,34,1568,11
2514,16,1764,1,1116,34,1599,11
2514,16,1764,1,1116,34,1747,11
2514,16,1764,1,1116,34,1773,11
2514,16,1764,1,1116,34,1799,11
2514,16,1764,1,1116,34,1818,11
2514,16,1764,1,1116,34,1873,11
2514,16,1764,1,1116,34,1940,11
2514,16,1764,1,1116,34,1956,11
2514,16,1764,1,1116,34,1997,11
2514,16,1764,1,1116,34,2068,11
2514,16,1764,1,1116,34,2079,11
2514,16,1764,1,1116,34,2123,11
2514,16,1764,1,1116,34,2196,11
2514,16,1764,1,1116,34,2206,11
2514,16,1764,1,1116,34,2216,11
2514,16,1764,1,1116,34,2244,11
2514,16,1764,1,1116,34,2259,11
2514,16,1764,1,1116,34,2261,11
2514,16,1764,1,1116,34,2289,11
2514,16,1764,1,1116,34,2359,11
2514,16,1764,1,1116,34,2370,11
2514,16,1764,1,1116,34,2405,11
2514,16,1764,1,1652,24,45,11
2514,16,1764,1,1652,24,159,11
2514,16,1764,1,1652,24,272,11
2514,16,1764,1,1652,24,338,11
2514,16,1764,1,1652,24,390,11
2514,16,1764,1,1652,24,457,11
2514,16,1764,1,1652,24,463,11
2514,16,1764,1,1652,24,620,11
2514,16,1764,1,1652,24,700,11
2514,16,1764,1,1652,24,742,11
2514,16,1764,1,1652,24,758,11
2514,16,1764,1,1652,24,879,11
2514,16,1764,1,1652,24,927,11
2514,16,1764,1,1652,24,979,11
2514,16,1764,1,1652,24,1003,11
2514,16,1764,1,1652,24,1044,11
2514,16,1764,1,1652,24,1068,11
2514,16,1764,1,1652,24,1153,11
2514,16,1764,1,1652,24,1186,11
2514,16,1764,1,1652,24,1194,11
2514,16,1764,1,1652,24,1259,11
2514,16,1764,1,1652,24,1260,11
2514,16,1764,1,1652,24,1312,11
2514,16,1764,1,1652,24,1388,11
2514,16,1764,1,1652,24,1391,11
2514,16,1764,1,1652,24,1422,11
2514,16,1764,1,1652,24,1556,11
2514,16,1764,1,1652,24,1568,11
2514,16,1764,1,1652,24,1599,11
2514,16,1764,1,1652,24,1747,11
2514,16,1764,1,1652,24,1773,11
2514,16,1764,1,1652,24,1799,11
2514,16,1764,1,1652,24,1818,11
2514,16,1764,1,1652,24,1873,11
2514,16,1764,1,1652,24,1940,11
2514,16,1764,1,1652,24,1956,11
2514,16,1764,1,1652,24,1997,11
2514,16,1764,1,1652,24,2068,11
2514,16,1764,1,1652,24,2079,11
2514,16,1764,1,1652,24,2123,11
2514,16,1764,1,1652,24,2196,11
2514,16,1764,1,1652,24,2206,11
2514,16,1764,1,1652,24,2216,11
2514,16,1764,1,1652,24,2244,11
2514,16,1764,1,1652,24,2259,11
2514,16,1764,1,1652,24,2261,11
2514,16,1764,1,1652,24,2289,11
2514,16,1764,1,1652,24,2359,11
2514,16,1764,1,1652,24,2370,11
2514,16,1764,1,1652,24,2405,11
2514,16,1764,1,1768,13,159,11
2514,16,1764,1,1768,13,272,11
2514,16,1764,1,1768,13,457,11
2514,16,1764,1,1768,13,463,11
2514,16,1764,1,1768,13,700,11
2514,16,1764,1,1768,13,879,11
2514,16,1764,1,1768,13,927,11
2514,16,1764,1,1768,13,1003,11
2514,16,1764,1,1768,13,1068,11
2514,16,1764,1,1768,13,1153,11
2514,16,1764,1,1768,13,1194,11
2514,16,1764,1,1768,13,1260,11
2514,16,1764,1,1768,13,1388,11
2514,16,1764,1,1768,13,1391,11
2514,16,1764,1,1768,13,1422,11
2514,16,1764,1,1768,13,1556,11
2514,16,1764,1,1768,13,1568,11
2514,16,1764,1,1768,13,1599,11
2514,16,1764,1,1768,13,1747,11
2514,16,1764,1,1768,13,1818,11
2514,16,1764,1,1768,13,1873,11
2514,16,1764,1,1768,13,1940,11
2514,16,1764,1,1768,13,2068,11
2514,16,1764,1,1768,13,2079,11
2514,16,1764,1,1768,13,2123,11
2514,16,1764,1,1768,13,2196,11
2514,16,1764,1,1768,13,2216,11
2514,16,1764,1,1768,13,2259,11
2514,16,1764,1,1768,13,2370,11
2514,16,1764,1,1768,13,2405,11
2514,16,1764,1,1824,11,45,11
2514,16,1764,1,1824,11,159,11
2514,16,1764,1,1824,11,272,11
2514,16,1764,1,1824,11,338,11
2514,16,1764,1,1824,11,390,11
2514,16,1764,1,1824,11,457,11
2514,16,1764,1,1824,11,463,11
2514,16,1764,1,1824,11,620,11
2514,16,1764,1,1824,11,700,11
2514,16,1764,1,1824,11,742,11
2514,16,1764,1,1824,11,758,11
2514,16,1764,1,1824,11,879,11
2514,16,1764,1,1824,11,927,11
2514,16,1764,1,1824,11,979,11
2514,16,1764,1,1824,11,1003,11
2514,16,1764,1,1824,11,1044,11
2514,16,1764,1,1824,11,1068,11
2514,16,1764,1,1824,11,1153,11
2514,16,1764,1,1824,11,1186,11
2514,16,1764,1,1824,11,1194,11
2514,16,1764,1,1824,11,1259,11
2514,16,1764,1,1824,11,1260,11
2514,16,1764,1,1824,11,1312,11
2514,16,1764,1,1824,11,1388,11
2514,16,1764,1,1824,11,1391,11
2514,16,1764,1,1824,11,1422,11
2514,16,1764,1,1824,11,1556,11
2514,16,1764,1,1824,11,1568,11
2514,16,1764,1,1824,11,1599,11
2514,16,1764,1,1824,11,1747,11
2514,16,1764,1,1824,11,1773,11
2514,16,1764,1,1824,11,1799,11
2514,16,1764,1,1824,11,1818,11
2514,16,1764,1,1824,11,1873,11
2514,16,1764,1,1824,11,1940,11
2514,16,1764,1,1824,11,1956,11
2514,16,1764,1,1824,11,1997,11
2514,16,1764,1,1824,11,2068,11
2514,16,1764,1,1824,11,2079,11
2514,16,1764,1,1824,11,2123,11
2514,16,1764,1,1824,11,2196,11
2514,16,1764,1,1824,11,2206,11
2514,16,1764,1,1824,11,2216,11
2514,16,1764,1,1824,11,2244,11
2514,16,1764,1,1824,11,2259,11
2514,16,1764,1,1824,11,2261,11
2514,16,1764,1,1824,11,2289,11
2514,16,1764,1,1824,11,2359,11
2514,16,1764,1,1824,11,2370,11
2514,16,1764,1,1824,11,2405,11
2514,16,1764,1,1874,41,45,11
2514,16,1764,1,1874,41,159,11
2514,16,1764,1,1874,41,272,11
2514,16,1764,1,1874,41,338,11
2514,16,1764,1,1874,41,390,11
2514,16,1764,1,1874,41,457,11
2514,16,1764,1,1874,41,463,11
2514,16,1764,1,1874,41,620,11
2514,16,1764,1,1874,41,700,11
2514,16,1764,1,1874,41,742,11
2514,16,1764,1,1874,41,758,11
2514,16,1764,1,1874,41,879,11
2514,16,1764,1,1874,41,927,11
2514,16,1764,1,1874,41,979,11
2514,16,1764,1,1874,41,1003,11
2514,16,1764,1,1874,41,1044,11
2514,16,1764,1,1874,41,1068,11
2514,16,1764,1,1874,41,1153,11
2514,16,1764,1,1874,41,1186,11
2514,16,1764,1,1874,41,1194,11
2514,16,1764,1,1874,41,1259,11
2514,16,1764,1,1874,41,1260,11
2514,16,1764,1,1874,41,1312,11
2514,16,1764,1,1874,41,1388,11
2514,16,1764,1,1874,41,1391,11
2514,16,1764,1,1874,41,1422,11
2514,16,1764,1,1874,41,1556,11
2514,16,1764,1,1874,41,1568,11
2514,16,1764,1,1874,41,1599,11
2514,16,1764,1,1874,41,1747,11
2514,16,1764,1,1874,41,1773,11
2514,16,1764,1,1874,41,1799,11
2514,16,1764,1,1874,41,1818,11
2514,16,1764,1,1874,41,1873,11
2514,16,1764,1,1874,41,1940,11
2514,16,1764,1,1874,41,1956,11
2514,16,1764,1,1874,41,1997,11
2514,16,1764,1,1874,41,2068,11
2514,16,1764,1,1874,41,2079,11
2514,16,1764,1,1874,41,2123,11
2514,16,1764,1,1874,41,2196,11
2514,16,1764,1,1874,41,2206,11
2514,16,1764,1,1874,41,2216,11
2514,16,1764,1,1874,41,2244,11
2514,16,1764,1,1874,41,2259,11
2514,16,1764,1,1874,41,2261,11
2514,16,1764,1,1874,41,2289,11
2514,16,1764,1,1874,41,2359,11
2514,16,1764,1,1874,41,2370,11
2514,16,1764,1,1874,41,2405,11
