2514,16,1764,1,139,26,45,11
2514,16,1764,1,139,26,159,11
2514,16,1764,1,139,26,272,11
2514,16,1764,1,139,26,338,11
2514,16,1764,1,139,26,390,11
2514,16,1764,1,139,26,457,11
2514,16,1764,1,139,26,463,11
2514,16,1764,1,139,26,620,11
2514,16,1764,1,139,26,700,11
2514,16,1764,1,139,26,742,11
2514,16,1764,1,139,26,758,11
2514,16,1764,1,139,26,879,11
2514,16,1764,1,139,26,927,11
2514,16,1764,1,139,26,979,11
2514,16,1764,1,139,26,1003,11
2514,16,1764,1,139,26,1044,11
2514,16,1764,1,139,26,1068,11
2514,16,1764,1,139,26,1153,11
2514,16,1764,1,139,26,1186,11
2514,16,1764,1,139,26,1194,11
2514,16,1764,1,139,26,1259,11
2514,16,1764,1,139,26,1260,11
2514,16,1764,1,139,26,1312,11
2514,16,1764,1,139,26,1388,11
2514,16,1764,1,139,26,1391,11
2514,16,1764,1,139,26,1422,11
2514,16,1764,1,139,26,1556,11
2514,16,1764,1,139,26,1568,11
2514,16,1764,1,139,26,1599,11
2514,16,1764,1,139,26,1747,11
2514,16,1764,1,139,26,1773,11
2514,16,1764,1,139,26,1799,11
2514,16,1764,1,139,26,1818,11
2514,16,1764,1,139,26,1873,11
2514,16,1764,1,139,26,1940,11
2514,16,1764,1,139,26,1956,11
2514,16,1764,1,139,26,1997,11
2514,16,1764,1,139,26,2068,11
2514,16,1764,1,139,26,2079,11
2514,16,1764,1,139,26,2123,11
2514,16,1764,1,139,26,2196,11
2514,16,1764,1,139,26,2206,11
2514,16,1764,1,139,26,2216,11
2514,16,1764,1,139,26,2244,11
2514,16,1764,1,139,26,2259,11
2514,16,1764,1,139,26,2261,11
2514,16,1764,1,139,26,2289,11
2514,16,1764,1,139,26,2359,11
2514,16,1764,1,139,26,2370,11
2514,16,1764,1,139,26,2405,11
2514,16,1764,1,169,38,45,11
2514,16,1764,1,169,38,272,11
2514,16,1764,1,169,38,338,11
2514,16,1764,1,169,38,390,11
2514,16,1764,1,169,38,620,11
2514,16,1764,1,169,38,742,11
2514,16,1764,1,169,38,758,11
2514,16,1764,1,169,38,979,11
2514,16,1764,1,169,38,1044,11
2514,16,1764,1,169,38,1068,11
2514,16,1764,1,169,38,1186,11
2514,16,1764,1,169,38,1259,11
2514,16,1764,1,169,38,1260,11
2514,16,1764,1,169,38,1312,11
2514,16,1764,1,169,38,1391,11
2514,16,1764,1,169,38,1422,11
2514,16,1764,1,169,38,1747,11
2514,16,1764,1,169,38,1773,11
2514,16,1764,1,169,38,1799,11
2514,16,1764,1,169,38,1956,11
2514,16,1764,1,169,38,1997,11
2514,16,1764,1,169,38,2068,11
2514,16,1764,1,169,38,2079,11
2514,16,1764,1,169,38,2206,11
2514,16,1764,1,169,38,2244,11
2514,16,1764,1,169,38,2259,11
2514,16,1764,1,169,38,2261,11
2514,16,1764,1,169,38,2289,11
2514,16,1764,1,169,38,2359,11
2514,16,1764,1,169,38,2405,11
2514,16,1764,1,375,46,45,11
2514,16,1764,1,375,46,159,11
2514,16,1764,1,375,46,272,11
2514,16,1764,1,375,46,338,11
2514,16,1764,1,375,46,390,11
2514,16,1764,1,375,46,457,11
2514,16,1764,1,375,46,463,11
2514,16,1764,1,375,46,620,11
2514,16,1764,1,375,46,700,11
2514,16,1764,1,375,46,742,11
2514,16,1764,1,375,46,758,11
2514,16,1764,1,375,46,879,11
2514,16,1764,1,375,46,927,11
2514,16,1764,1,375,46,979,11
2514,16,1764,1,375,46,1003,11
2514,16,1764,1,375,46,1044,11
2514,16,1764,1,375,46,1068,11
2514,16,1764,1,375,46,1153,11
2514,16,1764,1,375,46,1186,11
2514,16,1764,1,375,46,1194,11
2514,16,1764,1,375,46,1259,11
2514,16,1764,1,375,46,1260,11
2514,16,1764,1,375,46,1312,11
2514,16,1764,1,375,46,1388,11
2514,16,1764,1,375,46,1391,11
2514,16,1764,1,375,46,1422,11
2514,16,1764,1,375,46,1556,11
2514,16,1764,1,375,46,1568,11
2514,16,1764,1,375,46,1599,11
2514,16,1764,1,375,46,1747,11
2514,16,1764,1,375,46,1773,11
2514,16,1764,1,375,46,1799,11
2514,16,1764,1,375,46,1818,11
2514,16,1764,1,375,46,1873,11
2514,16,1764,1,375,46,1940,11
2514,16,1764,1,375,46,1956,11
2514,16,1764,1,375,46,1997,11
2514,16,1764,1,375,46,2068,11
2514,16,1764,1,375,46,2079,11
2514,16,1764,1,375,46,2123,11
2514,16,1764,1,375,46,2196,11
2514,16,1764,1,375,46,2206,11
2514,16,1764,1,375,46,2216,11
2514,16,1764,1,375,46,2244,11
2514,16,1764,1,375,46,2259,11
2514,16,1764,1,375,46,2261,11
2514,16,1764,1,375,46,2289,11
2514,16,1764,1,375,46,2359,11
2514,16,1764,1,375,46,2370,11
2514,16,1764,1,375,46,2405,11
2514,16,1764,1,463,24,457,11
2514,16,1764,1,463,24,700,11
2514,16,1764,1,463,24,927,11
2514,16,1764,1,463,24,1003,11
2514,16,1764,1,463,24,1153,11
2514,16,1764,1,463,24,1194,11
2514,16,1764,1,463,24,1568,11
2514,16,1764,1,463,24,1599,11
2514,16,1764,1,463,24,1818,11
2514,16,1764,1,463,24,1940,11
2514,16,1764,1,540,44,45,11
2514,16,1764,1,540,44,159,11
2514,16,1764,1,540,44,272,11
2514,16,1764,1,540,44,338,11
2514,16,1764,1,540,44,390,11
2514,16,1764,1,540,44,457,11
2514,16,1764,1,540,44,463,11
2514,16,1764,1,540,44,620,11
2514,16,1764,1,540,44,700,11
2514,16,1764,1,540,44,742,11
2514,16,1764,1,540,44,758,11
2514,16,1764,1,540,44,879,11
2514,16,1764,1,540,44,927,11
2514,16,1764,1,540,44,979,11
2514,16,1764,1,540,44,1003,11
2514,16,1764,1,540,44,1044,11
2514,16,1764,1,540,44,1068,11
2514,16,1764,1,540,44,1153,11
2514,16,1764,1,540,44,1186,11
2514,16,1764,1,540,44,1194,11
2514,16,1764,1,540,44,1259,11
2514,16,1764,1,540,44,1260,11
2514,16,1764,1,540,44,1312,11
2514,16,1764,1,540,44,1388,11
2514,16,1764,1,540,44,1391,11
2514,16,1764,1,540,44,1422,11
2514,16,1764,1,540,44,1556,11
2514,16,1764,1,540,44,1568,11
2514,16,1764,1,540,44,1599,11
2514,16,1764,1,540,44,1747,11
2514,16,1764,1,540,44,1773,11
2514,16,1764,1,540,44,1799,11
2514,16,1764,1,540,44,1818,11
2514,16,1764,1,540,44,1873,11
2514,16,1764,1,540,44,1940,11
2514,16,1764,1,540,44,1956,11
2514,16,1764,1,540,44,1997,11
2514,16,1764,1,540,44,2068,11
2514,16,1764,1,540,44,2079,11
2514,16,1764,1,540,44,2123,11
2514,16,1764,1,540,44,2196,11
2514,16,1764,1,540,44,2206,11
2514,16,1764,1,540,44,2216,11
2514,16,1764,1,540,44,2244,11
2514,16,1764,1,540,44,2259,11
2514,16,1764,1,540,44,2261,11
2514,16,1764,1,540,44,2289,11
2514,16,1764,1,540,44,2359,11
2514,16,1764,1,540,44,2370,11
2514,16,1764,1,540,44,2405,11
2514,16,1764,1,684,9,45,11
2514,16,1764,1,684,9,159,11
2514,16,1764,1,684,9,272,11
2514,16,1764,1,684,9,338,11
2514,16,1764,1,684,9,390,11
2514,16,1764,1,684,9,457,11
2514,16,1764,1,684,9,463,11
2514,16,1764,1,684,9,620,11
2514,16,1764,1,684,9,700,11
2514,16,1764,1,684,9,742,11
2514,16,1764,1,684,9,758,11
2514,16,1764,1,684,9,879,11
2514,16,1764,1,684,9,927,11
2514,16,1764,1,684,9,979,11
2514,16,1764,1,684,9,1003,11
2514,16,1764,1,684,9,1044,11
2514,16,1764,1,684,9,1068,11
2514,16,1764,1,684,9,1153,11
2514,16,1764,1,684,9,1186,11
2514,16,1764,1,684,9,1194,11
2514,16,1764,1,684,9,1259,11
2514,16,1764,1,684,9,1260,11
2514,16,1764,1,684,9,1312,11
2514,16,1764,1,684,9,1388,11
2514,16,1764,1,684,9,1391,11
2514,16,1764,1,684,9,1422,11
2514,16,1764,1,684,9,1556,11
2514,16,1764,1,684,9,1568,11
2514,16,1764,1,684,9,1599,11
2514,16,1764,1,684,9,1747,11
2514,16,1764,1,684,9,1773,11
2514,16,1764,1,684,9,1799,11
2514,16,1764,1,684,9,1818,11
2514,16,1764,1,684,9,1873,11
2514,16,1764,1,684,9,1940,11
2514,16,1764,1,684,9,1956,11
2514,16,1764,1,684,9,1997,11
2514,16,1764,1,684,9,2068,11
2514,16,1764,1,684,9,2079,11
2514,16,1764,1,684,9,2123,11
2514,16,1764,1,684,9,2196,11
2514,16,1764,1,684,9,2206,11
2514,16,1764,1,684,9,2216,11
2514,16,1764,1,684,9,2244,11
2514,16,1764,1,684,9,2259,11
2514,16,1764,1,684,9,2261,11
2514,16,1764,1,684,9,2289,11
2514,16,1764,1,684,9,2359,11
2514,16,1764,1,684,9,2370,11
2514,16,1764,1,684,9,2405,11
2514,16,1764,1,785,30,45,11
2514,16,1764,1,785,30,159,11
2514,16,1764,1,785,30,272,11
2514,16,1764,1,785,30,338,11
2514,16,1764,1,785,30,390,11
2514,16,1764,1,785,30,457,11
2514,16,1764,1,785,30,463,11
2514,16,1764,1,785,30,620,11
2514,16,1764,1,785,30,700,11
2514,16,1764,1,785,30,742,11
2514,16,1764,1,785,30,758,11
2514,16,1764,1,785,30,879,11
2514,16,1764,1,785,30,927,11
2514,16,1764,1,785,30,979,11
2514,16,1764,1,785,30,1003,11
2514,16,1764,1,785,30,1044,11
2514,16,1764,1,785,30,1068,11
2514,16,1764,1,785,30,1153,11
2514,16,1764,1,785,30,1186,11
2514,16,1764,1,785,30,1194,11
2514,16,1764,1,785,30,1259,11
2514,16,1764,1,785,30,1260,11
2514,16,1764,1,785,30,1312,11
2514,16,1764,1,785,30,1388,11
2514,16,1764,1,785,30,1391,11
2514,16,1764,1,785,30,1422,11
2514,16,1764,1,785,30,1556,11
2514,16,1764,1,785,30,1568,11
2514,16,1764,1,785,30,1599,11
2514,16,1764,1,785,30,1747,11
2514,16,1764,1,785,30,1773,11
2514,16,1764,1,785,30,1799,11
2514,16,1764,1,785,30,1818,11
2514,16,1764,1,785,30,1873,11
2514,16,1764,1,785,30,1940,11
2514,16,1764,1,785,30,1956,11
2514,16,1764,1,785,30,1997,11
2514,16,1764,1,785,30,2068,11
2514,16,1764,1,785,30,2079,11
2514,16,1764,1,785,30,2123,11
2514,16,1764,1,785,30,2196,11
2514,16,1764,1,785,30,2206,11
2514,16,1764,1,785,30,2216,11
2514,16,1764,1,785,30,2244,11
2514,16,1764,1,785,30,2259,11
2514,16,1764,1,785,30,2261,11
2514,16,1764,1,785,30,2289,11
2514,16,1764,1,785,30,2359,11
2514,16,1764,1,785,30,2370,11
2514,16,1764,1,785,30,2405,11
2514,16,1764,1,823,24,45,11
2514,16,1764,1,823,24,159,11
2514,16,1764,1,823,24,272,11
2514,16,1764,1,823,24,338,11
2514,16,1764,1,823,24,390,11
2514,16,1764,1,823,24,457,11
2514,16,1764,1,823,24,463,11
2514,16,1764,1,823,24,620,11
2514,16,1764,1,823,24,700,11
2514,16,1764,1,823,24,742,11
2514,16,1764,1,823,24,758,11
2514,16,1764,1,823,24,879,11
2514,16,1764,1,823,24,927,11
2514,16,1764,1,823,24,979,11
2514,16,1764,1,823,24,1003,11
2514,16,1764,1,823,24,1044,11
2514,16,1764,1,823,24,1068,11
2514,16,1764,1,823,24,1153,11
2514,16,1764,1,823,24,1186,11
2514,16,1764,1,823,24,1194,11
2514,16,1764,1,823,24,1259,11
2514,16,1764,1,823,24,1260,11
2514,16,1764,1,823,24,1312,11
2514,16,1764,1,823,24,1388,11
2514,16,1764,1,823,24,1391,11
2514,16,1764,1,823,24,1422,11
2514,16,1764,1,823,24,1556,11
2514,16,1764,1,823,24,1568,11
2514,16,1764,1,823,24,1599,11
2514,16,1764,1,823,24,1747,11
2514,16,1764,1,823,24,1773,11
2514,16,1764,1,823,24,1799,11
2514,16,1764,1,823,24,1818,11
2514,16,1764,1,823,24,1873,11
2514,16,1764,1,823,24,1940,11
2514,16,1764,1,823,24,1956,11
2514,16,1764,1,823,24,1997,11
2514,16,1764,1,823,24,2068,11
2514,16,1764,1,823,24,2079,11
2514,16,1764,1,823,24,2123,11
2514,16,1764,1,823,24,2196,11
2514,16,1764,1,823,24,2206,11
2514,16,1764,1,823,24,2216,11
2514,16,1764,1,823,24,2244,11
2514,16,1764,1,823,24,2259,11
2514,16,1764,1,823,24,2261,11
2514,16,1764,1,823,24,2289,11
2514,16,1764,1,823,24,2359,11
2514,16,1764,1,823,24,2370,11
2514,16,1764,1,823,24,2405,11
2514,16,1764,1,869,48,45,11
2514,16,1764,1,869,48,159,11
2514,16,1764,1,869,48,272,11
2514,16,1764,1,869,48,338,11
2514,16,1764,1,869,48,390,11
2514,16,1764,1,869,48,457,11
2514,16,1764,1,869,48,463,11
2514,16,1764,1,869,48,620,11
2514,16,1764,1,869,48,700,11
2514,16,1764,1,869,48,742,11
2514,16,1764,1,869,48,758,11
2514,16,1764,1,869,48,879,11
2514,16,1764,1,869,48,927,11
2514,16,1764,1,869,48,979,11
2514,16,1764,1,869,48,1003,11
2514,16,1764,1,869,48,1044,11
2514,16,1764,1,869,48,1068,11
2514,16,1764,1,869,48,1153,11
2514,16,1764,1,869,48,1186,11
2514,16,1764,1,869,48,1194,11
2514,16,1764,1,869,48,1259,11
2514,16,1764,1,869,48,1260,11
2514,16,1764,1,869,48,1312,11
2514,16,1764,1,869,48,1388,11
2514,16,1764,1,869,48,1391,11
2514,16,1764,1,869,48,1422,11
2514,16,1764,1,869,48,1556,11
2514,16,1764,1,869,48,1568,11
2514,16,1764,1,869,48,1599,11
2514,16,1764,1,869,48,1747,11
2514,16,1764,1,869,48,1773,11
2514,16,1764,1,869,48,1799,11
2514,16,1764,1,869,48,1818,11
2514,16,1764,1,869,48,1873,11
2514,16,1764,1,869,48,1940,11
2514,16,1764,1,869,48,1956,11
2514,16,1764,1,869,48,1997,11
2514,16,1764,1,869,48,2068,11
2514,16,1764,1,869,48,2079,11
2514,16,1764,1,869,48,2123,11
2514,16,1764,1,869,48,2196,11
2514,16,1764,1,869,48,2206,11
2514,16,1764,1,869,48,2216,11
2514,16,1764,1,869,48,2244,11
2514,16,1764,1,869,48,2259,11
2514,16,1764,1,869,48,2261,11
2514,16,1764,1,869,48,2289,11
2514,16,1764,1,869,48,2359,11
2514,16,1764,1,869,48,2370,11
2514,16,1764,1,869,48,2405,11
2514,16,1764,1,983,11,45,11
2514,16,1764,1,983,11,159,11
2514,16,1764,1,983,11,272,11
2514,16,1764,1,983,11,338,11
2514,16,1764,1,983,11,390,11
2514,16,1764,1,983,11,457,11
2514,16,1764,1,983,11,463,11
2514,16,1764,1,983,11,620,11
2514,16,1764,1,983,11,700,11
2514,16,1764,1,983,11,742,11
2514,16,1764,1,983,11,758,11
2514,16,1764,1,983,11,879,11
2514,16,1764,1,983,11,927,11
2514,16,1764,1,983,11,979,11
2514,16,1764,1,983,11,1003,11
2514,16,1764,1,983,11,1044,11
2514,16,1764,1,983,11,1068,11
2514,16,1764,1,983,11,1153,11
2514,16,1764,1,983,11,1186,11
2514,16,1764,1,983,11,1194,11
2514,16,1764,1,983,11,1259,11
2514,16,1764,1,983,11,1260,11
2514,16,1764,1,983,11,1312,11
2514,16,1764,1,983,11,1388,11
2514,16,1764,1,983,11,1391,11
2514,16,1764,1,983,11,1422,11
2514,16,1764,1,983,11,1556,11
2514,16,1764,1,983,11,1568,11
2514,16,1764,1,983,11,1599,11
2514,16,1764,1,983,11,1747,11
2514,16,1764,1,983,11,1773,11
2514,16,1764,1,983,11,1799,11
2514,16,1764,1,983,11,1818,11
2514,16,1764,1,983,11,1873,11
2514,16,1764,1,983,11,1940,11
2514,16,1764,1,983,11,1956,11
2514,16,1764,1,983,11,1997,11
2514,16,1764,1,983,11,2068,11
2514,16,1764,1,983,11,2079,11
2514,16,1764,1,983,11,2123,11
2514,16,1764,1,983,11,2196,11
2514,16,1764,1,983,11,2206,11
2514,16,1764,1,983,11,2216,11
2514,16,1764,1,983,11,2244,11
2514,16,1764,1,983,11,2259,11
2514,16,1764,1,983,11,2261,11
2514,16,1764,1,983,11,2289,11
2514,16,1764,1,983,11,2359,11
2514,16,1764,1,983,11,2370,11
2514,16,1764,1,983,11,2405,11
2514,16,1764,1,1104,17,45,11
2514,16,1764,1,1104,17,159,11
2514,16,1764,1,1104,17,272,11
2514,16,1764,1,1104,17,338,11
2514,16,1764,1,1104,17,390,11
2514,16,1764,1,1104,17,457,11
2514,16,1764,1,1104,17,463,11
2514,16,1764,1,1104,17,620,11
2514,16,1764,1,1104,17,700,11
2514,16,1764,1,1104,17,742,11
2514,16,1764,1,1104,17,758,11
2514,16,1764,1,1104,17,879,11
2514,16,1764,1,1104,17,927,11
2514,16,1764,1,1104,17,979,11
2514,16,1764,1,1104,17,1003,11
2514,16,1764,1,1104,17,1044,11
2514,16,1764,1,1104,17,1068,11
2514,16,1764,1,1104,17,1153,11
2514,16,1764,1,1104,17,1186,11
2514,16,1764,1,1104,17,1194,11
2514,16,1764,1,1104,17,1259,11
2514,16,1764,1,1104,17,1260,11
2514,16,1764,1,1104,17,1312,11
2514,16,1764,1,1104,17,1388,11
2514,16,1764,1,1104,17,1391,11
2514,16,1764,1,1104,17,1422,11
2514,16,1764,1,1104,17,1556,11
2514,16,1764,1,1104,17,1568,11
2514,16,1764,1,1104,17,1599,11
2514,16,1764,1,1104,17,1747,11
2514,16,1764,1,1104,17,1773,11
2514,16,1764,1,1104,17,1799,11
2514,16,1764,1,1104,17,1818,11
2514,16,1764,1,1104,17,1873,11
2514,16,1764,1,1104,17,1940,11
2514,16,1764,1,1104,17,1956,11
2514,16,1764,1,1104,17,1997,11
2514,16,1764,1,1104,17,2068,11
2514,16,1764,1,1104,17,2079,11
2514,16,1764,1,1104,17,2123,11
2514,16,1764,1,1104,17,2196,11
2514,16,1764,1,1104,17,2206,11
2514,16,1764,1,1104,17,2216,11
2514,16,1764,1,1104,17,2244,11
2514,16,1764,1,1104,17,2259,11
2514,16,1764,1,1104,17,2261,11
2514,16,1764,1,1104,17,2289,11
2514,16,1764,1,1104,17,2359,11
2514,16,1764,1,1104,17,2370,11
2514,16,1764,1,1104,17,2405,11
2514,16,1764,1,1568,31,45,11
2514,16,1764,1,1568,31,159,11
2514,16,1764,1,1568,31,272,11
2514,16,1764,1,1568,31,338,11
2514,16,1764,1,1568,31,390,11
2514,16,1764,1,1568,31,457,11
2514,16,1764,1,1568,31,463,11
2514,16,1764,1,1568,31,620,11
2514,16,1764,1,1568,31,700,11
2514,16,1764,1,1568,31,742,11
2514,16,1764,1,1568,31,758,11
2514,16,1764,1,1568,31,879,11
2514,16,1764,1,1568,31,927,11
2514,16,1764,1,1568,31,979,11
2514,16,1764,1,1568,31,1003,11
2514,16,1764,1,1568,31,1044,11
2514,16,1764,1,1568,31,1068,11
2514,16,1764,1,1568,31,1153,11
2514,16,1764,1,1568,31,1186,11
2514,16,1764,1,1568,31,1194,11
2514,16,1764,1,1568,31,1259,11
2514,16,1764,1,1568,31,1260,11
2514,16,1764,1,1568,31,1312,11
2514,16,1764,1,1568,31,1388,11
2514,16,1764,1,1568,31,1391,11
2514,16,1764,1,1568,31,1422,11
2514,16,1764,1,1568,31,1556,11
2514,16,1764,1,1568,31,1568,11
2514,16,1764,1,1568,31,1599,11
2514,16,1764,1,1568,31,1747,11
2514,16,1764,1,1568,31,1773,11
2514,16,1764,1,1568,31,1799,11
2514,16,1764,1,1568,31,1818,11
2514,16,1764,1,1568,31,1873,11
2514,16,1764,1,1568,31,1940,11
2514,16,1764,1,1568,31,1956,11
2514,16,1764,1,1568,31,1997,11
2514,16,1764,1,1568,31,2068,11
2514,16,1764,1,1568,31,2079,11
2514,16,1764,1,1568,31,2123,11
2514,16,1764,1,1568,31,2196,11
2514,16,1764,1,1568,31,2206,11
2514,16,1764,1,1568,31,2216,11
2514,16,1764,1,1568,31,2244,11
2514,16,1764,1,1568,31,2259,11
2514,16,1764,1,1568,31,2261,11
2514,16,1764,1,1568,31,2289,11
2514,16,1764,1,1568,31,2359,11
2514,16,1764,1,1568,31,2370,11
2514,16,1764,1,1568,31,2405,11
2514,16,1764,1,1758,36,45,11
2514,16,1764,1,1758,36,159,11
2514,16,1764,1,1758,36,272,11
2514,16,1764,1,1758,36,338,11
2514,16,1764,1,1758,36,390,11
2514,16,1764,1,1758,36,457,11
2514,16,1764,1,1758,36,463,11
2514,16,1764,1,1758,36,620,11
2514,16,1764,1,1758,36,700,11
2514,16,1764,1,1758,36,742,11
2514,16,1764,1,1758,36,758,11
2514,16,1764,1,1758,36,879,11
2514,16,1764,1,1758,36,927,11
2514,16,1764,1,1758,36,979,11
2514,16,1764,1,1758,36,1003,11
2514,16,1764,1,1758,36,1044,11
2514,16,1764,1,1758,36,1068,11
2514,16,1764,1,1758,36,1153,11
2514,16,1764,1,1758,36,1186,11
2514,16,1764,1,1758,36,1194,11
2514,16,1764,1,1758,36,1259,11
2514,16,1764,1,1758,36,1260,11
2514,16,1764,1,1758,36,1312,11
2514,16,1764,1,1758,36,1388,11
2514,16,1764,1,1758,36,1391,11
2514,16,1764,1,1758,36,1422,11
2514,16,1764,1,1758,36,1556,11
2514,16,1764,1,1758,36,1568,11
2514,16,1764,1,1758,36,1599,11
2514,16,1764,1,1758,36,1747,11
2514,16,1764,1,1758,36,1773,11
2514,16,1764,1,1758,36,1799,11
2514,16,1764,1,1758,36,1818,11
2514,16,1764,1,1758,36,1873,11
2514,16,1764,1,1758,36,1940,11
2514,16,1764,1,1758,36,1956,11
2514,16,1764,1,1758,36,1997,11
2514,16,1764,1,1758,36,2068,11
2514,16,1764,1,1758,36,2079,11
2514,16,1764,1,1758,36,2123,11
2514,16,1764,1,1758,36,2196,11
2514,16,1764,1,1758,36,2206,11
2514,16,1764,1,1758,36,2216,11
2514,16,1764,1,1758,36,2244,11
2514,16,1764,1,1758,36,2259,11
2514,16,1764,1,1758,36,2261,11
2514,16,1764,1,1758,36,2289,11
2514,16,1764,1,1758,36,2359,11
2514,16,1764,1,1758,36,2370,11
2514,16,1764,1,1758,36,2405,11
2514,16,1764,1,1839,49,45,11
2514,16,1764,1,1839,49,159,11
2514,16,1764,1,1839,49,272,11
2514,16,1764,1,1839,49,338,11
2514,16,1764,1,1839,49,390,11
2514,16,1764,1,1839,49,457,11
2514,16,1764,1,1839,49,463,11
2514,16,1764,1,1839,49,620,11
2514,16,1764,1,1839,49,700,11
2514,16,1764,1,1839,49,742,11
2514,16,1764,1,1839,49,758,11
2514,16,1764,1,1839,49,879,11
2514,16,1764,1,1839,49,927,11
2514,16,1764,1,1839,49,979,11
2514,16,1764,1,1839,49,1003,11
2514,16,1764,1,1839,49,1044,11
2514,16,1764,1,1839,49,1068,11
2514,16,1764,1,1839,49,1153,11
2514,16,1764,1,1839,49,1186,11
2514,16,1764,1,1839,49,1194,11
2514,16,1764,1,1839,49,1259,11
2514,16,1764,1,1839,49,1260,11
2514,16,1764,1,1839,49,1312,11
2514,16,1764,1,1839,49,1388,11
2514,16,1764,1,1839,49,1391,11
2514,16,1764,1,1839,49,1422,11
2514,16,1764,1,1839,49,1556,11
2514,16,1764,1,1839,49,1568,11
2514,16,1764,1,1839,49,1599,11
2514,16,1764,1,1839,49,1747,11
2514,16,1764,1,1839,49,1773,11
2514,16,1764,1,1839,49,1799,11
2514,16,1764,1,1839,49,1818,11
2514,16,1764,1,1839,49,1873,11
2514,16,1764,1,1839,49,1940,11
2514,16,1764,1,1839,49,1956,11
2514,16,1764,1,1839,49,1997,11
2514,16,1764,1,1839,49,2068,11
2514,16,1764,1,1839,49,2079,11
2514,16,1764,1,1839,49,2123,11
2514,16,1764,1,1839,49,2196,11
2514,16,1764,1,1839,49,2206,11
2514,16,1764,1,1839,49,2216,11
2514,16,1764,1,1839,49,2244,11
2514,16,1764,1,1839,49,2259,11
2514,16,1764,1,1839,49,2261,11
2514,16,1764,1,1839,49,2289,11
2514,16,1764,1,1839,49,2359,11
2514,16,1764,1,1839,49,2370,11
2514,16,1764,1,1839,49,2405,11
