2514,16,1844,6,37,17,45,11
2514,16,1844,6,37,17,159,11
2514,16,1844,6,37,17,272,11
2514,16,1844,6,37,17,338,11
2514,16,1844,6,37,17,390,11
2514,16,1844,6,37,17,457,11
2514,16,1844,6,37,17,463,11
2514,16,1844,6,37,17,620,11
2514,16,1844,6,37,17,700,11
2514,16,1844,6,37,17,742,11
2514,16,1844,6,37,17,758,11
2514,16,1844,6,37,17,879,11
2514,16,1844,6,37,17,927,11
2514,16,1844,6,37,17,979,11
2514,16,1844,6,37,17,1003,11
2514,16,1844,6,37,17,1044,11
2514,16,1844,6,37,17,1068,11
2514,16,1844,6,37,17,1153,11
2514,16,1844,6,37,17,1186,11
2514,16,1844,6,37,17,1194,11
2514,16,1844,6,37,17,1259,11
2514,16,1844,6,37,17,1260,11
2514,16,1844,6,37,17,1312,11
2514,16,1844,6,37,17,1388,11
2514,16,1844,6,37,17,1391,11
2514,16,1844,6,37,17,1422,11
2514,16,1844,6,37,17,1556,11
2514,16,1844,6,37,17,1568,11
2514,16,1844,6,37,17,1599,11
2514,16,1844,6,37,17,1747,11
2514,16,1844,6,37,17,1773,11
2514,16,1844,6,37,17,1799,11
2514,16,1844,6,37,17,1818,11
2514,16,1844,6,37,17,1873,11
2514,16,1844,6,37,17,1940,11
2514,16,1844,6,37,17,1956,11
2514,16,1844,6,37,17,1997,11
2514,16,1844,6,37,17,2068,11
2514,16,1844,6,37,17,2079,11
2514,16,1844,6,37,17,2123,11
2514,16,1844,6,37,17,2196,11
2514,16,1844,6,37,17,2206,11
2514,16,1844,6,37,17,2216,11
2514,16,1844,6,37,17,2244,11
2514,16,1844,6,37,17,2259,11
2514,16,1844,6,37,17,2261,11
2514,16,1844,6,37,17,2289,11
2514,16,1844,6,37,17,2359,11
2514,16,1844,6,37,17,2370,11
2514,16,1844,6,37,17,2405,11
2514,16,1844,6,96,48,45,11
2514,16,1844,6,96,48,159,11
2514,16,1844,6,96,48,272,11
2514,16,1844,6,96,48,338,11
2514,16,1844,6,96,48,390,11
2514,16,1844,6,96,48,457,11
2514,16,1844,6,96,48,463,11
2514,16,1844,6,96,48,620,11
2514,16,1844,6,96,48,700,11
2514,16,1844,6,96,48,742,11
2514,16,1844,6,96,48,758,11
2514,16,1844,6,96,48,879,11
2514,16,1844,6,96,48,927,11
2514,16,1844,6,96,48,979,11
2514,16,1844,6,96,48,1003,11
2514,16,1844,6,96,48,1044,11
2514,16,1844,6,96,48,1068,11
2514,16,1844,6,96,48,1153,11
2514,16,1844,6,96,48,1186,11
2514,16,1844,6,96,48,1194,11
2514,16,1844,6,96,48,1259,11
2514,16,1844,6,96,48,1260,11
2514,16,1844,6,96,48,1312,11
2514,16,1844,6,96,48,1388,11
2514,16,1844,6,96,48,1391,11
2514,16,1844,6,96,48,1422,11
2514,16,1844,6,96,48,1556,11
2514,16,1844,6,96,48,1568,11
2514,16,1844,6,96,48,1599,11
2514,16,1844,6,96,48,1747,11
2514,16,1844,6,96,48,1773,11
2514,16,1844,6,96,48,1799,11
2514,16,1844,6,96,48,1818,11
2514,16,1844,6,96,48,1873,11
2514,16,1844,6,96,48,1940,11
2514,16,1844,6,96,48,1956,11
2514,16,1844,6,96,48,1997,11
2514,16,1844,6,96,48,2068,11
2514,16,1844,6,96,48,2079,11
2514,16,1844,6,96,48,2123,11
2514,16,1844,6,96,48,2196,11
2514,16,1844,6,96,48,2206,11
2514,16,1844,6,96,48,2216,11
2514,16,1844,6,96,48,2244,11
2514,16,1844,6,96,48,2259,11
2514,16,1844,6,96,48,2261,11
2514,16,1844,6,96,48,2289,11
2514,16,1844,6,96,48,2359,11
2514,16,1844,6,96,48,2370,11
2514,16,1844,6,96,48,2405,11
2514,16,1844,6,215,19,457,11
2514,16,1844,6,215,19,700,11
2514,16,1844,6,215,19,927,11
2514,16,1844,6,215,19,1003,11
2514,16,1844,6,215,19,1153,11
2514,16,1844,6,215,19,1194,11
2514,16,1844,6,215,19,1568,11
2514,16,1844,6,215,19,1599,11
2514,16,1844,6,215,19,1818,11
2514,16,1844,6,215,19,1940,11
2514,16,1844,6,477,40,45,11
2514,16,1844,6,477,40,159,11
2514,16,1844,6,477,40,272,11
2514,16,1844,6,477,40,338,11
2514,16,1844,6,477,40,390,11
2514,16,1844,6,477,40,457,11
2514,16,1844,6,477,40,463,11
2514,16,1844,6,477,40,620,11
2514,16,1844,6,477,40,700,11
2514,16,1844,6,477,40,742,11
2514,16,1844,6,477,40,758,11
2514,16,1844,6,477,40,879,11
2514,16,1844,6,477,40,927,11
2514,16,1844,6,477,40,979,11
2514,16,1844,6,477,40,1003,11
2514,16,1844,6,477,40,1044,11
2514,16,1844,6,477,40,1068,11
2514,16,1844,6,477,40,1153,11
2514,16,1844,6,477,40,1186,11
2514,16,1844,6,477,40,1194,11
2514,16,1844,6,477,40,1259,11
2514,16,1844,6,477,40,1260,11
2514,16,1844,6,477,40,1312,11
2514,16,1844,6,477,40,1388,11
2514,16,1844,6,477,40,1391,11
2514,16,1844,6,477,40,1422,11
2514,16,1844,6,477,40,1556,11
2514,16,1844,6,477,40,1568,11
2514,16,1844,6,477,40,1599,11
2514,16,1844,6,477,40,1747,11
2514,16,1844,6,477,40,1773,11
2514,16,1844,6,477,40,1799,11
2514,16,1844,6,477,40,1818,11
2514,16,1844,6,477,40,1873,11
2514,16,1844,6,477,40,1940,11
2514,16,1844,6,477,40,1956,11
2514,16,1844,6,477,40,1997,11
2514,16,1844,6,477,40,2068,11
2514,16,1844,6,477,40,2079,11
2514,16,1844,6,477,40,2123,11
2514,16,1844,6,477,40,2196,11
2514,16,1844,6,477,40,2206,11
2514,16,1844,6,477,40,2216,11
2514,16,1844,6,477,40,2244,11
2514,16,1844,6,477,40,2259,11
2514,16,1844,6,477,40,2261,11
2514,16,1844,6,477,40,2289,11
2514,16,1844,6,477,40,2359,11
2514,16,1844,6,477,40,2370,11
2514,16,1844,6,477,40,2405,11
2514,16,1844,6,542,27,45,11
2514,16,1844,6,542,27,159,11
2514,16,1844,6,542,27,272,11
2514,16,1844,6,542,27,338,11
2514,16,1844,6,542,27,390,11
2514,16,1844,6,542,27,457,11
2514,16,1844,6,542,27,463,11
2514,16,1844,6,542,27,620,11
2514,16,1844,6,542,27,700,11
2514,16,1844,6,542,27,742,11
2514,16,1844,6,542,27,758,11
2514,16,1844,6,542,27,879,11
2514,16,1844,6,542,27,927,11
2514,16,1844,6,542,27,979,11
2514,16,1844,6,542,27,1003,11
2514,16,1844,6,542,27,1044,11
2514,16,1844,6,542,27,1068,11
2514,16,1844,6,542,27,1153,11
2514,16,1844,6,542,27,1186,11
2514,16,1844,6,542,27,1194,11
2514,16,1844,6,542,27,1259,11
2514,16,1844,6,542,27,1260,11
2514,16,1844,6,542,27,1312,11
2514,16,1844,6,542,27,1388,11
2514,16,1844,6,542,27,1391,11
2514,16,1844,6,542,27,1422,11
2514,16,1844,6,542,27,1556,11
2514,16,1844,6,542,27,1568,11
2514,16,1844,6,542,27,1599,11
2514,16,1844,6,542,27,1747,11
2514,16,1844,6,542,27,1773,11
2514,16,1844,6,542,27,1799,11
2514,16,1844,6,542,27,1818,11
2514,16,1844,6,542,27,1873,11
2514,16,1844,6,542,27,1940,11
2514,16,1844,6,542,27,1956,11
2514,16,1844,6,542,27,1997,11
2514,16,1844,6,542,27,2068,11
2514,16,1844,6,542,27,2079,11
2514,16,1844,6,542,27,2123,11
2514,16,1844,6,542,27,2196,11
2514,16,1844,6,542,27,2206,11
2514,16,1844,6,542,27,2216,11
2514,16,1844,6,542,27,2244,11
2514,16,1844,6,542,27,2259,11
2514,16,1844,6,542,27,2261,11
2514,16,1844,6,542,27,2289,11
2514,16,1844,6,542,27,2359,11
2514,16,1844,6,542,27,2370,11
2514,16,1844,6,542,27,2405,11
2514,16,1844,6,680,33,45,11
2514,16,1844,6,680,33,159,11
2514,16,1844,6,680,33,272,11
2514,16,1844,6,680,33,338,11
2514,16,1844,6,680,33,390,11
2514,16,1844,6,680,33,457,11
2514,16,1844,6,680,33,463,11
2514,16,1844,6,680,33,620,11
2514,16,1844,6,680,33,700,11
2514,16,1844,6,680,33,742,11
2514,16,1844,6,680,33,758,11
2514,16,1844,6,680,33,879,11
2514,16,1844,6,680,33,927,11
2514,16,1844,6,680,33,979,11
2514,16,1844,6,680,33,1003,11
2514,16,1844,6,680,33,1044,11
2514,16,1844,6,680,33,1068,11
2514,16,1844,6,680,33,1153,11
2514,16,1844,6,680,33,1186,11
2514,16,1844,6,680,33,1194,11
2514,16,1844,6,680,33,1259,11
2514,16,1844,6,680,33,1260,11
2514,16,1844,6,680,33,1312,11
2514,16,1844,6,680,33,1388,11
2514,16,1844,6,680,33,1391,11
2514,16,1844,6,680,33,1422,11
2514,16,1844,6,680,33,1556,11
2514,16,1844,6,680,33,1568,11
2514,16,1844,6,680,33,1599,11
2514,16,1844,6,680,33,1747,11
2514,16,1844,6,680,33,1773,11
2514,16,1844,6,680,33,1799,11
2514,16,1844,6,680,33,1818,11
2514,16,1844,6,680,33,1873,11
2514,16,1844,6,680,33,1940,11
2514,16,1844,6,680,33,1956,11
2514,16,1844,6,680,33,1997,11
2514,16,1844,6,680,33,2068,11
2514,16,1844,6,680,33,2079,11
2514,16,1844,6,680,33,2123,11
2514,16,1844,6,680,33,2196,11
2514,16,1844,6,680,33,2206,11
2514,16,1844,6,680,33,2216,11
2514,16,1844,6,680,33,2244,11
2514,16,1844,6,680,33,2259,11
2514,16,1844,6,680,33,2261,11
2514,16,1844,6,680,33,2289,11
2514,16,1844,6,680,33,2359,11
2514,16,1844,6,680,33,2370,11
2514,16,1844,6,680,33,2405,11
2514,16,1844,6,712,13,45,11
2514,16,1844,6,712,13,159,11
2514,16,1844,6,712,13,272,11
2514,16,1844,6,712,13,338,11
2514,16,1844,6,712,13,390,11
2514,16,1844,6,712,13,457,11
2514,16,1844,6,712,13,463,11
2514,16,1844,6,712,13,620,11
2514,16,1844,6,712,13,700,11
2514,16,1844,6,712,13,742,11
2514,16,1844,6,712,13,758,11
2514,16,1844,6,712,13,879,11
2514,16,1844,6,712,13,927,11
2514,16,1844,6,712,13,979,11
2514,16,1844,6,712,13,1003,11
2514,16,1844,6,712,13,1044,11
2514,16,1844,6,712,13,1068,11
2514,16,1844,6,712,13,1153,11
2514,16,1844,6,712,13,1186,11
2514,16,1844,6,712,13,1194,11
2514,16,1844,6,712,13,1259,11
2514,16,1844,6,712,13,1260,11
2514,16,1844,6,712,13,1312,11
2514,16,1844,6,712,13,1388,11
2514,16,1844,6,712,13,1391,11
2514,16,1844,6,712,13,1422,11
2514,16,1844,6,712,13,1556,11
2514,16,1844,6,712,13,1568,11
2514,16,1844,6,712,13,1599,11
2514,16,1844,6,712,13,1747,11
2514,16,1844,6,712,13,1773,11
2514,16,1844,6,712,13,1799,11
2514,16,1844,6,712,13,1818,11
2514,16,1844,6,712,13,1873,11
2514,16,1844,6,712,13,1940,11
2514,16,1844,6,712,13,1956,11
2514,16,1844,6,712,13,1997,11
2514,16,1844,6,712,13,2068,11
2514,16,1844,6,712,13,2079,11
2514,16,1844,6,712,13,2123,11
2514,16,1844,6,712,13,2196,11
2514,16,1844,6,712,13,2206,11
2514,16,1844,6,712,13,2216,11
2514,16,1844,6,712,13,2244,11
2514,16,1844,6,712,13,2259,11
2514,16,1844,6,712,13,2261,11
2514,16,1844,6,712,13,2289,11
2514,16,1844,6,712,13,2359,11
2514,16,1844,6,712,13,2370,11
2514,16,1844,6,712,13,2405,11
2514,16,1844,6,736,36,45,11
2514,16,1844,6,736,36,272,11
2514,16,1844,6,736,36,338,11
2514,16,1844,6,736,36,390,11
2514,16,1844,6,736,36,620,11
2514,16,1844,6,736,36,742,11
2514,16,1844,6,736,36,758,11
2514,16,1844,6,736,36,979,11
2514,16,1844,6,736,36,1044,11
2514,16,1844,6,736,36,1068,11
2514,16,1844,6,736,36,1186,11
2514,16,1844,6,736,36,1259,11
2514,16,1844,6,736,36,1260,11
2514,16,1844,6,736,36,1312,11
2514,16,1844,6,736,36,1391,11
2514,16,1844,6,736,36,1422,11
2514,16,1844,6,736,36,1747,11
2514,16,1844,6,736,36,1773,11
2514,16,1844,6,736,36,1799,11
2514,16,1844,6,736,36,1956,11
2514,16,1844,6,736,36,1997,11
2514,16,1844,6,736,36,2068,11
2514,16,1844,6,736,36,2079,11
2514,16,1844,6,736,36,2206,11
2514,16,1844,6,736,36,2244,11
2514,16,1844,6,736,36,2259,11
2514,16,1844,6,736,36,2261,11
2514,16,1844,6,736,36,2289,11
2514,16,1844,6,736,36,2359,11
2514,16,1844,6,736,36,2405,11
2514,16,1844,6,813,14,45,11
2514,16,1844,6,813,14,159,11
2514,16,1844,6,813,14,272,11
2514,16,1844,6,813,14,338,11
2514,16,1844,6,813,14,390,11
2514,16,1844,6,813,14,457,11
2514,16,1844,6,813,14,463,11
2514,16,1844,6,813,14,620,11
2514,16,1844,6,813,14,700,11
2514,16,1844,6,813,14,742,11
2514,16,1844,6,813,14,758,11
2514,16,1844,6,813,14,879,11
2514,16,1844,6,813,14,927,11
2514,16,1844,6,813,14,979,11
2514,16,1844,6,813,14,1003,11
2514,16,1844,6,813,14,1044,11
2514,16,1844,6,813,14,1068,11
2514,16,1844,6,813,14,1153,11
2514,16,1844,6,813,14,1186,11
2514,16,1844,6,813,14,1194,11
2514,16,1844,6,813,14,1259,11
2514,16,1844,6,813,14,1260,11
2514,16,1844,6,813,14,1312,11
2514,16,1844,6,813,14,1388,11
2514,16,1844,6,813,14,1391,11
2514,16,1844,6,813,14,1422,11
2514,16,1844,6,813,14,1556,11
2514,16,1844,6,813,14,1568,11
2514,16,1844,6,813,14,1599,11
2514,16,1844,6,813,14,1747,11
2514,16,1844,6,813,14,1773,11
2514,16,1844,6,813,14,1799,11
2514,16,1844,6,813,14,1818,11
2514,16,1844,6,813,14,1873,11
2514,16,1844,6,813,14,1940,11
2514,16,1844,6,813,14,1956,11
2514,16,1844,6,813,14,1997,11
2514,16,1844,6,813,14,2068,11
2514,16,1844,6,813,14,2079,11
2514,16,1844,6,813,14,2123,11
2514,16,1844,6,813,14,2196,11
2514,16,1844,6,813,14,2206,11
2514,16,1844,6,813,14,2216,11
2514,16,1844,6,813,14,2244,11
2514,16,1844,6,813,14,2259,11
2514,16,1844,6,813,14,2261,11
2514,16,1844,6,813,14,2289,11
2514,16,1844,6,813,14,2359,11
2514,16,1844,6,813,14,2370,11
2514,16,1844,6,813,14,2405,11
2514,16,1844,6,931,49,45,11
2514,16,1844,6,931,49,159,11
2514,16,1844,6,931,49,272,11
2514,16,1844,6,931,49,338,11
2514,16,1844,6,931,49,390,11
2514,16,1844,6,931,49,457,11
2514,16,1844,6,931,49,463,11
2514,16,1844,6,931,49,620,11
2514,16,1844,6,931,49,700,11
2514,16,1844,6,931,49,742,11
2514,16,1844,6,931,49,758,11
2514,16,1844,6,931,49,879,11
2514,16,1844,6,931,49,927,11
2514,16,1844,6,931,49,979,11
2514,16,1844,6,931,49,1003,11
2514,16,1844,6,931,49,1044,11
2514,16,1844,6,931,49,1068,11
2514,16,1844,6,931,49,1153,11
2514,16,1844,6,931,49,1186,11
2514,16,1844,6,931,49,1194,11
2514,16,1844,6,931,49,1259,11
2514,16,1844,6,931,49,1260,11
2514,16,1844,6,931,49,1312,11
2514,16,1844,6,931,49,1388,11
2514,16,1844,6,931,49,1391,11
2514,16,1844,6,931,49,1422,11
2514,16,1844,6,931,49,1556,11
2514,16,1844,6,931,49,1568,11
2514,16,1844,6,931,49,1599,11
2514,16,1844,6,931,49,1747,11
2514,16,1844,6,931,49,1773,11
2514,16,1844,6,931,49,1799,11
2514,16,1844,6,931,49,1818,11
2514,16,1844,6,931,49,1873,11
2514,16,1844,6,931,49,1940,11
2514,16,1844,6,931,49,1956,11
2514,16,1844,6,931,49,1997,11
2514,16,1844,6,931,49,2068,11
2514,16,1844,6,931,49,2079,11
2514,16,1844,6,931,49,2123,11
2514,16,1844,6,931,49,2196,11
2514,16,1844,6,931,49,2206,11
2514,16,1844,6,931,49,2216,11
2514,16,1844,6,931,49,2244,11
2514,16,1844,6,931,49,2259,11
2514,16,1844,6,931,49,2261,11
2514,16,1844,6,931,49,2289,11
2514,16,1844,6,931,49,2359,11
2514,16,1844,6,931,49,2370,11
2514,16,1844,6,931,49,2405,11
2514,16,1844,6,1454,9,45,11
2514,16,1844,6,1454,9,159,11
2514,16,1844,6,1454,9,272,11
2514,16,1844,6,1454,9,338,11
2514,16,1844,6,1454,9,390,11
2514,16,1844,6,1454,9,457,11
2514,16,1844,6,1454,9,463,11
2514,16,1844,6,1454,9,620,11
2514,16,1844,6,1454,9,700,11
2514,16,1844,6,1454,9,742,11
2514,16,1844,6,1454,9,758,11
2514,16,1844,6,1454,9,879,11
2514,16,1844,6,1454,9,927,11
2514,16,1844,6,1454,9,979,11
2514,16,1844,6,1454,9,1003,11
2514,16,1844,6,1454,9,1044,11
2514,16,1844,6,1454,9,1068,11
2514,16,1844,6,1454,9,1153,11
2514,16,1844,6,1454,9,1186,11
2514,16,1844,6,1454,9,1194,11
2514,16,1844,6,1454,9,1259,11
2514,16,1844,6,1454,9,1260,11
2514,16,1844,6,1454,9,1312,11
2514,16,1844,6,1454,9,1388,11
2514,16,1844,6,1454,9,1391,11
2514,16,1844,6,1454,9,1422,11
2514,16,1844,6,1454,9,1556,11
2514,16,1844,6,1454,9,1568,11
2514,16,1844,6,1454,9,1599,11
2514,16,1844,6,1454,9,1747,11
2514,16,1844,6,1454,9,1773,11
2514,16,1844,6,1454,9,1799,11
2514,16,1844,6,1454,9,1818,11
2514,16,1844,6,1454,9,1873,11
2514,16,1844,6,1454,9,1940,11
2514,16,1844,6,1454,9,1956,11
2514,16,1844,6,1454,9,1997,11
2514,16,1844,6,1454,9,2068,11
2514,16,1844,6,1454,9,2079,11
2514,16,1844,6,1454,9,2123,11
2514,16,1844,6,1454,9,2196,11
2514,16,1844,6,1454,9,2206,11
2514,16,1844,6,1454,9,2216,11
2514,16,1844,6,1454,9,2244,11
2514,16,1844,6,1454,9,2259,11
2514,16,1844,6,1454,9,2261,11
2514,16,1844,6,1454,9,2289,11
2514,16,1844,6,1454,9,2359,11
2514,16,1844,6,1454,9,2370,11
2514,16,1844,6,1454,9,2405,11
2514,16,1844,6,1817,41,45,11
2514,16,1844,6,1817,41,159,11
2514,16,1844,6,1817,41,272,11
2514,16,1844,6,1817,41,338,11
2514,16,1844,6,1817,41,390,11
2514,16,1844,6,1817,41,457,11
2514,16,1844,6,1817,41,463,11
2514,16,1844,6,1817,41,620,11
2514,16,1844,6,1817,41,700,11
2514,16,1844,6,1817,41,742,11
2514,16,1844,6,1817,41,758,11
2514,16,1844,6,1817,41,879,11
2514,16,1844,6,1817,41,927,11
2514,16,1844,6,1817,41,979,11
2514,16,1844,6,1817,41,1003,11
2514,16,1844,6,1817,41,1044,11
2514,16,1844,6,1817,41,1068,11
2514,16,1844,6,1817,41,1153,11
2514,16,1844,6,1817,41,1186,11
2514,16,1844,6,1817,41,1194,11
2514,16,1844,6,1817,41,1259,11
2514,16,1844,6,1817,41,1260,11
2514,16,1844,6,1817,41,1312,11
2514,16,1844,6,1817,41,1388,11
2514,16,1844,6,1817,41,1391,11
2514,16,1844,6,1817,41,1422,11
2514,16,1844,6,1817,41,1556,11
2514,16,1844,6,1817,41,1568,11
2514,16,1844,6,1817,41,1599,11
2514,16,1844,6,1817,41,1747,11
2514,16,1844,6,1817,41,1773,11
2514,16,1844,6,1817,41,1799,11
2514,16,1844,6,1817,41,1818,11
2514,16,1844,6,1817,41,1873,11
2514,16,1844,6,1817,41,1940,11
2514,16,1844,6,1817,41,1956,11
2514,16,1844,6,1817,41,1997,11
2514,16,1844,6,1817,41,2068,11
2514,16,1844,6,1817,41,2079,11
2514,16,1844,6,1817,41,2123,11
2514,16,1844,6,1817,41,2196,11
2514,16,1844,6,1817,41,2206,11
2514,16,1844,6,1817,41,2216,11
2514,16,1844,6,1817,41,2244,11
2514,16,1844,6,1817,41,2259,11
2514,16,1844,6,1817,41,2261,11
2514,16,1844,6,1817,41,2289,11
2514,16,1844,6,1817,41,2359,11
2514,16,1844,6,1817,41,2370,11
2514,16,1844,6,1817,41,2405,11
2514,16,1844,6,1900,30,45,11
2514,16,1844,6,1900,30,159,11
2514,16,1844,6,1900,30,272,11
2514,16,1844,6,1900,30,338,11
2514,16,1844,6,1900,30,390,11
2514,16,1844,6,1900,30,457,11
2514,16,1844,6,1900,30,463,11
2514,16,1844,6,1900,30,620,11
2514,16,1844,6,1900,30,700,11
2514,16,1844,6,1900,30,742,11
2514,16,1844,6,1900,30,758,11
2514,16,1844,6,1900,30,879,11
2514,16,1844,6,1900,30,927,11
2514,16,1844,6,1900,30,979,11
2514,16,1844,6,1900,30,1003,11
2514,16,1844,6,1900,30,1044,11
2514,16,1844,6,1900,30,1068,11
2514,16,1844,6,1900,30,1153,11
2514,16,1844,6,1900,30,1186,11
2514,16,1844,6,1900,30,1194,11
2514,16,1844,6,1900,30,1259,11
2514,16,1844,6,1900,30,1260,11
2514,16,1844,6,1900,30,1312,11
2514,16,1844,6,1900,30,1388,11
2514,16,1844,6,1900,30,1391,11
2514,16,1844,6,1900,30,1422,11
2514,16,1844,6,1900,30,1556,11
2514,16,1844,6,1900,30,1568,11
2514,16,1844,6,1900,30,1599,11
2514,16,1844,6,1900,30,1747,11
2514,16,1844,6,1900,30,1773,11
2514,16,1844,6,1900,30,1799,11
2514,16,1844,6,1900,30,1818,11
2514,16,1844,6,1900,30,1873,11
2514,16,1844,6,1900,30,1940,11
2514,16,1844,6,1900,30,1956,11
2514,16,1844,6,1900,30,1997,11
2514,16,1844,6,1900,30,2068,11
2514,16,1844,6,1900,30,2079,11
2514,16,1844,6,1900,30,2123,11
2514,16,1844,6,1900,30,2196,11
2514,16,1844,6,1900,30,2206,11
2514,16,1844,6,1900,30,2216,11
2514,16,1844,6,1900,30,2244,11
2514,16,1844,6,1900,30,2259,11
2514,16,1844,6,1900,30,2261,11
2514,16,1844,6,1900,30,2289,11
2514,16,1844,6,1900,30,2359,11
2514,16,1844,6,1900,30,2370,11
2514,16,1844,6,1900,30,2405,11
2514,16,1844,6,1991,32,45,11
2514,16,1844,6,1991,32,159,11
2514,16,1844,6,1991,32,272,11
2514,16,1844,6,1991,32,338,11
2514,16,1844,6,1991,32,390,11
2514,16,1844,6,1991,32,457,11
2514,16,1844,6,1991,32,463,11
2514,16,1844,6,1991,32,620,11
2514,16,1844,6,1991,32,700,11
2514,16,1844,6,1991,32,742,11
2514,16,1844,6,1991,32,758,11
2514,16,1844,6,1991,32,879,11
2514,16,1844,6,1991,32,927,11
2514,16,1844,6,1991,32,979,11
2514,16,1844,6,1991,32,1003,11
2514,16,1844,6,1991,32,1044,11
2514,16,1844,6,1991,32,1068,11
2514,16,1844,6,1991,32,1153,11
2514,16,1844,6,1991,32,1186,11
2514,16,1844,6,1991,32,1194,11
2514,16,1844,6,1991,32,1259,11
2514,16,1844,6,1991,32,1260,11
2514,16,1844,6,1991,32,1312,11
2514,16,1844,6,1991,32,1388,11
2514,16,1844,6,1991,32,1391,11
2514,16,1844,6,1991,32,1422,11
2514,16,1844,6,1991,32,1556,11
2514,16,1844,6,1991,32,1568,11
2514,16,1844,6,1991,32,1599,11
2514,16,1844,6,1991,32,1747,11
2514,16,1844,6,1991,32,1773,11
2514,16,1844,6,1991,32,1799,11
2514,16,1844,6,1991,32,1818,11
2514,16,1844,6,1991,32,1873,11
2514,16,1844,6,1991,32,1940,11
2514,16,1844,6,1991,32,1956,11
2514,16,1844,6,1991,32,1997,11
2514,16,1844,6,1991,32,2068,11
2514,16,1844,6,1991,32,2079,11
2514,16,1844,6,1991,32,2123,11
2514,16,1844,6,1991,32,2196,11
2514,16,1844,6,1991,32,2206,11
2514,16,1844,6,1991,32,2216,11
2514,16,1844,6,1991,32,2244,11
2514,16,1844,6,1991,32,2259,11
2514,16,1844,6,1991,32,2261,11
2514,16,1844,6,1991,32,2289,11
2514,16,1844,6,1991,32,2359,11
2514,16,1844,6,1991,32,2370,11
2514,16,1844,6,1991,32,2405,11
