2514,16,809,17,90,19,45,11
2514,16,809,17,90,19,159,11
2514,16,809,17,90,19,272,11
2514,16,809,17,90,19,338,11
2514,16,809,17,90,19,390,11
2514,16,809,17,90,19,457,11
2514,16,809,17,90,19,463,11
2514,16,809,17,90,19,620,11
2514,16,809,17,90,19,700,11
2514,16,809,17,90,19,742,11
2514,16,809,17,90,19,758,11
2514,16,809,17,90,19,879,11
2514,16,809,17,90,19,927,11
2514,16,809,17,90,19,979,11
2514,16,809,17,90,19,1003,11
2514,16,809,17,90,19,1044,11
2514,16,809,17,90,19,1068,11
2514,16,809,17,90,19,1153,11
2514,16,809,17,90,19,1186,11
2514,16,809,17,90,19,1194,11
2514,16,809,17,90,19,1259,11
2514,16,809,17,90,19,1260,11
2514,16,809,17,90,19,1312,11
2514,16,809,17,90,19,1388,11
2514,16,809,17,90,19,1391,11
2514,16,809,17,90,19,1422,11
2514,16,809,17,90,19,1556,11
2514,16,809,17,90,19,1568,11
2514,16,809,17,90,19,1599,11
2514,16,809,17,90,19,1747,11
2514,16,809,17,90,19,1773,11
2514,16,809,17,90,19,1799,11
2514,16,809,17,90,19,1818,11
2514,16,809,17,90,19,1873,11
2514,16,809,17,90,19,1940,11
2514,16,809,17,90,19,1956,11
2514,16,809,17,90,19,1997,11
2514,16,809,17,90,19,2068,11
2514,16,809,17,90,19,2079,11
2514,16,809,17,90,19,2123,11
2514,16,809,17,90,19,2196,11
2514,16,809,17,90,19,2206,11
2514,16,809,17,90,19,2216,11
2514,16,809,17,90,19,2244,11
2514,16,809,17,90,19,2259,11
2514,16,809,17,90,19,2261,11
2514,16,809,17,90,19,2289,11
2514,16,809,17,90,19,2359,11
2514,16,809,17,90,19,2370,11
2514,16,809,17,90,19,2405,11
2514,16,809,17,131,26,45,11
2514,16,809,17,131,26,159,11
2514,16,809,17,131,26,272,11
2514,16,809,17,131,26,338,11
2514,16,809,17,131,26,390,11
2514,16,809,17,131,26,457,11
2514,16,809,17,131,26,463,11
2514,16,809,17,131,26,620,11
2514,16,809,17,131,26,700,11
2514,16,809,17,131,26,742,11
2514,16,809,17,131,26,758,11
2514,16,809,17,131,26,879,11
2514,16,809,17,131,26,927,11
2514,16,809,17,131,26,979,11
2514,16,809,17,131,26,1003,11
2514,16,809,17,131,26,1044,11
2514,16,809,17,131,26,1068,11
2514,16,809,17,131,26,1153,11
2514,16,809,17,131,26,1186,11
2514,16,809,17,131,26,1194,11
2514,16,809,17,131,26,1259,11
2514,16,809,17,131,26,1260,11
2514,16,809,17,131,26,1312,11
2514,16,809,17,131,26,1388,11
2514,16,809,17,131,26,1391,11
2514,16,809,17,131,26,1422,11
2514,16,809,17,131,26,1556,11
2514,16,809,17,131,26,1568,11
2514,16,809,17,131,26,1599,11
2514,16,809,17,131,26,1747,11
2514,16,809,17,131,26,1773,11
2514,16,809,17,131,26,1799,11
2514,16,809,17,131,26,1818,11
2514,16,809,17,131,26,1873,11
2514,16,809,17,131,26,1940,11
2514,16,809,17,131,26,1956,11
2514,16,809,17,131,26,1997,11
2514,16,809,17,131,26,2068,11
2514,16,809,17,131,26,2079,11
2514,16,809,17,131,26,2123,11
2514,16,809,17,131,26,2196,11
2514,16,809,17,131,26,2206,11
2514,16,809,17,131,26,2216,11
2514,16,809,17,131,26,2244,11
2514,16,809,17,131,26,2259,11
2514,16,809,17,131,26,2261,11
2514,16,809,17,131,26,2289,11
2514,16,809,17,131,26,2359,11
2514,16,809,17,131,26,2370,11
2514,16,809,17,131,26,2405,11
2514,16,809,17,325,16,45,11
2514,16,809,17,325,16,159,11
2514,16,809,17,325,16,272,11
2514,16,809,17,325,16,338,11
2514,16,809,17,325,16,390,11
2514,16,809,17,325,16,463,11
2514,16,809,17,325,16,620,11
2514,16,809,17,325,16,742,11
2514,16,809,17,325,16,758,11
2514,16,809,17,325,16,879,11
2514,16,809,17,325,16,979,11
2514,16,809,17,325,16,1044,11
2514,16,809,17,325,16,1068,11
2514,16,809,17,325,16,1186,11
2514,16,809,17,325,16,1259,11
2514,16,809,17,325,16,1260,11
2514,16,809,17,325,16,1312,11
2514,16,809,17,325,16,1388,11
2514,16,809,17,325,16,1391,11
2514,16,809,17,325,16,1422,11
2514,16,809,17,325,16,1556,11
2514,16,809,17,325,16,1747,11
2514,16,809,17,325,16,1773,11
2514,16,809,17,325,16,1799,11
2514,16,809,17,325,16,1873,11
2514,16,809,17,325,16,1956,11
2514,16,809,17,325,16,1997,11
2514,16,809,17,325,16,2068,11
2514,16,809,17,325,16,2079,11
2514,16,809,17,325,16,2123,11
2514,16,809,17,325,16,2196,11
2514,16,809,17,325,16,2206,11
2514,16,809,17,325,16,2216,11
2514,16,809,17,325,16,2244,11
2514,16,809,17,325,16,2259,11
2514,16,809,17,325,16,2261,11
2514,16,809,17,325,16,2289,11
2514,16,809,17,325,16,2359,11
2514,16,809,17,325,16,2370,11
2514,16,809,17,325,16,2405,11
2514,16,809,17,343,14,45,11
2514,16,809,17,343,14,159,11
2514,16,809,17,343,14,272,11
2514,16,809,17,343,14,338,11
2514,16,809,17,343,14,390,11
2514,16,809,17,343,14,457,11
2514,16,809,17,343,14,463,11
2514,16,809,17,343,14,620,11
2514,16,809,17,343,14,700,11
2514,16,809,17,343,14,742,11
2514,16,809,17,343,14,758,11
2514,16,809,17,343,14,879,11
2514,16,809,17,343,14,927,11
2514,16,809,17,343,14,979,11
2514,16,809,17,343,14,1003,11
2514,16,809,17,343,14,1044,11
2514,16,809,17,343,14,1068,11
2514,16,809,17,343,14,1153,11
2514,16,809,17,343,14,1186,11
2514,16,809,17,343,14,1194,11
2514,16,809,17,343,14,1259,11
2514,16,809,17,343,14,1260,11
2514,16,809,17,343,14,1312,11
2514,16,809,17,343,14,1388,11
2514,16,809,17,343,14,1391,11
2514,16,809,17,343,14,1422,11
2514,16,809,17,343,14,1556,11
2514,16,809,17,343,14,1568,11
2514,16,809,17,343,14,1599,11
2514,16,809,17,343,14,1747,11
2514,16,809,17,343,14,1773,11
2514,16,809,17,343,14,1799,11
2514,16,809,17,343,14,1818,11
2514,16,809,17,343,14,1873,11
2514,16,809,17,343,14,1940,11
2514,16,809,17,343,14,1956,11
2514,16,809,17,343,14,1997,11
2514,16,809,17,343,14,2068,11
2514,16,809,17,343,14,2079,11
2514,16,809,17,343,14,2123,11
2514,16,809,17,343,14,2196,11
2514,16,809,17,343,14,2206,11
2514,16,809,17,343,14,2216,11
2514,16,809,17,343,14,2244,11
2514,16,809,17,343,14,2259,11
2514,16,809,17,343,14,2261,11
2514,16,809,17,343,14,2289,11
2514,16,809,17,343,14,2359,11
2514,16,809,17,343,14,2370,11
2514,16,809,17,343,14,2405,11
2514,16,809,17,478,34,45,11
2514,16,809,17,478,34,159,11
2514,16,809,17,478,34,272,11
2514,16,809,17,478,34,338,11
2514,16,809,17,478,34,390,11
2514,16,809,17,478,34,457,11
2514,16,809,17,478,34,463,11
2514,16,809,17,478,34,620,11
2514,16,809,17,478,34,700,11
2514,16,809,17,478,34,742,11
2514,16,809,17,478,34,758,11
2514,16,809,17,478,34,879,11
2514,16,809,17,478,34,927,11
2514,16,809,17,478,34,979,11
2514,16,809,17,478,34,1003,11
2514,16,809,17,478,34,1044,11
2514,16,809,17,478,34,1068,11
2514,16,809,17,478,34,1153,11
2514,16,809,17,478,34,1186,11
2514,16,809,17,478,34,1194,11
2514,16,809,17,478,34,1259,11
2514,16,809,17,478,34,1260,11
2514,16,809,17,478,34,1312,11
2514,16,809,17,478,34,1388,11
2514,16,809,17,478,34,1391,11
2514,16,809,17,478,34,1422,11
2514,16,809,17,478,34,1556,11
2514,16,809,17,478,34,1568,11
2514,16,809,17,478,34,1599,11
2514,16,809,17,478,34,1747,11
2514,16,809,17,478,34,1773,11
2514,16,809,17,478,34,1799,11
2514,16,809,17,478,34,1818,11
2514,16,809,17,478,34,1873,11
2514,16,809,17,478,34,1940,11
2514,16,809,17,478,34,1956,11
2514,16,809,17,478,34,1997,11
2514,16,809,17,478,34,2068,11
2514,16,809,17,478,34,2079,11
2514,16,809,17,478,34,2123,11
2514,16,809,17,478,34,2196,11
2514,16,809,17,478,34,2206,11
2514,16,809,17,478,34,2216,11
2514,16,809,17,478,34,2244,11
2514,16,809,17,478,34,2259,11
2514,16,809,17,478,34,2261,11
2514,16,809,17,478,34,2289,11
2514,16,809,17,478,34,2359,11
2514,16,809,17,478,34,2370,11
2514,16,809,17,478,34,2405,11
2514,16,809,17,618,42,45,11
2514,16,809,17,618,42,159,11
2514,16,809,17,618,42,272,11
2514,16,809,17,618,42,338,11
2514,16,809,17,618,42,390,11
2514,16,809,17,618,42,457,11
2514,16,809,17,618,42,463,11
2514,16,809,17,618,42,620,11
2514,16,809,17,618,42,700,11
2514,16,809,17,618,42,742,11
2514,16,809,17,618,42,758,11
2514,16,809,17,618,42,879,11
2514,16,809,17,618,42,927,11
2514,16,809,17,618,42,979,11
2514,16,809,17,618,42,1003,11
2514,16,809,17,618,42,1044,11
2514,16,809,17,618,42,1068,11
2514,16,809,17,618,42,1153,11
2514,16,809,17,618,42,1186,11
2514,16,809,17,618,42,1194,11
2514,16,809,17,618,42,1259,11
2514,16,809,17,618,42,1260,11
2514,16,809,17,618,42,1312,11
2514,16,809,17,618,42,1388,11
2514,16,809,17,618,42,1391,11
2514,16,809,17,618,42,1422,11
2514,16,809,17,618,42,1556,11
2514,16,809,17,618,42,1568,11
2514,16,809,17,618,42,1599,11
2514,16,809,17,618,42,1747,11
2514,16,809,17,618,42,1773,11
2514,16,809,17,618,42,1799,11
2514,16,809,17,618,42,1818,11
2514,16,809,17,618,42,1873,11
2514,16,809,17,618,42,1940,11
2514,16,809,17,618,42,1956,11
2514,16,809,17,618,42,1997,11
2514,16,809,17,618,42,2068,11
2514,16,809,17,618,42,2079,11
2514,16,809,17,618,42,2123,11
2514,16,809,17,618,42,2196,11
2514,16,809,17,618,42,2206,11
2514,16,809,17,618,42,2216,11
2514,16,809,17,618,42,2244,11
2514,16,809,17,618,42,2259,11
2514,16,809,17,618,42,2261,11
2514,16,809,17,618,42,2289,11
2514,16,809,17,618,42,2359,11
2514,16,809,17,618,42,2370,11
2514,16,809,17,618,42,2405,11
2514,16,809,17,755,32,45,11
2514,16,809,17,755,32,159,11
2514,16,809,17,755,32,272,11
2514,16,809,17,755,32,338,11
2514,16,809,17,755,32,390,11
2514,16,809,17,755,32,457,11
2514,16,809,17,755,32,463,11
2514,16,809,17,755,32,620,11
2514,16,809,17,755,32,700,11
2514,16,809,17,755,32,742,11
2514,16,809,17,755,32,758,11
2514,16,809,17,755,32,879,11
2514,16,809,17,755,32,927,11
2514,16,809,17,755,32,979,11
2514,16,809,17,755,32,1003,11
2514,16,809,17,755,32,1044,11
2514,16,809,17,755,32,1068,11
2514,16,809,17,755,32,1153,11
2514,16,809,17,755,32,1186,11
2514,16,809,17,755,32,1194,11
2514,16,809,17,755,32,1259,11
2514,16,809,17,755,32,1260,11
2514,16,809,17,755,32,1312,11
2514,16,809,17,755,32,1388,11
2514,16,809,17,755,32,1391,11
2514,16,809,17,755,32,1422,11
2514,16,809,17,755,32,1556,11
2514,16,809,17,755,32,1568,11
2514,16,809,17,755,32,1599,11
2514,16,809,17,755,32,1747,11
2514,16,809,17,755,32,1773,11
2514,16,809,17,755,32,1799,11
2514,16,809,17,755,32,1818,11
2514,16,809,17,755,32,1873,11
2514,16,809,17,755,32,1940,11
2514,16,809,17,755,32,1956,11
2514,16,809,17,755,32,1997,11
2514,16,809,17,755,32,2068,11
2514,16,809,17,755,32,2079,11
2514,16,809,17,755,32,2123,11
2514,16,809,17,755,32,2196,11
2514,16,809,17,755,32,2206,11
2514,16,809,17,755,32,2216,11
2514,16,809,17,755,32,2244,11
2514,16,809,17,755,32,2259,11
2514,16,809,17,755,32,2261,11
2514,16,809,17,755,32,2289,11
2514,16,809,17,755,32,2359,11
2514,16,809,17,755,32,2370,11
2514,16,809,17,755,32,2405,11
2514,16,809,17,875,40,45,11
2514,16,809,17,875,40,159,11
2514,16,809,17,875,40,272,11
2514,16,809,17,875,40,338,11
2514,16,809,17,875,40,390,11
2514,16,809,17,875,40,457,11
2514,16,809,17,875,40,463,11
2514,16,809,17,875,40,620,11
2514,16,809,17,875,40,700,11
2514,16,809,17,875,40,742,11
2514,16,809,17,875,40,758,11
2514,16,809,17,875,40,879,11
2514,16,809,17,875,40,927,11
2514,16,809,17,875,40,979,11
2514,16,809,17,875,40,1003,11
2514,16,809,17,875,40,1044,11
2514,16,809,17,875,40,1068,11
2514,16,809,17,875,40,1153,11
2514,16,809,17,875,40,1186,11
2514,16,809,17,875,40,1194,11
2514,16,809,17,875,40,1259,11
2514,16,809,17,875,40,1260,11
2514,16,809,17,875,40,1312,11
2514,16,809,17,875,40,1388,11
2514,16,809,17,875,40,1391,11
2514,16,809,17,875,40,1422,11
2514,16,809,17,875,40,1556,11
2514,16,809,17,875,40,1568,11
2514,16,809,17,875,40,1599,11
2514,16,809,17,875,40,1747,11
2514,16,809,17,875,40,1773,11
2514,16,809,17,875,40,1799,11
2514,16,809,17,875,40,1818,11
2514,16,809,17,875,40,1873,11
2514,16,809,17,875,40,1940,11
2514,16,809,17,875,40,1956,11
2514,16,809,17,875,40,1997,11
2514,16,809,17,875,40,2068,11
2514,16,809,17,875,40,2079,11
2514,16,809,17,875,40,2123,11
2514,16,809,17,875,40,2196,11
2514,16,809,17,875,40,2206,11
2514,16,809,17,875,40,2216,11
2514,16,809,17,875,40,2244,11
2514,16,809,17,875,40,2259,11
2514,16,809,17,875,40,2261,11
2514,16,809,17,875,40,2289,11
2514,16,809,17,875,40,2359,11
2514,16,809,17,875,40,2370,11
2514,16,809,17,875,40,2405,11
2514,16,809,17,1176,9,45,11
2514,16,809,17,1176,9,159,11
2514,16,809,17,1176,9,272,11
2514,16,809,17,1176,9,338,11
2514,16,809,17,1176,9,390,11
2514,16,809,17,1176,9,457,11
2514,16,809,17,1176,9,463,11
2514,16,809,17,1176,9,620,11
2514,16,809,17,1176,9,700,11
2514,16,809,17,1176,9,742,11
2514,16,809,17,1176,9,758,11
2514,16,809,17,1176,9,879,11
2514,16,809,17,1176,9,927,11
2514,16,809,17,1176,9,979,11
2514,16,809,17,1176,9,1003,11
2514,16,809,17,1176,9,1044,11
2514,16,809,17,1176,9,1068,11
2514,16,809,17,1176,9,1153,11
2514,16,809,17,1176,9,1186,11
2514,16,809,17,1176,9,1194,11
2514,16,809,17,1176,9,1259,11
2514,16,809,17,1176,9,1260,11
2514,16,809,17,1176,9,1312,11
2514,16,809,17,1176,9,1388,11
2514,16,809,17,1176,9,1391,11
2514,16,809,17,1176,9,1422,11
2514,16,809,17,1176,9,1556,11
2514,16,809,17,1176,9,1568,11
2514,16,809,17,1176,9,1599,11
2514,16,809,17,1176,9,1747,11
2514,16,809,17,1176,9,1773,11
2514,16,809,17,1176,9,1799,11
2514,16,809,17,1176,9,1818,11
2514,16,809,17,1176,9,1873,11
2514,16,809,17,1176,9,1940,11
2514,16,809,17,1176,9,1956,11
2514,16,809,17,1176,9,1997,11
2514,16,809,17,1176,9,2068,11
2514,16,809,17,1176,9,2079,11
2514,16,809,17,1176,9,2123,11
2514,16,809,17,1176,9,2196,11
2514,16,809,17,1176,9,2206,11
2514,16,809,17,1176,9,2216,11
2514,16,809,17,1176,9,2244,11
2514,16,809,17,1176,9,2259,11
2514,16,809,17,1176,9,2261,11
2514,16,809,17,1176,9,2289,11
2514,16,809,17,1176,9,2359,11
2514,16,809,17,1176,9,2370,11
2514,16,809,17,1176,9,2405,11
2514,16,809,17,1672,16,45,11
2514,16,809,17,1672,16,159,11
2514,16,809,17,1672,16,272,11
2514,16,809,17,1672,16,338,11
2514,16,809,17,1672,16,390,11
2514,16,809,17,1672,16,457,11
2514,16,809,17,1672,16,463,11
2514,16,809,17,1672,16,620,11
2514,16,809,17,1672,16,700,11
2514,16,809,17,1672,16,742,11
2514,16,809,17,1672,16,758,11
2514,16,809,17,1672,16,879,11
2514,16,809,17,1672,16,927,11
2514,16,809,17,1672,16,979,11
2514,16,809,17,1672,16,1003,11
2514,16,809,17,1672,16,1044,11
2514,16,809,17,1672,16,1068,11
2514,16,809,17,1672,16,1153,11
2514,16,809,17,1672,16,1186,11
2514,16,809,17,1672,16,1194,11
2514,16,809,17,1672,16,1259,11
2514,16,809,17,1672,16,1260,11
2514,16,809,17,1672,16,1312,11
2514,16,809,17,1672,16,1388,11
2514,16,809,17,1672,16,1391,11
2514,16,809,17,1672,16,1422,11
2514,16,809,17,1672,16,1556,11
2514,16,809,17,1672,16,1568,11
2514,16,809,17,1672,16,1599,11
2514,16,809,17,1672,16,1747,11
2514,16,809,17,1672,16,1773,11
2514,16,809,17,1672,16,1799,11
2514,16,809,17,1672,16,1818,11
2514,16,809,17,1672,16,1873,11
2514,16,809,17,1672,16,1940,11
2514,16,809,17,1672,16,1956,11
2514,16,809,17,1672,16,1997,11
2514,16,809,17,1672,16,2068,11
2514,16,809,17,1672,16,2079,11
2514,16,809,17,1672,16,2123,11
2514,16,809,17,1672,16,2196,11
2514,16,809,17,1672,16,2206,11
2514,16,809,17,1672,16,2216,11
2514,16,809,17,1672,16,2244,11
2514,16,809,17,1672,16,2259,11
2514,16,809,17,1672,16,2261,11
2514,16,809,17,1672,16,2289,11
2514,16,809,17,1672,16,2359,11
2514,16,809,17,1672,16,2370,11
2514,16,809,17,1672,16,2405,11
2514,16,809,17,1710,41,45,11
2514,16,809,17,1710,41,159,11
2514,16,809,17,1710,41,272,11
2514,16,809,17,1710,41,338,11
2514,16,809,17,1710,41,390,11
2514,16,809,17,1710,41,457,11
2514,16,809,17,1710,41,463,11
2514,16,809,17,1710,41,620,11
2514,16,809,17,1710,41,700,11
2514,16,809,17,1710,41,742,11
2514,16,809,17,1710,41,758,11
2514,16,809,17,1710,41,879,11
2514,16,809,17,1710,41,927,11
2514,16,809,17,1710,41,979,11
2514,16,809,17,1710,41,1003,11
2514,16,809,17,1710,41,1044,11
2514,16,809,17,1710,41,1068,11
2514,16,809,17,1710,41,1153,11
2514,16,809,17,1710,41,1186,11
2514,16,809,17,1710,41,1194,11
2514,16,809,17,1710,41,1259,11
2514,16,809,17,1710,41,1260,11
2514,16,809,17,1710,41,1312,11
2514,16,809,17,1710,41,1388,11
2514,16,809,17,1710,41,1391,11
2514,16,809,17,1710,41,1422,11
2514,16,809,17,1710,41,1556,11
2514,16,809,17,1710,41,1568,11
2514,16,809,17,1710,41,1599,11
2514,16,809,17,1710,41,1747,11
2514,16,809,17,1710,41,1773,11
2514,16,809,17,1710,41,1799,11
2514,16,809,17,1710,41,1818,11
2514,16,809,17,1710,41,1873,11
2514,16,809,17,1710,41,1940,11
2514,16,809,17,1710,41,1956,11
2514,16,809,17,1710,41,1997,11
2514,16,809,17,1710,41,2068,11
2514,16,809,17,1710,41,2079,11
2514,16,809,17,1710,41,2123,11
2514,16,809,17,1710,41,2196,11
2514,16,809,17,1710,41,2206,11
2514,16,809,17,1710,41,2216,11
2514,16,809,17,1710,41,2244,11
2514,16,809,17,1710,41,2259,11
2514,16,809,17,1710,41,2261,11
2514,16,809,17,1710,41,2289,11
2514,16,809,17,1710,41,2359,11
2514,16,809,17,1710,41,2370,11
2514,16,809,17,1710,41,2405,11
2514,16,809,17,1729,17,45,11
2514,16,809,17,1729,17,159,11
2514,16,809,17,1729,17,272,11
2514,16,809,17,1729,17,338,11
2514,16,809,17,1729,17,390,11
2514,16,809,17,1729,17,457,11
2514,16,809,17,1729,17,463,11
2514,16,809,17,1729,17,620,11
2514,16,809,17,1729,17,700,11
2514,16,809,17,1729,17,742,11
2514,16,809,17,1729,17,758,11
2514,16,809,17,1729,17,879,11
2514,16,809,17,1729,17,927,11
2514,16,809,17,1729,17,979,11
2514,16,809,17,1729,17,1003,11
2514,16,809,17,1729,17,1044,11
2514,16,809,17,1729,17,1068,11
2514,16,809,17,1729,17,1153,11
2514,16,809,17,1729,17,1186,11
2514,16,809,17,1729,17,1194,11
2514,16,809,17,1729,17,1259,11
2514,16,809,17,1729,17,1260,11
2514,16,809,17,1729,17,1312,11
2514,16,809,17,1729,17,1388,11
2514,16,809,17,1729,17,1391,11
2514,16,809,17,1729,17,1422,11
2514,16,809,17,1729,17,1556,11
2514,16,809,17,1729,17,1568,11
2514,16,809,17,1729,17,1599,11
2514,16,809,17,1729,17,1747,11
2514,16,809,17,1729,17,1773,11
2514,16,809,17,1729,17,1799,11
2514,16,809,17,1729,17,1818,11
2514,16,809,17,1729,17,1873,11
2514,16,809,17,1729,17,1940,11
2514,16,809,17,1729,17,1956,11
2514,16,809,17,1729,17,1997,11
2514,16,809,17,1729,17,2068,11
2514,16,809,17,1729,17,2079,11
2514,16,809,17,1729,17,2123,11
2514,16,809,17,1729,17,2196,11
2514,16,809,17,1729,17,2206,11
2514,16,809,17,1729,17,2216,11
2514,16,809,17,1729,17,2244,11
2514,16,809,17,1729,17,2259,11
2514,16,809,17,1729,17,2261,11
2514,16,809,17,1729,17,2289,11
2514,16,809,17,1729,17,2359,11
2514,16,809,17,1729,17,2370,11
2514,16,809,17,1729,17,2405,11
2514,16,809,17,1953,29,45,11
2514,16,809,17,1953,29,159,11
2514,16,809,17,1953,29,272,11
2514,16,809,17,1953,29,338,11
2514,16,809,17,1953,29,390,11
2514,16,809,17,1953,29,457,11
2514,16,809,17,1953,29,463,11
2514,16,809,17,1953,29,620,11
2514,16,809,17,1953,29,700,11
2514,16,809,17,1953,29,742,11
2514,16,809,17,1953,29,758,11
2514,16,809,17,1953,29,879,11
2514,16,809,17,1953,29,927,11
2514,16,809,17,1953,29,979,11
2514,16,809,17,1953,29,1003,11
2514,16,809,17,1953,29,1044,11
2514,16,809,17,1953,29,1068,11
2514,16,809,17,1953,29,1153,11
2514,16,809,17,1953,29,1186,11
2514,16,809,17,1953,29,1194,11
2514,16,809,17,1953,29,1259,11
2514,16,809,17,1953,29,1260,11
2514,16,809,17,1953,29,1312,11
2514,16,809,17,1953,29,1388,11
2514,16,809,17,1953,29,1391,11
2514,16,809,17,1953,29,1422,11
2514,16,809,17,1953,29,1556,11
2514,16,809,17,1953,29,1568,11
2514,16,809,17,1953,29,1599,11
2514,16,809,17,1953,29,1747,11
2514,16,809,17,1953,29,1773,11
2514,16,809,17,1953,29,1799,11
2514,16,809,17,1953,29,1818,11
2514,16,809,17,1953,29,1873,11
2514,16,809,17,1953,29,1940,11
2514,16,809,17,1953,29,1956,11
2514,16,809,17,1953,29,1997,11
2514,16,809,17,1953,29,2068,11
2514,16,809,17,1953,29,2079,11
2514,16,809,17,1953,29,2123,11
2514,16,809,17,1953,29,2196,11
2514,16,809,17,1953,29,2206,11
2514,16,809,17,1953,29,2216,11
2514,16,809,17,1953,29,2244,11
2514,16,809,17,1953,29,2259,11
2514,16,809,17,1953,29,2261,11
2514,16,809,17,1953,29,2289,11
2514,16,809,17,1953,29,2359,11
2514,16,809,17,1953,29,2370,11
2514,16,809,17,1953,29,2405,11
