2514,16,1331,25,15,25,45,11
2514,16,1331,25,15,25,338,11
2514,16,1331,25,15,25,390,11
2514,16,1331,25,15,25,620,11
2514,16,1331,25,15,25,742,11
2514,16,1331,25,15,25,758,11
2514,16,1331,25,15,25,979,11
2514,16,1331,25,15,25,1044,11
2514,16,1331,25,15,25,1186,11
2514,16,1331,25,15,25,1259,11
2514,16,1331,25,15,25,1312,11
2514,16,1331,25,15,25,1773,11
2514,16,1331,25,15,25,1799,11
2514,16,1331,25,15,25,1956,11
2514,16,1331,25,15,25,1997,11
2514,16,1331,25,15,25,2206,11
2514,16,1331,25,15,25,2244,11
2514,16,1331,25,15,25,2261,11
2514,16,1331,25,15,25,2289,11
2514,16,1331,25,15,25,2359,11
2514,16,1331,25,85,46,45,11
2514,16,1331,25,85,46,159,11
2514,16,1331,25,85,46,272,11
2514,16,1331,25,85,46,338,11
2514,16,1331,25,85,46,390,11
2514,16,1331,25,85,46,457,11
2514,16,1331,25,85,46,463,11
2514,16,1331,25,85,46,620,11
2514,16,1331,25,85,46,700,11
2514,16,1331,25,85,46,742,11
2514,16,1331,25,85,46,758,11
2514,16,1331,25,85,46,879,11
2514,16,1331,25,85,46,927,11
2514,16,1331,25,85,46,979,11
2514,16,1331,25,85,46,1003,11
2514,16,1331,25,85,46,1044,11
2514,16,1331,25,85,46,1068,11
2514,16,1331,25,85,46,1153,11
2514,16,1331,25,85,46,1186,11
2514,16,1331,25,85,46,1194,11
2514,16,1331,25,85,46,1259,11
2514,16,1331,25,85,46,1260,11
2514,16,1331,25,85,46,1312,11
2514,16,1331,25,85,46,1388,11
2514,16,1331,25,85,46,1391,11
2514,16,1331,25,85,46,1422,11
2514,16,1331,25,85,46,1556,11
2514,16,1331,25,85,46,1568,11
2514,16,1331,25,85,46,1599,11
2514,16,1331,25,85,46,1747,11
2514,16,1331,25,85,46,1773,11
2514,16,1331,25,85,46,1799,11
2514,16,1331,25,85,46,1818,11
2514,16,1331,25,85,46,1873,11
2514,16,1331,25,85,46,1940,11
2514,16,1331,25,85,46,1956,11
2514,16,1331,25,85,46,1997,11
2514,16,1331,25,85,46,2068,11
2514,16,1331,25,85,46,2079,11
2514,16,1331,25,85,46,2123,11
2514,16,1331,25,85,46,2196,11
2514,16,1331,25,85,46,2206,11
2514,16,1331,25,85,46,2216,11
2514,16,1331,25,85,46,2244,11
2514,16,1331,25,85,46,2259,11
2514,16,1331,25,85,46,2261,11
2514,16,1331,25,85,46,2289,11
2514,16,1331,25,85,46,2359,11
2514,16,1331,25,85,46,2370,11
2514,16,1331,25,85,46,2405,11
2514,16,1331,25,316,33,45,11
2514,16,1331,25,316,33,159,11
2514,16,1331,25,316,33,272,11
2514,16,1331,25,316,33,338,11
2514,16,1331,25,316,33,390,11
2514,16,1331,25,316,33,457,11
2514,16,1331,25,316,33,463,11
2514,16,1331,25,316,33,620,11
2514,16,1331,25,316,33,700,11
2514,16,1331,25,316,33,742,11
2514,16,1331,25,316,33,758,11
2514,16,1331,25,316,33,879,11
2514,16,1331,25,316,33,927,11
2514,16,1331,25,316,33,979,11
2514,16,1331,25,316,33,1003,11
2514,16,1331,25,316,33,1044,11
2514,16,1331,25,316,33,1068,11
2514,16,1331,25,316,33,1153,11
2514,16,1331,25,316,33,1186,11
2514,16,1331,25,316,33,1194,11
2514,16,1331,25,316,33,1259,11
2514,16,1331,25,316,33,1260,11
2514,16,1331,25,316,33,1312,11
2514,16,1331,25,316,33,1388,11
2514,16,1331,25,316,33,1391,11
2514,16,1331,25,316,33,1422,11
2514,16,1331,25,316,33,1556,11
2514,16,1331,25,316,33,1568,11
2514,16,1331,25,316,33,1599,11
2514,16,1331,25,316,33,1747,11
2514,16,1331,25,316,33,1773,11
2514,16,1331,25,316,33,1799,11
2514,16,1331,25,316,33,1818,11
2514,16,1331,25,316,33,1873,11
2514,16,1331,25,316,33,1940,11
2514,16,1331,25,316,33,1956,11
2514,16,1331,25,316,33,1997,11
2514,16,1331,25,316,33,2068,11
2514,16,1331,25,316,33,2079,11
2514,16,1331,25,316,33,2123,11
2514,16,1331,25,316,33,2196,11
2514,16,1331,25,316,33,2206,11
2514,16,1331,25,316,33,2216,11
2514,16,1331,25,316,33,2244,11
2514,16,1331,25,316,33,2259,11
2514,16,1331,25,316,33,2261,11
2514,16,1331,25,316,33,2289,11
2514,16,1331,25,316,33,2359,11
2514,16,1331,25,316,33,2370,11
2514,16,1331,25,316,33,2405,11
2514,16,1331,25,330,27,45,11
2514,16,1331,25,330,27,159,11
2514,16,1331,25,330,27,272,11
2514,16,1331,25,330,27,338,11
2514,16,1331,25,330,27,390,11
2514,16,1331,25,330,27,457,11
2514,16,1331,25,330,27,463,11
2514,16,1331,25,330,27,620,11
2514,16,1331,25,330,27,700,11
2514,16,1331,25,330,27,742,11
2514,16,1331,25,330,27,758,11
2514,16,1331,25,330,27,879,11
2514,16,1331,25,330,27,927,11
2514,16,1331,25,330,27,979,11
2514,16,1331,25,330,27,1003,11
2514,16,1331,25,330,27,1044,11
2514,16,1331,25,330,27,1068,11
2514,16,1331,25,330,27,1153,11
2514,16,1331,25,330,27,1186,11
2514,16,1331,25,330,27,1194,11
2514,16,1331,25,330,27,1259,11
2514,16,1331,25,330,27,1260,11
2514,16,1331,25,330,27,1312,11
2514,16,1331,25,330,27,1388,11
2514,16,1331,25,330,27,1391,11
2514,16,1331,25,330,27,1422,11
2514,16,1331,25,330,27,1556,11
2514,16,1331,25,330,27,1568,11
2514,16,1331,25,330,27,1599,11
2514,16,1331,25,330,27,1747,11
2514,16,1331,25,330,27,1773,11
2514,16,1331,25,330,27,1799,11
2514,16,1331,25,330,27,1818,11
2514,16,1331,25,330,27,1873,11
2514,16,1331,25,330,27,1940,11
2514,16,1331,25,330,27,1956,11
2514,16,1331,25,330,27,1997,11
2514,16,1331,25,330,27,2068,11
2514,16,1331,25,330,27,2079,11
2514,16,1331,25,330,27,2123,11
2514,16,1331,25,330,27,2196,11
2514,16,1331,25,330,27,2206,11
2514,16,1331,25,330,27,2216,11
2514,16,1331,25,330,27,2244,11
2514,16,1331,25,330,27,2259,11
2514,16,1331,25,330,27,2261,11
2514,16,1331,25,330,27,2289,11
2514,16,1331,25,330,27,2359,11
2514,16,1331,25,330,27,2370,11
2514,16,1331,25,330,27,2405,11
2514,16,1331,25,504,23,45,11
2514,16,1331,25,504,23,159,11
2514,16,1331,25,504,23,272,11
2514,16,1331,25,504,23,338,11
2514,16,1331,25,504,23,390,11
2514,16,1331,25,504,23,457,11
2514,16,1331,25,504,23,463,11
2514,16,1331,25,504,23,620,11
2514,16,1331,25,504,23,700,11
2514,16,1331,25,504,23,742,11
2514,16,1331,25,504,23,758,11
2514,16,1331,25,504,23,879,11
2514,16,1331,25,504,23,927,11
2514,16,1331,25,504,23,979,11
2514,16,1331,25,504,23,1003,11
2514,16,1331,25,504,23,1044,11
2514,16,1331,25,504,23,1068,11
2514,16,1331,25,504,23,1153,11
2514,16,1331,25,504,23,1186,11
2514,16,1331,25,504,23,1194,11
2514,16,1331,25,504,23,1259,11
2514,16,1331,25,504,23,1260,11
2514,16,1331,25,504,23,1312,11
2514,16,1331,25,504,23,1388,11
2514,16,1331,25,504,23,1391,11
2514,16,1331,25,504,23,1422,11
2514,16,1331,25,504,23,1556,11
2514,16,1331,25,504,23,1568,11
2514,16,1331,25,504,23,1599,11
2514,16,1331,25,504,23,1747,11
2514,16,1331,25,504,23,1773,11
2514,16,1331,25,504,23,1799,11
2514,16,1331,25,504,23,1818,11
2514,16,1331,25,504,23,1873,11
2514,16,1331,25,504,23,1940,11
2514,16,1331,25,504,23,1956,11
2514,16,1331,25,504,23,1997,11
2514,16,1331,25,504,23,2068,11
2514,16,1331,25,504,23,2079,11
2514,16,1331,25,504,23,2123,11
2514,16,1331,25,504,23,2196,11
2514,16,1331,25,504,23,2206,11
2514,16,1331,25,504,23,2216,11
2514,16,1331,25,504,23,2244,11
2514,16,1331,25,504,23,2259,11
2514,16,1331,25,504,23,2261,11
2514,16,1331,25,504,23,2289,11
2514,16,1331,25,504,23,2359,11
2514,16,1331,25,504,23,2370,11
2514,16,1331,25,504,23,2405,11
2514,16,1331,25,632,29,45,11
2514,16,1331,25,632,29,159,11
2514,16,1331,25,632,29,272,11
2514,16,1331,25,632,29,338,11
2514,16,1331,25,632,29,390,11
2514,16,1331,25,632,29,457,11
2514,16,1331,25,632,29,463,11
2514,16,1331,25,632,29,620,11
2514,16,1331,25,632,29,700,11
2514,16,1331,25,632,29,742,11
2514,16,1331,25,632,29,758,11
2514,16,1331,25,632,29,879,11
2514,16,1331,25,632,29,927,11
2514,16,1331,25,632,29,979,11
2514,16,1331,25,632,29,1003,11
2514,16,1331,25,632,29,1044,11
2514,16,1331,25,632,29,1068,11
2514,16,1331,25,632,29,1153,11
2514,16,1331,25,632,29,1186,11
2514,16,1331,25,632,29,1194,11
2514,16,1331,25,632,29,1259,11
2514,16,1331,25,632,29,1260,11
2514,16,1331,25,632,29,1312,11
2514,16,1331,25,632,29,1388,11
2514,16,1331,25,632,29,1391,11
2514,16,1331,25,632,29,1422,11
2514,16,1331,25,632,29,1556,11
2514,16,1331,25,632,29,1568,11
2514,16,1331,25,632,29,1599,11
2514,16,1331,25,632,29,1747,11
2514,16,1331,25,632,29,1773,11
2514,16,1331,25,632,29,1799,11
2514,16,1331,25,632,29,1818,11
2514,16,1331,25,632,29,1873,11
2514,16,1331,25,632,29,1940,11
2514,16,1331,25,632,29,1956,11
2514,16,1331,25,632,29,1997,11
2514,16,1331,25,632,29,2068,11
2514,16,1331,25,632,29,2079,11
2514,16,1331,25,632,29,2123,11
2514,16,1331,25,632,29,2196,11
2514,16,1331,25,632,29,2206,11
2514,16,1331,25,632,29,2216,11
2514,16,1331,25,632,29,2244,11
2514,16,1331,25,632,29,2259,11
2514,16,1331,25,632,29,2261,11
2514,16,1331,25,632,29,2289,11
2514,16,1331,25,632,29,2359,11
2514,16,1331,25,632,29,2370,11
2514,16,1331,25,632,29,2405,11
2514,16,1331,25,650,31,45,11
2514,16,1331,25,650,31,159,11
2514,16,1331,25,650,31,272,11
2514,16,1331,25,650,31,338,11
2514,16,1331,25,650,31,390,11
2514,16,1331,25,650,31,457,11
2514,16,1331,25,650,31,463,11
2514,16,1331,25,650,31,620,11
2514,16,1331,25,650,31,700,11
2514,16,1331,25,650,31,742,11
2514,16,1331,25,650,31,758,11
2514,16,1331,25,650,31,879,11
2514,16,1331,25,650,31,927,11
2514,16,1331,25,650,31,979,11
2514,16,1331,25,650,31,1003,11
2514,16,1331,25,650,31,1044,11
2514,16,1331,25,650,31,1068,11
2514,16,1331,25,650,31,1153,11
2514,16,1331,25,650,31,1186,11
2514,16,1331,25,650,31,1194,11
2514,16,1331,25,650,31,1259,11
2514,16,1331,25,650,31,1260,11
2514,16,1331,25,650,31,1312,11
2514,16,1331,25,650,31,1388,11
2514,16,1331,25,650,31,1391,11
2514,16,1331,25,650,31,1422,11
2514,16,1331,25,650,31,1556,11
2514,16,1331,25,650,31,1568,11
2514,16,1331,25,650,31,1599,11
2514,16,1331,25,650,31,1747,11
2514,16,1331,25,650,31,1773,11
2514,16,1331,25,650,31,1799,11
2514,16,1331,25,650,31,1818,11
2514,16,1331,25,650,31,1873,11
2514,16,1331,25,650,31,1940,11
2514,16,1331,25,650,31,1956,11
2514,16,1331,25,650,31,1997,11
2514,16,1331,25,650,31,2068,11
2514,16,1331,25,650,31,2079,11
2514,16,1331,25,650,31,2123,11
2514,16,1331,25,650,31,2196,11
2514,16,1331,25,650,31,2206,11
2514,16,1331,25,650,31,2216,11
2514,16,1331,25,650,31,2244,11
2514,16,1331,25,650,31,2259,11
2514,16,1331,25,650,31,2261,11
2514,16,1331,25,650,31,2289,11
2514,16,1331,25,650,31,2359,11
2514,16,1331,25,650,31,2370,11
2514,16,1331,25,650,31,2405,11
2514,16,1331,25,893,47,45,11
2514,16,1331,25,893,47,159,11
2514,16,1331,25,893,47,272,11
2514,16,1331,25,893,47,338,11
2514,16,1331,25,893,47,390,11
2514,16,1331,25,893,47,457,11
2514,16,1331,25,893,47,463,11
2514,16,1331,25,893,47,620,11
2514,16,1331,25,893,47,700,11
2514,16,1331,25,893,47,742,11
2514,16,1331,25,893,47,758,11
2514,16,1331,25,893,47,879,11
2514,16,1331,25,893,47,927,11
2514,16,1331,25,893,47,979,11
2514,16,1331,25,893,47,1003,11
2514,16,1331,25,893,47,1044,11
2514,16,1331,25,893,47,1068,11
2514,16,1331,25,893,47,1153,11
2514,16,1331,25,893,47,1186,11
2514,16,1331,25,893,47,1194,11
2514,16,1331,25,893,47,1259,11
2514,16,1331,25,893,47,1260,11
2514,16,1331,25,893,47,1312,11
2514,16,1331,25,893,47,1388,11
2514,16,1331,25,893,47,1391,11
2514,16,1331,25,893,47,1422,11
2514,16,1331,25,893,47,1556,11
2514,16,1331,25,893,47,1568,11
2514,16,1331,25,893,47,1599,11
2514,16,1331,25,893,47,1747,11
2514,16,1331,25,893,47,1773,11
2514,16,1331,25,893,47,1799,11
2514,16,1331,25,893,47,1818,11
2514,16,1331,25,893,47,1873,11
2514,16,1331,25,893,47,1940,11
2514,16,1331,25,893,47,1956,11
2514,16,1331,25,893,47,1997,11
2514,16,1331,25,893,47,2068,11
2514,16,1331,25,893,47,2079,11
2514,16,1331,25,893,47,2123,11
2514,16,1331,25,893,47,2196,11
2514,16,1331,25,893,47,2206,11
2514,16,1331,25,893,47,2216,11
2514,16,1331,25,893,47,2244,11
2514,16,1331,25,893,47,2259,11
2514,16,1331,25,893,47,2261,11
2514,16,1331,25,893,47,2289,11
2514,16,1331,25,893,47,2359,11
2514,16,1331,25,893,47,2370,11
2514,16,1331,25,893,47,2405,11
2514,16,1331,25,963,10,45,11
2514,16,1331,25,963,10,159,11
2514,16,1331,25,963,10,272,11
2514,16,1331,25,963,10,338,11
2514,16,1331,25,963,10,390,11
2514,16,1331,25,963,10,457,11
2514,16,1331,25,963,10,463,11
2514,16,1331,25,963,10,620,11
2514,16,1331,25,963,10,700,11
2514,16,1331,25,963,10,742,11
2514,16,1331,25,963,10,758,11
2514,16,1331,25,963,10,879,11
2514,16,1331,25,963,10,927,11
2514,16,1331,25,963,10,979,11
2514,16,1331,25,963,10,1003,11
2514,16,1331,25,963,10,1044,11
2514,16,1331,25,963,10,1068,11
2514,16,1331,25,963,10,1153,11
2514,16,1331,25,963,10,1186,11
2514,16,1331,25,963,10,1194,11
2514,16,1331,25,963,10,1259,11
2514,16,1331,25,963,10,1260,11
2514,16,1331,25,963,10,1312,11
2514,16,1331,25,963,10,1388,11
2514,16,1331,25,963,10,1391,11
2514,16,1331,25,963,10,1422,11
2514,16,1331,25,963,10,1556,11
2514,16,1331,25,963,10,1568,11
2514,16,1331,25,963,10,1599,11
2514,16,1331,25,963,10,1747,11
2514,16,1331,25,963,10,1773,11
2514,16,1331,25,963,10,1799,11
2514,16,1331,25,963,10,1818,11
2514,16,1331,25,963,10,1873,11
2514,16,1331,25,963,10,1940,11
2514,16,1331,25,963,10,1956,11
2514,16,1331,25,963,10,1997,11
2514,16,1331,25,963,10,2068,11
2514,16,1331,25,963,10,2079,11
2514,16,1331,25,963,10,2123,11
2514,16,1331,25,963,10,2196,11
2514,16,1331,25,963,10,2206,11
2514,16,1331,25,963,10,2216,11
2514,16,1331,25,963,10,2244,11
2514,16,1331,25,963,10,2259,11
2514,16,1331,25,963,10,2261,11
2514,16,1331,25,963,10,2289,11
2514,16,1331,25,963,10,2359,11
2514,16,1331,25,963,10,2370,11
2514,16,1331,25,963,10,2405,11
2514,16,1331,25,977,15,159,11
2514,16,1331,25,977,15,457,11
2514,16,1331,25,977,15,463,11
2514,16,1331,25,977,15,700,11
2514,16,1331,25,977,15,879,11
2514,16,1331,25,977,15,927,11
2514,16,1331,25,977,15,1003,11
2514,16,1331,25,977,15,1153,11
2514,16,1331,25,977,15,1194,11
2514,16,1331,25,977,15,1388,11
2514,16,1331,25,977,15,1556,11
2514,16,1331,25,977,15,1568,11
2514,16,1331,25,977,15,1599,11
2514,16,1331,25,977,15,1818,11
2514,16,1331,25,977,15,1873,11
2514,16,1331,25,977,15,1940,11
2514,16,1331,25,977,15,2123,11
2514,16,1331,25,977,15,2196,11
2514,16,1331,25,977,15,2216,11
2514,16,1331,25,977,15,2370,11
2514,16,1331,25,1162,29,45,11
2514,16,1331,25,1162,29,159,11
2514,16,1331,25,1162,29,272,11
2514,16,1331,25,1162,29,338,11
2514,16,1331,25,1162,29,390,11
2514,16,1331,25,1162,29,457,11
2514,16,1331,25,1162,29,463,11
2514,16,1331,25,1162,29,620,11
2514,16,1331,25,1162,29,700,11
2514,16,1331,25,1162,29,742,11
2514,16,1331,25,1162,29,758,11
2514,16,1331,25,1162,29,879,11
2514,16,1331,25,1162,29,927,11
2514,16,1331,25,1162,29,979,11
2514,16,1331,25,1162,29,1003,11
2514,16,1331,25,1162,29,1044,11
2514,16,1331,25,1162,29,1068,11
2514,16,1331,25,1162,29,1153,11
2514,16,1331,25,1162,29,1186,11
2514,16,1331,25,1162,29,1194,11
2514,16,1331,25,1162,29,1259,11
2514,16,1331,25,1162,29,1260,11
2514,16,1331,25,1162,29,1312,11
2514,16,1331,25,1162,29,1388,11
2514,16,1331,25,1162,29,1391,11
2514,16,1331,25,1162,29,1422,11
2514,16,1331,25,1162,29,1556,11
2514,16,1331,25,1162,29,1568,11
2514,16,1331,25,1162,29,1599,11
2514,16,1331,25,1162,29,1747,11
2514,16,1331,25,1162,29,1773,11
2514,16,1331,25,1162,29,1799,11
2514,16,1331,25,1162,29,1818,11
2514,16,1331,25,1162,29,1873,11
2514,16,1331,25,1162,29,1940,11
2514,16,1331,25,1162,29,1956,11
2514,16,1331,25,1162,29,1997,11
2514,16,1331,25,1162,29,2068,11
2514,16,1331,25,1162,29,2079,11
2514,16,1331,25,1162,29,2123,11
2514,16,1331,25,1162,29,2196,11
2514,16,1331,25,1162,29,2206,11
2514,16,1331,25,1162,29,2216,11
2514,16,1331,25,1162,29,2244,11
2514,16,1331,25,1162,29,2259,11
2514,16,1331,25,1162,29,2261,11
2514,16,1331,25,1162,29,2289,11
2514,16,1331,25,1162,29,2359,11
2514,16,1331,25,1162,29,2370,11
2514,16,1331,25,1162,29,2405,11
2514,16,1331,25,1388,10,45,11
2514,16,1331,25,1388,10,159,11
2514,16,1331,25,1388,10,272,11
2514,16,1331,25,1388,10,338,11
2514,16,1331,25,1388,10,390,11
2514,16,1331,25,1388,10,457,11
2514,16,1331,25,1388,10,463,11
2514,16,1331,25,1388,10,620,11
2514,16,1331,25,1388,10,700,11
2514,16,1331,25,1388,10,742,11
2514,16,1331,25,1388,10,758,11
2514,16,1331,25,1388,10,879,11
2514,16,1331,25,1388,10,927,11
2514,16,1331,25,1388,10,979,11
2514,16,1331,25,1388,10,1003,11
2514,16,1331,25,1388,10,1044,11
2514,16,1331,25,1388,10,1068,11
2514,16,1331,25,1388,10,1153,11
2514,16,1331,25,1388,10,1186,11
2514,16,1331,25,1388,10,1194,11
2514,16,1331,25,1388,10,1259,11
2514,16,1331,25,1388,10,1260,11
2514,16,1331,25,1388,10,1312,11
2514,16,1331,25,1388,10,1388,11
2514,16,1331,25,1388,10,1391,11
2514,16,1331,25,1388,10,1422,11
2514,16,1331,25,1388,10,1556,11
2514,16,1331,25,1388,10,1568,11
2514,16,1331,25,1388,10,1599,11
2514,16,1331,25,1388,10,1747,11
2514,16,1331,25,1388,10,1773,11
2514,16,1331,25,1388,10,1799,11
2514,16,1331,25,1388,10,1818,11
2514,16,1331,25,1388,10,1873,11
2514,16,1331,25,1388,10,1940,11
2514,16,1331,25,1388,10,1956,11
2514,16,1331,25,1388,10,1997,11
2514,16,1331,25,1388,10,2068,11
2514,16,1331,25,1388,10,2079,11
2514,16,1331,25,1388,10,2123,11
2514,16,1331,25,1388,10,2196,11
2514,16,1331,25,1388,10,2206,11
2514,16,1331,25,1388,10,2216,11
2514,16,1331,25,1388,10,2244,11
2514,16,1331,25,1388,10,2259,11
2514,16,1331,25,1388,10,2261,11
2514,16,1331,25,1388,10,2289,11
2514,16,1331,25,1388,10,2359,11
2514,16,1331,25,1388,10,2370,11
2514,16,1331,25,1388,10,2405,11
2514,16,1331,25,1629,31,45,11
2514,16,1331,25,1629,31,159,11
2514,16,1331,25,1629,31,272,11
2514,16,1331,25,1629,31,338,11
2514,16,1331,25,1629,31,390,11
2514,16,1331,25,1629,31,457,11
2514,16,1331,25,1629,31,463,11
2514,16,1331,25,1629,31,620,11
2514,16,1331,25,1629,31,700,11
2514,16,1331,25,1629,31,742,11
2514,16,1331,25,1629,31,758,11
2514,16,1331,25,1629,31,879,11
2514,16,1331,25,1629,31,927,11
2514,16,1331,25,1629,31,979,11
2514,16,1331,25,1629,31,1003,11
2514,16,1331,25,1629,31,1044,11
2514,16,1331,25,1629,31,1068,11
2514,16,1331,25,1629,31,1153,11
2514,16,1331,25,1629,31,1186,11
2514,16,1331,25,1629,31,1194,11
2514,16,1331,25,1629,31,1259,11
2514,16,1331,25,1629,31,1260,11
2514,16,1331,25,1629,31,1312,11
2514,16,1331,25,1629,31,1388,11
2514,16,1331,25,1629,31,1391,11
2514,16,1331,25,1629,31,1422,11
2514,16,1331,25,1629,31,1556,11
2514,16,1331,25,1629,31,1568,11
2514,16,1331,25,1629,31,1599,11
2514,16,1331,25,1629,31,1747,11
2514,16,1331,25,1629,31,1773,11
2514,16,1331,25,1629,31,1799,11
2514,16,1331,25,1629,31,1818,11
2514,16,1331,25,1629,31,1873,11
2514,16,1331,25,1629,31,1940,11
2514,16,1331,25,1629,31,1956,11
2514,16,1331,25,1629,31,1997,11
2514,16,1331,25,1629,31,2068,11
2514,16,1331,25,1629,31,2079,11
2514,16,1331,25,1629,31,2123,11
2514,16,1331,25,1629,31,2196,11
2514,16,1331,25,1629,31,2206,11
2514,16,1331,25,1629,31,2216,11
2514,16,1331,25,1629,31,2244,11
2514,16,1331,25,1629,31,2259,11
2514,16,1331,25,1629,31,2261,11
2514,16,1331,25,1629,31,2289,11
2514,16,1331,25,1629,31,2359,11
2514,16,1331,25,1629,31,2370,11
2514,16,1331,25,1629,31,2405,11
2514,16,1331,25,1746,10,45,11
2514,16,1331,25,1746,10,159,11
2514,16,1331,25,1746,10,272,11
2514,16,1331,25,1746,10,338,11
2514,16,1331,25,1746,10,390,11
2514,16,1331,25,1746,10,457,11
2514,16,1331,25,1746,10,463,11
2514,16,1331,25,1746,10,620,11
2514,16,1331,25,1746,10,700,11
2514,16,1331,25,1746,10,742,11
2514,16,1331,25,1746,10,758,11
2514,16,1331,25,1746,10,879,11
2514,16,1331,25,1746,10,927,11
2514,16,1331,25,1746,10,979,11
2514,16,1331,25,1746,10,1003,11
2514,16,1331,25,1746,10,1044,11
2514,16,1331,25,1746,10,1068,11
2514,16,1331,25,1746,10,1153,11
2514,16,1331,25,1746,10,1186,11
2514,16,1331,25,1746,10,1194,11
2514,16,1331,25,1746,10,1259,11
2514,16,1331,25,1746,10,1260,11
2514,16,1331,25,1746,10,1312,11
2514,16,1331,25,1746,10,1388,11
2514,16,1331,25,1746,10,1391,11
2514,16,1331,25,1746,10,1422,11
2514,16,1331,25,1746,10,1556,11
2514,16,1331,25,1746,10,1568,11
2514,16,1331,25,1746,10,1599,11
2514,16,1331,25,1746,10,1747,11
2514,16,1331,25,1746,10,1773,11
2514,16,1331,25,1746,10,1799,11
2514,16,1331,25,1746,10,1818,11
2514,16,1331,25,1746,10,1873,11
2514,16,1331,25,1746,10,1940,11
2514,16,1331,25,1746,10,1956,11
2514,16,1331,25,1746,10,1997,11
2514,16,1331,25,1746,10,2068,11
2514,16,1331,25,1746,10,2079,11
2514,16,1331,25,1746,10,2123,11
2514,16,1331,25,1746,10,2196,11
2514,16,1331,25,1746,10,2206,11
2514,16,1331,25,1746,10,2216,11
2514,16,1331,25,1746,10,2244,11
2514,16,1331,25,1746,10,2259,11
2514,16,1331,25,1746,10,2261,11
2514,16,1331,25,1746,10,2289,11
2514,16,1331,25,1746,10,2359,11
2514,16,1331,25,1746,10,2370,11
2514,16,1331,25,1746,10,2405,11
