2514,16,809,17,26,20,45,11
2514,16,809,17,26,20,159,11
2514,16,809,17,26,20,272,11
2514,16,809,17,26,20,338,11
2514,16,809,17,26,20,390,11
2514,16,809,17,26,20,457,11
2514,16,809,17,26,20,463,11
2514,16,809,17,26,20,620,11
2514,16,809,17,26,20,700,11
2514,16,809,17,26,20,742,11
2514,16,809,17,26,20,758,11
2514,16,809,17,26,20,879,11
2514,16,809,17,26,20,927,11
2514,16,809,17,26,20,979,11
2514,16,809,17,26,20,1003,11
2514,16,809,17,26,20,1044,11
2514,16,809,17,26,20,1068,11
2514,16,809,17,26,20,1153,11
2514,16,809,17,26,20,1186,11
2514,16,809,17,26,20,1194,11
2514,16,809,17,26,20,1259,11
2514,16,809,17,26,20,1260,11
2514,16,809,17,26,20,1312,11
2514,16,809,17,26,20,1388,11
2514,16,809,17,26,20,1391,11
2514,16,809,17,26,20,1422,11
2514,16,809,17,26,20,1556,11
2514,16,809,17,26,20,1568,11
2514,16,809,17,26,20,1599,11
2514,16,809,17,26,20,1747,11
2514,16,809,17,26,20,1773,11
2514,16,809,17,26,20,1799,11
2514,16,809,17,26,20,1818,11
2514,16,809,17,26,20,1873,11
2514,16,809,17,26,20,1940,11
2514,16,809,17,26,20,1956,11
2514,16,809,17,26,20,1997,11
2514,16,809,17,26,20,2068,11
2514,16,809,17,26,20,2079,11
2514,16,809,17,26,20,2123,11
2514,16,809,17,26,20,2196,11
2514,16,809,17,26,20,2206,11
2514,16,809,17,26,20,2216,11
2514,16,809,17,26,20,2244,11
2514,16,809,17,26,20,2259,11
2514,16,809,17,26,20,2261,11
2514,16,809,17,26,20,2289,11
2514,16,809,17,26,20,2359,11
2514,16,809,17,26,20,2370,11
2514,16,809,17,26,20,2405,11
2514,16,809,17,122,43,45,11
2514,16,809,17,122,43,159,11
2514,16,809,17,122,43,272,11
2514,16,809,17,122,43,338,11
2514,16,809,17,122,43,390,11
2514,16,809,17,122,43,457,11
2514,16,809,17,122,43,463,11
2514,16,809,17,122,43,620,11
2514,16,809,17,122,43,700,11
2514,16,809,17,122,43,742,11
2514,16,809,17,122,43,758,11
2514,16,809,17,122,43,879,11
2514,16,809,17,122,43,927,11
2514,16,809,17,122,43,979,11
2514,16,809,17,122,43,1003,11
2514,16,809,17,122,43,1044,11
2514,16,809,17,122,43,1068,11
2514,16,809,17,122,43,1153,11
2514,16,809,17,122,43,1186,11
2514,16,809,17,122,43,1194,11
2514,16,809,17,122,43,1259,11
2514,16,809,17,122,43,1260,11
2514,16,809,17,122,43,1312,11
2514,16,809,17,122,43,1388,11
2514,16,809,17,122,43,1391,11
2514,16,809,17,122,43,1422,11
2514,16,809,17,122,43,1556,11
2514,16,809,17,122,43,1568,11
2514,16,809,17,122,43,1599,11
2514,16,809,17,122,43,1747,11
2514,16,809,17,122,43,1773,11
2514,16,809,17,122,43,1799,11
2514,16,809,17,122,43,1818,11
2514,16,809,17,122,43,1873,11
2514,16,809,17,122,43,1940,11
2514,16,809,17,122,43,1956,11
2514,16,809,17,122,43,1997,11
2514,16,809,17,122,43,2068,11
2514,16,809,17,122,43,2079,11
2514,16,809,17,122,43,2123,11
2514,16,809,17,122,43,2196,11
2514,16,809,17,122,43,2206,11
2514,16,809,17,122,43,2216,11
2514,16,809,17,122,43,2244,11
2514,16,809,17,122,43,2259,11
2514,16,809,17,122,43,2261,11
2514,16,809,17,122,43,2289,11
2514,16,809,17,122,43,2359,11
2514,16,809,17,122,43,2370,11
2514,16,809,17,122,43,2405,11
2514,16,809,17,145,37,45,11
2514,16,809,17,145,37,159,11
2514,16,809,17,145,37,272,11
2514,16,809,17,145,37,338,11
2514,16,809,17,145,37,390,11
2514,16,809,17,145,37,457,11
2514,16,809,17,145,37,463,11
2514,16,809,17,145,37,620,11
2514,16,809,17,145,37,700,11
2514,16,809,17,145,37,742,11
2514,16,809,17,145,37,758,11
2514,16,809,17,145,37,879,11
2514,16,809,17,145,37,927,11
2514,16,809,17,145,37,979,11
2514,16,809,17,145,37,1003,11
2514,16,809,17,145,37,1044,11
2514,16,809,17,145,37,1068,11
2514,16,809,17,145,37,1153,11
2514,16,809,17,145,37,1186,11
2514,16,809,17,145,37,1194,11
2514,16,809,17,145,37,1259,11
2514,16,809,17,145,37,1260,11
2514,16,809,17,145,37,1312,11
2514,16,809,17,145,37,1388,11
2514,16,809,17,145,37,1391,11
2514,16,809,17,145,37,1422,11
2514,16,809,17,145,37,1556,11
2514,16,809,17,145,37,1568,11
2514,16,809,17,145,37,1599,11
2514,16,809,17,145,37,1747,11
2514,16,809,17,145,37,1773,11
2514,16,809,17,145,37,1799,11
2514,16,809,17,145,37,1818,11
2514,16,809,17,145,37,1873,11
2514,16,809,17,145,37,1940,11
2514,16,809,17,145,37,1956,11
2514,16,809,17,145,37,1997,11
2514,16,809,17,145,37,2068,11
2514,16,809,17,145,37,2079,11
2514,16,809,17,145,37,2123,11
2514,16,809,17,145,37,2196,11
2514,16,809,17,145,37,2206,11
2514,16,809,17,145,37,2216,11
2514,16,809,17,145,37,2244,11
2514,16,809,17,145,37,2259,11
2514,16,809,17,145,37,2261,11
2514,16,809,17,145,37,2289,11
2514,16,809,17,145,37,2359,11
2514,16,809,17,145,37,2370,11
2514,16,809,17,145,37,2405,11
2514,16,809,17,242,47,45,11
2514,16,809,17,242,47,159,11
2514,16,809,17,242,47,272,11
2514,16,809,17,242,47,338,11
2514,16,809,17,242,47,390,11
2514,16,809,17,242,47,457,11
2514,16,809,17,242,47,463,11
2514,16,809,17,242,47,620,11
2514,16,809,17,242,47,700,11
2514,16,809,17,242,47,742,11
2514,16,809,17,242,47,758,11
2514,16,809,17,242,47,879,11
2514,16,809,17,242,47,927,11
2514,16,809,17,242,47,979,11
2514,16,809,17,242,47,1003,11
2514,16,809,17,242,47,1044,11
2514,16,809,17,242,47,1068,11
2514,16,809,17,242,47,1153,11
2514,16,809,17,242,47,1186,11
2514,16,809,17,242,47,1194,11
2514,16,809,17,242,47,1259,11
2514,16,809,17,242,47,1260,11
2514,16,809,17,242,47,1312,11
2514,16,809,17,242,47,1388,11
2514,16,809,17,242,47,1391,11
2514,16,809,17,242,47,1422,11
2514,16,809,17,242,47,1556,11
2514,16,809,17,242,47,1568,11
2514,16,809,17,242,47,1599,11
2514,16,809,17,242,47,1747,11
2514,16,809,17,242,47,1773,11
2514,16,809,17,242,47,1799,11
2514,16,809,17,242,47,1818,11
2514,16,809,17,242,47,1873,11
2514,16,809,17,242,47,1940,11
2514,16,809,17,242,47,1956,11
2514,16,809,17,242,47,1997,11
2514,16,809,17,242,47,2068,11
2514,16,809,17,242,47,2079,11
2514,16,809,17,242,47,2123,11
2514,16,809,17,242,47,2196,11
2514,16,809,17,242,47,2206,11
2514,16,809,17,242,47,2216,11
2514,16,809,17,242,47,2244,11
2514,16,809,17,242,47,2259,11
2514,16,809,17,242,47,2261,11
2514,16,809,17,242,47,2289,11
2514,16,809,17,242,47,2359,11
2514,16,809,17,242,47,2370,11
2514,16,809,17,242,47,2405,11
2514,16,809,17,423,25,45,11
2514,16,809,17,423,25,159,11
2514,16,809,17,423,25,272,11
2514,16,809,17,423,25,338,11
2514,16,809,17,423,25,390,11
2514,16,809,17,423,25,457,11
2514,16,809,17,423,25,463,11
2514,16,809,17,423,25,620,11
2514,16,809,17,423,25,700,11
2514,16,809,17,423,25,742,11
2514,16,809,17,423,25,758,11
2514,16,809,17,423,25,879,11
2514,16,809,17,423,25,927,11
2514,16,809,17,423,25,979,11
2514,16,809,17,423,25,1003,11
2514,16,809,17,423,25,1044,11
2514,16,809,17,423,25,1068,11
2514,16,809,17,423,25,1153,11
2514,16,809,17,423,25,1186,11
2514,16,809,17,423,25,1194,11
2514,16,809,17,423,25,1259,11
2514,16,809,17,423,25,1260,11
2514,16,809,17,423,25,1312,11
2514,16,809,17,423,25,1388,11
2514,16,809,17,423,25,1391,11
2514,16,809,17,423,25,1422,11
2514,16,809,17,423,25,1556,11
2514,16,809,17,423,25,1568,11
2514,16,809,17,423,25,1599,11
2514,16,809,17,423,25,1747,11
2514,16,809,17,423,25,1773,11
2514,16,809,17,423,25,1799,11
2514,16,809,17,423,25,1818,11
2514,16,809,17,423,25,1873,11
2514,16,809,17,423,25,1940,11
2514,16,809,17,423,25,1956,11
2514,16,809,17,423,25,1997,11
2514,16,809,17,423,25,2068,11
2514,16,809,17,423,25,2079,11
2514,16,809,17,423,25,2123,11
2514,16,809,17,423,25,2196,11
2514,16,809,17,423,25,2206,11
2514,16,809,17,423,25,2216,11
2514,16,809,17,423,25,2244,11
2514,16,809,17,423,25,2259,11
2514,16,809,17,423,25,2261,11
2514,16,809,17,423,25,2289,11
2514,16,809,17,423,25,2359,11
2514,16,809,17,423,25,2370,11
2514,16,809,17,423,25,2405,11
2514,16,809,17,551,36,45,11
2514,16,809,17,551,36,159,11
2514,16,809,17,551,36,272,11
2514,16,809,17,551,36,338,11
2514,16,809,17,551,36,390,11
2514,16,809,17,551,36,457,11
2514,16,809,17,551,36,463,11
2514,16,809,17,551,36,620,11
2514,16,809,17,551,36,700,11
2514,16,809,17,551,36,742,11
2514,16,809,17,551,36,758,11
2514,16,809,17,551,36,879,11
2514,16,809,17,551,36,927,11
2514,16,809,17,551,36,979,11
2514,16,809,17,551,36,1003,11
2514,16,809,17,551,36,1044,11
2514,16,809,17,551,36,1068,11
2514,16,809,17,551,36,1153,11
2514,16,809,17,551,36,1186,11
2514,16,809,17,551,36,1194,11
2514,16,809,17,551,36,1259,11
2514,16,809,17,551,36,1260,11
2514,16,809,17,551,36,1312,11
2514,16,809,17,551,36,1388,11
2514,16,809,17,551,36,1391,11
2514,16,809,17,551,36,1422,11
2514,16,809,17,551,36,1556,11
2514,16,809,17,551,36,1568,11
2514,16,809,17,551,36,1599,11
2514,16,809,17,551,36,1747,11
2514,16,809,17,551,36,1773,11
2514,16,809,17,551,36,1799,11
2514,16,809,17,551,36,1818,11
2514,16,809,17,551,36,1873,11
2514,16,809,17,551,36,1940,11
2514,16,809,17,551,36,1956,11
2514,16,809,17,551,36,1997,11
2514,16,809,17,551,36,2068,11
2514,16,809,17,551,36,2079,11
2514,16,809,17,551,36,2123,11
2514,16,809,17,551,36,2196,11
2514,16,809,17,551,36,2206,11
2514,16,809,17,551,36,2216,11
2514,16,809,17,551,36,2244,11
2514,16,809,17,551,36,2259,11
2514,16,809,17,551,36,2261,11
2514,16,809,17,551,36,2289,11
2514,16,809,17,551,36,2359,11
2514,16,809,17,551,36,2370,11
2514,16,809,17,551,36,2405,11
2514,16,809,17,690,26,45,11
2514,16,809,17,690,26,159,11
2514,16,809,17,690,26,272,11
2514,16,809,17,690,26,338,11
2514,16,809,17,690,26,390,11
2514,16,809,17,690,26,457,11
2514,16,809,17,690,26,463,11
2514,16,809,17,690,26,620,11
2514,16,809,17,690,26,700,11
2514,16,809,17,690,26,742,11
2514,16,809,17,690,26,758,11
2514,16,809,17,690,26,879,11
2514,16,809,17,690,26,927,11
2514,16,809,17,690,26,979,11
2514,16,809,17,690,26,1003,11
2514,16,809,17,690,26,1044,11
2514,16,809,17,690,26,1068,11
2514,16,809,17,690,26,1153,11
2514,16,809,17,690,26,1186,11
2514,16,809,17,690,26,1194,11
2514,16,809,17,690,26,1259,11
2514,16,809,17,690,26,1260,11
2514,16,809,17,690,26,1312,11
2514,16,809,17,690,26,1388,11
2514,16,809,17,690,26,1391,11
2514,16,809,17,690,26,1422,11
2514,16,809,17,690,26,1556,11
2514,16,809,17,690,26,1568,11
2514,16,809,17,690,26,1599,11
2514,16,809,17,690,26,1747,11
2514,16,809,17,690,26,1773,11
2514,16,809,17,690,26,1799,11
2514,16,809,17,690,26,1818,11
2514,16,809,17,690,26,1873,11
2514,16,809,17,690,26,1940,11
2514,16,809,17,690,26,1956,11
2514,16,809,17,690,26,1997,11
2514,16,809,17,690,26,2068,11
2514,16,809,17,690,26,2079,11
2514,16,809,17,690,26,2123,11
2514,16,809,17,690,26,2196,11
2514,16,809,17,690,26,2206,11
2514,16,809,17,690,26,2216,11
2514,16,809,17,690,26,2244,11
2514,16,809,17,690,26,2259,11
2514,16,809,17,690,26,2261,11
2514,16,809,17,690,26,2289,11
2514,16,809,17,690,26,2359,11
2514,16,809,17,690,26,2370,11
2514,16,809,17,690,26,2405,11
2514,16,809,17,1080,25,45,11
2514,16,809,17,1080,25,159,11
2514,16,809,17,1080,25,272,11
2514,16,809,17,1080,25,338,11
2514,16,809,17,1080,25,390,11
2514,16,809,17,1080,25,457,11
2514,16,809,17,1080,25,463,11
2514,16,809,17,1080,25,620,11
2514,16,809,17,1080,25,700,11
2514,16,809,17,1080,25,742,11
2514,16,809,17,1080,25,758,11
2514,16,809,17,1080,25,879,11
2514,16,809,17,1080,25,927,11
2514,16,809,17,1080,25,979,11
2514,16,809,17,1080,25,1003,11
2514,16,809,17,1080,25,1044,11
2514,16,809,17,1080,25,1068,11
2514,16,809,17,1080,25,1153,11
2514,16,809,17,1080,25,1186,11
2514,16,809,17,1080,25,1194,11
2514,16,809,17,1080,25,1259,11
2514,16,809,17,1080,25,1260,11
2514,16,809,17,1080,25,1312,11
2514,16,809,17,1080,25,1388,11
2514,16,809,17,1080,25,1391,11
2514,16,809,17,1080,25,1422,11
2514,16,809,17,1080,25,1556,11
2514,16,809,17,1080,25,1568,11
2514,16,809,17,1080,25,1599,11
2514,16,809,17,1080,25,1747,11
2514,16,809,17,1080,25,1773,11
2514,16,809,17,1080,25,1799,11
2514,16,809,17,1080,25,1818,11
2514,16,809,17,1080,25,1873,11
2514,16,809,17,1080,25,1940,11
2514,16,809,17,1080,25,1956,11
2514,16,809,17,1080,25,1997,11
2514,16,809,17,1080,25,2068,11
2514,16,809,17,1080,25,2079,11
2514,16,809,17,1080,25,2123,11
2514,16,809,17,1080,25,2196,11
2514,16,809,17,1080,25,2206,11
2514,16,809,17,1080,25,2216,11
2514,16,809,17,1080,25,2244,11
2514,16,809,17,1080,25,2259,11
2514,16,809,17,1080,25,2261,11
2514,16,809,17,1080,25,2289,11
2514,16,809,17,1080,25,2359,11
2514,16,809,17,1080,25,2370,11
2514,16,809,17,1080,25,2405,11
2514,16,809,17,1125,33,45,11
2514,16,809,17,1125,33,159,11
2514,16,809,17,1125,33,272,11
2514,16,809,17,1125,33,338,11
2514,16,809,17,1125,33,390,11
2514,16,809,17,1125,33,457,11
2514,16,809,17,1125,33,463,11
2514,16,809,17,1125,33,620,11
2514,16,809,17,1125,33,700,11
2514,16,809,17,1125,33,742,11
2514,16,809,17,1125,33,758,11
2514,16,809,17,1125,33,879,11
2514,16,809,17,1125,33,927,11
2514,16,809,17,1125,33,979,11
2514,16,809,17,1125,33,1003,11
2514,16,809,17,1125,33,1044,11
2514,16,809,17,1125,33,1068,11
2514,16,809,17,1125,33,1153,11
2514,16,809,17,1125,33,1186,11
2514,16,809,17,1125,33,1194,11
2514,16,809,17,1125,33,1259,11
2514,16,809,17,1125,33,1260,11
2514,16,809,17,1125,33,1312,11
2514,16,809,17,1125,33,1388,11
2514,16,809,17,1125,33,1391,11
2514,16,809,17,1125,33,1422,11
2514,16,809,17,1125,33,1556,11
2514,16,809,17,1125,33,1568,11
2514,16,809,17,1125,33,1599,11
2514,16,809,17,1125,33,1747,11
2514,16,809,17,1125,33,1773,11
2514,16,809,17,1125,33,1799,11
2514,16,809,17,1125,33,1818,11
2514,16,809,17,1125,33,1873,11
2514,16,809,17,1125,33,1940,11
2514,16,809,17,1125,33,1956,11
2514,16,809,17,1125,33,1997,11
2514,16,809,17,1125,33,2068,11
2514,16,809,17,1125,33,2079,11
2514,16,809,17,1125,33,2123,11
2514,16,809,17,1125,33,2196,11
2514,16,809,17,1125,33,2206,11
2514,16,809,17,1125,33,2216,11
2514,16,809,17,1125,33,2244,11
2514,16,809,17,1125,33,2259,11
2514,16,809,17,1125,33,2261,11
2514,16,809,17,1125,33,2289,11
2514,16,809,17,1125,33,2359,11
2514,16,809,17,1125,33,2370,11
2514,16,809,17,1125,33,2405,11
2514,16,809,17,1237,49,45,11
2514,16,809,17,1237,49,159,11
2514,16,809,17,1237,49,272,11
2514,16,809,17,1237,49,338,11
2514,16,809,17,1237,49,390,11
2514,16,809,17,1237,49,457,11
2514,16,809,17,1237,49,463,11
2514,16,809,17,1237,49,620,11
2514,16,809,17,1237,49,700,11
2514,16,809,17,1237,49,742,11
2514,16,809,17,1237,49,758,11
2514,16,809,17,1237,49,879,11
2514,16,809,17,1237,49,927,11
2514,16,809,17,1237,49,979,11
2514,16,809,17,1237,49,1003,11
2514,16,809,17,1237,49,1044,11
2514,16,809,17,1237,49,1068,11
2514,16,809,17,1237,49,1153,11
2514,16,809,17,1237,49,1186,11
2514,16,809,17,1237,49,1194,11
2514,16,809,17,1237,49,1259,11
2514,16,809,17,1237,49,1260,11
2514,16,809,17,1237,49,1312,11
2514,16,809,17,1237,49,1388,11
2514,16,809,17,1237,49,1391,11
2514,16,809,17,1237,49,1422,11
2514,16,809,17,1237,49,1556,11
2514,16,809,17,1237,49,1568,11
2514,16,809,17,1237,49,1599,11
2514,16,809,17,1237,49,1747,11
2514,16,809,17,1237,49,1773,11
2514,16,809,17,1237,49,1799,11
2514,16,809,17,1237,49,1818,11
2514,16,809,17,1237,49,1873,11
2514,16,809,17,1237,49,1940,11
2514,16,809,17,1237,49,1956,11
2514,16,809,17,1237,49,1997,11
2514,16,809,17,1237,49,2068,11
2514,16,809,17,1237,49,2079,11
2514,16,809,17,1237,49,2123,11
2514,16,809,17,1237,49,2196,11
2514,16,809,17,1237,49,2206,11
2514,16,809,17,1237,49,2216,11
2514,16,809,17,1237,49,2244,11
2514,16,809,17,1237,49,2259,11
2514,16,809,17,1237,49,2261,11
2514,16,809,17,1237,49,2289,11
2514,16,809,17,1237,49,2359,11
2514,16,809,17,1237,49,2370,11
2514,16,809,17,1237,49,2405,11
2514,16,809,17,1267,43,45,11
2514,16,809,17,1267,43,159,11
2514,16,809,17,1267,43,272,11
2514,16,809,17,1267,43,338,11
2514,16,809,17,1267,43,390,11
2514,16,809,17,1267,43,457,11
2514,16,809,17,1267,43,463,11
2514,16,809,17,1267,43,620,11
2514,16,809,17,1267,43,700,11
2514,16,809,17,1267,43,742,11
2514,16,809,17,1267,43,758,11
2514,16,809,17,1267,43,879,11
2514,16,809,17,1267,43,927,11
2514,16,809,17,1267,43,979,11
2514,16,809,17,1267,43,1003,11
2514,16,809,17,1267,43,1044,11
2514,16,809,17,1267,43,1068,11
2514,16,809,17,1267,43,1153,11
2514,16,809,17,1267,43,1186,11
2514,16,809,17,1267,43,1194,11
2514,16,809,17,1267,43,1259,11
2514,16,809,17,1267,43,1260,11
2514,16,809,17,1267,43,1312,11
2514,16,809,17,1267,43,1388,11
2514,16,809,17,1267,43,1391,11
2514,16,809,17,1267,43,1422,11
2514,16,809,17,1267,43,1556,11
2514,16,809,17,1267,43,1568,11
2514,16,809,17,1267,43,1599,11
2514,16,809,17,1267,43,1747,11
2514,16,809,17,1267,43,1773,11
2514,16,809,17,1267,43,1799,11
2514,16,809,17,1267,43,1818,11
2514,16,809,17,1267,43,1873,11
2514,16,809,17,1267,43,1940,11
2514,16,809,17,1267,43,1956,11
2514,16,809,17,1267,43,1997,11
2514,16,809,17,1267,43,2068,11
2514,16,809,17,1267,43,2079,11
2514,16,809,17,1267,43,2123,11
2514,16,809,17,1267,43,2196,11
2514,16,809,17,1267,43,2206,11
2514,16,809,17,1267,43,2216,11
2514,16,809,17,1267,43,2244,11
2514,16,809,17,1267,43,2259,11
2514,16,809,17,1267,43,2261,11
2514,16,809,17,1267,43,2289,11
2514,16,809,17,1267,43,2359,11
2514,16,809,17,1267,43,2370,11
2514,16,809,17,1267,43,2405,11
2514,16,809,17,1397,29,45,11
2514,16,809,17,1397,29,338,11
2514,16,809,17,1397,29,390,11
2514,16,809,17,1397,29,620,11
2514,16,809,17,1397,29,742,11
2514,16,809,17,1397,29,758,11
2514,16,809,17,1397,29,979,11
2514,16,809,17,1397,29,1044,11
2514,16,809,17,1397,29,1186,11
2514,16,809,17,1397,29,1259,11
2514,16,809,17,1397,29,1312,11
2514,16,809,17,1397,29,1773,11
2514,16,809,17,1397,29,1799,11
2514,16,809,17,1397,29,1956,11
2514,16,809,17,1397,29,1997,11
2514,16,809,17,1397,29,2206,11
2514,16,809,17,1397,29,2244,11
2514,16,809,17,1397,29,2261,11
2514,16,809,17,1397,29,2289,11
2514,16,809,17,1397,29,2359,11
2514,16,809,17,1542,15,159,11
2514,16,809,17,1542,15,457,11
2514,16,809,17,1542,15,463,11
2514,16,809,17,1542,15,700,11
2514,16,809,17,1542,15,879,11
2514,16,809,17,1542,15,927,11
2514,16,809,17,1542,15,1003,11
2514,16,809,17,1542,15,1153,11
2514,16,809,17,1542,15,1194,11
2514,16,809,17,1542,15,1388,11
2514,16,809,17,1542,15,1556,11
2514,16,809,17,1542,15,1568,11
2514,16,809,17,1542,15,1599,11
2514,16,809,17,1542,15,1818,11
2514,16,809,17,1542,15,1873,11
2514,16,809,17,1542,15,1940,11
2514,16,809,17,1542,15,2123,11
2514,16,809,17,1542,15,2196,11
2514,16,809,17,1542,15,2216,11
2514,16,809,17,1542,15,2370,11
2514,16,809,17,1598,37,45,11
2514,16,809,17,1598,37,159,11
2514,16,809,17,1598,37,272,11
2514,16,809,17,1598,37,338,11
2514,16,809,17,1598,37,390,11
2514,16,809,17,1598,37,457,11
2514,16,809,17,1598,37,463,11
2514,16,809,17,1598,37,620,11
2514,16,809,17,1598,37,700,11
2514,16,809,17,1598,37,742,11
2514,16,809,17,1598,37,758,11
2514,16,809,17,1598,37,879,11
2514,16,809,17,1598,37,927,11
2514,16,809,17,1598,37,979,11
2514,16,809,17,1598,37,1003,11
2514,16,809,17,1598,37,1044,11
2514,16,809,17,1598,37,1068,11
2514,16,809,17,1598,37,1153,11
2514,16,809,17,1598,37,1186,11
2514,16,809,17,1598,37,1194,11
2514,16,809,17,1598,37,1259,11
2514,16,809,17,1598,37,1260,11
2514,16,809,17,1598,37,1312,11
2514,16,809,17,1598,37,1388,11
2514,16,809,17,1598,37,1391,11
2514,16,809,17,1598,37,1422,11
2514,16,809,17,1598,37,1556,11
2514,16,809,17,1598,37,1568,11
2514,16,809,17,1598,37,1599,11
2514,16,809,17,1598,37,1747,11
2514,16,809,17,1598,37,1773,11
2514,16,809,17,1598,37,1799,11
2514,16,809,17,1598,37,1818,11
2514,16,809,17,1598,37,1873,11
2514,16,809,17,1598,37,1940,11
2514,16,809,17,1598,37,1956,11
2514,16,809,17,1598,37,1997,11
2514,16,809,17,1598,37,2068,11
2514,16,809,17,1598,37,2079,11
2514,16,809,17,1598,37,2123,11
2514,16,809,17,1598,37,2196,11
2514,16,809,17,1598,37,2206,11
2514,16,809,17,1598,37,2216,11
2514,16,809,17,1598,37,2244,11
2514,16,809,17,1598,37,2259,11
2514,16,809,17,1598,37,2261,11
2514,16,809,17,1598,37,2289,11
2514,16,809,17,1598,37,2359,11
2514,16,809,17,1598,37,2370,11
2514,16,809,17,1598,37,2405,11
