2514,16,1431,40,298,35,45,11
2514,16,1431,40,298,35,159,11
2514,16,1431,40,298,35,272,11
2514,16,1431,40,298,35,338,11
2514,16,1431,40,298,35,390,11
2514,16,1431,40,298,35,457,11
2514,16,1431,40,298,35,463,11
2514,16,1431,40,298,35,620,11
2514,16,1431,40,298,35,700,11
2514,16,1431,40,298,35,742,11
2514,16,1431,40,298,35,758,11
2514,16,1431,40,298,35,879,11
2514,16,1431,40,298,35,927,11
2514,16,1431,40,298,35,979,11
2514,16,1431,40,298,35,1003,11
2514,16,1431,40,298,35,1044,11
2514,16,1431,40,298,35,1068,11
2514,16,1431,40,298,35,1153,11
2514,16,1431,40,298,35,1186,11
2514,16,1431,40,298,35,1194,11
2514,16,1431,40,298,35,1259,11
2514,16,1431,40,298,35,1260,11
2514,16,1431,40,298,35,1312,11
2514,16,1431,40,298,35,1388,11
2514,16,1431,40,298,35,1391,11
2514,16,1431,40,298,35,1422,11
2514,16,1431,40,298,35,1556,11
2514,16,1431,40,298,35,1568,11
2514,16,1431,40,298,35,1599,11
2514,16,1431,40,298,35,1747,11
2514,16,1431,40,298,35,1773,11
2514,16,1431,40,298,35,1799,11
2514,16,1431,40,298,35,1818,11
2514,16,1431,40,298,35,1873,11
2514,16,1431,40,298,35,1940,11
2514,16,1431,40,298,35,1956,11
2514,16,1431,40,298,35,1997,11
2514,16,1431,40,298,35,2068,11
2514,16,1431,40,298,35,2079,11
2514,16,1431,40,298,35,2123,11
2514,16,1431,40,298,35,2196,11
2514,16,1431,40,298,35,2206,11
2514,16,1431,40,298,35,2216,11
2514,16,1431,40,298,35,2244,11
2514,16,1431,40,298,35,2259,11
2514,16,1431,40,298,35,2261,11
2514,16,1431,40,298,35,2289,11
2514,16,1431,40,298,35,2359,11
2514,16,1431,40,298,35,2370,11
2514,16,1431,40,298,35,2405,11
2514,16,1431,40,402,41,45,11
2514,16,1431,40,402,41,159,11
2514,16,1431,40,402,41,272,11
2514,16,1431,40,402,41,338,11
2514,16,1431,40,402,41,390,11
2514,16,1431,40,402,41,457,11
2514,16,1431,40,402,41,463,11
2514,16,1431,40,402,41,620,11
2514,16,1431,40,402,41,700,11
2514,16,1431,40,402,41,742,11
2514,16,1431,40,402,41,758,11
2514,16,1431,40,402,41,879,11
2514,16,1431,40,402,41,927,11
2514,16,1431,40,402,41,979,11
2514,16,1431,40,402,41,1003,11
2514,16,1431,40,402,41,1044,11
2514,16,1431,40,402,41,1068,11
2514,16,1431,40,402,41,1153,11
2514,16,1431,40,402,41,1186,11
2514,16,1431,40,402,41,1194,11
2514,16,1431,40,402,41,1259,11
2514,16,1431,40,402,41,1260,11
2514,16,1431,40,402,41,1312,11
2514,16,1431,40,402,41,1388,11
2514,16,1431,40,402,41,1391,11
2514,16,1431,40,402,41,1422,11
2514,16,1431,40,402,41,1556,11
2514,16,1431,40,402,41,1568,11
2514,16,1431,40,402,41,1599,11
2514,16,1431,40,402,41,1747,11
2514,16,1431,40,402,41,1773,11
2514,16,1431,40,402,41,1799,11
2514,16,1431,40,402,41,1818,11
2514,16,1431,40,402,41,1873,11
2514,16,1431,40,402,41,1940,11
2514,16,1431,40,402,41,1956,11
2514,16,1431,40,402,41,1997,11
2514,16,1431,40,402,41,2068,11
2514,16,1431,40,402,41,2079,11
2514,16,1431,40,402,41,2123,11
2514,16,1431,40,402,41,2196,11
2514,16,1431,40,402,41,2206,11
2514,16,1431,40,402,41,2216,11
2514,16,1431,40,402,41,2244,11
2514,16,1431,40,402,41,2259,11
2514,16,1431,40,402,41,2261,11
2514,16,1431,40,402,41,2289,11
2514,16,1431,40,402,41,2359,11
2514,16,1431,40,402,41,2370,11
2514,16,1431,40,402,41,2405,11
2514,16,1431,40,411,42,45,11
2514,16,1431,40,411,42,159,11
2514,16,1431,40,411,42,272,11
2514,16,1431,40,411,42,338,11
2514,16,1431,40,411,42,390,11
2514,16,1431,40,411,42,457,11
2514,16,1431,40,411,42,463,11
2514,16,1431,40,411,42,620,11
2514,16,1431,40,411,42,700,11
2514,16,1431,40,411,42,742,11
2514,16,1431,40,411,42,758,11
2514,16,1431,40,411,42,879,11
2514,16,1431,40,411,42,927,11
2514,16,1431,40,411,42,979,11
2514,16,1431,40,411,42,1003,11
2514,16,1431,40,411,42,1044,11
2514,16,1431,40,411,42,1068,11
2514,16,1431,40,411,42,1153,11
2514,16,1431,40,411,42,1186,11
2514,16,1431,40,411,42,1194,11
2514,16,1431,40,411,42,1259,11
2514,16,1431,40,411,42,1260,11
2514,16,1431,40,411,42,1312,11
2514,16,1431,40,411,42,1388,11
2514,16,1431,40,411,42,1391,11
2514,16,1431,40,411,42,1422,11
2514,16,1431,40,411,42,1556,11
2514,16,1431,40,411,42,1568,11
2514,16,1431,40,411,42,1599,11
2514,16,1431,40,411,42,1747,11
2514,16,1431,40,411,42,1773,11
2514,16,1431,40,411,42,1799,11
2514,16,1431,40,411,42,1818,11
2514,16,1431,40,411,42,1873,11
2514,16,1431,40,411,42,1940,11
2514,16,1431,40,411,42,1956,11
2514,16,1431,40,411,42,1997,11
2514,16,1431,40,411,42,2068,11
2514,16,1431,40,411,42,2079,11
2514,16,1431,40,411,42,2123,11
2514,16,1431,40,411,42,2196,11
2514,16,1431,40,411,42,2206,11
2514,16,1431,40,411,42,2216,11
2514,16,1431,40,411,42,2244,11
2514,16,1431,40,411,42,2259,11
2514,16,1431,40,411,42,2261,11
2514,16,1431,40,411,42,2289,11
2514,16,1431,40,411,42,2359,11
2514,16,1431,40,411,42,2370,11
2514,16,1431,40,411,42,2405,11
2514,16,1431,40,509,45,45,11
2514,16,1431,40,509,45,159,11
2514,16,1431,40,509,45,272,11
2514,16,1431,40,509,45,338,11
2514,16,1431,40,509,45,390,11
2514,16,1431,40,509,45,463,11
2514,16,1431,40,509,45,620,11
2514,16,1431,40,509,45,742,11
2514,16,1431,40,509,45,758,11
2514,16,1431,40,509,45,879,11
2514,16,1431,40,509,45,979,11
2514,16,1431,40,509,45,1044,11
2514,16,1431,40,509,45,1068,11
2514,16,1431,40,509,45,1186,11
2514,16,1431,40,509,45,1259,11
2514,16,1431,40,509,45,1260,11
2514,16,1431,40,509,45,1312,11
2514,16,1431,40,509,45,1388,11
2514,16,1431,40,509,45,1391,11
2514,16,1431,40,509,45,1422,11
2514,16,1431,40,509,45,1556,11
2514,16,1431,40,509,45,1747,11
2514,16,1431,40,509,45,1773,11
2514,16,1431,40,509,45,1799,11
2514,16,1431,40,509,45,1873,11
2514,16,1431,40,509,45,1956,11
2514,16,1431,40,509,45,1997,11
2514,16,1431,40,509,45,2068,11
2514,16,1431,40,509,45,2079,11
2514,16,1431,40,509,45,2123,11
2514,16,1431,40,509,45,2196,11
2514,16,1431,40,509,45,2206,11
2514,16,1431,40,509,45,2216,11
2514,16,1431,40,509,45,2244,11
2514,16,1431,40,509,45,2259,11
2514,16,1431,40,509,45,2261,11
2514,16,1431,40,509,45,2289,11
2514,16,1431,40,509,45,2359,11
2514,16,1431,40,509,45,2370,11
2514,16,1431,40,509,45,2405,11
2514,16,1431,40,547,47,45,11
2514,16,1431,40,547,47,159,11
2514,16,1431,40,547,47,272,11
2514,16,1431,40,547,47,338,11
2514,16,1431,40,547,47,390,11
2514,16,1431,40,547,47,457,11
2514,16,1431,40,547,47,463,11
2514,16,1431,40,547,47,620,11
2514,16,1431,40,547,47,700,11
2514,16,1431,40,547,47,742,11
2514,16,1431,40,547,47,758,11
2514,16,1431,40,547,47,879,11
2514,16,1431,40,547,47,927,11
2514,16,1431,40,547,47,979,11
2514,16,1431,40,547,47,1003,11
2514,16,1431,40,547,47,1044,11
2514,16,1431,40,547,47,1068,11
2514,16,1431,40,547,47,1153,11
2514,16,1431,40,547,47,1186,11
2514,16,1431,40,547,47,1194,11
2514,16,1431,40,547,47,1259,11
2514,16,1431,40,547,47,1260,11
2514,16,1431,40,547,47,1312,11
2514,16,1431,40,547,47,1388,11
2514,16,1431,40,547,47,1391,11
2514,16,1431,40,547,47,1422,11
2514,16,1431,40,547,47,1556,11
2514,16,1431,40,547,47,1568,11
2514,16,1431,40,547,47,1599,11
2514,16,1431,40,547,47,1747,11
2514,16,1431,40,547,47,1773,11
2514,16,1431,40,547,47,1799,11
2514,16,1431,40,547,47,1818,11
2514,16,1431,40,547,47,1873,11
2514,16,1431,40,547,47,1940,11
2514,16,1431,40,547,47,1956,11
2514,16,1431,40,547,47,1997,11
2514,16,1431,40,547,47,2068,11
2514,16,1431,40,547,47,2079,11
2514,16,1431,40,547,47,2123,11
2514,16,1431,40,547,47,2196,11
2514,16,1431,40,547,47,2206,11
2514,16,1431,40,547,47,2216,11
2514,16,1431,40,547,47,2244,11
2514,16,1431,40,547,47,2259,11
2514,16,1431,40,547,47,2261,11
2514,16,1431,40,547,47,2289,11
2514,16,1431,40,547,47,2359,11
2514,16,1431,40,547,47,2370,11
2514,16,1431,40,547,47,2405,11
2514,16,1431,40,597,44,45,11
2514,16,1431,40,597,44,159,11
2514,16,1431,40,597,44,272,11
2514,16,1431,40,597,44,338,11
2514,16,1431,40,597,44,390,11
2514,16,1431,40,597,44,457,11
2514,16,1431,40,597,44,463,11
2514,16,1431,40,597,44,620,11
2514,16,1431,40,597,44,700,11
2514,16,1431,40,597,44,742,11
2514,16,1431,40,597,44,758,11
2514,16,1431,40,597,44,879,11
2514,16,1431,40,597,44,927,11
2514,16,1431,40,597,44,979,11
2514,16,1431,40,597,44,1003,11
2514,16,1431,40,597,44,1044,11
2514,16,1431,40,597,44,1068,11
2514,16,1431,40,597,44,1153,11
2514,16,1431,40,597,44,1186,11
2514,16,1431,40,597,44,1194,11
2514,16,1431,40,597,44,1259,11
2514,16,1431,40,597,44,1260,11
2514,16,1431,40,597,44,1312,11
2514,16,1431,40,597,44,1388,11
2514,16,1431,40,597,44,1391,11
2514,16,1431,40,597,44,1422,11
2514,16,1431,40,597,44,1556,11
2514,16,1431,40,597,44,1568,11
2514,16,1431,40,597,44,1599,11
2514,16,1431,40,597,44,1747,11
2514,16,1431,40,597,44,1773,11
2514,16,1431,40,597,44,1799,11
2514,16,1431,40,597,44,1818,11
2514,16,1431,40,597,44,1873,11
2514,16,1431,40,597,44,1940,11
2514,16,1431,40,597,44,1956,11
2514,16,1431,40,597,44,1997,11
2514,16,1431,40,597,44,2068,11
2514,16,1431,40,597,44,2079,11
2514,16,1431,40,597,44,2123,11
2514,16,1431,40,597,44,2196,11
2514,16,1431,40,597,44,2206,11
2514,16,1431,40,597,44,2216,11
2514,16,1431,40,597,44,2244,11
2514,16,1431,40,597,44,2259,11
2514,16,1431,40,597,44,2261,11
2514,16,1431,40,597,44,2289,11
2514,16,1431,40,597,44,2359,11
2514,16,1431,40,597,44,2370,11
2514,16,1431,40,597,44,2405,11
2514,16,1431,40,841,27,45,11
2514,16,1431,40,841,27,159,11
2514,16,1431,40,841,27,272,11
2514,16,1431,40,841,27,338,11
2514,16,1431,40,841,27,390,11
2514,16,1431,40,841,27,457,11
2514,16,1431,40,841,27,463,11
2514,16,1431,40,841,27,620,11
2514,16,1431,40,841,27,700,11
2514,16,1431,40,841,27,742,11
2514,16,1431,40,841,27,758,11
2514,16,1431,40,841,27,879,11
2514,16,1431,40,841,27,927,11
2514,16,1431,40,841,27,979,11
2514,16,1431,40,841,27,1003,11
2514,16,1431,40,841,27,1044,11
2514,16,1431,40,841,27,1068,11
2514,16,1431,40,841,27,1153,11
2514,16,1431,40,841,27,1186,11
2514,16,1431,40,841,27,1194,11
2514,16,1431,40,841,27,1259,11
2514,16,1431,40,841,27,1260,11
2514,16,1431,40,841,27,1312,11
2514,16,1431,40,841,27,1388,11
2514,16,1431,40,841,27,1391,11
2514,16,1431,40,841,27,1422,11
2514,16,1431,40,841,27,1556,11
2514,16,1431,40,841,27,1568,11
2514,16,1431,40,841,27,1599,11
2514,16,1431,40,841,27,1747,11
2514,16,1431,40,841,27,1773,11
2514,16,1431,40,841,27,1799,11
2514,16,1431,40,841,27,1818,11
2514,16,1431,40,841,27,1873,11
2514,16,1431,40,841,27,1940,11
2514,16,1431,40,841,27,1956,11
2514,16,1431,40,841,27,1997,11
2514,16,1431,40,841,27,2068,11
2514,16,1431,40,841,27,2079,11
2514,16,1431,40,841,27,2123,11
2514,16,1431,40,841,27,2196,11
2514,16,1431,40,841,27,2206,11
2514,16,1431,40,841,27,2216,11
2514,16,1431,40,841,27,2244,11
2514,16,1431,40,841,27,2259,11
2514,16,1431,40,841,27,2261,11
2514,16,1431,40,841,27,2289,11
2514,16,1431,40,841,27,2359,11
2514,16,1431,40,841,27,2370,11
2514,16,1431,40,841,27,2405,11
2514,16,1431,40,1025,45,45,11
2514,16,1431,40,1025,45,159,11
2514,16,1431,40,1025,45,272,11
2514,16,1431,40,1025,45,338,11
2514,16,1431,40,1025,45,390,11
2514,16,1431,40,1025,45,457,11
2514,16,1431,40,1025,45,463,11
2514,16,1431,40,1025,45,620,11
2514,16,1431,40,1025,45,700,11
2514,16,1431,40,1025,45,742,11
2514,16,1431,40,1025,45,758,11
2514,16,1431,40,1025,45,879,11
2514,16,1431,40,1025,45,927,11
2514,16,1431,40,1025,45,979,11
2514,16,1431,40,1025,45,1003,11
2514,16,1431,40,1025,45,1044,11
2514,16,1431,40,1025,45,1068,11
2514,16,1431,40,1025,45,1153,11
2514,16,1431,40,1025,45,1186,11
2514,16,1431,40,1025,45,1194,11
2514,16,1431,40,1025,45,1259,11
2514,16,1431,40,1025,45,1260,11
2514,16,1431,40,1025,45,1312,11
2514,16,1431,40,1025,45,1388,11
2514,16,1431,40,1025,45,1391,11
2514,16,1431,40,1025,45,1422,11
2514,16,1431,40,1025,45,1556,11
2514,16,1431,40,1025,45,1568,11
2514,16,1431,40,1025,45,1599,11
2514,16,1431,40,1025,45,1747,11
2514,16,1431,40,1025,45,1773,11
2514,16,1431,40,1025,45,1799,11
2514,16,1431,40,1025,45,1818,11
2514,16,1431,40,1025,45,1873,11
2514,16,1431,40,1025,45,1940,11
2514,16,1431,40,1025,45,1956,11
2514,16,1431,40,1025,45,1997,11
2514,16,1431,40,1025,45,2068,11
2514,16,1431,40,1025,45,2079,11
2514,16,1431,40,1025,45,2123,11
2514,16,1431,40,1025,45,2196,11
2514,16,1431,40,1025,45,2206,11
2514,16,1431,40,1025,45,2216,11
2514,16,1431,40,1025,45,2244,11
2514,16,1431,40,1025,45,2259,11
2514,16,1431,40,1025,45,2261,11
2514,16,1431,40,1025,45,2289,11
2514,16,1431,40,1025,45,2359,11
2514,16,1431,40,1025,45,2370,11
2514,16,1431,40,1025,45,2405,11
2514,16,1431,40,1287,45,45,11
2514,16,1431,40,1287,45,159,11
2514,16,1431,40,1287,45,272,11
2514,16,1431,40,1287,45,338,11
2514,16,1431,40,1287,45,390,11
2514,16,1431,40,1287,45,457,11
2514,16,1431,40,1287,45,463,11
2514,16,1431,40,1287,45,620,11
2514,16,1431,40,1287,45,700,11
2514,16,1431,40,1287,45,742,11
2514,16,1431,40,1287,45,758,11
2514,16,1431,40,1287,45,879,11
2514,16,1431,40,1287,45,927,11
2514,16,1431,40,1287,45,979,11
2514,16,1431,40,1287,45,1003,11
2514,16,1431,40,1287,45,1044,11
2514,16,1431,40,1287,45,1068,11
2514,16,1431,40,1287,45,1153,11
2514,16,1431,40,1287,45,1186,11
2514,16,1431,40,1287,45,1194,11
2514,16,1431,40,1287,45,1259,11
2514,16,1431,40,1287,45,1260,11
2514,16,1431,40,1287,45,1312,11
2514,16,1431,40,1287,45,1388,11
2514,16,1431,40,1287,45,1391,11
2514,16,1431,40,1287,45,1422,11
2514,16,1431,40,1287,45,1556,11
2514,16,1431,40,1287,45,1568,11
2514,16,1431,40,1287,45,1599,11
2514,16,1431,40,1287,45,1747,11
2514,16,1431,40,1287,45,1773,11
2514,16,1431,40,1287,45,1799,11
2514,16,1431,40,1287,45,1818,11
2514,16,1431,40,1287,45,1873,11
2514,16,1431,40,1287,45,1940,11
2514,16,1431,40,1287,45,1956,11
2514,16,1431,40,1287,45,1997,11
2514,16,1431,40,1287,45,2068,11
2514,16,1431,40,1287,45,2079,11
2514,16,1431,40,1287,45,2123,11
2514,16,1431,40,1287,45,2196,11
2514,16,1431,40,1287,45,2206,11
2514,16,1431,40,1287,45,2216,11
2514,16,1431,40,1287,45,2244,11
2514,16,1431,40,1287,45,2259,11
2514,16,1431,40,1287,45,2261,11
2514,16,1431,40,1287,45,2289,11
2514,16,1431,40,1287,45,2359,11
2514,16,1431,40,1287,45,2370,11
2514,16,1431,40,1287,45,2405,11
2514,16,1431,40,1370,33,45,11
2514,16,1431,40,1370,33,159,11
2514,16,1431,40,1370,33,272,11
2514,16,1431,40,1370,33,338,11
2514,16,1431,40,1370,33,390,11
2514,16,1431,40,1370,33,457,11
2514,16,1431,40,1370,33,463,11
2514,16,1431,40,1370,33,620,11
2514,16,1431,40,1370,33,700,11
2514,16,1431,40,1370,33,742,11
2514,16,1431,40,1370,33,758,11
2514,16,1431,40,1370,33,879,11
2514,16,1431,40,1370,33,927,11
2514,16,1431,40,1370,33,979,11
2514,16,1431,40,1370,33,1003,11
2514,16,1431,40,1370,33,1044,11
2514,16,1431,40,1370,33,1068,11
2514,16,1431,40,1370,33,1153,11
2514,16,1431,40,1370,33,1186,11
2514,16,1431,40,1370,33,1194,11
2514,16,1431,40,1370,33,1259,11
2514,16,1431,40,1370,33,1260,11
2514,16,1431,40,1370,33,1312,11
2514,16,1431,40,1370,33,1388,11
2514,16,1431,40,1370,33,1391,11
2514,16,1431,40,1370,33,1422,11
2514,16,1431,40,1370,33,1556,11
2514,16,1431,40,1370,33,1568,11
2514,16,1431,40,1370,33,1599,11
2514,16,1431,40,1370,33,1747,11
2514,16,1431,40,1370,33,1773,11
2514,16,1431,40,1370,33,1799,11
2514,16,1431,40,1370,33,1818,11
2514,16,1431,40,1370,33,1873,11
2514,16,1431,40,1370,33,1940,11
2514,16,1431,40,1370,33,1956,11
2514,16,1431,40,1370,33,1997,11
2514,16,1431,40,1370,33,2068,11
2514,16,1431,40,1370,33,2079,11
2514,16,1431,40,1370,33,2123,11
2514,16,1431,40,1370,33,2196,11
2514,16,1431,40,1370,33,2206,11
2514,16,1431,40,1370,33,2216,11
2514,16,1431,40,1370,33,2244,11
2514,16,1431,40,1370,33,2259,11
2514,16,1431,40,1370,33,2261,11
2514,16,1431,40,1370,33,2289,11
2514,16,1431,40,1370,33,2359,11
2514,16,1431,40,1370,33,2370,11
2514,16,1431,40,1370,33,2405,11
2514,16,1431,40,1628,19,45,11
2514,16,1431,40,1628,19,159,11
2514,16,1431,40,1628,19,272,11
2514,16,1431,40,1628,19,338,11
2514,16,1431,40,1628,19,390,11
2514,16,1431,40,1628,19,457,11
2514,16,1431,40,1628,19,463,11
2514,16,1431,40,1628,19,620,11
2514,16,1431,40,1628,19,700,11
2514,16,1431,40,1628,19,742,11
2514,16,1431,40,1628,19,758,11
2514,16,1431,40,1628,19,879,11
2514,16,1431,40,1628,19,927,11
2514,16,1431,40,1628,19,979,11
2514,16,1431,40,1628,19,1003,11
2514,16,1431,40,1628,19,1044,11
2514,16,1431,40,1628,19,1068,11
2514,16,1431,40,1628,19,1153,11
2514,16,1431,40,1628,19,1186,11
2514,16,1431,40,1628,19,1194,11
2514,16,1431,40,1628,19,1259,11
2514,16,1431,40,1628,19,1260,11
2514,16,1431,40,1628,19,1312,11
2514,16,1431,40,1628,19,1388,11
2514,16,1431,40,1628,19,1391,11
2514,16,1431,40,1628,19,1422,11
2514,16,1431,40,1628,19,1556,11
2514,16,1431,40,1628,19,1568,11
2514,16,1431,40,1628,19,1599,11
2514,16,1431,40,1628,19,1747,11
2514,16,1431,40,1628,19,1773,11
2514,16,1431,40,1628,19,1799,11
2514,16,1431,40,1628,19,1818,11
2514,16,1431,40,1628,19,1873,11
2514,16,1431,40,1628,19,1940,11
2514,16,1431,40,1628,19,1956,11
2514,16,1431,40,1628,19,1997,11
2514,16,1431,40,1628,19,2068,11
2514,16,1431,40,1628,19,2079,11
2514,16,1431,40,1628,19,2123,11
2514,16,1431,40,1628,19,2196,11
2514,16,1431,40,1628,19,2206,11
2514,16,1431,40,1628,19,2216,11
2514,16,1431,40,1628,19,2244,11
2514,16,1431,40,1628,19,2259,11
2514,16,1431,40,1628,19,2261,11
2514,16,1431,40,1628,19,2289,11
2514,16,1431,40,1628,19,2359,11
2514,16,1431,40,1628,19,2370,11
2514,16,1431,40,1628,19,2405,11
2514,16,1431,40,1748,40,45,11
2514,16,1431,40,1748,40,159,11
2514,16,1431,40,1748,40,272,11
2514,16,1431,40,1748,40,338,11
2514,16,1431,40,1748,40,390,11
2514,16,1431,40,1748,40,457,11
2514,16,1431,40,1748,40,463,11
2514,16,1431,40,1748,40,620,11
2514,16,1431,40,1748,40,700,11
2514,16,1431,40,1748,40,742,11
2514,16,1431,40,1748,40,758,11
2514,16,1431,40,1748,40,879,11
2514,16,1431,40,1748,40,927,11
2514,16,1431,40,1748,40,979,11
2514,16,1431,40,1748,40,1003,11
2514,16,1431,40,1748,40,1044,11
2514,16,1431,40,1748,40,1068,11
2514,16,1431,40,1748,40,1153,11
2514,16,1431,40,1748,40,1186,11
2514,16,1431,40,1748,40,1194,11
2514,16,1431,40,1748,40,1259,11
2514,16,1431,40,1748,40,1260,11
2514,16,1431,40,1748,40,1312,11
2514,16,1431,40,1748,40,1388,11
2514,16,1431,40,1748,40,1391,11
2514,16,1431,40,1748,40,1422,11
2514,16,1431,40,1748,40,1556,11
2514,16,1431,40,1748,40,1568,11
2514,16,1431,40,1748,40,1599,11
2514,16,1431,40,1748,40,1747,11
2514,16,1431,40,1748,40,1773,11
2514,16,1431,40,1748,40,1799,11
2514,16,1431,40,1748,40,1818,11
2514,16,1431,40,1748,40,1873,11
2514,16,1431,40,1748,40,1940,11
2514,16,1431,40,1748,40,1956,11
2514,16,1431,40,1748,40,1997,11
2514,16,1431,40,1748,40,2068,11
2514,16,1431,40,1748,40,2079,11
2514,16,1431,40,1748,40,2123,11
2514,16,1431,40,1748,40,2196,11
2514,16,1431,40,1748,40,2206,11
2514,16,1431,40,1748,40,2216,11
2514,16,1431,40,1748,40,2244,11
2514,16,1431,40,1748,40,2259,11
2514,16,1431,40,1748,40,2261,11
2514,16,1431,40,1748,40,2289,11
2514,16,1431,40,1748,40,2359,11
2514,16,1431,40,1748,40,2370,11
2514,16,1431,40,1748,40,2405,11
2514,16,1431,40,1788,36,45,11
2514,16,1431,40,1788,36,159,11
2514,16,1431,40,1788,36,272,11
2514,16,1431,40,1788,36,338,11
2514,16,1431,40,1788,36,390,11
2514,16,1431,40,1788,36,457,11
2514,16,1431,40,1788,36,463,11
2514,16,1431,40,1788,36,620,11
2514,16,1431,40,1788,36,700,11
2514,16,1431,40,1788,36,742,11
2514,16,1431,40,1788,36,758,11
2514,16,1431,40,1788,36,879,11
2514,16,1431,40,1788,36,927,11
2514,16,1431,40,1788,36,979,11
2514,16,1431,40,1788,36,1003,11
2514,16,1431,40,1788,36,1044,11
2514,16,1431,40,1788,36,1068,11
2514,16,1431,40,1788,36,1153,11
2514,16,1431,40,1788,36,1186,11
2514,16,1431,40,1788,36,1194,11
2514,16,1431,40,1788,36,1259,11
2514,16,1431,40,1788,36,1260,11
2514,16,1431,40,1788,36,1312,11
2514,16,1431,40,1788,36,1388,11
2514,16,1431,40,1788,36,1391,11
2514,16,1431,40,1788,36,1422,11
2514,16,1431,40,1788,36,1556,11
2514,16,1431,40,1788,36,1568,11
2514,16,1431,40,1788,36,1599,11
2514,16,1431,40,1788,36,1747,11
2514,16,1431,40,1788,36,1773,11
2514,16,1431,40,1788,36,1799,11
2514,16,1431,40,1788,36,1818,11
2514,16,1431,40,1788,36,1873,11
2514,16,1431,40,1788,36,1940,11
2514,16,1431,40,1788,36,1956,11
2514,16,1431,40,1788,36,1997,11
2514,16,1431,40,1788,36,2068,11
2514,16,1431,40,1788,36,2079,11
2514,16,1431,40,1788,36,2123,11
2514,16,1431,40,1788,36,2196,11
2514,16,1431,40,1788,36,2206,11
2514,16,1431,40,1788,36,2216,11
2514,16,1431,40,1788,36,2244,11
2514,16,1431,40,1788,36,2259,11
2514,16,1431,40,1788,36,2261,11
2514,16,1431,40,1788,36,2289,11
2514,16,1431,40,1788,36,2359,11
2514,16,1431,40,1788,36,2370,11
2514,16,1431,40,1788,36,2405,11
