2514,16,1985,39,191,15,45,11
2514,16,1985,39,191,15,272,11
2514,16,1985,39,191,15,338,11
2514,16,1985,39,191,15,390,11
2514,16,1985,39,191,15,620,11
2514,16,1985,39,191,15,742,11
2514,16,1985,39,191,15,758,11
2514,16,1985,39,191,15,979,11
2514,16,1985,39,191,15,1044,11
2514,16,1985,39,191,15,1068,11
2514,16,1985,39,191,15,1186,11
2514,16,1985,39,191,15,1259,11
2514,16,1985,39,191,15,1260,11
2514,16,1985,39,191,15,1312,11
2514,16,1985,39,191,15,1391,11
2514,16,1985,39,191,15,1422,11
2514,16,1985,39,191,15,1747,11
2514,16,1985,39,191,15,1773,11
2514,16,1985,39,191,15,1799,11
2514,16,1985,39,191,15,1956,11
2514,16,1985,39,191,15,1997,11
2514,16,1985,39,191,15,2068,11
2514,16,1985,39,191,15,2079,11
2514,16,1985,39,191,15,2206,11
2514,16,1985,39,191,15,2244,11
2514,16,1985,39,191,15,2259,11
2514,16,1985,39,191,15,2261,11
2514,16,1985,39,191,15,2289,11
2514,16,1985,39,191,15,2359,11
2514,16,1985,39,191,15,2405,11
2514,16,1985,39,192,35,45,11
2514,16,1985,39,192,35,159,11
2514,16,1985,39,192,35,272,11
2514,16,1985,39,192,35,338,11
2514,16,1985,39,192,35,390,11
2514,16,1985,39,192,35,457,11
2514,16,1985,39,192,35,463,11
2514,16,1985,39,192,35,620,11
2514,16,1985,39,192,35,700,11
2514,16,1985,39,192,35,742,11
2514,16,1985,39,192,35,758,11
2514,16,1985,39,192,35,879,11
2514,16,1985,39,192,35,927,11
2514,16,1985,39,192,35,979,11
2514,16,1985,39,192,35,1003,11
2514,16,1985,39,192,35,1044,11
2514,16,1985,39,192,35,1068,11
2514,16,1985,39,192,35,1153,11
2514,16,1985,39,192,35,1186,11
2514,16,1985,39,192,35,1194,11
2514,16,1985,39,192,35,1259,11
2514,16,1985,39,192,35,1260,11
2514,16,1985,39,192,35,1312,11
2514,16,1985,39,192,35,1388,11
2514,16,1985,39,192,35,1391,11
2514,16,1985,39,192,35,1422,11
2514,16,1985,39,192,35,1556,11
2514,16,1985,39,192,35,1568,11
2514,16,1985,39,192,35,1599,11
2514,16,1985,39,192,35,1747,11
2514,16,1985,39,192,35,1773,11
2514,16,1985,39,192,35,1799,11
2514,16,1985,39,192,35,1818,11
2514,16,1985,39,192,35,1873,11
2514,16,1985,39,192,35,1940,11
2514,16,1985,39,192,35,1956,11
2514,16,1985,39,192,35,1997,11
2514,16,1985,39,192,35,2068,11
2514,16,1985,39,192,35,2079,11
2514,16,1985,39,192,35,2123,11
2514,16,1985,39,192,35,2196,11
2514,16,1985,39,192,35,2206,11
2514,16,1985,39,192,35,2216,11
2514,16,1985,39,192,35,2244,11
2514,16,1985,39,192,35,2259,11
2514,16,1985,39,192,35,2261,11
2514,16,1985,39,192,35,2289,11
2514,16,1985,39,192,35,2359,11
2514,16,1985,39,192,35,2370,11
2514,16,1985,39,192,35,2405,11
2514,16,1985,39,455,45,45,11
2514,16,1985,39,455,45,159,11
2514,16,1985,39,455,45,272,11
2514,16,1985,39,455,45,338,11
2514,16,1985,39,455,45,390,11
2514,16,1985,39,455,45,457,11
2514,16,1985,39,455,45,463,11
2514,16,1985,39,455,45,620,11
2514,16,1985,39,455,45,700,11
2514,16,1985,39,455,45,742,11
2514,16,1985,39,455,45,758,11
2514,16,1985,39,455,45,879,11
2514,16,1985,39,455,45,927,11
2514,16,1985,39,455,45,979,11
2514,16,1985,39,455,45,1003,11
2514,16,1985,39,455,45,1044,11
2514,16,1985,39,455,45,1068,11
2514,16,1985,39,455,45,1153,11
2514,16,1985,39,455,45,1186,11
2514,16,1985,39,455,45,1194,11
2514,16,1985,39,455,45,1259,11
2514,16,1985,39,455,45,1260,11
2514,16,1985,39,455,45,1312,11
2514,16,1985,39,455,45,1388,11
2514,16,1985,39,455,45,1391,11
2514,16,1985,39,455,45,1422,11
2514,16,1985,39,455,45,1556,11
2514,16,1985,39,455,45,1568,11
2514,16,1985,39,455,45,1599,11
2514,16,1985,39,455,45,1747,11
2514,16,1985,39,455,45,1773,11
2514,16,1985,39,455,45,1799,11
2514,16,1985,39,455,45,1818,11
2514,16,1985,39,455,45,1873,11
2514,16,1985,39,455,45,1940,11
2514,16,1985,39,455,45,1956,11
2514,16,1985,39,455,45,1997,11
2514,16,1985,39,455,45,2068,11
2514,16,1985,39,455,45,2079,11
2514,16,1985,39,455,45,2123,11
2514,16,1985,39,455,45,2196,11
2514,16,1985,39,455,45,2206,11
2514,16,1985,39,455,45,2216,11
2514,16,1985,39,455,45,2244,11
2514,16,1985,39,455,45,2259,11
2514,16,1985,39,455,45,2261,11
2514,16,1985,39,455,45,2289,11
2514,16,1985,39,455,45,2359,11
2514,16,1985,39,455,45,2370,11
2514,16,1985,39,455,45,2405,11
2514,16,1985,39,670,12,45,11
2514,16,1985,39,670,12,159,11
2514,16,1985,39,670,12,272,11
2514,16,1985,39,670,12,338,11
2514,16,1985,39,670,12,390,11
2514,16,1985,39,670,12,457,11
2514,16,1985,39,670,12,463,11
2514,16,1985,39,670,12,620,11
2514,16,1985,39,670,12,700,11
2514,16,1985,39,670,12,742,11
2514,16,1985,39,670,12,758,11
2514,16,1985,39,670,12,879,11
2514,16,1985,39,670,12,927,11
2514,16,1985,39,670,12,979,11
2514,16,1985,39,670,12,1003,11
2514,16,1985,39,670,12,1044,11
2514,16,1985,39,670,12,1068,11
2514,16,1985,39,670,12,1153,11
2514,16,1985,39,670,12,1186,11
2514,16,1985,39,670,12,1194,11
2514,16,1985,39,670,12,1259,11
2514,16,1985,39,670,12,1260,11
2514,16,1985,39,670,12,1312,11
2514,16,1985,39,670,12,1388,11
2514,16,1985,39,670,12,1391,11
2514,16,1985,39,670,12,1422,11
2514,16,1985,39,670,12,1556,11
2514,16,1985,39,670,12,1568,11
2514,16,1985,39,670,12,1599,11
2514,16,1985,39,670,12,1747,11
2514,16,1985,39,670,12,1773,11
2514,16,1985,39,670,12,1799,11
2514,16,1985,39,670,12,1818,11
2514,16,1985,39,670,12,1873,11
2514,16,1985,39,670,12,1940,11
2514,16,1985,39,670,12,1956,11
2514,16,1985,39,670,12,1997,11
2514,16,1985,39,670,12,2068,11
2514,16,1985,39,670,12,2079,11
2514,16,1985,39,670,12,2123,11
2514,16,1985,39,670,12,2196,11
2514,16,1985,39,670,12,2206,11
2514,16,1985,39,670,12,2216,11
2514,16,1985,39,670,12,2244,11
2514,16,1985,39,670,12,2259,11
2514,16,1985,39,670,12,2261,11
2514,16,1985,39,670,12,2289,11
2514,16,1985,39,670,12,2359,11
2514,16,1985,39,670,12,2370,11
2514,16,1985,39,670,12,2405,11
2514,16,1985,39,994,10,457,11
2514,16,1985,39,994,10,700,11
2514,16,1985,39,994,10,927,11
2514,16,1985,39,994,10,1003,11
2514,16,1985,39,994,10,1153,11
2514,16,1985,39,994,10,1194,11
2514,16,1985,39,994,10,1568,11
2514,16,1985,39,994,10,1599,11
2514,16,1985,39,994,10,1818,11
2514,16,1985,39,994,10,1940,11
2514,16,1985,39,1004,35,45,11
2514,16,1985,39,1004,35,159,11
2514,16,1985,39,1004,35,272,11
2514,16,1985,39,1004,35,338,11
2514,16,1985,39,1004,35,390,11
2514,16,1985,39,1004,35,457,11
2514,16,1985,39,1004,35,463,11
2514,16,1985,39,1004,35,620,11
2514,16,1985,39,1004,35,700,11
2514,16,1985,39,1004,35,742,11
2514,16,1985,39,1004,35,758,11
2514,16,1985,39,1004,35,879,11
2514,16,1985,39,1004,35,927,11
2514,16,1985,39,1004,35,979,11
2514,16,1985,39,1004,35,1003,11
2514,16,1985,39,1004,35,1044,11
2514,16,1985,39,1004,35,1068,11
2514,16,1985,39,1004,35,1153,11
2514,16,1985,39,1004,35,1186,11
2514,16,1985,39,1004,35,1194,11
2514,16,1985,39,1004,35,1259,11
2514,16,1985,39,1004,35,1260,11
2514,16,1985,39,1004,35,1312,11
2514,16,1985,39,1004,35,1388,11
2514,16,1985,39,1004,35,1391,11
2514,16,1985,39,1004,35,1422,11
2514,16,1985,39,1004,35,1556,11
2514,16,1985,39,1004,35,1568,11
2514,16,1985,39,1004,35,1599,11
2514,16,1985,39,1004,35,1747,11
2514,16,1985,39,1004,35,1773,11
2514,16,1985,39,1004,35,1799,11
2514,16,1985,39,1004,35,1818,11
2514,16,1985,39,1004,35,1873,11
2514,16,1985,39,1004,35,1940,11
2514,16,1985,39,1004,35,1956,11
2514,16,1985,39,1004,35,1997,11
2514,16,1985,39,1004,35,2068,11
2514,16,1985,39,1004,35,2079,11
2514,16,1985,39,1004,35,2123,11
2514,16,1985,39,1004,35,2196,11
2514,16,1985,39,1004,35,2206,11
2514,16,1985,39,1004,35,2216,11
2514,16,1985,39,1004,35,2244,11
2514,16,1985,39,1004,35,2259,11
2514,16,1985,39,1004,35,2261,11
2514,16,1985,39,1004,35,2289,11
2514,16,1985,39,1004,35,2359,11
2514,16,1985,39,1004,35,2370,11
2514,16,1985,39,1004,35,2405,11
2514,16,1985,39,1434,11,45,11
2514,16,1985,39,1434,11,159,11
2514,16,1985,39,1434,11,272,11
2514,16,1985,39,1434,11,338,11
2514,16,1985,39,1434,11,390,11
2514,16,1985,39,1434,11,457,11
2514,16,1985,39,1434,11,463,11
2514,16,1985,39,1434,11,620,11
2514,16,1985,39,1434,11,700,11
2514,16,1985,39,1434,11,742,11
2514,16,1985,39,1434,11,758,11
2514,16,1985,39,1434,11,879,11
2514,16,1985,39,1434,11,927,11
2514,16,1985,39,1434,11,979,11
2514,16,1985,39,1434,11,1003,11
2514,16,1985,39,1434,11,1044,11
2514,16,1985,39,1434,11,1068,11
2514,16,1985,39,1434,11,1153,11
2514,16,1985,39,1434,11,1186,11
2514,16,1985,39,1434,11,1194,11
2514,16,1985,39,1434,11,1259,11
2514,16,1985,39,1434,11,1260,11
2514,16,1985,39,1434,11,1312,11
2514,16,1985,39,1434,11,1388,11
2514,16,1985,39,1434,11,1391,11
2514,16,1985,39,1434,11,1422,11
2514,16,1985,39,1434,11,1556,11
2514,16,1985,39,1434,11,1568,11
2514,16,1985,39,1434,11,1599,11
2514,16,1985,39,1434,11,1747,11
2514,16,1985,39,1434,11,1773,11
2514,16,1985,39,1434,11,1799,11
2514,16,1985,39,1434,11,1818,11
2514,16,1985,39,1434,11,1873,11
2514,16,1985,39,1434,11,1940,11
2514,16,1985,39,1434,11,1956,11
2514,16,1985,39,1434,11,1997,11
2514,16,1985,39,1434,11,2068,11
2514,16,1985,39,1434,11,2079,11
2514,16,1985,39,1434,11,2123,11
2514,16,1985,39,1434,11,2196,11
2514,16,1985,39,1434,11,2206,11
2514,16,1985,39,1434,11,2216,11
2514,16,1985,39,1434,11,2244,11
2514,16,1985,39,1434,11,2259,11
2514,16,1985,39,1434,11,2261,11
2514,16,1985,39,1434,11,2289,11
2514,16,1985,39,1434,11,2359,11
2514,16,1985,39,1434,11,2370,11
2514,16,1985,39,1434,11,2405,11
2514,16,1985,39,1459,17,45,11
2514,16,1985,39,1459,17,159,11
2514,16,1985,39,1459,17,272,11
2514,16,1985,39,1459,17,338,11
2514,16,1985,39,1459,17,390,11
2514,16,1985,39,1459,17,457,11
2514,16,1985,39,1459,17,463,11
2514,16,1985,39,1459,17,620,11
2514,16,1985,39,1459,17,700,11
2514,16,1985,39,1459,17,742,11
2514,16,1985,39,1459,17,758,11
2514,16,1985,39,1459,17,879,11
2514,16,1985,39,1459,17,927,11
2514,16,1985,39,1459,17,979,11
2514,16,1985,39,1459,17,1003,11
2514,16,1985,39,1459,17,1044,11
2514,16,1985,39,1459,17,1068,11
2514,16,1985,39,1459,17,1153,11
2514,16,1985,39,1459,17,1186,11
2514,16,1985,39,1459,17,1194,11
2514,16,1985,39,1459,17,1259,11
2514,16,1985,39,1459,17,1260,11
2514,16,1985,39,1459,17,1312,11
2514,16,1985,39,1459,17,1388,11
2514,16,1985,39,1459,17,1391,11
2514,16,1985,39,1459,17,1422,11
2514,16,1985,39,1459,17,1556,11
2514,16,1985,39,1459,17,1568,11
2514,16,1985,39,1459,17,1599,11
2514,16,1985,39,1459,17,1747,11
2514,16,1985,39,1459,17,1773,11
2514,16,1985,39,1459,17,1799,11
2514,16,1985,39,1459,17,1818,11
2514,16,1985,39,1459,17,1873,11
2514,16,1985,39,1459,17,1940,11
2514,16,1985,39,1459,17,1956,11
2514,16,1985,39,1459,17,1997,11
2514,16,1985,39,1459,17,2068,11
2514,16,1985,39,1459,17,2079,11
2514,16,1985,39,1459,17,2123,11
2514,16,1985,39,1459,17,2196,11
2514,16,1985,39,1459,17,2206,11
2514,16,1985,39,1459,17,2216,11
2514,16,1985,39,1459,17,2244,11
2514,16,1985,39,1459,17,2259,11
2514,16,1985,39,1459,17,2261,11
2514,16,1985,39,1459,17,2289,11
2514,16,1985,39,1459,17,2359,11
2514,16,1985,39,1459,17,2370,11
2514,16,1985,39,1459,17,2405,11
2514,16,1985,39,1539,31,45,11
2514,16,1985,39,1539,31,159,11
2514,16,1985,39,1539,31,272,11
2514,16,1985,39,1539,31,338,11
2514,16,1985,39,1539,31,390,11
2514,16,1985,39,1539,31,457,11
2514,16,1985,39,1539,31,463,11
2514,16,1985,39,1539,31,620,11
2514,16,1985,39,1539,31,700,11
2514,16,1985,39,1539,31,742,11
2514,16,1985,39,1539,31,758,11
2514,16,1985,39,1539,31,879,11
2514,16,1985,39,1539,31,927,11
2514,16,1985,39,1539,31,979,11
2514,16,1985,39,1539,31,1003,11
2514,16,1985,39,1539,31,1044,11
2514,16,1985,39,1539,31,1068,11
2514,16,1985,39,1539,31,1153,11
2514,16,1985,39,1539,31,1186,11
2514,16,1985,39,1539,31,1194,11
2514,16,1985,39,1539,31,1259,11
2514,16,1985,39,1539,31,1260,11
2514,16,1985,39,1539,31,1312,11
2514,16,1985,39,1539,31,1388,11
2514,16,1985,39,1539,31,1391,11
2514,16,1985,39,1539,31,1422,11
2514,16,1985,39,1539,31,1556,11
2514,16,1985,39,1539,31,1568,11
2514,16,1985,39,1539,31,1599,11
2514,16,1985,39,1539,31,1747,11
2514,16,1985,39,1539,31,1773,11
2514,16,1985,39,1539,31,1799,11
2514,16,1985,39,1539,31,1818,11
2514,16,1985,39,1539,31,1873,11
2514,16,1985,39,1539,31,1940,11
2514,16,1985,39,1539,31,1956,11
2514,16,1985,39,1539,31,1997,11
2514,16,1985,39,1539,31,2068,11
2514,16,1985,39,1539,31,2079,11
2514,16,1985,39,1539,31,2123,11
2514,16,1985,39,1539,31,2196,11
2514,16,1985,39,1539,31,2206,11
2514,16,1985,39,1539,31,2216,11
2514,16,1985,39,1539,31,2244,11
2514,16,1985,39,1539,31,2259,11
2514,16,1985,39,1539,31,2261,11
2514,16,1985,39,1539,31,2289,11
2514,16,1985,39,1539,31,2359,11
2514,16,1985,39,1539,31,2370,11
2514,16,1985,39,1539,31,2405,11
2514,16,1985,39,1613,32,45,11
2514,16,1985,39,1613,32,159,11
2514,16,1985,39,1613,32,272,11
2514,16,1985,39,1613,32,338,11
2514,16,1985,39,1613,32,390,11
2514,16,1985,39,1613,32,457,11
2514,16,1985,39,1613,32,463,11
2514,16,1985,39,1613,32,620,11
2514,16,1985,39,1613,32,700,11
2514,16,1985,39,1613,32,742,11
2514,16,1985,39,1613,32,758,11
2514,16,1985,39,1613,32,879,11
2514,16,1985,39,1613,32,927,11
2514,16,1985,39,1613,32,979,11
2514,16,1985,39,1613,32,1003,11
2514,16,1985,39,1613,32,1044,11
2514,16,1985,39,1613,32,1068,11
2514,16,1985,39,1613,32,1153,11
2514,16,1985,39,1613,32,1186,11
2514,16,1985,39,1613,32,1194,11
2514,16,1985,39,1613,32,1259,11
2514,16,1985,39,1613,32,1260,11
2514,16,1985,39,1613,32,1312,11
2514,16,1985,39,1613,32,1388,11
2514,16,1985,39,1613,32,1391,11
2514,16,1985,39,1613,32,1422,11
2514,16,1985,39,1613,32,1556,11
2514,16,1985,39,1613,32,1568,11
2514,16,1985,39,1613,32,1599,11
2514,16,1985,39,1613,32,1747,11
2514,16,1985,39,1613,32,1773,11
2514,16,1985,39,1613,32,1799,11
2514,16,1985,39,1613,32,1818,11
2514,16,1985,39,1613,32,1873,11
2514,16,1985,39,1613,32,1940,11
2514,16,1985,39,1613,32,1956,11
2514,16,1985,39,1613,32,1997,11
2514,16,1985,39,1613,32,2068,11
2514,16,1985,39,1613,32,2079,11
2514,16,1985,39,1613,32,2123,11
2514,16,1985,39,1613,32,2196,11
2514,16,1985,39,1613,32,2206,11
2514,16,1985,39,1613,32,2216,11
2514,16,1985,39,1613,32,2244,11
2514,16,1985,39,1613,32,2259,11
2514,16,1985,39,1613,32,2261,11
2514,16,1985,39,1613,32,2289,11
2514,16,1985,39,1613,32,2359,11
2514,16,1985,39,1613,32,2370,11
2514,16,1985,39,1613,32,2405,11
2514,16,1985,39,1636,29,45,11
2514,16,1985,39,1636,29,159,11
2514,16,1985,39,1636,29,272,11
2514,16,1985,39,1636,29,338,11
2514,16,1985,39,1636,29,390,11
2514,16,1985,39,1636,29,457,11
2514,16,1985,39,1636,29,463,11
2514,16,1985,39,1636,29,620,11
2514,16,1985,39,1636,29,700,11
2514,16,1985,39,1636,29,742,11
2514,16,1985,39,1636,29,758,11
2514,16,1985,39,1636,29,879,11
2514,16,1985,39,1636,29,927,11
2514,16,1985,39,1636,29,979,11
2514,16,1985,39,1636,29,1003,11
2514,16,1985,39,1636,29,1044,11
2514,16,1985,39,1636,29,1068,11
2514,16,1985,39,1636,29,1153,11
2514,16,1985,39,1636,29,1186,11
2514,16,1985,39,1636,29,1194,11
2514,16,1985,39,1636,29,1259,11
2514,16,1985,39,1636,29,1260,11
2514,16,1985,39,1636,29,1312,11
2514,16,1985,39,1636,29,1388,11
2514,16,1985,39,1636,29,1391,11
2514,16,1985,39,1636,29,1422,11
2514,16,1985,39,1636,29,1556,11
2514,16,1985,39,1636,29,1568,11
2514,16,1985,39,1636,29,1599,11
2514,16,1985,39,1636,29,1747,11
2514,16,1985,39,1636,29,1773,11
2514,16,1985,39,1636,29,1799,11
2514,16,1985,39,1636,29,1818,11
2514,16,1985,39,1636,29,1873,11
2514,16,1985,39,1636,29,1940,11
2514,16,1985,39,1636,29,1956,11
2514,16,1985,39,1636,29,1997,11
2514,16,1985,39,1636,29,2068,11
2514,16,1985,39,1636,29,2079,11
2514,16,1985,39,1636,29,2123,11
2514,16,1985,39,1636,29,2196,11
2514,16,1985,39,1636,29,2206,11
2514,16,1985,39,1636,29,2216,11
2514,16,1985,39,1636,29,2244,11
2514,16,1985,39,1636,29,2259,11
2514,16,1985,39,1636,29,2261,11
2514,16,1985,39,1636,29,2289,11
2514,16,1985,39,1636,29,2359,11
2514,16,1985,39,1636,29,2370,11
2514,16,1985,39,1636,29,2405,11
2514,16,1985,39,1784,46,45,11
2514,16,1985,39,1784,46,159,11
2514,16,1985,39,1784,46,272,11
2514,16,1985,39,1784,46,338,11
2514,16,1985,39,1784,46,390,11
2514,16,1985,39,1784,46,457,11
2514,16,1985,39,1784,46,463,11
2514,16,1985,39,1784,46,620,11
2514,16,1985,39,1784,46,700,11
2514,16,1985,39,1784,46,742,11
2514,16,1985,39,1784,46,758,11
2514,16,1985,39,1784,46,879,11
2514,16,1985,39,1784,46,927,11
2514,16,1985,39,1784,46,979,11
2514,16,1985,39,1784,46,1003,11
2514,16,1985,39,1784,46,1044,11
2514,16,1985,39,1784,46,1068,11
2514,16,1985,39,1784,46,1153,11
2514,16,1985,39,1784,46,1186,11
2514,16,1985,39,1784,46,1194,11
2514,16,1985,39,1784,46,1259,11
2514,16,1985,39,1784,46,1260,11
2514,16,1985,39,1784,46,1312,11
2514,16,1985,39,1784,46,1388,11
2514,16,1985,39,1784,46,1391,11
2514,16,1985,39,1784,46,1422,11
2514,16,1985,39,1784,46,1556,11
2514,16,1985,39,1784,46,1568,11
2514,16,1985,39,1784,46,1599,11
2514,16,1985,39,1784,46,1747,11
2514,16,1985,39,1784,46,1773,11
2514,16,1985,39,1784,46,1799,11
2514,16,1985,39,1784,46,1818,11
2514,16,1985,39,1784,46,1873,11
2514,16,1985,39,1784,46,1940,11
2514,16,1985,39,1784,46,1956,11
2514,16,1985,39,1784,46,1997,11
2514,16,1985,39,1784,46,2068,11
2514,16,1985,39,1784,46,2079,11
2514,16,1985,39,1784,46,2123,11
2514,16,1985,39,1784,46,2196,11
2514,16,1985,39,1784,46,2206,11
2514,16,1985,39,1784,46,2216,11
2514,16,1985,39,1784,46,2244,11
2514,16,1985,39,1784,46,2259,11
2514,16,1985,39,1784,46,2261,11
2514,16,1985,39,1784,46,2289,11
2514,16,1985,39,1784,46,2359,11
2514,16,1985,39,1784,46,2370,11
2514,16,1985,39,1784,46,2405,11
2514,16,1985,39,1825,34,45,11
2514,16,1985,39,1825,34,159,11
2514,16,1985,39,1825,34,272,11
2514,16,1985,39,1825,34,338,11
2514,16,1985,39,1825,34,390,11
2514,16,1985,39,1825,34,457,11
2514,16,1985,39,1825,34,463,11
2514,16,1985,39,1825,34,620,11
2514,16,1985,39,1825,34,700,11
2514,16,1985,39,1825,34,742,11
2514,16,1985,39,1825,34,758,11
2514,16,1985,39,1825,34,879,11
2514,16,1985,39,1825,34,927,11
2514,16,1985,39,1825,34,979,11
2514,16,1985,39,1825,34,1003,11
2514,16,1985,39,1825,34,1044,11
2514,16,1985,39,1825,34,1068,11
2514,16,1985,39,1825,34,1153,11
2514,16,1985,39,1825,34,1186,11
2514,16,1985,39,1825,34,1194,11
2514,16,1985,39,1825,34,1259,11
2514,16,1985,39,1825,34,1260,11
2514,16,1985,39,1825,34,1312,11
2514,16,1985,39,1825,34,1388,11
2514,16,1985,39,1825,34,1391,11
2514,16,1985,39,1825,34,1422,11
2514,16,1985,39,1825,34,1556,11
2514,16,1985,39,1825,34,1568,11
2514,16,1985,39,1825,34,1599,11
2514,16,1985,39,1825,34,1747,11
2514,16,1985,39,1825,34,1773,11
2514,16,1985,39,1825,34,1799,11
2514,16,1985,39,1825,34,1818,11
2514,16,1985,39,1825,34,1873,11
2514,16,1985,39,1825,34,1940,11
2514,16,1985,39,1825,34,1956,11
2514,16,1985,39,1825,34,1997,11
2514,16,1985,39,1825,34,2068,11
2514,16,1985,39,1825,34,2079,11
2514,16,1985,39,1825,34,2123,11
2514,16,1985,39,1825,34,2196,11
2514,16,1985,39,1825,34,2206,11
2514,16,1985,39,1825,34,2216,11
2514,16,1985,39,1825,34,2244,11
2514,16,1985,39,1825,34,2259,11
2514,16,1985,39,1825,34,2261,11
2514,16,1985,39,1825,34,2289,11
2514,16,1985,39,1825,34,2359,11
2514,16,1985,39,1825,34,2370,11
2514,16,1985,39,1825,34,2405,11
2514,16,1985,39,1844,38,45,11
2514,16,1985,39,1844,38,159,11
2514,16,1985,39,1844,38,272,11
2514,16,1985,39,1844,38,338,11
2514,16,1985,39,1844,38,390,11
2514,16,1985,39,1844,38,457,11
2514,16,1985,39,1844,38,463,11
2514,16,1985,39,1844,38,620,11
2514,16,1985,39,1844,38,700,11
2514,16,1985,39,1844,38,742,11
2514,16,1985,39,1844,38,758,11
2514,16,1985,39,1844,38,879,11
2514,16,1985,39,1844,38,927,11
2514,16,1985,39,1844,38,979,11
2514,16,1985,39,1844,38,1003,11
2514,16,1985,39,1844,38,1044,11
2514,16,1985,39,1844,38,1068,11
2514,16,1985,39,1844,38,1153,11
2514,16,1985,39,1844,38,1186,11
2514,16,1985,39,1844,38,1194,11
2514,16,1985,39,1844,38,1259,11
2514,16,1985,39,1844,38,1260,11
2514,16,1985,39,1844,38,1312,11
2514,16,1985,39,1844,38,1388,11
2514,16,1985,39,1844,38,1391,11
2514,16,1985,39,1844,38,1422,11
2514,16,1985,39,1844,38,1556,11
2514,16,1985,39,1844,38,1568,11
2514,16,1985,39,1844,38,1599,11
2514,16,1985,39,1844,38,1747,11
2514,16,1985,39,1844,38,1773,11
2514,16,1985,39,1844,38,1799,11
2514,16,1985,39,1844,38,1818,11
2514,16,1985,39,1844,38,1873,11
2514,16,1985,39,1844,38,1940,11
2514,16,1985,39,1844,38,1956,11
2514,16,1985,39,1844,38,1997,11
2514,16,1985,39,1844,38,2068,11
2514,16,1985,39,1844,38,2079,11
2514,16,1985,39,1844,38,2123,11
2514,16,1985,39,1844,38,2196,11
2514,16,1985,39,1844,38,2206,11
2514,16,1985,39,1844,38,2216,11
2514,16,1985,39,1844,38,2244,11
2514,16,1985,39,1844,38,2259,11
2514,16,1985,39,1844,38,2261,11
2514,16,1985,39,1844,38,2289,11
2514,16,1985,39,1844,38,2359,11
2514,16,1985,39,1844,38,2370,11
2514,16,1985,39,1844,38,2405,11
