2514,16,163,1,48,32,45,11
2514,16,163,1,48,32,159,11
2514,16,163,1,48,32,272,11
2514,16,163,1,48,32,338,11
2514,16,163,1,48,32,390,11
2514,16,163,1,48,32,457,11
2514,16,163,1,48,32,463,11
2514,16,163,1,48,32,620,11
2514,16,163,1,48,32,700,11
2514,16,163,1,48,32,742,11
2514,16,163,1,48,32,758,11
2514,16,163,1,48,32,879,11
2514,16,163,1,48,32,927,11
2514,16,163,1,48,32,979,11
2514,16,163,1,48,32,1003,11
2514,16,163,1,48,32,1044,11
2514,16,163,1,48,32,1068,11
2514,16,163,1,48,32,1153,11
2514,16,163,1,48,32,1186,11
2514,16,163,1,48,32,1194,11
2514,16,163,1,48,32,1259,11
2514,16,163,1,48,32,1260,11
2514,16,163,1,48,32,1312,11
2514,16,163,1,48,32,1388,11
2514,16,163,1,48,32,1391,11
2514,16,163,1,48,32,1422,11
2514,16,163,1,48,32,1556,11
2514,16,163,1,48,32,1568,11
2514,16,163,1,48,32,1599,11
2514,16,163,1,48,32,1747,11
2514,16,163,1,48,32,1773,11
2514,16,163,1,48,32,1799,11
2514,16,163,1,48,32,1818,11
2514,16,163,1,48,32,1873,11
2514,16,163,1,48,32,1940,11
2514,16,163,1,48,32,1956,11
2514,16,163,1,48,32,1997,11
2514,16,163,1,48,32,2068,11
2514,16,163,1,48,32,2079,11
2514,16,163,1,48,32,2123,11
2514,16,163,1,48,32,2196,11
2514,16,163,1,48,32,2206,11
2514,16,163,1,48,32,2216,11
2514,16,163,1,48,32,2244,11
2514,16,163,1,48,32,2259,11
2514,16,163,1,48,32,2261,11
2514,16,163,1,48,32,2289,11
2514,16,163,1,48,32,2359,11
2514,16,163,1,48,32,2370,11
2514,16,163,1,48,32,2405,11
2514,16,163,1,243,47,45,11
2514,16,163,1,243,47,159,11
2514,16,163,1,243,47,272,11
2514,16,163,1,243,47,338,11
2514,16,163,1,243,47,390,11
2514,16,163,1,243,47,457,11
2514,16,163,1,243,47,463,11
2514,16,163,1,243,47,620,11
2514,16,163,1,243,47,700,11
2514,16,163,1,243,47,742,11
2514,16,163,1,243,47,758,11
2514,16,163,1,243,47,879,11
2514,16,163,1,243,47,927,11
2514,16,163,1,243,47,979,11
2514,16,163,1,243,47,1003,11
2514,16,163,1,243,47,1044,11
2514,16,163,1,243,47,1068,11
2514,16,163,1,243,47,1153,11
2514,16,163,1,243,47,1186,11
2514,16,163,1,243,47,1194,11
2514,16,163,1,243,47,1259,11
2514,16,163,1,243,47,1260,11
2514,16,163,1,243,47,1312,11
2514,16,163,1,243,47,1388,11
2514,16,163,1,243,47,1391,11
2514,16,163,1,243,47,1422,11
2514,16,163,1,243,47,1556,11
2514,16,163,1,243,47,1568,11
2514,16,163,1,243,47,1599,11
2514,16,163,1,243,47,1747,11
2514,16,163,1,243,47,1773,11
2514,16,163,1,243,47,1799,11
2514,16,163,1,243,47,1818,11
2514,16,163,1,243,47,1873,11
2514,16,163,1,243,47,1940,11
2514,16,163,1,243,47,1956,11
2514,16,163,1,243,47,1997,11
2514,16,163,1,243,47,2068,11
2514,16,163,1,243,47,2079,11
2514,16,163,1,243,47,2123,11
2514,16,163,1,243,47,2196,11
2514,16,163,1,243,47,2206,11
2514,16,163,1,243,47,2216,11
2514,16,163,1,243,47,2244,11
2514,16,163,1,243,47,2259,11
2514,16,163,1,243,47,2261,11
2514,16,163,1,243,47,2289,11
2514,16,163,1,243,47,2359,11
2514,16,163,1,243,47,2370,11
2514,16,163,1,243,47,2405,11
2514,16,163,1,546,20,45,11
2514,16,163,1,546,20,159,11
2514,16,163,1,546,20,272,11
2514,16,163,1,546,20,338,11
2514,16,163,1,546,20,390,11
2514,16,163,1,546,20,457,11
2514,16,163,1,546,20,463,11
2514,16,163,1,546,20,620,11
2514,16,163,1,546,20,700,11
2514,16,163,1,546,20,742,11
2514,16,163,1,546,20,758,11
2514,16,163,1,546,20,879,11
2514,16,163,1,546,20,927,11
2514,16,163,1,546,20,979,11
2514,16,163,1,546,20,1003,11
2514,16,163,1,546,20,1044,11
2514,16,163,1,546,20,1068,11
2514,16,163,1,546,20,1153,11
2514,16,163,1,546,20,1186,11
2514,16,163,1,546,20,1194,11
2514,16,163,1,546,20,1259,11
2514,16,163,1,546,20,1260,11
2514,16,163,1,546,20,1312,11
2514,16,163,1,546,20,1388,11
2514,16,163,1,546,20,1391,11
2514,16,163,1,546,20,1422,11
2514,16,163,1,546,20,1556,11
2514,16,163,1,546,20,1568,11
2514,16,163,1,546,20,1599,11
2514,16,163,1,546,20,1747,11
2514,16,163,1,546,20,1773,11
2514,16,163,1,546,20,1799,11
2514,16,163,1,546,20,1818,11
2514,16,163,1,546,20,1873,11
2514,16,163,1,546,20,1940,11
2514,16,163,1,546,20,1956,11
2514,16,163,1,546,20,1997,11
2514,16,163,1,546,20,2068,11
2514,16,163,1,546,20,2079,11
2514,16,163,1,546,20,2123,11
2514,16,163,1,546,20,2196,11
2514,16,163,1,546,20,2206,11
2514,16,163,1,546,20,2216,11
2514,16,163,1,546,20,2244,11
2514,16,163,1,546,20,2259,11
2514,16,163,1,546,20,2261,11
2514,16,163,1,546,20,2289,11
2514,16,163,1,546,20,2359,11
2514,16,163,1,546,20,2370,11
2514,16,163,1,546,20,2405,11
2514,16,163,1,788,46,45,11
2514,16,163,1,788,46,159,11
2514,16,163,1,788,46,272,11
2514,16,163,1,788,46,338,11
2514,16,163,1,788,46,390,11
2514,16,163,1,788,46,457,11
2514,16,163,1,788,46,463,11
2514,16,163,1,788,46,620,11
2514,16,163,1,788,46,700,11
2514,16,163,1,788,46,742,11
2514,16,163,1,788,46,758,11
2514,16,163,1,788,46,879,11
2514,16,163,1,788,46,927,11
2514,16,163,1,788,46,979,11
2514,16,163,1,788,46,1003,11
2514,16,163,1,788,46,1044,11
2514,16,163,1,788,46,1068,11
2514,16,163,1,788,46,1153,11
2514,16,163,1,788,46,1186,11
2514,16,163,1,788,46,1194,11
2514,16,163,1,788,46,1259,11
2514,16,163,1,788,46,1260,11
2514,16,163,1,788,46,1312,11
2514,16,163,1,788,46,1388,11
2514,16,163,1,788,46,1391,11
2514,16,163,1,788,46,1422,11
2514,16,163,1,788,46,1556,11
2514,16,163,1,788,46,1568,11
2514,16,163,1,788,46,1599,11
2514,16,163,1,788,46,1747,11
2514,16,163,1,788,46,1773,11
2514,16,163,1,788,46,1799,11
2514,16,163,1,788,46,1818,11
2514,16,163,1,788,46,1873,11
2514,16,163,1,788,46,1940,11
2514,16,163,1,788,46,1956,11
2514,16,163,1,788,46,1997,11
2514,16,163,1,788,46,2068,11
2514,16,163,1,788,46,2079,11
2514,16,163,1,788,46,2123,11
2514,16,163,1,788,46,2196,11
2514,16,163,1,788,46,2206,11
2514,16,163,1,788,46,2216,11
2514,16,163,1,788,46,2244,11
2514,16,163,1,788,46,2259,11
2514,16,163,1,788,46,2261,11
2514,16,163,1,788,46,2289,11
2514,16,163,1,788,46,2359,11
2514,16,163,1,788,46,2370,11
2514,16,163,1,788,46,2405,11
2514,16,163,1,835,40,159,11
2514,16,163,1,835,40,272,11
2514,16,163,1,835,40,457,11
2514,16,163,1,835,40,463,11
2514,16,163,1,835,40,700,11
2514,16,163,1,835,40,879,11
2514,16,163,1,835,40,927,11
2514,16,163,1,835,40,1003,11
2514,16,163,1,835,40,1068,11
2514,16,163,1,835,40,1153,11
2514,16,163,1,835,40,1194,11
2514,16,163,1,835,40,1260,11
2514,16,163,1,835,40,1388,11
2514,16,163,1,835,40,1391,11
2514,16,163,1,835,40,1422,11
2514,16,163,1,835,40,1556,11
2514,16,163,1,835,40,1568,11
2514,16,163,1,835,40,1599,11
2514,16,163,1,835,40,1747,11
2514,16,163,1,835,40,1818,11
2514,16,163,1,835,40,1873,11
2514,16,163,1,835,40,1940,11
2514,16,163,1,835,40,2068,11
2514,16,163,1,835,40,2079,11
2514,16,163,1,835,40,2123,11
2514,16,163,1,835,40,2196,11
2514,16,163,1,835,40,2216,11
2514,16,163,1,835,40,2259,11
2514,16,163,1,835,40,2370,11
2514,16,163,1,835,40,2405,11
2514,16,163,1,878,28,45,11
2514,16,163,1,878,28,159,11
2514,16,163,1,878,28,272,11
2514,16,163,1,878,28,338,11
2514,16,163,1,878,28,390,11
2514,16,163,1,878,28,457,11
2514,16,163,1,878,28,463,11
2514,16,163,1,878,28,620,11
2514,16,163,1,878,28,700,11
2514,16,163,1,878,28,742,11
2514,16,163,1,878,28,758,11
2514,16,163,1,878,28,879,11
2514,16,163,1,878,28,927,11
2514,16,163,1,878,28,979,11
2514,16,163,1,878,28,1003,11
2514,16,163,1,878,28,1044,11
2514,16,163,1,878,28,1068,11
2514,16,163,1,878,28,1153,11
2514,16,163,1,878,28,1186,11
2514,16,163,1,878,28,1194,11
2514,16,163,1,878,28,1259,11
2514,16,163,1,878,28,1260,11
2514,16,163,1,878,28,1312,11
2514,16,163,1,878,28,1388,11
2514,16,163,1,878,28,1391,11
2514,16,163,1,878,28,1422,11
2514,16,163,1,878,28,1556,11
2514,16,163,1,878,28,1568,11
2514,16,163,1,878,28,1599,11
2514,16,163,1,878,28,1747,11
2514,16,163,1,878,28,1773,11
2514,16,163,1,878,28,1799,11
2514,16,163,1,878,28,1818,11
2514,16,163,1,878,28,1873,11
2514,16,163,1,878,28,1940,11
2514,16,163,1,878,28,1956,11
2514,16,163,1,878,28,1997,11
2514,16,163,1,878,28,2068,11
2514,16,163,1,878,28,2079,11
2514,16,163,1,878,28,2123,11
2514,16,163,1,878,28,2196,11
2514,16,163,1,878,28,2206,11
2514,16,163,1,878,28,2216,11
2514,16,163,1,878,28,2244,11
2514,16,163,1,878,28,2259,11
2514,16,163,1,878,28,2261,11
2514,16,163,1,878,28,2289,11
2514,16,163,1,878,28,2359,11
2514,16,163,1,878,28,2370,11
2514,16,163,1,878,28,2405,11
2514,16,163,1,996,30,45,11
2514,16,163,1,996,30,159,11
2514,16,163,1,996,30,272,11
2514,16,163,1,996,30,338,11
2514,16,163,1,996,30,390,11
2514,16,163,1,996,30,457,11
2514,16,163,1,996,30,463,11
2514,16,163,1,996,30,620,11
2514,16,163,1,996,30,700,11
2514,16,163,1,996,30,742,11
2514,16,163,1,996,30,758,11
2514,16,163,1,996,30,879,11
2514,16,163,1,996,30,927,11
2514,16,163,1,996,30,979,11
2514,16,163,1,996,30,1003,11
2514,16,163,1,996,30,1044,11
2514,16,163,1,996,30,1068,11
2514,16,163,1,996,30,1153,11
2514,16,163,1,996,30,1186,11
2514,16,163,1,996,30,1194,11
2514,16,163,1,996,30,1259,11
2514,16,163,1,996,30,1260,11
2514,16,163,1,996,30,1312,11
2514,16,163,1,996,30,1388,11
2514,16,163,1,996,30,1391,11
2514,16,163,1,996,30,1422,11
2514,16,163,1,996,30,1556,11
2514,16,163,1,996,30,1568,11
2514,16,163,1,996,30,1599,11
2514,16,163,1,996,30,1747,11
2514,16,163,1,996,30,1773,11
2514,16,163,1,996,30,1799,11
2514,16,163,1,996,30,1818,11
2514,16,163,1,996,30,1873,11
2514,16,163,1,996,30,1940,11
2514,16,163,1,996,30,1956,11
2514,16,163,1,996,30,1997,11
2514,16,163,1,996,30,2068,11
2514,16,163,1,996,30,2079,11
2514,16,163,1,996,30,2123,11
2514,16,163,1,996,30,2196,11
2514,16,163,1,996,30,2206,11
2514,16,163,1,996,30,2216,11
2514,16,163,1,996,30,2244,11
2514,16,163,1,996,30,2259,11
2514,16,163,1,996,30,2261,11
2514,16,163,1,996,30,2289,11
2514,16,163,1,996,30,2359,11
2514,16,163,1,996,30,2370,11
2514,16,163,1,996,30,2405,11
2514,16,163,1,1074,39,45,11
2514,16,163,1,1074,39,390,11
2514,16,163,1,1074,39,620,11
2514,16,163,1,1074,39,979,11
2514,16,163,1,1074,39,1799,11
2514,16,163,1,1074,39,1956,11
2514,16,163,1,1074,39,2206,11
2514,16,163,1,1074,39,2244,11
2514,16,163,1,1074,39,2261,11
2514,16,163,1,1074,39,2359,11
2514,16,163,1,1313,10,45,11
2514,16,163,1,1313,10,159,11
2514,16,163,1,1313,10,272,11
2514,16,163,1,1313,10,338,11
2514,16,163,1,1313,10,390,11
2514,16,163,1,1313,10,457,11
2514,16,163,1,1313,10,463,11
2514,16,163,1,1313,10,620,11
2514,16,163,1,1313,10,700,11
2514,16,163,1,1313,10,742,11
2514,16,163,1,1313,10,758,11
2514,16,163,1,1313,10,879,11
2514,16,163,1,1313,10,927,11
2514,16,163,1,1313,10,979,11
2514,16,163,1,1313,10,1003,11
2514,16,163,1,1313,10,1044,11
2514,16,163,1,1313,10,1068,11
2514,16,163,1,1313,10,1153,11
2514,16,163,1,1313,10,1186,11
2514,16,163,1,1313,10,1194,11
2514,16,163,1,1313,10,1259,11
2514,16,163,1,1313,10,1260,11
2514,16,163,1,1313,10,1312,11
2514,16,163,1,1313,10,1388,11
2514,16,163,1,1313,10,1391,11
2514,16,163,1,1313,10,1422,11
2514,16,163,1,1313,10,1556,11
2514,16,163,1,1313,10,1568,11
2514,16,163,1,1313,10,1599,11
2514,16,163,1,1313,10,1747,11
2514,16,163,1,1313,10,1773,11
2514,16,163,1,1313,10,1799,11
2514,16,163,1,1313,10,1818,11
2514,16,163,1,1313,10,1873,11
2514,16,163,1,1313,10,1940,11
2514,16,163,1,1313,10,1956,11
2514,16,163,1,1313,10,1997,11
2514,16,163,1,1313,10,2068,11
2514,16,163,1,1313,10,2079,11
2514,16,163,1,1313,10,2123,11
2514,16,163,1,1313,10,2196,11
2514,16,163,1,1313,10,2206,11
2514,16,163,1,1313,10,2216,11
2514,16,163,1,1313,10,2244,11
2514,16,163,1,1313,10,2259,11
2514,16,163,1,1313,10,2261,11
2514,16,163,1,1313,10,2289,11
2514,16,163,1,1313,10,2359,11
2514,16,163,1,1313,10,2370,11
2514,16,163,1,1313,10,2405,11
2514,16,163,1,1359,48,45,11
2514,16,163,1,1359,48,159,11
2514,16,163,1,1359,48,272,11
2514,16,163,1,1359,48,338,11
2514,16,163,1,1359,48,390,11
2514,16,163,1,1359,48,457,11
2514,16,163,1,1359,48,463,11
2514,16,163,1,1359,48,620,11
2514,16,163,1,1359,48,700,11
2514,16,163,1,1359,48,742,11
2514,16,163,1,1359,48,758,11
2514,16,163,1,1359,48,879,11
2514,16,163,1,1359,48,927,11
2514,16,163,1,1359,48,979,11
2514,16,163,1,1359,48,1003,11
2514,16,163,1,1359,48,1044,11
2514,16,163,1,1359,48,1068,11
2514,16,163,1,1359,48,1153,11
2514,16,163,1,1359,48,1186,11
2514,16,163,1,1359,48,1194,11
2514,16,163,1,1359,48,1259,11
2514,16,163,1,1359,48,1260,11
2514,16,163,1,1359,48,1312,11
2514,16,163,1,1359,48,1388,11
2514,16,163,1,1359,48,1391,11
2514,16,163,1,1359,48,1422,11
2514,16,163,1,1359,48,1556,11
2514,16,163,1,1359,48,1568,11
2514,16,163,1,1359,48,1599,11
2514,16,163,1,1359,48,1747,11
2514,16,163,1,1359,48,1773,11
2514,16,163,1,1359,48,1799,11
2514,16,163,1,1359,48,1818,11
2514,16,163,1,1359,48,1873,11
2514,16,163,1,1359,48,1940,11
2514,16,163,1,1359,48,1956,11
2514,16,163,1,1359,48,1997,11
2514,16,163,1,1359,48,2068,11
2514,16,163,1,1359,48,2079,11
2514,16,163,1,1359,48,2123,11
2514,16,163,1,1359,48,2196,11
2514,16,163,1,1359,48,2206,11
2514,16,163,1,1359,48,2216,11
2514,16,163,1,1359,48,2244,11
2514,16,163,1,1359,48,2259,11
2514,16,163,1,1359,48,2261,11
2514,16,163,1,1359,48,2289,11
2514,16,163,1,1359,48,2359,11
2514,16,163,1,1359,48,2370,11
2514,16,163,1,1359,48,2405,11
2514,16,163,1,1802,47,45,11
2514,16,163,1,1802,47,159,11
2514,16,163,1,1802,47,272,11
2514,16,163,1,1802,47,338,11
2514,16,163,1,1802,47,390,11
2514,16,163,1,1802,47,457,11
2514,16,163,1,1802,47,463,11
2514,16,163,1,1802,47,620,11
2514,16,163,1,1802,47,700,11
2514,16,163,1,1802,47,742,11
2514,16,163,1,1802,47,758,11
2514,16,163,1,1802,47,879,11
2514,16,163,1,1802,47,927,11
2514,16,163,1,1802,47,979,11
2514,16,163,1,1802,47,1003,11
2514,16,163,1,1802,47,1044,11
2514,16,163,1,1802,47,1068,11
2514,16,163,1,1802,47,1153,11
2514,16,163,1,1802,47,1186,11
2514,16,163,1,1802,47,1194,11
2514,16,163,1,1802,47,1259,11
2514,16,163,1,1802,47,1260,11
2514,16,163,1,1802,47,1312,11
2514,16,163,1,1802,47,1388,11
2514,16,163,1,1802,47,1391,11
2514,16,163,1,1802,47,1422,11
2514,16,163,1,1802,47,1556,11
2514,16,163,1,1802,47,1568,11
2514,16,163,1,1802,47,1599,11
2514,16,163,1,1802,47,1747,11
2514,16,163,1,1802,47,1773,11
2514,16,163,1,1802,47,1799,11
2514,16,163,1,1802,47,1818,11
2514,16,163,1,1802,47,1873,11
2514,16,163,1,1802,47,1940,11
2514,16,163,1,1802,47,1956,11
2514,16,163,1,1802,47,1997,11
2514,16,163,1,1802,47,2068,11
2514,16,163,1,1802,47,2079,11
2514,16,163,1,1802,47,2123,11
2514,16,163,1,1802,47,2196,11
2514,16,163,1,1802,47,2206,11
2514,16,163,1,1802,47,2216,11
2514,16,163,1,1802,47,2244,11
2514,16,163,1,1802,47,2259,11
2514,16,163,1,1802,47,2261,11
2514,16,163,1,1802,47,2289,11
2514,16,163,1,1802,47,2359,11
2514,16,163,1,1802,47,2370,11
2514,16,163,1,1802,47,2405,11
2514,16,163,1,1889,12,45,11
2514,16,163,1,1889,12,159,11
2514,16,163,1,1889,12,272,11
2514,16,163,1,1889,12,338,11
2514,16,163,1,1889,12,390,11
2514,16,163,1,1889,12,457,11
2514,16,163,1,1889,12,463,11
2514,16,163,1,1889,12,620,11
2514,16,163,1,1889,12,700,11
2514,16,163,1,1889,12,742,11
2514,16,163,1,1889,12,758,11
2514,16,163,1,1889,12,879,11
2514,16,163,1,1889,12,927,11
2514,16,163,1,1889,12,979,11
2514,16,163,1,1889,12,1003,11
2514,16,163,1,1889,12,1044,11
2514,16,163,1,1889,12,1068,11
2514,16,163,1,1889,12,1153,11
2514,16,163,1,1889,12,1186,11
2514,16,163,1,1889,12,1194,11
2514,16,163,1,1889,12,1259,11
2514,16,163,1,1889,12,1260,11
2514,16,163,1,1889,12,1312,11
2514,16,163,1,1889,12,1388,11
2514,16,163,1,1889,12,1391,11
2514,16,163,1,1889,12,1422,11
2514,16,163,1,1889,12,1556,11
2514,16,163,1,1889,12,1568,11
2514,16,163,1,1889,12,1599,11
2514,16,163,1,1889,12,1747,11
2514,16,163,1,1889,12,1773,11
2514,16,163,1,1889,12,1799,11
2514,16,163,1,1889,12,1818,11
2514,16,163,1,1889,12,1873,11
2514,16,163,1,1889,12,1940,11
2514,16,163,1,1889,12,1956,11
2514,16,163,1,1889,12,1997,11
2514,16,163,1,1889,12,2068,11
2514,16,163,1,1889,12,2079,11
2514,16,163,1,1889,12,2123,11
2514,16,163,1,1889,12,2196,11
2514,16,163,1,1889,12,2206,11
2514,16,163,1,1889,12,2216,11
2514,16,163,1,1889,12,2244,11
2514,16,163,1,1889,12,2259,11
2514,16,163,1,1889,12,2261,11
2514,16,163,1,1889,12,2289,11
2514,16,163,1,1889,12,2359,11
2514,16,163,1,1889,12,2370,11
2514,16,163,1,1889,12,2405,11
2514,16,163,1,1897,11,45,11
2514,16,163,1,1897,11,159,11
2514,16,163,1,1897,11,272,11
2514,16,163,1,1897,11,338,11
2514,16,163,1,1897,11,390,11
2514,16,163,1,1897,11,457,11
2514,16,163,1,1897,11,463,11
2514,16,163,1,1897,11,620,11
2514,16,163,1,1897,11,700,11
2514,16,163,1,1897,11,742,11
2514,16,163,1,1897,11,758,11
2514,16,163,1,1897,11,879,11
2514,16,163,1,1897,11,927,11
2514,16,163,1,1897,11,979,11
2514,16,163,1,1897,11,1003,11
2514,16,163,1,1897,11,1044,11
2514,16,163,1,1897,11,1068,11
2514,16,163,1,1897,11,1153,11
2514,16,163,1,1897,11,1186,11
2514,16,163,1,1897,11,1194,11
2514,16,163,1,1897,11,1259,11
2514,16,163,1,1897,11,1260,11
2514,16,163,1,1897,11,1312,11
2514,16,163,1,1897,11,1388,11
2514,16,163,1,1897,11,1391,11
2514,16,163,1,1897,11,1422,11
2514,16,163,1,1897,11,1556,11
2514,16,163,1,1897,11,1568,11
2514,16,163,1,1897,11,1599,11
2514,16,163,1,1897,11,1747,11
2514,16,163,1,1897,11,1773,11
2514,16,163,1,1897,11,1799,11
2514,16,163,1,1897,11,1818,11
2514,16,163,1,1897,11,1873,11
2514,16,163,1,1897,11,1940,11
2514,16,163,1,1897,11,1956,11
2514,16,163,1,1897,11,1997,11
2514,16,163,1,1897,11,2068,11
2514,16,163,1,1897,11,2079,11
2514,16,163,1,1897,11,2123,11
2514,16,163,1,1897,11,2196,11
2514,16,163,1,1897,11,2206,11
2514,16,163,1,1897,11,2216,11
2514,16,163,1,1897,11,2244,11
2514,16,163,1,1897,11,2259,11
2514,16,163,1,1897,11,2261,11
2514,16,163,1,1897,11,2289,11
2514,16,163,1,1897,11,2359,11
2514,16,163,1,1897,11,2370,11
2514,16,163,1,1897,11,2405,11
2514,16,163,1,1981,12,45,11
2514,16,163,1,1981,12,159,11
2514,16,163,1,1981,12,272,11
2514,16,163,1,1981,12,338,11
2514,16,163,1,1981,12,390,11
2514,16,163,1,1981,12,457,11
2514,16,163,1,1981,12,463,11
2514,16,163,1,1981,12,620,11
2514,16,163,1,1981,12,700,11
2514,16,163,1,1981,12,742,11
2514,16,163,1,1981,12,758,11
2514,16,163,1,1981,12,879,11
2514,16,163,1,1981,12,927,11
2514,16,163,1,1981,12,979,11
2514,16,163,1,1981,12,1003,11
2514,16,163,1,1981,12,1044,11
2514,16,163,1,1981,12,1068,11
2514,16,163,1,1981,12,1153,11
2514,16,163,1,1981,12,1186,11
2514,16,163,1,1981,12,1194,11
2514,16,163,1,1981,12,1259,11
2514,16,163,1,1981,12,1260,11
2514,16,163,1,1981,12,1312,11
2514,16,163,1,1981,12,1388,11
2514,16,163,1,1981,12,1391,11
2514,16,163,1,1981,12,1422,11
2514,16,163,1,1981,12,1556,11
2514,16,163,1,1981,12,1568,11
2514,16,163,1,1981,12,1599,11
2514,16,163,1,1981,12,1747,11
2514,16,163,1,1981,12,1773,11
2514,16,163,1,1981,12,1799,11
2514,16,163,1,1981,12,1818,11
2514,16,163,1,1981,12,1873,11
2514,16,163,1,1981,12,1940,11
2514,16,163,1,1981,12,1956,11
2514,16,163,1,1981,12,1997,11
2514,16,163,1,1981,12,2068,11
2514,16,163,1,1981,12,2079,11
2514,16,163,1,1981,12,2123,11
2514,16,163,1,1981,12,2196,11
2514,16,163,1,1981,12,2206,11
2514,16,163,1,1981,12,2216,11
2514,16,163,1,1981,12,2244,11
2514,16,163,1,1981,12,2259,11
2514,16,163,1,1981,12,2261,11
2514,16,163,1,1981,12,2289,11
2514,16,163,1,1981,12,2359,11
2514,16,163,1,1981,12,2370,11
2514,16,163,1,1981,12,2405,11
