2514,16,809,17,155,22,45,11
2514,16,809,17,155,22,159,11
2514,16,809,17,155,22,272,11
2514,16,809,17,155,22,338,11
2514,16,809,17,155,22,390,11
2514,16,809,17,155,22,457,11
2514,16,809,17,155,22,463,11
2514,16,809,17,155,22,620,11
2514,16,809,17,155,22,700,11
2514,16,809,17,155,22,742,11
2514,16,809,17,155,22,758,11
2514,16,809,17,155,22,879,11
2514,16,809,17,155,22,927,11
2514,16,809,17,155,22,979,11
2514,16,809,17,155,22,1003,11
2514,16,809,17,155,22,1044,11
2514,16,809,17,155,22,1068,11
2514,16,809,17,155,22,1153,11
2514,16,809,17,155,22,1186,11
2514,16,809,17,155,22,1194,11
2514,16,809,17,155,22,1259,11
2514,16,809,17,155,22,1260,11
2514,16,809,17,155,22,1312,11
2514,16,809,17,155,22,1388,11
2514,16,809,17,155,22,1391,11
2514,16,809,17,155,22,1422,11
2514,16,809,17,155,22,1556,11
2514,16,809,17,155,22,1568,11
2514,16,809,17,155,22,1599,11
2514,16,809,17,155,22,1747,11
2514,16,809,17,155,22,1773,11
2514,16,809,17,155,22,1799,11
2514,16,809,17,155,22,1818,11
2514,16,809,17,155,22,1873,11
2514,16,809,17,155,22,1940,11
2514,16,809,17,155,22,1956,11
2514,16,809,17,155,22,1997,11
2514,16,809,17,155,22,2068,11
2514,16,809,17,155,22,2079,11
2514,16,809,17,155,22,2123,11
2514,16,809,17,155,22,2196,11
2514,16,809,17,155,22,2206,11
2514,16,809,17,155,22,2216,11
2514,16,809,17,155,22,2244,11
2514,16,809,17,155,22,2259,11
2514,16,809,17,155,22,2261,11
2514,16,809,17,155,22,2289,11
2514,16,809,17,155,22,2359,11
2514,16,809,17,155,22,2370,11
2514,16,809,17,155,22,2405,11
2514,16,809,17,341,29,45,11
2514,16,809,17,341,29,159,11
2514,16,809,17,341,29,272,11
2514,16,809,17,341,29,338,11
2514,16,809,17,341,29,390,11
2514,16,809,17,341,29,457,11
2514,16,809,17,341,29,463,11
2514,16,809,17,341,29,620,11
2514,16,809,17,341,29,700,11
2514,16,809,17,341,29,742,11
2514,16,809,17,341,29,758,11
2514,16,809,17,341,29,879,11
2514,16,809,17,341,29,927,11
2514,16,809,17,341,29,979,11
2514,16,809,17,341,29,1003,11
2514,16,809,17,341,29,1044,11
2514,16,809,17,341,29,1068,11
2514,16,809,17,341,29,1153,11
2514,16,809,17,341,29,1186,11
2514,16,809,17,341,29,1194,11
2514,16,809,17,341,29,1259,11
2514,16,809,17,341,29,1260,11
2514,16,809,17,341,29,1312,11
2514,16,809,17,341,29,1388,11
2514,16,809,17,341,29,1391,11
2514,16,809,17,341,29,1422,11
2514,16,809,17,341,29,1556,11
2514,16,809,17,341,29,1568,11
2514,16,809,17,341,29,1599,11
2514,16,809,17,341,29,1747,11
2514,16,809,17,341,29,1773,11
2514,16,809,17,341,29,1799,11
2514,16,809,17,341,29,1818,11
2514,16,809,17,341,29,1873,11
2514,16,809,17,341,29,1940,11
2514,16,809,17,341,29,1956,11
2514,16,809,17,341,29,1997,11
2514,16,809,17,341,29,2068,11
2514,16,809,17,341,29,2079,11
2514,16,809,17,341,29,2123,11
2514,16,809,17,341,29,2196,11
2514,16,809,17,341,29,2206,11
2514,16,809,17,341,29,2216,11
2514,16,809,17,341,29,2244,11
2514,16,809,17,341,29,2259,11
2514,16,809,17,341,29,2261,11
2514,16,809,17,341,29,2289,11
2514,16,809,17,341,29,2359,11
2514,16,809,17,341,29,2370,11
2514,16,809,17,341,29,2405,11
2514,16,809,17,350,9,45,11
2514,16,809,17,350,9,159,11
2514,16,809,17,350,9,272,11
2514,16,809,17,350,9,338,11
2514,16,809,17,350,9,390,11
2514,16,809,17,350,9,457,11
2514,16,809,17,350,9,463,11
2514,16,809,17,350,9,620,11
2514,16,809,17,350,9,700,11
2514,16,809,17,350,9,742,11
2514,16,809,17,350,9,758,11
2514,16,809,17,350,9,879,11
2514,16,809,17,350,9,927,11
2514,16,809,17,350,9,979,11
2514,16,809,17,350,9,1003,11
2514,16,809,17,350,9,1044,11
2514,16,809,17,350,9,1068,11
2514,16,809,17,350,9,1153,11
2514,16,809,17,350,9,1186,11
2514,16,809,17,350,9,1194,11
2514,16,809,17,350,9,1259,11
2514,16,809,17,350,9,1260,11
2514,16,809,17,350,9,1312,11
2514,16,809,17,350,9,1388,11
2514,16,809,17,350,9,1391,11
2514,16,809,17,350,9,1422,11
2514,16,809,17,350,9,1556,11
2514,16,809,17,350,9,1568,11
2514,16,809,17,350,9,1599,11
2514,16,809,17,350,9,1747,11
2514,16,809,17,350,9,1773,11
2514,16,809,17,350,9,1799,11
2514,16,809,17,350,9,1818,11
2514,16,809,17,350,9,1873,11
2514,16,809,17,350,9,1940,11
2514,16,809,17,350,9,1956,11
2514,16,809,17,350,9,1997,11
2514,16,809,17,350,9,2068,11
2514,16,809,17,350,9,2079,11
2514,16,809,17,350,9,2123,11
2514,16,809,17,350,9,2196,11
2514,16,809,17,350,9,2206,11
2514,16,809,17,350,9,2216,11
2514,16,809,17,350,9,2244,11
2514,16,809,17,350,9,2259,11
2514,16,809,17,350,9,2261,11
2514,16,809,17,350,9,2289,11
2514,16,809,17,350,9,2359,11
2514,16,809,17,350,9,2370,11
2514,16,809,17,350,9,2405,11
2514,16,809,17,487,11,45,11
2514,16,809,17,487,11,159,11
2514,16,809,17,487,11,272,11
2514,16,809,17,487,11,338,11
2514,16,809,17,487,11,390,11
2514,16,809,17,487,11,457,11
2514,16,809,17,487,11,463,11
2514,16,809,17,487,11,620,11
2514,16,809,17,487,11,700,11
2514,16,809,17,487,11,742,11
2514,16,809,17,487,11,758,11
2514,16,809,17,487,11,879,11
2514,16,809,17,487,11,927,11
2514,16,809,17,487,11,979,11
2514,16,809,17,487,11,1003,11
2514,16,809,17,487,11,1044,11
2514,16,809,17,487,11,1068,11
2514,16,809,17,487,11,1153,11
2514,16,809,17,487,11,1186,11
2514,16,809,17,487,11,1194,11
2514,16,809,17,487,11,1259,11
2514,16,809,17,487,11,1260,11
2514,16,809,17,487,11,1312,11
2514,16,809,17,487,11,1388,11
2514,16,809,17,487,11,1391,11
2514,16,809,17,487,11,1422,11
2514,16,809,17,487,11,1556,11
2514,16,809,17,487,11,1568,11
2514,16,809,17,487,11,1599,11
2514,16,809,17,487,11,1747,11
2514,16,809,17,487,11,1773,11
2514,16,809,17,487,11,1799,11
2514,16,809,17,487,11,1818,11
2514,16,809,17,487,11,1873,11
2514,16,809,17,487,11,1940,11
2514,16,809,17,487,11,1956,11
2514,16,809,17,487,11,1997,11
2514,16,809,17,487,11,2068,11
2514,16,809,17,487,11,2079,11
2514,16,809,17,487,11,2123,11
2514,16,809,17,487,11,2196,11
2514,16,809,17,487,11,2206,11
2514,16,809,17,487,11,2216,11
2514,16,809,17,487,11,2244,11
2514,16,809,17,487,11,2259,11
2514,16,809,17,487,11,2261,11
2514,16,809,17,487,11,2289,11
2514,16,809,17,487,11,2359,11
2514,16,809,17,487,11,2370,11
2514,16,809,17,487,11,2405,11
2514,16,809,17,515,48,45,11
2514,16,809,17,515,48,159,11
2514,16,809,17,515,48,272,11
2514,16,809,17,515,48,338,11
2514,16,809,17,515,48,390,11
2514,16,809,17,515,48,457,11
2514,16,809,17,515,48,463,11
2514,16,809,17,515,48,620,11
2514,16,809,17,515,48,700,11
2514,16,809,17,515,48,742,11
2514,16,809,17,515,48,758,11
2514,16,809,17,515,48,879,11
2514,16,809,17,515,48,927,11
2514,16,809,17,515,48,979,11
2514,16,809,17,515,48,1003,11
2514,16,809,17,515,48,1044,11
2514,16,809,17,515,48,1068,11
2514,16,809,17,515,48,1153,11
2514,16,809,17,515,48,1186,11
2514,16,809,17,515,48,1194,11
2514,16,809,17,515,48,1259,11
2514,16,809,17,515,48,1260,11
2514,16,809,17,515,48,1312,11
2514,16,809,17,515,48,1388,11
2514,16,809,17,515,48,1391,11
2514,16,809,17,515,48,1422,11
2514,16,809,17,515,48,1556,11
2514,16,809,17,515,48,1568,11
2514,16,809,17,515,48,1599,11
2514,16,809,17,515,48,1747,11
2514,16,809,17,515,48,1773,11
2514,16,809,17,515,48,1799,11
2514,16,809,17,515,48,1818,11
2514,16,809,17,515,48,1873,11
2514,16,809,17,515,48,1940,11
2514,16,809,17,515,48,1956,11
2514,16,809,17,515,48,1997,11
2514,16,809,17,515,48,2068,11
2514,16,809,17,515,48,2079,11
2514,16,809,17,515,48,2123,11
2514,16,809,17,515,48,2196,11
2514,16,809,17,515,48,2206,11
2514,16,809,17,515,48,2216,11
2514,16,809,17,515,48,2244,11
2514,16,809,17,515,48,2259,11
2514,16,809,17,515,48,2261,11
2514,16,809,17,515,48,2289,11
2514,16,809,17,515,48,2359,11
2514,16,809,17,515,48,2370,11
2514,16,809,17,515,48,2405,11
2514,16,809,17,754,10,159,11
2514,16,809,17,754,10,272,11
2514,16,809,17,754,10,338,11
2514,16,809,17,754,10,457,11
2514,16,809,17,754,10,463,11
2514,16,809,17,754,10,700,11
2514,16,809,17,754,10,742,11
2514,16,809,17,754,10,758,11
2514,16,809,17,754,10,879,11
2514,16,809,17,754,10,927,11
2514,16,809,17,754,10,1003,11
2514,16,809,17,754,10,1044,11
2514,16,809,17,754,10,1068,11
2514,16,809,17,754,10,1153,11
2514,16,809,17,754,10,1186,11
2514,16,809,17,754,10,1194,11
2514,16,809,17,754,10,1259,11
2514,16,809,17,754,10,1260,11
2514,16,809,17,754,10,1312,11
2514,16,809,17,754,10,1388,11
2514,16,809,17,754,10,1391,11
2514,16,809,17,754,10,1422,11
2514,16,809,17,754,10,1556,11
2514,16,809,17,754,10,1568,11
2514,16,809,17,754,10,1599,11
2514,16,809,17,754,10,1747,11
2514,16,809,17,754,10,1773,11
2514,16,809,17,754,10,1818,11
2514,16,809,17,754,10,1873,11
2514,16,809,17,754,10,1940,11
2514,16,809,17,754,10,1997,11
2514,16,809,17,754,10,2068,11
2514,16,809,17,754,10,2079,11
2514,16,809,17,754,10,2123,11
2514,16,809,17,754,10,2196,11
2514,16,809,17,754,10,2216,11
2514,16,809,17,754,10,2259,11
2514,16,809,17,754,10,2289,11
2514,16,809,17,754,10,2370,11
2514,16,809,17,754,10,2405,11
2514,16,809,17,923,38,45,11
2514,16,809,17,923,38,159,11
2514,16,809,17,923,38,272,11
2514,16,809,17,923,38,338,11
2514,16,809,17,923,38,390,11
2514,16,809,17,923,38,457,11
2514,16,809,17,923,38,463,11
2514,16,809,17,923,38,620,11
2514,16,809,17,923,38,700,11
2514,16,809,17,923,38,742,11
2514,16,809,17,923,38,758,11
2514,16,809,17,923,38,879,11
2514,16,809,17,923,38,927,11
2514,16,809,17,923,38,979,11
2514,16,809,17,923,38,1003,11
2514,16,809,17,923,38,1044,11
2514,16,809,17,923,38,1068,11
2514,16,809,17,923,38,1153,11
2514,16,809,17,923,38,1186,11
2514,16,809,17,923,38,1194,11
2514,16,809,17,923,38,1259,11
2514,16,809,17,923,38,1260,11
2514,16,809,17,923,38,1312,11
2514,16,809,17,923,38,1388,11
2514,16,809,17,923,38,1391,11
2514,16,809,17,923,38,1422,11
2514,16,809,17,923,38,1556,11
2514,16,809,17,923,38,1568,11
2514,16,809,17,923,38,1599,11
2514,16,809,17,923,38,1747,11
2514,16,809,17,923,38,1773,11
2514,16,809,17,923,38,1799,11
2514,16,809,17,923,38,1818,11
2514,16,809,17,923,38,1873,11
2514,16,809,17,923,38,1940,11
2514,16,809,17,923,38,1956,11
2514,16,809,17,923,38,1997,11
2514,16,809,17,923,38,2068,11
2514,16,809,17,923,38,2079,11
2514,16,809,17,923,38,2123,11
2514,16,809,17,923,38,2196,11
2514,16,809,17,923,38,2206,11
2514,16,809,17,923,38,2216,11
2514,16,809,17,923,38,2244,11
2514,16,809,17,923,38,2259,11
2514,16,809,17,923,38,2261,11
2514,16,809,17,923,38,2289,11
2514,16,809,17,923,38,2359,11
2514,16,809,17,923,38,2370,11
2514,16,809,17,923,38,2405,11
2514,16,809,17,943,32,45,11
2514,16,809,17,943,32,159,11
2514,16,809,17,943,32,272,11
2514,16,809,17,943,32,338,11
2514,16,809,17,943,32,390,11
2514,16,809,17,943,32,457,11
2514,16,809,17,943,32,463,11
2514,16,809,17,943,32,620,11
2514,16,809,17,943,32,700,11
2514,16,809,17,943,32,742,11
2514,16,809,17,943,32,758,11
2514,16,809,17,943,32,879,11
2514,16,809,17,943,32,927,11
2514,16,809,17,943,32,979,11
2514,16,809,17,943,32,1003,11
2514,16,809,17,943,32,1044,11
2514,16,809,17,943,32,1068,11
2514,16,809,17,943,32,1153,11
2514,16,809,17,943,32,1186,11
2514,16,809,17,943,32,1194,11
2514,16,809,17,943,32,1259,11
2514,16,809,17,943,32,1260,11
2514,16,809,17,943,32,1312,11
2514,16,809,17,943,32,1388,11
2514,16,809,17,943,32,1391,11
2514,16,809,17,943,32,1422,11
2514,16,809,17,943,32,1556,11
2514,16,809,17,943,32,1568,11
2514,16,809,17,943,32,1599,11
2514,16,809,17,943,32,1747,11
2514,16,809,17,943,32,1773,11
2514,16,809,17,943,32,1799,11
2514,16,809,17,943,32,1818,11
2514,16,809,17,943,32,1873,11
2514,16,809,17,943,32,1940,11
2514,16,809,17,943,32,1956,11
2514,16,809,17,943,32,1997,11
2514,16,809,17,943,32,2068,11
2514,16,809,17,943,32,2079,11
2514,16,809,17,943,32,2123,11
2514,16,809,17,943,32,2196,11
2514,16,809,17,943,32,2206,11
2514,16,809,17,943,32,2216,11
2514,16,809,17,943,32,2244,11
2514,16,809,17,943,32,2259,11
2514,16,809,17,943,32,2261,11
2514,16,809,17,943,32,2289,11
2514,16,809,17,943,32,2359,11
2514,16,809,17,943,32,2370,11
2514,16,809,17,943,32,2405,11
2514,16,809,17,1034,26,45,11
2514,16,809,17,1034,26,159,11
2514,16,809,17,1034,26,272,11
2514,16,809,17,1034,26,338,11
2514,16,809,17,1034,26,390,11
2514,16,809,17,1034,26,457,11
2514,16,809,17,1034,26,463,11
2514,16,809,17,1034,26,620,11
2514,16,809,17,1034,26,700,11
2514,16,809,17,1034,26,742,11
2514,16,809,17,1034,26,758,11
2514,16,809,17,1034,26,879,11
2514,16,809,17,1034,26,927,11
2514,16,809,17,1034,26,979,11
2514,16,809,17,1034,26,1003,11
2514,16,809,17,1034,26,1044,11
2514,16,809,17,1034,26,1068,11
2514,16,809,17,1034,26,1153,11
2514,16,809,17,1034,26,1186,11
2514,16,809,17,1034,26,1194,11
2514,16,809,17,1034,26,1259,11
2514,16,809,17,1034,26,1260,11
2514,16,809,17,1034,26,1312,11
2514,16,809,17,1034,26,1388,11
2514,16,809,17,1034,26,1391,11
2514,16,809,17,1034,26,1422,11
2514,16,809,17,1034,26,1556,11
2514,16,809,17,1034,26,1568,11
2514,16,809,17,1034,26,1599,11
2514,16,809,17,1034,26,1747,11
2514,16,809,17,1034,26,1773,11
2514,16,809,17,1034,26,1799,11
2514,16,809,17,1034,26,1818,11
2514,16,809,17,1034,26,1873,11
2514,16,809,17,1034,26,1940,11
2514,16,809,17,1034,26,1956,11
2514,16,809,17,1034,26,1997,11
2514,16,809,17,1034,26,2068,11
2514,16,809,17,1034,26,2079,11
2514,16,809,17,1034,26,2123,11
2514,16,809,17,1034,26,2196,11
2514,16,809,17,1034,26,2206,11
2514,16,809,17,1034,26,2216,11
2514,16,809,17,1034,26,2244,11
2514,16,809,17,1034,26,2259,11
2514,16,809,17,1034,26,2261,11
2514,16,809,17,1034,26,2289,11
2514,16,809,17,1034,26,2359,11
2514,16,809,17,1034,26,2370,11
2514,16,809,17,1034,26,2405,11
2514,16,809,17,1301,20,45,11
2514,16,809,17,1301,20,159,11
2514,16,809,17,1301,20,272,11
2514,16,809,17,1301,20,338,11
2514,16,809,17,1301,20,390,11
2514,16,809,17,1301,20,457,11
2514,16,809,17,1301,20,463,11
2514,16,809,17,1301,20,620,11
2514,16,809,17,1301,20,700,11
2514,16,809,17,1301,20,742,11
2514,16,809,17,1301,20,758,11
2514,16,809,17,1301,20,879,11
2514,16,809,17,1301,20,927,11
2514,16,809,17,1301,20,979,11
2514,16,809,17,1301,20,1003,11
2514,16,809,17,1301,20,1044,11
2514,16,809,17,1301,20,1068,11
2514,16,809,17,1301,20,1153,11
2514,16,809,17,1301,20,1186,11
2514,16,809,17,1301,20,1194,11
2514,16,809,17,1301,20,1259,11
2514,16,809,17,1301,20,1260,11
2514,16,809,17,1301,20,1312,11
2514,16,809,17,1301,20,1388,11
2514,16,809,17,1301,20,1391,11
2514,16,809,17,1301,20,1422,11
2514,16,809,17,1301,20,1556,11
2514,16,809,17,1301,20,1568,11
2514,16,809,17,1301,20,1599,11
2514,16,809,17,1301,20,1747,11
2514,16,809,17,1301,20,1773,11
2514,16,809,17,1301,20,1799,11
2514,16,809,17,1301,20,1818,11
2514,16,809,17,1301,20,1873,11
2514,16,809,17,1301,20,1940,11
2514,16,809,17,1301,20,1956,11
2514,16,809,17,1301,20,1997,11
2514,16,809,17,1301,20,2068,11
2514,16,809,17,1301,20,2079,11
2514,16,809,17,1301,20,2123,11
2514,16,809,17,1301,20,2196,11
2514,16,809,17,1301,20,2206,11
2514,16,809,17,1301,20,2216,11
2514,16,809,17,1301,20,2244,11
2514,16,809,17,1301,20,2259,11
2514,16,809,17,1301,20,2261,11
2514,16,809,17,1301,20,2289,11
2514,16,809,17,1301,20,2359,11
2514,16,809,17,1301,20,2370,11
2514,16,809,17,1301,20,2405,11
2514,16,809,17,1660,45,45,11
2514,16,809,17,1660,45,159,11
2514,16,809,17,1660,45,272,11
2514,16,809,17,1660,45,338,11
2514,16,809,17,1660,45,390,11
2514,16,809,17,1660,45,457,11
2514,16,809,17,1660,45,463,11
2514,16,809,17,1660,45,620,11
2514,16,809,17,1660,45,700,11
2514,16,809,17,1660,45,742,11
2514,16,809,17,1660,45,758,11
2514,16,809,17,1660,45,879,11
2514,16,809,17,1660,45,927,11
2514,16,809,17,1660,45,979,11
2514,16,809,17,1660,45,1003,11
2514,16,809,17,1660,45,1044,11
2514,16,809,17,1660,45,1068,11
2514,16,809,17,1660,45,1153,11
2514,16,809,17,1660,45,1186,11
2514,16,809,17,1660,45,1194,11
2514,16,809,17,1660,45,1259,11
2514,16,809,17,1660,45,1260,11
2514,16,809,17,1660,45,1312,11
2514,16,809,17,1660,45,1388,11
2514,16,809,17,1660,45,1391,11
2514,16,809,17,1660,45,1422,11
2514,16,809,17,1660,45,1556,11
2514,16,809,17,1660,45,1568,11
2514,16,809,17,1660,45,1599,11
2514,16,809,17,1660,45,1747,11
2514,16,809,17,1660,45,1773,11
2514,16,809,17,1660,45,1799,11
2514,16,809,17,1660,45,1818,11
2514,16,809,17,1660,45,1873,11
2514,16,809,17,1660,45,1940,11
2514,16,809,17,1660,45,1956,11
2514,16,809,17,1660,45,1997,11
2514,16,809,17,1660,45,2068,11
2514,16,809,17,1660,45,2079,11
2514,16,809,17,1660,45,2123,11
2514,16,809,17,1660,45,2196,11
2514,16,809,17,1660,45,2206,11
2514,16,809,17,1660,45,2216,11
2514,16,809,17,1660,45,2244,11
2514,16,809,17,1660,45,2259,11
2514,16,809,17,1660,45,2261,11
2514,16,809,17,1660,45,2289,11
2514,16,809,17,1660,45,2359,11
2514,16,809,17,1660,45,2370,11
2514,16,809,17,1660,45,2405,11
2514,16,809,17,1671,44,45,11
2514,16,809,17,1671,44,159,11
2514,16,809,17,1671,44,272,11
2514,16,809,17,1671,44,338,11
2514,16,809,17,1671,44,390,11
2514,16,809,17,1671,44,457,11
2514,16,809,17,1671,44,463,11
2514,16,809,17,1671,44,620,11
2514,16,809,17,1671,44,700,11
2514,16,809,17,1671,44,742,11
2514,16,809,17,1671,44,758,11
2514,16,809,17,1671,44,879,11
2514,16,809,17,1671,44,927,11
2514,16,809,17,1671,44,979,11
2514,16,809,17,1671,44,1003,11
2514,16,809,17,1671,44,1044,11
2514,16,809,17,1671,44,1068,11
2514,16,809,17,1671,44,1153,11
2514,16,809,17,1671,44,1186,11
2514,16,809,17,1671,44,1194,11
2514,16,809,17,1671,44,1259,11
2514,16,809,17,1671,44,1260,11
2514,16,809,17,1671,44,1312,11
2514,16,809,17,1671,44,1388,11
2514,16,809,17,1671,44,1391,11
2514,16,809,17,1671,44,1422,11
2514,16,809,17,1671,44,1556,11
2514,16,809,17,1671,44,1568,11
2514,16,809,17,1671,44,1599,11
2514,16,809,17,1671,44,1747,11
2514,16,809,17,1671,44,1773,11
2514,16,809,17,1671,44,1799,11
2514,16,809,17,1671,44,1818,11
2514,16,809,17,1671,44,1873,11
2514,16,809,17,1671,44,1940,11
2514,16,809,17,1671,44,1956,11
2514,16,809,17,1671,44,1997,11
2514,16,809,17,1671,44,2068,11
2514,16,809,17,1671,44,2079,11
2514,16,809,17,1671,44,2123,11
2514,16,809,17,1671,44,2196,11
2514,16,809,17,1671,44,2206,11
2514,16,809,17,1671,44,2216,11
2514,16,809,17,1671,44,2244,11
2514,16,809,17,1671,44,2259,11
2514,16,809,17,1671,44,2261,11
2514,16,809,17,1671,44,2289,11
2514,16,809,17,1671,44,2359,11
2514,16,809,17,1671,44,2370,11
2514,16,809,17,1671,44,2405,11
2514,16,809,17,1834,45,45,11
2514,16,809,17,1834,45,159,11
2514,16,809,17,1834,45,272,11
2514,16,809,17,1834,45,338,11
2514,16,809,17,1834,45,390,11
2514,16,809,17,1834,45,457,11
2514,16,809,17,1834,45,463,11
2514,16,809,17,1834,45,620,11
2514,16,809,17,1834,45,700,11
2514,16,809,17,1834,45,742,11
2514,16,809,17,1834,45,758,11
2514,16,809,17,1834,45,879,11
2514,16,809,17,1834,45,927,11
2514,16,809,17,1834,45,979,11
2514,16,809,17,1834,45,1003,11
2514,16,809,17,1834,45,1044,11
2514,16,809,17,1834,45,1068,11
2514,16,809,17,1834,45,1153,11
2514,16,809,17,1834,45,1186,11
2514,16,809,17,1834,45,1194,11
2514,16,809,17,1834,45,1259,11
2514,16,809,17,1834,45,1260,11
2514,16,809,17,1834,45,1312,11
2514,16,809,17,1834,45,1388,11
2514,16,809,17,1834,45,1391,11
2514,16,809,17,1834,45,1422,11
2514,16,809,17,1834,45,1556,11
2514,16,809,17,1834,45,1568,11
2514,16,809,17,1834,45,1599,11
2514,16,809,17,1834,45,1747,11
2514,16,809,17,1834,45,1773,11
2514,16,809,17,1834,45,1799,11
2514,16,809,17,1834,45,1818,11
2514,16,809,17,1834,45,1873,11
2514,16,809,17,1834,45,1940,11
2514,16,809,17,1834,45,1956,11
2514,16,809,17,1834,45,1997,11
2514,16,809,17,1834,45,2068,11
2514,16,809,17,1834,45,2079,11
2514,16,809,17,1834,45,2123,11
2514,16,809,17,1834,45,2196,11
2514,16,809,17,1834,45,2206,11
2514,16,809,17,1834,45,2216,11
2514,16,809,17,1834,45,2244,11
2514,16,809,17,1834,45,2259,11
2514,16,809,17,1834,45,2261,11
2514,16,809,17,1834,45,2289,11
2514,16,809,17,1834,45,2359,11
2514,16,809,17,1834,45,2370,11
2514,16,809,17,1834,45,2405,11
