2514,16,890,10,198,47,45,11
2514,16,890,10,198,47,159,11
2514,16,890,10,198,47,272,11
2514,16,890,10,198,47,338,11
2514,16,890,10,198,47,390,11
2514,16,890,10,198,47,457,11
2514,16,890,10,198,47,463,11
2514,16,890,10,198,47,620,11
2514,16,890,10,198,47,700,11
2514,16,890,10,198,47,742,11
2514,16,890,10,198,47,758,11
2514,16,890,10,198,47,879,11
2514,16,890,10,198,47,927,11
2514,16,890,10,198,47,979,11
2514,16,890,10,198,47,1003,11
2514,16,890,10,198,47,1044,11
2514,16,890,10,198,47,1068,11
2514,16,890,10,198,47,1153,11
2514,16,890,10,198,47,1186,11
2514,16,890,10,198,47,1194,11
2514,16,890,10,198,47,1259,11
2514,16,890,10,198,47,1260,11
2514,16,890,10,198,47,1312,11
2514,16,890,10,198,47,1388,11
2514,16,890,10,198,47,1391,11
2514,16,890,10,198,47,1422,11
2514,16,890,10,198,47,1556,11
2514,16,890,10,198,47,1568,11
2514,16,890,10,198,47,1599,11
2514,16,890,10,198,47,1747,11
2514,16,890,10,198,47,1773,11
2514,16,890,10,198,47,1799,11
2514,16,890,10,198,47,1818,11
2514,16,890,10,198,47,1873,11
2514,16,890,10,198,47,1940,11
2514,16,890,10,198,47,1956,11
2514,16,890,10,198,47,1997,11
2514,16,890,10,198,47,2068,11
2514,16,890,10,198,47,2079,11
2514,16,890,10,198,47,2123,11
2514,16,890,10,198,47,2196,11
2514,16,890,10,198,47,2206,11
2514,16,890,10,198,47,2216,11
2514,16,890,10,198,47,2244,11
2514,16,890,10,198,47,2259,11
2514,16,890,10,198,47,2261,11
2514,16,890,10,198,47,2289,11
2514,16,890,10,198,47,2359,11
2514,16,890,10,198,47,2370,11
2514,16,890,10,198,47,2405,11
2514,16,890,10,326,41,45,11
2514,16,890,10,326,41,159,11
2514,16,890,10,326,41,272,11
2514,16,890,10,326,41,338,11
2514,16,890,10,326,41,390,11
2514,16,890,10,326,41,457,11
2514,16,890,10,326,41,463,11
2514,16,890,10,326,41,620,11
2514,16,890,10,326,41,700,11
2514,16,890,10,326,41,742,11
2514,16,890,10,326,41,758,11
2514,16,890,10,326,41,879,11
2514,16,890,10,326,41,927,11
2514,16,890,10,326,41,979,11
2514,16,890,10,326,41,1003,11
2514,16,890,10,326,41,1044,11
2514,16,890,10,326,41,1068,11
2514,16,890,10,326,41,1153,11
2514,16,890,10,326,41,1186,11
2514,16,890,10,326,41,1194,11
2514,16,890,10,326,41,1259,11
2514,16,890,10,326,41,1260,11
2514,16,890,10,326,41,1312,11
2514,16,890,10,326,41,1388,11
2514,16,890,10,326,41,1391,11
2514,16,890,10,326,41,1422,11
2514,16,890,10,326,41,1556,11
2514,16,890,10,326,41,1568,11
2514,16,890,10,326,41,1599,11
2514,16,890,10,326,41,1747,11
2514,16,890,10,326,41,1773,11
2514,16,890,10,326,41,1799,11
2514,16,890,10,326,41,1818,11
2514,16,890,10,326,41,1873,11
2514,16,890,10,326,41,1940,11
2514,16,890,10,326,41,1956,11
2514,16,890,10,326,41,1997,11
2514,16,890,10,326,41,2068,11
2514,16,890,10,326,41,2079,11
2514,16,890,10,326,41,2123,11
2514,16,890,10,326,41,2196,11
2514,16,890,10,326,41,2206,11
2514,16,890,10,326,41,2216,11
2514,16,890,10,326,41,2244,11
2514,16,890,10,326,41,2259,11
2514,16,890,10,326,41,2261,11
2514,16,890,10,326,41,2289,11
2514,16,890,10,326,41,2359,11
2514,16,890,10,326,41,2370,11
2514,16,890,10,326,41,2405,11
2514,16,890,10,564,35,45,11
2514,16,890,10,564,35,159,11
2514,16,890,10,564,35,272,11
2514,16,890,10,564,35,338,11
2514,16,890,10,564,35,390,11
2514,16,890,10,564,35,457,11
2514,16,890,10,564,35,463,11
2514,16,890,10,564,35,620,11
2514,16,890,10,564,35,700,11
2514,16,890,10,564,35,742,11
2514,16,890,10,564,35,758,11
2514,16,890,10,564,35,879,11
2514,16,890,10,564,35,927,11
2514,16,890,10,564,35,979,11
2514,16,890,10,564,35,1003,11
2514,16,890,10,564,35,1044,11
2514,16,890,10,564,35,1068,11
2514,16,890,10,564,35,1153,11
2514,16,890,10,564,35,1186,11
2514,16,890,10,564,35,1194,11
2514,16,890,10,564,35,1259,11
2514,16,890,10,564,35,1260,11
2514,16,890,10,564,35,1312,11
2514,16,890,10,564,35,1388,11
2514,16,890,10,564,35,1391,11
2514,16,890,10,564,35,1422,11
2514,16,890,10,564,35,1556,11
2514,16,890,10,564,35,1568,11
2514,16,890,10,564,35,1599,11
2514,16,890,10,564,35,1747,11
2514,16,890,10,564,35,1773,11
2514,16,890,10,564,35,1799,11
2514,16,890,10,564,35,1818,11
2514,16,890,10,564,35,1873,11
2514,16,890,10,564,35,1940,11
2514,16,890,10,564,35,1956,11
2514,16,890,10,564,35,1997,11
2514,16,890,10,564,35,2068,11
2514,16,890,10,564,35,2079,11
2514,16,890,10,564,35,2123,11
2514,16,890,10,564,35,2196,11
2514,16,890,10,564,35,2206,11
2514,16,890,10,564,35,2216,11
2514,16,890,10,564,35,2244,11
2514,16,890,10,564,35,2259,11
2514,16,890,10,564,35,2261,11
2514,16,890,10,564,35,2289,11
2514,16,890,10,564,35,2359,11
2514,16,890,10,564,35,2370,11
2514,16,890,10,564,35,2405,11
2514,16,890,10,609,43,45,11
2514,16,890,10,609,43,159,11
2514,16,890,10,609,43,272,11
2514,16,890,10,609,43,338,11
2514,16,890,10,609,43,390,11
2514,16,890,10,609,43,457,11
2514,16,890,10,609,43,463,11
2514,16,890,10,609,43,620,11
2514,16,890,10,609,43,700,11
2514,16,890,10,609,43,742,11
2514,16,890,10,609,43,758,11
2514,16,890,10,609,43,879,11
2514,16,890,10,609,43,927,11
2514,16,890,10,609,43,979,11
2514,16,890,10,609,43,1003,11
2514,16,890,10,609,43,1044,11
2514,16,890,10,609,43,1068,11
2514,16,890,10,609,43,1153,11
2514,16,890,10,609,43,1186,11
2514,16,890,10,609,43,1194,11
2514,16,890,10,609,43,1259,11
2514,16,890,10,609,43,1260,11
2514,16,890,10,609,43,1312,11
2514,16,890,10,609,43,1388,11
2514,16,890,10,609,43,1391,11
2514,16,890,10,609,43,1422,11
2514,16,890,10,609,43,1556,11
2514,16,890,10,609,43,1568,11
2514,16,890,10,609,43,1599,11
2514,16,890,10,609,43,1747,11
2514,16,890,10,609,43,1773,11
2514,16,890,10,609,43,1799,11
2514,16,890,10,609,43,1818,11
2514,16,890,10,609,43,1873,11
2514,16,890,10,609,43,1940,11
2514,16,890,10,609,43,1956,11
2514,16,890,10,609,43,1997,11
2514,16,890,10,609,43,2068,11
2514,16,890,10,609,43,2079,11
2514,16,890,10,609,43,2123,11
2514,16,890,10,609,43,2196,11
2514,16,890,10,609,43,2206,11
2514,16,890,10,609,43,2216,11
2514,16,890,10,609,43,2244,11
2514,16,890,10,609,43,2259,11
2514,16,890,10,609,43,2261,11
2514,16,890,10,609,43,2289,11
2514,16,890,10,609,43,2359,11
2514,16,890,10,609,43,2370,11
2514,16,890,10,609,43,2405,11
2514,16,890,10,658,17,45,11
2514,16,890,10,658,17,159,11
2514,16,890,10,658,17,272,11
2514,16,890,10,658,17,338,11
2514,16,890,10,658,17,390,11
2514,16,890,10,658,17,457,11
2514,16,890,10,658,17,463,11
2514,16,890,10,658,17,620,11
2514,16,890,10,658,17,700,11
2514,16,890,10,658,17,742,11
2514,16,890,10,658,17,758,11
2514,16,890,10,658,17,879,11
2514,16,890,10,658,17,927,11
2514,16,890,10,658,17,979,11
2514,16,890,10,658,17,1003,11
2514,16,890,10,658,17,1044,11
2514,16,890,10,658,17,1068,11
2514,16,890,10,658,17,1153,11
2514,16,890,10,658,17,1186,11
2514,16,890,10,658,17,1194,11
2514,16,890,10,658,17,1259,11
2514,16,890,10,658,17,1260,11
2514,16,890,10,658,17,1312,11
2514,16,890,10,658,17,1388,11
2514,16,890,10,658,17,1391,11
2514,16,890,10,658,17,1422,11
2514,16,890,10,658,17,1556,11
2514,16,890,10,658,17,1568,11
2514,16,890,10,658,17,1599,11
2514,16,890,10,658,17,1747,11
2514,16,890,10,658,17,1773,11
2514,16,890,10,658,17,1799,11
2514,16,890,10,658,17,1818,11
2514,16,890,10,658,17,1873,11
2514,16,890,10,658,17,1940,11
2514,16,890,10,658,17,1956,11
2514,16,890,10,658,17,1997,11
2514,16,890,10,658,17,2068,11
2514,16,890,10,658,17,2079,11
2514,16,890,10,658,17,2123,11
2514,16,890,10,658,17,2196,11
2514,16,890,10,658,17,2206,11
2514,16,890,10,658,17,2216,11
2514,16,890,10,658,17,2244,11
2514,16,890,10,658,17,2259,11
2514,16,890,10,658,17,2261,11
2514,16,890,10,658,17,2289,11
2514,16,890,10,658,17,2359,11
2514,16,890,10,658,17,2370,11
2514,16,890,10,658,17,2405,11
2514,16,890,10,742,20,45,11
2514,16,890,10,742,20,159,11
2514,16,890,10,742,20,272,11
2514,16,890,10,742,20,338,11
2514,16,890,10,742,20,390,11
2514,16,890,10,742,20,457,11
2514,16,890,10,742,20,463,11
2514,16,890,10,742,20,620,11
2514,16,890,10,742,20,700,11
2514,16,890,10,742,20,742,11
2514,16,890,10,742,20,758,11
2514,16,890,10,742,20,879,11
2514,16,890,10,742,20,927,11
2514,16,890,10,742,20,979,11
2514,16,890,10,742,20,1003,11
2514,16,890,10,742,20,1044,11
2514,16,890,10,742,20,1068,11
2514,16,890,10,742,20,1153,11
2514,16,890,10,742,20,1186,11
2514,16,890,10,742,20,1194,11
2514,16,890,10,742,20,1259,11
2514,16,890,10,742,20,1260,11
2514,16,890,10,742,20,1312,11
2514,16,890,10,742,20,1388,11
2514,16,890,10,742,20,1391,11
2514,16,890,10,742,20,1422,11
2514,16,890,10,742,20,1556,11
2514,16,890,10,742,20,1568,11
2514,16,890,10,742,20,1599,11
2514,16,890,10,742,20,1747,11
2514,16,890,10,742,20,1773,11
2514,16,890,10,742,20,1799,11
2514,16,890,10,742,20,1818,11
2514,16,890,10,742,20,1873,11
2514,16,890,10,742,20,1940,11
2514,16,890,10,742,20,1956,11
2514,16,890,10,742,20,1997,11
2514,16,890,10,742,20,2068,11
2514,16,890,10,742,20,2079,11
2514,16,890,10,742,20,2123,11
2514,16,890,10,742,20,2196,11
2514,16,890,10,742,20,2206,11
2514,16,890,10,742,20,2216,11
2514,16,890,10,742,20,2244,11
2514,16,890,10,742,20,2259,11
2514,16,890,10,742,20,2261,11
2514,16,890,10,742,20,2289,11
2514,16,890,10,742,20,2359,11
2514,16,890,10,742,20,2370,11
2514,16,890,10,742,20,2405,11
2514,16,890,10,898,44,45,11
2514,16,890,10,898,44,159,11
2514,16,890,10,898,44,272,11
2514,16,890,10,898,44,338,11
2514,16,890,10,898,44,390,11
2514,16,890,10,898,44,457,11
2514,16,890,10,898,44,463,11
2514,16,890,10,898,44,620,11
2514,16,890,10,898,44,700,11
2514,16,890,10,898,44,742,11
2514,16,890,10,898,44,758,11
2514,16,890,10,898,44,879,11
2514,16,890,10,898,44,927,11
2514,16,890,10,898,44,979,11
2514,16,890,10,898,44,1003,11
2514,16,890,10,898,44,1044,11
2514,16,890,10,898,44,1068,11
2514,16,890,10,898,44,1153,11
2514,16,890,10,898,44,1186,11
2514,16,890,10,898,44,1194,11
2514,16,890,10,898,44,1259,11
2514,16,890,10,898,44,1260,11
2514,16,890,10,898,44,1312,11
2514,16,890,10,898,44,1388,11
2514,16,890,10,898,44,1391,11
2514,16,890,10,898,44,1422,11
2514,16,890,10,898,44,1556,11
2514,16,890,10,898,44,1568,11
2514,16,890,10,898,44,1599,11
2514,16,890,10,898,44,1747,11
2514,16,890,10,898,44,1773,11
2514,16,890,10,898,44,1799,11
2514,16,890,10,898,44,1818,11
2514,16,890,10,898,44,1873,11
2514,16,890,10,898,44,1940,11
2514,16,890,10,898,44,1956,11
2514,16,890,10,898,44,1997,11
2514,16,890,10,898,44,2068,11
2514,16,890,10,898,44,2079,11
2514,16,890,10,898,44,2123,11
2514,16,890,10,898,44,2196,11
2514,16,890,10,898,44,2206,11
2514,16,890,10,898,44,2216,11
2514,16,890,10,898,44,2244,11
2514,16,890,10,898,44,2259,11
2514,16,890,10,898,44,2261,11
2514,16,890,10,898,44,2289,11
2514,16,890,10,898,44,2359,11
2514,16,890,10,898,44,2370,11
2514,16,890,10,898,44,2405,11
2514,16,890,10,968,41,45,11
2514,16,890,10,968,41,159,11
2514,16,890,10,968,41,272,11
2514,16,890,10,968,41,338,11
2514,16,890,10,968,41,390,11
2514,16,890,10,968,41,457,11
2514,16,890,10,968,41,463,11
2514,16,890,10,968,41,620,11
2514,16,890,10,968,41,700,11
2514,16,890,10,968,41,742,11
2514,16,890,10,968,41,758,11
2514,16,890,10,968,41,879,11
2514,16,890,10,968,41,927,11
2514,16,890,10,968,41,979,11
2514,16,890,10,968,41,1003,11
2514,16,890,10,968,41,1044,11
2514,16,890,10,968,41,1068,11
2514,16,890,10,968,41,1153,11
2514,16,890,10,968,41,1186,11
2514,16,890,10,968,41,1194,11
2514,16,890,10,968,41,1259,11
2514,16,890,10,968,41,1260,11
2514,16,890,10,968,41,1312,11
2514,16,890,10,968,41,1388,11
2514,16,890,10,968,41,1391,11
2514,16,890,10,968,41,1422,11
2514,16,890,10,968,41,1556,11
2514,16,890,10,968,41,1568,11
2514,16,890,10,968,41,1599,11
2514,16,890,10,968,41,1747,11
2514,16,890,10,968,41,1773,11
2514,16,890,10,968,41,1799,11
2514,16,890,10,968,41,1818,11
2514,16,890,10,968,41,1873,11
2514,16,890,10,968,41,1940,11
2514,16,890,10,968,41,1956,11
2514,16,890,10,968,41,1997,11
2514,16,890,10,968,41,2068,11
2514,16,890,10,968,41,2079,11
2514,16,890,10,968,41,2123,11
2514,16,890,10,968,41,2196,11
2514,16,890,10,968,41,2206,11
2514,16,890,10,968,41,2216,11
2514,16,890,10,968,41,2244,11
2514,16,890,10,968,41,2259,11
2514,16,890,10,968,41,2261,11
2514,16,890,10,968,41,2289,11
2514,16,890,10,968,41,2359,11
2514,16,890,10,968,41,2370,11
2514,16,890,10,968,41,2405,11
2514,16,890,10,1149,29,45,11
2514,16,890,10,1149,29,159,11
2514,16,890,10,1149,29,272,11
2514,16,890,10,1149,29,338,11
2514,16,890,10,1149,29,390,11
2514,16,890,10,1149,29,463,11
2514,16,890,10,1149,29,620,11
2514,16,890,10,1149,29,742,11
2514,16,890,10,1149,29,758,11
2514,16,890,10,1149,29,879,11
2514,16,890,10,1149,29,979,11
2514,16,890,10,1149,29,1044,11
2514,16,890,10,1149,29,1068,11
2514,16,890,10,1149,29,1186,11
2514,16,890,10,1149,29,1259,11
2514,16,890,10,1149,29,1260,11
2514,16,890,10,1149,29,1312,11
2514,16,890,10,1149,29,1388,11
2514,16,890,10,1149,29,1391,11
2514,16,890,10,1149,29,1422,11
2514,16,890,10,1149,29,1556,11
2514,16,890,10,1149,29,1747,11
2514,16,890,10,1149,29,1773,11
2514,16,890,10,1149,29,1799,11
2514,16,890,10,1149,29,1873,11
2514,16,890,10,1149,29,1956,11
2514,16,890,10,1149,29,1997,11
2514,16,890,10,1149,29,2068,11
2514,16,890,10,1149,29,2079,11
2514,16,890,10,1149,29,2123,11
2514,16,890,10,1149,29,2196,11
2514,16,890,10,1149,29,2206,11
2514,16,890,10,1149,29,2216,11
2514,16,890,10,1149,29,2244,11
2514,16,890,10,1149,29,2259,11
2514,16,890,10,1149,29,2261,11
2514,16,890,10,1149,29,2289,11
2514,16,890,10,1149,29,2359,11
2514,16,890,10,1149,29,2370,11
2514,16,890,10,1149,29,2405,11
2514,16,890,10,1157,49,45,11
2514,16,890,10,1157,49,159,11
2514,16,890,10,1157,49,272,11
2514,16,890,10,1157,49,338,11
2514,16,890,10,1157,49,390,11
2514,16,890,10,1157,49,457,11
2514,16,890,10,1157,49,463,11
2514,16,890,10,1157,49,620,11
2514,16,890,10,1157,49,700,11
2514,16,890,10,1157,49,742,11
2514,16,890,10,1157,49,758,11
2514,16,890,10,1157,49,879,11
2514,16,890,10,1157,49,927,11
2514,16,890,10,1157,49,979,11
2514,16,890,10,1157,49,1003,11
2514,16,890,10,1157,49,1044,11
2514,16,890,10,1157,49,1068,11
2514,16,890,10,1157,49,1153,11
2514,16,890,10,1157,49,1186,11
2514,16,890,10,1157,49,1194,11
2514,16,890,10,1157,49,1259,11
2514,16,890,10,1157,49,1260,11
2514,16,890,10,1157,49,1312,11
2514,16,890,10,1157,49,1388,11
2514,16,890,10,1157,49,1391,11
2514,16,890,10,1157,49,1422,11
2514,16,890,10,1157,49,1556,11
2514,16,890,10,1157,49,1568,11
2514,16,890,10,1157,49,1599,11
2514,16,890,10,1157,49,1747,11
2514,16,890,10,1157,49,1773,11
2514,16,890,10,1157,49,1799,11
2514,16,890,10,1157,49,1818,11
2514,16,890,10,1157,49,1873,11
2514,16,890,10,1157,49,1940,11
2514,16,890,10,1157,49,1956,11
2514,16,890,10,1157,49,1997,11
2514,16,890,10,1157,49,2068,11
2514,16,890,10,1157,49,2079,11
2514,16,890,10,1157,49,2123,11
2514,16,890,10,1157,49,2196,11
2514,16,890,10,1157,49,2206,11
2514,16,890,10,1157,49,2216,11
2514,16,890,10,1157,49,2244,11
2514,16,890,10,1157,49,2259,11
2514,16,890,10,1157,49,2261,11
2514,16,890,10,1157,49,2289,11
2514,16,890,10,1157,49,2359,11
2514,16,890,10,1157,49,2370,11
2514,16,890,10,1157,49,2405,11
2514,16,890,10,1291,21,45,11
2514,16,890,10,1291,21,159,11
2514,16,890,10,1291,21,272,11
2514,16,890,10,1291,21,338,11
2514,16,890,10,1291,21,390,11
2514,16,890,10,1291,21,457,11
2514,16,890,10,1291,21,463,11
2514,16,890,10,1291,21,620,11
2514,16,890,10,1291,21,700,11
2514,16,890,10,1291,21,742,11
2514,16,890,10,1291,21,758,11
2514,16,890,10,1291,21,879,11
2514,16,890,10,1291,21,927,11
2514,16,890,10,1291,21,979,11
2514,16,890,10,1291,21,1003,11
2514,16,890,10,1291,21,1044,11
2514,16,890,10,1291,21,1068,11
2514,16,890,10,1291,21,1153,11
2514,16,890,10,1291,21,1186,11
2514,16,890,10,1291,21,1194,11
2514,16,890,10,1291,21,1259,11
2514,16,890,10,1291,21,1260,11
2514,16,890,10,1291,21,1312,11
2514,16,890,10,1291,21,1388,11
2514,16,890,10,1291,21,1391,11
2514,16,890,10,1291,21,1422,11
2514,16,890,10,1291,21,1556,11
2514,16,890,10,1291,21,1568,11
2514,16,890,10,1291,21,1599,11
2514,16,890,10,1291,21,1747,11
2514,16,890,10,1291,21,1773,11
2514,16,890,10,1291,21,1799,11
2514,16,890,10,1291,21,1818,11
2514,16,890,10,1291,21,1873,11
2514,16,890,10,1291,21,1940,11
2514,16,890,10,1291,21,1956,11
2514,16,890,10,1291,21,1997,11
2514,16,890,10,1291,21,2068,11
2514,16,890,10,1291,21,2079,11
2514,16,890,10,1291,21,2123,11
2514,16,890,10,1291,21,2196,11
2514,16,890,10,1291,21,2206,11
2514,16,890,10,1291,21,2216,11
2514,16,890,10,1291,21,2244,11
2514,16,890,10,1291,21,2259,11
2514,16,890,10,1291,21,2261,11
2514,16,890,10,1291,21,2289,11
2514,16,890,10,1291,21,2359,11
2514,16,890,10,1291,21,2370,11
2514,16,890,10,1291,21,2405,11
2514,16,890,10,1600,13,45,11
2514,16,890,10,1600,13,159,11
2514,16,890,10,1600,13,272,11
2514,16,890,10,1600,13,338,11
2514,16,890,10,1600,13,390,11
2514,16,890,10,1600,13,457,11
2514,16,890,10,1600,13,463,11
2514,16,890,10,1600,13,620,11
2514,16,890,10,1600,13,700,11
2514,16,890,10,1600,13,742,11
2514,16,890,10,1600,13,758,11
2514,16,890,10,1600,13,879,11
2514,16,890,10,1600,13,927,11
2514,16,890,10,1600,13,979,11
2514,16,890,10,1600,13,1003,11
2514,16,890,10,1600,13,1044,11
2514,16,890,10,1600,13,1068,11
2514,16,890,10,1600,13,1153,11
2514,16,890,10,1600,13,1186,11
2514,16,890,10,1600,13,1194,11
2514,16,890,10,1600,13,1259,11
2514,16,890,10,1600,13,1260,11
2514,16,890,10,1600,13,1312,11
2514,16,890,10,1600,13,1388,11
2514,16,890,10,1600,13,1391,11
2514,16,890,10,1600,13,1422,11
2514,16,890,10,1600,13,1556,11
2514,16,890,10,1600,13,1568,11
2514,16,890,10,1600,13,1599,11
2514,16,890,10,1600,13,1747,11
2514,16,890,10,1600,13,1773,11
2514,16,890,10,1600,13,1799,11
2514,16,890,10,1600,13,1818,11
2514,16,890,10,1600,13,1873,11
2514,16,890,10,1600,13,1940,11
2514,16,890,10,1600,13,1956,11
2514,16,890,10,1600,13,1997,11
2514,16,890,10,1600,13,2068,11
2514,16,890,10,1600,13,2079,11
2514,16,890,10,1600,13,2123,11
2514,16,890,10,1600,13,2196,11
2514,16,890,10,1600,13,2206,11
2514,16,890,10,1600,13,2216,11
2514,16,890,10,1600,13,2244,11
2514,16,890,10,1600,13,2259,11
2514,16,890,10,1600,13,2261,11
2514,16,890,10,1600,13,2289,11
2514,16,890,10,1600,13,2359,11
2514,16,890,10,1600,13,2370,11
2514,16,890,10,1600,13,2405,11
2514,16,890,10,1819,47,45,11
2514,16,890,10,1819,47,159,11
2514,16,890,10,1819,47,272,11
2514,16,890,10,1819,47,338,11
2514,16,890,10,1819,47,390,11
2514,16,890,10,1819,47,457,11
2514,16,890,10,1819,47,463,11
2514,16,890,10,1819,47,620,11
2514,16,890,10,1819,47,700,11
2514,16,890,10,1819,47,742,11
2514,16,890,10,1819,47,758,11
2514,16,890,10,1819,47,879,11
2514,16,890,10,1819,47,927,11
2514,16,890,10,1819,47,979,11
2514,16,890,10,1819,47,1003,11
2514,16,890,10,1819,47,1044,11
2514,16,890,10,1819,47,1068,11
2514,16,890,10,1819,47,1153,11
2514,16,890,10,1819,47,1186,11
2514,16,890,10,1819,47,1194,11
2514,16,890,10,1819,47,1259,11
2514,16,890,10,1819,47,1260,11
2514,16,890,10,1819,47,1312,11
2514,16,890,10,1819,47,1388,11
2514,16,890,10,1819,47,1391,11
2514,16,890,10,1819,47,1422,11
2514,16,890,10,1819,47,1556,11
2514,16,890,10,1819,47,1568,11
2514,16,890,10,1819,47,1599,11
2514,16,890,10,1819,47,1747,11
2514,16,890,10,1819,47,1773,11
2514,16,890,10,1819,47,1799,11
2514,16,890,10,1819,47,1818,11
2514,16,890,10,1819,47,1873,11
2514,16,890,10,1819,47,1940,11
2514,16,890,10,1819,47,1956,11
2514,16,890,10,1819,47,1997,11
2514,16,890,10,1819,47,2068,11
2514,16,890,10,1819,47,2079,11
2514,16,890,10,1819,47,2123,11
2514,16,890,10,1819,47,2196,11
2514,16,890,10,1819,47,2206,11
2514,16,890,10,1819,47,2216,11
2514,16,890,10,1819,47,2244,11
2514,16,890,10,1819,47,2259,11
2514,16,890,10,1819,47,2261,11
2514,16,890,10,1819,47,2289,11
2514,16,890,10,1819,47,2359,11
2514,16,890,10,1819,47,2370,11
2514,16,890,10,1819,47,2405,11
