2514,16,1918,16,302,28,45,11
2514,16,1918,16,302,28,159,11
2514,16,1918,16,302,28,272,11
2514,16,1918,16,302,28,338,11
2514,16,1918,16,302,28,390,11
2514,16,1918,16,302,28,457,11
2514,16,1918,16,302,28,463,11
2514,16,1918,16,302,28,620,11
2514,16,1918,16,302,28,700,11
2514,16,1918,16,302,28,742,11
2514,16,1918,16,302,28,758,11
2514,16,1918,16,302,28,879,11
2514,16,1918,16,302,28,927,11
2514,16,1918,16,302,28,979,11
2514,16,1918,16,302,28,1003,11
2514,16,1918,16,302,28,1044,11
2514,16,1918,16,302,28,1068,11
2514,16,1918,16,302,28,1153,11
2514,16,1918,16,302,28,1186,11
2514,16,1918,16,302,28,1194,11
2514,16,1918,16,302,28,1259,11
2514,16,1918,16,302,28,1260,11
2514,16,1918,16,302,28,1312,11
2514,16,1918,16,302,28,1388,11
2514,16,1918,16,302,28,1391,11
2514,16,1918,16,302,28,1422,11
2514,16,1918,16,302,28,1556,11
2514,16,1918,16,302,28,1568,11
2514,16,1918,16,302,28,1599,11
2514,16,1918,16,302,28,1747,11
2514,16,1918,16,302,28,1773,11
2514,16,1918,16,302,28,1799,11
2514,16,1918,16,302,28,1818,11
2514,16,1918,16,302,28,1873,11
2514,16,1918,16,302,28,1940,11
2514,16,1918,16,302,28,1956,11
2514,16,1918,16,302,28,1997,11
2514,16,1918,16,302,28,2068,11
2514,16,1918,16,302,28,2079,11
2514,16,1918,16,302,28,2123,11
2514,16,1918,16,302,28,2196,11
2514,16,1918,16,302,28,2206,11
2514,16,1918,16,302,28,2216,11
2514,16,1918,16,302,28,2244,11
2514,16,1918,16,302,28,2259,11
2514,16,1918,16,302,28,2261,11
2514,16,1918,16,302,28,2289,11
2514,16,1918,16,302,28,2359,11
2514,16,1918,16,302,28,2370,11
2514,16,1918,16,302,28,2405,11
2514,16,1918,16,362,18,45,11
2514,16,1918,16,362,18,159,11
2514,16,1918,16,362,18,272,11
2514,16,1918,16,362,18,338,11
2514,16,1918,16,362,18,390,11
2514,16,1918,16,362,18,463,11
2514,16,1918,16,362,18,620,11
2514,16,1918,16,362,18,742,11
2514,16,1918,16,362,18,758,11
2514,16,1918,16,362,18,879,11
2514,16,1918,16,362,18,979,11
2514,16,1918,16,362,18,1044,11
2514,16,1918,16,362,18,1068,11
2514,16,1918,16,362,18,1186,11
2514,16,1918,16,362,18,1259,11
2514,16,1918,16,362,18,1260,11
2514,16,1918,16,362,18,1312,11
2514,16,1918,16,362,18,1388,11
2514,16,1918,16,362,18,1391,11
2514,16,1918,16,362,18,1422,11
2514,16,1918,16,362,18,1556,11
2514,16,1918,16,362,18,1747,11
2514,16,1918,16,362,18,1773,11
2514,16,1918,16,362,18,1799,11
2514,16,1918,16,362,18,1873,11
2514,16,1918,16,362,18,1956,11
2514,16,1918,16,362,18,1997,11
2514,16,1918,16,362,18,2068,11
2514,16,1918,16,362,18,2079,11
2514,16,1918,16,362,18,2123,11
2514,16,1918,16,362,18,2196,11
2514,16,1918,16,362,18,2206,11
2514,16,1918,16,362,18,2216,11
2514,16,1918,16,362,18,2244,11
2514,16,1918,16,362,18,2259,11
2514,16,1918,16,362,18,2261,11
2514,16,1918,16,362,18,2289,11
2514,16,1918,16,362,18,2359,11
2514,16,1918,16,362,18,2370,11
2514,16,1918,16,362,18,2405,11
2514,16,1918,16,486,19,45,11
2514,16,1918,16,486,19,159,11
2514,16,1918,16,486,19,272,11
2514,16,1918,16,486,19,338,11
2514,16,1918,16,486,19,390,11
2514,16,1918,16,486,19,457,11
2514,16,1918,16,486,19,463,11
2514,16,1918,16,486,19,620,11
2514,16,1918,16,486,19,700,11
2514,16,1918,16,486,19,742,11
2514,16,1918,16,486,19,758,11
2514,16,1918,16,486,19,879,11
2514,16,1918,16,486,19,927,11
2514,16,1918,16,486,19,979,11
2514,16,1918,16,486,19,1003,11
2514,16,1918,16,486,19,1044,11
2514,16,1918,16,486,19,1068,11
2514,16,1918,16,486,19,1153,11
2514,16,1918,16,486,19,1186,11
2514,16,1918,16,486,19,1194,11
2514,16,1918,16,486,19,1259,11
2514,16,1918,16,486,19,1260,11
2514,16,1918,16,486,19,1312,11
2514,16,1918,16,486,19,1388,11
2514,16,1918,16,486,19,1391,11
2514,16,1918,16,486,19,1422,11
2514,16,1918,16,486,19,1556,11
2514,16,1918,16,486,19,1568,11
2514,16,1918,16,486,19,1599,11
2514,16,1918,16,486,19,1747,11
2514,16,1918,16,486,19,1773,11
2514,16,1918,16,486,19,1799,11
2514,16,1918,16,486,19,1818,11
2514,16,1918,16,486,19,1873,11
2514,16,1918,16,486,19,1940,11
2514,16,1918,16,486,19,1956,11
2514,16,1918,16,486,19,1997,11
2514,16,1918,16,486,19,2068,11
2514,16,1918,16,486,19,2079,11
2514,16,1918,16,486,19,2123,11
2514,16,1918,16,486,19,2196,11
2514,16,1918,16,486,19,2206,11
2514,16,1918,16,486,19,2216,11
2514,16,1918,16,486,19,2244,11
2514,16,1918,16,486,19,2259,11
2514,16,1918,16,486,19,2261,11
2514,16,1918,16,486,19,2289,11
2514,16,1918,16,486,19,2359,11
2514,16,1918,16,486,19,2370,11
2514,16,1918,16,486,19,2405,11
2514,16,1918,16,666,36,45,11
2514,16,1918,16,666,36,159,11
2514,16,1918,16,666,36,272,11
2514,16,1918,16,666,36,338,11
2514,16,1918,16,666,36,390,11
2514,16,1918,16,666,36,457,11
2514,16,1918,16,666,36,463,11
2514,16,1918,16,666,36,620,11
2514,16,1918,16,666,36,700,11
2514,16,1918,16,666,36,742,11
2514,16,1918,16,666,36,758,11
2514,16,1918,16,666,36,879,11
2514,16,1918,16,666,36,927,11
2514,16,1918,16,666,36,979,11
2514,16,1918,16,666,36,1003,11
2514,16,1918,16,666,36,1044,11
2514,16,1918,16,666,36,1068,11
2514,16,1918,16,666,36,1153,11
2514,16,1918,16,666,36,1186,11
2514,16,1918,16,666,36,1194,11
2514,16,1918,16,666,36,1259,11
2514,16,1918,16,666,36,1260,11
2514,16,1918,16,666,36,1312,11
2514,16,1918,16,666,36,1388,11
2514,16,1918,16,666,36,1391,11
2514,16,1918,16,666,36,1422,11
2514,16,1918,16,666,36,1556,11
2514,16,1918,16,666,36,1568,11
2514,16,1918,16,666,36,1599,11
2514,16,1918,16,666,36,1747,11
2514,16,1918,16,666,36,1773,11
2514,16,1918,16,666,36,1799,11
2514,16,1918,16,666,36,1818,11
2514,16,1918,16,666,36,1873,11
2514,16,1918,16,666,36,1940,11
2514,16,1918,16,666,36,1956,11
2514,16,1918,16,666,36,1997,11
2514,16,1918,16,666,36,2068,11
2514,16,1918,16,666,36,2079,11
2514,16,1918,16,666,36,2123,11
2514,16,1918,16,666,36,2196,11
2514,16,1918,16,666,36,2206,11
2514,16,1918,16,666,36,2216,11
2514,16,1918,16,666,36,2244,11
2514,16,1918,16,666,36,2259,11
2514,16,1918,16,666,36,2261,11
2514,16,1918,16,666,36,2289,11
2514,16,1918,16,666,36,2359,11
2514,16,1918,16,666,36,2370,11
2514,16,1918,16,666,36,2405,11
2514,16,1918,16,832,37,45,11
2514,16,1918,16,832,37,159,11
2514,16,1918,16,832,37,272,11
2514,16,1918,16,832,37,338,11
2514,16,1918,16,832,37,390,11
2514,16,1918,16,832,37,457,11
2514,16,1918,16,832,37,463,11
2514,16,1918,16,832,37,620,11
2514,16,1918,16,832,37,700,11
2514,16,1918,16,832,37,742,11
2514,16,1918,16,832,37,758,11
2514,16,1918,16,832,37,879,11
2514,16,1918,16,832,37,927,11
2514,16,1918,16,832,37,979,11
2514,16,1918,16,832,37,1003,11
2514,16,1918,16,832,37,1044,11
2514,16,1918,16,832,37,1068,11
2514,16,1918,16,832,37,1153,11
2514,16,1918,16,832,37,1186,11
2514,16,1918,16,832,37,1194,11
2514,16,1918,16,832,37,1259,11
2514,16,1918,16,832,37,1260,11
2514,16,1918,16,832,37,1312,11
2514,16,1918,16,832,37,1388,11
2514,16,1918,16,832,37,1391,11
2514,16,1918,16,832,37,1422,11
2514,16,1918,16,832,37,1556,11
2514,16,1918,16,832,37,1568,11
2514,16,1918,16,832,37,1599,11
2514,16,1918,16,832,37,1747,11
2514,16,1918,16,832,37,1773,11
2514,16,1918,16,832,37,1799,11
2514,16,1918,16,832,37,1818,11
2514,16,1918,16,832,37,1873,11
2514,16,1918,16,832,37,1940,11
2514,16,1918,16,832,37,1956,11
2514,16,1918,16,832,37,1997,11
2514,16,1918,16,832,37,2068,11
2514,16,1918,16,832,37,2079,11
2514,16,1918,16,832,37,2123,11
2514,16,1918,16,832,37,2196,11
2514,16,1918,16,832,37,2206,11
2514,16,1918,16,832,37,2216,11
2514,16,1918,16,832,37,2244,11
2514,16,1918,16,832,37,2259,11
2514,16,1918,16,832,37,2261,11
2514,16,1918,16,832,37,2289,11
2514,16,1918,16,832,37,2359,11
2514,16,1918,16,832,37,2370,11
2514,16,1918,16,832,37,2405,11
2514,16,1918,16,1113,36,45,11
2514,16,1918,16,1113,36,159,11
2514,16,1918,16,1113,36,272,11
2514,16,1918,16,1113,36,338,11
2514,16,1918,16,1113,36,390,11
2514,16,1918,16,1113,36,457,11
2514,16,1918,16,1113,36,463,11
2514,16,1918,16,1113,36,620,11
2514,16,1918,16,1113,36,700,11
2514,16,1918,16,1113,36,742,11
2514,16,1918,16,1113,36,758,11
2514,16,1918,16,1113,36,879,11
2514,16,1918,16,1113,36,927,11
2514,16,1918,16,1113,36,979,11
2514,16,1918,16,1113,36,1003,11
2514,16,1918,16,1113,36,1044,11
2514,16,1918,16,1113,36,1068,11
2514,16,1918,16,1113,36,1153,11
2514,16,1918,16,1113,36,1186,11
2514,16,1918,16,1113,36,1194,11
2514,16,1918,16,1113,36,1259,11
2514,16,1918,16,1113,36,1260,11
2514,16,1918,16,1113,36,1312,11
2514,16,1918,16,1113,36,1388,11
2514,16,1918,16,1113,36,1391,11
2514,16,1918,16,1113,36,1422,11
2514,16,1918,16,1113,36,1556,11
2514,16,1918,16,1113,36,1568,11
2514,16,1918,16,1113,36,1599,11
2514,16,1918,16,1113,36,1747,11
2514,16,1918,16,1113,36,1773,11
2514,16,1918,16,1113,36,1799,11
2514,16,1918,16,1113,36,1818,11
2514,16,1918,16,1113,36,1873,11
2514,16,1918,16,1113,36,1940,11
2514,16,1918,16,1113,36,1956,11
2514,16,1918,16,1113,36,1997,11
2514,16,1918,16,1113,36,2068,11
2514,16,1918,16,1113,36,2079,11
2514,16,1918,16,1113,36,2123,11
2514,16,1918,16,1113,36,2196,11
2514,16,1918,16,1113,36,2206,11
2514,16,1918,16,1113,36,2216,11
2514,16,1918,16,1113,36,2244,11
2514,16,1918,16,1113,36,2259,11
2514,16,1918,16,1113,36,2261,11
2514,16,1918,16,1113,36,2289,11
2514,16,1918,16,1113,36,2359,11
2514,16,1918,16,1113,36,2370,11
2514,16,1918,16,1113,36,2405,11
2514,16,1918,16,1229,30,45,11
2514,16,1918,16,1229,30,159,11
2514,16,1918,16,1229,30,272,11
2514,16,1918,16,1229,30,338,11
2514,16,1918,16,1229,30,390,11
2514,16,1918,16,1229,30,457,11
2514,16,1918,16,1229,30,463,11
2514,16,1918,16,1229,30,620,11
2514,16,1918,16,1229,30,700,11
2514,16,1918,16,1229,30,742,11
2514,16,1918,16,1229,30,758,11
2514,16,1918,16,1229,30,879,11
2514,16,1918,16,1229,30,927,11
2514,16,1918,16,1229,30,979,11
2514,16,1918,16,1229,30,1003,11
2514,16,1918,16,1229,30,1044,11
2514,16,1918,16,1229,30,1068,11
2514,16,1918,16,1229,30,1153,11
2514,16,1918,16,1229,30,1186,11
2514,16,1918,16,1229,30,1194,11
2514,16,1918,16,1229,30,1259,11
2514,16,1918,16,1229,30,1260,11
2514,16,1918,16,1229,30,1312,11
2514,16,1918,16,1229,30,1388,11
2514,16,1918,16,1229,30,1391,11
2514,16,1918,16,1229,30,1422,11
2514,16,1918,16,1229,30,1556,11
2514,16,1918,16,1229,30,1568,11
2514,16,1918,16,1229,30,1599,11
2514,16,1918,16,1229,30,1747,11
2514,16,1918,16,1229,30,1773,11
2514,16,1918,16,1229,30,1799,11
2514,16,1918,16,1229,30,1818,11
2514,16,1918,16,1229,30,1873,11
2514,16,1918,16,1229,30,1940,11
2514,16,1918,16,1229,30,1956,11
2514,16,1918,16,1229,30,1997,11
2514,16,1918,16,1229,30,2068,11
2514,16,1918,16,1229,30,2079,11
2514,16,1918,16,1229,30,2123,11
2514,16,1918,16,1229,30,2196,11
2514,16,1918,16,1229,30,2206,11
2514,16,1918,16,1229,30,2216,11
2514,16,1918,16,1229,30,2244,11
2514,16,1918,16,1229,30,2259,11
2514,16,1918,16,1229,30,2261,11
2514,16,1918,16,1229,30,2289,11
2514,16,1918,16,1229,30,2359,11
2514,16,1918,16,1229,30,2370,11
2514,16,1918,16,1229,30,2405,11
2514,16,1918,16,1274,34,45,11
2514,16,1918,16,1274,34,159,11
2514,16,1918,16,1274,34,272,11
2514,16,1918,16,1274,34,338,11
2514,16,1918,16,1274,34,390,11
2514,16,1918,16,1274,34,457,11
2514,16,1918,16,1274,34,463,11
2514,16,1918,16,1274,34,620,11
2514,16,1918,16,1274,34,700,11
2514,16,1918,16,1274,34,742,11
2514,16,1918,16,1274,34,758,11
2514,16,1918,16,1274,34,879,11
2514,16,1918,16,1274,34,927,11
2514,16,1918,16,1274,34,979,11
2514,16,1918,16,1274,34,1003,11
2514,16,1918,16,1274,34,1044,11
2514,16,1918,16,1274,34,1068,11
2514,16,1918,16,1274,34,1153,11
2514,16,1918,16,1274,34,1186,11
2514,16,1918,16,1274,34,1194,11
2514,16,1918,16,1274,34,1259,11
2514,16,1918,16,1274,34,1260,11
2514,16,1918,16,1274,34,1312,11
2514,16,1918,16,1274,34,1388,11
2514,16,1918,16,1274,34,1391,11
2514,16,1918,16,1274,34,1422,11
2514,16,1918,16,1274,34,1556,11
2514,16,1918,16,1274,34,1568,11
2514,16,1918,16,1274,34,1599,11
2514,16,1918,16,1274,34,1747,11
2514,16,1918,16,1274,34,1773,11
2514,16,1918,16,1274,34,1799,11
2514,16,1918,16,1274,34,1818,11
2514,16,1918,16,1274,34,1873,11
2514,16,1918,16,1274,34,1940,11
2514,16,1918,16,1274,34,1956,11
2514,16,1918,16,1274,34,1997,11
2514,16,1918,16,1274,34,2068,11
2514,16,1918,16,1274,34,2079,11
2514,16,1918,16,1274,34,2123,11
2514,16,1918,16,1274,34,2196,11
2514,16,1918,16,1274,34,2206,11
2514,16,1918,16,1274,34,2216,11
2514,16,1918,16,1274,34,2244,11
2514,16,1918,16,1274,34,2259,11
2514,16,1918,16,1274,34,2261,11
2514,16,1918,16,1274,34,2289,11
2514,16,1918,16,1274,34,2359,11
2514,16,1918,16,1274,34,2370,11
2514,16,1918,16,1274,34,2405,11
2514,16,1918,16,1573,27,45,11
2514,16,1918,16,1573,27,159,11
2514,16,1918,16,1573,27,272,11
2514,16,1918,16,1573,27,338,11
2514,16,1918,16,1573,27,390,11
2514,16,1918,16,1573,27,457,11
2514,16,1918,16,1573,27,463,11
2514,16,1918,16,1573,27,620,11
2514,16,1918,16,1573,27,700,11
2514,16,1918,16,1573,27,742,11
2514,16,1918,16,1573,27,758,11
2514,16,1918,16,1573,27,879,11
2514,16,1918,16,1573,27,927,11
2514,16,1918,16,1573,27,979,11
2514,16,1918,16,1573,27,1003,11
2514,16,1918,16,1573,27,1044,11
2514,16,1918,16,1573,27,1068,11
2514,16,1918,16,1573,27,1153,11
2514,16,1918,16,1573,27,1186,11
2514,16,1918,16,1573,27,1194,11
2514,16,1918,16,1573,27,1259,11
2514,16,1918,16,1573,27,1260,11
2514,16,1918,16,1573,27,1312,11
2514,16,1918,16,1573,27,1388,11
2514,16,1918,16,1573,27,1391,11
2514,16,1918,16,1573,27,1422,11
2514,16,1918,16,1573,27,1556,11
2514,16,1918,16,1573,27,1568,11
2514,16,1918,16,1573,27,1599,11
2514,16,1918,16,1573,27,1747,11
2514,16,1918,16,1573,27,1773,11
2514,16,1918,16,1573,27,1799,11
2514,16,1918,16,1573,27,1818,11
2514,16,1918,16,1573,27,1873,11
2514,16,1918,16,1573,27,1940,11
2514,16,1918,16,1573,27,1956,11
2514,16,1918,16,1573,27,1997,11
2514,16,1918,16,1573,27,2068,11
2514,16,1918,16,1573,27,2079,11
2514,16,1918,16,1573,27,2123,11
2514,16,1918,16,1573,27,2196,11
2514,16,1918,16,1573,27,2206,11
2514,16,1918,16,1573,27,2216,11
2514,16,1918,16,1573,27,2244,11
2514,16,1918,16,1573,27,2259,11
2514,16,1918,16,1573,27,2261,11
2514,16,1918,16,1573,27,2289,11
2514,16,1918,16,1573,27,2359,11
2514,16,1918,16,1573,27,2370,11
2514,16,1918,16,1573,27,2405,11
2514,16,1918,16,1641,16,45,11
2514,16,1918,16,1641,16,159,11
2514,16,1918,16,1641,16,272,11
2514,16,1918,16,1641,16,338,11
2514,16,1918,16,1641,16,390,11
2514,16,1918,16,1641,16,457,11
2514,16,1918,16,1641,16,463,11
2514,16,1918,16,1641,16,620,11
2514,16,1918,16,1641,16,700,11
2514,16,1918,16,1641,16,742,11
2514,16,1918,16,1641,16,758,11
2514,16,1918,16,1641,16,879,11
2514,16,1918,16,1641,16,927,11
2514,16,1918,16,1641,16,979,11
2514,16,1918,16,1641,16,1003,11
2514,16,1918,16,1641,16,1044,11
2514,16,1918,16,1641,16,1068,11
2514,16,1918,16,1641,16,1153,11
2514,16,1918,16,1641,16,1186,11
2514,16,1918,16,1641,16,1194,11
2514,16,1918,16,1641,16,1259,11
2514,16,1918,16,1641,16,1260,11
2514,16,1918,16,1641,16,1312,11
2514,16,1918,16,1641,16,1388,11
2514,16,1918,16,1641,16,1391,11
2514,16,1918,16,1641,16,1422,11
2514,16,1918,16,1641,16,1556,11
2514,16,1918,16,1641,16,1568,11
2514,16,1918,16,1641,16,1599,11
2514,16,1918,16,1641,16,1747,11
2514,16,1918,16,1641,16,1773,11
2514,16,1918,16,1641,16,1799,11
2514,16,1918,16,1641,16,1818,11
2514,16,1918,16,1641,16,1873,11
2514,16,1918,16,1641,16,1940,11
2514,16,1918,16,1641,16,1956,11
2514,16,1918,16,1641,16,1997,11
2514,16,1918,16,1641,16,2068,11
2514,16,1918,16,1641,16,2079,11
2514,16,1918,16,1641,16,2123,11
2514,16,1918,16,1641,16,2196,11
2514,16,1918,16,1641,16,2206,11
2514,16,1918,16,1641,16,2216,11
2514,16,1918,16,1641,16,2244,11
2514,16,1918,16,1641,16,2259,11
2514,16,1918,16,1641,16,2261,11
2514,16,1918,16,1641,16,2289,11
2514,16,1918,16,1641,16,2359,11
2514,16,1918,16,1641,16,2370,11
2514,16,1918,16,1641,16,2405,11
2514,16,1918,16,1732,20,45,11
2514,16,1918,16,1732,20,159,11
2514,16,1918,16,1732,20,272,11
2514,16,1918,16,1732,20,338,11
2514,16,1918,16,1732,20,390,11
2514,16,1918,16,1732,20,457,11
2514,16,1918,16,1732,20,463,11
2514,16,1918,16,1732,20,620,11
2514,16,1918,16,1732,20,700,11
2514,16,1918,16,1732,20,742,11
2514,16,1918,16,1732,20,758,11
2514,16,1918,16,1732,20,879,11
2514,16,1918,16,1732,20,927,11
2514,16,1918,16,1732,20,979,11
2514,16,1918,16,1732,20,1003,11
2514,16,1918,16,1732,20,1044,11
2514,16,1918,16,1732,20,1068,11
2514,16,1918,16,1732,20,1153,11
2514,16,1918,16,1732,20,1186,11
2514,16,1918,16,1732,20,1194,11
2514,16,1918,16,1732,20,1259,11
2514,16,1918,16,1732,20,1260,11
2514,16,1918,16,1732,20,1312,11
2514,16,1918,16,1732,20,1388,11
2514,16,1918,16,1732,20,1391,11
2514,16,1918,16,1732,20,1422,11
2514,16,1918,16,1732,20,1556,11
2514,16,1918,16,1732,20,1568,11
2514,16,1918,16,1732,20,1599,11
2514,16,1918,16,1732,20,1747,11
2514,16,1918,16,1732,20,1773,11
2514,16,1918,16,1732,20,1799,11
2514,16,1918,16,1732,20,1818,11
2514,16,1918,16,1732,20,1873,11
2514,16,1918,16,1732,20,1940,11
2514,16,1918,16,1732,20,1956,11
2514,16,1918,16,1732,20,1997,11
2514,16,1918,16,1732,20,2068,11
2514,16,1918,16,1732,20,2079,11
2514,16,1918,16,1732,20,2123,11
2514,16,1918,16,1732,20,2196,11
2514,16,1918,16,1732,20,2206,11
2514,16,1918,16,1732,20,2216,11
2514,16,1918,16,1732,20,2244,11
2514,16,1918,16,1732,20,2259,11
2514,16,1918,16,1732,20,2261,11
2514,16,1918,16,1732,20,2289,11
2514,16,1918,16,1732,20,2359,11
2514,16,1918,16,1732,20,2370,11
2514,16,1918,16,1732,20,2405,11
2514,16,1918,16,1887,39,45,11
2514,16,1918,16,1887,39,159,11
2514,16,1918,16,1887,39,272,11
2514,16,1918,16,1887,39,338,11
2514,16,1918,16,1887,39,390,11
2514,16,1918,16,1887,39,457,11
2514,16,1918,16,1887,39,463,11
2514,16,1918,16,1887,39,620,11
2514,16,1918,16,1887,39,700,11
2514,16,1918,16,1887,39,742,11
2514,16,1918,16,1887,39,758,11
2514,16,1918,16,1887,39,879,11
2514,16,1918,16,1887,39,927,11
2514,16,1918,16,1887,39,979,11
2514,16,1918,16,1887,39,1003,11
2514,16,1918,16,1887,39,1044,11
2514,16,1918,16,1887,39,1068,11
2514,16,1918,16,1887,39,1153,11
2514,16,1918,16,1887,39,1186,11
2514,16,1918,16,1887,39,1194,11
2514,16,1918,16,1887,39,1259,11
2514,16,1918,16,1887,39,1260,11
2514,16,1918,16,1887,39,1312,11
2514,16,1918,16,1887,39,1388,11
2514,16,1918,16,1887,39,1391,11
2514,16,1918,16,1887,39,1422,11
2514,16,1918,16,1887,39,1556,11
2514,16,1918,16,1887,39,1568,11
2514,16,1918,16,1887,39,1599,11
2514,16,1918,16,1887,39,1747,11
2514,16,1918,16,1887,39,1773,11
2514,16,1918,16,1887,39,1799,11
2514,16,1918,16,1887,39,1818,11
2514,16,1918,16,1887,39,1873,11
2514,16,1918,16,1887,39,1940,11
2514,16,1918,16,1887,39,1956,11
2514,16,1918,16,1887,39,1997,11
2514,16,1918,16,1887,39,2068,11
2514,16,1918,16,1887,39,2079,11
2514,16,1918,16,1887,39,2123,11
2514,16,1918,16,1887,39,2196,11
2514,16,1918,16,1887,39,2206,11
2514,16,1918,16,1887,39,2216,11
2514,16,1918,16,1887,39,2244,11
2514,16,1918,16,1887,39,2259,11
2514,16,1918,16,1887,39,2261,11
2514,16,1918,16,1887,39,2289,11
2514,16,1918,16,1887,39,2359,11
2514,16,1918,16,1887,39,2370,11
2514,16,1918,16,1887,39,2405,11
2514,16,1918,16,1971,40,45,11
2514,16,1918,16,1971,40,159,11
2514,16,1918,16,1971,40,272,11
2514,16,1918,16,1971,40,338,11
2514,16,1918,16,1971,40,390,11
2514,16,1918,16,1971,40,457,11
2514,16,1918,16,1971,40,463,11
2514,16,1918,16,1971,40,620,11
2514,16,1918,16,1971,40,700,11
2514,16,1918,16,1971,40,742,11
2514,16,1918,16,1971,40,758,11
2514,16,1918,16,1971,40,879,11
2514,16,1918,16,1971,40,927,11
2514,16,1918,16,1971,40,979,11
2514,16,1918,16,1971,40,1003,11
2514,16,1918,16,1971,40,1044,11
2514,16,1918,16,1971,40,1068,11
2514,16,1918,16,1971,40,1153,11
2514,16,1918,16,1971,40,1186,11
2514,16,1918,16,1971,40,1194,11
2514,16,1918,16,1971,40,1259,11
2514,16,1918,16,1971,40,1260,11
2514,16,1918,16,1971,40,1312,11
2514,16,1918,16,1971,40,1388,11
2514,16,1918,16,1971,40,1391,11
2514,16,1918,16,1971,40,1422,11
2514,16,1918,16,1971,40,1556,11
2514,16,1918,16,1971,40,1568,11
2514,16,1918,16,1971,40,1599,11
2514,16,1918,16,1971,40,1747,11
2514,16,1918,16,1971,40,1773,11
2514,16,1918,16,1971,40,1799,11
2514,16,1918,16,1971,40,1818,11
2514,16,1918,16,1971,40,1873,11
2514,16,1918,16,1971,40,1940,11
2514,16,1918,16,1971,40,1956,11
2514,16,1918,16,1971,40,1997,11
2514,16,1918,16,1971,40,2068,11
2514,16,1918,16,1971,40,2079,11
2514,16,1918,16,1971,40,2123,11
2514,16,1918,16,1971,40,2196,11
2514,16,1918,16,1971,40,2206,11
2514,16,1918,16,1971,40,2216,11
2514,16,1918,16,1971,40,2244,11
2514,16,1918,16,1971,40,2259,11
2514,16,1918,16,1971,40,2261,11
2514,16,1918,16,1971,40,2289,11
2514,16,1918,16,1971,40,2359,11
2514,16,1918,16,1971,40,2370,11
2514,16,1918,16,1971,40,2405,11
