2514,16,1448,50,53,11,45,11
2514,16,1448,50,53,11,159,11
2514,16,1448,50,53,11,272,11
2514,16,1448,50,53,11,338,11
2514,16,1448,50,53,11,390,11
2514,16,1448,50,53,11,457,11
2514,16,1448,50,53,11,463,11
2514,16,1448,50,53,11,620,11
2514,16,1448,50,53,11,700,11
2514,16,1448,50,53,11,742,11
2514,16,1448,50,53,11,758,11
2514,16,1448,50,53,11,879,11
2514,16,1448,50,53,11,927,11
2514,16,1448,50,53,11,979,11
2514,16,1448,50,53,11,1003,11
2514,16,1448,50,53,11,1044,11
2514,16,1448,50,53,11,1068,11
2514,16,1448,50,53,11,1153,11
2514,16,1448,50,53,11,1186,11
2514,16,1448,50,53,11,1194,11
2514,16,1448,50,53,11,1259,11
2514,16,1448,50,53,11,1260,11
2514,16,1448,50,53,11,1312,11
2514,16,1448,50,53,11,1388,11
2514,16,1448,50,53,11,1391,11
2514,16,1448,50,53,11,1422,11
2514,16,1448,50,53,11,1556,11
2514,16,1448,50,53,11,1568,11
2514,16,1448,50,53,11,1599,11
2514,16,1448,50,53,11,1747,11
2514,16,1448,50,53,11,1773,11
2514,16,1448,50,53,11,1799,11
2514,16,1448,50,53,11,1818,11
2514,16,1448,50,53,11,1873,11
2514,16,1448,50,53,11,1940,11
2514,16,1448,50,53,11,1956,11
2514,16,1448,50,53,11,1997,11
2514,16,1448,50,53,11,2068,11
2514,16,1448,50,53,11,2079,11
2514,16,1448,50,53,11,2123,11
2514,16,1448,50,53,11,2196,11
2514,16,1448,50,53,11,2206,11
2514,16,1448,50,53,11,2216,11
2514,16,1448,50,53,11,2244,11
2514,16,1448,50,53,11,2259,11
2514,16,1448,50,53,11,2261,11
2514,16,1448,50,53,11,2289,11
2514,16,1448,50,53,11,2359,11
2514,16,1448,50,53,11,2370,11
2514,16,1448,50,53,11,2405,11
2514,16,1448,50,246,42,45,11
2514,16,1448,50,246,42,159,11
2514,16,1448,50,246,42,272,11
2514,16,1448,50,246,42,338,11
2514,16,1448,50,246,42,390,11
2514,16,1448,50,246,42,457,11
2514,16,1448,50,246,42,463,11
2514,16,1448,50,246,42,620,11
2514,16,1448,50,246,42,700,11
2514,16,1448,50,246,42,742,11
2514,16,1448,50,246,42,758,11
2514,16,1448,50,246,42,879,11
2514,16,1448,50,246,42,927,11
2514,16,1448,50,246,42,979,11
2514,16,1448,50,246,42,1003,11
2514,16,1448,50,246,42,1044,11
2514,16,1448,50,246,42,1068,11
2514,16,1448,50,246,42,1153,11
2514,16,1448,50,246,42,1186,11
2514,16,1448,50,246,42,1194,11
2514,16,1448,50,246,42,1259,11
2514,16,1448,50,246,42,1260,11
2514,16,1448,50,246,42,1312,11
2514,16,1448,50,246,42,1388,11
2514,16,1448,50,246,42,1391,11
2514,16,1448,50,246,42,1422,11
2514,16,1448,50,246,42,1556,11
2514,16,1448,50,246,42,1568,11
2514,16,1448,50,246,42,1599,11
2514,16,1448,50,246,42,1747,11
2514,16,1448,50,246,42,1773,11
2514,16,1448,50,246,42,1799,11
2514,16,1448,50,246,42,1818,11
2514,16,1448,50,246,42,1873,11
2514,16,1448,50,246,42,1940,11
2514,16,1448,50,246,42,1956,11
2514,16,1448,50,246,42,1997,11
2514,16,1448,50,246,42,2068,11
2514,16,1448,50,246,42,2079,11
2514,16,1448,50,246,42,2123,11
2514,16,1448,50,246,42,2196,11
2514,16,1448,50,246,42,2206,11
2514,16,1448,50,246,42,2216,11
2514,16,1448,50,246,42,2244,11
2514,16,1448,50,246,42,2259,11
2514,16,1448,50,246,42,2261,11
2514,16,1448,50,246,42,2289,11
2514,16,1448,50,246,42,2359,11
2514,16,1448,50,246,42,2370,11
2514,16,1448,50,246,42,2405,11
2514,16,1448,50,568,9,159,11
2514,16,1448,50,568,9,457,11
2514,16,1448,50,568,9,463,11
2514,16,1448,50,568,9,700,11
2514,16,1448,50,568,9,879,11
2514,16,1448,50,568,9,927,11
2514,16,1448,50,568,9,1003,11
2514,16,1448,50,568,9,1153,11
2514,16,1448,50,568,9,1194,11
2514,16,1448,50,568,9,1388,11
2514,16,1448,50,568,9,1556,11
2514,16,1448,50,568,9,1568,11
2514,16,1448,50,568,9,1599,11
2514,16,1448,50,568,9,1818,11
2514,16,1448,50,568,9,1873,11
2514,16,1448,50,568,9,1940,11
2514,16,1448,50,568,9,2123,11
2514,16,1448,50,568,9,2196,11
2514,16,1448,50,568,9,2216,11
2514,16,1448,50,568,9,2370,11
2514,16,1448,50,569,15,45,11
2514,16,1448,50,569,15,159,11
2514,16,1448,50,569,15,272,11
2514,16,1448,50,569,15,338,11
2514,16,1448,50,569,15,390,11
2514,16,1448,50,569,15,457,11
2514,16,1448,50,569,15,463,11
2514,16,1448,50,569,15,620,11
2514,16,1448,50,569,15,700,11
2514,16,1448,50,569,15,742,11
2514,16,1448,50,569,15,758,11
2514,16,1448,50,569,15,879,11
2514,16,1448,50,569,15,927,11
2514,16,1448,50,569,15,979,11
2514,16,1448,50,569,15,1003,11
2514,16,1448,50,569,15,1044,11
2514,16,1448,50,569,15,1068,11
2514,16,1448,50,569,15,1153,11
2514,16,1448,50,569,15,1186,11
2514,16,1448,50,569,15,1194,11
2514,16,1448,50,569,15,1259,11
2514,16,1448,50,569,15,1260,11
2514,16,1448,50,569,15,1312,11
2514,16,1448,50,569,15,1388,11
2514,16,1448,50,569,15,1391,11
2514,16,1448,50,569,15,1422,11
2514,16,1448,50,569,15,1556,11
2514,16,1448,50,569,15,1568,11
2514,16,1448,50,569,15,1599,11
2514,16,1448,50,569,15,1747,11
2514,16,1448,50,569,15,1773,11
2514,16,1448,50,569,15,1799,11
2514,16,1448,50,569,15,1818,11
2514,16,1448,50,569,15,1873,11
2514,16,1448,50,569,15,1940,11
2514,16,1448,50,569,15,1956,11
2514,16,1448,50,569,15,1997,11
2514,16,1448,50,569,15,2068,11
2514,16,1448,50,569,15,2079,11
2514,16,1448,50,569,15,2123,11
2514,16,1448,50,569,15,2196,11
2514,16,1448,50,569,15,2206,11
2514,16,1448,50,569,15,2216,11
2514,16,1448,50,569,15,2244,11
2514,16,1448,50,569,15,2259,11
2514,16,1448,50,569,15,2261,11
2514,16,1448,50,569,15,2289,11
2514,16,1448,50,569,15,2359,11
2514,16,1448,50,569,15,2370,11
2514,16,1448,50,569,15,2405,11
2514,16,1448,50,697,36,45,11
2514,16,1448,50,697,36,159,11
2514,16,1448,50,697,36,272,11
2514,16,1448,50,697,36,338,11
2514,16,1448,50,697,36,390,11
2514,16,1448,50,697,36,457,11
2514,16,1448,50,697,36,463,11
2514,16,1448,50,697,36,620,11
2514,16,1448,50,697,36,700,11
2514,16,1448,50,697,36,742,11
2514,16,1448,50,697,36,758,11
2514,16,1448,50,697,36,879,11
2514,16,1448,50,697,36,927,11
2514,16,1448,50,697,36,979,11
2514,16,1448,50,697,36,1003,11
2514,16,1448,50,697,36,1044,11
2514,16,1448,50,697,36,1068,11
2514,16,1448,50,697,36,1153,11
2514,16,1448,50,697,36,1186,11
2514,16,1448,50,697,36,1194,11
2514,16,1448,50,697,36,1259,11
2514,16,1448,50,697,36,1260,11
2514,16,1448,50,697,36,1312,11
2514,16,1448,50,697,36,1388,11
2514,16,1448,50,697,36,1391,11
2514,16,1448,50,697,36,1422,11
2514,16,1448,50,697,36,1556,11
2514,16,1448,50,697,36,1568,11
2514,16,1448,50,697,36,1599,11
2514,16,1448,50,697,36,1747,11
2514,16,1448,50,697,36,1773,11
2514,16,1448,50,697,36,1799,11
2514,16,1448,50,697,36,1818,11
2514,16,1448,50,697,36,1873,11
2514,16,1448,50,697,36,1940,11
2514,16,1448,50,697,36,1956,11
2514,16,1448,50,697,36,1997,11
2514,16,1448,50,697,36,2068,11
2514,16,1448,50,697,36,2079,11
2514,16,1448,50,697,36,2123,11
2514,16,1448,50,697,36,2196,11
2514,16,1448,50,697,36,2206,11
2514,16,1448,50,697,36,2216,11
2514,16,1448,50,697,36,2244,11
2514,16,1448,50,697,36,2259,11
2514,16,1448,50,697,36,2261,11
2514,16,1448,50,697,36,2289,11
2514,16,1448,50,697,36,2359,11
2514,16,1448,50,697,36,2370,11
2514,16,1448,50,697,36,2405,11
2514,16,1448,50,726,14,45,11
2514,16,1448,50,726,14,159,11
2514,16,1448,50,726,14,272,11
2514,16,1448,50,726,14,338,11
2514,16,1448,50,726,14,390,11
2514,16,1448,50,726,14,457,11
2514,16,1448,50,726,14,463,11
2514,16,1448,50,726,14,620,11
2514,16,1448,50,726,14,700,11
2514,16,1448,50,726,14,742,11
2514,16,1448,50,726,14,758,11
2514,16,1448,50,726,14,879,11
2514,16,1448,50,726,14,927,11
2514,16,1448,50,726,14,979,11
2514,16,1448,50,726,14,1003,11
2514,16,1448,50,726,14,1044,11
2514,16,1448,50,726,14,1068,11
2514,16,1448,50,726,14,1153,11
2514,16,1448,50,726,14,1186,11
2514,16,1448,50,726,14,1194,11
2514,16,1448,50,726,14,1259,11
2514,16,1448,50,726,14,1260,11
2514,16,1448,50,726,14,1312,11
2514,16,1448,50,726,14,1388,11
2514,16,1448,50,726,14,1391,11
2514,16,1448,50,726,14,1422,11
2514,16,1448,50,726,14,1556,11
2514,16,1448,50,726,14,1568,11
2514,16,1448,50,726,14,1599,11
2514,16,1448,50,726,14,1747,11
2514,16,1448,50,726,14,1773,11
2514,16,1448,50,726,14,1799,11
2514,16,1448,50,726,14,1818,11
2514,16,1448,50,726,14,1873,11
2514,16,1448,50,726,14,1940,11
2514,16,1448,50,726,14,1956,11
2514,16,1448,50,726,14,1997,11
2514,16,1448,50,726,14,2068,11
2514,16,1448,50,726,14,2079,11
2514,16,1448,50,726,14,2123,11
2514,16,1448,50,726,14,2196,11
2514,16,1448,50,726,14,2206,11
2514,16,1448,50,726,14,2216,11
2514,16,1448,50,726,14,2244,11
2514,16,1448,50,726,14,2259,11
2514,16,1448,50,726,14,2261,11
2514,16,1448,50,726,14,2289,11
2514,16,1448,50,726,14,2359,11
2514,16,1448,50,726,14,2370,11
2514,16,1448,50,726,14,2405,11
2514,16,1448,50,1005,39,45,11
2514,16,1448,50,1005,39,159,11
2514,16,1448,50,1005,39,272,11
2514,16,1448,50,1005,39,338,11
2514,16,1448,50,1005,39,390,11
2514,16,1448,50,1005,39,457,11
2514,16,1448,50,1005,39,463,11
2514,16,1448,50,1005,39,620,11
2514,16,1448,50,1005,39,700,11
2514,16,1448,50,1005,39,742,11
2514,16,1448,50,1005,39,758,11
2514,16,1448,50,1005,39,879,11
2514,16,1448,50,1005,39,927,11
2514,16,1448,50,1005,39,979,11
2514,16,1448,50,1005,39,1003,11
2514,16,1448,50,1005,39,1044,11
2514,16,1448,50,1005,39,1068,11
2514,16,1448,50,1005,39,1153,11
2514,16,1448,50,1005,39,1186,11
2514,16,1448,50,1005,39,1194,11
2514,16,1448,50,1005,39,1259,11
2514,16,1448,50,1005,39,1260,11
2514,16,1448,50,1005,39,1312,11
2514,16,1448,50,1005,39,1388,11
2514,16,1448,50,1005,39,1391,11
2514,16,1448,50,1005,39,1422,11
2514,16,1448,50,1005,39,1556,11
2514,16,1448,50,1005,39,1568,11
2514,16,1448,50,1005,39,1599,11
2514,16,1448,50,1005,39,1747,11
2514,16,1448,50,1005,39,1773,11
2514,16,1448,50,1005,39,1799,11
2514,16,1448,50,1005,39,1818,11
2514,16,1448,50,1005,39,1873,11
2514,16,1448,50,1005,39,1940,11
2514,16,1448,50,1005,39,1956,11
2514,16,1448,50,1005,39,1997,11
2514,16,1448,50,1005,39,2068,11
2514,16,1448,50,1005,39,2079,11
2514,16,1448,50,1005,39,2123,11
2514,16,1448,50,1005,39,2196,11
2514,16,1448,50,1005,39,2206,11
2514,16,1448,50,1005,39,2216,11
2514,16,1448,50,1005,39,2244,11
2514,16,1448,50,1005,39,2259,11
2514,16,1448,50,1005,39,2261,11
2514,16,1448,50,1005,39,2289,11
2514,16,1448,50,1005,39,2359,11
2514,16,1448,50,1005,39,2370,11
2514,16,1448,50,1005,39,2405,11
2514,16,1448,50,1105,29,45,11
2514,16,1448,50,1105,29,159,11
2514,16,1448,50,1105,29,272,11
2514,16,1448,50,1105,29,338,11
2514,16,1448,50,1105,29,390,11
2514,16,1448,50,1105,29,457,11
2514,16,1448,50,1105,29,463,11
2514,16,1448,50,1105,29,620,11
2514,16,1448,50,1105,29,700,11
2514,16,1448,50,1105,29,742,11
2514,16,1448,50,1105,29,758,11
2514,16,1448,50,1105,29,879,11
2514,16,1448,50,1105,29,927,11
2514,16,1448,50,1105,29,979,11
2514,16,1448,50,1105,29,1003,11
2514,16,1448,50,1105,29,1044,11
2514,16,1448,50,1105,29,1068,11
2514,16,1448,50,1105,29,1153,11
2514,16,1448,50,1105,29,1186,11
2514,16,1448,50,1105,29,1194,11
2514,16,1448,50,1105,29,1259,11
2514,16,1448,50,1105,29,1260,11
2514,16,1448,50,1105,29,1312,11
2514,16,1448,50,1105,29,1388,11
2514,16,1448,50,1105,29,1391,11
2514,16,1448,50,1105,29,1422,11
2514,16,1448,50,1105,29,1556,11
2514,16,1448,50,1105,29,1568,11
2514,16,1448,50,1105,29,1599,11
2514,16,1448,50,1105,29,1747,11
2514,16,1448,50,1105,29,1773,11
2514,16,1448,50,1105,29,1799,11
2514,16,1448,50,1105,29,1818,11
2514,16,1448,50,1105,29,1873,11
2514,16,1448,50,1105,29,1940,11
2514,16,1448,50,1105,29,1956,11
2514,16,1448,50,1105,29,1997,11
2514,16,1448,50,1105,29,2068,11
2514,16,1448,50,1105,29,2079,11
2514,16,1448,50,1105,29,2123,11
2514,16,1448,50,1105,29,2196,11
2514,16,1448,50,1105,29,2206,11
2514,16,1448,50,1105,29,2216,11
2514,16,1448,50,1105,29,2244,11
2514,16,1448,50,1105,29,2259,11
2514,16,1448,50,1105,29,2261,11
2514,16,1448,50,1105,29,2289,11
2514,16,1448,50,1105,29,2359,11
2514,16,1448,50,1105,29,2370,11
2514,16,1448,50,1105,29,2405,11
2514,16,1448,50,1182,25,45,11
2514,16,1448,50,1182,25,159,11
2514,16,1448,50,1182,25,272,11
2514,16,1448,50,1182,25,338,11
2514,16,1448,50,1182,25,390,11
2514,16,1448,50,1182,25,457,11
2514,16,1448,50,1182,25,463,11
2514,16,1448,50,1182,25,620,11
2514,16,1448,50,1182,25,700,11
2514,16,1448,50,1182,25,742,11
2514,16,1448,50,1182,25,758,11
2514,16,1448,50,1182,25,879,11
2514,16,1448,50,1182,25,927,11
2514,16,1448,50,1182,25,979,11
2514,16,1448,50,1182,25,1003,11
2514,16,1448,50,1182,25,1044,11
2514,16,1448,50,1182,25,1068,11
2514,16,1448,50,1182,25,1153,11
2514,16,1448,50,1182,25,1186,11
2514,16,1448,50,1182,25,1194,11
2514,16,1448,50,1182,25,1259,11
2514,16,1448,50,1182,25,1260,11
2514,16,1448,50,1182,25,1312,11
2514,16,1448,50,1182,25,1388,11
2514,16,1448,50,1182,25,1391,11
2514,16,1448,50,1182,25,1422,11
2514,16,1448,50,1182,25,1556,11
2514,16,1448,50,1182,25,1568,11
2514,16,1448,50,1182,25,1599,11
2514,16,1448,50,1182,25,1747,11
2514,16,1448,50,1182,25,1773,11
2514,16,1448,50,1182,25,1799,11
2514,16,1448,50,1182,25,1818,11
2514,16,1448,50,1182,25,1873,11
2514,16,1448,50,1182,25,1940,11
2514,16,1448,50,1182,25,1956,11
2514,16,1448,50,1182,25,1997,11
2514,16,1448,50,1182,25,2068,11
2514,16,1448,50,1182,25,2079,11
2514,16,1448,50,1182,25,2123,11
2514,16,1448,50,1182,25,2196,11
2514,16,1448,50,1182,25,2206,11
2514,16,1448,50,1182,25,2216,11
2514,16,1448,50,1182,25,2244,11
2514,16,1448,50,1182,25,2259,11
2514,16,1448,50,1182,25,2261,11
2514,16,1448,50,1182,25,2289,11
2514,16,1448,50,1182,25,2359,11
2514,16,1448,50,1182,25,2370,11
2514,16,1448,50,1182,25,2405,11
2514,16,1448,50,1309,28,45,11
2514,16,1448,50,1309,28,159,11
2514,16,1448,50,1309,28,272,11
2514,16,1448,50,1309,28,338,11
2514,16,1448,50,1309,28,390,11
2514,16,1448,50,1309,28,457,11
2514,16,1448,50,1309,28,463,11
2514,16,1448,50,1309,28,620,11
2514,16,1448,50,1309,28,700,11
2514,16,1448,50,1309,28,742,11
2514,16,1448,50,1309,28,758,11
2514,16,1448,50,1309,28,879,11
2514,16,1448,50,1309,28,927,11
2514,16,1448,50,1309,28,979,11
2514,16,1448,50,1309,28,1003,11
2514,16,1448,50,1309,28,1044,11
2514,16,1448,50,1309,28,1068,11
2514,16,1448,50,1309,28,1153,11
2514,16,1448,50,1309,28,1186,11
2514,16,1448,50,1309,28,1194,11
2514,16,1448,50,1309,28,1259,11
2514,16,1448,50,1309,28,1260,11
2514,16,1448,50,1309,28,1312,11
2514,16,1448,50,1309,28,1388,11
2514,16,1448,50,1309,28,1391,11
2514,16,1448,50,1309,28,1422,11
2514,16,1448,50,1309,28,1556,11
2514,16,1448,50,1309,28,1568,11
2514,16,1448,50,1309,28,1599,11
2514,16,1448,50,1309,28,1747,11
2514,16,1448,50,1309,28,1773,11
2514,16,1448,50,1309,28,1799,11
2514,16,1448,50,1309,28,1818,11
2514,16,1448,50,1309,28,1873,11
2514,16,1448,50,1309,28,1940,11
2514,16,1448,50,1309,28,1956,11
2514,16,1448,50,1309,28,1997,11
2514,16,1448,50,1309,28,2068,11
2514,16,1448,50,1309,28,2079,11
2514,16,1448,50,1309,28,2123,11
2514,16,1448,50,1309,28,2196,11
2514,16,1448,50,1309,28,2206,11
2514,16,1448,50,1309,28,2216,11
2514,16,1448,50,1309,28,2244,11
2514,16,1448,50,1309,28,2259,11
2514,16,1448,50,1309,28,2261,11
2514,16,1448,50,1309,28,2289,11
2514,16,1448,50,1309,28,2359,11
2514,16,1448,50,1309,28,2370,11
2514,16,1448,50,1309,28,2405,11
2514,16,1448,50,1522,24,45,11
2514,16,1448,50,1522,24,159,11
2514,16,1448,50,1522,24,272,11
2514,16,1448,50,1522,24,338,11
2514,16,1448,50,1522,24,390,11
2514,16,1448,50,1522,24,457,11
2514,16,1448,50,1522,24,463,11
2514,16,1448,50,1522,24,620,11
2514,16,1448,50,1522,24,700,11
2514,16,1448,50,1522,24,742,11
2514,16,1448,50,1522,24,758,11
2514,16,1448,50,1522,24,879,11
2514,16,1448,50,1522,24,927,11
2514,16,1448,50,1522,24,979,11
2514,16,1448,50,1522,24,1003,11
2514,16,1448,50,1522,24,1044,11
2514,16,1448,50,1522,24,1068,11
2514,16,1448,50,1522,24,1153,11
2514,16,1448,50,1522,24,1186,11
2514,16,1448,50,1522,24,1194,11
2514,16,1448,50,1522,24,1259,11
2514,16,1448,50,1522,24,1260,11
2514,16,1448,50,1522,24,1312,11
2514,16,1448,50,1522,24,1388,11
2514,16,1448,50,1522,24,1391,11
2514,16,1448,50,1522,24,1422,11
2514,16,1448,50,1522,24,1556,11
2514,16,1448,50,1522,24,1568,11
2514,16,1448,50,1522,24,1599,11
2514,16,1448,50,1522,24,1747,11
2514,16,1448,50,1522,24,1773,11
2514,16,1448,50,1522,24,1799,11
2514,16,1448,50,1522,24,1818,11
2514,16,1448,50,1522,24,1873,11
2514,16,1448,50,1522,24,1940,11
2514,16,1448,50,1522,24,1956,11
2514,16,1448,50,1522,24,1997,11
2514,16,1448,50,1522,24,2068,11
2514,16,1448,50,1522,24,2079,11
2514,16,1448,50,1522,24,2123,11
2514,16,1448,50,1522,24,2196,11
2514,16,1448,50,1522,24,2206,11
2514,16,1448,50,1522,24,2216,11
2514,16,1448,50,1522,24,2244,11
2514,16,1448,50,1522,24,2259,11
2514,16,1448,50,1522,24,2261,11
2514,16,1448,50,1522,24,2289,11
2514,16,1448,50,1522,24,2359,11
2514,16,1448,50,1522,24,2370,11
2514,16,1448,50,1522,24,2405,11
2514,16,1448,50,1745,40,45,11
2514,16,1448,50,1745,40,159,11
2514,16,1448,50,1745,40,272,11
2514,16,1448,50,1745,40,338,11
2514,16,1448,50,1745,40,390,11
2514,16,1448,50,1745,40,457,11
2514,16,1448,50,1745,40,463,11
2514,16,1448,50,1745,40,620,11
2514,16,1448,50,1745,40,700,11
2514,16,1448,50,1745,40,742,11
2514,16,1448,50,1745,40,758,11
2514,16,1448,50,1745,40,879,11
2514,16,1448,50,1745,40,927,11
2514,16,1448,50,1745,40,979,11
2514,16,1448,50,1745,40,1003,11
2514,16,1448,50,1745,40,1044,11
2514,16,1448,50,1745,40,1068,11
2514,16,1448,50,1745,40,1153,11
2514,16,1448,50,1745,40,1186,11
2514,16,1448,50,1745,40,1194,11
2514,16,1448,50,1745,40,1259,11
2514,16,1448,50,1745,40,1260,11
2514,16,1448,50,1745,40,1312,11
2514,16,1448,50,1745,40,1388,11
2514,16,1448,50,1745,40,1391,11
2514,16,1448,50,1745,40,1422,11
2514,16,1448,50,1745,40,1556,11
2514,16,1448,50,1745,40,1568,11
2514,16,1448,50,1745,40,1599,11
2514,16,1448,50,1745,40,1747,11
2514,16,1448,50,1745,40,1773,11
2514,16,1448,50,1745,40,1799,11
2514,16,1448,50,1745,40,1818,11
2514,16,1448,50,1745,40,1873,11
2514,16,1448,50,1745,40,1940,11
2514,16,1448,50,1745,40,1956,11
2514,16,1448,50,1745,40,1997,11
2514,16,1448,50,1745,40,2068,11
2514,16,1448,50,1745,40,2079,11
2514,16,1448,50,1745,40,2123,11
2514,16,1448,50,1745,40,2196,11
2514,16,1448,50,1745,40,2206,11
2514,16,1448,50,1745,40,2216,11
2514,16,1448,50,1745,40,2244,11
2514,16,1448,50,1745,40,2259,11
2514,16,1448,50,1745,40,2261,11
2514,16,1448,50,1745,40,2289,11
2514,16,1448,50,1745,40,2359,11
2514,16,1448,50,1745,40,2370,11
2514,16,1448,50,1745,40,2405,11
2514,16,1448,50,1792,41,45,11
2514,16,1448,50,1792,41,159,11
2514,16,1448,50,1792,41,272,11
2514,16,1448,50,1792,41,338,11
2514,16,1448,50,1792,41,390,11
2514,16,1448,50,1792,41,457,11
2514,16,1448,50,1792,41,463,11
2514,16,1448,50,1792,41,620,11
2514,16,1448,50,1792,41,700,11
2514,16,1448,50,1792,41,742,11
2514,16,1448,50,1792,41,758,11
2514,16,1448,50,1792,41,879,11
2514,16,1448,50,1792,41,927,11
2514,16,1448,50,1792,41,979,11
2514,16,1448,50,1792,41,1003,11
2514,16,1448,50,1792,41,1044,11
2514,16,1448,50,1792,41,1068,11
2514,16,1448,50,1792,41,1153,11
2514,16,1448,50,1792,41,1186,11
2514,16,1448,50,1792,41,1194,11
2514,16,1448,50,1792,41,1259,11
2514,16,1448,50,1792,41,1260,11
2514,16,1448,50,1792,41,1312,11
2514,16,1448,50,1792,41,1388,11
2514,16,1448,50,1792,41,1391,11
2514,16,1448,50,1792,41,1422,11
2514,16,1448,50,1792,41,1556,11
2514,16,1448,50,1792,41,1568,11
2514,16,1448,50,1792,41,1599,11
2514,16,1448,50,1792,41,1747,11
2514,16,1448,50,1792,41,1773,11
2514,16,1448,50,1792,41,1799,11
2514,16,1448,50,1792,41,1818,11
2514,16,1448,50,1792,41,1873,11
2514,16,1448,50,1792,41,1940,11
2514,16,1448,50,1792,41,1956,11
2514,16,1448,50,1792,41,1997,11
2514,16,1448,50,1792,41,2068,11
2514,16,1448,50,1792,41,2079,11
2514,16,1448,50,1792,41,2123,11
2514,16,1448,50,1792,41,2196,11
2514,16,1448,50,1792,41,2206,11
2514,16,1448,50,1792,41,2216,11
2514,16,1448,50,1792,41,2244,11
2514,16,1448,50,1792,41,2259,11
2514,16,1448,50,1792,41,2261,11
2514,16,1448,50,1792,41,2289,11
2514,16,1448,50,1792,41,2359,11
2514,16,1448,50,1792,41,2370,11
2514,16,1448,50,1792,41,2405,11
2514,16,1448,50,1852,23,45,11
2514,16,1448,50,1852,23,338,11
2514,16,1448,50,1852,23,390,11
2514,16,1448,50,1852,23,620,11
2514,16,1448,50,1852,23,742,11
2514,16,1448,50,1852,23,758,11
2514,16,1448,50,1852,23,979,11
2514,16,1448,50,1852,23,1044,11
2514,16,1448,50,1852,23,1186,11
2514,16,1448,50,1852,23,1259,11
2514,16,1448,50,1852,23,1312,11
2514,16,1448,50,1852,23,1773,11
2514,16,1448,50,1852,23,1799,11
2514,16,1448,50,1852,23,1956,11
2514,16,1448,50,1852,23,1997,11
2514,16,1448,50,1852,23,2206,11
2514,16,1448,50,1852,23,2244,11
2514,16,1448,50,1852,23,2261,11
2514,16,1448,50,1852,23,2289,11
2514,16,1448,50,1852,23,2359,11
