2514,16,5,27,328,24,45,11
2514,16,5,27,328,24,159,11
2514,16,5,27,328,24,272,11
2514,16,5,27,328,24,338,11
2514,16,5,27,328,24,390,11
2514,16,5,27,328,24,463,11
2514,16,5,27,328,24,620,11
2514,16,5,27,328,24,742,11
2514,16,5,27,328,24,758,11
2514,16,5,27,328,24,879,11
2514,16,5,27,328,24,979,11
2514,16,5,27,328,24,1044,11
2514,16,5,27,328,24,1068,11
2514,16,5,27,328,24,1186,11
2514,16,5,27,328,24,1259,11
2514,16,5,27,328,24,1260,11
2514,16,5,27,328,24,1312,11
2514,16,5,27,328,24,1388,11
2514,16,5,27,328,24,1391,11
2514,16,5,27,328,24,1422,11
2514,16,5,27,328,24,1556,11
2514,16,5,27,328,24,1747,11
2514,16,5,27,328,24,1773,11
2514,16,5,27,328,24,1799,11
2514,16,5,27,328,24,1873,11
2514,16,5,27,328,24,1956,11
2514,16,5,27,328,24,1997,11
2514,16,5,27,328,24,2068,11
2514,16,5,27,328,24,2079,11
2514,16,5,27,328,24,2123,11
2514,16,5,27,328,24,2196,11
2514,16,5,27,328,24,2206,11
2514,16,5,27,328,24,2216,11
2514,16,5,27,328,24,2244,11
2514,16,5,27,328,24,2259,11
2514,16,5,27,328,24,2261,11
2514,16,5,27,328,24,2289,11
2514,16,5,27,328,24,2359,11
2514,16,5,27,328,24,2370,11
2514,16,5,27,328,24,2405,11
2514,16,5,27,615,39,45,11
2514,16,5,27,615,39,159,11
2514,16,5,27,615,39,272,11
2514,16,5,27,615,39,338,11
2514,16,5,27,615,39,390,11
2514,16,5,27,615,39,457,11
2514,16,5,27,615,39,463,11
2514,16,5,27,615,39,620,11
2514,16,5,27,615,39,700,11
2514,16,5,27,615,39,742,11
2514,16,5,27,615,39,758,11
2514,16,5,27,615,39,879,11
2514,16,5,27,615,39,927,11
2514,16,5,27,615,39,979,11
2514,16,5,27,615,39,1003,11
2514,16,5,27,615,39,1044,11
2514,16,5,27,615,39,1068,11
2514,16,5,27,615,39,1153,11
2514,16,5,27,615,39,1186,11
2514,16,5,27,615,39,1194,11
2514,16,5,27,615,39,1259,11
2514,16,5,27,615,39,1260,11
2514,16,5,27,615,39,1312,11
2514,16,5,27,615,39,1388,11
2514,16,5,27,615,39,1391,11
2514,16,5,27,615,39,1422,11
2514,16,5,27,615,39,1556,11
2514,16,5,27,615,39,1568,11
2514,16,5,27,615,39,1599,11
2514,16,5,27,615,39,1747,11
2514,16,5,27,615,39,1773,11
2514,16,5,27,615,39,1799,11
2514,16,5,27,615,39,1818,11
2514,16,5,27,615,39,1873,11
2514,16,5,27,615,39,1940,11
2514,16,5,27,615,39,1956,11
2514,16,5,27,615,39,1997,11
2514,16,5,27,615,39,2068,11
2514,16,5,27,615,39,2079,11
2514,16,5,27,615,39,2123,11
2514,16,5,27,615,39,2196,11
2514,16,5,27,615,39,2206,11
2514,16,5,27,615,39,2216,11
2514,16,5,27,615,39,2244,11
2514,16,5,27,615,39,2259,11
2514,16,5,27,615,39,2261,11
2514,16,5,27,615,39,2289,11
2514,16,5,27,615,39,2359,11
2514,16,5,27,615,39,2370,11
2514,16,5,27,615,39,2405,11
2514,16,5,27,635,31,45,11
2514,16,5,27,635,31,159,11
2514,16,5,27,635,31,272,11
2514,16,5,27,635,31,338,11
2514,16,5,27,635,31,390,11
2514,16,5,27,635,31,457,11
2514,16,5,27,635,31,463,11
2514,16,5,27,635,31,620,11
2514,16,5,27,635,31,700,11
2514,16,5,27,635,31,742,11
2514,16,5,27,635,31,758,11
2514,16,5,27,635,31,879,11
2514,16,5,27,635,31,927,11
2514,16,5,27,635,31,979,11
2514,16,5,27,635,31,1003,11
2514,16,5,27,635,31,1044,11
2514,16,5,27,635,31,1068,11
2514,16,5,27,635,31,1153,11
2514,16,5,27,635,31,1186,11
2514,16,5,27,635,31,1194,11
2514,16,5,27,635,31,1259,11
2514,16,5,27,635,31,1260,11
2514,16,5,27,635,31,1312,11
2514,16,5,27,635,31,1388,11
2514,16,5,27,635,31,1391,11
2514,16,5,27,635,31,1422,11
2514,16,5,27,635,31,1556,11
2514,16,5,27,635,31,1568,11
2514,16,5,27,635,31,1599,11
2514,16,5,27,635,31,1747,11
2514,16,5,27,635,31,1773,11
2514,16,5,27,635,31,1799,11
2514,16,5,27,635,31,1818,11
2514,16,5,27,635,31,1873,11
2514,16,5,27,635,31,1940,11
2514,16,5,27,635,31,1956,11
2514,16,5,27,635,31,1997,11
2514,16,5,27,635,31,2068,11
2514,16,5,27,635,31,2079,11
2514,16,5,27,635,31,2123,11
2514,16,5,27,635,31,2196,11
2514,16,5,27,635,31,2206,11
2514,16,5,27,635,31,2216,11
2514,16,5,27,635,31,2244,11
2514,16,5,27,635,31,2259,11
2514,16,5,27,635,31,2261,11
2514,16,5,27,635,31,2289,11
2514,16,5,27,635,31,2359,11
2514,16,5,27,635,31,2370,11
2514,16,5,27,635,31,2405,11
2514,16,5,27,817,45,45,11
2514,16,5,27,817,45,159,11
2514,16,5,27,817,45,272,11
2514,16,5,27,817,45,338,11
2514,16,5,27,817,45,390,11
2514,16,5,27,817,45,457,11
2514,16,5,27,817,45,463,11
2514,16,5,27,817,45,620,11
2514,16,5,27,817,45,700,11
2514,16,5,27,817,45,742,11
2514,16,5,27,817,45,758,11
2514,16,5,27,817,45,879,11
2514,16,5,27,817,45,927,11
2514,16,5,27,817,45,979,11
2514,16,5,27,817,45,1003,11
2514,16,5,27,817,45,1044,11
2514,16,5,27,817,45,1068,11
2514,16,5,27,817,45,1153,11
2514,16,5,27,817,45,1186,11
2514,16,5,27,817,45,1194,11
2514,16,5,27,817,45,1259,11
2514,16,5,27,817,45,1260,11
2514,16,5,27,817,45,1312,11
2514,16,5,27,817,45,1388,11
2514,16,5,27,817,45,1391,11
2514,16,5,27,817,45,1422,11
2514,16,5,27,817,45,1556,11
2514,16,5,27,817,45,1568,11
2514,16,5,27,817,45,1599,11
2514,16,5,27,817,45,1747,11
2514,16,5,27,817,45,1773,11
2514,16,5,27,817,45,1799,11
2514,16,5,27,817,45,1818,11
2514,16,5,27,817,45,1873,11
2514,16,5,27,817,45,1940,11
2514,16,5,27,817,45,1956,11
2514,16,5,27,817,45,1997,11
2514,16,5,27,817,45,2068,11
2514,16,5,27,817,45,2079,11
2514,16,5,27,817,45,2123,11
2514,16,5,27,817,45,2196,11
2514,16,5,27,817,45,2206,11
2514,16,5,27,817,45,2216,11
2514,16,5,27,817,45,2244,11
2514,16,5,27,817,45,2259,11
2514,16,5,27,817,45,2261,11
2514,16,5,27,817,45,2289,11
2514,16,5,27,817,45,2359,11
2514,16,5,27,817,45,2370,11
2514,16,5,27,817,45,2405,11
2514,16,5,27,849,48,45,11
2514,16,5,27,849,48,159,11
2514,16,5,27,849,48,272,11
2514,16,5,27,849,48,338,11
2514,16,5,27,849,48,390,11
2514,16,5,27,849,48,457,11
2514,16,5,27,849,48,463,11
2514,16,5,27,849,48,620,11
2514,16,5,27,849,48,700,11
2514,16,5,27,849,48,742,11
2514,16,5,27,849,48,758,11
2514,16,5,27,849,48,879,11
2514,16,5,27,849,48,927,11
2514,16,5,27,849,48,979,11
2514,16,5,27,849,48,1003,11
2514,16,5,27,849,48,1044,11
2514,16,5,27,849,48,1068,11
2514,16,5,27,849,48,1153,11
2514,16,5,27,849,48,1186,11
2514,16,5,27,849,48,1194,11
2514,16,5,27,849,48,1259,11
2514,16,5,27,849,48,1260,11
2514,16,5,27,849,48,1312,11
2514,16,5,27,849,48,1388,11
2514,16,5,27,849,48,1391,11
2514,16,5,27,849,48,1422,11
2514,16,5,27,849,48,1556,11
2514,16,5,27,849,48,1568,11
2514,16,5,27,849,48,1599,11
2514,16,5,27,849,48,1747,11
2514,16,5,27,849,48,1773,11
2514,16,5,27,849,48,1799,11
2514,16,5,27,849,48,1818,11
2514,16,5,27,849,48,1873,11
2514,16,5,27,849,48,1940,11
2514,16,5,27,849,48,1956,11
2514,16,5,27,849,48,1997,11
2514,16,5,27,849,48,2068,11
2514,16,5,27,849,48,2079,11
2514,16,5,27,849,48,2123,11
2514,16,5,27,849,48,2196,11
2514,16,5,27,849,48,2206,11
2514,16,5,27,849,48,2216,11
2514,16,5,27,849,48,2244,11
2514,16,5,27,849,48,2259,11
2514,16,5,27,849,48,2261,11
2514,16,5,27,849,48,2289,11
2514,16,5,27,849,48,2359,11
2514,16,5,27,849,48,2370,11
2514,16,5,27,849,48,2405,11
2514,16,5,27,1130,25,45,11
2514,16,5,27,1130,25,159,11
2514,16,5,27,1130,25,272,11
2514,16,5,27,1130,25,338,11
2514,16,5,27,1130,25,390,11
2514,16,5,27,1130,25,457,11
2514,16,5,27,1130,25,463,11
2514,16,5,27,1130,25,620,11
2514,16,5,27,1130,25,700,11
2514,16,5,27,1130,25,742,11
2514,16,5,27,1130,25,758,11
2514,16,5,27,1130,25,879,11
2514,16,5,27,1130,25,927,11
2514,16,5,27,1130,25,979,11
2514,16,5,27,1130,25,1003,11
2514,16,5,27,1130,25,1044,11
2514,16,5,27,1130,25,1068,11
2514,16,5,27,1130,25,1153,11
2514,16,5,27,1130,25,1186,11
2514,16,5,27,1130,25,1194,11
2514,16,5,27,1130,25,1259,11
2514,16,5,27,1130,25,1260,11
2514,16,5,27,1130,25,1312,11
2514,16,5,27,1130,25,1388,11
2514,16,5,27,1130,25,1391,11
2514,16,5,27,1130,25,1422,11
2514,16,5,27,1130,25,1556,11
2514,16,5,27,1130,25,1568,11
2514,16,5,27,1130,25,1599,11
2514,16,5,27,1130,25,1747,11
2514,16,5,27,1130,25,1773,11
2514,16,5,27,1130,25,1799,11
2514,16,5,27,1130,25,1818,11
2514,16,5,27,1130,25,1873,11
2514,16,5,27,1130,25,1940,11
2514,16,5,27,1130,25,1956,11
2514,16,5,27,1130,25,1997,11
2514,16,5,27,1130,25,2068,11
2514,16,5,27,1130,25,2079,11
2514,16,5,27,1130,25,2123,11
2514,16,5,27,1130,25,2196,11
2514,16,5,27,1130,25,2206,11
2514,16,5,27,1130,25,2216,11
2514,16,5,27,1130,25,2244,11
2514,16,5,27,1130,25,2259,11
2514,16,5,27,1130,25,2261,11
2514,16,5,27,1130,25,2289,11
2514,16,5,27,1130,25,2359,11
2514,16,5,27,1130,25,2370,11
2514,16,5,27,1130,25,2405,11
2514,16,5,27,1645,29,45,11
2514,16,5,27,1645,29,159,11
2514,16,5,27,1645,29,272,11
2514,16,5,27,1645,29,338,11
2514,16,5,27,1645,29,390,11
2514,16,5,27,1645,29,457,11
2514,16,5,27,1645,29,463,11
2514,16,5,27,1645,29,620,11
2514,16,5,27,1645,29,700,11
2514,16,5,27,1645,29,742,11
2514,16,5,27,1645,29,758,11
2514,16,5,27,1645,29,879,11
2514,16,5,27,1645,29,927,11
2514,16,5,27,1645,29,979,11
2514,16,5,27,1645,29,1003,11
2514,16,5,27,1645,29,1044,11
2514,16,5,27,1645,29,1068,11
2514,16,5,27,1645,29,1153,11
2514,16,5,27,1645,29,1186,11
2514,16,5,27,1645,29,1194,11
2514,16,5,27,1645,29,1259,11
2514,16,5,27,1645,29,1260,11
2514,16,5,27,1645,29,1312,11
2514,16,5,27,1645,29,1388,11
2514,16,5,27,1645,29,1391,11
2514,16,5,27,1645,29,1422,11
2514,16,5,27,1645,29,1556,11
2514,16,5,27,1645,29,1568,11
2514,16,5,27,1645,29,1599,11
2514,16,5,27,1645,29,1747,11
2514,16,5,27,1645,29,1773,11
2514,16,5,27,1645,29,1799,11
2514,16,5,27,1645,29,1818,11
2514,16,5,27,1645,29,1873,11
2514,16,5,27,1645,29,1940,11
2514,16,5,27,1645,29,1956,11
2514,16,5,27,1645,29,1997,11
2514,16,5,27,1645,29,2068,11
2514,16,5,27,1645,29,2079,11
2514,16,5,27,1645,29,2123,11
2514,16,5,27,1645,29,2196,11
2514,16,5,27,1645,29,2206,11
2514,16,5,27,1645,29,2216,11
2514,16,5,27,1645,29,2244,11
2514,16,5,27,1645,29,2259,11
2514,16,5,27,1645,29,2261,11
2514,16,5,27,1645,29,2289,11
2514,16,5,27,1645,29,2359,11
2514,16,5,27,1645,29,2370,11
2514,16,5,27,1645,29,2405,11
2514,16,5,27,1698,41,45,11
2514,16,5,27,1698,41,159,11
2514,16,5,27,1698,41,272,11
2514,16,5,27,1698,41,338,11
2514,16,5,27,1698,41,390,11
2514,16,5,27,1698,41,457,11
2514,16,5,27,1698,41,463,11
2514,16,5,27,1698,41,620,11
2514,16,5,27,1698,41,700,11
2514,16,5,27,1698,41,742,11
2514,16,5,27,1698,41,758,11
2514,16,5,27,1698,41,879,11
2514,16,5,27,1698,41,927,11
2514,16,5,27,1698,41,979,11
2514,16,5,27,1698,41,1003,11
2514,16,5,27,1698,41,1044,11
2514,16,5,27,1698,41,1068,11
2514,16,5,27,1698,41,1153,11
2514,16,5,27,1698,41,1186,11
2514,16,5,27,1698,41,1194,11
2514,16,5,27,1698,41,1259,11
2514,16,5,27,1698,41,1260,11
2514,16,5,27,1698,41,1312,11
2514,16,5,27,1698,41,1388,11
2514,16,5,27,1698,41,1391,11
2514,16,5,27,1698,41,1422,11
2514,16,5,27,1698,41,1556,11
2514,16,5,27,1698,41,1568,11
2514,16,5,27,1698,41,1599,11
2514,16,5,27,1698,41,1747,11
2514,16,5,27,1698,41,1773,11
2514,16,5,27,1698,41,1799,11
2514,16,5,27,1698,41,1818,11
2514,16,5,27,1698,41,1873,11
2514,16,5,27,1698,41,1940,11
2514,16,5,27,1698,41,1956,11
2514,16,5,27,1698,41,1997,11
2514,16,5,27,1698,41,2068,11
2514,16,5,27,1698,41,2079,11
2514,16,5,27,1698,41,2123,11
2514,16,5,27,1698,41,2196,11
2514,16,5,27,1698,41,2206,11
2514,16,5,27,1698,41,2216,11
2514,16,5,27,1698,41,2244,11
2514,16,5,27,1698,41,2259,11
2514,16,5,27,1698,41,2261,11
2514,16,5,27,1698,41,2289,11
2514,16,5,27,1698,41,2359,11
2514,16,5,27,1698,41,2370,11
2514,16,5,27,1698,41,2405,11
2514,16,5,27,1718,28,45,11
2514,16,5,27,1718,28,159,11
2514,16,5,27,1718,28,272,11
2514,16,5,27,1718,28,338,11
2514,16,5,27,1718,28,390,11
2514,16,5,27,1718,28,457,11
2514,16,5,27,1718,28,463,11
2514,16,5,27,1718,28,620,11
2514,16,5,27,1718,28,700,11
2514,16,5,27,1718,28,742,11
2514,16,5,27,1718,28,758,11
2514,16,5,27,1718,28,879,11
2514,16,5,27,1718,28,927,11
2514,16,5,27,1718,28,979,11
2514,16,5,27,1718,28,1003,11
2514,16,5,27,1718,28,1044,11
2514,16,5,27,1718,28,1068,11
2514,16,5,27,1718,28,1153,11
2514,16,5,27,1718,28,1186,11
2514,16,5,27,1718,28,1194,11
2514,16,5,27,1718,28,1259,11
2514,16,5,27,1718,28,1260,11
2514,16,5,27,1718,28,1312,11
2514,16,5,27,1718,28,1388,11
2514,16,5,27,1718,28,1391,11
2514,16,5,27,1718,28,1422,11
2514,16,5,27,1718,28,1556,11
2514,16,5,27,1718,28,1568,11
2514,16,5,27,1718,28,1599,11
2514,16,5,27,1718,28,1747,11
2514,16,5,27,1718,28,1773,11
2514,16,5,27,1718,28,1799,11
2514,16,5,27,1718,28,1818,11
2514,16,5,27,1718,28,1873,11
2514,16,5,27,1718,28,1940,11
2514,16,5,27,1718,28,1956,11
2514,16,5,27,1718,28,1997,11
2514,16,5,27,1718,28,2068,11
2514,16,5,27,1718,28,2079,11
2514,16,5,27,1718,28,2123,11
2514,16,5,27,1718,28,2196,11
2514,16,5,27,1718,28,2206,11
2514,16,5,27,1718,28,2216,11
2514,16,5,27,1718,28,2244,11
2514,16,5,27,1718,28,2259,11
2514,16,5,27,1718,28,2261,11
2514,16,5,27,1718,28,2289,11
2514,16,5,27,1718,28,2359,11
2514,16,5,27,1718,28,2370,11
2514,16,5,27,1718,28,2405,11
2514,16,5,27,1804,42,45,11
2514,16,5,27,1804,42,159,11
2514,16,5,27,1804,42,272,11
2514,16,5,27,1804,42,338,11
2514,16,5,27,1804,42,390,11
2514,16,5,27,1804,42,457,11
2514,16,5,27,1804,42,463,11
2514,16,5,27,1804,42,620,11
2514,16,5,27,1804,42,700,11
2514,16,5,27,1804,42,742,11
2514,16,5,27,1804,42,758,11
2514,16,5,27,1804,42,879,11
2514,16,5,27,1804,42,927,11
2514,16,5,27,1804,42,979,11
2514,16,5,27,1804,42,1003,11
2514,16,5,27,1804,42,1044,11
2514,16,5,27,1804,42,1068,11
2514,16,5,27,1804,42,1153,11
2514,16,5,27,1804,42,1186,11
2514,16,5,27,1804,42,1194,11
2514,16,5,27,1804,42,1259,11
2514,16,5,27,1804,42,1260,11
2514,16,5,27,1804,42,1312,11
2514,16,5,27,1804,42,1388,11
2514,16,5,27,1804,42,1391,11
2514,16,5,27,1804,42,1422,11
2514,16,5,27,1804,42,1556,11
2514,16,5,27,1804,42,1568,11
2514,16,5,27,1804,42,1599,11
2514,16,5,27,1804,42,1747,11
2514,16,5,27,1804,42,1773,11
2514,16,5,27,1804,42,1799,11
2514,16,5,27,1804,42,1818,11
2514,16,5,27,1804,42,1873,11
2514,16,5,27,1804,42,1940,11
2514,16,5,27,1804,42,1956,11
2514,16,5,27,1804,42,1997,11
2514,16,5,27,1804,42,2068,11
2514,16,5,27,1804,42,2079,11
2514,16,5,27,1804,42,2123,11
2514,16,5,27,1804,42,2196,11
2514,16,5,27,1804,42,2206,11
2514,16,5,27,1804,42,2216,11
2514,16,5,27,1804,42,2244,11
2514,16,5,27,1804,42,2259,11
2514,16,5,27,1804,42,2261,11
2514,16,5,27,1804,42,2289,11
2514,16,5,27,1804,42,2359,11
2514,16,5,27,1804,42,2370,11
2514,16,5,27,1804,42,2405,11
2514,16,5,27,1816,37,45,11
2514,16,5,27,1816,37,159,11
2514,16,5,27,1816,37,272,11
2514,16,5,27,1816,37,338,11
2514,16,5,27,1816,37,390,11
2514,16,5,27,1816,37,457,11
2514,16,5,27,1816,37,463,11
2514,16,5,27,1816,37,620,11
2514,16,5,27,1816,37,700,11
2514,16,5,27,1816,37,742,11
2514,16,5,27,1816,37,758,11
2514,16,5,27,1816,37,879,11
2514,16,5,27,1816,37,927,11
2514,16,5,27,1816,37,979,11
2514,16,5,27,1816,37,1003,11
2514,16,5,27,1816,37,1044,11
2514,16,5,27,1816,37,1068,11
2514,16,5,27,1816,37,1153,11
2514,16,5,27,1816,37,1186,11
2514,16,5,27,1816,37,1194,11
2514,16,5,27,1816,37,1259,11
2514,16,5,27,1816,37,1260,11
2514,16,5,27,1816,37,1312,11
2514,16,5,27,1816,37,1388,11
2514,16,5,27,1816,37,1391,11
2514,16,5,27,1816,37,1422,11
2514,16,5,27,1816,37,1556,11
2514,16,5,27,1816,37,1568,11
2514,16,5,27,1816,37,1599,11
2514,16,5,27,1816,37,1747,11
2514,16,5,27,1816,37,1773,11
2514,16,5,27,1816,37,1799,11
2514,16,5,27,1816,37,1818,11
2514,16,5,27,1816,37,1873,11
2514,16,5,27,1816,37,1940,11
2514,16,5,27,1816,37,1956,11
2514,16,5,27,1816,37,1997,11
2514,16,5,27,1816,37,2068,11
2514,16,5,27,1816,37,2079,11
2514,16,5,27,1816,37,2123,11
2514,16,5,27,1816,37,2196,11
2514,16,5,27,1816,37,2206,11
2514,16,5,27,1816,37,2216,11
2514,16,5,27,1816,37,2244,11
2514,16,5,27,1816,37,2259,11
2514,16,5,27,1816,37,2261,11
2514,16,5,27,1816,37,2289,11
2514,16,5,27,1816,37,2359,11
2514,16,5,27,1816,37,2370,11
2514,16,5,27,1816,37,2405,11
2514,16,5,27,1818,11,45,11
2514,16,5,27,1818,11,159,11
2514,16,5,27,1818,11,272,11
2514,16,5,27,1818,11,338,11
2514,16,5,27,1818,11,390,11
2514,16,5,27,1818,11,457,11
2514,16,5,27,1818,11,463,11
2514,16,5,27,1818,11,620,11
2514,16,5,27,1818,11,700,11
2514,16,5,27,1818,11,742,11
2514,16,5,27,1818,11,758,11
2514,16,5,27,1818,11,879,11
2514,16,5,27,1818,11,927,11
2514,16,5,27,1818,11,979,11
2514,16,5,27,1818,11,1003,11
2514,16,5,27,1818,11,1044,11
2514,16,5,27,1818,11,1068,11
2514,16,5,27,1818,11,1153,11
2514,16,5,27,1818,11,1186,11
2514,16,5,27,1818,11,1194,11
2514,16,5,27,1818,11,1259,11
2514,16,5,27,1818,11,1260,11
2514,16,5,27,1818,11,1312,11
2514,16,5,27,1818,11,1388,11
2514,16,5,27,1818,11,1391,11
2514,16,5,27,1818,11,1422,11
2514,16,5,27,1818,11,1556,11
2514,16,5,27,1818,11,1568,11
2514,16,5,27,1818,11,1599,11
2514,16,5,27,1818,11,1747,11
2514,16,5,27,1818,11,1773,11
2514,16,5,27,1818,11,1799,11
2514,16,5,27,1818,11,1818,11
2514,16,5,27,1818,11,1873,11
2514,16,5,27,1818,11,1940,11
2514,16,5,27,1818,11,1956,11
2514,16,5,27,1818,11,1997,11
2514,16,5,27,1818,11,2068,11
2514,16,5,27,1818,11,2079,11
2514,16,5,27,1818,11,2123,11
2514,16,5,27,1818,11,2196,11
2514,16,5,27,1818,11,2206,11
2514,16,5,27,1818,11,2216,11
2514,16,5,27,1818,11,2244,11
2514,16,5,27,1818,11,2259,11
2514,16,5,27,1818,11,2261,11
2514,16,5,27,1818,11,2289,11
2514,16,5,27,1818,11,2359,11
2514,16,5,27,1818,11,2370,11
2514,16,5,27,1818,11,2405,11
2514,16,5,27,1865,31,45,11
2514,16,5,27,1865,31,159,11
2514,16,5,27,1865,31,272,11
2514,16,5,27,1865,31,338,11
2514,16,5,27,1865,31,390,11
2514,16,5,27,1865,31,457,11
2514,16,5,27,1865,31,463,11
2514,16,5,27,1865,31,620,11
2514,16,5,27,1865,31,700,11
2514,16,5,27,1865,31,742,11
2514,16,5,27,1865,31,758,11
2514,16,5,27,1865,31,879,11
2514,16,5,27,1865,31,927,11
2514,16,5,27,1865,31,979,11
2514,16,5,27,1865,31,1003,11
2514,16,5,27,1865,31,1044,11
2514,16,5,27,1865,31,1068,11
2514,16,5,27,1865,31,1153,11
2514,16,5,27,1865,31,1186,11
2514,16,5,27,1865,31,1194,11
2514,16,5,27,1865,31,1259,11
2514,16,5,27,1865,31,1260,11
2514,16,5,27,1865,31,1312,11
2514,16,5,27,1865,31,1388,11
2514,16,5,27,1865,31,1391,11
2514,16,5,27,1865,31,1422,11
2514,16,5,27,1865,31,1556,11
2514,16,5,27,1865,31,1568,11
2514,16,5,27,1865,31,1599,11
2514,16,5,27,1865,31,1747,11
2514,16,5,27,1865,31,1773,11
2514,16,5,27,1865,31,1799,11
2514,16,5,27,1865,31,1818,11
2514,16,5,27,1865,31,1873,11
2514,16,5,27,1865,31,1940,11
2514,16,5,27,1865,31,1956,11
2514,16,5,27,1865,31,1997,11
2514,16,5,27,1865,31,2068,11
2514,16,5,27,1865,31,2079,11
2514,16,5,27,1865,31,2123,11
2514,16,5,27,1865,31,2196,11
2514,16,5,27,1865,31,2206,11
2514,16,5,27,1865,31,2216,11
2514,16,5,27,1865,31,2244,11
2514,16,5,27,1865,31,2259,11
2514,16,5,27,1865,31,2261,11
2514,16,5,27,1865,31,2289,11
2514,16,5,27,1865,31,2359,11
2514,16,5,27,1865,31,2370,11
2514,16,5,27,1865,31,2405,11
