2514,16,1985,39,148,17,45,11
2514,16,1985,39,148,17,159,11
2514,16,1985,39,148,17,272,11
2514,16,1985,39,148,17,338,11
2514,16,1985,39,148,17,390,11
2514,16,1985,39,148,17,457,11
2514,16,1985,39,148,17,463,11
2514,16,1985,39,148,17,620,11
2514,16,1985,39,148,17,700,11
2514,16,1985,39,148,17,742,11
2514,16,1985,39,148,17,758,11
2514,16,1985,39,148,17,879,11
2514,16,1985,39,148,17,927,11
2514,16,1985,39,148,17,979,11
2514,16,1985,39,148,17,1003,11
2514,16,1985,39,148,17,1044,11
2514,16,1985,39,148,17,1068,11
2514,16,1985,39,148,17,1153,11
2514,16,1985,39,148,17,1186,11
2514,16,1985,39,148,17,1194,11
2514,16,1985,39,148,17,1259,11
2514,16,1985,39,148,17,1260,11
2514,16,1985,39,148,17,1312,11
2514,16,1985,39,148,17,1388,11
2514,16,1985,39,148,17,1391,11
2514,16,1985,39,148,17,1422,11
2514,16,1985,39,148,17,1556,11
2514,16,1985,39,148,17,1568,11
2514,16,1985,39,148,17,1599,11
2514,16,1985,39,148,17,1747,11
2514,16,1985,39,148,17,1773,11
2514,16,1985,39,148,17,1799,11
2514,16,1985,39,148,17,1818,11
2514,16,1985,39,148,17,1873,11
2514,16,1985,39,148,17,1940,11
2514,16,1985,39,148,17,1956,11
2514,16,1985,39,148,17,1997,11
2514,16,1985,39,148,17,2068,11
2514,16,1985,39,148,17,2079,11
2514,16,1985,39,148,17,2123,11
2514,16,1985,39,148,17,2196,11
2514,16,1985,39,148,17,2206,11
2514,16,1985,39,148,17,2216,11
2514,16,1985,39,148,17,2244,11
2514,16,1985,39,148,17,2259,11
2514,16,1985,39,148,17,2261,11
2514,16,1985,39,148,17,2289,11
2514,16,1985,39,148,17,2359,11
2514,16,1985,39,148,17,2370,11
2514,16,1985,39,148,17,2405,11
2514,16,1985,39,156,31,159,11
2514,16,1985,39,156,31,272,11
2514,16,1985,39,156,31,338,11
2514,16,1985,39,156,31,457,11
2514,16,1985,39,156,31,463,11
2514,16,1985,39,156,31,700,11
2514,16,1985,39,156,31,742,11
2514,16,1985,39,156,31,758,11
2514,16,1985,39,156,31,879,11
2514,16,1985,39,156,31,927,11
2514,16,1985,39,156,31,1003,11
2514,16,1985,39,156,31,1044,11
2514,16,1985,39,156,31,1068,11
2514,16,1985,39,156,31,1153,11
2514,16,1985,39,156,31,1186,11
2514,16,1985,39,156,31,1194,11
2514,16,1985,39,156,31,1259,11
2514,16,1985,39,156,31,1260,11
2514,16,1985,39,156,31,1312,11
2514,16,1985,39,156,31,1388,11
2514,16,1985,39,156,31,1391,11
2514,16,1985,39,156,31,1422,11
2514,16,1985,39,156,31,1556,11
2514,16,1985,39,156,31,1568,11
2514,16,1985,39,156,31,1599,11
2514,16,1985,39,156,31,1747,11
2514,16,1985,39,156,31,1773,11
2514,16,1985,39,156,31,1818,11
2514,16,1985,39,156,31,1873,11
2514,16,1985,39,156,31,1940,11
2514,16,1985,39,156,31,1997,11
2514,16,1985,39,156,31,2068,11
2514,16,1985,39,156,31,2079,11
2514,16,1985,39,156,31,2123,11
2514,16,1985,39,156,31,2196,11
2514,16,1985,39,156,31,2216,11
2514,16,1985,39,156,31,2259,11
2514,16,1985,39,156,31,2289,11
2514,16,1985,39,156,31,2370,11
2514,16,1985,39,156,31,2405,11
2514,16,1985,39,186,47,45,11
2514,16,1985,39,186,47,159,11
2514,16,1985,39,186,47,272,11
2514,16,1985,39,186,47,338,11
2514,16,1985,39,186,47,390,11
2514,16,1985,39,186,47,457,11
2514,16,1985,39,186,47,463,11
2514,16,1985,39,186,47,620,11
2514,16,1985,39,186,47,700,11
2514,16,1985,39,186,47,742,11
2514,16,1985,39,186,47,758,11
2514,16,1985,39,186,47,879,11
2514,16,1985,39,186,47,927,11
2514,16,1985,39,186,47,979,11
2514,16,1985,39,186,47,1003,11
2514,16,1985,39,186,47,1044,11
2514,16,1985,39,186,47,1068,11
2514,16,1985,39,186,47,1153,11
2514,16,1985,39,186,47,1186,11
2514,16,1985,39,186,47,1194,11
2514,16,1985,39,186,47,1259,11
2514,16,1985,39,186,47,1260,11
2514,16,1985,39,186,47,1312,11
2514,16,1985,39,186,47,1388,11
2514,16,1985,39,186,47,1391,11
2514,16,1985,39,186,47,1422,11
2514,16,1985,39,186,47,1556,11
2514,16,1985,39,186,47,1568,11
2514,16,1985,39,186,47,1599,11
2514,16,1985,39,186,47,1747,11
2514,16,1985,39,186,47,1773,11
2514,16,1985,39,186,47,1799,11
2514,16,1985,39,186,47,1818,11
2514,16,1985,39,186,47,1873,11
2514,16,1985,39,186,47,1940,11
2514,16,1985,39,186,47,1956,11
2514,16,1985,39,186,47,1997,11
2514,16,1985,39,186,47,2068,11
2514,16,1985,39,186,47,2079,11
2514,16,1985,39,186,47,2123,11
2514,16,1985,39,186,47,2196,11
2514,16,1985,39,186,47,2206,11
2514,16,1985,39,186,47,2216,11
2514,16,1985,39,186,47,2244,11
2514,16,1985,39,186,47,2259,11
2514,16,1985,39,186,47,2261,11
2514,16,1985,39,186,47,2289,11
2514,16,1985,39,186,47,2359,11
2514,16,1985,39,186,47,2370,11
2514,16,1985,39,186,47,2405,11
2514,16,1985,39,193,27,45,11
2514,16,1985,39,193,27,159,11
2514,16,1985,39,193,27,272,11
2514,16,1985,39,193,27,338,11
2514,16,1985,39,193,27,390,11
2514,16,1985,39,193,27,457,11
2514,16,1985,39,193,27,463,11
2514,16,1985,39,193,27,620,11
2514,16,1985,39,193,27,700,11
2514,16,1985,39,193,27,742,11
2514,16,1985,39,193,27,758,11
2514,16,1985,39,193,27,879,11
2514,16,1985,39,193,27,927,11
2514,16,1985,39,193,27,979,11
2514,16,1985,39,193,27,1003,11
2514,16,1985,39,193,27,1044,11
2514,16,1985,39,193,27,1068,11
2514,16,1985,39,193,27,1153,11
2514,16,1985,39,193,27,1186,11
2514,16,1985,39,193,27,1194,11
2514,16,1985,39,193,27,1259,11
2514,16,1985,39,193,27,1260,11
2514,16,1985,39,193,27,1312,11
2514,16,1985,39,193,27,1388,11
2514,16,1985,39,193,27,1391,11
2514,16,1985,39,193,27,1422,11
2514,16,1985,39,193,27,1556,11
2514,16,1985,39,193,27,1568,11
2514,16,1985,39,193,27,1599,11
2514,16,1985,39,193,27,1747,11
2514,16,1985,39,193,27,1773,11
2514,16,1985,39,193,27,1799,11
2514,16,1985,39,193,27,1818,11
2514,16,1985,39,193,27,1873,11
2514,16,1985,39,193,27,1940,11
2514,16,1985,39,193,27,1956,11
2514,16,1985,39,193,27,1997,11
2514,16,1985,39,193,27,2068,11
2514,16,1985,39,193,27,2079,11
2514,16,1985,39,193,27,2123,11
2514,16,1985,39,193,27,2196,11
2514,16,1985,39,193,27,2206,11
2514,16,1985,39,193,27,2216,11
2514,16,1985,39,193,27,2244,11
2514,16,1985,39,193,27,2259,11
2514,16,1985,39,193,27,2261,11
2514,16,1985,39,193,27,2289,11
2514,16,1985,39,193,27,2359,11
2514,16,1985,39,193,27,2370,11
2514,16,1985,39,193,27,2405,11
2514,16,1985,39,295,23,45,11
2514,16,1985,39,295,23,159,11
2514,16,1985,39,295,23,272,11
2514,16,1985,39,295,23,338,11
2514,16,1985,39,295,23,390,11
2514,16,1985,39,295,23,457,11
2514,16,1985,39,295,23,463,11
2514,16,1985,39,295,23,620,11
2514,16,1985,39,295,23,700,11
2514,16,1985,39,295,23,742,11
2514,16,1985,39,295,23,758,11
2514,16,1985,39,295,23,879,11
2514,16,1985,39,295,23,927,11
2514,16,1985,39,295,23,979,11
2514,16,1985,39,295,23,1003,11
2514,16,1985,39,295,23,1044,11
2514,16,1985,39,295,23,1068,11
2514,16,1985,39,295,23,1153,11
2514,16,1985,39,295,23,1186,11
2514,16,1985,39,295,23,1194,11
2514,16,1985,39,295,23,1259,11
2514,16,1985,39,295,23,1260,11
2514,16,1985,39,295,23,1312,11
2514,16,1985,39,295,23,1388,11
2514,16,1985,39,295,23,1391,11
2514,16,1985,39,295,23,1422,11
2514,16,1985,39,295,23,1556,11
2514,16,1985,39,295,23,1568,11
2514,16,1985,39,295,23,1599,11
2514,16,1985,39,295,23,1747,11
2514,16,1985,39,295,23,1773,11
2514,16,1985,39,295,23,1799,11
2514,16,1985,39,295,23,1818,11
2514,16,1985,39,295,23,1873,11
2514,16,1985,39,295,23,1940,11
2514,16,1985,39,295,23,1956,11
2514,16,1985,39,295,23,1997,11
2514,16,1985,39,295,23,2068,11
2514,16,1985,39,295,23,2079,11
2514,16,1985,39,295,23,2123,11
2514,16,1985,39,295,23,2196,11
2514,16,1985,39,295,23,2206,11
2514,16,1985,39,295,23,2216,11
2514,16,1985,39,295,23,2244,11
2514,16,1985,39,295,23,2259,11
2514,16,1985,39,295,23,2261,11
2514,16,1985,39,295,23,2289,11
2514,16,1985,39,295,23,2359,11
2514,16,1985,39,295,23,2370,11
2514,16,1985,39,295,23,2405,11
2514,16,1985,39,356,23,45,11
2514,16,1985,39,356,23,159,11
2514,16,1985,39,356,23,272,11
2514,16,1985,39,356,23,338,11
2514,16,1985,39,356,23,390,11
2514,16,1985,39,356,23,457,11
2514,16,1985,39,356,23,463,11
2514,16,1985,39,356,23,620,11
2514,16,1985,39,356,23,700,11
2514,16,1985,39,356,23,742,11
2514,16,1985,39,356,23,758,11
2514,16,1985,39,356,23,879,11
2514,16,1985,39,356,23,927,11
2514,16,1985,39,356,23,979,11
2514,16,1985,39,356,23,1003,11
2514,16,1985,39,356,23,1044,11
2514,16,1985,39,356,23,1068,11
2514,16,1985,39,356,23,1153,11
2514,16,1985,39,356,23,1186,11
2514,16,1985,39,356,23,1194,11
2514,16,1985,39,356,23,1259,11
2514,16,1985,39,356,23,1260,11
2514,16,1985,39,356,23,1312,11
2514,16,1985,39,356,23,1388,11
2514,16,1985,39,356,23,1391,11
2514,16,1985,39,356,23,1422,11
2514,16,1985,39,356,23,1556,11
2514,16,1985,39,356,23,1568,11
2514,16,1985,39,356,23,1599,11
2514,16,1985,39,356,23,1747,11
2514,16,1985,39,356,23,1773,11
2514,16,1985,39,356,23,1799,11
2514,16,1985,39,356,23,1818,11
2514,16,1985,39,356,23,1873,11
2514,16,1985,39,356,23,1940,11
2514,16,1985,39,356,23,1956,11
2514,16,1985,39,356,23,1997,11
2514,16,1985,39,356,23,2068,11
2514,16,1985,39,356,23,2079,11
2514,16,1985,39,356,23,2123,11
2514,16,1985,39,356,23,2196,11
2514,16,1985,39,356,23,2206,11
2514,16,1985,39,356,23,2216,11
2514,16,1985,39,356,23,2244,11
2514,16,1985,39,356,23,2259,11
2514,16,1985,39,356,23,2261,11
2514,16,1985,39,356,23,2289,11
2514,16,1985,39,356,23,2359,11
2514,16,1985,39,356,23,2370,11
2514,16,1985,39,356,23,2405,11
2514,16,1985,39,748,24,45,11
2514,16,1985,39,748,24,159,11
2514,16,1985,39,748,24,272,11
2514,16,1985,39,748,24,338,11
2514,16,1985,39,748,24,390,11
2514,16,1985,39,748,24,457,11
2514,16,1985,39,748,24,463,11
2514,16,1985,39,748,24,620,11
2514,16,1985,39,748,24,700,11
2514,16,1985,39,748,24,742,11
2514,16,1985,39,748,24,758,11
2514,16,1985,39,748,24,879,11
2514,16,1985,39,748,24,927,11
2514,16,1985,39,748,24,979,11
2514,16,1985,39,748,24,1003,11
2514,16,1985,39,748,24,1044,11
2514,16,1985,39,748,24,1068,11
2514,16,1985,39,748,24,1153,11
2514,16,1985,39,748,24,1186,11
2514,16,1985,39,748,24,1194,11
2514,16,1985,39,748,24,1259,11
2514,16,1985,39,748,24,1260,11
2514,16,1985,39,748,24,1312,11
2514,16,1985,39,748,24,1388,11
2514,16,1985,39,748,24,1391,11
2514,16,1985,39,748,24,1422,11
2514,16,1985,39,748,24,1556,11
2514,16,1985,39,748,24,1568,11
2514,16,1985,39,748,24,1599,11
2514,16,1985,39,748,24,1747,11
2514,16,1985,39,748,24,1773,11
2514,16,1985,39,748,24,1799,11
2514,16,1985,39,748,24,1818,11
2514,16,1985,39,748,24,1873,11
2514,16,1985,39,748,24,1940,11
2514,16,1985,39,748,24,1956,11
2514,16,1985,39,748,24,1997,11
2514,16,1985,39,748,24,2068,11
2514,16,1985,39,748,24,2079,11
2514,16,1985,39,748,24,2123,11
2514,16,1985,39,748,24,2196,11
2514,16,1985,39,748,24,2206,11
2514,16,1985,39,748,24,2216,11
2514,16,1985,39,748,24,2244,11
2514,16,1985,39,748,24,2259,11
2514,16,1985,39,748,24,2261,11
2514,16,1985,39,748,24,2289,11
2514,16,1985,39,748,24,2359,11
2514,16,1985,39,748,24,2370,11
2514,16,1985,39,748,24,2405,11
2514,16,1985,39,808,23,45,11
2514,16,1985,39,808,23,159,11
2514,16,1985,39,808,23,272,11
2514,16,1985,39,808,23,338,11
2514,16,1985,39,808,23,390,11
2514,16,1985,39,808,23,457,11
2514,16,1985,39,808,23,463,11
2514,16,1985,39,808,23,620,11
2514,16,1985,39,808,23,700,11
2514,16,1985,39,808,23,742,11
2514,16,1985,39,808,23,758,11
2514,16,1985,39,808,23,879,11
2514,16,1985,39,808,23,927,11
2514,16,1985,39,808,23,979,11
2514,16,1985,39,808,23,1003,11
2514,16,1985,39,808,23,1044,11
2514,16,1985,39,808,23,1068,11
2514,16,1985,39,808,23,1153,11
2514,16,1985,39,808,23,1186,11
2514,16,1985,39,808,23,1194,11
2514,16,1985,39,808,23,1259,11
2514,16,1985,39,808,23,1260,11
2514,16,1985,39,808,23,1312,11
2514,16,1985,39,808,23,1388,11
2514,16,1985,39,808,23,1391,11
2514,16,1985,39,808,23,1422,11
2514,16,1985,39,808,23,1556,11
2514,16,1985,39,808,23,1568,11
2514,16,1985,39,808,23,1599,11
2514,16,1985,39,808,23,1747,11
2514,16,1985,39,808,23,1773,11
2514,16,1985,39,808,23,1799,11
2514,16,1985,39,808,23,1818,11
2514,16,1985,39,808,23,1873,11
2514,16,1985,39,808,23,1940,11
2514,16,1985,39,808,23,1956,11
2514,16,1985,39,808,23,1997,11
2514,16,1985,39,808,23,2068,11
2514,16,1985,39,808,23,2079,11
2514,16,1985,39,808,23,2123,11
2514,16,1985,39,808,23,2196,11
2514,16,1985,39,808,23,2206,11
2514,16,1985,39,808,23,2216,11
2514,16,1985,39,808,23,2244,11
2514,16,1985,39,808,23,2259,11
2514,16,1985,39,808,23,2261,11
2514,16,1985,39,808,23,2289,11
2514,16,1985,39,808,23,2359,11
2514,16,1985,39,808,23,2370,11
2514,16,1985,39,808,23,2405,11
2514,16,1985,39,916,19,45,11
2514,16,1985,39,916,19,159,11
2514,16,1985,39,916,19,272,11
2514,16,1985,39,916,19,338,11
2514,16,1985,39,916,19,390,11
2514,16,1985,39,916,19,457,11
2514,16,1985,39,916,19,463,11
2514,16,1985,39,916,19,620,11
2514,16,1985,39,916,19,700,11
2514,16,1985,39,916,19,742,11
2514,16,1985,39,916,19,758,11
2514,16,1985,39,916,19,879,11
2514,16,1985,39,916,19,927,11
2514,16,1985,39,916,19,979,11
2514,16,1985,39,916,19,1003,11
2514,16,1985,39,916,19,1044,11
2514,16,1985,39,916,19,1068,11
2514,16,1985,39,916,19,1153,11
2514,16,1985,39,916,19,1186,11
2514,16,1985,39,916,19,1194,11
2514,16,1985,39,916,19,1259,11
2514,16,1985,39,916,19,1260,11
2514,16,1985,39,916,19,1312,11
2514,16,1985,39,916,19,1388,11
2514,16,1985,39,916,19,1391,11
2514,16,1985,39,916,19,1422,11
2514,16,1985,39,916,19,1556,11
2514,16,1985,39,916,19,1568,11
2514,16,1985,39,916,19,1599,11
2514,16,1985,39,916,19,1747,11
2514,16,1985,39,916,19,1773,11
2514,16,1985,39,916,19,1799,11
2514,16,1985,39,916,19,1818,11
2514,16,1985,39,916,19,1873,11
2514,16,1985,39,916,19,1940,11
2514,16,1985,39,916,19,1956,11
2514,16,1985,39,916,19,1997,11
2514,16,1985,39,916,19,2068,11
2514,16,1985,39,916,19,2079,11
2514,16,1985,39,916,19,2123,11
2514,16,1985,39,916,19,2196,11
2514,16,1985,39,916,19,2206,11
2514,16,1985,39,916,19,2216,11
2514,16,1985,39,916,19,2244,11
2514,16,1985,39,916,19,2259,11
2514,16,1985,39,916,19,2261,11
2514,16,1985,39,916,19,2289,11
2514,16,1985,39,916,19,2359,11
2514,16,1985,39,916,19,2370,11
2514,16,1985,39,916,19,2405,11
2514,16,1985,39,1276,25,45,11
2514,16,1985,39,1276,25,159,11
2514,16,1985,39,1276,25,272,11
2514,16,1985,39,1276,25,338,11
2514,16,1985,39,1276,25,390,11
2514,16,1985,39,1276,25,457,11
2514,16,1985,39,1276,25,463,11
2514,16,1985,39,1276,25,620,11
2514,16,1985,39,1276,25,700,11
2514,16,1985,39,1276,25,742,11
2514,16,1985,39,1276,25,758,11
2514,16,1985,39,1276,25,879,11
2514,16,1985,39,1276,25,927,11
2514,16,1985,39,1276,25,979,11
2514,16,1985,39,1276,25,1003,11
2514,16,1985,39,1276,25,1044,11
2514,16,1985,39,1276,25,1068,11
2514,16,1985,39,1276,25,1153,11
2514,16,1985,39,1276,25,1186,11
2514,16,1985,39,1276,25,1194,11
2514,16,1985,39,1276,25,1259,11
2514,16,1985,39,1276,25,1260,11
2514,16,1985,39,1276,25,1312,11
2514,16,1985,39,1276,25,1388,11
2514,16,1985,39,1276,25,1391,11
2514,16,1985,39,1276,25,1422,11
2514,16,1985,39,1276,25,1556,11
2514,16,1985,39,1276,25,1568,11
2514,16,1985,39,1276,25,1599,11
2514,16,1985,39,1276,25,1747,11
2514,16,1985,39,1276,25,1773,11
2514,16,1985,39,1276,25,1799,11
2514,16,1985,39,1276,25,1818,11
2514,16,1985,39,1276,25,1873,11
2514,16,1985,39,1276,25,1940,11
2514,16,1985,39,1276,25,1956,11
2514,16,1985,39,1276,25,1997,11
2514,16,1985,39,1276,25,2068,11
2514,16,1985,39,1276,25,2079,11
2514,16,1985,39,1276,25,2123,11
2514,16,1985,39,1276,25,2196,11
2514,16,1985,39,1276,25,2206,11
2514,16,1985,39,1276,25,2216,11
2514,16,1985,39,1276,25,2244,11
2514,16,1985,39,1276,25,2259,11
2514,16,1985,39,1276,25,2261,11
2514,16,1985,39,1276,25,2289,11
2514,16,1985,39,1276,25,2359,11
2514,16,1985,39,1276,25,2370,11
2514,16,1985,39,1276,25,2405,11
2514,16,1985,39,1317,25,45,11
2514,16,1985,39,1317,25,159,11
2514,16,1985,39,1317,25,272,11
2514,16,1985,39,1317,25,338,11
2514,16,1985,39,1317,25,390,11
2514,16,1985,39,1317,25,457,11
2514,16,1985,39,1317,25,463,11
2514,16,1985,39,1317,25,620,11
2514,16,1985,39,1317,25,700,11
2514,16,1985,39,1317,25,742,11
2514,16,1985,39,1317,25,758,11
2514,16,1985,39,1317,25,879,11
2514,16,1985,39,1317,25,927,11
2514,16,1985,39,1317,25,979,11
2514,16,1985,39,1317,25,1003,11
2514,16,1985,39,1317,25,1044,11
2514,16,1985,39,1317,25,1068,11
2514,16,1985,39,1317,25,1153,11
2514,16,1985,39,1317,25,1186,11
2514,16,1985,39,1317,25,1194,11
2514,16,1985,39,1317,25,1259,11
2514,16,1985,39,1317,25,1260,11
2514,16,1985,39,1317,25,1312,11
2514,16,1985,39,1317,25,1388,11
2514,16,1985,39,1317,25,1391,11
2514,16,1985,39,1317,25,1422,11
2514,16,1985,39,1317,25,1556,11
2514,16,1985,39,1317,25,1568,11
2514,16,1985,39,1317,25,1599,11
2514,16,1985,39,1317,25,1747,11
2514,16,1985,39,1317,25,1773,11
2514,16,1985,39,1317,25,1799,11
2514,16,1985,39,1317,25,1818,11
2514,16,1985,39,1317,25,1873,11
2514,16,1985,39,1317,25,1940,11
2514,16,1985,39,1317,25,1956,11
2514,16,1985,39,1317,25,1997,11
2514,16,1985,39,1317,25,2068,11
2514,16,1985,39,1317,25,2079,11
2514,16,1985,39,1317,25,2123,11
2514,16,1985,39,1317,25,2196,11
2514,16,1985,39,1317,25,2206,11
2514,16,1985,39,1317,25,2216,11
2514,16,1985,39,1317,25,2244,11
2514,16,1985,39,1317,25,2259,11
2514,16,1985,39,1317,25,2261,11
2514,16,1985,39,1317,25,2289,11
2514,16,1985,39,1317,25,2359,11
2514,16,1985,39,1317,25,2370,11
2514,16,1985,39,1317,25,2405,11
2514,16,1985,39,1558,15,45,11
2514,16,1985,39,1558,15,159,11
2514,16,1985,39,1558,15,272,11
2514,16,1985,39,1558,15,338,11
2514,16,1985,39,1558,15,390,11
2514,16,1985,39,1558,15,457,11
2514,16,1985,39,1558,15,463,11
2514,16,1985,39,1558,15,620,11
2514,16,1985,39,1558,15,700,11
2514,16,1985,39,1558,15,742,11
2514,16,1985,39,1558,15,758,11
2514,16,1985,39,1558,15,879,11
2514,16,1985,39,1558,15,927,11
2514,16,1985,39,1558,15,979,11
2514,16,1985,39,1558,15,1003,11
2514,16,1985,39,1558,15,1044,11
2514,16,1985,39,1558,15,1068,11
2514,16,1985,39,1558,15,1153,11
2514,16,1985,39,1558,15,1186,11
2514,16,1985,39,1558,15,1194,11
2514,16,1985,39,1558,15,1259,11
2514,16,1985,39,1558,15,1260,11
2514,16,1985,39,1558,15,1312,11
2514,16,1985,39,1558,15,1388,11
2514,16,1985,39,1558,15,1391,11
2514,16,1985,39,1558,15,1422,11
2514,16,1985,39,1558,15,1556,11
2514,16,1985,39,1558,15,1568,11
2514,16,1985,39,1558,15,1599,11
2514,16,1985,39,1558,15,1747,11
2514,16,1985,39,1558,15,1773,11
2514,16,1985,39,1558,15,1799,11
2514,16,1985,39,1558,15,1818,11
2514,16,1985,39,1558,15,1873,11
2514,16,1985,39,1558,15,1940,11
2514,16,1985,39,1558,15,1956,11
2514,16,1985,39,1558,15,1997,11
2514,16,1985,39,1558,15,2068,11
2514,16,1985,39,1558,15,2079,11
2514,16,1985,39,1558,15,2123,11
2514,16,1985,39,1558,15,2196,11
2514,16,1985,39,1558,15,2206,11
2514,16,1985,39,1558,15,2216,11
2514,16,1985,39,1558,15,2244,11
2514,16,1985,39,1558,15,2259,11
2514,16,1985,39,1558,15,2261,11
2514,16,1985,39,1558,15,2289,11
2514,16,1985,39,1558,15,2359,11
2514,16,1985,39,1558,15,2370,11
2514,16,1985,39,1558,15,2405,11
2514,16,1985,39,1858,34,45,11
2514,16,1985,39,1858,34,159,11
2514,16,1985,39,1858,34,272,11
2514,16,1985,39,1858,34,338,11
2514,16,1985,39,1858,34,390,11
2514,16,1985,39,1858,34,457,11
2514,16,1985,39,1858,34,463,11
2514,16,1985,39,1858,34,620,11
2514,16,1985,39,1858,34,700,11
2514,16,1985,39,1858,34,742,11
2514,16,1985,39,1858,34,758,11
2514,16,1985,39,1858,34,879,11
2514,16,1985,39,1858,34,927,11
2514,16,1985,39,1858,34,979,11
2514,16,1985,39,1858,34,1003,11
2514,16,1985,39,1858,34,1044,11
2514,16,1985,39,1858,34,1068,11
2514,16,1985,39,1858,34,1153,11
2514,16,1985,39,1858,34,1186,11
2514,16,1985,39,1858,34,1194,11
2514,16,1985,39,1858,34,1259,11
2514,16,1985,39,1858,34,1260,11
2514,16,1985,39,1858,34,1312,11
2514,16,1985,39,1858,34,1388,11
2514,16,1985,39,1858,34,1391,11
2514,16,1985,39,1858,34,1422,11
2514,16,1985,39,1858,34,1556,11
2514,16,1985,39,1858,34,1568,11
2514,16,1985,39,1858,34,1599,11
2514,16,1985,39,1858,34,1747,11
2514,16,1985,39,1858,34,1773,11
2514,16,1985,39,1858,34,1799,11
2514,16,1985,39,1858,34,1818,11
2514,16,1985,39,1858,34,1873,11
2514,16,1985,39,1858,34,1940,11
2514,16,1985,39,1858,34,1956,11
2514,16,1985,39,1858,34,1997,11
2514,16,1985,39,1858,34,2068,11
2514,16,1985,39,1858,34,2079,11
2514,16,1985,39,1858,34,2123,11
2514,16,1985,39,1858,34,2196,11
2514,16,1985,39,1858,34,2206,11
2514,16,1985,39,1858,34,2216,11
2514,16,1985,39,1858,34,2244,11
2514,16,1985,39,1858,34,2259,11
2514,16,1985,39,1858,34,2261,11
2514,16,1985,39,1858,34,2289,11
2514,16,1985,39,1858,34,2359,11
2514,16,1985,39,1858,34,2370,11
2514,16,1985,39,1858,34,2405,11
