2514,16,1463,30,318,30,45,11
2514,16,1463,30,318,30,390,11
2514,16,1463,30,318,30,620,11
2514,16,1463,30,318,30,979,11
2514,16,1463,30,318,30,1799,11
2514,16,1463,30,318,30,1956,11
2514,16,1463,30,318,30,2206,11
2514,16,1463,30,318,30,2244,11
2514,16,1463,30,318,30,2261,11
2514,16,1463,30,318,30,2359,11
2514,16,1463,30,351,21,45,11
2514,16,1463,30,351,21,159,11
2514,16,1463,30,351,21,272,11
2514,16,1463,30,351,21,338,11
2514,16,1463,30,351,21,390,11
2514,16,1463,30,351,21,457,11
2514,16,1463,30,351,21,463,11
2514,16,1463,30,351,21,620,11
2514,16,1463,30,351,21,700,11
2514,16,1463,30,351,21,742,11
2514,16,1463,30,351,21,758,11
2514,16,1463,30,351,21,879,11
2514,16,1463,30,351,21,927,11
2514,16,1463,30,351,21,979,11
2514,16,1463,30,351,21,1003,11
2514,16,1463,30,351,21,1044,11
2514,16,1463,30,351,21,1068,11
2514,16,1463,30,351,21,1153,11
2514,16,1463,30,351,21,1186,11
2514,16,1463,30,351,21,1194,11
2514,16,1463,30,351,21,1259,11
2514,16,1463,30,351,21,1260,11
2514,16,1463,30,351,21,1312,11
2514,16,1463,30,351,21,1388,11
2514,16,1463,30,351,21,1391,11
2514,16,1463,30,351,21,1422,11
2514,16,1463,30,351,21,1556,11
2514,16,1463,30,351,21,1568,11
2514,16,1463,30,351,21,1599,11
2514,16,1463,30,351,21,1747,11
2514,16,1463,30,351,21,1773,11
2514,16,1463,30,351,21,1799,11
2514,16,1463,30,351,21,1818,11
2514,16,1463,30,351,21,1873,11
2514,16,1463,30,351,21,1940,11
2514,16,1463,30,351,21,1956,11
2514,16,1463,30,351,21,1997,11
2514,16,1463,30,351,21,2068,11
2514,16,1463,30,351,21,2079,11
2514,16,1463,30,351,21,2123,11
2514,16,1463,30,351,21,2196,11
2514,16,1463,30,351,21,2206,11
2514,16,1463,30,351,21,2216,11
2514,16,1463,30,351,21,2244,11
2514,16,1463,30,351,21,2259,11
2514,16,1463,30,351,21,2261,11
2514,16,1463,30,351,21,2289,11
2514,16,1463,30,351,21,2359,11
2514,16,1463,30,351,21,2370,11
2514,16,1463,30,351,21,2405,11
2514,16,1463,30,550,44,45,11
2514,16,1463,30,550,44,159,11
2514,16,1463,30,550,44,272,11
2514,16,1463,30,550,44,338,11
2514,16,1463,30,550,44,390,11
2514,16,1463,30,550,44,457,11
2514,16,1463,30,550,44,463,11
2514,16,1463,30,550,44,620,11
2514,16,1463,30,550,44,700,11
2514,16,1463,30,550,44,742,11
2514,16,1463,30,550,44,758,11
2514,16,1463,30,550,44,879,11
2514,16,1463,30,550,44,927,11
2514,16,1463,30,550,44,979,11
2514,16,1463,30,550,44,1003,11
2514,16,1463,30,550,44,1044,11
2514,16,1463,30,550,44,1068,11
2514,16,1463,30,550,44,1153,11
2514,16,1463,30,550,44,1186,11
2514,16,1463,30,550,44,1194,11
2514,16,1463,30,550,44,1259,11
2514,16,1463,30,550,44,1260,11
2514,16,1463,30,550,44,1312,11
2514,16,1463,30,550,44,1388,11
2514,16,1463,30,550,44,1391,11
2514,16,1463,30,550,44,1422,11
2514,16,1463,30,550,44,1556,11
2514,16,1463,30,550,44,1568,11
2514,16,1463,30,550,44,1599,11
2514,16,1463,30,550,44,1747,11
2514,16,1463,30,550,44,1773,11
2514,16,1463,30,550,44,1799,11
2514,16,1463,30,550,44,1818,11
2514,16,1463,30,550,44,1873,11
2514,16,1463,30,550,44,1940,11
2514,16,1463,30,550,44,1956,11
2514,16,1463,30,550,44,1997,11
2514,16,1463,30,550,44,2068,11
2514,16,1463,30,550,44,2079,11
2514,16,1463,30,550,44,2123,11
2514,16,1463,30,550,44,2196,11
2514,16,1463,30,550,44,2206,11
2514,16,1463,30,550,44,2216,11
2514,16,1463,30,550,44,2244,11
2514,16,1463,30,550,44,2259,11
2514,16,1463,30,550,44,2261,11
2514,16,1463,30,550,44,2289,11
2514,16,1463,30,550,44,2359,11
2514,16,1463,30,550,44,2370,11
2514,16,1463,30,550,44,2405,11
2514,16,1463,30,589,50,45,11
2514,16,1463,30,589,50,159,11
2514,16,1463,30,589,50,272,11
2514,16,1463,30,589,50,338,11
2514,16,1463,30,589,50,390,11
2514,16,1463,30,589,50,457,11
2514,16,1463,30,589,50,463,11
2514,16,1463,30,589,50,620,11
2514,16,1463,30,589,50,700,11
2514,16,1463,30,589,50,742,11
2514,16,1463,30,589,50,758,11
2514,16,1463,30,589,50,879,11
2514,16,1463,30,589,50,927,11
2514,16,1463,30,589,50,979,11
2514,16,1463,30,589,50,1003,11
2514,16,1463,30,589,50,1044,11
2514,16,1463,30,589,50,1068,11
2514,16,1463,30,589,50,1153,11
2514,16,1463,30,589,50,1186,11
2514,16,1463,30,589,50,1194,11
2514,16,1463,30,589,50,1259,11
2514,16,1463,30,589,50,1260,11
2514,16,1463,30,589,50,1312,11
2514,16,1463,30,589,50,1388,11
2514,16,1463,30,589,50,1391,11
2514,16,1463,30,589,50,1422,11
2514,16,1463,30,589,50,1556,11
2514,16,1463,30,589,50,1568,11
2514,16,1463,30,589,50,1599,11
2514,16,1463,30,589,50,1747,11
2514,16,1463,30,589,50,1773,11
2514,16,1463,30,589,50,1799,11
2514,16,1463,30,589,50,1818,11
2514,16,1463,30,589,50,1873,11
2514,16,1463,30,589,50,1940,11
2514,16,1463,30,589,50,1956,11
2514,16,1463,30,589,50,1997,11
2514,16,1463,30,589,50,2068,11
2514,16,1463,30,589,50,2079,11
2514,16,1463,30,589,50,2123,11
2514,16,1463,30,589,50,2196,11
2514,16,1463,30,589,50,2206,11
2514,16,1463,30,589,50,2216,11
2514,16,1463,30,589,50,2244,11
2514,16,1463,30,589,50,2259,11
2514,16,1463,30,589,50,2261,11
2514,16,1463,30,589,50,2289,11
2514,16,1463,30,589,50,2359,11
2514,16,1463,30,589,50,2370,11
2514,16,1463,30,589,50,2405,11
2514,16,1463,30,603,24,45,11
2514,16,1463,30,603,24,159,11
2514,16,1463,30,603,24,272,11
2514,16,1463,30,603,24,338,11
2514,16,1463,30,603,24,390,11
2514,16,1463,30,603,24,457,11
2514,16,1463,30,603,24,463,11
2514,16,1463,30,603,24,620,11
2514,16,1463,30,603,24,700,11
2514,16,1463,30,603,24,742,11
2514,16,1463,30,603,24,758,11
2514,16,1463,30,603,24,879,11
2514,16,1463,30,603,24,927,11
2514,16,1463,30,603,24,979,11
2514,16,1463,30,603,24,1003,11
2514,16,1463,30,603,24,1044,11
2514,16,1463,30,603,24,1068,11
2514,16,1463,30,603,24,1153,11
2514,16,1463,30,603,24,1186,11
2514,16,1463,30,603,24,1194,11
2514,16,1463,30,603,24,1259,11
2514,16,1463,30,603,24,1260,11
2514,16,1463,30,603,24,1312,11
2514,16,1463,30,603,24,1388,11
2514,16,1463,30,603,24,1391,11
2514,16,1463,30,603,24,1422,11
2514,16,1463,30,603,24,1556,11
2514,16,1463,30,603,24,1568,11
2514,16,1463,30,603,24,1599,11
2514,16,1463,30,603,24,1747,11
2514,16,1463,30,603,24,1773,11
2514,16,1463,30,603,24,1799,11
2514,16,1463,30,603,24,1818,11
2514,16,1463,30,603,24,1873,11
2514,16,1463,30,603,24,1940,11
2514,16,1463,30,603,24,1956,11
2514,16,1463,30,603,24,1997,11
2514,16,1463,30,603,24,2068,11
2514,16,1463,30,603,24,2079,11
2514,16,1463,30,603,24,2123,11
2514,16,1463,30,603,24,2196,11
2514,16,1463,30,603,24,2206,11
2514,16,1463,30,603,24,2216,11
2514,16,1463,30,603,24,2244,11
2514,16,1463,30,603,24,2259,11
2514,16,1463,30,603,24,2261,11
2514,16,1463,30,603,24,2289,11
2514,16,1463,30,603,24,2359,11
2514,16,1463,30,603,24,2370,11
2514,16,1463,30,603,24,2405,11
2514,16,1463,30,799,24,45,11
2514,16,1463,30,799,24,159,11
2514,16,1463,30,799,24,272,11
2514,16,1463,30,799,24,338,11
2514,16,1463,30,799,24,390,11
2514,16,1463,30,799,24,457,11
2514,16,1463,30,799,24,463,11
2514,16,1463,30,799,24,620,11
2514,16,1463,30,799,24,700,11
2514,16,1463,30,799,24,742,11
2514,16,1463,30,799,24,758,11
2514,16,1463,30,799,24,879,11
2514,16,1463,30,799,24,927,11
2514,16,1463,30,799,24,979,11
2514,16,1463,30,799,24,1003,11
2514,16,1463,30,799,24,1044,11
2514,16,1463,30,799,24,1068,11
2514,16,1463,30,799,24,1153,11
2514,16,1463,30,799,24,1186,11
2514,16,1463,30,799,24,1194,11
2514,16,1463,30,799,24,1259,11
2514,16,1463,30,799,24,1260,11
2514,16,1463,30,799,24,1312,11
2514,16,1463,30,799,24,1388,11
2514,16,1463,30,799,24,1391,11
2514,16,1463,30,799,24,1422,11
2514,16,1463,30,799,24,1556,11
2514,16,1463,30,799,24,1568,11
2514,16,1463,30,799,24,1599,11
2514,16,1463,30,799,24,1747,11
2514,16,1463,30,799,24,1773,11
2514,16,1463,30,799,24,1799,11
2514,16,1463,30,799,24,1818,11
2514,16,1463,30,799,24,1873,11
2514,16,1463,30,799,24,1940,11
2514,16,1463,30,799,24,1956,11
2514,16,1463,30,799,24,1997,11
2514,16,1463,30,799,24,2068,11
2514,16,1463,30,799,24,2079,11
2514,16,1463,30,799,24,2123,11
2514,16,1463,30,799,24,2196,11
2514,16,1463,30,799,24,2206,11
2514,16,1463,30,799,24,2216,11
2514,16,1463,30,799,24,2244,11
2514,16,1463,30,799,24,2259,11
2514,16,1463,30,799,24,2261,11
2514,16,1463,30,799,24,2289,11
2514,16,1463,30,799,24,2359,11
2514,16,1463,30,799,24,2370,11
2514,16,1463,30,799,24,2405,11
2514,16,1463,30,956,15,45,11
2514,16,1463,30,956,15,159,11
2514,16,1463,30,956,15,272,11
2514,16,1463,30,956,15,338,11
2514,16,1463,30,956,15,390,11
2514,16,1463,30,956,15,457,11
2514,16,1463,30,956,15,463,11
2514,16,1463,30,956,15,620,11
2514,16,1463,30,956,15,700,11
2514,16,1463,30,956,15,742,11
2514,16,1463,30,956,15,758,11
2514,16,1463,30,956,15,879,11
2514,16,1463,30,956,15,927,11
2514,16,1463,30,956,15,979,11
2514,16,1463,30,956,15,1003,11
2514,16,1463,30,956,15,1044,11
2514,16,1463,30,956,15,1068,11
2514,16,1463,30,956,15,1153,11
2514,16,1463,30,956,15,1186,11
2514,16,1463,30,956,15,1194,11
2514,16,1463,30,956,15,1259,11
2514,16,1463,30,956,15,1260,11
2514,16,1463,30,956,15,1312,11
2514,16,1463,30,956,15,1388,11
2514,16,1463,30,956,15,1391,11
2514,16,1463,30,956,15,1422,11
2514,16,1463,30,956,15,1556,11
2514,16,1463,30,956,15,1568,11
2514,16,1463,30,956,15,1599,11
2514,16,1463,30,956,15,1747,11
2514,16,1463,30,956,15,1773,11
2514,16,1463,30,956,15,1799,11
2514,16,1463,30,956,15,1818,11
2514,16,1463,30,956,15,1873,11
2514,16,1463,30,956,15,1940,11
2514,16,1463,30,956,15,1956,11
2514,16,1463,30,956,15,1997,11
2514,16,1463,30,956,15,2068,11
2514,16,1463,30,956,15,2079,11
2514,16,1463,30,956,15,2123,11
2514,16,1463,30,956,15,2196,11
2514,16,1463,30,956,15,2206,11
2514,16,1463,30,956,15,2216,11
2514,16,1463,30,956,15,2244,11
2514,16,1463,30,956,15,2259,11
2514,16,1463,30,956,15,2261,11
2514,16,1463,30,956,15,2289,11
2514,16,1463,30,956,15,2359,11
2514,16,1463,30,956,15,2370,11
2514,16,1463,30,956,15,2405,11
2514,16,1463,30,962,40,45,11
2514,16,1463,30,962,40,159,11
2514,16,1463,30,962,40,272,11
2514,16,1463,30,962,40,338,11
2514,16,1463,30,962,40,390,11
2514,16,1463,30,962,40,457,11
2514,16,1463,30,962,40,463,11
2514,16,1463,30,962,40,620,11
2514,16,1463,30,962,40,700,11
2514,16,1463,30,962,40,742,11
2514,16,1463,30,962,40,758,11
2514,16,1463,30,962,40,879,11
2514,16,1463,30,962,40,927,11
2514,16,1463,30,962,40,979,11
2514,16,1463,30,962,40,1003,11
2514,16,1463,30,962,40,1044,11
2514,16,1463,30,962,40,1068,11
2514,16,1463,30,962,40,1153,11
2514,16,1463,30,962,40,1186,11
2514,16,1463,30,962,40,1194,11
2514,16,1463,30,962,40,1259,11
2514,16,1463,30,962,40,1260,11
2514,16,1463,30,962,40,1312,11
2514,16,1463,30,962,40,1388,11
2514,16,1463,30,962,40,1391,11
2514,16,1463,30,962,40,1422,11
2514,16,1463,30,962,40,1556,11
2514,16,1463,30,962,40,1568,11
2514,16,1463,30,962,40,1599,11
2514,16,1463,30,962,40,1747,11
2514,16,1463,30,962,40,1773,11
2514,16,1463,30,962,40,1799,11
2514,16,1463,30,962,40,1818,11
2514,16,1463,30,962,40,1873,11
2514,16,1463,30,962,40,1940,11
2514,16,1463,30,962,40,1956,11
2514,16,1463,30,962,40,1997,11
2514,16,1463,30,962,40,2068,11
2514,16,1463,30,962,40,2079,11
2514,16,1463,30,962,40,2123,11
2514,16,1463,30,962,40,2196,11
2514,16,1463,30,962,40,2206,11
2514,16,1463,30,962,40,2216,11
2514,16,1463,30,962,40,2244,11
2514,16,1463,30,962,40,2259,11
2514,16,1463,30,962,40,2261,11
2514,16,1463,30,962,40,2289,11
2514,16,1463,30,962,40,2359,11
2514,16,1463,30,962,40,2370,11
2514,16,1463,30,962,40,2405,11
2514,16,1463,30,967,40,45,11
2514,16,1463,30,967,40,159,11
2514,16,1463,30,967,40,272,11
2514,16,1463,30,967,40,338,11
2514,16,1463,30,967,40,390,11
2514,16,1463,30,967,40,457,11
2514,16,1463,30,967,40,463,11
2514,16,1463,30,967,40,620,11
2514,16,1463,30,967,40,700,11
2514,16,1463,30,967,40,742,11
2514,16,1463,30,967,40,758,11
2514,16,1463,30,967,40,879,11
2514,16,1463,30,967,40,927,11
2514,16,1463,30,967,40,979,11
2514,16,1463,30,967,40,1003,11
2514,16,1463,30,967,40,1044,11
2514,16,1463,30,967,40,1068,11
2514,16,1463,30,967,40,1153,11
2514,16,1463,30,967,40,1186,11
2514,16,1463,30,967,40,1194,11
2514,16,1463,30,967,40,1259,11
2514,16,1463,30,967,40,1260,11
2514,16,1463,30,967,40,1312,11
2514,16,1463,30,967,40,1388,11
2514,16,1463,30,967,40,1391,11
2514,16,1463,30,967,40,1422,11
2514,16,1463,30,967,40,1556,11
2514,16,1463,30,967,40,1568,11
2514,16,1463,30,967,40,1599,11
2514,16,1463,30,967,40,1747,11
2514,16,1463,30,967,40,1773,11
2514,16,1463,30,967,40,1799,11
2514,16,1463,30,967,40,1818,11
2514,16,1463,30,967,40,1873,11
2514,16,1463,30,967,40,1940,11
2514,16,1463,30,967,40,1956,11
2514,16,1463,30,967,40,1997,11
2514,16,1463,30,967,40,2068,11
2514,16,1463,30,967,40,2079,11
2514,16,1463,30,967,40,2123,11
2514,16,1463,30,967,40,2196,11
2514,16,1463,30,967,40,2206,11
2514,16,1463,30,967,40,2216,11
2514,16,1463,30,967,40,2244,11
2514,16,1463,30,967,40,2259,11
2514,16,1463,30,967,40,2261,11
2514,16,1463,30,967,40,2289,11
2514,16,1463,30,967,40,2359,11
2514,16,1463,30,967,40,2370,11
2514,16,1463,30,967,40,2405,11
2514,16,1463,30,1153,42,159,11
2514,16,1463,30,1153,42,272,11
2514,16,1463,30,1153,42,457,11
2514,16,1463,30,1153,42,463,11
2514,16,1463,30,1153,42,700,11
2514,16,1463,30,1153,42,879,11
2514,16,1463,30,1153,42,927,11
2514,16,1463,30,1153,42,1003,11
2514,16,1463,30,1153,42,1068,11
2514,16,1463,30,1153,42,1153,11
2514,16,1463,30,1153,42,1194,11
2514,16,1463,30,1153,42,1260,11
2514,16,1463,30,1153,42,1388,11
2514,16,1463,30,1153,42,1391,11
2514,16,1463,30,1153,42,1422,11
2514,16,1463,30,1153,42,1556,11
2514,16,1463,30,1153,42,1568,11
2514,16,1463,30,1153,42,1599,11
2514,16,1463,30,1153,42,1747,11
2514,16,1463,30,1153,42,1818,11
2514,16,1463,30,1153,42,1873,11
2514,16,1463,30,1153,42,1940,11
2514,16,1463,30,1153,42,2068,11
2514,16,1463,30,1153,42,2079,11
2514,16,1463,30,1153,42,2123,11
2514,16,1463,30,1153,42,2196,11
2514,16,1463,30,1153,42,2216,11
2514,16,1463,30,1153,42,2259,11
2514,16,1463,30,1153,42,2370,11
2514,16,1463,30,1153,42,2405,11
2514,16,1463,30,1357,42,45,11
2514,16,1463,30,1357,42,159,11
2514,16,1463,30,1357,42,272,11
2514,16,1463,30,1357,42,338,11
2514,16,1463,30,1357,42,390,11
2514,16,1463,30,1357,42,457,11
2514,16,1463,30,1357,42,463,11
2514,16,1463,30,1357,42,620,11
2514,16,1463,30,1357,42,700,11
2514,16,1463,30,1357,42,742,11
2514,16,1463,30,1357,42,758,11
2514,16,1463,30,1357,42,879,11
2514,16,1463,30,1357,42,927,11
2514,16,1463,30,1357,42,979,11
2514,16,1463,30,1357,42,1003,11
2514,16,1463,30,1357,42,1044,11
2514,16,1463,30,1357,42,1068,11
2514,16,1463,30,1357,42,1153,11
2514,16,1463,30,1357,42,1186,11
2514,16,1463,30,1357,42,1194,11
2514,16,1463,30,1357,42,1259,11
2514,16,1463,30,1357,42,1260,11
2514,16,1463,30,1357,42,1312,11
2514,16,1463,30,1357,42,1388,11
2514,16,1463,30,1357,42,1391,11
2514,16,1463,30,1357,42,1422,11
2514,16,1463,30,1357,42,1556,11
2514,16,1463,30,1357,42,1568,11
2514,16,1463,30,1357,42,1599,11
2514,16,1463,30,1357,42,1747,11
2514,16,1463,30,1357,42,1773,11
2514,16,1463,30,1357,42,1799,11
2514,16,1463,30,1357,42,1818,11
2514,16,1463,30,1357,42,1873,11
2514,16,1463,30,1357,42,1940,11
2514,16,1463,30,1357,42,1956,11
2514,16,1463,30,1357,42,1997,11
2514,16,1463,30,1357,42,2068,11
2514,16,1463,30,1357,42,2079,11
2514,16,1463,30,1357,42,2123,11
2514,16,1463,30,1357,42,2196,11
2514,16,1463,30,1357,42,2206,11
2514,16,1463,30,1357,42,2216,11
2514,16,1463,30,1357,42,2244,11
2514,16,1463,30,1357,42,2259,11
2514,16,1463,30,1357,42,2261,11
2514,16,1463,30,1357,42,2289,11
2514,16,1463,30,1357,42,2359,11
2514,16,1463,30,1357,42,2370,11
2514,16,1463,30,1357,42,2405,11
2514,16,1463,30,1437,12,45,11
2514,16,1463,30,1437,12,159,11
2514,16,1463,30,1437,12,272,11
2514,16,1463,30,1437,12,338,11
2514,16,1463,30,1437,12,390,11
2514,16,1463,30,1437,12,457,11
2514,16,1463,30,1437,12,463,11
2514,16,1463,30,1437,12,620,11
2514,16,1463,30,1437,12,700,11
2514,16,1463,30,1437,12,742,11
2514,16,1463,30,1437,12,758,11
2514,16,1463,30,1437,12,879,11
2514,16,1463,30,1437,12,927,11
2514,16,1463,30,1437,12,979,11
2514,16,1463,30,1437,12,1003,11
2514,16,1463,30,1437,12,1044,11
2514,16,1463,30,1437,12,1068,11
2514,16,1463,30,1437,12,1153,11
2514,16,1463,30,1437,12,1186,11
2514,16,1463,30,1437,12,1194,11
2514,16,1463,30,1437,12,1259,11
2514,16,1463,30,1437,12,1260,11
2514,16,1463,30,1437,12,1312,11
2514,16,1463,30,1437,12,1388,11
2514,16,1463,30,1437,12,1391,11
2514,16,1463,30,1437,12,1422,11
2514,16,1463,30,1437,12,1556,11
2514,16,1463,30,1437,12,1568,11
2514,16,1463,30,1437,12,1599,11
2514,16,1463,30,1437,12,1747,11
2514,16,1463,30,1437,12,1773,11
2514,16,1463,30,1437,12,1799,11
2514,16,1463,30,1437,12,1818,11
2514,16,1463,30,1437,12,1873,11
2514,16,1463,30,1437,12,1940,11
2514,16,1463,30,1437,12,1956,11
2514,16,1463,30,1437,12,1997,11
2514,16,1463,30,1437,12,2068,11
2514,16,1463,30,1437,12,2079,11
2514,16,1463,30,1437,12,2123,11
2514,16,1463,30,1437,12,2196,11
2514,16,1463,30,1437,12,2206,11
2514,16,1463,30,1437,12,2216,11
2514,16,1463,30,1437,12,2244,11
2514,16,1463,30,1437,12,2259,11
2514,16,1463,30,1437,12,2261,11
2514,16,1463,30,1437,12,2289,11
2514,16,1463,30,1437,12,2359,11
2514,16,1463,30,1437,12,2370,11
2514,16,1463,30,1437,12,2405,11
2514,16,1463,30,1460,11,45,11
2514,16,1463,30,1460,11,159,11
2514,16,1463,30,1460,11,272,11
2514,16,1463,30,1460,11,338,11
2514,16,1463,30,1460,11,390,11
2514,16,1463,30,1460,11,457,11
2514,16,1463,30,1460,11,463,11
2514,16,1463,30,1460,11,620,11
2514,16,1463,30,1460,11,700,11
2514,16,1463,30,1460,11,742,11
2514,16,1463,30,1460,11,758,11
2514,16,1463,30,1460,11,879,11
2514,16,1463,30,1460,11,927,11
2514,16,1463,30,1460,11,979,11
2514,16,1463,30,1460,11,1003,11
2514,16,1463,30,1460,11,1044,11
2514,16,1463,30,1460,11,1068,11
2514,16,1463,30,1460,11,1153,11
2514,16,1463,30,1460,11,1186,11
2514,16,1463,30,1460,11,1194,11
2514,16,1463,30,1460,11,1259,11
2514,16,1463,30,1460,11,1260,11
2514,16,1463,30,1460,11,1312,11
2514,16,1463,30,1460,11,1388,11
2514,16,1463,30,1460,11,1391,11
2514,16,1463,30,1460,11,1422,11
2514,16,1463,30,1460,11,1556,11
2514,16,1463,30,1460,11,1568,11
2514,16,1463,30,1460,11,1599,11
2514,16,1463,30,1460,11,1747,11
2514,16,1463,30,1460,11,1773,11
2514,16,1463,30,1460,11,1799,11
2514,16,1463,30,1460,11,1818,11
2514,16,1463,30,1460,11,1873,11
2514,16,1463,30,1460,11,1940,11
2514,16,1463,30,1460,11,1956,11
2514,16,1463,30,1460,11,1997,11
2514,16,1463,30,1460,11,2068,11
2514,16,1463,30,1460,11,2079,11
2514,16,1463,30,1460,11,2123,11
2514,16,1463,30,1460,11,2196,11
2514,16,1463,30,1460,11,2206,11
2514,16,1463,30,1460,11,2216,11
2514,16,1463,30,1460,11,2244,11
2514,16,1463,30,1460,11,2259,11
2514,16,1463,30,1460,11,2261,11
2514,16,1463,30,1460,11,2289,11
2514,16,1463,30,1460,11,2359,11
2514,16,1463,30,1460,11,2370,11
2514,16,1463,30,1460,11,2405,11
2514,16,1463,30,1815,29,45,11
2514,16,1463,30,1815,29,159,11
2514,16,1463,30,1815,29,272,11
2514,16,1463,30,1815,29,338,11
2514,16,1463,30,1815,29,390,11
2514,16,1463,30,1815,29,457,11
2514,16,1463,30,1815,29,463,11
2514,16,1463,30,1815,29,620,11
2514,16,1463,30,1815,29,700,11
2514,16,1463,30,1815,29,742,11
2514,16,1463,30,1815,29,758,11
2514,16,1463,30,1815,29,879,11
2514,16,1463,30,1815,29,927,11
2514,16,1463,30,1815,29,979,11
2514,16,1463,30,1815,29,1003,11
2514,16,1463,30,1815,29,1044,11
2514,16,1463,30,1815,29,1068,11
2514,16,1463,30,1815,29,1153,11
2514,16,1463,30,1815,29,1186,11
2514,16,1463,30,1815,29,1194,11
2514,16,1463,30,1815,29,1259,11
2514,16,1463,30,1815,29,1260,11
2514,16,1463,30,1815,29,1312,11
2514,16,1463,30,1815,29,1388,11
2514,16,1463,30,1815,29,1391,11
2514,16,1463,30,1815,29,1422,11
2514,16,1463,30,1815,29,1556,11
2514,16,1463,30,1815,29,1568,11
2514,16,1463,30,1815,29,1599,11
2514,16,1463,30,1815,29,1747,11
2514,16,1463,30,1815,29,1773,11
2514,16,1463,30,1815,29,1799,11
2514,16,1463,30,1815,29,1818,11
2514,16,1463,30,1815,29,1873,11
2514,16,1463,30,1815,29,1940,11
2514,16,1463,30,1815,29,1956,11
2514,16,1463,30,1815,29,1997,11
2514,16,1463,30,1815,29,2068,11
2514,16,1463,30,1815,29,2079,11
2514,16,1463,30,1815,29,2123,11
2514,16,1463,30,1815,29,2196,11
2514,16,1463,30,1815,29,2206,11
2514,16,1463,30,1815,29,2216,11
2514,16,1463,30,1815,29,2244,11
2514,16,1463,30,1815,29,2259,11
2514,16,1463,30,1815,29,2261,11
2514,16,1463,30,1815,29,2289,11
2514,16,1463,30,1815,29,2359,11
2514,16,1463,30,1815,29,2370,11
2514,16,1463,30,1815,29,2405,11
