2514,16,198,0,54,41,45,11
2514,16,198,0,54,41,159,11
2514,16,198,0,54,41,272,11
2514,16,198,0,54,41,338,11
2514,16,198,0,54,41,390,11
2514,16,198,0,54,41,457,11
2514,16,198,0,54,41,463,11
2514,16,198,0,54,41,620,11
2514,16,198,0,54,41,700,11
2514,16,198,0,54,41,742,11
2514,16,198,0,54,41,758,11
2514,16,198,0,54,41,879,11
2514,16,198,0,54,41,927,11
2514,16,198,0,54,41,979,11
2514,16,198,0,54,41,1003,11
2514,16,198,0,54,41,1044,11
2514,16,198,0,54,41,1068,11
2514,16,198,0,54,41,1153,11
2514,16,198,0,54,41,1186,11
2514,16,198,0,54,41,1194,11
2514,16,198,0,54,41,1259,11
2514,16,198,0,54,41,1260,11
2514,16,198,0,54,41,1312,11
2514,16,198,0,54,41,1388,11
2514,16,198,0,54,41,1391,11
2514,16,198,0,54,41,1422,11
2514,16,198,0,54,41,1556,11
2514,16,198,0,54,41,1568,11
2514,16,198,0,54,41,1599,11
2514,16,198,0,54,41,1747,11
2514,16,198,0,54,41,1773,11
2514,16,198,0,54,41,1799,11
2514,16,198,0,54,41,1818,11
2514,16,198,0,54,41,1873,11
2514,16,198,0,54,41,1940,11
2514,16,198,0,54,41,1956,11
2514,16,198,0,54,41,1997,11
2514,16,198,0,54,41,2068,11
2514,16,198,0,54,41,2079,11
2514,16,198,0,54,41,2123,11
2514,16,198,0,54,41,2196,11
2514,16,198,0,54,41,2206,11
2514,16,198,0,54,41,2216,11
2514,16,198,0,54,41,2244,11
2514,16,198,0,54,41,2259,11
2514,16,198,0,54,41,2261,11
2514,16,198,0,54,41,2289,11
2514,16,198,0,54,41,2359,11
2514,16,198,0,54,41,2370,11
2514,16,198,0,54,41,2405,11
2514,16,198,0,244,11,45,11
2514,16,198,0,244,11,159,11
2514,16,198,0,244,11,272,11
2514,16,198,0,244,11,338,11
2514,16,198,0,244,11,390,11
2514,16,198,0,244,11,457,11
2514,16,198,0,244,11,463,11
2514,16,198,0,244,11,620,11
2514,16,198,0,244,11,700,11
2514,16,198,0,244,11,742,11
2514,16,198,0,244,11,758,11
2514,16,198,0,244,11,879,11
2514,16,198,0,244,11,927,11
2514,16,198,0,244,11,979,11
2514,16,198,0,244,11,1003,11
2514,16,198,0,244,11,1044,11
2514,16,198,0,244,11,1068,11
2514,16,198,0,244,11,1153,11
2514,16,198,0,244,11,1186,11
2514,16,198,0,244,11,1194,11
2514,16,198,0,244,11,1259,11
2514,16,198,0,244,11,1260,11
2514,16,198,0,244,11,1312,11
2514,16,198,0,244,11,1388,11
2514,16,198,0,244,11,1391,11
2514,16,198,0,244,11,1422,11
2514,16,198,0,244,11,1556,11
2514,16,198,0,244,11,1568,11
2514,16,198,0,244,11,1599,11
2514,16,198,0,244,11,1747,11
2514,16,198,0,244,11,1773,11
2514,16,198,0,244,11,1799,11
2514,16,198,0,244,11,1818,11
2514,16,198,0,244,11,1873,11
2514,16,198,0,244,11,1940,11
2514,16,198,0,244,11,1956,11
2514,16,198,0,244,11,1997,11
2514,16,198,0,244,11,2068,11
2514,16,198,0,244,11,2079,11
2514,16,198,0,244,11,2123,11
2514,16,198,0,244,11,2196,11
2514,16,198,0,244,11,2206,11
2514,16,198,0,244,11,2216,11
2514,16,198,0,244,11,2244,11
2514,16,198,0,244,11,2259,11
2514,16,198,0,244,11,2261,11
2514,16,198,0,244,11,2289,11
2514,16,198,0,244,11,2359,11
2514,16,198,0,244,11,2370,11
2514,16,198,0,244,11,2405,11
2514,16,198,0,264,19,45,11
2514,16,198,0,264,19,159,11
2514,16,198,0,264,19,272,11
2514,16,198,0,264,19,338,11
2514,16,198,0,264,19,390,11
2514,16,198,0,264,19,457,11
2514,16,198,0,264,19,463,11
2514,16,198,0,264,19,620,11
2514,16,198,0,264,19,700,11
2514,16,198,0,264,19,742,11
2514,16,198,0,264,19,758,11
2514,16,198,0,264,19,879,11
2514,16,198,0,264,19,927,11
2514,16,198,0,264,19,979,11
2514,16,198,0,264,19,1003,11
2514,16,198,0,264,19,1044,11
2514,16,198,0,264,19,1068,11
2514,16,198,0,264,19,1153,11
2514,16,198,0,264,19,1186,11
2514,16,198,0,264,19,1194,11
2514,16,198,0,264,19,1259,11
2514,16,198,0,264,19,1260,11
2514,16,198,0,264,19,1312,11
2514,16,198,0,264,19,1388,11
2514,16,198,0,264,19,1391,11
2514,16,198,0,264,19,1422,11
2514,16,198,0,264,19,1556,11
2514,16,198,0,264,19,1568,11
2514,16,198,0,264,19,1599,11
2514,16,198,0,264,19,1747,11
2514,16,198,0,264,19,1773,11
2514,16,198,0,264,19,1799,11
2514,16,198,0,264,19,1818,11
2514,16,198,0,264,19,1873,11
2514,16,198,0,264,19,1940,11
2514,16,198,0,264,19,1956,11
2514,16,198,0,264,19,1997,11
2514,16,198,0,264,19,2068,11
2514,16,198,0,264,19,2079,11
2514,16,198,0,264,19,2123,11
2514,16,198,0,264,19,2196,11
2514,16,198,0,264,19,2206,11
2514,16,198,0,264,19,2216,11
2514,16,198,0,264,19,2244,11
2514,16,198,0,264,19,2259,11
2514,16,198,0,264,19,2261,11
2514,16,198,0,264,19,2289,11
2514,16,198,0,264,19,2359,11
2514,16,198,0,264,19,2370,11
2514,16,198,0,264,19,2405,11
2514,16,198,0,482,29,45,11
2514,16,198,0,482,29,272,11
2514,16,198,0,482,29,338,11
2514,16,198,0,482,29,390,11
2514,16,198,0,482,29,620,11
2514,16,198,0,482,29,742,11
2514,16,198,0,482,29,758,11
2514,16,198,0,482,29,979,11
2514,16,198,0,482,29,1044,11
2514,16,198,0,482,29,1068,11
2514,16,198,0,482,29,1186,11
2514,16,198,0,482,29,1259,11
2514,16,198,0,482,29,1260,11
2514,16,198,0,482,29,1312,11
2514,16,198,0,482,29,1391,11
2514,16,198,0,482,29,1422,11
2514,16,198,0,482,29,1747,11
2514,16,198,0,482,29,1773,11
2514,16,198,0,482,29,1799,11
2514,16,198,0,482,29,1956,11
2514,16,198,0,482,29,1997,11
2514,16,198,0,482,29,2068,11
2514,16,198,0,482,29,2079,11
2514,16,198,0,482,29,2206,11
2514,16,198,0,482,29,2244,11
2514,16,198,0,482,29,2259,11
2514,16,198,0,482,29,2261,11
2514,16,198,0,482,29,2289,11
2514,16,198,0,482,29,2359,11
2514,16,198,0,482,29,2405,11
2514,16,198,0,548,41,45,11
2514,16,198,0,548,41,159,11
2514,16,198,0,548,41,272,11
2514,16,198,0,548,41,338,11
2514,16,198,0,548,41,390,11
2514,16,198,0,548,41,457,11
2514,16,198,0,548,41,463,11
2514,16,198,0,548,41,620,11
2514,16,198,0,548,41,700,11
2514,16,198,0,548,41,742,11
2514,16,198,0,548,41,758,11
2514,16,198,0,548,41,879,11
2514,16,198,0,548,41,927,11
2514,16,198,0,548,41,979,11
2514,16,198,0,548,41,1003,11
2514,16,198,0,548,41,1044,11
2514,16,198,0,548,41,1068,11
2514,16,198,0,548,41,1153,11
2514,16,198,0,548,41,1186,11
2514,16,198,0,548,41,1194,11
2514,16,198,0,548,41,1259,11
2514,16,198,0,548,41,1260,11
2514,16,198,0,548,41,1312,11
2514,16,198,0,548,41,1388,11
2514,16,198,0,548,41,1391,11
2514,16,198,0,548,41,1422,11
2514,16,198,0,548,41,1556,11
2514,16,198,0,548,41,1568,11
2514,16,198,0,548,41,1599,11
2514,16,198,0,548,41,1747,11
2514,16,198,0,548,41,1773,11
2514,16,198,0,548,41,1799,11
2514,16,198,0,548,41,1818,11
2514,16,198,0,548,41,1873,11
2514,16,198,0,548,41,1940,11
2514,16,198,0,548,41,1956,11
2514,16,198,0,548,41,1997,11
2514,16,198,0,548,41,2068,11
2514,16,198,0,548,41,2079,11
2514,16,198,0,548,41,2123,11
2514,16,198,0,548,41,2196,11
2514,16,198,0,548,41,2206,11
2514,16,198,0,548,41,2216,11
2514,16,198,0,548,41,2244,11
2514,16,198,0,548,41,2259,11
2514,16,198,0,548,41,2261,11
2514,16,198,0,548,41,2289,11
2514,16,198,0,548,41,2359,11
2514,16,198,0,548,41,2370,11
2514,16,198,0,548,41,2405,11
2514,16,198,0,692,21,45,11
2514,16,198,0,692,21,159,11
2514,16,198,0,692,21,272,11
2514,16,198,0,692,21,338,11
2514,16,198,0,692,21,390,11
2514,16,198,0,692,21,457,11
2514,16,198,0,692,21,463,11
2514,16,198,0,692,21,620,11
2514,16,198,0,692,21,700,11
2514,16,198,0,692,21,742,11
2514,16,198,0,692,21,758,11
2514,16,198,0,692,21,879,11
2514,16,198,0,692,21,927,11
2514,16,198,0,692,21,979,11
2514,16,198,0,692,21,1003,11
2514,16,198,0,692,21,1044,11
2514,16,198,0,692,21,1068,11
2514,16,198,0,692,21,1153,11
2514,16,198,0,692,21,1186,11
2514,16,198,0,692,21,1194,11
2514,16,198,0,692,21,1259,11
2514,16,198,0,692,21,1260,11
2514,16,198,0,692,21,1312,11
2514,16,198,0,692,21,1388,11
2514,16,198,0,692,21,1391,11
2514,16,198,0,692,21,1422,11
2514,16,198,0,692,21,1556,11
2514,16,198,0,692,21,1568,11
2514,16,198,0,692,21,1599,11
2514,16,198,0,692,21,1747,11
2514,16,198,0,692,21,1773,11
2514,16,198,0,692,21,1799,11
2514,16,198,0,692,21,1818,11
2514,16,198,0,692,21,1873,11
2514,16,198,0,692,21,1940,11
2514,16,198,0,692,21,1956,11
2514,16,198,0,692,21,1997,11
2514,16,198,0,692,21,2068,11
2514,16,198,0,692,21,2079,11
2514,16,198,0,692,21,2123,11
2514,16,198,0,692,21,2196,11
2514,16,198,0,692,21,2206,11
2514,16,198,0,692,21,2216,11
2514,16,198,0,692,21,2244,11
2514,16,198,0,692,21,2259,11
2514,16,198,0,692,21,2261,11
2514,16,198,0,692,21,2289,11
2514,16,198,0,692,21,2359,11
2514,16,198,0,692,21,2370,11
2514,16,198,0,692,21,2405,11
2514,16,198,0,724,21,45,11
2514,16,198,0,724,21,159,11
2514,16,198,0,724,21,272,11
2514,16,198,0,724,21,338,11
2514,16,198,0,724,21,390,11
2514,16,198,0,724,21,457,11
2514,16,198,0,724,21,463,11
2514,16,198,0,724,21,620,11
2514,16,198,0,724,21,700,11
2514,16,198,0,724,21,742,11
2514,16,198,0,724,21,758,11
2514,16,198,0,724,21,879,11
2514,16,198,0,724,21,927,11
2514,16,198,0,724,21,979,11
2514,16,198,0,724,21,1003,11
2514,16,198,0,724,21,1044,11
2514,16,198,0,724,21,1068,11
2514,16,198,0,724,21,1153,11
2514,16,198,0,724,21,1186,11
2514,16,198,0,724,21,1194,11
2514,16,198,0,724,21,1259,11
2514,16,198,0,724,21,1260,11
2514,16,198,0,724,21,1312,11
2514,16,198,0,724,21,1388,11
2514,16,198,0,724,21,1391,11
2514,16,198,0,724,21,1422,11
2514,16,198,0,724,21,1556,11
2514,16,198,0,724,21,1568,11
2514,16,198,0,724,21,1599,11
2514,16,198,0,724,21,1747,11
2514,16,198,0,724,21,1773,11
2514,16,198,0,724,21,1799,11
2514,16,198,0,724,21,1818,11
2514,16,198,0,724,21,1873,11
2514,16,198,0,724,21,1940,11
2514,16,198,0,724,21,1956,11
2514,16,198,0,724,21,1997,11
2514,16,198,0,724,21,2068,11
2514,16,198,0,724,21,2079,11
2514,16,198,0,724,21,2123,11
2514,16,198,0,724,21,2196,11
2514,16,198,0,724,21,2206,11
2514,16,198,0,724,21,2216,11
2514,16,198,0,724,21,2244,11
2514,16,198,0,724,21,2259,11
2514,16,198,0,724,21,2261,11
2514,16,198,0,724,21,2289,11
2514,16,198,0,724,21,2359,11
2514,16,198,0,724,21,2370,11
2514,16,198,0,724,21,2405,11
2514,16,198,0,822,28,45,11
2514,16,198,0,822,28,159,11
2514,16,198,0,822,28,272,11
2514,16,198,0,822,28,338,11
2514,16,198,0,822,28,390,11
2514,16,198,0,822,28,457,11
2514,16,198,0,822,28,463,11
2514,16,198,0,822,28,620,11
2514,16,198,0,822,28,700,11
2514,16,198,0,822,28,742,11
2514,16,198,0,822,28,758,11
2514,16,198,0,822,28,879,11
2514,16,198,0,822,28,927,11
2514,16,198,0,822,28,979,11
2514,16,198,0,822,28,1003,11
2514,16,198,0,822,28,1044,11
2514,16,198,0,822,28,1068,11
2514,16,198,0,822,28,1153,11
2514,16,198,0,822,28,1186,11
2514,16,198,0,822,28,1194,11
2514,16,198,0,822,28,1259,11
2514,16,198,0,822,28,1260,11
2514,16,198,0,822,28,1312,11
2514,16,198,0,822,28,1388,11
2514,16,198,0,822,28,1391,11
2514,16,198,0,822,28,1422,11
2514,16,198,0,822,28,1556,11
2514,16,198,0,822,28,1568,11
2514,16,198,0,822,28,1599,11
2514,16,198,0,822,28,1747,11
2514,16,198,0,822,28,1773,11
2514,16,198,0,822,28,1799,11
2514,16,198,0,822,28,1818,11
2514,16,198,0,822,28,1873,11
2514,16,198,0,822,28,1940,11
2514,16,198,0,822,28,1956,11
2514,16,198,0,822,28,1997,11
2514,16,198,0,822,28,2068,11
2514,16,198,0,822,28,2079,11
2514,16,198,0,822,28,2123,11
2514,16,198,0,822,28,2196,11
2514,16,198,0,822,28,2206,11
2514,16,198,0,822,28,2216,11
2514,16,198,0,822,28,2244,11
2514,16,198,0,822,28,2259,11
2514,16,198,0,822,28,2261,11
2514,16,198,0,822,28,2289,11
2514,16,198,0,822,28,2359,11
2514,16,198,0,822,28,2370,11
2514,16,198,0,822,28,2405,11
2514,16,198,0,850,43,45,11
2514,16,198,0,850,43,159,11
2514,16,198,0,850,43,272,11
2514,16,198,0,850,43,338,11
2514,16,198,0,850,43,390,11
2514,16,198,0,850,43,457,11
2514,16,198,0,850,43,463,11
2514,16,198,0,850,43,620,11
2514,16,198,0,850,43,700,11
2514,16,198,0,850,43,742,11
2514,16,198,0,850,43,758,11
2514,16,198,0,850,43,879,11
2514,16,198,0,850,43,927,11
2514,16,198,0,850,43,979,11
2514,16,198,0,850,43,1003,11
2514,16,198,0,850,43,1044,11
2514,16,198,0,850,43,1068,11
2514,16,198,0,850,43,1153,11
2514,16,198,0,850,43,1186,11
2514,16,198,0,850,43,1194,11
2514,16,198,0,850,43,1259,11
2514,16,198,0,850,43,1260,11
2514,16,198,0,850,43,1312,11
2514,16,198,0,850,43,1388,11
2514,16,198,0,850,43,1391,11
2514,16,198,0,850,43,1422,11
2514,16,198,0,850,43,1556,11
2514,16,198,0,850,43,1568,11
2514,16,198,0,850,43,1599,11
2514,16,198,0,850,43,1747,11
2514,16,198,0,850,43,1773,11
2514,16,198,0,850,43,1799,11
2514,16,198,0,850,43,1818,11
2514,16,198,0,850,43,1873,11
2514,16,198,0,850,43,1940,11
2514,16,198,0,850,43,1956,11
2514,16,198,0,850,43,1997,11
2514,16,198,0,850,43,2068,11
2514,16,198,0,850,43,2079,11
2514,16,198,0,850,43,2123,11
2514,16,198,0,850,43,2196,11
2514,16,198,0,850,43,2206,11
2514,16,198,0,850,43,2216,11
2514,16,198,0,850,43,2244,11
2514,16,198,0,850,43,2259,11
2514,16,198,0,850,43,2261,11
2514,16,198,0,850,43,2289,11
2514,16,198,0,850,43,2359,11
2514,16,198,0,850,43,2370,11
2514,16,198,0,850,43,2405,11
2514,16,198,0,903,33,45,11
2514,16,198,0,903,33,159,11
2514,16,198,0,903,33,272,11
2514,16,198,0,903,33,338,11
2514,16,198,0,903,33,390,11
2514,16,198,0,903,33,457,11
2514,16,198,0,903,33,463,11
2514,16,198,0,903,33,620,11
2514,16,198,0,903,33,700,11
2514,16,198,0,903,33,742,11
2514,16,198,0,903,33,758,11
2514,16,198,0,903,33,879,11
2514,16,198,0,903,33,927,11
2514,16,198,0,903,33,979,11
2514,16,198,0,903,33,1003,11
2514,16,198,0,903,33,1044,11
2514,16,198,0,903,33,1068,11
2514,16,198,0,903,33,1153,11
2514,16,198,0,903,33,1186,11
2514,16,198,0,903,33,1194,11
2514,16,198,0,903,33,1259,11
2514,16,198,0,903,33,1260,11
2514,16,198,0,903,33,1312,11
2514,16,198,0,903,33,1388,11
2514,16,198,0,903,33,1391,11
2514,16,198,0,903,33,1422,11
2514,16,198,0,903,33,1556,11
2514,16,198,0,903,33,1568,11
2514,16,198,0,903,33,1599,11
2514,16,198,0,903,33,1747,11
2514,16,198,0,903,33,1773,11
2514,16,198,0,903,33,1799,11
2514,16,198,0,903,33,1818,11
2514,16,198,0,903,33,1873,11
2514,16,198,0,903,33,1940,11
2514,16,198,0,903,33,1956,11
2514,16,198,0,903,33,1997,11
2514,16,198,0,903,33,2068,11
2514,16,198,0,903,33,2079,11
2514,16,198,0,903,33,2123,11
2514,16,198,0,903,33,2196,11
2514,16,198,0,903,33,2206,11
2514,16,198,0,903,33,2216,11
2514,16,198,0,903,33,2244,11
2514,16,198,0,903,33,2259,11
2514,16,198,0,903,33,2261,11
2514,16,198,0,903,33,2289,11
2514,16,198,0,903,33,2359,11
2514,16,198,0,903,33,2370,11
2514,16,198,0,903,33,2405,11
2514,16,198,0,950,50,45,11
2514,16,198,0,950,50,159,11
2514,16,198,0,950,50,272,11
2514,16,198,0,950,50,338,11
2514,16,198,0,950,50,390,11
2514,16,198,0,950,50,457,11
2514,16,198,0,950,50,463,11
2514,16,198,0,950,50,620,11
2514,16,198,0,950,50,700,11
2514,16,198,0,950,50,742,11
2514,16,198,0,950,50,758,11
2514,16,198,0,950,50,879,11
2514,16,198,0,950,50,927,11
2514,16,198,0,950,50,979,11
2514,16,198,0,950,50,1003,11
2514,16,198,0,950,50,1044,11
2514,16,198,0,950,50,1068,11
2514,16,198,0,950,50,1153,11
2514,16,198,0,950,50,1186,11
2514,16,198,0,950,50,1194,11
2514,16,198,0,950,50,1259,11
2514,16,198,0,950,50,1260,11
2514,16,198,0,950,50,1312,11
2514,16,198,0,950,50,1388,11
2514,16,198,0,950,50,1391,11
2514,16,198,0,950,50,1422,11
2514,16,198,0,950,50,1556,11
2514,16,198,0,950,50,1568,11
2514,16,198,0,950,50,1599,11
2514,16,198,0,950,50,1747,11
2514,16,198,0,950,50,1773,11
2514,16,198,0,950,50,1799,11
2514,16,198,0,950,50,1818,11
2514,16,198,0,950,50,1873,11
2514,16,198,0,950,50,1940,11
2514,16,198,0,950,50,1956,11
2514,16,198,0,950,50,1997,11
2514,16,198,0,950,50,2068,11
2514,16,198,0,950,50,2079,11
2514,16,198,0,950,50,2123,11
2514,16,198,0,950,50,2196,11
2514,16,198,0,950,50,2206,11
2514,16,198,0,950,50,2216,11
2514,16,198,0,950,50,2244,11
2514,16,198,0,950,50,2259,11
2514,16,198,0,950,50,2261,11
2514,16,198,0,950,50,2289,11
2514,16,198,0,950,50,2359,11
2514,16,198,0,950,50,2370,11
2514,16,198,0,950,50,2405,11
2514,16,198,0,1290,22,45,11
2514,16,198,0,1290,22,159,11
2514,16,198,0,1290,22,272,11
2514,16,198,0,1290,22,338,11
2514,16,198,0,1290,22,390,11
2514,16,198,0,1290,22,457,11
2514,16,198,0,1290,22,463,11
2514,16,198,0,1290,22,620,11
2514,16,198,0,1290,22,700,11
2514,16,198,0,1290,22,742,11
2514,16,198,0,1290,22,758,11
2514,16,198,0,1290,22,879,11
2514,16,198,0,1290,22,927,11
2514,16,198,0,1290,22,979,11
2514,16,198,0,1290,22,1003,11
2514,16,198,0,1290,22,1044,11
2514,16,198,0,1290,22,1068,11
2514,16,198,0,1290,22,1153,11
2514,16,198,0,1290,22,1186,11
2514,16,198,0,1290,22,1194,11
2514,16,198,0,1290,22,1259,11
2514,16,198,0,1290,22,1260,11
2514,16,198,0,1290,22,1312,11
2514,16,198,0,1290,22,1388,11
2514,16,198,0,1290,22,1391,11
2514,16,198,0,1290,22,1422,11
2514,16,198,0,1290,22,1556,11
2514,16,198,0,1290,22,1568,11
2514,16,198,0,1290,22,1599,11
2514,16,198,0,1290,22,1747,11
2514,16,198,0,1290,22,1773,11
2514,16,198,0,1290,22,1799,11
2514,16,198,0,1290,22,1818,11
2514,16,198,0,1290,22,1873,11
2514,16,198,0,1290,22,1940,11
2514,16,198,0,1290,22,1956,11
2514,16,198,0,1290,22,1997,11
2514,16,198,0,1290,22,2068,11
2514,16,198,0,1290,22,2079,11
2514,16,198,0,1290,22,2123,11
2514,16,198,0,1290,22,2196,11
2514,16,198,0,1290,22,2206,11
2514,16,198,0,1290,22,2216,11
2514,16,198,0,1290,22,2244,11
2514,16,198,0,1290,22,2259,11
2514,16,198,0,1290,22,2261,11
2514,16,198,0,1290,22,2289,11
2514,16,198,0,1290,22,2359,11
2514,16,198,0,1290,22,2370,11
2514,16,198,0,1290,22,2405,11
2514,16,198,0,1824,11,457,11
2514,16,198,0,1824,11,700,11
2514,16,198,0,1824,11,927,11
2514,16,198,0,1824,11,1003,11
2514,16,198,0,1824,11,1153,11
2514,16,198,0,1824,11,1194,11
2514,16,198,0,1824,11,1568,11
2514,16,198,0,1824,11,1599,11
2514,16,198,0,1824,11,1818,11
2514,16,198,0,1824,11,1940,11
2514,16,198,0,1874,41,45,11
2514,16,198,0,1874,41,159,11
2514,16,198,0,1874,41,272,11
2514,16,198,0,1874,41,338,11
2514,16,198,0,1874,41,390,11
2514,16,198,0,1874,41,457,11
2514,16,198,0,1874,41,463,11
2514,16,198,0,1874,41,620,11
2514,16,198,0,1874,41,700,11
2514,16,198,0,1874,41,742,11
2514,16,198,0,1874,41,758,11
2514,16,198,0,1874,41,879,11
2514,16,198,0,1874,41,927,11
2514,16,198,0,1874,41,979,11
2514,16,198,0,1874,41,1003,11
2514,16,198,0,1874,41,1044,11
2514,16,198,0,1874,41,1068,11
2514,16,198,0,1874,41,1153,11
2514,16,198,0,1874,41,1186,11
2514,16,198,0,1874,41,1194,11
2514,16,198,0,1874,41,1259,11
2514,16,198,0,1874,41,1260,11
2514,16,198,0,1874,41,1312,11
2514,16,198,0,1874,41,1388,11
2514,16,198,0,1874,41,1391,11
2514,16,198,0,1874,41,1422,11
2514,16,198,0,1874,41,1556,11
2514,16,198,0,1874,41,1568,11
2514,16,198,0,1874,41,1599,11
2514,16,198,0,1874,41,1747,11
2514,16,198,0,1874,41,1773,11
2514,16,198,0,1874,41,1799,11
2514,16,198,0,1874,41,1818,11
2514,16,198,0,1874,41,1873,11
2514,16,198,0,1874,41,1940,11
2514,16,198,0,1874,41,1956,11
2514,16,198,0,1874,41,1997,11
2514,16,198,0,1874,41,2068,11
2514,16,198,0,1874,41,2079,11
2514,16,198,0,1874,41,2123,11
2514,16,198,0,1874,41,2196,11
2514,16,198,0,1874,41,2206,11
2514,16,198,0,1874,41,2216,11
2514,16,198,0,1874,41,2244,11
2514,16,198,0,1874,41,2259,11
2514,16,198,0,1874,41,2261,11
2514,16,198,0,1874,41,2289,11
2514,16,198,0,1874,41,2359,11
2514,16,198,0,1874,41,2370,11
2514,16,198,0,1874,41,2405,11
