2514,16,1918,16,259,38,45,11
2514,16,1918,16,259,38,159,11
2514,16,1918,16,259,38,272,11
2514,16,1918,16,259,38,338,11
2514,16,1918,16,259,38,390,11
2514,16,1918,16,259,38,457,11
2514,16,1918,16,259,38,463,11
2514,16,1918,16,259,38,620,11
2514,16,1918,16,259,38,700,11
2514,16,1918,16,259,38,742,11
2514,16,1918,16,259,38,758,11
2514,16,1918,16,259,38,879,11
2514,16,1918,16,259,38,927,11
2514,16,1918,16,259,38,979,11
2514,16,1918,16,259,38,1003,11
2514,16,1918,16,259,38,1044,11
2514,16,1918,16,259,38,1068,11
2514,16,1918,16,259,38,1153,11
2514,16,1918,16,259,38,1186,11
2514,16,1918,16,259,38,1194,11
2514,16,1918,16,259,38,1259,11
2514,16,1918,16,259,38,1260,11
2514,16,1918,16,259,38,1312,11
2514,16,1918,16,259,38,1388,11
2514,16,1918,16,259,38,1391,11
2514,16,1918,16,259,38,1422,11
2514,16,1918,16,259,38,1556,11
2514,16,1918,16,259,38,1568,11
2514,16,1918,16,259,38,1599,11
2514,16,1918,16,259,38,1747,11
2514,16,1918,16,259,38,1773,11
2514,16,1918,16,259,38,1799,11
2514,16,1918,16,259,38,1818,11
2514,16,1918,16,259,38,1873,11
2514,16,1918,16,259,38,1940,11
2514,16,1918,16,259,38,1956,11
2514,16,1918,16,259,38,1997,11
2514,16,1918,16,259,38,2068,11
2514,16,1918,16,259,38,2079,11
2514,16,1918,16,259,38,2123,11
2514,16,1918,16,259,38,2196,11
2514,16,1918,16,259,38,2206,11
2514,16,1918,16,259,38,2216,11
2514,16,1918,16,259,38,2244,11
2514,16,1918,16,259,38,2259,11
2514,16,1918,16,259,38,2261,11
2514,16,1918,16,259,38,2289,11
2514,16,1918,16,259,38,2359,11
2514,16,1918,16,259,38,2370,11
2514,16,1918,16,259,38,2405,11
2514,16,1918,16,277,26,45,11
2514,16,1918,16,277,26,159,11
2514,16,1918,16,277,26,272,11
2514,16,1918,16,277,26,338,11
2514,16,1918,16,277,26,390,11
2514,16,1918,16,277,26,457,11
2514,16,1918,16,277,26,463,11
2514,16,1918,16,277,26,620,11
2514,16,1918,16,277,26,700,11
2514,16,1918,16,277,26,742,11
2514,16,1918,16,277,26,758,11
2514,16,1918,16,277,26,879,11
2514,16,1918,16,277,26,927,11
2514,16,1918,16,277,26,979,11
2514,16,1918,16,277,26,1003,11
2514,16,1918,16,277,26,1044,11
2514,16,1918,16,277,26,1068,11
2514,16,1918,16,277,26,1153,11
2514,16,1918,16,277,26,1186,11
2514,16,1918,16,277,26,1194,11
2514,16,1918,16,277,26,1259,11
2514,16,1918,16,277,26,1260,11
2514,16,1918,16,277,26,1312,11
2514,16,1918,16,277,26,1388,11
2514,16,1918,16,277,26,1391,11
2514,16,1918,16,277,26,1422,11
2514,16,1918,16,277,26,1556,11
2514,16,1918,16,277,26,1568,11
2514,16,1918,16,277,26,1599,11
2514,16,1918,16,277,26,1747,11
2514,16,1918,16,277,26,1773,11
2514,16,1918,16,277,26,1799,11
2514,16,1918,16,277,26,1818,11
2514,16,1918,16,277,26,1873,11
2514,16,1918,16,277,26,1940,11
2514,16,1918,16,277,26,1956,11
2514,16,1918,16,277,26,1997,11
2514,16,1918,16,277,26,2068,11
2514,16,1918,16,277,26,2079,11
2514,16,1918,16,277,26,2123,11
2514,16,1918,16,277,26,2196,11
2514,16,1918,16,277,26,2206,11
2514,16,1918,16,277,26,2216,11
2514,16,1918,16,277,26,2244,11
2514,16,1918,16,277,26,2259,11
2514,16,1918,16,277,26,2261,11
2514,16,1918,16,277,26,2289,11
2514,16,1918,16,277,26,2359,11
2514,16,1918,16,277,26,2370,11
2514,16,1918,16,277,26,2405,11
2514,16,1918,16,376,27,45,11
2514,16,1918,16,376,27,159,11
2514,16,1918,16,376,27,272,11
2514,16,1918,16,376,27,338,11
2514,16,1918,16,376,27,390,11
2514,16,1918,16,376,27,457,11
2514,16,1918,16,376,27,463,11
2514,16,1918,16,376,27,620,11
2514,16,1918,16,376,27,700,11
2514,16,1918,16,376,27,742,11
2514,16,1918,16,376,27,758,11
2514,16,1918,16,376,27,879,11
2514,16,1918,16,376,27,927,11
2514,16,1918,16,376,27,979,11
2514,16,1918,16,376,27,1003,11
2514,16,1918,16,376,27,1044,11
2514,16,1918,16,376,27,1068,11
2514,16,1918,16,376,27,1153,11
2514,16,1918,16,376,27,1186,11
2514,16,1918,16,376,27,1194,11
2514,16,1918,16,376,27,1259,11
2514,16,1918,16,376,27,1260,11
2514,16,1918,16,376,27,1312,11
2514,16,1918,16,376,27,1388,11
2514,16,1918,16,376,27,1391,11
2514,16,1918,16,376,27,1422,11
2514,16,1918,16,376,27,1556,11
2514,16,1918,16,376,27,1568,11
2514,16,1918,16,376,27,1599,11
2514,16,1918,16,376,27,1747,11
2514,16,1918,16,376,27,1773,11
2514,16,1918,16,376,27,1799,11
2514,16,1918,16,376,27,1818,11
2514,16,1918,16,376,27,1873,11
2514,16,1918,16,376,27,1940,11
2514,16,1918,16,376,27,1956,11
2514,16,1918,16,376,27,1997,11
2514,16,1918,16,376,27,2068,11
2514,16,1918,16,376,27,2079,11
2514,16,1918,16,376,27,2123,11
2514,16,1918,16,376,27,2196,11
2514,16,1918,16,376,27,2206,11
2514,16,1918,16,376,27,2216,11
2514,16,1918,16,376,27,2244,11
2514,16,1918,16,376,27,2259,11
2514,16,1918,16,376,27,2261,11
2514,16,1918,16,376,27,2289,11
2514,16,1918,16,376,27,2359,11
2514,16,1918,16,376,27,2370,11
2514,16,1918,16,376,27,2405,11
2514,16,1918,16,387,41,45,11
2514,16,1918,16,387,41,159,11
2514,16,1918,16,387,41,272,11
2514,16,1918,16,387,41,338,11
2514,16,1918,16,387,41,390,11
2514,16,1918,16,387,41,457,11
2514,16,1918,16,387,41,463,11
2514,16,1918,16,387,41,620,11
2514,16,1918,16,387,41,700,11
2514,16,1918,16,387,41,742,11
2514,16,1918,16,387,41,758,11
2514,16,1918,16,387,41,879,11
2514,16,1918,16,387,41,927,11
2514,16,1918,16,387,41,979,11
2514,16,1918,16,387,41,1003,11
2514,16,1918,16,387,41,1044,11
2514,16,1918,16,387,41,1068,11
2514,16,1918,16,387,41,1153,11
2514,16,1918,16,387,41,1186,11
2514,16,1918,16,387,41,1194,11
2514,16,1918,16,387,41,1259,11
2514,16,1918,16,387,41,1260,11
2514,16,1918,16,387,41,1312,11
2514,16,1918,16,387,41,1388,11
2514,16,1918,16,387,41,1391,11
2514,16,1918,16,387,41,1422,11
2514,16,1918,16,387,41,1556,11
2514,16,1918,16,387,41,1568,11
2514,16,1918,16,387,41,1599,11
2514,16,1918,16,387,41,1747,11
2514,16,1918,16,387,41,1773,11
2514,16,1918,16,387,41,1799,11
2514,16,1918,16,387,41,1818,11
2514,16,1918,16,387,41,1873,11
2514,16,1918,16,387,41,1940,11
2514,16,1918,16,387,41,1956,11
2514,16,1918,16,387,41,1997,11
2514,16,1918,16,387,41,2068,11
2514,16,1918,16,387,41,2079,11
2514,16,1918,16,387,41,2123,11
2514,16,1918,16,387,41,2196,11
2514,16,1918,16,387,41,2206,11
2514,16,1918,16,387,41,2216,11
2514,16,1918,16,387,41,2244,11
2514,16,1918,16,387,41,2259,11
2514,16,1918,16,387,41,2261,11
2514,16,1918,16,387,41,2289,11
2514,16,1918,16,387,41,2359,11
2514,16,1918,16,387,41,2370,11
2514,16,1918,16,387,41,2405,11
2514,16,1918,16,679,50,45,11
2514,16,1918,16,679,50,159,11
2514,16,1918,16,679,50,272,11
2514,16,1918,16,679,50,338,11
2514,16,1918,16,679,50,390,11
2514,16,1918,16,679,50,457,11
2514,16,1918,16,679,50,463,11
2514,16,1918,16,679,50,620,11
2514,16,1918,16,679,50,700,11
2514,16,1918,16,679,50,742,11
2514,16,1918,16,679,50,758,11
2514,16,1918,16,679,50,879,11
2514,16,1918,16,679,50,927,11
2514,16,1918,16,679,50,979,11
2514,16,1918,16,679,50,1003,11
2514,16,1918,16,679,50,1044,11
2514,16,1918,16,679,50,1068,11
2514,16,1918,16,679,50,1153,11
2514,16,1918,16,679,50,1186,11
2514,16,1918,16,679,50,1194,11
2514,16,1918,16,679,50,1259,11
2514,16,1918,16,679,50,1260,11
2514,16,1918,16,679,50,1312,11
2514,16,1918,16,679,50,1388,11
2514,16,1918,16,679,50,1391,11
2514,16,1918,16,679,50,1422,11
2514,16,1918,16,679,50,1556,11
2514,16,1918,16,679,50,1568,11
2514,16,1918,16,679,50,1599,11
2514,16,1918,16,679,50,1747,11
2514,16,1918,16,679,50,1773,11
2514,16,1918,16,679,50,1799,11
2514,16,1918,16,679,50,1818,11
2514,16,1918,16,679,50,1873,11
2514,16,1918,16,679,50,1940,11
2514,16,1918,16,679,50,1956,11
2514,16,1918,16,679,50,1997,11
2514,16,1918,16,679,50,2068,11
2514,16,1918,16,679,50,2079,11
2514,16,1918,16,679,50,2123,11
2514,16,1918,16,679,50,2196,11
2514,16,1918,16,679,50,2206,11
2514,16,1918,16,679,50,2216,11
2514,16,1918,16,679,50,2244,11
2514,16,1918,16,679,50,2259,11
2514,16,1918,16,679,50,2261,11
2514,16,1918,16,679,50,2289,11
2514,16,1918,16,679,50,2359,11
2514,16,1918,16,679,50,2370,11
2514,16,1918,16,679,50,2405,11
2514,16,1918,16,1379,36,45,11
2514,16,1918,16,1379,36,159,11
2514,16,1918,16,1379,36,272,11
2514,16,1918,16,1379,36,338,11
2514,16,1918,16,1379,36,390,11
2514,16,1918,16,1379,36,457,11
2514,16,1918,16,1379,36,463,11
2514,16,1918,16,1379,36,620,11
2514,16,1918,16,1379,36,700,11
2514,16,1918,16,1379,36,742,11
2514,16,1918,16,1379,36,758,11
2514,16,1918,16,1379,36,879,11
2514,16,1918,16,1379,36,927,11
2514,16,1918,16,1379,36,979,11
2514,16,1918,16,1379,36,1003,11
2514,16,1918,16,1379,36,1044,11
2514,16,1918,16,1379,36,1068,11
2514,16,1918,16,1379,36,1153,11
2514,16,1918,16,1379,36,1186,11
2514,16,1918,16,1379,36,1194,11
2514,16,1918,16,1379,36,1259,11
2514,16,1918,16,1379,36,1260,11
2514,16,1918,16,1379,36,1312,11
2514,16,1918,16,1379,36,1388,11
2514,16,1918,16,1379,36,1391,11
2514,16,1918,16,1379,36,1422,11
2514,16,1918,16,1379,36,1556,11
2514,16,1918,16,1379,36,1568,11
2514,16,1918,16,1379,36,1599,11
2514,16,1918,16,1379,36,1747,11
2514,16,1918,16,1379,36,1773,11
2514,16,1918,16,1379,36,1799,11
2514,16,1918,16,1379,36,1818,11
2514,16,1918,16,1379,36,1873,11
2514,16,1918,16,1379,36,1940,11
2514,16,1918,16,1379,36,1956,11
2514,16,1918,16,1379,36,1997,11
2514,16,1918,16,1379,36,2068,11
2514,16,1918,16,1379,36,2079,11
2514,16,1918,16,1379,36,2123,11
2514,16,1918,16,1379,36,2196,11
2514,16,1918,16,1379,36,2206,11
2514,16,1918,16,1379,36,2216,11
2514,16,1918,16,1379,36,2244,11
2514,16,1918,16,1379,36,2259,11
2514,16,1918,16,1379,36,2261,11
2514,16,1918,16,1379,36,2289,11
2514,16,1918,16,1379,36,2359,11
2514,16,1918,16,1379,36,2370,11
2514,16,1918,16,1379,36,2405,11
2514,16,1918,16,1501,28,45,11
2514,16,1918,16,1501,28,338,11
2514,16,1918,16,1501,28,390,11
2514,16,1918,16,1501,28,620,11
2514,16,1918,16,1501,28,742,11
2514,16,1918,16,1501,28,758,11
2514,16,1918,16,1501,28,979,11
2514,16,1918,16,1501,28,1044,11
2514,16,1918,16,1501,28,1186,11
2514,16,1918,16,1501,28,1259,11
2514,16,1918,16,1501,28,1312,11
2514,16,1918,16,1501,28,1773,11
2514,16,1918,16,1501,28,1799,11
2514,16,1918,16,1501,28,1956,11
2514,16,1918,16,1501,28,1997,11
2514,16,1918,16,1501,28,2206,11
2514,16,1918,16,1501,28,2244,11
2514,16,1918,16,1501,28,2261,11
2514,16,1918,16,1501,28,2289,11
2514,16,1918,16,1501,28,2359,11
2514,16,1918,16,1505,31,45,11
2514,16,1918,16,1505,31,159,11
2514,16,1918,16,1505,31,272,11
2514,16,1918,16,1505,31,338,11
2514,16,1918,16,1505,31,390,11
2514,16,1918,16,1505,31,457,11
2514,16,1918,16,1505,31,463,11
2514,16,1918,16,1505,31,620,11
2514,16,1918,16,1505,31,700,11
2514,16,1918,16,1505,31,742,11
2514,16,1918,16,1505,31,758,11
2514,16,1918,16,1505,31,879,11
2514,16,1918,16,1505,31,927,11
2514,16,1918,16,1505,31,979,11
2514,16,1918,16,1505,31,1003,11
2514,16,1918,16,1505,31,1044,11
2514,16,1918,16,1505,31,1068,11
2514,16,1918,16,1505,31,1153,11
2514,16,1918,16,1505,31,1186,11
2514,16,1918,16,1505,31,1194,11
2514,16,1918,16,1505,31,1259,11
2514,16,1918,16,1505,31,1260,11
2514,16,1918,16,1505,31,1312,11
2514,16,1918,16,1505,31,1388,11
2514,16,1918,16,1505,31,1391,11
2514,16,1918,16,1505,31,1422,11
2514,16,1918,16,1505,31,1556,11
2514,16,1918,16,1505,31,1568,11
2514,16,1918,16,1505,31,1599,11
2514,16,1918,16,1505,31,1747,11
2514,16,1918,16,1505,31,1773,11
2514,16,1918,16,1505,31,1799,11
2514,16,1918,16,1505,31,1818,11
2514,16,1918,16,1505,31,1873,11
2514,16,1918,16,1505,31,1940,11
2514,16,1918,16,1505,31,1956,11
2514,16,1918,16,1505,31,1997,11
2514,16,1918,16,1505,31,2068,11
2514,16,1918,16,1505,31,2079,11
2514,16,1918,16,1505,31,2123,11
2514,16,1918,16,1505,31,2196,11
2514,16,1918,16,1505,31,2206,11
2514,16,1918,16,1505,31,2216,11
2514,16,1918,16,1505,31,2244,11
2514,16,1918,16,1505,31,2259,11
2514,16,1918,16,1505,31,2261,11
2514,16,1918,16,1505,31,2289,11
2514,16,1918,16,1505,31,2359,11
2514,16,1918,16,1505,31,2370,11
2514,16,1918,16,1505,31,2405,11
2514,16,1918,16,1744,31,45,11
2514,16,1918,16,1744,31,159,11
2514,16,1918,16,1744,31,272,11
2514,16,1918,16,1744,31,338,11
2514,16,1918,16,1744,31,390,11
2514,16,1918,16,1744,31,457,11
2514,16,1918,16,1744,31,463,11
2514,16,1918,16,1744,31,620,11
2514,16,1918,16,1744,31,700,11
2514,16,1918,16,1744,31,742,11
2514,16,1918,16,1744,31,758,11
2514,16,1918,16,1744,31,879,11
2514,16,1918,16,1744,31,927,11
2514,16,1918,16,1744,31,979,11
2514,16,1918,16,1744,31,1003,11
2514,16,1918,16,1744,31,1044,11
2514,16,1918,16,1744,31,1068,11
2514,16,1918,16,1744,31,1153,11
2514,16,1918,16,1744,31,1186,11
2514,16,1918,16,1744,31,1194,11
2514,16,1918,16,1744,31,1259,11
2514,16,1918,16,1744,31,1260,11
2514,16,1918,16,1744,31,1312,11
2514,16,1918,16,1744,31,1388,11
2514,16,1918,16,1744,31,1391,11
2514,16,1918,16,1744,31,1422,11
2514,16,1918,16,1744,31,1556,11
2514,16,1918,16,1744,31,1568,11
2514,16,1918,16,1744,31,1599,11
2514,16,1918,16,1744,31,1747,11
2514,16,1918,16,1744,31,1773,11
2514,16,1918,16,1744,31,1799,11
2514,16,1918,16,1744,31,1818,11
2514,16,1918,16,1744,31,1873,11
2514,16,1918,16,1744,31,1940,11
2514,16,1918,16,1744,31,1956,11
2514,16,1918,16,1744,31,1997,11
2514,16,1918,16,1744,31,2068,11
2514,16,1918,16,1744,31,2079,11
2514,16,1918,16,1744,31,2123,11
2514,16,1918,16,1744,31,2196,11
2514,16,1918,16,1744,31,2206,11
2514,16,1918,16,1744,31,2216,11
2514,16,1918,16,1744,31,2244,11
2514,16,1918,16,1744,31,2259,11
2514,16,1918,16,1744,31,2261,11
2514,16,1918,16,1744,31,2289,11
2514,16,1918,16,1744,31,2359,11
2514,16,1918,16,1744,31,2370,11
2514,16,1918,16,1744,31,2405,11
2514,16,1918,16,1757,22,45,11
2514,16,1918,16,1757,22,159,11
2514,16,1918,16,1757,22,272,11
2514,16,1918,16,1757,22,338,11
2514,16,1918,16,1757,22,390,11
2514,16,1918,16,1757,22,457,11
2514,16,1918,16,1757,22,463,11
2514,16,1918,16,1757,22,620,11
2514,16,1918,16,1757,22,700,11
2514,16,1918,16,1757,22,742,11
2514,16,1918,16,1757,22,758,11
2514,16,1918,16,1757,22,879,11
2514,16,1918,16,1757,22,927,11
2514,16,1918,16,1757,22,979,11
2514,16,1918,16,1757,22,1003,11
2514,16,1918,16,1757,22,1044,11
2514,16,1918,16,1757,22,1068,11
2514,16,1918,16,1757,22,1153,11
2514,16,1918,16,1757,22,1186,11
2514,16,1918,16,1757,22,1194,11
2514,16,1918,16,1757,22,1259,11
2514,16,1918,16,1757,22,1260,11
2514,16,1918,16,1757,22,1312,11
2514,16,1918,16,1757,22,1388,11
2514,16,1918,16,1757,22,1391,11
2514,16,1918,16,1757,22,1422,11
2514,16,1918,16,1757,22,1556,11
2514,16,1918,16,1757,22,1568,11
2514,16,1918,16,1757,22,1599,11
2514,16,1918,16,1757,22,1747,11
2514,16,1918,16,1757,22,1773,11
2514,16,1918,16,1757,22,1799,11
2514,16,1918,16,1757,22,1818,11
2514,16,1918,16,1757,22,1873,11
2514,16,1918,16,1757,22,1940,11
2514,16,1918,16,1757,22,1956,11
2514,16,1918,16,1757,22,1997,11
2514,16,1918,16,1757,22,2068,11
2514,16,1918,16,1757,22,2079,11
2514,16,1918,16,1757,22,2123,11
2514,16,1918,16,1757,22,2196,11
2514,16,1918,16,1757,22,2206,11
2514,16,1918,16,1757,22,2216,11
2514,16,1918,16,1757,22,2244,11
2514,16,1918,16,1757,22,2259,11
2514,16,1918,16,1757,22,2261,11
2514,16,1918,16,1757,22,2289,11
2514,16,1918,16,1757,22,2359,11
2514,16,1918,16,1757,22,2370,11
2514,16,1918,16,1757,22,2405,11
2514,16,1918,16,1821,29,45,11
2514,16,1918,16,1821,29,159,11
2514,16,1918,16,1821,29,272,11
2514,16,1918,16,1821,29,338,11
2514,16,1918,16,1821,29,390,11
2514,16,1918,16,1821,29,457,11
2514,16,1918,16,1821,29,463,11
2514,16,1918,16,1821,29,620,11
2514,16,1918,16,1821,29,700,11
2514,16,1918,16,1821,29,742,11
2514,16,1918,16,1821,29,758,11
2514,16,1918,16,1821,29,879,11
2514,16,1918,16,1821,29,927,11
2514,16,1918,16,1821,29,979,11
2514,16,1918,16,1821,29,1003,11
2514,16,1918,16,1821,29,1044,11
2514,16,1918,16,1821,29,1068,11
2514,16,1918,16,1821,29,1153,11
2514,16,1918,16,1821,29,1186,11
2514,16,1918,16,1821,29,1194,11
2514,16,1918,16,1821,29,1259,11
2514,16,1918,16,1821,29,1260,11
2514,16,1918,16,1821,29,1312,11
2514,16,1918,16,1821,29,1388,11
2514,16,1918,16,1821,29,1391,11
2514,16,1918,16,1821,29,1422,11
2514,16,1918,16,1821,29,1556,11
2514,16,1918,16,1821,29,1568,11
2514,16,1918,16,1821,29,1599,11
2514,16,1918,16,1821,29,1747,11
2514,16,1918,16,1821,29,1773,11
2514,16,1918,16,1821,29,1799,11
2514,16,1918,16,1821,29,1818,11
2514,16,1918,16,1821,29,1873,11
2514,16,1918,16,1821,29,1940,11
2514,16,1918,16,1821,29,1956,11
2514,16,1918,16,1821,29,1997,11
2514,16,1918,16,1821,29,2068,11
2514,16,1918,16,1821,29,2079,11
2514,16,1918,16,1821,29,2123,11
2514,16,1918,16,1821,29,2196,11
2514,16,1918,16,1821,29,2206,11
2514,16,1918,16,1821,29,2216,11
2514,16,1918,16,1821,29,2244,11
2514,16,1918,16,1821,29,2259,11
2514,16,1918,16,1821,29,2261,11
2514,16,1918,16,1821,29,2289,11
2514,16,1918,16,1821,29,2359,11
2514,16,1918,16,1821,29,2370,11
2514,16,1918,16,1821,29,2405,11
2514,16,1918,16,1903,20,45,11
2514,16,1918,16,1903,20,159,11
2514,16,1918,16,1903,20,272,11
2514,16,1918,16,1903,20,338,11
2514,16,1918,16,1903,20,390,11
2514,16,1918,16,1903,20,457,11
2514,16,1918,16,1903,20,463,11
2514,16,1918,16,1903,20,620,11
2514,16,1918,16,1903,20,700,11
2514,16,1918,16,1903,20,742,11
2514,16,1918,16,1903,20,758,11
2514,16,1918,16,1903,20,879,11
2514,16,1918,16,1903,20,927,11
2514,16,1918,16,1903,20,979,11
2514,16,1918,16,1903,20,1003,11
2514,16,1918,16,1903,20,1044,11
2514,16,1918,16,1903,20,1068,11
2514,16,1918,16,1903,20,1153,11
2514,16,1918,16,1903,20,1186,11
2514,16,1918,16,1903,20,1194,11
2514,16,1918,16,1903,20,1259,11
2514,16,1918,16,1903,20,1260,11
2514,16,1918,16,1903,20,1312,11
2514,16,1918,16,1903,20,1388,11
2514,16,1918,16,1903,20,1391,11
2514,16,1918,16,1903,20,1422,11
2514,16,1918,16,1903,20,1556,11
2514,16,1918,16,1903,20,1568,11
2514,16,1918,16,1903,20,1599,11
2514,16,1918,16,1903,20,1747,11
2514,16,1918,16,1903,20,1773,11
2514,16,1918,16,1903,20,1799,11
2514,16,1918,16,1903,20,1818,11
2514,16,1918,16,1903,20,1873,11
2514,16,1918,16,1903,20,1940,11
2514,16,1918,16,1903,20,1956,11
2514,16,1918,16,1903,20,1997,11
2514,16,1918,16,1903,20,2068,11
2514,16,1918,16,1903,20,2079,11
2514,16,1918,16,1903,20,2123,11
2514,16,1918,16,1903,20,2196,11
2514,16,1918,16,1903,20,2206,11
2514,16,1918,16,1903,20,2216,11
2514,16,1918,16,1903,20,2244,11
2514,16,1918,16,1903,20,2259,11
2514,16,1918,16,1903,20,2261,11
2514,16,1918,16,1903,20,2289,11
2514,16,1918,16,1903,20,2359,11
2514,16,1918,16,1903,20,2370,11
2514,16,1918,16,1903,20,2405,11
2514,16,1918,16,1929,30,159,11
2514,16,1918,16,1929,30,457,11
2514,16,1918,16,1929,30,463,11
2514,16,1918,16,1929,30,700,11
2514,16,1918,16,1929,30,879,11
2514,16,1918,16,1929,30,927,11
2514,16,1918,16,1929,30,1003,11
2514,16,1918,16,1929,30,1153,11
2514,16,1918,16,1929,30,1194,11
2514,16,1918,16,1929,30,1388,11
2514,16,1918,16,1929,30,1556,11
2514,16,1918,16,1929,30,1568,11
2514,16,1918,16,1929,30,1599,11
2514,16,1918,16,1929,30,1818,11
2514,16,1918,16,1929,30,1873,11
2514,16,1918,16,1929,30,1940,11
2514,16,1918,16,1929,30,2123,11
2514,16,1918,16,1929,30,2196,11
2514,16,1918,16,1929,30,2216,11
2514,16,1918,16,1929,30,2370,11
2514,16,1918,16,1976,45,45,11
2514,16,1918,16,1976,45,159,11
2514,16,1918,16,1976,45,272,11
2514,16,1918,16,1976,45,338,11
2514,16,1918,16,1976,45,390,11
2514,16,1918,16,1976,45,457,11
2514,16,1918,16,1976,45,463,11
2514,16,1918,16,1976,45,620,11
2514,16,1918,16,1976,45,700,11
2514,16,1918,16,1976,45,742,11
2514,16,1918,16,1976,45,758,11
2514,16,1918,16,1976,45,879,11
2514,16,1918,16,1976,45,927,11
2514,16,1918,16,1976,45,979,11
2514,16,1918,16,1976,45,1003,11
2514,16,1918,16,1976,45,1044,11
2514,16,1918,16,1976,45,1068,11
2514,16,1918,16,1976,45,1153,11
2514,16,1918,16,1976,45,1186,11
2514,16,1918,16,1976,45,1194,11
2514,16,1918,16,1976,45,1259,11
2514,16,1918,16,1976,45,1260,11
2514,16,1918,16,1976,45,1312,11
2514,16,1918,16,1976,45,1388,11
2514,16,1918,16,1976,45,1391,11
2514,16,1918,16,1976,45,1422,11
2514,16,1918,16,1976,45,1556,11
2514,16,1918,16,1976,45,1568,11
2514,16,1918,16,1976,45,1599,11
2514,16,1918,16,1976,45,1747,11
2514,16,1918,16,1976,45,1773,11
2514,16,1918,16,1976,45,1799,11
2514,16,1918,16,1976,45,1818,11
2514,16,1918,16,1976,45,1873,11
2514,16,1918,16,1976,45,1940,11
2514,16,1918,16,1976,45,1956,11
2514,16,1918,16,1976,45,1997,11
2514,16,1918,16,1976,45,2068,11
2514,16,1918,16,1976,45,2079,11
2514,16,1918,16,1976,45,2123,11
2514,16,1918,16,1976,45,2196,11
2514,16,1918,16,1976,45,2206,11
2514,16,1918,16,1976,45,2216,11
2514,16,1918,16,1976,45,2244,11
2514,16,1918,16,1976,45,2259,11
2514,16,1918,16,1976,45,2261,11
2514,16,1918,16,1976,45,2289,11
2514,16,1918,16,1976,45,2359,11
2514,16,1918,16,1976,45,2370,11
2514,16,1918,16,1976,45,2405,11
