2514,16,1599,28,243,47,45,11
2514,16,1599,28,243,47,159,11
2514,16,1599,28,243,47,272,11
2514,16,1599,28,243,47,338,11
2514,16,1599,28,243,47,390,11
2514,16,1599,28,243,47,457,11
2514,16,1599,28,243,47,463,11
2514,16,1599,28,243,47,620,11
2514,16,1599,28,243,47,700,11
2514,16,1599,28,243,47,742,11
2514,16,1599,28,243,47,758,11
2514,16,1599,28,243,47,879,11
2514,16,1599,28,243,47,927,11
2514,16,1599,28,243,47,979,11
2514,16,1599,28,243,47,1003,11
2514,16,1599,28,243,47,1044,11
2514,16,1599,28,243,47,1068,11
2514,16,1599,28,243,47,1153,11
2514,16,1599,28,243,47,1186,11
2514,16,1599,28,243,47,1194,11
2514,16,1599,28,243,47,1259,11
2514,16,1599,28,243,47,1260,11
2514,16,1599,28,243,47,1312,11
2514,16,1599,28,243,47,1388,11
2514,16,1599,28,243,47,1391,11
2514,16,1599,28,243,47,1422,11
2514,16,1599,28,243,47,1556,11
2514,16,1599,28,243,47,1568,11
2514,16,1599,28,243,47,1599,11
2514,16,1599,28,243,47,1747,11
2514,16,1599,28,243,47,1773,11
2514,16,1599,28,243,47,1799,11
2514,16,1599,28,243,47,1818,11
2514,16,1599,28,243,47,1873,11
2514,16,1599,28,243,47,1940,11
2514,16,1599,28,243,47,1956,11
2514,16,1599,28,243,47,1997,11
2514,16,1599,28,243,47,2068,11
2514,16,1599,28,243,47,2079,11
2514,16,1599,28,243,47,2123,11
2514,16,1599,28,243,47,2196,11
2514,16,1599,28,243,47,2206,11
2514,16,1599,28,243,47,2216,11
2514,16,1599,28,243,47,2244,11
2514,16,1599,28,243,47,2259,11
2514,16,1599,28,243,47,2261,11
2514,16,1599,28,243,47,2289,11
2514,16,1599,28,243,47,2359,11
2514,16,1599,28,243,47,2370,11
2514,16,1599,28,243,47,2405,11
2514,16,1599,28,788,46,159,11
2514,16,1599,28,788,46,272,11
2514,16,1599,28,788,46,338,11
2514,16,1599,28,788,46,457,11
2514,16,1599,28,788,46,463,11
2514,16,1599,28,788,46,700,11
2514,16,1599,28,788,46,742,11
2514,16,1599,28,788,46,758,11
2514,16,1599,28,788,46,879,11
2514,16,1599,28,788,46,927,11
2514,16,1599,28,788,46,1003,11
2514,16,1599,28,788,46,1044,11
2514,16,1599,28,788,46,1068,11
2514,16,1599,28,788,46,1153,11
2514,16,1599,28,788,46,1186,11
2514,16,1599,28,788,46,1194,11
2514,16,1599,28,788,46,1259,11
2514,16,1599,28,788,46,1260,11
2514,16,1599,28,788,46,1312,11
2514,16,1599,28,788,46,1388,11
2514,16,1599,28,788,46,1391,11
2514,16,1599,28,788,46,1422,11
2514,16,1599,28,788,46,1556,11
2514,16,1599,28,788,46,1568,11
2514,16,1599,28,788,46,1599,11
2514,16,1599,28,788,46,1747,11
2514,16,1599,28,788,46,1773,11
2514,16,1599,28,788,46,1818,11
2514,16,1599,28,788,46,1873,11
2514,16,1599,28,788,46,1940,11
2514,16,1599,28,788,46,1997,11
2514,16,1599,28,788,46,2068,11
2514,16,1599,28,788,46,2079,11
2514,16,1599,28,788,46,2123,11
2514,16,1599,28,788,46,2196,11
2514,16,1599,28,788,46,2216,11
2514,16,1599,28,788,46,2259,11
2514,16,1599,28,788,46,2289,11
2514,16,1599,28,788,46,2370,11
2514,16,1599,28,788,46,2405,11
2514,16,1599,28,878,28,45,11
2514,16,1599,28,878,28,159,11
2514,16,1599,28,878,28,272,11
2514,16,1599,28,878,28,338,11
2514,16,1599,28,878,28,390,11
2514,16,1599,28,878,28,457,11
2514,16,1599,28,878,28,463,11
2514,16,1599,28,878,28,620,11
2514,16,1599,28,878,28,700,11
2514,16,1599,28,878,28,742,11
2514,16,1599,28,878,28,758,11
2514,16,1599,28,878,28,879,11
2514,16,1599,28,878,28,927,11
2514,16,1599,28,878,28,979,11
2514,16,1599,28,878,28,1003,11
2514,16,1599,28,878,28,1044,11
2514,16,1599,28,878,28,1068,11
2514,16,1599,28,878,28,1153,11
2514,16,1599,28,878,28,1186,11
2514,16,1599,28,878,28,1194,11
2514,16,1599,28,878,28,1259,11
2514,16,1599,28,878,28,1260,11
2514,16,1599,28,878,28,1312,11
2514,16,1599,28,878,28,1388,11
2514,16,1599,28,878,28,1391,11
2514,16,1599,28,878,28,1422,11
2514,16,1599,28,878,28,1556,11
2514,16,1599,28,878,28,1568,11
2514,16,1599,28,878,28,1599,11
2514,16,1599,28,878,28,1747,11
2514,16,1599,28,878,28,1773,11
2514,16,1599,28,878,28,1799,11
2514,16,1599,28,878,28,1818,11
2514,16,1599,28,878,28,1873,11
2514,16,1599,28,878,28,1940,11
2514,16,1599,28,878,28,1956,11
2514,16,1599,28,878,28,1997,11
2514,16,1599,28,878,28,2068,11
2514,16,1599,28,878,28,2079,11
2514,16,1599,28,878,28,2123,11
2514,16,1599,28,878,28,2196,11
2514,16,1599,28,878,28,2206,11
2514,16,1599,28,878,28,2216,11
2514,16,1599,28,878,28,2244,11
2514,16,1599,28,878,28,2259,11
2514,16,1599,28,878,28,2261,11
2514,16,1599,28,878,28,2289,11
2514,16,1599,28,878,28,2359,11
2514,16,1599,28,878,28,2370,11
2514,16,1599,28,878,28,2405,11
2514,16,1599,28,996,30,45,11
2514,16,1599,28,996,30,159,11
2514,16,1599,28,996,30,272,11
2514,16,1599,28,996,30,338,11
2514,16,1599,28,996,30,390,11
2514,16,1599,28,996,30,457,11
2514,16,1599,28,996,30,463,11
2514,16,1599,28,996,30,620,11
2514,16,1599,28,996,30,700,11
2514,16,1599,28,996,30,742,11
2514,16,1599,28,996,30,758,11
2514,16,1599,28,996,30,879,11
2514,16,1599,28,996,30,927,11
2514,16,1599,28,996,30,979,11
2514,16,1599,28,996,30,1003,11
2514,16,1599,28,996,30,1044,11
2514,16,1599,28,996,30,1068,11
2514,16,1599,28,996,30,1153,11
2514,16,1599,28,996,30,1186,11
2514,16,1599,28,996,30,1194,11
2514,16,1599,28,996,30,1259,11
2514,16,1599,28,996,30,1260,11
2514,16,1599,28,996,30,1312,11
2514,16,1599,28,996,30,1388,11
2514,16,1599,28,996,30,1391,11
2514,16,1599,28,996,30,1422,11
2514,16,1599,28,996,30,1556,11
2514,16,1599,28,996,30,1568,11
2514,16,1599,28,996,30,1599,11
2514,16,1599,28,996,30,1747,11
2514,16,1599,28,996,30,1773,11
2514,16,1599,28,996,30,1799,11
2514,16,1599,28,996,30,1818,11
2514,16,1599,28,996,30,1873,11
2514,16,1599,28,996,30,1940,11
2514,16,1599,28,996,30,1956,11
2514,16,1599,28,996,30,1997,11
2514,16,1599,28,996,30,2068,11
2514,16,1599,28,996,30,2079,11
2514,16,1599,28,996,30,2123,11
2514,16,1599,28,996,30,2196,11
2514,16,1599,28,996,30,2206,11
2514,16,1599,28,996,30,2216,11
2514,16,1599,28,996,30,2244,11
2514,16,1599,28,996,30,2259,11
2514,16,1599,28,996,30,2261,11
2514,16,1599,28,996,30,2289,11
2514,16,1599,28,996,30,2359,11
2514,16,1599,28,996,30,2370,11
2514,16,1599,28,996,30,2405,11
2514,16,1599,28,1074,39,45,11
2514,16,1599,28,1074,39,159,11
2514,16,1599,28,1074,39,272,11
2514,16,1599,28,1074,39,338,11
2514,16,1599,28,1074,39,390,11
2514,16,1599,28,1074,39,457,11
2514,16,1599,28,1074,39,463,11
2514,16,1599,28,1074,39,620,11
2514,16,1599,28,1074,39,700,11
2514,16,1599,28,1074,39,742,11
2514,16,1599,28,1074,39,758,11
2514,16,1599,28,1074,39,879,11
2514,16,1599,28,1074,39,927,11
2514,16,1599,28,1074,39,979,11
2514,16,1599,28,1074,39,1003,11
2514,16,1599,28,1074,39,1044,11
2514,16,1599,28,1074,39,1068,11
2514,16,1599,28,1074,39,1153,11
2514,16,1599,28,1074,39,1186,11
2514,16,1599,28,1074,39,1194,11
2514,16,1599,28,1074,39,1259,11
2514,16,1599,28,1074,39,1260,11
2514,16,1599,28,1074,39,1312,11
2514,16,1599,28,1074,39,1388,11
2514,16,1599,28,1074,39,1391,11
2514,16,1599,28,1074,39,1422,11
2514,16,1599,28,1074,39,1556,11
2514,16,1599,28,1074,39,1568,11
2514,16,1599,28,1074,39,1599,11
2514,16,1599,28,1074,39,1747,11
2514,16,1599,28,1074,39,1773,11
2514,16,1599,28,1074,39,1799,11
2514,16,1599,28,1074,39,1818,11
2514,16,1599,28,1074,39,1873,11
2514,16,1599,28,1074,39,1940,11
2514,16,1599,28,1074,39,1956,11
2514,16,1599,28,1074,39,1997,11
2514,16,1599,28,1074,39,2068,11
2514,16,1599,28,1074,39,2079,11
2514,16,1599,28,1074,39,2123,11
2514,16,1599,28,1074,39,2196,11
2514,16,1599,28,1074,39,2206,11
2514,16,1599,28,1074,39,2216,11
2514,16,1599,28,1074,39,2244,11
2514,16,1599,28,1074,39,2259,11
2514,16,1599,28,1074,39,2261,11
2514,16,1599,28,1074,39,2289,11
2514,16,1599,28,1074,39,2359,11
2514,16,1599,28,1074,39,2370,11
2514,16,1599,28,1074,39,2405,11
2514,16,1599,28,1359,48,45,11
2514,16,1599,28,1359,48,159,11
2514,16,1599,28,1359,48,272,11
2514,16,1599,28,1359,48,338,11
2514,16,1599,28,1359,48,390,11
2514,16,1599,28,1359,48,457,11
2514,16,1599,28,1359,48,463,11
2514,16,1599,28,1359,48,620,11
2514,16,1599,28,1359,48,700,11
2514,16,1599,28,1359,48,742,11
2514,16,1599,28,1359,48,758,11
2514,16,1599,28,1359,48,879,11
2514,16,1599,28,1359,48,927,11
2514,16,1599,28,1359,48,979,11
2514,16,1599,28,1359,48,1003,11
2514,16,1599,28,1359,48,1044,11
2514,16,1599,28,1359,48,1068,11
2514,16,1599,28,1359,48,1153,11
2514,16,1599,28,1359,48,1186,11
2514,16,1599,28,1359,48,1194,11
2514,16,1599,28,1359,48,1259,11
2514,16,1599,28,1359,48,1260,11
2514,16,1599,28,1359,48,1312,11
2514,16,1599,28,1359,48,1388,11
2514,16,1599,28,1359,48,1391,11
2514,16,1599,28,1359,48,1422,11
2514,16,1599,28,1359,48,1556,11
2514,16,1599,28,1359,48,1568,11
2514,16,1599,28,1359,48,1599,11
2514,16,1599,28,1359,48,1747,11
2514,16,1599,28,1359,48,1773,11
2514,16,1599,28,1359,48,1799,11
2514,16,1599,28,1359,48,1818,11
2514,16,1599,28,1359,48,1873,11
2514,16,1599,28,1359,48,1940,11
2514,16,1599,28,1359,48,1956,11
2514,16,1599,28,1359,48,1997,11
2514,16,1599,28,1359,48,2068,11
2514,16,1599,28,1359,48,2079,11
2514,16,1599,28,1359,48,2123,11
2514,16,1599,28,1359,48,2196,11
2514,16,1599,28,1359,48,2206,11
2514,16,1599,28,1359,48,2216,11
2514,16,1599,28,1359,48,2244,11
2514,16,1599,28,1359,48,2259,11
2514,16,1599,28,1359,48,2261,11
2514,16,1599,28,1359,48,2289,11
2514,16,1599,28,1359,48,2359,11
2514,16,1599,28,1359,48,2370,11
2514,16,1599,28,1359,48,2405,11
2514,16,1599,28,1654,49,45,11
2514,16,1599,28,1654,49,159,11
2514,16,1599,28,1654,49,272,11
2514,16,1599,28,1654,49,338,11
2514,16,1599,28,1654,49,390,11
2514,16,1599,28,1654,49,457,11
2514,16,1599,28,1654,49,463,11
2514,16,1599,28,1654,49,620,11
2514,16,1599,28,1654,49,700,11
2514,16,1599,28,1654,49,742,11
2514,16,1599,28,1654,49,758,11
2514,16,1599,28,1654,49,879,11
2514,16,1599,28,1654,49,927,11
2514,16,1599,28,1654,49,979,11
2514,16,1599,28,1654,49,1003,11
2514,16,1599,28,1654,49,1044,11
2514,16,1599,28,1654,49,1068,11
2514,16,1599,28,1654,49,1153,11
2514,16,1599,28,1654,49,1186,11
2514,16,1599,28,1654,49,1194,11
2514,16,1599,28,1654,49,1259,11
2514,16,1599,28,1654,49,1260,11
2514,16,1599,28,1654,49,1312,11
2514,16,1599,28,1654,49,1388,11
2514,16,1599,28,1654,49,1391,11
2514,16,1599,28,1654,49,1422,11
2514,16,1599,28,1654,49,1556,11
2514,16,1599,28,1654,49,1568,11
2514,16,1599,28,1654,49,1599,11
2514,16,1599,28,1654,49,1747,11
2514,16,1599,28,1654,49,1773,11
2514,16,1599,28,1654,49,1799,11
2514,16,1599,28,1654,49,1818,11
2514,16,1599,28,1654,49,1873,11
2514,16,1599,28,1654,49,1940,11
2514,16,1599,28,1654,49,1956,11
2514,16,1599,28,1654,49,1997,11
2514,16,1599,28,1654,49,2068,11
2514,16,1599,28,1654,49,2079,11
2514,16,1599,28,1654,49,2123,11
2514,16,1599,28,1654,49,2196,11
2514,16,1599,28,1654,49,2206,11
2514,16,1599,28,1654,49,2216,11
2514,16,1599,28,1654,49,2244,11
2514,16,1599,28,1654,49,2259,11
2514,16,1599,28,1654,49,2261,11
2514,16,1599,28,1654,49,2289,11
2514,16,1599,28,1654,49,2359,11
2514,16,1599,28,1654,49,2370,11
2514,16,1599,28,1654,49,2405,11
2514,16,1599,28,1716,30,45,11
2514,16,1599,28,1716,30,159,11
2514,16,1599,28,1716,30,272,11
2514,16,1599,28,1716,30,338,11
2514,16,1599,28,1716,30,390,11
2514,16,1599,28,1716,30,457,11
2514,16,1599,28,1716,30,463,11
2514,16,1599,28,1716,30,620,11
2514,16,1599,28,1716,30,700,11
2514,16,1599,28,1716,30,742,11
2514,16,1599,28,1716,30,758,11
2514,16,1599,28,1716,30,879,11
2514,16,1599,28,1716,30,927,11
2514,16,1599,28,1716,30,979,11
2514,16,1599,28,1716,30,1003,11
2514,16,1599,28,1716,30,1044,11
2514,16,1599,28,1716,30,1068,11
2514,16,1599,28,1716,30,1153,11
2514,16,1599,28,1716,30,1186,11
2514,16,1599,28,1716,30,1194,11
2514,16,1599,28,1716,30,1259,11
2514,16,1599,28,1716,30,1260,11
2514,16,1599,28,1716,30,1312,11
2514,16,1599,28,1716,30,1388,11
2514,16,1599,28,1716,30,1391,11
2514,16,1599,28,1716,30,1422,11
2514,16,1599,28,1716,30,1556,11
2514,16,1599,28,1716,30,1568,11
2514,16,1599,28,1716,30,1599,11
2514,16,1599,28,1716,30,1747,11
2514,16,1599,28,1716,30,1773,11
2514,16,1599,28,1716,30,1799,11
2514,16,1599,28,1716,30,1818,11
2514,16,1599,28,1716,30,1873,11
2514,16,1599,28,1716,30,1940,11
2514,16,1599,28,1716,30,1956,11
2514,16,1599,28,1716,30,1997,11
2514,16,1599,28,1716,30,2068,11
2514,16,1599,28,1716,30,2079,11
2514,16,1599,28,1716,30,2123,11
2514,16,1599,28,1716,30,2196,11
2514,16,1599,28,1716,30,2206,11
2514,16,1599,28,1716,30,2216,11
2514,16,1599,28,1716,30,2244,11
2514,16,1599,28,1716,30,2259,11
2514,16,1599,28,1716,30,2261,11
2514,16,1599,28,1716,30,2289,11
2514,16,1599,28,1716,30,2359,11
2514,16,1599,28,1716,30,2370,11
2514,16,1599,28,1716,30,2405,11
2514,16,1599,28,1802,47,45,11
2514,16,1599,28,1802,47,159,11
2514,16,1599,28,1802,47,272,11
2514,16,1599,28,1802,47,338,11
2514,16,1599,28,1802,47,390,11
2514,16,1599,28,1802,47,457,11
2514,16,1599,28,1802,47,463,11
2514,16,1599,28,1802,47,620,11
2514,16,1599,28,1802,47,700,11
2514,16,1599,28,1802,47,742,11
2514,16,1599,28,1802,47,758,11
2514,16,1599,28,1802,47,879,11
2514,16,1599,28,1802,47,927,11
2514,16,1599,28,1802,47,979,11
2514,16,1599,28,1802,47,1003,11
2514,16,1599,28,1802,47,1044,11
2514,16,1599,28,1802,47,1068,11
2514,16,1599,28,1802,47,1153,11
2514,16,1599,28,1802,47,1186,11
2514,16,1599,28,1802,47,1194,11
2514,16,1599,28,1802,47,1259,11
2514,16,1599,28,1802,47,1260,11
2514,16,1599,28,1802,47,1312,11
2514,16,1599,28,1802,47,1388,11
2514,16,1599,28,1802,47,1391,11
2514,16,1599,28,1802,47,1422,11
2514,16,1599,28,1802,47,1556,11
2514,16,1599,28,1802,47,1568,11
2514,16,1599,28,1802,47,1599,11
2514,16,1599,28,1802,47,1747,11
2514,16,1599,28,1802,47,1773,11
2514,16,1599,28,1802,47,1799,11
2514,16,1599,28,1802,47,1818,11
2514,16,1599,28,1802,47,1873,11
2514,16,1599,28,1802,47,1940,11
2514,16,1599,28,1802,47,1956,11
2514,16,1599,28,1802,47,1997,11
2514,16,1599,28,1802,47,2068,11
2514,16,1599,28,1802,47,2079,11
2514,16,1599,28,1802,47,2123,11
2514,16,1599,28,1802,47,2196,11
2514,16,1599,28,1802,47,2206,11
2514,16,1599,28,1802,47,2216,11
2514,16,1599,28,1802,47,2244,11
2514,16,1599,28,1802,47,2259,11
2514,16,1599,28,1802,47,2261,11
2514,16,1599,28,1802,47,2289,11
2514,16,1599,28,1802,47,2359,11
2514,16,1599,28,1802,47,2370,11
2514,16,1599,28,1802,47,2405,11
2514,16,1599,28,1889,12,45,11
2514,16,1599,28,1889,12,159,11
2514,16,1599,28,1889,12,272,11
2514,16,1599,28,1889,12,338,11
2514,16,1599,28,1889,12,390,11
2514,16,1599,28,1889,12,457,11
2514,16,1599,28,1889,12,463,11
2514,16,1599,28,1889,12,620,11
2514,16,1599,28,1889,12,700,11
2514,16,1599,28,1889,12,742,11
2514,16,1599,28,1889,12,758,11
2514,16,1599,28,1889,12,879,11
2514,16,1599,28,1889,12,927,11
2514,16,1599,28,1889,12,979,11
2514,16,1599,28,1889,12,1003,11
2514,16,1599,28,1889,12,1044,11
2514,16,1599,28,1889,12,1068,11
2514,16,1599,28,1889,12,1153,11
2514,16,1599,28,1889,12,1186,11
2514,16,1599,28,1889,12,1194,11
2514,16,1599,28,1889,12,1259,11
2514,16,1599,28,1889,12,1260,11
2514,16,1599,28,1889,12,1312,11
2514,16,1599,28,1889,12,1388,11
2514,16,1599,28,1889,12,1391,11
2514,16,1599,28,1889,12,1422,11
2514,16,1599,28,1889,12,1556,11
2514,16,1599,28,1889,12,1568,11
2514,16,1599,28,1889,12,1599,11
2514,16,1599,28,1889,12,1747,11
2514,16,1599,28,1889,12,1773,11
2514,16,1599,28,1889,12,1799,11
2514,16,1599,28,1889,12,1818,11
2514,16,1599,28,1889,12,1873,11
2514,16,1599,28,1889,12,1940,11
2514,16,1599,28,1889,12,1956,11
2514,16,1599,28,1889,12,1997,11
2514,16,1599,28,1889,12,2068,11
2514,16,1599,28,1889,12,2079,11
2514,16,1599,28,1889,12,2123,11
2514,16,1599,28,1889,12,2196,11
2514,16,1599,28,1889,12,2206,11
2514,16,1599,28,1889,12,2216,11
2514,16,1599,28,1889,12,2244,11
2514,16,1599,28,1889,12,2259,11
2514,16,1599,28,1889,12,2261,11
2514,16,1599,28,1889,12,2289,11
2514,16,1599,28,1889,12,2359,11
2514,16,1599,28,1889,12,2370,11
2514,16,1599,28,1889,12,2405,11
2514,16,1599,28,1934,28,45,11
2514,16,1599,28,1934,28,159,11
2514,16,1599,28,1934,28,272,11
2514,16,1599,28,1934,28,338,11
2514,16,1599,28,1934,28,390,11
2514,16,1599,28,1934,28,457,11
2514,16,1599,28,1934,28,463,11
2514,16,1599,28,1934,28,620,11
2514,16,1599,28,1934,28,700,11
2514,16,1599,28,1934,28,742,11
2514,16,1599,28,1934,28,758,11
2514,16,1599,28,1934,28,879,11
2514,16,1599,28,1934,28,927,11
2514,16,1599,28,1934,28,979,11
2514,16,1599,28,1934,28,1003,11
2514,16,1599,28,1934,28,1044,11
2514,16,1599,28,1934,28,1068,11
2514,16,1599,28,1934,28,1153,11
2514,16,1599,28,1934,28,1186,11
2514,16,1599,28,1934,28,1194,11
2514,16,1599,28,1934,28,1259,11
2514,16,1599,28,1934,28,1260,11
2514,16,1599,28,1934,28,1312,11
2514,16,1599,28,1934,28,1388,11
2514,16,1599,28,1934,28,1391,11
2514,16,1599,28,1934,28,1422,11
2514,16,1599,28,1934,28,1556,11
2514,16,1599,28,1934,28,1568,11
2514,16,1599,28,1934,28,1599,11
2514,16,1599,28,1934,28,1747,11
2514,16,1599,28,1934,28,1773,11
2514,16,1599,28,1934,28,1799,11
2514,16,1599,28,1934,28,1818,11
2514,16,1599,28,1934,28,1873,11
2514,16,1599,28,1934,28,1940,11
2514,16,1599,28,1934,28,1956,11
2514,16,1599,28,1934,28,1997,11
2514,16,1599,28,1934,28,2068,11
2514,16,1599,28,1934,28,2079,11
2514,16,1599,28,1934,28,2123,11
2514,16,1599,28,1934,28,2196,11
2514,16,1599,28,1934,28,2206,11
2514,16,1599,28,1934,28,2216,11
2514,16,1599,28,1934,28,2244,11
2514,16,1599,28,1934,28,2259,11
2514,16,1599,28,1934,28,2261,11
2514,16,1599,28,1934,28,2289,11
2514,16,1599,28,1934,28,2359,11
2514,16,1599,28,1934,28,2370,11
2514,16,1599,28,1934,28,2405,11
2514,16,1599,28,1981,12,45,11
2514,16,1599,28,1981,12,159,11
2514,16,1599,28,1981,12,272,11
2514,16,1599,28,1981,12,338,11
2514,16,1599,28,1981,12,390,11
2514,16,1599,28,1981,12,457,11
2514,16,1599,28,1981,12,463,11
2514,16,1599,28,1981,12,620,11
2514,16,1599,28,1981,12,700,11
2514,16,1599,28,1981,12,742,11
2514,16,1599,28,1981,12,758,11
2514,16,1599,28,1981,12,879,11
2514,16,1599,28,1981,12,927,11
2514,16,1599,28,1981,12,979,11
2514,16,1599,28,1981,12,1003,11
2514,16,1599,28,1981,12,1044,11
2514,16,1599,28,1981,12,1068,11
2514,16,1599,28,1981,12,1153,11
2514,16,1599,28,1981,12,1186,11
2514,16,1599,28,1981,12,1194,11
2514,16,1599,28,1981,12,1259,11
2514,16,1599,28,1981,12,1260,11
2514,16,1599,28,1981,12,1312,11
2514,16,1599,28,1981,12,1388,11
2514,16,1599,28,1981,12,1391,11
2514,16,1599,28,1981,12,1422,11
2514,16,1599,28,1981,12,1556,11
2514,16,1599,28,1981,12,1568,11
2514,16,1599,28,1981,12,1599,11
2514,16,1599,28,1981,12,1747,11
2514,16,1599,28,1981,12,1773,11
2514,16,1599,28,1981,12,1799,11
2514,16,1599,28,1981,12,1818,11
2514,16,1599,28,1981,12,1873,11
2514,16,1599,28,1981,12,1940,11
2514,16,1599,28,1981,12,1956,11
2514,16,1599,28,1981,12,1997,11
2514,16,1599,28,1981,12,2068,11
2514,16,1599,28,1981,12,2079,11
2514,16,1599,28,1981,12,2123,11
2514,16,1599,28,1981,12,2196,11
2514,16,1599,28,1981,12,2206,11
2514,16,1599,28,1981,12,2216,11
2514,16,1599,28,1981,12,2244,11
2514,16,1599,28,1981,12,2259,11
2514,16,1599,28,1981,12,2261,11
2514,16,1599,28,1981,12,2289,11
2514,16,1599,28,1981,12,2359,11
2514,16,1599,28,1981,12,2370,11
2514,16,1599,28,1981,12,2405,11
2514,16,1599,28,1986,24,45,11
2514,16,1599,28,1986,24,159,11
2514,16,1599,28,1986,24,272,11
2514,16,1599,28,1986,24,338,11
2514,16,1599,28,1986,24,390,11
2514,16,1599,28,1986,24,457,11
2514,16,1599,28,1986,24,463,11
2514,16,1599,28,1986,24,620,11
2514,16,1599,28,1986,24,700,11
2514,16,1599,28,1986,24,742,11
2514,16,1599,28,1986,24,758,11
2514,16,1599,28,1986,24,879,11
2514,16,1599,28,1986,24,927,11
2514,16,1599,28,1986,24,979,11
2514,16,1599,28,1986,24,1003,11
2514,16,1599,28,1986,24,1044,11
2514,16,1599,28,1986,24,1068,11
2514,16,1599,28,1986,24,1153,11
2514,16,1599,28,1986,24,1186,11
2514,16,1599,28,1986,24,1194,11
2514,16,1599,28,1986,24,1259,11
2514,16,1599,28,1986,24,1260,11
2514,16,1599,28,1986,24,1312,11
2514,16,1599,28,1986,24,1388,11
2514,16,1599,28,1986,24,1391,11
2514,16,1599,28,1986,24,1422,11
2514,16,1599,28,1986,24,1556,11
2514,16,1599,28,1986,24,1568,11
2514,16,1599,28,1986,24,1599,11
2514,16,1599,28,1986,24,1747,11
2514,16,1599,28,1986,24,1773,11
2514,16,1599,28,1986,24,1799,11
2514,16,1599,28,1986,24,1818,11
2514,16,1599,28,1986,24,1873,11
2514,16,1599,28,1986,24,1940,11
2514,16,1599,28,1986,24,1956,11
2514,16,1599,28,1986,24,1997,11
2514,16,1599,28,1986,24,2068,11
2514,16,1599,28,1986,24,2079,11
2514,16,1599,28,1986,24,2123,11
2514,16,1599,28,1986,24,2196,11
2514,16,1599,28,1986,24,2206,11
2514,16,1599,28,1986,24,2216,11
2514,16,1599,28,1986,24,2244,11
2514,16,1599,28,1986,24,2259,11
2514,16,1599,28,1986,24,2261,11
2514,16,1599,28,1986,24,2289,11
2514,16,1599,28,1986,24,2359,11
2514,16,1599,28,1986,24,2370,11
2514,16,1599,28,1986,24,2405,11
