2514,16,1918,16,87,13,45,11
2514,16,1918,16,87,13,159,11
2514,16,1918,16,87,13,272,11
2514,16,1918,16,87,13,338,11
2514,16,1918,16,87,13,390,11
2514,16,1918,16,87,13,457,11
2514,16,1918,16,87,13,463,11
2514,16,1918,16,87,13,620,11
2514,16,1918,16,87,13,700,11
2514,16,1918,16,87,13,742,11
2514,16,1918,16,87,13,758,11
2514,16,1918,16,87,13,879,11
2514,16,1918,16,87,13,927,11
2514,16,1918,16,87,13,979,11
2514,16,1918,16,87,13,1003,11
2514,16,1918,16,87,13,1044,11
2514,16,1918,16,87,13,1068,11
2514,16,1918,16,87,13,1153,11
2514,16,1918,16,87,13,1186,11
2514,16,1918,16,87,13,1194,11
2514,16,1918,16,87,13,1259,11
2514,16,1918,16,87,13,1260,11
2514,16,1918,16,87,13,1312,11
2514,16,1918,16,87,13,1388,11
2514,16,1918,16,87,13,1391,11
2514,16,1918,16,87,13,1422,11
2514,16,1918,16,87,13,1556,11
2514,16,1918,16,87,13,1568,11
2514,16,1918,16,87,13,1599,11
2514,16,1918,16,87,13,1747,11
2514,16,1918,16,87,13,1773,11
2514,16,1918,16,87,13,1799,11
2514,16,1918,16,87,13,1818,11
2514,16,1918,16,87,13,1873,11
2514,16,1918,16,87,13,1940,11
2514,16,1918,16,87,13,1956,11
2514,16,1918,16,87,13,1997,11
2514,16,1918,16,87,13,2068,11
2514,16,1918,16,87,13,2079,11
2514,16,1918,16,87,13,2123,11
2514,16,1918,16,87,13,2196,11
2514,16,1918,16,87,13,2206,11
2514,16,1918,16,87,13,2216,11
2514,16,1918,16,87,13,2244,11
2514,16,1918,16,87,13,2259,11
2514,16,1918,16,87,13,2261,11
2514,16,1918,16,87,13,2289,11
2514,16,1918,16,87,13,2359,11
2514,16,1918,16,87,13,2370,11
2514,16,1918,16,87,13,2405,11
2514,16,1918,16,109,30,45,11
2514,16,1918,16,109,30,159,11
2514,16,1918,16,109,30,272,11
2514,16,1918,16,109,30,338,11
2514,16,1918,16,109,30,390,11
2514,16,1918,16,109,30,457,11
2514,16,1918,16,109,30,463,11
2514,16,1918,16,109,30,620,11
2514,16,1918,16,109,30,700,11
2514,16,1918,16,109,30,742,11
2514,16,1918,16,109,30,758,11
2514,16,1918,16,109,30,879,11
2514,16,1918,16,109,30,927,11
2514,16,1918,16,109,30,979,11
2514,16,1918,16,109,30,1003,11
2514,16,1918,16,109,30,1044,11
2514,16,1918,16,109,30,1068,11
2514,16,1918,16,109,30,1153,11
2514,16,1918,16,109,30,1186,11
2514,16,1918,16,109,30,1194,11
2514,16,1918,16,109,30,1259,11
2514,16,1918,16,109,30,1260,11
2514,16,1918,16,109,30,1312,11
2514,16,1918,16,109,30,1388,11
2514,16,1918,16,109,30,1391,11
2514,16,1918,16,109,30,1422,11
2514,16,1918,16,109,30,1556,11
2514,16,1918,16,109,30,1568,11
2514,16,1918,16,109,30,1599,11
2514,16,1918,16,109,30,1747,11
2514,16,1918,16,109,30,1773,11
2514,16,1918,16,109,30,1799,11
2514,16,1918,16,109,30,1818,11
2514,16,1918,16,109,30,1873,11
2514,16,1918,16,109,30,1940,11
2514,16,1918,16,109,30,1956,11
2514,16,1918,16,109,30,1997,11
2514,16,1918,16,109,30,2068,11
2514,16,1918,16,109,30,2079,11
2514,16,1918,16,109,30,2123,11
2514,16,1918,16,109,30,2196,11
2514,16,1918,16,109,30,2206,11
2514,16,1918,16,109,30,2216,11
2514,16,1918,16,109,30,2244,11
2514,16,1918,16,109,30,2259,11
2514,16,1918,16,109,30,2261,11
2514,16,1918,16,109,30,2289,11
2514,16,1918,16,109,30,2359,11
2514,16,1918,16,109,30,2370,11
2514,16,1918,16,109,30,2405,11
2514,16,1918,16,471,38,45,11
2514,16,1918,16,471,38,159,11
2514,16,1918,16,471,38,272,11
2514,16,1918,16,471,38,338,11
2514,16,1918,16,471,38,390,11
2514,16,1918,16,471,38,457,11
2514,16,1918,16,471,38,463,11
2514,16,1918,16,471,38,620,11
2514,16,1918,16,471,38,700,11
2514,16,1918,16,471,38,742,11
2514,16,1918,16,471,38,758,11
2514,16,1918,16,471,38,879,11
2514,16,1918,16,471,38,927,11
2514,16,1918,16,471,38,979,11
2514,16,1918,16,471,38,1003,11
2514,16,1918,16,471,38,1044,11
2514,16,1918,16,471,38,1068,11
2514,16,1918,16,471,38,1153,11
2514,16,1918,16,471,38,1186,11
2514,16,1918,16,471,38,1194,11
2514,16,1918,16,471,38,1259,11
2514,16,1918,16,471,38,1260,11
2514,16,1918,16,471,38,1312,11
2514,16,1918,16,471,38,1388,11
2514,16,1918,16,471,38,1391,11
2514,16,1918,16,471,38,1422,11
2514,16,1918,16,471,38,1556,11
2514,16,1918,16,471,38,1568,11
2514,16,1918,16,471,38,1599,11
2514,16,1918,16,471,38,1747,11
2514,16,1918,16,471,38,1773,11
2514,16,1918,16,471,38,1799,11
2514,16,1918,16,471,38,1818,11
2514,16,1918,16,471,38,1873,11
2514,16,1918,16,471,38,1940,11
2514,16,1918,16,471,38,1956,11
2514,16,1918,16,471,38,1997,11
2514,16,1918,16,471,38,2068,11
2514,16,1918,16,471,38,2079,11
2514,16,1918,16,471,38,2123,11
2514,16,1918,16,471,38,2196,11
2514,16,1918,16,471,38,2206,11
2514,16,1918,16,471,38,2216,11
2514,16,1918,16,471,38,2244,11
2514,16,1918,16,471,38,2259,11
2514,16,1918,16,471,38,2261,11
2514,16,1918,16,471,38,2289,11
2514,16,1918,16,471,38,2359,11
2514,16,1918,16,471,38,2370,11
2514,16,1918,16,471,38,2405,11
2514,16,1918,16,520,25,45,11
2514,16,1918,16,520,25,390,11
2514,16,1918,16,520,25,620,11
2514,16,1918,16,520,25,979,11
2514,16,1918,16,520,25,1799,11
2514,16,1918,16,520,25,1956,11
2514,16,1918,16,520,25,2206,11
2514,16,1918,16,520,25,2244,11
2514,16,1918,16,520,25,2261,11
2514,16,1918,16,520,25,2359,11
2514,16,1918,16,740,48,159,11
2514,16,1918,16,740,48,272,11
2514,16,1918,16,740,48,457,11
2514,16,1918,16,740,48,463,11
2514,16,1918,16,740,48,700,11
2514,16,1918,16,740,48,879,11
2514,16,1918,16,740,48,927,11
2514,16,1918,16,740,48,1003,11
2514,16,1918,16,740,48,1068,11
2514,16,1918,16,740,48,1153,11
2514,16,1918,16,740,48,1194,11
2514,16,1918,16,740,48,1260,11
2514,16,1918,16,740,48,1388,11
2514,16,1918,16,740,48,1391,11
2514,16,1918,16,740,48,1422,11
2514,16,1918,16,740,48,1556,11
2514,16,1918,16,740,48,1568,11
2514,16,1918,16,740,48,1599,11
2514,16,1918,16,740,48,1747,11
2514,16,1918,16,740,48,1818,11
2514,16,1918,16,740,48,1873,11
2514,16,1918,16,740,48,1940,11
2514,16,1918,16,740,48,2068,11
2514,16,1918,16,740,48,2079,11
2514,16,1918,16,740,48,2123,11
2514,16,1918,16,740,48,2196,11
2514,16,1918,16,740,48,2216,11
2514,16,1918,16,740,48,2259,11
2514,16,1918,16,740,48,2370,11
2514,16,1918,16,740,48,2405,11
2514,16,1918,16,834,40,45,11
2514,16,1918,16,834,40,159,11
2514,16,1918,16,834,40,272,11
2514,16,1918,16,834,40,338,11
2514,16,1918,16,834,40,390,11
2514,16,1918,16,834,40,457,11
2514,16,1918,16,834,40,463,11
2514,16,1918,16,834,40,620,11
2514,16,1918,16,834,40,700,11
2514,16,1918,16,834,40,742,11
2514,16,1918,16,834,40,758,11
2514,16,1918,16,834,40,879,11
2514,16,1918,16,834,40,927,11
2514,16,1918,16,834,40,979,11
2514,16,1918,16,834,40,1003,11
2514,16,1918,16,834,40,1044,11
2514,16,1918,16,834,40,1068,11
2514,16,1918,16,834,40,1153,11
2514,16,1918,16,834,40,1186,11
2514,16,1918,16,834,40,1194,11
2514,16,1918,16,834,40,1259,11
2514,16,1918,16,834,40,1260,11
2514,16,1918,16,834,40,1312,11
2514,16,1918,16,834,40,1388,11
2514,16,1918,16,834,40,1391,11
2514,16,1918,16,834,40,1422,11
2514,16,1918,16,834,40,1556,11
2514,16,1918,16,834,40,1568,11
2514,16,1918,16,834,40,1599,11
2514,16,1918,16,834,40,1747,11
2514,16,1918,16,834,40,1773,11
2514,16,1918,16,834,40,1799,11
2514,16,1918,16,834,40,1818,11
2514,16,1918,16,834,40,1873,11
2514,16,1918,16,834,40,1940,11
2514,16,1918,16,834,40,1956,11
2514,16,1918,16,834,40,1997,11
2514,16,1918,16,834,40,2068,11
2514,16,1918,16,834,40,2079,11
2514,16,1918,16,834,40,2123,11
2514,16,1918,16,834,40,2196,11
2514,16,1918,16,834,40,2206,11
2514,16,1918,16,834,40,2216,11
2514,16,1918,16,834,40,2244,11
2514,16,1918,16,834,40,2259,11
2514,16,1918,16,834,40,2261,11
2514,16,1918,16,834,40,2289,11
2514,16,1918,16,834,40,2359,11
2514,16,1918,16,834,40,2370,11
2514,16,1918,16,834,40,2405,11
2514,16,1918,16,932,37,45,11
2514,16,1918,16,932,37,159,11
2514,16,1918,16,932,37,272,11
2514,16,1918,16,932,37,338,11
2514,16,1918,16,932,37,390,11
2514,16,1918,16,932,37,457,11
2514,16,1918,16,932,37,463,11
2514,16,1918,16,932,37,620,11
2514,16,1918,16,932,37,700,11
2514,16,1918,16,932,37,742,11
2514,16,1918,16,932,37,758,11
2514,16,1918,16,932,37,879,11
2514,16,1918,16,932,37,927,11
2514,16,1918,16,932,37,979,11
2514,16,1918,16,932,37,1003,11
2514,16,1918,16,932,37,1044,11
2514,16,1918,16,932,37,1068,11
2514,16,1918,16,932,37,1153,11
2514,16,1918,16,932,37,1186,11
2514,16,1918,16,932,37,1194,11
2514,16,1918,16,932,37,1259,11
2514,16,1918,16,932,37,1260,11
2514,16,1918,16,932,37,1312,11
2514,16,1918,16,932,37,1388,11
2514,16,1918,16,932,37,1391,11
2514,16,1918,16,932,37,1422,11
2514,16,1918,16,932,37,1556,11
2514,16,1918,16,932,37,1568,11
2514,16,1918,16,932,37,1599,11
2514,16,1918,16,932,37,1747,11
2514,16,1918,16,932,37,1773,11
2514,16,1918,16,932,37,1799,11
2514,16,1918,16,932,37,1818,11
2514,16,1918,16,932,37,1873,11
2514,16,1918,16,932,37,1940,11
2514,16,1918,16,932,37,1956,11
2514,16,1918,16,932,37,1997,11
2514,16,1918,16,932,37,2068,11
2514,16,1918,16,932,37,2079,11
2514,16,1918,16,932,37,2123,11
2514,16,1918,16,932,37,2196,11
2514,16,1918,16,932,37,2206,11
2514,16,1918,16,932,37,2216,11
2514,16,1918,16,932,37,2244,11
2514,16,1918,16,932,37,2259,11
2514,16,1918,16,932,37,2261,11
2514,16,1918,16,932,37,2289,11
2514,16,1918,16,932,37,2359,11
2514,16,1918,16,932,37,2370,11
2514,16,1918,16,932,37,2405,11
2514,16,1918,16,1043,48,45,11
2514,16,1918,16,1043,48,159,11
2514,16,1918,16,1043,48,272,11
2514,16,1918,16,1043,48,338,11
2514,16,1918,16,1043,48,390,11
2514,16,1918,16,1043,48,457,11
2514,16,1918,16,1043,48,463,11
2514,16,1918,16,1043,48,620,11
2514,16,1918,16,1043,48,700,11
2514,16,1918,16,1043,48,742,11
2514,16,1918,16,1043,48,758,11
2514,16,1918,16,1043,48,879,11
2514,16,1918,16,1043,48,927,11
2514,16,1918,16,1043,48,979,11
2514,16,1918,16,1043,48,1003,11
2514,16,1918,16,1043,48,1044,11
2514,16,1918,16,1043,48,1068,11
2514,16,1918,16,1043,48,1153,11
2514,16,1918,16,1043,48,1186,11
2514,16,1918,16,1043,48,1194,11
2514,16,1918,16,1043,48,1259,11
2514,16,1918,16,1043,48,1260,11
2514,16,1918,16,1043,48,1312,11
2514,16,1918,16,1043,48,1388,11
2514,16,1918,16,1043,48,1391,11
2514,16,1918,16,1043,48,1422,11
2514,16,1918,16,1043,48,1556,11
2514,16,1918,16,1043,48,1568,11
2514,16,1918,16,1043,48,1599,11
2514,16,1918,16,1043,48,1747,11
2514,16,1918,16,1043,48,1773,11
2514,16,1918,16,1043,48,1799,11
2514,16,1918,16,1043,48,1818,11
2514,16,1918,16,1043,48,1873,11
2514,16,1918,16,1043,48,1940,11
2514,16,1918,16,1043,48,1956,11
2514,16,1918,16,1043,48,1997,11
2514,16,1918,16,1043,48,2068,11
2514,16,1918,16,1043,48,2079,11
2514,16,1918,16,1043,48,2123,11
2514,16,1918,16,1043,48,2196,11
2514,16,1918,16,1043,48,2206,11
2514,16,1918,16,1043,48,2216,11
2514,16,1918,16,1043,48,2244,11
2514,16,1918,16,1043,48,2259,11
2514,16,1918,16,1043,48,2261,11
2514,16,1918,16,1043,48,2289,11
2514,16,1918,16,1043,48,2359,11
2514,16,1918,16,1043,48,2370,11
2514,16,1918,16,1043,48,2405,11
2514,16,1918,16,1122,50,45,11
2514,16,1918,16,1122,50,159,11
2514,16,1918,16,1122,50,272,11
2514,16,1918,16,1122,50,338,11
2514,16,1918,16,1122,50,390,11
2514,16,1918,16,1122,50,457,11
2514,16,1918,16,1122,50,463,11
2514,16,1918,16,1122,50,620,11
2514,16,1918,16,1122,50,700,11
2514,16,1918,16,1122,50,742,11
2514,16,1918,16,1122,50,758,11
2514,16,1918,16,1122,50,879,11
2514,16,1918,16,1122,50,927,11
2514,16,1918,16,1122,50,979,11
2514,16,1918,16,1122,50,1003,11
2514,16,1918,16,1122,50,1044,11
2514,16,1918,16,1122,50,1068,11
2514,16,1918,16,1122,50,1153,11
2514,16,1918,16,1122,50,1186,11
2514,16,1918,16,1122,50,1194,11
2514,16,1918,16,1122,50,1259,11
2514,16,1918,16,1122,50,1260,11
2514,16,1918,16,1122,50,1312,11
2514,16,1918,16,1122,50,1388,11
2514,16,1918,16,1122,50,1391,11
2514,16,1918,16,1122,50,1422,11
2514,16,1918,16,1122,50,1556,11
2514,16,1918,16,1122,50,1568,11
2514,16,1918,16,1122,50,1599,11
2514,16,1918,16,1122,50,1747,11
2514,16,1918,16,1122,50,1773,11
2514,16,1918,16,1122,50,1799,11
2514,16,1918,16,1122,50,1818,11
2514,16,1918,16,1122,50,1873,11
2514,16,1918,16,1122,50,1940,11
2514,16,1918,16,1122,50,1956,11
2514,16,1918,16,1122,50,1997,11
2514,16,1918,16,1122,50,2068,11
2514,16,1918,16,1122,50,2079,11
2514,16,1918,16,1122,50,2123,11
2514,16,1918,16,1122,50,2196,11
2514,16,1918,16,1122,50,2206,11
2514,16,1918,16,1122,50,2216,11
2514,16,1918,16,1122,50,2244,11
2514,16,1918,16,1122,50,2259,11
2514,16,1918,16,1122,50,2261,11
2514,16,1918,16,1122,50,2289,11
2514,16,1918,16,1122,50,2359,11
2514,16,1918,16,1122,50,2370,11
2514,16,1918,16,1122,50,2405,11
2514,16,1918,16,1310,16,45,11
2514,16,1918,16,1310,16,159,11
2514,16,1918,16,1310,16,272,11
2514,16,1918,16,1310,16,338,11
2514,16,1918,16,1310,16,390,11
2514,16,1918,16,1310,16,457,11
2514,16,1918,16,1310,16,463,11
2514,16,1918,16,1310,16,620,11
2514,16,1918,16,1310,16,700,11
2514,16,1918,16,1310,16,742,11
2514,16,1918,16,1310,16,758,11
2514,16,1918,16,1310,16,879,11
2514,16,1918,16,1310,16,927,11
2514,16,1918,16,1310,16,979,11
2514,16,1918,16,1310,16,1003,11
2514,16,1918,16,1310,16,1044,11
2514,16,1918,16,1310,16,1068,11
2514,16,1918,16,1310,16,1153,11
2514,16,1918,16,1310,16,1186,11
2514,16,1918,16,1310,16,1194,11
2514,16,1918,16,1310,16,1259,11
2514,16,1918,16,1310,16,1260,11
2514,16,1918,16,1310,16,1312,11
2514,16,1918,16,1310,16,1388,11
2514,16,1918,16,1310,16,1391,11
2514,16,1918,16,1310,16,1422,11
2514,16,1918,16,1310,16,1556,11
2514,16,1918,16,1310,16,1568,11
2514,16,1918,16,1310,16,1599,11
2514,16,1918,16,1310,16,1747,11
2514,16,1918,16,1310,16,1773,11
2514,16,1918,16,1310,16,1799,11
2514,16,1918,16,1310,16,1818,11
2514,16,1918,16,1310,16,1873,11
2514,16,1918,16,1310,16,1940,11
2514,16,1918,16,1310,16,1956,11
2514,16,1918,16,1310,16,1997,11
2514,16,1918,16,1310,16,2068,11
2514,16,1918,16,1310,16,2079,11
2514,16,1918,16,1310,16,2123,11
2514,16,1918,16,1310,16,2196,11
2514,16,1918,16,1310,16,2206,11
2514,16,1918,16,1310,16,2216,11
2514,16,1918,16,1310,16,2244,11
2514,16,1918,16,1310,16,2259,11
2514,16,1918,16,1310,16,2261,11
2514,16,1918,16,1310,16,2289,11
2514,16,1918,16,1310,16,2359,11
2514,16,1918,16,1310,16,2370,11
2514,16,1918,16,1310,16,2405,11
2514,16,1918,16,1566,42,45,11
2514,16,1918,16,1566,42,159,11
2514,16,1918,16,1566,42,272,11
2514,16,1918,16,1566,42,338,11
2514,16,1918,16,1566,42,390,11
2514,16,1918,16,1566,42,457,11
2514,16,1918,16,1566,42,463,11
2514,16,1918,16,1566,42,620,11
2514,16,1918,16,1566,42,700,11
2514,16,1918,16,1566,42,742,11
2514,16,1918,16,1566,42,758,11
2514,16,1918,16,1566,42,879,11
2514,16,1918,16,1566,42,927,11
2514,16,1918,16,1566,42,979,11
2514,16,1918,16,1566,42,1003,11
2514,16,1918,16,1566,42,1044,11
2514,16,1918,16,1566,42,1068,11
2514,16,1918,16,1566,42,1153,11
2514,16,1918,16,1566,42,1186,11
2514,16,1918,16,1566,42,1194,11
2514,16,1918,16,1566,42,1259,11
2514,16,1918,16,1566,42,1260,11
2514,16,1918,16,1566,42,1312,11
2514,16,1918,16,1566,42,1388,11
2514,16,1918,16,1566,42,1391,11
2514,16,1918,16,1566,42,1422,11
2514,16,1918,16,1566,42,1556,11
2514,16,1918,16,1566,42,1568,11
2514,16,1918,16,1566,42,1599,11
2514,16,1918,16,1566,42,1747,11
2514,16,1918,16,1566,42,1773,11
2514,16,1918,16,1566,42,1799,11
2514,16,1918,16,1566,42,1818,11
2514,16,1918,16,1566,42,1873,11
2514,16,1918,16,1566,42,1940,11
2514,16,1918,16,1566,42,1956,11
2514,16,1918,16,1566,42,1997,11
2514,16,1918,16,1566,42,2068,11
2514,16,1918,16,1566,42,2079,11
2514,16,1918,16,1566,42,2123,11
2514,16,1918,16,1566,42,2196,11
2514,16,1918,16,1566,42,2206,11
2514,16,1918,16,1566,42,2216,11
2514,16,1918,16,1566,42,2244,11
2514,16,1918,16,1566,42,2259,11
2514,16,1918,16,1566,42,2261,11
2514,16,1918,16,1566,42,2289,11
2514,16,1918,16,1566,42,2359,11
2514,16,1918,16,1566,42,2370,11
2514,16,1918,16,1566,42,2405,11
2514,16,1918,16,1581,40,45,11
2514,16,1918,16,1581,40,159,11
2514,16,1918,16,1581,40,272,11
2514,16,1918,16,1581,40,338,11
2514,16,1918,16,1581,40,390,11
2514,16,1918,16,1581,40,457,11
2514,16,1918,16,1581,40,463,11
2514,16,1918,16,1581,40,620,11
2514,16,1918,16,1581,40,700,11
2514,16,1918,16,1581,40,742,11
2514,16,1918,16,1581,40,758,11
2514,16,1918,16,1581,40,879,11
2514,16,1918,16,1581,40,927,11
2514,16,1918,16,1581,40,979,11
2514,16,1918,16,1581,40,1003,11
2514,16,1918,16,1581,40,1044,11
2514,16,1918,16,1581,40,1068,11
2514,16,1918,16,1581,40,1153,11
2514,16,1918,16,1581,40,1186,11
2514,16,1918,16,1581,40,1194,11
2514,16,1918,16,1581,40,1259,11
2514,16,1918,16,1581,40,1260,11
2514,16,1918,16,1581,40,1312,11
2514,16,1918,16,1581,40,1388,11
2514,16,1918,16,1581,40,1391,11
2514,16,1918,16,1581,40,1422,11
2514,16,1918,16,1581,40,1556,11
2514,16,1918,16,1581,40,1568,11
2514,16,1918,16,1581,40,1599,11
2514,16,1918,16,1581,40,1747,11
2514,16,1918,16,1581,40,1773,11
2514,16,1918,16,1581,40,1799,11
2514,16,1918,16,1581,40,1818,11
2514,16,1918,16,1581,40,1873,11
2514,16,1918,16,1581,40,1940,11
2514,16,1918,16,1581,40,1956,11
2514,16,1918,16,1581,40,1997,11
2514,16,1918,16,1581,40,2068,11
2514,16,1918,16,1581,40,2079,11
2514,16,1918,16,1581,40,2123,11
2514,16,1918,16,1581,40,2196,11
2514,16,1918,16,1581,40,2206,11
2514,16,1918,16,1581,40,2216,11
2514,16,1918,16,1581,40,2244,11
2514,16,1918,16,1581,40,2259,11
2514,16,1918,16,1581,40,2261,11
2514,16,1918,16,1581,40,2289,11
2514,16,1918,16,1581,40,2359,11
2514,16,1918,16,1581,40,2370,11
2514,16,1918,16,1581,40,2405,11
2514,16,1918,16,1713,15,45,11
2514,16,1918,16,1713,15,159,11
2514,16,1918,16,1713,15,272,11
2514,16,1918,16,1713,15,338,11
2514,16,1918,16,1713,15,390,11
2514,16,1918,16,1713,15,457,11
2514,16,1918,16,1713,15,463,11
2514,16,1918,16,1713,15,620,11
2514,16,1918,16,1713,15,700,11
2514,16,1918,16,1713,15,742,11
2514,16,1918,16,1713,15,758,11
2514,16,1918,16,1713,15,879,11
2514,16,1918,16,1713,15,927,11
2514,16,1918,16,1713,15,979,11
2514,16,1918,16,1713,15,1003,11
2514,16,1918,16,1713,15,1044,11
2514,16,1918,16,1713,15,1068,11
2514,16,1918,16,1713,15,1153,11
2514,16,1918,16,1713,15,1186,11
2514,16,1918,16,1713,15,1194,11
2514,16,1918,16,1713,15,1259,11
2514,16,1918,16,1713,15,1260,11
2514,16,1918,16,1713,15,1312,11
2514,16,1918,16,1713,15,1388,11
2514,16,1918,16,1713,15,1391,11
2514,16,1918,16,1713,15,1422,11
2514,16,1918,16,1713,15,1556,11
2514,16,1918,16,1713,15,1568,11
2514,16,1918,16,1713,15,1599,11
2514,16,1918,16,1713,15,1747,11
2514,16,1918,16,1713,15,1773,11
2514,16,1918,16,1713,15,1799,11
2514,16,1918,16,1713,15,1818,11
2514,16,1918,16,1713,15,1873,11
2514,16,1918,16,1713,15,1940,11
2514,16,1918,16,1713,15,1956,11
2514,16,1918,16,1713,15,1997,11
2514,16,1918,16,1713,15,2068,11
2514,16,1918,16,1713,15,2079,11
2514,16,1918,16,1713,15,2123,11
2514,16,1918,16,1713,15,2196,11
2514,16,1918,16,1713,15,2206,11
2514,16,1918,16,1713,15,2216,11
2514,16,1918,16,1713,15,2244,11
2514,16,1918,16,1713,15,2259,11
2514,16,1918,16,1713,15,2261,11
2514,16,1918,16,1713,15,2289,11
2514,16,1918,16,1713,15,2359,11
2514,16,1918,16,1713,15,2370,11
2514,16,1918,16,1713,15,2405,11
2514,16,1918,16,1959,35,45,11
2514,16,1918,16,1959,35,159,11
2514,16,1918,16,1959,35,272,11
2514,16,1918,16,1959,35,338,11
2514,16,1918,16,1959,35,390,11
2514,16,1918,16,1959,35,457,11
2514,16,1918,16,1959,35,463,11
2514,16,1918,16,1959,35,620,11
2514,16,1918,16,1959,35,700,11
2514,16,1918,16,1959,35,742,11
2514,16,1918,16,1959,35,758,11
2514,16,1918,16,1959,35,879,11
2514,16,1918,16,1959,35,927,11
2514,16,1918,16,1959,35,979,11
2514,16,1918,16,1959,35,1003,11
2514,16,1918,16,1959,35,1044,11
2514,16,1918,16,1959,35,1068,11
2514,16,1918,16,1959,35,1153,11
2514,16,1918,16,1959,35,1186,11
2514,16,1918,16,1959,35,1194,11
2514,16,1918,16,1959,35,1259,11
2514,16,1918,16,1959,35,1260,11
2514,16,1918,16,1959,35,1312,11
2514,16,1918,16,1959,35,1388,11
2514,16,1918,16,1959,35,1391,11
2514,16,1918,16,1959,35,1422,11
2514,16,1918,16,1959,35,1556,11
2514,16,1918,16,1959,35,1568,11
2514,16,1918,16,1959,35,1599,11
2514,16,1918,16,1959,35,1747,11
2514,16,1918,16,1959,35,1773,11
2514,16,1918,16,1959,35,1799,11
2514,16,1918,16,1959,35,1818,11
2514,16,1918,16,1959,35,1873,11
2514,16,1918,16,1959,35,1940,11
2514,16,1918,16,1959,35,1956,11
2514,16,1918,16,1959,35,1997,11
2514,16,1918,16,1959,35,2068,11
2514,16,1918,16,1959,35,2079,11
2514,16,1918,16,1959,35,2123,11
2514,16,1918,16,1959,35,2196,11
2514,16,1918,16,1959,35,2206,11
2514,16,1918,16,1959,35,2216,11
2514,16,1918,16,1959,35,2244,11
2514,16,1918,16,1959,35,2259,11
2514,16,1918,16,1959,35,2261,11
2514,16,1918,16,1959,35,2289,11
2514,16,1918,16,1959,35,2359,11
2514,16,1918,16,1959,35,2370,11
2514,16,1918,16,1959,35,2405,11
