2514,16,1365,12,59,37,159,11
2514,16,1365,12,59,37,457,11
2514,16,1365,12,59,37,463,11
2514,16,1365,12,59,37,700,11
2514,16,1365,12,59,37,879,11
2514,16,1365,12,59,37,927,11
2514,16,1365,12,59,37,1003,11
2514,16,1365,12,59,37,1153,11
2514,16,1365,12,59,37,1194,11
2514,16,1365,12,59,37,1388,11
2514,16,1365,12,59,37,1556,11
2514,16,1365,12,59,37,1568,11
2514,16,1365,12,59,37,1599,11
2514,16,1365,12,59,37,1818,11
2514,16,1365,12,59,37,1873,11
2514,16,1365,12,59,37,1940,11
2514,16,1365,12,59,37,2123,11
2514,16,1365,12,59,37,2196,11
2514,16,1365,12,59,37,2216,11
2514,16,1365,12,59,37,2370,11
2514,16,1365,12,198,47,45,11
2514,16,1365,12,198,47,159,11
2514,16,1365,12,198,47,272,11
2514,16,1365,12,198,47,338,11
2514,16,1365,12,198,47,390,11
2514,16,1365,12,198,47,457,11
2514,16,1365,12,198,47,463,11
2514,16,1365,12,198,47,620,11
2514,16,1365,12,198,47,700,11
2514,16,1365,12,198,47,742,11
2514,16,1365,12,198,47,758,11
2514,16,1365,12,198,47,879,11
2514,16,1365,12,198,47,927,11
2514,16,1365,12,198,47,979,11
2514,16,1365,12,198,47,1003,11
2514,16,1365,12,198,47,1044,11
2514,16,1365,12,198,47,1068,11
2514,16,1365,12,198,47,1153,11
2514,16,1365,12,198,47,1186,11
2514,16,1365,12,198,47,1194,11
2514,16,1365,12,198,47,1259,11
2514,16,1365,12,198,47,1260,11
2514,16,1365,12,198,47,1312,11
2514,16,1365,12,198,47,1388,11
2514,16,1365,12,198,47,1391,11
2514,16,1365,12,198,47,1422,11
2514,16,1365,12,198,47,1556,11
2514,16,1365,12,198,47,1568,11
2514,16,1365,12,198,47,1599,11
2514,16,1365,12,198,47,1747,11
2514,16,1365,12,198,47,1773,11
2514,16,1365,12,198,47,1799,11
2514,16,1365,12,198,47,1818,11
2514,16,1365,12,198,47,1873,11
2514,16,1365,12,198,47,1940,11
2514,16,1365,12,198,47,1956,11
2514,16,1365,12,198,47,1997,11
2514,16,1365,12,198,47,2068,11
2514,16,1365,12,198,47,2079,11
2514,16,1365,12,198,47,2123,11
2514,16,1365,12,198,47,2196,11
2514,16,1365,12,198,47,2206,11
2514,16,1365,12,198,47,2216,11
2514,16,1365,12,198,47,2244,11
2514,16,1365,12,198,47,2259,11
2514,16,1365,12,198,47,2261,11
2514,16,1365,12,198,47,2289,11
2514,16,1365,12,198,47,2359,11
2514,16,1365,12,198,47,2370,11
2514,16,1365,12,198,47,2405,11
2514,16,1365,12,326,41,45,11
2514,16,1365,12,326,41,159,11
2514,16,1365,12,326,41,272,11
2514,16,1365,12,326,41,338,11
2514,16,1365,12,326,41,390,11
2514,16,1365,12,326,41,457,11
2514,16,1365,12,326,41,463,11
2514,16,1365,12,326,41,620,11
2514,16,1365,12,326,41,700,11
2514,16,1365,12,326,41,742,11
2514,16,1365,12,326,41,758,11
2514,16,1365,12,326,41,879,11
2514,16,1365,12,326,41,927,11
2514,16,1365,12,326,41,979,11
2514,16,1365,12,326,41,1003,11
2514,16,1365,12,326,41,1044,11
2514,16,1365,12,326,41,1068,11
2514,16,1365,12,326,41,1153,11
2514,16,1365,12,326,41,1186,11
2514,16,1365,12,326,41,1194,11
2514,16,1365,12,326,41,1259,11
2514,16,1365,12,326,41,1260,11
2514,16,1365,12,326,41,1312,11
2514,16,1365,12,326,41,1388,11
2514,16,1365,12,326,41,1391,11
2514,16,1365,12,326,41,1422,11
2514,16,1365,12,326,41,1556,11
2514,16,1365,12,326,41,1568,11
2514,16,1365,12,326,41,1599,11
2514,16,1365,12,326,41,1747,11
2514,16,1365,12,326,41,1773,11
2514,16,1365,12,326,41,1799,11
2514,16,1365,12,326,41,1818,11
2514,16,1365,12,326,41,1873,11
2514,16,1365,12,326,41,1940,11
2514,16,1365,12,326,41,1956,11
2514,16,1365,12,326,41,1997,11
2514,16,1365,12,326,41,2068,11
2514,16,1365,12,326,41,2079,11
2514,16,1365,12,326,41,2123,11
2514,16,1365,12,326,41,2196,11
2514,16,1365,12,326,41,2206,11
2514,16,1365,12,326,41,2216,11
2514,16,1365,12,326,41,2244,11
2514,16,1365,12,326,41,2259,11
2514,16,1365,12,326,41,2261,11
2514,16,1365,12,326,41,2289,11
2514,16,1365,12,326,41,2359,11
2514,16,1365,12,326,41,2370,11
2514,16,1365,12,326,41,2405,11
2514,16,1365,12,564,35,45,11
2514,16,1365,12,564,35,159,11
2514,16,1365,12,564,35,272,11
2514,16,1365,12,564,35,338,11
2514,16,1365,12,564,35,390,11
2514,16,1365,12,564,35,457,11
2514,16,1365,12,564,35,463,11
2514,16,1365,12,564,35,620,11
2514,16,1365,12,564,35,700,11
2514,16,1365,12,564,35,742,11
2514,16,1365,12,564,35,758,11
2514,16,1365,12,564,35,879,11
2514,16,1365,12,564,35,927,11
2514,16,1365,12,564,35,979,11
2514,16,1365,12,564,35,1003,11
2514,16,1365,12,564,35,1044,11
2514,16,1365,12,564,35,1068,11
2514,16,1365,12,564,35,1153,11
2514,16,1365,12,564,35,1186,11
2514,16,1365,12,564,35,1194,11
2514,16,1365,12,564,35,1259,11
2514,16,1365,12,564,35,1260,11
2514,16,1365,12,564,35,1312,11
2514,16,1365,12,564,35,1388,11
2514,16,1365,12,564,35,1391,11
2514,16,1365,12,564,35,1422,11
2514,16,1365,12,564,35,1556,11
2514,16,1365,12,564,35,1568,11
2514,16,1365,12,564,35,1599,11
2514,16,1365,12,564,35,1747,11
2514,16,1365,12,564,35,1773,11
2514,16,1365,12,564,35,1799,11
2514,16,1365,12,564,35,1818,11
2514,16,1365,12,564,35,1873,11
2514,16,1365,12,564,35,1940,11
2514,16,1365,12,564,35,1956,11
2514,16,1365,12,564,35,1997,11
2514,16,1365,12,564,35,2068,11
2514,16,1365,12,564,35,2079,11
2514,16,1365,12,564,35,2123,11
2514,16,1365,12,564,35,2196,11
2514,16,1365,12,564,35,2206,11
2514,16,1365,12,564,35,2216,11
2514,16,1365,12,564,35,2244,11
2514,16,1365,12,564,35,2259,11
2514,16,1365,12,564,35,2261,11
2514,16,1365,12,564,35,2289,11
2514,16,1365,12,564,35,2359,11
2514,16,1365,12,564,35,2370,11
2514,16,1365,12,564,35,2405,11
2514,16,1365,12,609,43,45,11
2514,16,1365,12,609,43,159,11
2514,16,1365,12,609,43,272,11
2514,16,1365,12,609,43,338,11
2514,16,1365,12,609,43,390,11
2514,16,1365,12,609,43,457,11
2514,16,1365,12,609,43,463,11
2514,16,1365,12,609,43,620,11
2514,16,1365,12,609,43,700,11
2514,16,1365,12,609,43,742,11
2514,16,1365,12,609,43,758,11
2514,16,1365,12,609,43,879,11
2514,16,1365,12,609,43,927,11
2514,16,1365,12,609,43,979,11
2514,16,1365,12,609,43,1003,11
2514,16,1365,12,609,43,1044,11
2514,16,1365,12,609,43,1068,11
2514,16,1365,12,609,43,1153,11
2514,16,1365,12,609,43,1186,11
2514,16,1365,12,609,43,1194,11
2514,16,1365,12,609,43,1259,11
2514,16,1365,12,609,43,1260,11
2514,16,1365,12,609,43,1312,11
2514,16,1365,12,609,43,1388,11
2514,16,1365,12,609,43,1391,11
2514,16,1365,12,609,43,1422,11
2514,16,1365,12,609,43,1556,11
2514,16,1365,12,609,43,1568,11
2514,16,1365,12,609,43,1599,11
2514,16,1365,12,609,43,1747,11
2514,16,1365,12,609,43,1773,11
2514,16,1365,12,609,43,1799,11
2514,16,1365,12,609,43,1818,11
2514,16,1365,12,609,43,1873,11
2514,16,1365,12,609,43,1940,11
2514,16,1365,12,609,43,1956,11
2514,16,1365,12,609,43,1997,11
2514,16,1365,12,609,43,2068,11
2514,16,1365,12,609,43,2079,11
2514,16,1365,12,609,43,2123,11
2514,16,1365,12,609,43,2196,11
2514,16,1365,12,609,43,2206,11
2514,16,1365,12,609,43,2216,11
2514,16,1365,12,609,43,2244,11
2514,16,1365,12,609,43,2259,11
2514,16,1365,12,609,43,2261,11
2514,16,1365,12,609,43,2289,11
2514,16,1365,12,609,43,2359,11
2514,16,1365,12,609,43,2370,11
2514,16,1365,12,609,43,2405,11
2514,16,1365,12,683,12,45,11
2514,16,1365,12,683,12,159,11
2514,16,1365,12,683,12,272,11
2514,16,1365,12,683,12,338,11
2514,16,1365,12,683,12,390,11
2514,16,1365,12,683,12,457,11
2514,16,1365,12,683,12,463,11
2514,16,1365,12,683,12,620,11
2514,16,1365,12,683,12,700,11
2514,16,1365,12,683,12,742,11
2514,16,1365,12,683,12,758,11
2514,16,1365,12,683,12,879,11
2514,16,1365,12,683,12,927,11
2514,16,1365,12,683,12,979,11
2514,16,1365,12,683,12,1003,11
2514,16,1365,12,683,12,1044,11
2514,16,1365,12,683,12,1068,11
2514,16,1365,12,683,12,1153,11
2514,16,1365,12,683,12,1186,11
2514,16,1365,12,683,12,1194,11
2514,16,1365,12,683,12,1259,11
2514,16,1365,12,683,12,1260,11
2514,16,1365,12,683,12,1312,11
2514,16,1365,12,683,12,1388,11
2514,16,1365,12,683,12,1391,11
2514,16,1365,12,683,12,1422,11
2514,16,1365,12,683,12,1556,11
2514,16,1365,12,683,12,1568,11
2514,16,1365,12,683,12,1599,11
2514,16,1365,12,683,12,1747,11
2514,16,1365,12,683,12,1773,11
2514,16,1365,12,683,12,1799,11
2514,16,1365,12,683,12,1818,11
2514,16,1365,12,683,12,1873,11
2514,16,1365,12,683,12,1940,11
2514,16,1365,12,683,12,1956,11
2514,16,1365,12,683,12,1997,11
2514,16,1365,12,683,12,2068,11
2514,16,1365,12,683,12,2079,11
2514,16,1365,12,683,12,2123,11
2514,16,1365,12,683,12,2196,11
2514,16,1365,12,683,12,2206,11
2514,16,1365,12,683,12,2216,11
2514,16,1365,12,683,12,2244,11
2514,16,1365,12,683,12,2259,11
2514,16,1365,12,683,12,2261,11
2514,16,1365,12,683,12,2289,11
2514,16,1365,12,683,12,2359,11
2514,16,1365,12,683,12,2370,11
2514,16,1365,12,683,12,2405,11
2514,16,1365,12,737,46,45,11
2514,16,1365,12,737,46,159,11
2514,16,1365,12,737,46,272,11
2514,16,1365,12,737,46,338,11
2514,16,1365,12,737,46,390,11
2514,16,1365,12,737,46,457,11
2514,16,1365,12,737,46,463,11
2514,16,1365,12,737,46,620,11
2514,16,1365,12,737,46,700,11
2514,16,1365,12,737,46,742,11
2514,16,1365,12,737,46,758,11
2514,16,1365,12,737,46,879,11
2514,16,1365,12,737,46,927,11
2514,16,1365,12,737,46,979,11
2514,16,1365,12,737,46,1003,11
2514,16,1365,12,737,46,1044,11
2514,16,1365,12,737,46,1068,11
2514,16,1365,12,737,46,1153,11
2514,16,1365,12,737,46,1186,11
2514,16,1365,12,737,46,1194,11
2514,16,1365,12,737,46,1259,11
2514,16,1365,12,737,46,1260,11
2514,16,1365,12,737,46,1312,11
2514,16,1365,12,737,46,1388,11
2514,16,1365,12,737,46,1391,11
2514,16,1365,12,737,46,1422,11
2514,16,1365,12,737,46,1556,11
2514,16,1365,12,737,46,1568,11
2514,16,1365,12,737,46,1599,11
2514,16,1365,12,737,46,1747,11
2514,16,1365,12,737,46,1773,11
2514,16,1365,12,737,46,1799,11
2514,16,1365,12,737,46,1818,11
2514,16,1365,12,737,46,1873,11
2514,16,1365,12,737,46,1940,11
2514,16,1365,12,737,46,1956,11
2514,16,1365,12,737,46,1997,11
2514,16,1365,12,737,46,2068,11
2514,16,1365,12,737,46,2079,11
2514,16,1365,12,737,46,2123,11
2514,16,1365,12,737,46,2196,11
2514,16,1365,12,737,46,2206,11
2514,16,1365,12,737,46,2216,11
2514,16,1365,12,737,46,2244,11
2514,16,1365,12,737,46,2259,11
2514,16,1365,12,737,46,2261,11
2514,16,1365,12,737,46,2289,11
2514,16,1365,12,737,46,2359,11
2514,16,1365,12,737,46,2370,11
2514,16,1365,12,737,46,2405,11
2514,16,1365,12,912,20,45,11
2514,16,1365,12,912,20,159,11
2514,16,1365,12,912,20,272,11
2514,16,1365,12,912,20,338,11
2514,16,1365,12,912,20,390,11
2514,16,1365,12,912,20,457,11
2514,16,1365,12,912,20,463,11
2514,16,1365,12,912,20,620,11
2514,16,1365,12,912,20,700,11
2514,16,1365,12,912,20,742,11
2514,16,1365,12,912,20,758,11
2514,16,1365,12,912,20,879,11
2514,16,1365,12,912,20,927,11
2514,16,1365,12,912,20,979,11
2514,16,1365,12,912,20,1003,11
2514,16,1365,12,912,20,1044,11
2514,16,1365,12,912,20,1068,11
2514,16,1365,12,912,20,1153,11
2514,16,1365,12,912,20,1186,11
2514,16,1365,12,912,20,1194,11
2514,16,1365,12,912,20,1259,11
2514,16,1365,12,912,20,1260,11
2514,16,1365,12,912,20,1312,11
2514,16,1365,12,912,20,1388,11
2514,16,1365,12,912,20,1391,11
2514,16,1365,12,912,20,1422,11
2514,16,1365,12,912,20,1556,11
2514,16,1365,12,912,20,1568,11
2514,16,1365,12,912,20,1599,11
2514,16,1365,12,912,20,1747,11
2514,16,1365,12,912,20,1773,11
2514,16,1365,12,912,20,1799,11
2514,16,1365,12,912,20,1818,11
2514,16,1365,12,912,20,1873,11
2514,16,1365,12,912,20,1940,11
2514,16,1365,12,912,20,1956,11
2514,16,1365,12,912,20,1997,11
2514,16,1365,12,912,20,2068,11
2514,16,1365,12,912,20,2079,11
2514,16,1365,12,912,20,2123,11
2514,16,1365,12,912,20,2196,11
2514,16,1365,12,912,20,2206,11
2514,16,1365,12,912,20,2216,11
2514,16,1365,12,912,20,2244,11
2514,16,1365,12,912,20,2259,11
2514,16,1365,12,912,20,2261,11
2514,16,1365,12,912,20,2289,11
2514,16,1365,12,912,20,2359,11
2514,16,1365,12,912,20,2370,11
2514,16,1365,12,912,20,2405,11
2514,16,1365,12,925,27,45,11
2514,16,1365,12,925,27,159,11
2514,16,1365,12,925,27,272,11
2514,16,1365,12,925,27,338,11
2514,16,1365,12,925,27,390,11
2514,16,1365,12,925,27,457,11
2514,16,1365,12,925,27,463,11
2514,16,1365,12,925,27,620,11
2514,16,1365,12,925,27,700,11
2514,16,1365,12,925,27,742,11
2514,16,1365,12,925,27,758,11
2514,16,1365,12,925,27,879,11
2514,16,1365,12,925,27,927,11
2514,16,1365,12,925,27,979,11
2514,16,1365,12,925,27,1003,11
2514,16,1365,12,925,27,1044,11
2514,16,1365,12,925,27,1068,11
2514,16,1365,12,925,27,1153,11
2514,16,1365,12,925,27,1186,11
2514,16,1365,12,925,27,1194,11
2514,16,1365,12,925,27,1259,11
2514,16,1365,12,925,27,1260,11
2514,16,1365,12,925,27,1312,11
2514,16,1365,12,925,27,1388,11
2514,16,1365,12,925,27,1391,11
2514,16,1365,12,925,27,1422,11
2514,16,1365,12,925,27,1556,11
2514,16,1365,12,925,27,1568,11
2514,16,1365,12,925,27,1599,11
2514,16,1365,12,925,27,1747,11
2514,16,1365,12,925,27,1773,11
2514,16,1365,12,925,27,1799,11
2514,16,1365,12,925,27,1818,11
2514,16,1365,12,925,27,1873,11
2514,16,1365,12,925,27,1940,11
2514,16,1365,12,925,27,1956,11
2514,16,1365,12,925,27,1997,11
2514,16,1365,12,925,27,2068,11
2514,16,1365,12,925,27,2079,11
2514,16,1365,12,925,27,2123,11
2514,16,1365,12,925,27,2196,11
2514,16,1365,12,925,27,2206,11
2514,16,1365,12,925,27,2216,11
2514,16,1365,12,925,27,2244,11
2514,16,1365,12,925,27,2259,11
2514,16,1365,12,925,27,2261,11
2514,16,1365,12,925,27,2289,11
2514,16,1365,12,925,27,2359,11
2514,16,1365,12,925,27,2370,11
2514,16,1365,12,925,27,2405,11
2514,16,1365,12,968,41,45,11
2514,16,1365,12,968,41,159,11
2514,16,1365,12,968,41,272,11
2514,16,1365,12,968,41,338,11
2514,16,1365,12,968,41,390,11
2514,16,1365,12,968,41,457,11
2514,16,1365,12,968,41,463,11
2514,16,1365,12,968,41,620,11
2514,16,1365,12,968,41,700,11
2514,16,1365,12,968,41,742,11
2514,16,1365,12,968,41,758,11
2514,16,1365,12,968,41,879,11
2514,16,1365,12,968,41,927,11
2514,16,1365,12,968,41,979,11
2514,16,1365,12,968,41,1003,11
2514,16,1365,12,968,41,1044,11
2514,16,1365,12,968,41,1068,11
2514,16,1365,12,968,41,1153,11
2514,16,1365,12,968,41,1186,11
2514,16,1365,12,968,41,1194,11
2514,16,1365,12,968,41,1259,11
2514,16,1365,12,968,41,1260,11
2514,16,1365,12,968,41,1312,11
2514,16,1365,12,968,41,1388,11
2514,16,1365,12,968,41,1391,11
2514,16,1365,12,968,41,1422,11
2514,16,1365,12,968,41,1556,11
2514,16,1365,12,968,41,1568,11
2514,16,1365,12,968,41,1599,11
2514,16,1365,12,968,41,1747,11
2514,16,1365,12,968,41,1773,11
2514,16,1365,12,968,41,1799,11
2514,16,1365,12,968,41,1818,11
2514,16,1365,12,968,41,1873,11
2514,16,1365,12,968,41,1940,11
2514,16,1365,12,968,41,1956,11
2514,16,1365,12,968,41,1997,11
2514,16,1365,12,968,41,2068,11
2514,16,1365,12,968,41,2079,11
2514,16,1365,12,968,41,2123,11
2514,16,1365,12,968,41,2196,11
2514,16,1365,12,968,41,2206,11
2514,16,1365,12,968,41,2216,11
2514,16,1365,12,968,41,2244,11
2514,16,1365,12,968,41,2259,11
2514,16,1365,12,968,41,2261,11
2514,16,1365,12,968,41,2289,11
2514,16,1365,12,968,41,2359,11
2514,16,1365,12,968,41,2370,11
2514,16,1365,12,968,41,2405,11
2514,16,1365,12,1085,41,45,11
2514,16,1365,12,1085,41,159,11
2514,16,1365,12,1085,41,272,11
2514,16,1365,12,1085,41,338,11
2514,16,1365,12,1085,41,390,11
2514,16,1365,12,1085,41,457,11
2514,16,1365,12,1085,41,463,11
2514,16,1365,12,1085,41,620,11
2514,16,1365,12,1085,41,700,11
2514,16,1365,12,1085,41,742,11
2514,16,1365,12,1085,41,758,11
2514,16,1365,12,1085,41,879,11
2514,16,1365,12,1085,41,927,11
2514,16,1365,12,1085,41,979,11
2514,16,1365,12,1085,41,1003,11
2514,16,1365,12,1085,41,1044,11
2514,16,1365,12,1085,41,1068,11
2514,16,1365,12,1085,41,1153,11
2514,16,1365,12,1085,41,1186,11
2514,16,1365,12,1085,41,1194,11
2514,16,1365,12,1085,41,1259,11
2514,16,1365,12,1085,41,1260,11
2514,16,1365,12,1085,41,1312,11
2514,16,1365,12,1085,41,1388,11
2514,16,1365,12,1085,41,1391,11
2514,16,1365,12,1085,41,1422,11
2514,16,1365,12,1085,41,1556,11
2514,16,1365,12,1085,41,1568,11
2514,16,1365,12,1085,41,1599,11
2514,16,1365,12,1085,41,1747,11
2514,16,1365,12,1085,41,1773,11
2514,16,1365,12,1085,41,1799,11
2514,16,1365,12,1085,41,1818,11
2514,16,1365,12,1085,41,1873,11
2514,16,1365,12,1085,41,1940,11
2514,16,1365,12,1085,41,1956,11
2514,16,1365,12,1085,41,1997,11
2514,16,1365,12,1085,41,2068,11
2514,16,1365,12,1085,41,2079,11
2514,16,1365,12,1085,41,2123,11
2514,16,1365,12,1085,41,2196,11
2514,16,1365,12,1085,41,2206,11
2514,16,1365,12,1085,41,2216,11
2514,16,1365,12,1085,41,2244,11
2514,16,1365,12,1085,41,2259,11
2514,16,1365,12,1085,41,2261,11
2514,16,1365,12,1085,41,2289,11
2514,16,1365,12,1085,41,2359,11
2514,16,1365,12,1085,41,2370,11
2514,16,1365,12,1085,41,2405,11
2514,16,1365,12,1600,13,45,11
2514,16,1365,12,1600,13,338,11
2514,16,1365,12,1600,13,390,11
2514,16,1365,12,1600,13,620,11
2514,16,1365,12,1600,13,742,11
2514,16,1365,12,1600,13,758,11
2514,16,1365,12,1600,13,979,11
2514,16,1365,12,1600,13,1044,11
2514,16,1365,12,1600,13,1186,11
2514,16,1365,12,1600,13,1259,11
2514,16,1365,12,1600,13,1312,11
2514,16,1365,12,1600,13,1773,11
2514,16,1365,12,1600,13,1799,11
2514,16,1365,12,1600,13,1956,11
2514,16,1365,12,1600,13,1997,11
2514,16,1365,12,1600,13,2206,11
2514,16,1365,12,1600,13,2244,11
2514,16,1365,12,1600,13,2261,11
2514,16,1365,12,1600,13,2289,11
2514,16,1365,12,1600,13,2359,11
2514,16,1365,12,1731,32,45,11
2514,16,1365,12,1731,32,159,11
2514,16,1365,12,1731,32,272,11
2514,16,1365,12,1731,32,338,11
2514,16,1365,12,1731,32,390,11
2514,16,1365,12,1731,32,457,11
2514,16,1365,12,1731,32,463,11
2514,16,1365,12,1731,32,620,11
2514,16,1365,12,1731,32,700,11
2514,16,1365,12,1731,32,742,11
2514,16,1365,12,1731,32,758,11
2514,16,1365,12,1731,32,879,11
2514,16,1365,12,1731,32,927,11
2514,16,1365,12,1731,32,979,11
2514,16,1365,12,1731,32,1003,11
2514,16,1365,12,1731,32,1044,11
2514,16,1365,12,1731,32,1068,11
2514,16,1365,12,1731,32,1153,11
2514,16,1365,12,1731,32,1186,11
2514,16,1365,12,1731,32,1194,11
2514,16,1365,12,1731,32,1259,11
2514,16,1365,12,1731,32,1260,11
2514,16,1365,12,1731,32,1312,11
2514,16,1365,12,1731,32,1388,11
2514,16,1365,12,1731,32,1391,11
2514,16,1365,12,1731,32,1422,11
2514,16,1365,12,1731,32,1556,11
2514,16,1365,12,1731,32,1568,11
2514,16,1365,12,1731,32,1599,11
2514,16,1365,12,1731,32,1747,11
2514,16,1365,12,1731,32,1773,11
2514,16,1365,12,1731,32,1799,11
2514,16,1365,12,1731,32,1818,11
2514,16,1365,12,1731,32,1873,11
2514,16,1365,12,1731,32,1940,11
2514,16,1365,12,1731,32,1956,11
2514,16,1365,12,1731,32,1997,11
2514,16,1365,12,1731,32,2068,11
2514,16,1365,12,1731,32,2079,11
2514,16,1365,12,1731,32,2123,11
2514,16,1365,12,1731,32,2196,11
2514,16,1365,12,1731,32,2206,11
2514,16,1365,12,1731,32,2216,11
2514,16,1365,12,1731,32,2244,11
2514,16,1365,12,1731,32,2259,11
2514,16,1365,12,1731,32,2261,11
2514,16,1365,12,1731,32,2289,11
2514,16,1365,12,1731,32,2359,11
2514,16,1365,12,1731,32,2370,11
2514,16,1365,12,1731,32,2405,11
2514,16,1365,12,1819,47,45,11
2514,16,1365,12,1819,47,159,11
2514,16,1365,12,1819,47,272,11
2514,16,1365,12,1819,47,338,11
2514,16,1365,12,1819,47,390,11
2514,16,1365,12,1819,47,457,11
2514,16,1365,12,1819,47,463,11
2514,16,1365,12,1819,47,620,11
2514,16,1365,12,1819,47,700,11
2514,16,1365,12,1819,47,742,11
2514,16,1365,12,1819,47,758,11
2514,16,1365,12,1819,47,879,11
2514,16,1365,12,1819,47,927,11
2514,16,1365,12,1819,47,979,11
2514,16,1365,12,1819,47,1003,11
2514,16,1365,12,1819,47,1044,11
2514,16,1365,12,1819,47,1068,11
2514,16,1365,12,1819,47,1153,11
2514,16,1365,12,1819,47,1186,11
2514,16,1365,12,1819,47,1194,11
2514,16,1365,12,1819,47,1259,11
2514,16,1365,12,1819,47,1260,11
2514,16,1365,12,1819,47,1312,11
2514,16,1365,12,1819,47,1388,11
2514,16,1365,12,1819,47,1391,11
2514,16,1365,12,1819,47,1422,11
2514,16,1365,12,1819,47,1556,11
2514,16,1365,12,1819,47,1568,11
2514,16,1365,12,1819,47,1599,11
2514,16,1365,12,1819,47,1747,11
2514,16,1365,12,1819,47,1773,11
2514,16,1365,12,1819,47,1799,11
2514,16,1365,12,1819,47,1818,11
2514,16,1365,12,1819,47,1873,11
2514,16,1365,12,1819,47,1940,11
2514,16,1365,12,1819,47,1956,11
2514,16,1365,12,1819,47,1997,11
2514,16,1365,12,1819,47,2068,11
2514,16,1365,12,1819,47,2079,11
2514,16,1365,12,1819,47,2123,11
2514,16,1365,12,1819,47,2196,11
2514,16,1365,12,1819,47,2206,11
2514,16,1365,12,1819,47,2216,11
2514,16,1365,12,1819,47,2244,11
2514,16,1365,12,1819,47,2259,11
2514,16,1365,12,1819,47,2261,11
2514,16,1365,12,1819,47,2289,11
2514,16,1365,12,1819,47,2359,11
2514,16,1365,12,1819,47,2370,11
2514,16,1365,12,1819,47,2405,11
