2514,16,1126,28,191,15,45,11
2514,16,1126,28,191,15,159,11
2514,16,1126,28,191,15,272,11
2514,16,1126,28,191,15,338,11
2514,16,1126,28,191,15,390,11
2514,16,1126,28,191,15,457,11
2514,16,1126,28,191,15,463,11
2514,16,1126,28,191,15,620,11
2514,16,1126,28,191,15,700,11
2514,16,1126,28,191,15,742,11
2514,16,1126,28,191,15,758,11
2514,16,1126,28,191,15,879,11
2514,16,1126,28,191,15,927,11
2514,16,1126,28,191,15,979,11
2514,16,1126,28,191,15,1003,11
2514,16,1126,28,191,15,1044,11
2514,16,1126,28,191,15,1068,11
2514,16,1126,28,191,15,1153,11
2514,16,1126,28,191,15,1186,11
2514,16,1126,28,191,15,1194,11
2514,16,1126,28,191,15,1259,11
2514,16,1126,28,191,15,1260,11
2514,16,1126,28,191,15,1312,11
2514,16,1126,28,191,15,1388,11
2514,16,1126,28,191,15,1391,11
2514,16,1126,28,191,15,1422,11
2514,16,1126,28,191,15,1556,11
2514,16,1126,28,191,15,1568,11
2514,16,1126,28,191,15,1599,11
2514,16,1126,28,191,15,1747,11
2514,16,1126,28,191,15,1773,11
2514,16,1126,28,191,15,1799,11
2514,16,1126,28,191,15,1818,11
2514,16,1126,28,191,15,1873,11
2514,16,1126,28,191,15,1940,11
2514,16,1126,28,191,15,1956,11
2514,16,1126,28,191,15,1997,11
2514,16,1126,28,191,15,2068,11
2514,16,1126,28,191,15,2079,11
2514,16,1126,28,191,15,2123,11
2514,16,1126,28,191,15,2196,11
2514,16,1126,28,191,15,2206,11
2514,16,1126,28,191,15,2216,11
2514,16,1126,28,191,15,2244,11
2514,16,1126,28,191,15,2259,11
2514,16,1126,28,191,15,2261,11
2514,16,1126,28,191,15,2289,11
2514,16,1126,28,191,15,2359,11
2514,16,1126,28,191,15,2370,11
2514,16,1126,28,191,15,2405,11
2514,16,1126,28,544,32,45,11
2514,16,1126,28,544,32,159,11
2514,16,1126,28,544,32,272,11
2514,16,1126,28,544,32,338,11
2514,16,1126,28,544,32,390,11
2514,16,1126,28,544,32,457,11
2514,16,1126,28,544,32,463,11
2514,16,1126,28,544,32,620,11
2514,16,1126,28,544,32,700,11
2514,16,1126,28,544,32,742,11
2514,16,1126,28,544,32,758,11
2514,16,1126,28,544,32,879,11
2514,16,1126,28,544,32,927,11
2514,16,1126,28,544,32,979,11
2514,16,1126,28,544,32,1003,11
2514,16,1126,28,544,32,1044,11
2514,16,1126,28,544,32,1068,11
2514,16,1126,28,544,32,1153,11
2514,16,1126,28,544,32,1186,11
2514,16,1126,28,544,32,1194,11
2514,16,1126,28,544,32,1259,11
2514,16,1126,28,544,32,1260,11
2514,16,1126,28,544,32,1312,11
2514,16,1126,28,544,32,1388,11
2514,16,1126,28,544,32,1391,11
2514,16,1126,28,544,32,1422,11
2514,16,1126,28,544,32,1556,11
2514,16,1126,28,544,32,1568,11
2514,16,1126,28,544,32,1599,11
2514,16,1126,28,544,32,1747,11
2514,16,1126,28,544,32,1773,11
2514,16,1126,28,544,32,1799,11
2514,16,1126,28,544,32,1818,11
2514,16,1126,28,544,32,1873,11
2514,16,1126,28,544,32,1940,11
2514,16,1126,28,544,32,1956,11
2514,16,1126,28,544,32,1997,11
2514,16,1126,28,544,32,2068,11
2514,16,1126,28,544,32,2079,11
2514,16,1126,28,544,32,2123,11
2514,16,1126,28,544,32,2196,11
2514,16,1126,28,544,32,2206,11
2514,16,1126,28,544,32,2216,11
2514,16,1126,28,544,32,2244,11
2514,16,1126,28,544,32,2259,11
2514,16,1126,28,544,32,2261,11
2514,16,1126,28,544,32,2289,11
2514,16,1126,28,544,32,2359,11
2514,16,1126,28,544,32,2370,11
2514,16,1126,28,544,32,2405,11
2514,16,1126,28,670,12,159,11
2514,16,1126,28,670,12,272,11
2514,16,1126,28,670,12,457,11
2514,16,1126,28,670,12,463,11
2514,16,1126,28,670,12,700,11
2514,16,1126,28,670,12,879,11
2514,16,1126,28,670,12,927,11
2514,16,1126,28,670,12,1003,11
2514,16,1126,28,670,12,1068,11
2514,16,1126,28,670,12,1153,11
2514,16,1126,28,670,12,1194,11
2514,16,1126,28,670,12,1260,11
2514,16,1126,28,670,12,1388,11
2514,16,1126,28,670,12,1391,11
2514,16,1126,28,670,12,1422,11
2514,16,1126,28,670,12,1556,11
2514,16,1126,28,670,12,1568,11
2514,16,1126,28,670,12,1599,11
2514,16,1126,28,670,12,1747,11
2514,16,1126,28,670,12,1818,11
2514,16,1126,28,670,12,1873,11
2514,16,1126,28,670,12,1940,11
2514,16,1126,28,670,12,2068,11
2514,16,1126,28,670,12,2079,11
2514,16,1126,28,670,12,2123,11
2514,16,1126,28,670,12,2196,11
2514,16,1126,28,670,12,2216,11
2514,16,1126,28,670,12,2259,11
2514,16,1126,28,670,12,2370,11
2514,16,1126,28,670,12,2405,11
2514,16,1126,28,689,11,45,11
2514,16,1126,28,689,11,159,11
2514,16,1126,28,689,11,272,11
2514,16,1126,28,689,11,338,11
2514,16,1126,28,689,11,390,11
2514,16,1126,28,689,11,457,11
2514,16,1126,28,689,11,463,11
2514,16,1126,28,689,11,620,11
2514,16,1126,28,689,11,700,11
2514,16,1126,28,689,11,742,11
2514,16,1126,28,689,11,758,11
2514,16,1126,28,689,11,879,11
2514,16,1126,28,689,11,927,11
2514,16,1126,28,689,11,979,11
2514,16,1126,28,689,11,1003,11
2514,16,1126,28,689,11,1044,11
2514,16,1126,28,689,11,1068,11
2514,16,1126,28,689,11,1153,11
2514,16,1126,28,689,11,1186,11
2514,16,1126,28,689,11,1194,11
2514,16,1126,28,689,11,1259,11
2514,16,1126,28,689,11,1260,11
2514,16,1126,28,689,11,1312,11
2514,16,1126,28,689,11,1388,11
2514,16,1126,28,689,11,1391,11
2514,16,1126,28,689,11,1422,11
2514,16,1126,28,689,11,1556,11
2514,16,1126,28,689,11,1568,11
2514,16,1126,28,689,11,1599,11
2514,16,1126,28,689,11,1747,11
2514,16,1126,28,689,11,1773,11
2514,16,1126,28,689,11,1799,11
2514,16,1126,28,689,11,1818,11
2514,16,1126,28,689,11,1873,11
2514,16,1126,28,689,11,1940,11
2514,16,1126,28,689,11,1956,11
2514,16,1126,28,689,11,1997,11
2514,16,1126,28,689,11,2068,11
2514,16,1126,28,689,11,2079,11
2514,16,1126,28,689,11,2123,11
2514,16,1126,28,689,11,2196,11
2514,16,1126,28,689,11,2206,11
2514,16,1126,28,689,11,2216,11
2514,16,1126,28,689,11,2244,11
2514,16,1126,28,689,11,2259,11
2514,16,1126,28,689,11,2261,11
2514,16,1126,28,689,11,2289,11
2514,16,1126,28,689,11,2359,11
2514,16,1126,28,689,11,2370,11
2514,16,1126,28,689,11,2405,11
2514,16,1126,28,936,18,45,11
2514,16,1126,28,936,18,390,11
2514,16,1126,28,936,18,620,11
2514,16,1126,28,936,18,979,11
2514,16,1126,28,936,18,1799,11
2514,16,1126,28,936,18,1956,11
2514,16,1126,28,936,18,2206,11
2514,16,1126,28,936,18,2244,11
2514,16,1126,28,936,18,2261,11
2514,16,1126,28,936,18,2359,11
2514,16,1126,28,1361,39,45,11
2514,16,1126,28,1361,39,159,11
2514,16,1126,28,1361,39,272,11
2514,16,1126,28,1361,39,338,11
2514,16,1126,28,1361,39,390,11
2514,16,1126,28,1361,39,457,11
2514,16,1126,28,1361,39,463,11
2514,16,1126,28,1361,39,620,11
2514,16,1126,28,1361,39,700,11
2514,16,1126,28,1361,39,742,11
2514,16,1126,28,1361,39,758,11
2514,16,1126,28,1361,39,879,11
2514,16,1126,28,1361,39,927,11
2514,16,1126,28,1361,39,979,11
2514,16,1126,28,1361,39,1003,11
2514,16,1126,28,1361,39,1044,11
2514,16,1126,28,1361,39,1068,11
2514,16,1126,28,1361,39,1153,11
2514,16,1126,28,1361,39,1186,11
2514,16,1126,28,1361,39,1194,11
2514,16,1126,28,1361,39,1259,11
2514,16,1126,28,1361,39,1260,11
2514,16,1126,28,1361,39,1312,11
2514,16,1126,28,1361,39,1388,11
2514,16,1126,28,1361,39,1391,11
2514,16,1126,28,1361,39,1422,11
2514,16,1126,28,1361,39,1556,11
2514,16,1126,28,1361,39,1568,11
2514,16,1126,28,1361,39,1599,11
2514,16,1126,28,1361,39,1747,11
2514,16,1126,28,1361,39,1773,11
2514,16,1126,28,1361,39,1799,11
2514,16,1126,28,1361,39,1818,11
2514,16,1126,28,1361,39,1873,11
2514,16,1126,28,1361,39,1940,11
2514,16,1126,28,1361,39,1956,11
2514,16,1126,28,1361,39,1997,11
2514,16,1126,28,1361,39,2068,11
2514,16,1126,28,1361,39,2079,11
2514,16,1126,28,1361,39,2123,11
2514,16,1126,28,1361,39,2196,11
2514,16,1126,28,1361,39,2206,11
2514,16,1126,28,1361,39,2216,11
2514,16,1126,28,1361,39,2244,11
2514,16,1126,28,1361,39,2259,11
2514,16,1126,28,1361,39,2261,11
2514,16,1126,28,1361,39,2289,11
2514,16,1126,28,1361,39,2359,11
2514,16,1126,28,1361,39,2370,11
2514,16,1126,28,1361,39,2405,11
2514,16,1126,28,1409,28,45,11
2514,16,1126,28,1409,28,159,11
2514,16,1126,28,1409,28,272,11
2514,16,1126,28,1409,28,338,11
2514,16,1126,28,1409,28,390,11
2514,16,1126,28,1409,28,457,11
2514,16,1126,28,1409,28,463,11
2514,16,1126,28,1409,28,620,11
2514,16,1126,28,1409,28,700,11
2514,16,1126,28,1409,28,742,11
2514,16,1126,28,1409,28,758,11
2514,16,1126,28,1409,28,879,11
2514,16,1126,28,1409,28,927,11
2514,16,1126,28,1409,28,979,11
2514,16,1126,28,1409,28,1003,11
2514,16,1126,28,1409,28,1044,11
2514,16,1126,28,1409,28,1068,11
2514,16,1126,28,1409,28,1153,11
2514,16,1126,28,1409,28,1186,11
2514,16,1126,28,1409,28,1194,11
2514,16,1126,28,1409,28,1259,11
2514,16,1126,28,1409,28,1260,11
2514,16,1126,28,1409,28,1312,11
2514,16,1126,28,1409,28,1388,11
2514,16,1126,28,1409,28,1391,11
2514,16,1126,28,1409,28,1422,11
2514,16,1126,28,1409,28,1556,11
2514,16,1126,28,1409,28,1568,11
2514,16,1126,28,1409,28,1599,11
2514,16,1126,28,1409,28,1747,11
2514,16,1126,28,1409,28,1773,11
2514,16,1126,28,1409,28,1799,11
2514,16,1126,28,1409,28,1818,11
2514,16,1126,28,1409,28,1873,11
2514,16,1126,28,1409,28,1940,11
2514,16,1126,28,1409,28,1956,11
2514,16,1126,28,1409,28,1997,11
2514,16,1126,28,1409,28,2068,11
2514,16,1126,28,1409,28,2079,11
2514,16,1126,28,1409,28,2123,11
2514,16,1126,28,1409,28,2196,11
2514,16,1126,28,1409,28,2206,11
2514,16,1126,28,1409,28,2216,11
2514,16,1126,28,1409,28,2244,11
2514,16,1126,28,1409,28,2259,11
2514,16,1126,28,1409,28,2261,11
2514,16,1126,28,1409,28,2289,11
2514,16,1126,28,1409,28,2359,11
2514,16,1126,28,1409,28,2370,11
2514,16,1126,28,1409,28,2405,11
2514,16,1126,28,1490,23,45,11
2514,16,1126,28,1490,23,159,11
2514,16,1126,28,1490,23,272,11
2514,16,1126,28,1490,23,338,11
2514,16,1126,28,1490,23,390,11
2514,16,1126,28,1490,23,457,11
2514,16,1126,28,1490,23,463,11
2514,16,1126,28,1490,23,620,11
2514,16,1126,28,1490,23,700,11
2514,16,1126,28,1490,23,742,11
2514,16,1126,28,1490,23,758,11
2514,16,1126,28,1490,23,879,11
2514,16,1126,28,1490,23,927,11
2514,16,1126,28,1490,23,979,11
2514,16,1126,28,1490,23,1003,11
2514,16,1126,28,1490,23,1044,11
2514,16,1126,28,1490,23,1068,11
2514,16,1126,28,1490,23,1153,11
2514,16,1126,28,1490,23,1186,11
2514,16,1126,28,1490,23,1194,11
2514,16,1126,28,1490,23,1259,11
2514,16,1126,28,1490,23,1260,11
2514,16,1126,28,1490,23,1312,11
2514,16,1126,28,1490,23,1388,11
2514,16,1126,28,1490,23,1391,11
2514,16,1126,28,1490,23,1422,11
2514,16,1126,28,1490,23,1556,11
2514,16,1126,28,1490,23,1568,11
2514,16,1126,28,1490,23,1599,11
2514,16,1126,28,1490,23,1747,11
2514,16,1126,28,1490,23,1773,11
2514,16,1126,28,1490,23,1799,11
2514,16,1126,28,1490,23,1818,11
2514,16,1126,28,1490,23,1873,11
2514,16,1126,28,1490,23,1940,11
2514,16,1126,28,1490,23,1956,11
2514,16,1126,28,1490,23,1997,11
2514,16,1126,28,1490,23,2068,11
2514,16,1126,28,1490,23,2079,11
2514,16,1126,28,1490,23,2123,11
2514,16,1126,28,1490,23,2196,11
2514,16,1126,28,1490,23,2206,11
2514,16,1126,28,1490,23,2216,11
2514,16,1126,28,1490,23,2244,11
2514,16,1126,28,1490,23,2259,11
2514,16,1126,28,1490,23,2261,11
2514,16,1126,28,1490,23,2289,11
2514,16,1126,28,1490,23,2359,11
2514,16,1126,28,1490,23,2370,11
2514,16,1126,28,1490,23,2405,11
2514,16,1126,28,1572,42,45,11
2514,16,1126,28,1572,42,159,11
2514,16,1126,28,1572,42,272,11
2514,16,1126,28,1572,42,338,11
2514,16,1126,28,1572,42,390,11
2514,16,1126,28,1572,42,457,11
2514,16,1126,28,1572,42,463,11
2514,16,1126,28,1572,42,620,11
2514,16,1126,28,1572,42,700,11
2514,16,1126,28,1572,42,742,11
2514,16,1126,28,1572,42,758,11
2514,16,1126,28,1572,42,879,11
2514,16,1126,28,1572,42,927,11
2514,16,1126,28,1572,42,979,11
2514,16,1126,28,1572,42,1003,11
2514,16,1126,28,1572,42,1044,11
2514,16,1126,28,1572,42,1068,11
2514,16,1126,28,1572,42,1153,11
2514,16,1126,28,1572,42,1186,11
2514,16,1126,28,1572,42,1194,11
2514,16,1126,28,1572,42,1259,11
2514,16,1126,28,1572,42,1260,11
2514,16,1126,28,1572,42,1312,11
2514,16,1126,28,1572,42,1388,11
2514,16,1126,28,1572,42,1391,11
2514,16,1126,28,1572,42,1422,11
2514,16,1126,28,1572,42,1556,11
2514,16,1126,28,1572,42,1568,11
2514,16,1126,28,1572,42,1599,11
2514,16,1126,28,1572,42,1747,11
2514,16,1126,28,1572,42,1773,11
2514,16,1126,28,1572,42,1799,11
2514,16,1126,28,1572,42,1818,11
2514,16,1126,28,1572,42,1873,11
2514,16,1126,28,1572,42,1940,11
2514,16,1126,28,1572,42,1956,11
2514,16,1126,28,1572,42,1997,11
2514,16,1126,28,1572,42,2068,11
2514,16,1126,28,1572,42,2079,11
2514,16,1126,28,1572,42,2123,11
2514,16,1126,28,1572,42,2196,11
2514,16,1126,28,1572,42,2206,11
2514,16,1126,28,1572,42,2216,11
2514,16,1126,28,1572,42,2244,11
2514,16,1126,28,1572,42,2259,11
2514,16,1126,28,1572,42,2261,11
2514,16,1126,28,1572,42,2289,11
2514,16,1126,28,1572,42,2359,11
2514,16,1126,28,1572,42,2370,11
2514,16,1126,28,1572,42,2405,11
2514,16,1126,28,1606,31,45,11
2514,16,1126,28,1606,31,159,11
2514,16,1126,28,1606,31,272,11
2514,16,1126,28,1606,31,338,11
2514,16,1126,28,1606,31,390,11
2514,16,1126,28,1606,31,457,11
2514,16,1126,28,1606,31,463,11
2514,16,1126,28,1606,31,620,11
2514,16,1126,28,1606,31,700,11
2514,16,1126,28,1606,31,742,11
2514,16,1126,28,1606,31,758,11
2514,16,1126,28,1606,31,879,11
2514,16,1126,28,1606,31,927,11
2514,16,1126,28,1606,31,979,11
2514,16,1126,28,1606,31,1003,11
2514,16,1126,28,1606,31,1044,11
2514,16,1126,28,1606,31,1068,11
2514,16,1126,28,1606,31,1153,11
2514,16,1126,28,1606,31,1186,11
2514,16,1126,28,1606,31,1194,11
2514,16,1126,28,1606,31,1259,11
2514,16,1126,28,1606,31,1260,11
2514,16,1126,28,1606,31,1312,11
2514,16,1126,28,1606,31,1388,11
2514,16,1126,28,1606,31,1391,11
2514,16,1126,28,1606,31,1422,11
2514,16,1126,28,1606,31,1556,11
2514,16,1126,28,1606,31,1568,11
2514,16,1126,28,1606,31,1599,11
2514,16,1126,28,1606,31,1747,11
2514,16,1126,28,1606,31,1773,11
2514,16,1126,28,1606,31,1799,11
2514,16,1126,28,1606,31,1818,11
2514,16,1126,28,1606,31,1873,11
2514,16,1126,28,1606,31,1940,11
2514,16,1126,28,1606,31,1956,11
2514,16,1126,28,1606,31,1997,11
2514,16,1126,28,1606,31,2068,11
2514,16,1126,28,1606,31,2079,11
2514,16,1126,28,1606,31,2123,11
2514,16,1126,28,1606,31,2196,11
2514,16,1126,28,1606,31,2206,11
2514,16,1126,28,1606,31,2216,11
2514,16,1126,28,1606,31,2244,11
2514,16,1126,28,1606,31,2259,11
2514,16,1126,28,1606,31,2261,11
2514,16,1126,28,1606,31,2289,11
2514,16,1126,28,1606,31,2359,11
2514,16,1126,28,1606,31,2370,11
2514,16,1126,28,1606,31,2405,11
2514,16,1126,28,1613,32,45,11
2514,16,1126,28,1613,32,159,11
2514,16,1126,28,1613,32,272,11
2514,16,1126,28,1613,32,338,11
2514,16,1126,28,1613,32,390,11
2514,16,1126,28,1613,32,457,11
2514,16,1126,28,1613,32,463,11
2514,16,1126,28,1613,32,620,11
2514,16,1126,28,1613,32,700,11
2514,16,1126,28,1613,32,742,11
2514,16,1126,28,1613,32,758,11
2514,16,1126,28,1613,32,879,11
2514,16,1126,28,1613,32,927,11
2514,16,1126,28,1613,32,979,11
2514,16,1126,28,1613,32,1003,11
2514,16,1126,28,1613,32,1044,11
2514,16,1126,28,1613,32,1068,11
2514,16,1126,28,1613,32,1153,11
2514,16,1126,28,1613,32,1186,11
2514,16,1126,28,1613,32,1194,11
2514,16,1126,28,1613,32,1259,11
2514,16,1126,28,1613,32,1260,11
2514,16,1126,28,1613,32,1312,11
2514,16,1126,28,1613,32,1388,11
2514,16,1126,28,1613,32,1391,11
2514,16,1126,28,1613,32,1422,11
2514,16,1126,28,1613,32,1556,11
2514,16,1126,28,1613,32,1568,11
2514,16,1126,28,1613,32,1599,11
2514,16,1126,28,1613,32,1747,11
2514,16,1126,28,1613,32,1773,11
2514,16,1126,28,1613,32,1799,11
2514,16,1126,28,1613,32,1818,11
2514,16,1126,28,1613,32,1873,11
2514,16,1126,28,1613,32,1940,11
2514,16,1126,28,1613,32,1956,11
2514,16,1126,28,1613,32,1997,11
2514,16,1126,28,1613,32,2068,11
2514,16,1126,28,1613,32,2079,11
2514,16,1126,28,1613,32,2123,11
2514,16,1126,28,1613,32,2196,11
2514,16,1126,28,1613,32,2206,11
2514,16,1126,28,1613,32,2216,11
2514,16,1126,28,1613,32,2244,11
2514,16,1126,28,1613,32,2259,11
2514,16,1126,28,1613,32,2261,11
2514,16,1126,28,1613,32,2289,11
2514,16,1126,28,1613,32,2359,11
2514,16,1126,28,1613,32,2370,11
2514,16,1126,28,1613,32,2405,11
2514,16,1126,28,1778,11,45,11
2514,16,1126,28,1778,11,159,11
2514,16,1126,28,1778,11,272,11
2514,16,1126,28,1778,11,338,11
2514,16,1126,28,1778,11,390,11
2514,16,1126,28,1778,11,457,11
2514,16,1126,28,1778,11,463,11
2514,16,1126,28,1778,11,620,11
2514,16,1126,28,1778,11,700,11
2514,16,1126,28,1778,11,742,11
2514,16,1126,28,1778,11,758,11
2514,16,1126,28,1778,11,879,11
2514,16,1126,28,1778,11,927,11
2514,16,1126,28,1778,11,979,11
2514,16,1126,28,1778,11,1003,11
2514,16,1126,28,1778,11,1044,11
2514,16,1126,28,1778,11,1068,11
2514,16,1126,28,1778,11,1153,11
2514,16,1126,28,1778,11,1186,11
2514,16,1126,28,1778,11,1194,11
2514,16,1126,28,1778,11,1259,11
2514,16,1126,28,1778,11,1260,11
2514,16,1126,28,1778,11,1312,11
2514,16,1126,28,1778,11,1388,11
2514,16,1126,28,1778,11,1391,11
2514,16,1126,28,1778,11,1422,11
2514,16,1126,28,1778,11,1556,11
2514,16,1126,28,1778,11,1568,11
2514,16,1126,28,1778,11,1599,11
2514,16,1126,28,1778,11,1747,11
2514,16,1126,28,1778,11,1773,11
2514,16,1126,28,1778,11,1799,11
2514,16,1126,28,1778,11,1818,11
2514,16,1126,28,1778,11,1873,11
2514,16,1126,28,1778,11,1940,11
2514,16,1126,28,1778,11,1956,11
2514,16,1126,28,1778,11,1997,11
2514,16,1126,28,1778,11,2068,11
2514,16,1126,28,1778,11,2079,11
2514,16,1126,28,1778,11,2123,11
2514,16,1126,28,1778,11,2196,11
2514,16,1126,28,1778,11,2206,11
2514,16,1126,28,1778,11,2216,11
2514,16,1126,28,1778,11,2244,11
2514,16,1126,28,1778,11,2259,11
2514,16,1126,28,1778,11,2261,11
2514,16,1126,28,1778,11,2289,11
2514,16,1126,28,1778,11,2359,11
2514,16,1126,28,1778,11,2370,11
2514,16,1126,28,1778,11,2405,11
2514,16,1126,28,1803,38,45,11
2514,16,1126,28,1803,38,159,11
2514,16,1126,28,1803,38,272,11
2514,16,1126,28,1803,38,338,11
2514,16,1126,28,1803,38,390,11
2514,16,1126,28,1803,38,457,11
2514,16,1126,28,1803,38,463,11
2514,16,1126,28,1803,38,620,11
2514,16,1126,28,1803,38,700,11
2514,16,1126,28,1803,38,742,11
2514,16,1126,28,1803,38,758,11
2514,16,1126,28,1803,38,879,11
2514,16,1126,28,1803,38,927,11
2514,16,1126,28,1803,38,979,11
2514,16,1126,28,1803,38,1003,11
2514,16,1126,28,1803,38,1044,11
2514,16,1126,28,1803,38,1068,11
2514,16,1126,28,1803,38,1153,11
2514,16,1126,28,1803,38,1186,11
2514,16,1126,28,1803,38,1194,11
2514,16,1126,28,1803,38,1259,11
2514,16,1126,28,1803,38,1260,11
2514,16,1126,28,1803,38,1312,11
2514,16,1126,28,1803,38,1388,11
2514,16,1126,28,1803,38,1391,11
2514,16,1126,28,1803,38,1422,11
2514,16,1126,28,1803,38,1556,11
2514,16,1126,28,1803,38,1568,11
2514,16,1126,28,1803,38,1599,11
2514,16,1126,28,1803,38,1747,11
2514,16,1126,28,1803,38,1773,11
2514,16,1126,28,1803,38,1799,11
2514,16,1126,28,1803,38,1818,11
2514,16,1126,28,1803,38,1873,11
2514,16,1126,28,1803,38,1940,11
2514,16,1126,28,1803,38,1956,11
2514,16,1126,28,1803,38,1997,11
2514,16,1126,28,1803,38,2068,11
2514,16,1126,28,1803,38,2079,11
2514,16,1126,28,1803,38,2123,11
2514,16,1126,28,1803,38,2196,11
2514,16,1126,28,1803,38,2206,11
2514,16,1126,28,1803,38,2216,11
2514,16,1126,28,1803,38,2244,11
2514,16,1126,28,1803,38,2259,11
2514,16,1126,28,1803,38,2261,11
2514,16,1126,28,1803,38,2289,11
2514,16,1126,28,1803,38,2359,11
2514,16,1126,28,1803,38,2370,11
2514,16,1126,28,1803,38,2405,11
2514,16,1126,28,1844,38,45,11
2514,16,1126,28,1844,38,159,11
2514,16,1126,28,1844,38,272,11
2514,16,1126,28,1844,38,338,11
2514,16,1126,28,1844,38,390,11
2514,16,1126,28,1844,38,457,11
2514,16,1126,28,1844,38,463,11
2514,16,1126,28,1844,38,620,11
2514,16,1126,28,1844,38,700,11
2514,16,1126,28,1844,38,742,11
2514,16,1126,28,1844,38,758,11
2514,16,1126,28,1844,38,879,11
2514,16,1126,28,1844,38,927,11
2514,16,1126,28,1844,38,979,11
2514,16,1126,28,1844,38,1003,11
2514,16,1126,28,1844,38,1044,11
2514,16,1126,28,1844,38,1068,11
2514,16,1126,28,1844,38,1153,11
2514,16,1126,28,1844,38,1186,11
2514,16,1126,28,1844,38,1194,11
2514,16,1126,28,1844,38,1259,11
2514,16,1126,28,1844,38,1260,11
2514,16,1126,28,1844,38,1312,11
2514,16,1126,28,1844,38,1388,11
2514,16,1126,28,1844,38,1391,11
2514,16,1126,28,1844,38,1422,11
2514,16,1126,28,1844,38,1556,11
2514,16,1126,28,1844,38,1568,11
2514,16,1126,28,1844,38,1599,11
2514,16,1126,28,1844,38,1747,11
2514,16,1126,28,1844,38,1773,11
2514,16,1126,28,1844,38,1799,11
2514,16,1126,28,1844,38,1818,11
2514,16,1126,28,1844,38,1873,11
2514,16,1126,28,1844,38,1940,11
2514,16,1126,28,1844,38,1956,11
2514,16,1126,28,1844,38,1997,11
2514,16,1126,28,1844,38,2068,11
2514,16,1126,28,1844,38,2079,11
2514,16,1126,28,1844,38,2123,11
2514,16,1126,28,1844,38,2196,11
2514,16,1126,28,1844,38,2206,11
2514,16,1126,28,1844,38,2216,11
2514,16,1126,28,1844,38,2244,11
2514,16,1126,28,1844,38,2259,11
2514,16,1126,28,1844,38,2261,11
2514,16,1126,28,1844,38,2289,11
2514,16,1126,28,1844,38,2359,11
2514,16,1126,28,1844,38,2370,11
2514,16,1126,28,1844,38,2405,11
