2514,16,267,38,453,46,45,11
2514,16,267,38,453,46,272,11
2514,16,267,38,453,46,338,11
2514,16,267,38,453,46,390,11
2514,16,267,38,453,46,620,11
2514,16,267,38,453,46,742,11
2514,16,267,38,453,46,758,11
2514,16,267,38,453,46,979,11
2514,16,267,38,453,46,1044,11
2514,16,267,38,453,46,1068,11
2514,16,267,38,453,46,1186,11
2514,16,267,38,453,46,1259,11
2514,16,267,38,453,46,1260,11
2514,16,267,38,453,46,1312,11
2514,16,267,38,453,46,1391,11
2514,16,267,38,453,46,1422,11
2514,16,267,38,453,46,1747,11
2514,16,267,38,453,46,1773,11
2514,16,267,38,453,46,1799,11
2514,16,267,38,453,46,1956,11
2514,16,267,38,453,46,1997,11
2514,16,267,38,453,46,2068,11
2514,16,267,38,453,46,2079,11
2514,16,267,38,453,46,2206,11
2514,16,267,38,453,46,2244,11
2514,16,267,38,453,46,2259,11
2514,16,267,38,453,46,2261,11
2514,16,267,38,453,46,2289,11
2514,16,267,38,453,46,2359,11
2514,16,267,38,453,46,2405,11
2514,16,267,38,645,34,45,11
2514,16,267,38,645,34,159,11
2514,16,267,38,645,34,272,11
2514,16,267,38,645,34,338,11
2514,16,267,38,645,34,390,11
2514,16,267,38,645,34,457,11
2514,16,267,38,645,34,463,11
2514,16,267,38,645,34,620,11
2514,16,267,38,645,34,700,11
2514,16,267,38,645,34,742,11
2514,16,267,38,645,34,758,11
2514,16,267,38,645,34,879,11
2514,16,267,38,645,34,927,11
2514,16,267,38,645,34,979,11
2514,16,267,38,645,34,1003,11
2514,16,267,38,645,34,1044,11
2514,16,267,38,645,34,1068,11
2514,16,267,38,645,34,1153,11
2514,16,267,38,645,34,1186,11
2514,16,267,38,645,34,1194,11
2514,16,267,38,645,34,1259,11
2514,16,267,38,645,34,1260,11
2514,16,267,38,645,34,1312,11
2514,16,267,38,645,34,1388,11
2514,16,267,38,645,34,1391,11
2514,16,267,38,645,34,1422,11
2514,16,267,38,645,34,1556,11
2514,16,267,38,645,34,1568,11
2514,16,267,38,645,34,1599,11
2514,16,267,38,645,34,1747,11
2514,16,267,38,645,34,1773,11
2514,16,267,38,645,34,1799,11
2514,16,267,38,645,34,1818,11
2514,16,267,38,645,34,1873,11
2514,16,267,38,645,34,1940,11
2514,16,267,38,645,34,1956,11
2514,16,267,38,645,34,1997,11
2514,16,267,38,645,34,2068,11
2514,16,267,38,645,34,2079,11
2514,16,267,38,645,34,2123,11
2514,16,267,38,645,34,2196,11
2514,16,267,38,645,34,2206,11
2514,16,267,38,645,34,2216,11
2514,16,267,38,645,34,2244,11
2514,16,267,38,645,34,2259,11
2514,16,267,38,645,34,2261,11
2514,16,267,38,645,34,2289,11
2514,16,267,38,645,34,2359,11
2514,16,267,38,645,34,2370,11
2514,16,267,38,645,34,2405,11
2514,16,267,38,651,13,45,11
2514,16,267,38,651,13,159,11
2514,16,267,38,651,13,272,11
2514,16,267,38,651,13,338,11
2514,16,267,38,651,13,390,11
2514,16,267,38,651,13,457,11
2514,16,267,38,651,13,463,11
2514,16,267,38,651,13,620,11
2514,16,267,38,651,13,700,11
2514,16,267,38,651,13,742,11
2514,16,267,38,651,13,758,11
2514,16,267,38,651,13,879,11
2514,16,267,38,651,13,927,11
2514,16,267,38,651,13,979,11
2514,16,267,38,651,13,1003,11
2514,16,267,38,651,13,1044,11
2514,16,267,38,651,13,1068,11
2514,16,267,38,651,13,1153,11
2514,16,267,38,651,13,1186,11
2514,16,267,38,651,13,1194,11
2514,16,267,38,651,13,1259,11
2514,16,267,38,651,13,1260,11
2514,16,267,38,651,13,1312,11
2514,16,267,38,651,13,1388,11
2514,16,267,38,651,13,1391,11
2514,16,267,38,651,13,1422,11
2514,16,267,38,651,13,1556,11
2514,16,267,38,651,13,1568,11
2514,16,267,38,651,13,1599,11
2514,16,267,38,651,13,1747,11
2514,16,267,38,651,13,1773,11
2514,16,267,38,651,13,1799,11
2514,16,267,38,651,13,1818,11
2514,16,267,38,651,13,1873,11
2514,16,267,38,651,13,1940,11
2514,16,267,38,651,13,1956,11
2514,16,267,38,651,13,1997,11
2514,16,267,38,651,13,2068,11
2514,16,267,38,651,13,2079,11
2514,16,267,38,651,13,2123,11
2514,16,267,38,651,13,2196,11
2514,16,267,38,651,13,2206,11
2514,16,267,38,651,13,2216,11
2514,16,267,38,651,13,2244,11
2514,16,267,38,651,13,2259,11
2514,16,267,38,651,13,2261,11
2514,16,267,38,651,13,2289,11
2514,16,267,38,651,13,2359,11
2514,16,267,38,651,13,2370,11
2514,16,267,38,651,13,2405,11
2514,16,267,38,653,34,45,11
2514,16,267,38,653,34,159,11
2514,16,267,38,653,34,272,11
2514,16,267,38,653,34,338,11
2514,16,267,38,653,34,390,11
2514,16,267,38,653,34,457,11
2514,16,267,38,653,34,463,11
2514,16,267,38,653,34,620,11
2514,16,267,38,653,34,700,11
2514,16,267,38,653,34,742,11
2514,16,267,38,653,34,758,11
2514,16,267,38,653,34,879,11
2514,16,267,38,653,34,927,11
2514,16,267,38,653,34,979,11
2514,16,267,38,653,34,1003,11
2514,16,267,38,653,34,1044,11
2514,16,267,38,653,34,1068,11
2514,16,267,38,653,34,1153,11
2514,16,267,38,653,34,1186,11
2514,16,267,38,653,34,1194,11
2514,16,267,38,653,34,1259,11
2514,16,267,38,653,34,1260,11
2514,16,267,38,653,34,1312,11
2514,16,267,38,653,34,1388,11
2514,16,267,38,653,34,1391,11
2514,16,267,38,653,34,1422,11
2514,16,267,38,653,34,1556,11
2514,16,267,38,653,34,1568,11
2514,16,267,38,653,34,1599,11
2514,16,267,38,653,34,1747,11
2514,16,267,38,653,34,1773,11
2514,16,267,38,653,34,1799,11
2514,16,267,38,653,34,1818,11
2514,16,267,38,653,34,1873,11
2514,16,267,38,653,34,1940,11
2514,16,267,38,653,34,1956,11
2514,16,267,38,653,34,1997,11
2514,16,267,38,653,34,2068,11
2514,16,267,38,653,34,2079,11
2514,16,267,38,653,34,2123,11
2514,16,267,38,653,34,2196,11
2514,16,267,38,653,34,2206,11
2514,16,267,38,653,34,2216,11
2514,16,267,38,653,34,2244,11
2514,16,267,38,653,34,2259,11
2514,16,267,38,653,34,2261,11
2514,16,267,38,653,34,2289,11
2514,16,267,38,653,34,2359,11
2514,16,267,38,653,34,2370,11
2514,16,267,38,653,34,2405,11
2514,16,267,38,739,20,45,11
2514,16,267,38,739,20,159,11
2514,16,267,38,739,20,272,11
2514,16,267,38,739,20,338,11
2514,16,267,38,739,20,390,11
2514,16,267,38,739,20,457,11
2514,16,267,38,739,20,463,11
2514,16,267,38,739,20,620,11
2514,16,267,38,739,20,700,11
2514,16,267,38,739,20,742,11
2514,16,267,38,739,20,758,11
2514,16,267,38,739,20,879,11
2514,16,267,38,739,20,927,11
2514,16,267,38,739,20,979,11
2514,16,267,38,739,20,1003,11
2514,16,267,38,739,20,1044,11
2514,16,267,38,739,20,1068,11
2514,16,267,38,739,20,1153,11
2514,16,267,38,739,20,1186,11
2514,16,267,38,739,20,1194,11
2514,16,267,38,739,20,1259,11
2514,16,267,38,739,20,1260,11
2514,16,267,38,739,20,1312,11
2514,16,267,38,739,20,1388,11
2514,16,267,38,739,20,1391,11
2514,16,267,38,739,20,1422,11
2514,16,267,38,739,20,1556,11
2514,16,267,38,739,20,1568,11
2514,16,267,38,739,20,1599,11
2514,16,267,38,739,20,1747,11
2514,16,267,38,739,20,1773,11
2514,16,267,38,739,20,1799,11
2514,16,267,38,739,20,1818,11
2514,16,267,38,739,20,1873,11
2514,16,267,38,739,20,1940,11
2514,16,267,38,739,20,1956,11
2514,16,267,38,739,20,1997,11
2514,16,267,38,739,20,2068,11
2514,16,267,38,739,20,2079,11
2514,16,267,38,739,20,2123,11
2514,16,267,38,739,20,2196,11
2514,16,267,38,739,20,2206,11
2514,16,267,38,739,20,2216,11
2514,16,267,38,739,20,2244,11
2514,16,267,38,739,20,2259,11
2514,16,267,38,739,20,2261,11
2514,16,267,38,739,20,2289,11
2514,16,267,38,739,20,2359,11
2514,16,267,38,739,20,2370,11
2514,16,267,38,739,20,2405,11
2514,16,267,38,752,16,45,11
2514,16,267,38,752,16,159,11
2514,16,267,38,752,16,272,11
2514,16,267,38,752,16,338,11
2514,16,267,38,752,16,390,11
2514,16,267,38,752,16,457,11
2514,16,267,38,752,16,463,11
2514,16,267,38,752,16,620,11
2514,16,267,38,752,16,700,11
2514,16,267,38,752,16,742,11
2514,16,267,38,752,16,758,11
2514,16,267,38,752,16,879,11
2514,16,267,38,752,16,927,11
2514,16,267,38,752,16,979,11
2514,16,267,38,752,16,1003,11
2514,16,267,38,752,16,1044,11
2514,16,267,38,752,16,1068,11
2514,16,267,38,752,16,1153,11
2514,16,267,38,752,16,1186,11
2514,16,267,38,752,16,1194,11
2514,16,267,38,752,16,1259,11
2514,16,267,38,752,16,1260,11
2514,16,267,38,752,16,1312,11
2514,16,267,38,752,16,1388,11
2514,16,267,38,752,16,1391,11
2514,16,267,38,752,16,1422,11
2514,16,267,38,752,16,1556,11
2514,16,267,38,752,16,1568,11
2514,16,267,38,752,16,1599,11
2514,16,267,38,752,16,1747,11
2514,16,267,38,752,16,1773,11
2514,16,267,38,752,16,1799,11
2514,16,267,38,752,16,1818,11
2514,16,267,38,752,16,1873,11
2514,16,267,38,752,16,1940,11
2514,16,267,38,752,16,1956,11
2514,16,267,38,752,16,1997,11
2514,16,267,38,752,16,2068,11
2514,16,267,38,752,16,2079,11
2514,16,267,38,752,16,2123,11
2514,16,267,38,752,16,2196,11
2514,16,267,38,752,16,2206,11
2514,16,267,38,752,16,2216,11
2514,16,267,38,752,16,2244,11
2514,16,267,38,752,16,2259,11
2514,16,267,38,752,16,2261,11
2514,16,267,38,752,16,2289,11
2514,16,267,38,752,16,2359,11
2514,16,267,38,752,16,2370,11
2514,16,267,38,752,16,2405,11
2514,16,267,38,772,33,45,11
2514,16,267,38,772,33,159,11
2514,16,267,38,772,33,272,11
2514,16,267,38,772,33,338,11
2514,16,267,38,772,33,390,11
2514,16,267,38,772,33,457,11
2514,16,267,38,772,33,463,11
2514,16,267,38,772,33,620,11
2514,16,267,38,772,33,700,11
2514,16,267,38,772,33,742,11
2514,16,267,38,772,33,758,11
2514,16,267,38,772,33,879,11
2514,16,267,38,772,33,927,11
2514,16,267,38,772,33,979,11
2514,16,267,38,772,33,1003,11
2514,16,267,38,772,33,1044,11
2514,16,267,38,772,33,1068,11
2514,16,267,38,772,33,1153,11
2514,16,267,38,772,33,1186,11
2514,16,267,38,772,33,1194,11
2514,16,267,38,772,33,1259,11
2514,16,267,38,772,33,1260,11
2514,16,267,38,772,33,1312,11
2514,16,267,38,772,33,1388,11
2514,16,267,38,772,33,1391,11
2514,16,267,38,772,33,1422,11
2514,16,267,38,772,33,1556,11
2514,16,267,38,772,33,1568,11
2514,16,267,38,772,33,1599,11
2514,16,267,38,772,33,1747,11
2514,16,267,38,772,33,1773,11
2514,16,267,38,772,33,1799,11
2514,16,267,38,772,33,1818,11
2514,16,267,38,772,33,1873,11
2514,16,267,38,772,33,1940,11
2514,16,267,38,772,33,1956,11
2514,16,267,38,772,33,1997,11
2514,16,267,38,772,33,2068,11
2514,16,267,38,772,33,2079,11
2514,16,267,38,772,33,2123,11
2514,16,267,38,772,33,2196,11
2514,16,267,38,772,33,2206,11
2514,16,267,38,772,33,2216,11
2514,16,267,38,772,33,2244,11
2514,16,267,38,772,33,2259,11
2514,16,267,38,772,33,2261,11
2514,16,267,38,772,33,2289,11
2514,16,267,38,772,33,2359,11
2514,16,267,38,772,33,2370,11
2514,16,267,38,772,33,2405,11
2514,16,267,38,998,49,45,11
2514,16,267,38,998,49,159,11
2514,16,267,38,998,49,272,11
2514,16,267,38,998,49,338,11
2514,16,267,38,998,49,390,11
2514,16,267,38,998,49,457,11
2514,16,267,38,998,49,463,11
2514,16,267,38,998,49,620,11
2514,16,267,38,998,49,700,11
2514,16,267,38,998,49,742,11
2514,16,267,38,998,49,758,11
2514,16,267,38,998,49,879,11
2514,16,267,38,998,49,927,11
2514,16,267,38,998,49,979,11
2514,16,267,38,998,49,1003,11
2514,16,267,38,998,49,1044,11
2514,16,267,38,998,49,1068,11
2514,16,267,38,998,49,1153,11
2514,16,267,38,998,49,1186,11
2514,16,267,38,998,49,1194,11
2514,16,267,38,998,49,1259,11
2514,16,267,38,998,49,1260,11
2514,16,267,38,998,49,1312,11
2514,16,267,38,998,49,1388,11
2514,16,267,38,998,49,1391,11
2514,16,267,38,998,49,1422,11
2514,16,267,38,998,49,1556,11
2514,16,267,38,998,49,1568,11
2514,16,267,38,998,49,1599,11
2514,16,267,38,998,49,1747,11
2514,16,267,38,998,49,1773,11
2514,16,267,38,998,49,1799,11
2514,16,267,38,998,49,1818,11
2514,16,267,38,998,49,1873,11
2514,16,267,38,998,49,1940,11
2514,16,267,38,998,49,1956,11
2514,16,267,38,998,49,1997,11
2514,16,267,38,998,49,2068,11
2514,16,267,38,998,49,2079,11
2514,16,267,38,998,49,2123,11
2514,16,267,38,998,49,2196,11
2514,16,267,38,998,49,2206,11
2514,16,267,38,998,49,2216,11
2514,16,267,38,998,49,2244,11
2514,16,267,38,998,49,2259,11
2514,16,267,38,998,49,2261,11
2514,16,267,38,998,49,2289,11
2514,16,267,38,998,49,2359,11
2514,16,267,38,998,49,2370,11
2514,16,267,38,998,49,2405,11
2514,16,267,38,1055,28,45,11
2514,16,267,38,1055,28,159,11
2514,16,267,38,1055,28,272,11
2514,16,267,38,1055,28,338,11
2514,16,267,38,1055,28,390,11
2514,16,267,38,1055,28,457,11
2514,16,267,38,1055,28,463,11
2514,16,267,38,1055,28,620,11
2514,16,267,38,1055,28,700,11
2514,16,267,38,1055,28,742,11
2514,16,267,38,1055,28,758,11
2514,16,267,38,1055,28,879,11
2514,16,267,38,1055,28,927,11
2514,16,267,38,1055,28,979,11
2514,16,267,38,1055,28,1003,11
2514,16,267,38,1055,28,1044,11
2514,16,267,38,1055,28,1068,11
2514,16,267,38,1055,28,1153,11
2514,16,267,38,1055,28,1186,11
2514,16,267,38,1055,28,1194,11
2514,16,267,38,1055,28,1259,11
2514,16,267,38,1055,28,1260,11
2514,16,267,38,1055,28,1312,11
2514,16,267,38,1055,28,1388,11
2514,16,267,38,1055,28,1391,11
2514,16,267,38,1055,28,1422,11
2514,16,267,38,1055,28,1556,11
2514,16,267,38,1055,28,1568,11
2514,16,267,38,1055,28,1599,11
2514,16,267,38,1055,28,1747,11
2514,16,267,38,1055,28,1773,11
2514,16,267,38,1055,28,1799,11
2514,16,267,38,1055,28,1818,11
2514,16,267,38,1055,28,1873,11
2514,16,267,38,1055,28,1940,11
2514,16,267,38,1055,28,1956,11
2514,16,267,38,1055,28,1997,11
2514,16,267,38,1055,28,2068,11
2514,16,267,38,1055,28,2079,11
2514,16,267,38,1055,28,2123,11
2514,16,267,38,1055,28,2196,11
2514,16,267,38,1055,28,2206,11
2514,16,267,38,1055,28,2216,11
2514,16,267,38,1055,28,2244,11
2514,16,267,38,1055,28,2259,11
2514,16,267,38,1055,28,2261,11
2514,16,267,38,1055,28,2289,11
2514,16,267,38,1055,28,2359,11
2514,16,267,38,1055,28,2370,11
2514,16,267,38,1055,28,2405,11
2514,16,267,38,1217,21,457,11
2514,16,267,38,1217,21,700,11
2514,16,267,38,1217,21,927,11
2514,16,267,38,1217,21,1003,11
2514,16,267,38,1217,21,1153,11
2514,16,267,38,1217,21,1194,11
2514,16,267,38,1217,21,1568,11
2514,16,267,38,1217,21,1599,11
2514,16,267,38,1217,21,1818,11
2514,16,267,38,1217,21,1940,11
2514,16,267,38,1371,14,45,11
2514,16,267,38,1371,14,159,11
2514,16,267,38,1371,14,272,11
2514,16,267,38,1371,14,338,11
2514,16,267,38,1371,14,390,11
2514,16,267,38,1371,14,457,11
2514,16,267,38,1371,14,463,11
2514,16,267,38,1371,14,620,11
2514,16,267,38,1371,14,700,11
2514,16,267,38,1371,14,742,11
2514,16,267,38,1371,14,758,11
2514,16,267,38,1371,14,879,11
2514,16,267,38,1371,14,927,11
2514,16,267,38,1371,14,979,11
2514,16,267,38,1371,14,1003,11
2514,16,267,38,1371,14,1044,11
2514,16,267,38,1371,14,1068,11
2514,16,267,38,1371,14,1153,11
2514,16,267,38,1371,14,1186,11
2514,16,267,38,1371,14,1194,11
2514,16,267,38,1371,14,1259,11
2514,16,267,38,1371,14,1260,11
2514,16,267,38,1371,14,1312,11
2514,16,267,38,1371,14,1388,11
2514,16,267,38,1371,14,1391,11
2514,16,267,38,1371,14,1422,11
2514,16,267,38,1371,14,1556,11
2514,16,267,38,1371,14,1568,11
2514,16,267,38,1371,14,1599,11
2514,16,267,38,1371,14,1747,11
2514,16,267,38,1371,14,1773,11
2514,16,267,38,1371,14,1799,11
2514,16,267,38,1371,14,1818,11
2514,16,267,38,1371,14,1873,11
2514,16,267,38,1371,14,1940,11
2514,16,267,38,1371,14,1956,11
2514,16,267,38,1371,14,1997,11
2514,16,267,38,1371,14,2068,11
2514,16,267,38,1371,14,2079,11
2514,16,267,38,1371,14,2123,11
2514,16,267,38,1371,14,2196,11
2514,16,267,38,1371,14,2206,11
2514,16,267,38,1371,14,2216,11
2514,16,267,38,1371,14,2244,11
2514,16,267,38,1371,14,2259,11
2514,16,267,38,1371,14,2261,11
2514,16,267,38,1371,14,2289,11
2514,16,267,38,1371,14,2359,11
2514,16,267,38,1371,14,2370,11
2514,16,267,38,1371,14,2405,11
2514,16,267,38,1869,31,45,11
2514,16,267,38,1869,31,159,11
2514,16,267,38,1869,31,272,11
2514,16,267,38,1869,31,338,11
2514,16,267,38,1869,31,390,11
2514,16,267,38,1869,31,457,11
2514,16,267,38,1869,31,463,11
2514,16,267,38,1869,31,620,11
2514,16,267,38,1869,31,700,11
2514,16,267,38,1869,31,742,11
2514,16,267,38,1869,31,758,11
2514,16,267,38,1869,31,879,11
2514,16,267,38,1869,31,927,11
2514,16,267,38,1869,31,979,11
2514,16,267,38,1869,31,1003,11
2514,16,267,38,1869,31,1044,11
2514,16,267,38,1869,31,1068,11
2514,16,267,38,1869,31,1153,11
2514,16,267,38,1869,31,1186,11
2514,16,267,38,1869,31,1194,11
2514,16,267,38,1869,31,1259,11
2514,16,267,38,1869,31,1260,11
2514,16,267,38,1869,31,1312,11
2514,16,267,38,1869,31,1388,11
2514,16,267,38,1869,31,1391,11
2514,16,267,38,1869,31,1422,11
2514,16,267,38,1869,31,1556,11
2514,16,267,38,1869,31,1568,11
2514,16,267,38,1869,31,1599,11
2514,16,267,38,1869,31,1747,11
2514,16,267,38,1869,31,1773,11
2514,16,267,38,1869,31,1799,11
2514,16,267,38,1869,31,1818,11
2514,16,267,38,1869,31,1873,11
2514,16,267,38,1869,31,1940,11
2514,16,267,38,1869,31,1956,11
2514,16,267,38,1869,31,1997,11
2514,16,267,38,1869,31,2068,11
2514,16,267,38,1869,31,2079,11
2514,16,267,38,1869,31,2123,11
2514,16,267,38,1869,31,2196,11
2514,16,267,38,1869,31,2206,11
2514,16,267,38,1869,31,2216,11
2514,16,267,38,1869,31,2244,11
2514,16,267,38,1869,31,2259,11
2514,16,267,38,1869,31,2261,11
2514,16,267,38,1869,31,2289,11
2514,16,267,38,1869,31,2359,11
2514,16,267,38,1869,31,2370,11
2514,16,267,38,1869,31,2405,11
2514,16,267,38,1886,41,45,11
2514,16,267,38,1886,41,159,11
2514,16,267,38,1886,41,272,11
2514,16,267,38,1886,41,338,11
2514,16,267,38,1886,41,390,11
2514,16,267,38,1886,41,457,11
2514,16,267,38,1886,41,463,11
2514,16,267,38,1886,41,620,11
2514,16,267,38,1886,41,700,11
2514,16,267,38,1886,41,742,11
2514,16,267,38,1886,41,758,11
2514,16,267,38,1886,41,879,11
2514,16,267,38,1886,41,927,11
2514,16,267,38,1886,41,979,11
2514,16,267,38,1886,41,1003,11
2514,16,267,38,1886,41,1044,11
2514,16,267,38,1886,41,1068,11
2514,16,267,38,1886,41,1153,11
2514,16,267,38,1886,41,1186,11
2514,16,267,38,1886,41,1194,11
2514,16,267,38,1886,41,1259,11
2514,16,267,38,1886,41,1260,11
2514,16,267,38,1886,41,1312,11
2514,16,267,38,1886,41,1388,11
2514,16,267,38,1886,41,1391,11
2514,16,267,38,1886,41,1422,11
2514,16,267,38,1886,41,1556,11
2514,16,267,38,1886,41,1568,11
2514,16,267,38,1886,41,1599,11
2514,16,267,38,1886,41,1747,11
2514,16,267,38,1886,41,1773,11
2514,16,267,38,1886,41,1799,11
2514,16,267,38,1886,41,1818,11
2514,16,267,38,1886,41,1873,11
2514,16,267,38,1886,41,1940,11
2514,16,267,38,1886,41,1956,11
2514,16,267,38,1886,41,1997,11
2514,16,267,38,1886,41,2068,11
2514,16,267,38,1886,41,2079,11
2514,16,267,38,1886,41,2123,11
2514,16,267,38,1886,41,2196,11
2514,16,267,38,1886,41,2206,11
2514,16,267,38,1886,41,2216,11
2514,16,267,38,1886,41,2244,11
2514,16,267,38,1886,41,2259,11
2514,16,267,38,1886,41,2261,11
2514,16,267,38,1886,41,2289,11
2514,16,267,38,1886,41,2359,11
2514,16,267,38,1886,41,2370,11
2514,16,267,38,1886,41,2405,11
2514,16,267,38,1964,21,45,11
2514,16,267,38,1964,21,159,11
2514,16,267,38,1964,21,272,11
2514,16,267,38,1964,21,338,11
2514,16,267,38,1964,21,390,11
2514,16,267,38,1964,21,457,11
2514,16,267,38,1964,21,463,11
2514,16,267,38,1964,21,620,11
2514,16,267,38,1964,21,700,11
2514,16,267,38,1964,21,742,11
2514,16,267,38,1964,21,758,11
2514,16,267,38,1964,21,879,11
2514,16,267,38,1964,21,927,11
2514,16,267,38,1964,21,979,11
2514,16,267,38,1964,21,1003,11
2514,16,267,38,1964,21,1044,11
2514,16,267,38,1964,21,1068,11
2514,16,267,38,1964,21,1153,11
2514,16,267,38,1964,21,1186,11
2514,16,267,38,1964,21,1194,11
2514,16,267,38,1964,21,1259,11
2514,16,267,38,1964,21,1260,11
2514,16,267,38,1964,21,1312,11
2514,16,267,38,1964,21,1388,11
2514,16,267,38,1964,21,1391,11
2514,16,267,38,1964,21,1422,11
2514,16,267,38,1964,21,1556,11
2514,16,267,38,1964,21,1568,11
2514,16,267,38,1964,21,1599,11
2514,16,267,38,1964,21,1747,11
2514,16,267,38,1964,21,1773,11
2514,16,267,38,1964,21,1799,11
2514,16,267,38,1964,21,1818,11
2514,16,267,38,1964,21,1873,11
2514,16,267,38,1964,21,1940,11
2514,16,267,38,1964,21,1956,11
2514,16,267,38,1964,21,1997,11
2514,16,267,38,1964,21,2068,11
2514,16,267,38,1964,21,2079,11
2514,16,267,38,1964,21,2123,11
2514,16,267,38,1964,21,2196,11
2514,16,267,38,1964,21,2206,11
2514,16,267,38,1964,21,2216,11
2514,16,267,38,1964,21,2244,11
2514,16,267,38,1964,21,2259,11
2514,16,267,38,1964,21,2261,11
2514,16,267,38,1964,21,2289,11
2514,16,267,38,1964,21,2359,11
2514,16,267,38,1964,21,2370,11
2514,16,267,38,1964,21,2405,11
