2514,16,1010,12,233,9,45,11
2514,16,1010,12,233,9,159,11
2514,16,1010,12,233,9,272,11
2514,16,1010,12,233,9,338,11
2514,16,1010,12,233,9,390,11
2514,16,1010,12,233,9,457,11
2514,16,1010,12,233,9,463,11
2514,16,1010,12,233,9,620,11
2514,16,1010,12,233,9,700,11
2514,16,1010,12,233,9,742,11
2514,16,1010,12,233,9,758,11
2514,16,1010,12,233,9,879,11
2514,16,1010,12,233,9,927,11
2514,16,1010,12,233,9,979,11
2514,16,1010,12,233,9,1003,11
2514,16,1010,12,233,9,1044,11
2514,16,1010,12,233,9,1068,11
2514,16,1010,12,233,9,1153,11
2514,16,1010,12,233,9,1186,11
2514,16,1010,12,233,9,1194,11
2514,16,1010,12,233,9,1259,11
2514,16,1010,12,233,9,1260,11
2514,16,1010,12,233,9,1312,11
2514,16,1010,12,233,9,1388,11
2514,16,1010,12,233,9,1391,11
2514,16,1010,12,233,9,1422,11
2514,16,1010,12,233,9,1556,11
2514,16,1010,12,233,9,1568,11
2514,16,1010,12,233,9,1599,11
2514,16,1010,12,233,9,1747,11
2514,16,1010,12,233,9,1773,11
2514,16,1010,12,233,9,1799,11
2514,16,1010,12,233,9,1818,11
2514,16,1010,12,233,9,1873,11
2514,16,1010,12,233,9,1940,11
2514,16,1010,12,233,9,1956,11
2514,16,1010,12,233,9,1997,11
2514,16,1010,12,233,9,2068,11
2514,16,1010,12,233,9,2079,11
2514,16,1010,12,233,9,2123,11
2514,16,1010,12,233,9,2196,11
2514,16,1010,12,233,9,2206,11
2514,16,1010,12,233,9,2216,11
2514,16,1010,12,233,9,2244,11
2514,16,1010,12,233,9,2259,11
2514,16,1010,12,233,9,2261,11
2514,16,1010,12,233,9,2289,11
2514,16,1010,12,233,9,2359,11
2514,16,1010,12,233,9,2370,11
2514,16,1010,12,233,9,2405,11
2514,16,1010,12,451,17,45,11
2514,16,1010,12,451,17,159,11
2514,16,1010,12,451,17,272,11
2514,16,1010,12,451,17,338,11
2514,16,1010,12,451,17,390,11
2514,16,1010,12,451,17,457,11
2514,16,1010,12,451,17,463,11
2514,16,1010,12,451,17,620,11
2514,16,1010,12,451,17,700,11
2514,16,1010,12,451,17,742,11
2514,16,1010,12,451,17,758,11
2514,16,1010,12,451,17,879,11
2514,16,1010,12,451,17,927,11
2514,16,1010,12,451,17,979,11
2514,16,1010,12,451,17,1003,11
2514,16,1010,12,451,17,1044,11
2514,16,1010,12,451,17,1068,11
2514,16,1010,12,451,17,1153,11
2514,16,1010,12,451,17,1186,11
2514,16,1010,12,451,17,1194,11
2514,16,1010,12,451,17,1259,11
2514,16,1010,12,451,17,1260,11
2514,16,1010,12,451,17,1312,11
2514,16,1010,12,451,17,1388,11
2514,16,1010,12,451,17,1391,11
2514,16,1010,12,451,17,1422,11
2514,16,1010,12,451,17,1556,11
2514,16,1010,12,451,17,1568,11
2514,16,1010,12,451,17,1599,11
2514,16,1010,12,451,17,1747,11
2514,16,1010,12,451,17,1773,11
2514,16,1010,12,451,17,1799,11
2514,16,1010,12,451,17,1818,11
2514,16,1010,12,451,17,1873,11
2514,16,1010,12,451,17,1940,11
2514,16,1010,12,451,17,1956,11
2514,16,1010,12,451,17,1997,11
2514,16,1010,12,451,17,2068,11
2514,16,1010,12,451,17,2079,11
2514,16,1010,12,451,17,2123,11
2514,16,1010,12,451,17,2196,11
2514,16,1010,12,451,17,2206,11
2514,16,1010,12,451,17,2216,11
2514,16,1010,12,451,17,2244,11
2514,16,1010,12,451,17,2259,11
2514,16,1010,12,451,17,2261,11
2514,16,1010,12,451,17,2289,11
2514,16,1010,12,451,17,2359,11
2514,16,1010,12,451,17,2370,11
2514,16,1010,12,451,17,2405,11
2514,16,1010,12,510,18,45,11
2514,16,1010,12,510,18,159,11
2514,16,1010,12,510,18,272,11
2514,16,1010,12,510,18,338,11
2514,16,1010,12,510,18,390,11
2514,16,1010,12,510,18,457,11
2514,16,1010,12,510,18,463,11
2514,16,1010,12,510,18,620,11
2514,16,1010,12,510,18,700,11
2514,16,1010,12,510,18,742,11
2514,16,1010,12,510,18,758,11
2514,16,1010,12,510,18,879,11
2514,16,1010,12,510,18,927,11
2514,16,1010,12,510,18,979,11
2514,16,1010,12,510,18,1003,11
2514,16,1010,12,510,18,1044,11
2514,16,1010,12,510,18,1068,11
2514,16,1010,12,510,18,1153,11
2514,16,1010,12,510,18,1186,11
2514,16,1010,12,510,18,1194,11
2514,16,1010,12,510,18,1259,11
2514,16,1010,12,510,18,1260,11
2514,16,1010,12,510,18,1312,11
2514,16,1010,12,510,18,1388,11
2514,16,1010,12,510,18,1391,11
2514,16,1010,12,510,18,1422,11
2514,16,1010,12,510,18,1556,11
2514,16,1010,12,510,18,1568,11
2514,16,1010,12,510,18,1599,11
2514,16,1010,12,510,18,1747,11
2514,16,1010,12,510,18,1773,11
2514,16,1010,12,510,18,1799,11
2514,16,1010,12,510,18,1818,11
2514,16,1010,12,510,18,1873,11
2514,16,1010,12,510,18,1940,11
2514,16,1010,12,510,18,1956,11
2514,16,1010,12,510,18,1997,11
2514,16,1010,12,510,18,2068,11
2514,16,1010,12,510,18,2079,11
2514,16,1010,12,510,18,2123,11
2514,16,1010,12,510,18,2196,11
2514,16,1010,12,510,18,2206,11
2514,16,1010,12,510,18,2216,11
2514,16,1010,12,510,18,2244,11
2514,16,1010,12,510,18,2259,11
2514,16,1010,12,510,18,2261,11
2514,16,1010,12,510,18,2289,11
2514,16,1010,12,510,18,2359,11
2514,16,1010,12,510,18,2370,11
2514,16,1010,12,510,18,2405,11
2514,16,1010,12,563,45,45,11
2514,16,1010,12,563,45,159,11
2514,16,1010,12,563,45,272,11
2514,16,1010,12,563,45,338,11
2514,16,1010,12,563,45,390,11
2514,16,1010,12,563,45,457,11
2514,16,1010,12,563,45,463,11
2514,16,1010,12,563,45,620,11
2514,16,1010,12,563,45,700,11
2514,16,1010,12,563,45,742,11
2514,16,1010,12,563,45,758,11
2514,16,1010,12,563,45,879,11
2514,16,1010,12,563,45,927,11
2514,16,1010,12,563,45,979,11
2514,16,1010,12,563,45,1003,11
2514,16,1010,12,563,45,1044,11
2514,16,1010,12,563,45,1068,11
2514,16,1010,12,563,45,1153,11
2514,16,1010,12,563,45,1186,11
2514,16,1010,12,563,45,1194,11
2514,16,1010,12,563,45,1259,11
2514,16,1010,12,563,45,1260,11
2514,16,1010,12,563,45,1312,11
2514,16,1010,12,563,45,1388,11
2514,16,1010,12,563,45,1391,11
2514,16,1010,12,563,45,1422,11
2514,16,1010,12,563,45,1556,11
2514,16,1010,12,563,45,1568,11
2514,16,1010,12,563,45,1599,11
2514,16,1010,12,563,45,1747,11
2514,16,1010,12,563,45,1773,11
2514,16,1010,12,563,45,1799,11
2514,16,1010,12,563,45,1818,11
2514,16,1010,12,563,45,1873,11
2514,16,1010,12,563,45,1940,11
2514,16,1010,12,563,45,1956,11
2514,16,1010,12,563,45,1997,11
2514,16,1010,12,563,45,2068,11
2514,16,1010,12,563,45,2079,11
2514,16,1010,12,563,45,2123,11
2514,16,1010,12,563,45,2196,11
2514,16,1010,12,563,45,2206,11
2514,16,1010,12,563,45,2216,11
2514,16,1010,12,563,45,2244,11
2514,16,1010,12,563,45,2259,11
2514,16,1010,12,563,45,2261,11
2514,16,1010,12,563,45,2289,11
2514,16,1010,12,563,45,2359,11
2514,16,1010,12,563,45,2370,11
2514,16,1010,12,563,45,2405,11
2514,16,1010,12,652,37,45,11
2514,16,1010,12,652,37,159,11
2514,16,1010,12,652,37,272,11
2514,16,1010,12,652,37,338,11
2514,16,1010,12,652,37,390,11
2514,16,1010,12,652,37,457,11
2514,16,1010,12,652,37,463,11
2514,16,1010,12,652,37,620,11
2514,16,1010,12,652,37,700,11
2514,16,1010,12,652,37,742,11
2514,16,1010,12,652,37,758,11
2514,16,1010,12,652,37,879,11
2514,16,1010,12,652,37,927,11
2514,16,1010,12,652,37,979,11
2514,16,1010,12,652,37,1003,11
2514,16,1010,12,652,37,1044,11
2514,16,1010,12,652,37,1068,11
2514,16,1010,12,652,37,1153,11
2514,16,1010,12,652,37,1186,11
2514,16,1010,12,652,37,1194,11
2514,16,1010,12,652,37,1259,11
2514,16,1010,12,652,37,1260,11
2514,16,1010,12,652,37,1312,11
2514,16,1010,12,652,37,1388,11
2514,16,1010,12,652,37,1391,11
2514,16,1010,12,652,37,1422,11
2514,16,1010,12,652,37,1556,11
2514,16,1010,12,652,37,1568,11
2514,16,1010,12,652,37,1599,11
2514,16,1010,12,652,37,1747,11
2514,16,1010,12,652,37,1773,11
2514,16,1010,12,652,37,1799,11
2514,16,1010,12,652,37,1818,11
2514,16,1010,12,652,37,1873,11
2514,16,1010,12,652,37,1940,11
2514,16,1010,12,652,37,1956,11
2514,16,1010,12,652,37,1997,11
2514,16,1010,12,652,37,2068,11
2514,16,1010,12,652,37,2079,11
2514,16,1010,12,652,37,2123,11
2514,16,1010,12,652,37,2196,11
2514,16,1010,12,652,37,2206,11
2514,16,1010,12,652,37,2216,11
2514,16,1010,12,652,37,2244,11
2514,16,1010,12,652,37,2259,11
2514,16,1010,12,652,37,2261,11
2514,16,1010,12,652,37,2289,11
2514,16,1010,12,652,37,2359,11
2514,16,1010,12,652,37,2370,11
2514,16,1010,12,652,37,2405,11
2514,16,1010,12,884,10,45,11
2514,16,1010,12,884,10,390,11
2514,16,1010,12,884,10,620,11
2514,16,1010,12,884,10,979,11
2514,16,1010,12,884,10,1799,11
2514,16,1010,12,884,10,1956,11
2514,16,1010,12,884,10,2206,11
2514,16,1010,12,884,10,2244,11
2514,16,1010,12,884,10,2261,11
2514,16,1010,12,884,10,2359,11
2514,16,1010,12,1046,14,45,11
2514,16,1010,12,1046,14,159,11
2514,16,1010,12,1046,14,272,11
2514,16,1010,12,1046,14,338,11
2514,16,1010,12,1046,14,390,11
2514,16,1010,12,1046,14,457,11
2514,16,1010,12,1046,14,463,11
2514,16,1010,12,1046,14,620,11
2514,16,1010,12,1046,14,700,11
2514,16,1010,12,1046,14,742,11
2514,16,1010,12,1046,14,758,11
2514,16,1010,12,1046,14,879,11
2514,16,1010,12,1046,14,927,11
2514,16,1010,12,1046,14,979,11
2514,16,1010,12,1046,14,1003,11
2514,16,1010,12,1046,14,1044,11
2514,16,1010,12,1046,14,1068,11
2514,16,1010,12,1046,14,1153,11
2514,16,1010,12,1046,14,1186,11
2514,16,1010,12,1046,14,1194,11
2514,16,1010,12,1046,14,1259,11
2514,16,1010,12,1046,14,1260,11
2514,16,1010,12,1046,14,1312,11
2514,16,1010,12,1046,14,1388,11
2514,16,1010,12,1046,14,1391,11
2514,16,1010,12,1046,14,1422,11
2514,16,1010,12,1046,14,1556,11
2514,16,1010,12,1046,14,1568,11
2514,16,1010,12,1046,14,1599,11
2514,16,1010,12,1046,14,1747,11
2514,16,1010,12,1046,14,1773,11
2514,16,1010,12,1046,14,1799,11
2514,16,1010,12,1046,14,1818,11
2514,16,1010,12,1046,14,1873,11
2514,16,1010,12,1046,14,1940,11
2514,16,1010,12,1046,14,1956,11
2514,16,1010,12,1046,14,1997,11
2514,16,1010,12,1046,14,2068,11
2514,16,1010,12,1046,14,2079,11
2514,16,1010,12,1046,14,2123,11
2514,16,1010,12,1046,14,2196,11
2514,16,1010,12,1046,14,2206,11
2514,16,1010,12,1046,14,2216,11
2514,16,1010,12,1046,14,2244,11
2514,16,1010,12,1046,14,2259,11
2514,16,1010,12,1046,14,2261,11
2514,16,1010,12,1046,14,2289,11
2514,16,1010,12,1046,14,2359,11
2514,16,1010,12,1046,14,2370,11
2514,16,1010,12,1046,14,2405,11
2514,16,1010,12,1123,31,45,11
2514,16,1010,12,1123,31,159,11
2514,16,1010,12,1123,31,272,11
2514,16,1010,12,1123,31,338,11
2514,16,1010,12,1123,31,390,11
2514,16,1010,12,1123,31,457,11
2514,16,1010,12,1123,31,463,11
2514,16,1010,12,1123,31,620,11
2514,16,1010,12,1123,31,700,11
2514,16,1010,12,1123,31,742,11
2514,16,1010,12,1123,31,758,11
2514,16,1010,12,1123,31,879,11
2514,16,1010,12,1123,31,927,11
2514,16,1010,12,1123,31,979,11
2514,16,1010,12,1123,31,1003,11
2514,16,1010,12,1123,31,1044,11
2514,16,1010,12,1123,31,1068,11
2514,16,1010,12,1123,31,1153,11
2514,16,1010,12,1123,31,1186,11
2514,16,1010,12,1123,31,1194,11
2514,16,1010,12,1123,31,1259,11
2514,16,1010,12,1123,31,1260,11
2514,16,1010,12,1123,31,1312,11
2514,16,1010,12,1123,31,1388,11
2514,16,1010,12,1123,31,1391,11
2514,16,1010,12,1123,31,1422,11
2514,16,1010,12,1123,31,1556,11
2514,16,1010,12,1123,31,1568,11
2514,16,1010,12,1123,31,1599,11
2514,16,1010,12,1123,31,1747,11
2514,16,1010,12,1123,31,1773,11
2514,16,1010,12,1123,31,1799,11
2514,16,1010,12,1123,31,1818,11
2514,16,1010,12,1123,31,1873,11
2514,16,1010,12,1123,31,1940,11
2514,16,1010,12,1123,31,1956,11
2514,16,1010,12,1123,31,1997,11
2514,16,1010,12,1123,31,2068,11
2514,16,1010,12,1123,31,2079,11
2514,16,1010,12,1123,31,2123,11
2514,16,1010,12,1123,31,2196,11
2514,16,1010,12,1123,31,2206,11
2514,16,1010,12,1123,31,2216,11
2514,16,1010,12,1123,31,2244,11
2514,16,1010,12,1123,31,2259,11
2514,16,1010,12,1123,31,2261,11
2514,16,1010,12,1123,31,2289,11
2514,16,1010,12,1123,31,2359,11
2514,16,1010,12,1123,31,2370,11
2514,16,1010,12,1123,31,2405,11
2514,16,1010,12,1203,46,45,11
2514,16,1010,12,1203,46,159,11
2514,16,1010,12,1203,46,272,11
2514,16,1010,12,1203,46,338,11
2514,16,1010,12,1203,46,390,11
2514,16,1010,12,1203,46,457,11
2514,16,1010,12,1203,46,463,11
2514,16,1010,12,1203,46,620,11
2514,16,1010,12,1203,46,700,11
2514,16,1010,12,1203,46,742,11
2514,16,1010,12,1203,46,758,11
2514,16,1010,12,1203,46,879,11
2514,16,1010,12,1203,46,927,11
2514,16,1010,12,1203,46,979,11
2514,16,1010,12,1203,46,1003,11
2514,16,1010,12,1203,46,1044,11
2514,16,1010,12,1203,46,1068,11
2514,16,1010,12,1203,46,1153,11
2514,16,1010,12,1203,46,1186,11
2514,16,1010,12,1203,46,1194,11
2514,16,1010,12,1203,46,1259,11
2514,16,1010,12,1203,46,1260,11
2514,16,1010,12,1203,46,1312,11
2514,16,1010,12,1203,46,1388,11
2514,16,1010,12,1203,46,1391,11
2514,16,1010,12,1203,46,1422,11
2514,16,1010,12,1203,46,1556,11
2514,16,1010,12,1203,46,1568,11
2514,16,1010,12,1203,46,1599,11
2514,16,1010,12,1203,46,1747,11
2514,16,1010,12,1203,46,1773,11
2514,16,1010,12,1203,46,1799,11
2514,16,1010,12,1203,46,1818,11
2514,16,1010,12,1203,46,1873,11
2514,16,1010,12,1203,46,1940,11
2514,16,1010,12,1203,46,1956,11
2514,16,1010,12,1203,46,1997,11
2514,16,1010,12,1203,46,2068,11
2514,16,1010,12,1203,46,2079,11
2514,16,1010,12,1203,46,2123,11
2514,16,1010,12,1203,46,2196,11
2514,16,1010,12,1203,46,2206,11
2514,16,1010,12,1203,46,2216,11
2514,16,1010,12,1203,46,2244,11
2514,16,1010,12,1203,46,2259,11
2514,16,1010,12,1203,46,2261,11
2514,16,1010,12,1203,46,2289,11
2514,16,1010,12,1203,46,2359,11
2514,16,1010,12,1203,46,2370,11
2514,16,1010,12,1203,46,2405,11
2514,16,1010,12,1231,11,45,11
2514,16,1010,12,1231,11,159,11
2514,16,1010,12,1231,11,272,11
2514,16,1010,12,1231,11,338,11
2514,16,1010,12,1231,11,390,11
2514,16,1010,12,1231,11,457,11
2514,16,1010,12,1231,11,463,11
2514,16,1010,12,1231,11,620,11
2514,16,1010,12,1231,11,700,11
2514,16,1010,12,1231,11,742,11
2514,16,1010,12,1231,11,758,11
2514,16,1010,12,1231,11,879,11
2514,16,1010,12,1231,11,927,11
2514,16,1010,12,1231,11,979,11
2514,16,1010,12,1231,11,1003,11
2514,16,1010,12,1231,11,1044,11
2514,16,1010,12,1231,11,1068,11
2514,16,1010,12,1231,11,1153,11
2514,16,1010,12,1231,11,1186,11
2514,16,1010,12,1231,11,1194,11
2514,16,1010,12,1231,11,1259,11
2514,16,1010,12,1231,11,1260,11
2514,16,1010,12,1231,11,1312,11
2514,16,1010,12,1231,11,1388,11
2514,16,1010,12,1231,11,1391,11
2514,16,1010,12,1231,11,1422,11
2514,16,1010,12,1231,11,1556,11
2514,16,1010,12,1231,11,1568,11
2514,16,1010,12,1231,11,1599,11
2514,16,1010,12,1231,11,1747,11
2514,16,1010,12,1231,11,1773,11
2514,16,1010,12,1231,11,1799,11
2514,16,1010,12,1231,11,1818,11
2514,16,1010,12,1231,11,1873,11
2514,16,1010,12,1231,11,1940,11
2514,16,1010,12,1231,11,1956,11
2514,16,1010,12,1231,11,1997,11
2514,16,1010,12,1231,11,2068,11
2514,16,1010,12,1231,11,2079,11
2514,16,1010,12,1231,11,2123,11
2514,16,1010,12,1231,11,2196,11
2514,16,1010,12,1231,11,2206,11
2514,16,1010,12,1231,11,2216,11
2514,16,1010,12,1231,11,2244,11
2514,16,1010,12,1231,11,2259,11
2514,16,1010,12,1231,11,2261,11
2514,16,1010,12,1231,11,2289,11
2514,16,1010,12,1231,11,2359,11
2514,16,1010,12,1231,11,2370,11
2514,16,1010,12,1231,11,2405,11
2514,16,1010,12,1362,12,45,11
2514,16,1010,12,1362,12,159,11
2514,16,1010,12,1362,12,272,11
2514,16,1010,12,1362,12,338,11
2514,16,1010,12,1362,12,390,11
2514,16,1010,12,1362,12,457,11
2514,16,1010,12,1362,12,463,11
2514,16,1010,12,1362,12,620,11
2514,16,1010,12,1362,12,700,11
2514,16,1010,12,1362,12,742,11
2514,16,1010,12,1362,12,758,11
2514,16,1010,12,1362,12,879,11
2514,16,1010,12,1362,12,927,11
2514,16,1010,12,1362,12,979,11
2514,16,1010,12,1362,12,1003,11
2514,16,1010,12,1362,12,1044,11
2514,16,1010,12,1362,12,1068,11
2514,16,1010,12,1362,12,1153,11
2514,16,1010,12,1362,12,1186,11
2514,16,1010,12,1362,12,1194,11
2514,16,1010,12,1362,12,1259,11
2514,16,1010,12,1362,12,1260,11
2514,16,1010,12,1362,12,1312,11
2514,16,1010,12,1362,12,1388,11
2514,16,1010,12,1362,12,1391,11
2514,16,1010,12,1362,12,1422,11
2514,16,1010,12,1362,12,1556,11
2514,16,1010,12,1362,12,1568,11
2514,16,1010,12,1362,12,1599,11
2514,16,1010,12,1362,12,1747,11
2514,16,1010,12,1362,12,1773,11
2514,16,1010,12,1362,12,1799,11
2514,16,1010,12,1362,12,1818,11
2514,16,1010,12,1362,12,1873,11
2514,16,1010,12,1362,12,1940,11
2514,16,1010,12,1362,12,1956,11
2514,16,1010,12,1362,12,1997,11
2514,16,1010,12,1362,12,2068,11
2514,16,1010,12,1362,12,2079,11
2514,16,1010,12,1362,12,2123,11
2514,16,1010,12,1362,12,2196,11
2514,16,1010,12,1362,12,2206,11
2514,16,1010,12,1362,12,2216,11
2514,16,1010,12,1362,12,2244,11
2514,16,1010,12,1362,12,2259,11
2514,16,1010,12,1362,12,2261,11
2514,16,1010,12,1362,12,2289,11
2514,16,1010,12,1362,12,2359,11
2514,16,1010,12,1362,12,2370,11
2514,16,1010,12,1362,12,2405,11
2514,16,1010,12,1501,28,159,11
2514,16,1010,12,1501,28,272,11
2514,16,1010,12,1501,28,457,11
2514,16,1010,12,1501,28,463,11
2514,16,1010,12,1501,28,700,11
2514,16,1010,12,1501,28,879,11
2514,16,1010,12,1501,28,927,11
2514,16,1010,12,1501,28,1003,11
2514,16,1010,12,1501,28,1068,11
2514,16,1010,12,1501,28,1153,11
2514,16,1010,12,1501,28,1194,11
2514,16,1010,12,1501,28,1260,11
2514,16,1010,12,1501,28,1388,11
2514,16,1010,12,1501,28,1391,11
2514,16,1010,12,1501,28,1422,11
2514,16,1010,12,1501,28,1556,11
2514,16,1010,12,1501,28,1568,11
2514,16,1010,12,1501,28,1599,11
2514,16,1010,12,1501,28,1747,11
2514,16,1010,12,1501,28,1818,11
2514,16,1010,12,1501,28,1873,11
2514,16,1010,12,1501,28,1940,11
2514,16,1010,12,1501,28,2068,11
2514,16,1010,12,1501,28,2079,11
2514,16,1010,12,1501,28,2123,11
2514,16,1010,12,1501,28,2196,11
2514,16,1010,12,1501,28,2216,11
2514,16,1010,12,1501,28,2259,11
2514,16,1010,12,1501,28,2370,11
2514,16,1010,12,1501,28,2405,11
2514,16,1010,12,1734,44,45,11
2514,16,1010,12,1734,44,159,11
2514,16,1010,12,1734,44,272,11
2514,16,1010,12,1734,44,338,11
2514,16,1010,12,1734,44,390,11
2514,16,1010,12,1734,44,457,11
2514,16,1010,12,1734,44,463,11
2514,16,1010,12,1734,44,620,11
2514,16,1010,12,1734,44,700,11
2514,16,1010,12,1734,44,742,11
2514,16,1010,12,1734,44,758,11
2514,16,1010,12,1734,44,879,11
2514,16,1010,12,1734,44,927,11
2514,16,1010,12,1734,44,979,11
2514,16,1010,12,1734,44,1003,11
2514,16,1010,12,1734,44,1044,11
2514,16,1010,12,1734,44,1068,11
2514,16,1010,12,1734,44,1153,11
2514,16,1010,12,1734,44,1186,11
2514,16,1010,12,1734,44,1194,11
2514,16,1010,12,1734,44,1259,11
2514,16,1010,12,1734,44,1260,11
2514,16,1010,12,1734,44,1312,11
2514,16,1010,12,1734,44,1388,11
2514,16,1010,12,1734,44,1391,11
2514,16,1010,12,1734,44,1422,11
2514,16,1010,12,1734,44,1556,11
2514,16,1010,12,1734,44,1568,11
2514,16,1010,12,1734,44,1599,11
2514,16,1010,12,1734,44,1747,11
2514,16,1010,12,1734,44,1773,11
2514,16,1010,12,1734,44,1799,11
2514,16,1010,12,1734,44,1818,11
2514,16,1010,12,1734,44,1873,11
2514,16,1010,12,1734,44,1940,11
2514,16,1010,12,1734,44,1956,11
2514,16,1010,12,1734,44,1997,11
2514,16,1010,12,1734,44,2068,11
2514,16,1010,12,1734,44,2079,11
2514,16,1010,12,1734,44,2123,11
2514,16,1010,12,1734,44,2196,11
2514,16,1010,12,1734,44,2206,11
2514,16,1010,12,1734,44,2216,11
2514,16,1010,12,1734,44,2244,11
2514,16,1010,12,1734,44,2259,11
2514,16,1010,12,1734,44,2261,11
2514,16,1010,12,1734,44,2289,11
2514,16,1010,12,1734,44,2359,11
2514,16,1010,12,1734,44,2370,11
2514,16,1010,12,1734,44,2405,11
2514,16,1010,12,1823,39,45,11
2514,16,1010,12,1823,39,159,11
2514,16,1010,12,1823,39,272,11
2514,16,1010,12,1823,39,338,11
2514,16,1010,12,1823,39,390,11
2514,16,1010,12,1823,39,457,11
2514,16,1010,12,1823,39,463,11
2514,16,1010,12,1823,39,620,11
2514,16,1010,12,1823,39,700,11
2514,16,1010,12,1823,39,742,11
2514,16,1010,12,1823,39,758,11
2514,16,1010,12,1823,39,879,11
2514,16,1010,12,1823,39,927,11
2514,16,1010,12,1823,39,979,11
2514,16,1010,12,1823,39,1003,11
2514,16,1010,12,1823,39,1044,11
2514,16,1010,12,1823,39,1068,11
2514,16,1010,12,1823,39,1153,11
2514,16,1010,12,1823,39,1186,11
2514,16,1010,12,1823,39,1194,11
2514,16,1010,12,1823,39,1259,11
2514,16,1010,12,1823,39,1260,11
2514,16,1010,12,1823,39,1312,11
2514,16,1010,12,1823,39,1388,11
2514,16,1010,12,1823,39,1391,11
2514,16,1010,12,1823,39,1422,11
2514,16,1010,12,1823,39,1556,11
2514,16,1010,12,1823,39,1568,11
2514,16,1010,12,1823,39,1599,11
2514,16,1010,12,1823,39,1747,11
2514,16,1010,12,1823,39,1773,11
2514,16,1010,12,1823,39,1799,11
2514,16,1010,12,1823,39,1818,11
2514,16,1010,12,1823,39,1873,11
2514,16,1010,12,1823,39,1940,11
2514,16,1010,12,1823,39,1956,11
2514,16,1010,12,1823,39,1997,11
2514,16,1010,12,1823,39,2068,11
2514,16,1010,12,1823,39,2079,11
2514,16,1010,12,1823,39,2123,11
2514,16,1010,12,1823,39,2196,11
2514,16,1010,12,1823,39,2206,11
2514,16,1010,12,1823,39,2216,11
2514,16,1010,12,1823,39,2244,11
2514,16,1010,12,1823,39,2259,11
2514,16,1010,12,1823,39,2261,11
2514,16,1010,12,1823,39,2289,11
2514,16,1010,12,1823,39,2359,11
2514,16,1010,12,1823,39,2370,11
2514,16,1010,12,1823,39,2405,11
