2514,16,1581,14,48,32,45,11
2514,16,1581,14,48,32,159,11
2514,16,1581,14,48,32,272,11
2514,16,1581,14,48,32,338,11
2514,16,1581,14,48,32,390,11
2514,16,1581,14,48,32,457,11
2514,16,1581,14,48,32,463,11
2514,16,1581,14,48,32,620,11
2514,16,1581,14,48,32,700,11
2514,16,1581,14,48,32,742,11
2514,16,1581,14,48,32,758,11
2514,16,1581,14,48,32,879,11
2514,16,1581,14,48,32,927,11
2514,16,1581,14,48,32,979,11
2514,16,1581,14,48,32,1003,11
2514,16,1581,14,48,32,1044,11
2514,16,1581,14,48,32,1068,11
2514,16,1581,14,48,32,1153,11
2514,16,1581,14,48,32,1186,11
2514,16,1581,14,48,32,1194,11
2514,16,1581,14,48,32,1259,11
2514,16,1581,14,48,32,1260,11
2514,16,1581,14,48,32,1312,11
2514,16,1581,14,48,32,1388,11
2514,16,1581,14,48,32,1391,11
2514,16,1581,14,48,32,1422,11
2514,16,1581,14,48,32,1556,11
2514,16,1581,14,48,32,1568,11
2514,16,1581,14,48,32,1599,11
2514,16,1581,14,48,32,1747,11
2514,16,1581,14,48,32,1773,11
2514,16,1581,14,48,32,1799,11
2514,16,1581,14,48,32,1818,11
2514,16,1581,14,48,32,1873,11
2514,16,1581,14,48,32,1940,11
2514,16,1581,14,48,32,1956,11
2514,16,1581,14,48,32,1997,11
2514,16,1581,14,48,32,2068,11
2514,16,1581,14,48,32,2079,11
2514,16,1581,14,48,32,2123,11
2514,16,1581,14,48,32,2196,11
2514,16,1581,14,48,32,2206,11
2514,16,1581,14,48,32,2216,11
2514,16,1581,14,48,32,2244,11
2514,16,1581,14,48,32,2259,11
2514,16,1581,14,48,32,2261,11
2514,16,1581,14,48,32,2289,11
2514,16,1581,14,48,32,2359,11
2514,16,1581,14,48,32,2370,11
2514,16,1581,14,48,32,2405,11
2514,16,1581,14,546,20,45,11
2514,16,1581,14,546,20,159,11
2514,16,1581,14,546,20,272,11
2514,16,1581,14,546,20,338,11
2514,16,1581,14,546,20,390,11
2514,16,1581,14,546,20,457,11
2514,16,1581,14,546,20,463,11
2514,16,1581,14,546,20,620,11
2514,16,1581,14,546,20,700,11
2514,16,1581,14,546,20,742,11
2514,16,1581,14,546,20,758,11
2514,16,1581,14,546,20,879,11
2514,16,1581,14,546,20,927,11
2514,16,1581,14,546,20,979,11
2514,16,1581,14,546,20,1003,11
2514,16,1581,14,546,20,1044,11
2514,16,1581,14,546,20,1068,11
2514,16,1581,14,546,20,1153,11
2514,16,1581,14,546,20,1186,11
2514,16,1581,14,546,20,1194,11
2514,16,1581,14,546,20,1259,11
2514,16,1581,14,546,20,1260,11
2514,16,1581,14,546,20,1312,11
2514,16,1581,14,546,20,1388,11
2514,16,1581,14,546,20,1391,11
2514,16,1581,14,546,20,1422,11
2514,16,1581,14,546,20,1556,11
2514,16,1581,14,546,20,1568,11
2514,16,1581,14,546,20,1599,11
2514,16,1581,14,546,20,1747,11
2514,16,1581,14,546,20,1773,11
2514,16,1581,14,546,20,1799,11
2514,16,1581,14,546,20,1818,11
2514,16,1581,14,546,20,1873,11
2514,16,1581,14,546,20,1940,11
2514,16,1581,14,546,20,1956,11
2514,16,1581,14,546,20,1997,11
2514,16,1581,14,546,20,2068,11
2514,16,1581,14,546,20,2079,11
2514,16,1581,14,546,20,2123,11
2514,16,1581,14,546,20,2196,11
2514,16,1581,14,546,20,2206,11
2514,16,1581,14,546,20,2216,11
2514,16,1581,14,546,20,2244,11
2514,16,1581,14,546,20,2259,11
2514,16,1581,14,546,20,2261,11
2514,16,1581,14,546,20,2289,11
2514,16,1581,14,546,20,2359,11
2514,16,1581,14,546,20,2370,11
2514,16,1581,14,546,20,2405,11
2514,16,1581,14,788,46,45,11
2514,16,1581,14,788,46,159,11
2514,16,1581,14,788,46,272,11
2514,16,1581,14,788,46,338,11
2514,16,1581,14,788,46,390,11
2514,16,1581,14,788,46,457,11
2514,16,1581,14,788,46,463,11
2514,16,1581,14,788,46,620,11
2514,16,1581,14,788,46,700,11
2514,16,1581,14,788,46,742,11
2514,16,1581,14,788,46,758,11
2514,16,1581,14,788,46,879,11
2514,16,1581,14,788,46,927,11
2514,16,1581,14,788,46,979,11
2514,16,1581,14,788,46,1003,11
2514,16,1581,14,788,46,1044,11
2514,16,1581,14,788,46,1068,11
2514,16,1581,14,788,46,1153,11
2514,16,1581,14,788,46,1186,11
2514,16,1581,14,788,46,1194,11
2514,16,1581,14,788,46,1259,11
2514,16,1581,14,788,46,1260,11
2514,16,1581,14,788,46,1312,11
2514,16,1581,14,788,46,1388,11
2514,16,1581,14,788,46,1391,11
2514,16,1581,14,788,46,1422,11
2514,16,1581,14,788,46,1556,11
2514,16,1581,14,788,46,1568,11
2514,16,1581,14,788,46,1599,11
2514,16,1581,14,788,46,1747,11
2514,16,1581,14,788,46,1773,11
2514,16,1581,14,788,46,1799,11
2514,16,1581,14,788,46,1818,11
2514,16,1581,14,788,46,1873,11
2514,16,1581,14,788,46,1940,11
2514,16,1581,14,788,46,1956,11
2514,16,1581,14,788,46,1997,11
2514,16,1581,14,788,46,2068,11
2514,16,1581,14,788,46,2079,11
2514,16,1581,14,788,46,2123,11
2514,16,1581,14,788,46,2196,11
2514,16,1581,14,788,46,2206,11
2514,16,1581,14,788,46,2216,11
2514,16,1581,14,788,46,2244,11
2514,16,1581,14,788,46,2259,11
2514,16,1581,14,788,46,2261,11
2514,16,1581,14,788,46,2289,11
2514,16,1581,14,788,46,2359,11
2514,16,1581,14,788,46,2370,11
2514,16,1581,14,788,46,2405,11
2514,16,1581,14,791,19,45,11
2514,16,1581,14,791,19,159,11
2514,16,1581,14,791,19,272,11
2514,16,1581,14,791,19,338,11
2514,16,1581,14,791,19,390,11
2514,16,1581,14,791,19,457,11
2514,16,1581,14,791,19,463,11
2514,16,1581,14,791,19,620,11
2514,16,1581,14,791,19,700,11
2514,16,1581,14,791,19,742,11
2514,16,1581,14,791,19,758,11
2514,16,1581,14,791,19,879,11
2514,16,1581,14,791,19,927,11
2514,16,1581,14,791,19,979,11
2514,16,1581,14,791,19,1003,11
2514,16,1581,14,791,19,1044,11
2514,16,1581,14,791,19,1068,11
2514,16,1581,14,791,19,1153,11
2514,16,1581,14,791,19,1186,11
2514,16,1581,14,791,19,1194,11
2514,16,1581,14,791,19,1259,11
2514,16,1581,14,791,19,1260,11
2514,16,1581,14,791,19,1312,11
2514,16,1581,14,791,19,1388,11
2514,16,1581,14,791,19,1391,11
2514,16,1581,14,791,19,1422,11
2514,16,1581,14,791,19,1556,11
2514,16,1581,14,791,19,1568,11
2514,16,1581,14,791,19,1599,11
2514,16,1581,14,791,19,1747,11
2514,16,1581,14,791,19,1773,11
2514,16,1581,14,791,19,1799,11
2514,16,1581,14,791,19,1818,11
2514,16,1581,14,791,19,1873,11
2514,16,1581,14,791,19,1940,11
2514,16,1581,14,791,19,1956,11
2514,16,1581,14,791,19,1997,11
2514,16,1581,14,791,19,2068,11
2514,16,1581,14,791,19,2079,11
2514,16,1581,14,791,19,2123,11
2514,16,1581,14,791,19,2196,11
2514,16,1581,14,791,19,2206,11
2514,16,1581,14,791,19,2216,11
2514,16,1581,14,791,19,2244,11
2514,16,1581,14,791,19,2259,11
2514,16,1581,14,791,19,2261,11
2514,16,1581,14,791,19,2289,11
2514,16,1581,14,791,19,2359,11
2514,16,1581,14,791,19,2370,11
2514,16,1581,14,791,19,2405,11
2514,16,1581,14,835,40,45,11
2514,16,1581,14,835,40,159,11
2514,16,1581,14,835,40,272,11
2514,16,1581,14,835,40,338,11
2514,16,1581,14,835,40,390,11
2514,16,1581,14,835,40,457,11
2514,16,1581,14,835,40,463,11
2514,16,1581,14,835,40,620,11
2514,16,1581,14,835,40,700,11
2514,16,1581,14,835,40,742,11
2514,16,1581,14,835,40,758,11
2514,16,1581,14,835,40,879,11
2514,16,1581,14,835,40,927,11
2514,16,1581,14,835,40,979,11
2514,16,1581,14,835,40,1003,11
2514,16,1581,14,835,40,1044,11
2514,16,1581,14,835,40,1068,11
2514,16,1581,14,835,40,1153,11
2514,16,1581,14,835,40,1186,11
2514,16,1581,14,835,40,1194,11
2514,16,1581,14,835,40,1259,11
2514,16,1581,14,835,40,1260,11
2514,16,1581,14,835,40,1312,11
2514,16,1581,14,835,40,1388,11
2514,16,1581,14,835,40,1391,11
2514,16,1581,14,835,40,1422,11
2514,16,1581,14,835,40,1556,11
2514,16,1581,14,835,40,1568,11
2514,16,1581,14,835,40,1599,11
2514,16,1581,14,835,40,1747,11
2514,16,1581,14,835,40,1773,11
2514,16,1581,14,835,40,1799,11
2514,16,1581,14,835,40,1818,11
2514,16,1581,14,835,40,1873,11
2514,16,1581,14,835,40,1940,11
2514,16,1581,14,835,40,1956,11
2514,16,1581,14,835,40,1997,11
2514,16,1581,14,835,40,2068,11
2514,16,1581,14,835,40,2079,11
2514,16,1581,14,835,40,2123,11
2514,16,1581,14,835,40,2196,11
2514,16,1581,14,835,40,2206,11
2514,16,1581,14,835,40,2216,11
2514,16,1581,14,835,40,2244,11
2514,16,1581,14,835,40,2259,11
2514,16,1581,14,835,40,2261,11
2514,16,1581,14,835,40,2289,11
2514,16,1581,14,835,40,2359,11
2514,16,1581,14,835,40,2370,11
2514,16,1581,14,835,40,2405,11
2514,16,1581,14,878,28,45,11
2514,16,1581,14,878,28,159,11
2514,16,1581,14,878,28,272,11
2514,16,1581,14,878,28,338,11
2514,16,1581,14,878,28,390,11
2514,16,1581,14,878,28,457,11
2514,16,1581,14,878,28,463,11
2514,16,1581,14,878,28,620,11
2514,16,1581,14,878,28,700,11
2514,16,1581,14,878,28,742,11
2514,16,1581,14,878,28,758,11
2514,16,1581,14,878,28,879,11
2514,16,1581,14,878,28,927,11
2514,16,1581,14,878,28,979,11
2514,16,1581,14,878,28,1003,11
2514,16,1581,14,878,28,1044,11
2514,16,1581,14,878,28,1068,11
2514,16,1581,14,878,28,1153,11
2514,16,1581,14,878,28,1186,11
2514,16,1581,14,878,28,1194,11
2514,16,1581,14,878,28,1259,11
2514,16,1581,14,878,28,1260,11
2514,16,1581,14,878,28,1312,11
2514,16,1581,14,878,28,1388,11
2514,16,1581,14,878,28,1391,11
2514,16,1581,14,878,28,1422,11
2514,16,1581,14,878,28,1556,11
2514,16,1581,14,878,28,1568,11
2514,16,1581,14,878,28,1599,11
2514,16,1581,14,878,28,1747,11
2514,16,1581,14,878,28,1773,11
2514,16,1581,14,878,28,1799,11
2514,16,1581,14,878,28,1818,11
2514,16,1581,14,878,28,1873,11
2514,16,1581,14,878,28,1940,11
2514,16,1581,14,878,28,1956,11
2514,16,1581,14,878,28,1997,11
2514,16,1581,14,878,28,2068,11
2514,16,1581,14,878,28,2079,11
2514,16,1581,14,878,28,2123,11
2514,16,1581,14,878,28,2196,11
2514,16,1581,14,878,28,2206,11
2514,16,1581,14,878,28,2216,11
2514,16,1581,14,878,28,2244,11
2514,16,1581,14,878,28,2259,11
2514,16,1581,14,878,28,2261,11
2514,16,1581,14,878,28,2289,11
2514,16,1581,14,878,28,2359,11
2514,16,1581,14,878,28,2370,11
2514,16,1581,14,878,28,2405,11
2514,16,1581,14,1298,27,159,11
2514,16,1581,14,1298,27,457,11
2514,16,1581,14,1298,27,463,11
2514,16,1581,14,1298,27,700,11
2514,16,1581,14,1298,27,879,11
2514,16,1581,14,1298,27,927,11
2514,16,1581,14,1298,27,1003,11
2514,16,1581,14,1298,27,1153,11
2514,16,1581,14,1298,27,1194,11
2514,16,1581,14,1298,27,1388,11
2514,16,1581,14,1298,27,1556,11
2514,16,1581,14,1298,27,1568,11
2514,16,1581,14,1298,27,1599,11
2514,16,1581,14,1298,27,1818,11
2514,16,1581,14,1298,27,1873,11
2514,16,1581,14,1298,27,1940,11
2514,16,1581,14,1298,27,2123,11
2514,16,1581,14,1298,27,2196,11
2514,16,1581,14,1298,27,2216,11
2514,16,1581,14,1298,27,2370,11
2514,16,1581,14,1313,10,45,11
2514,16,1581,14,1313,10,159,11
2514,16,1581,14,1313,10,272,11
2514,16,1581,14,1313,10,338,11
2514,16,1581,14,1313,10,390,11
2514,16,1581,14,1313,10,457,11
2514,16,1581,14,1313,10,463,11
2514,16,1581,14,1313,10,620,11
2514,16,1581,14,1313,10,700,11
2514,16,1581,14,1313,10,742,11
2514,16,1581,14,1313,10,758,11
2514,16,1581,14,1313,10,879,11
2514,16,1581,14,1313,10,927,11
2514,16,1581,14,1313,10,979,11
2514,16,1581,14,1313,10,1003,11
2514,16,1581,14,1313,10,1044,11
2514,16,1581,14,1313,10,1068,11
2514,16,1581,14,1313,10,1153,11
2514,16,1581,14,1313,10,1186,11
2514,16,1581,14,1313,10,1194,11
2514,16,1581,14,1313,10,1259,11
2514,16,1581,14,1313,10,1260,11
2514,16,1581,14,1313,10,1312,11
2514,16,1581,14,1313,10,1388,11
2514,16,1581,14,1313,10,1391,11
2514,16,1581,14,1313,10,1422,11
2514,16,1581,14,1313,10,1556,11
2514,16,1581,14,1313,10,1568,11
2514,16,1581,14,1313,10,1599,11
2514,16,1581,14,1313,10,1747,11
2514,16,1581,14,1313,10,1773,11
2514,16,1581,14,1313,10,1799,11
2514,16,1581,14,1313,10,1818,11
2514,16,1581,14,1313,10,1873,11
2514,16,1581,14,1313,10,1940,11
2514,16,1581,14,1313,10,1956,11
2514,16,1581,14,1313,10,1997,11
2514,16,1581,14,1313,10,2068,11
2514,16,1581,14,1313,10,2079,11
2514,16,1581,14,1313,10,2123,11
2514,16,1581,14,1313,10,2196,11
2514,16,1581,14,1313,10,2206,11
2514,16,1581,14,1313,10,2216,11
2514,16,1581,14,1313,10,2244,11
2514,16,1581,14,1313,10,2259,11
2514,16,1581,14,1313,10,2261,11
2514,16,1581,14,1313,10,2289,11
2514,16,1581,14,1313,10,2359,11
2514,16,1581,14,1313,10,2370,11
2514,16,1581,14,1313,10,2405,11
2514,16,1581,14,1420,46,45,11
2514,16,1581,14,1420,46,159,11
2514,16,1581,14,1420,46,272,11
2514,16,1581,14,1420,46,338,11
2514,16,1581,14,1420,46,390,11
2514,16,1581,14,1420,46,457,11
2514,16,1581,14,1420,46,463,11
2514,16,1581,14,1420,46,620,11
2514,16,1581,14,1420,46,700,11
2514,16,1581,14,1420,46,742,11
2514,16,1581,14,1420,46,758,11
2514,16,1581,14,1420,46,879,11
2514,16,1581,14,1420,46,927,11
2514,16,1581,14,1420,46,979,11
2514,16,1581,14,1420,46,1003,11
2514,16,1581,14,1420,46,1044,11
2514,16,1581,14,1420,46,1068,11
2514,16,1581,14,1420,46,1153,11
2514,16,1581,14,1420,46,1186,11
2514,16,1581,14,1420,46,1194,11
2514,16,1581,14,1420,46,1259,11
2514,16,1581,14,1420,46,1260,11
2514,16,1581,14,1420,46,1312,11
2514,16,1581,14,1420,46,1388,11
2514,16,1581,14,1420,46,1391,11
2514,16,1581,14,1420,46,1422,11
2514,16,1581,14,1420,46,1556,11
2514,16,1581,14,1420,46,1568,11
2514,16,1581,14,1420,46,1599,11
2514,16,1581,14,1420,46,1747,11
2514,16,1581,14,1420,46,1773,11
2514,16,1581,14,1420,46,1799,11
2514,16,1581,14,1420,46,1818,11
2514,16,1581,14,1420,46,1873,11
2514,16,1581,14,1420,46,1940,11
2514,16,1581,14,1420,46,1956,11
2514,16,1581,14,1420,46,1997,11
2514,16,1581,14,1420,46,2068,11
2514,16,1581,14,1420,46,2079,11
2514,16,1581,14,1420,46,2123,11
2514,16,1581,14,1420,46,2196,11
2514,16,1581,14,1420,46,2206,11
2514,16,1581,14,1420,46,2216,11
2514,16,1581,14,1420,46,2244,11
2514,16,1581,14,1420,46,2259,11
2514,16,1581,14,1420,46,2261,11
2514,16,1581,14,1420,46,2289,11
2514,16,1581,14,1420,46,2359,11
2514,16,1581,14,1420,46,2370,11
2514,16,1581,14,1420,46,2405,11
2514,16,1581,14,1679,47,45,11
2514,16,1581,14,1679,47,159,11
2514,16,1581,14,1679,47,272,11
2514,16,1581,14,1679,47,338,11
2514,16,1581,14,1679,47,390,11
2514,16,1581,14,1679,47,457,11
2514,16,1581,14,1679,47,463,11
2514,16,1581,14,1679,47,620,11
2514,16,1581,14,1679,47,700,11
2514,16,1581,14,1679,47,742,11
2514,16,1581,14,1679,47,758,11
2514,16,1581,14,1679,47,879,11
2514,16,1581,14,1679,47,927,11
2514,16,1581,14,1679,47,979,11
2514,16,1581,14,1679,47,1003,11
2514,16,1581,14,1679,47,1044,11
2514,16,1581,14,1679,47,1068,11
2514,16,1581,14,1679,47,1153,11
2514,16,1581,14,1679,47,1186,11
2514,16,1581,14,1679,47,1194,11
2514,16,1581,14,1679,47,1259,11
2514,16,1581,14,1679,47,1260,11
2514,16,1581,14,1679,47,1312,11
2514,16,1581,14,1679,47,1388,11
2514,16,1581,14,1679,47,1391,11
2514,16,1581,14,1679,47,1422,11
2514,16,1581,14,1679,47,1556,11
2514,16,1581,14,1679,47,1568,11
2514,16,1581,14,1679,47,1599,11
2514,16,1581,14,1679,47,1747,11
2514,16,1581,14,1679,47,1773,11
2514,16,1581,14,1679,47,1799,11
2514,16,1581,14,1679,47,1818,11
2514,16,1581,14,1679,47,1873,11
2514,16,1581,14,1679,47,1940,11
2514,16,1581,14,1679,47,1956,11
2514,16,1581,14,1679,47,1997,11
2514,16,1581,14,1679,47,2068,11
2514,16,1581,14,1679,47,2079,11
2514,16,1581,14,1679,47,2123,11
2514,16,1581,14,1679,47,2196,11
2514,16,1581,14,1679,47,2206,11
2514,16,1581,14,1679,47,2216,11
2514,16,1581,14,1679,47,2244,11
2514,16,1581,14,1679,47,2259,11
2514,16,1581,14,1679,47,2261,11
2514,16,1581,14,1679,47,2289,11
2514,16,1581,14,1679,47,2359,11
2514,16,1581,14,1679,47,2370,11
2514,16,1581,14,1679,47,2405,11
2514,16,1581,14,1725,32,45,11
2514,16,1581,14,1725,32,159,11
2514,16,1581,14,1725,32,272,11
2514,16,1581,14,1725,32,338,11
2514,16,1581,14,1725,32,390,11
2514,16,1581,14,1725,32,457,11
2514,16,1581,14,1725,32,463,11
2514,16,1581,14,1725,32,620,11
2514,16,1581,14,1725,32,700,11
2514,16,1581,14,1725,32,742,11
2514,16,1581,14,1725,32,758,11
2514,16,1581,14,1725,32,879,11
2514,16,1581,14,1725,32,927,11
2514,16,1581,14,1725,32,979,11
2514,16,1581,14,1725,32,1003,11
2514,16,1581,14,1725,32,1044,11
2514,16,1581,14,1725,32,1068,11
2514,16,1581,14,1725,32,1153,11
2514,16,1581,14,1725,32,1186,11
2514,16,1581,14,1725,32,1194,11
2514,16,1581,14,1725,32,1259,11
2514,16,1581,14,1725,32,1260,11
2514,16,1581,14,1725,32,1312,11
2514,16,1581,14,1725,32,1388,11
2514,16,1581,14,1725,32,1391,11
2514,16,1581,14,1725,32,1422,11
2514,16,1581,14,1725,32,1556,11
2514,16,1581,14,1725,32,1568,11
2514,16,1581,14,1725,32,1599,11
2514,16,1581,14,1725,32,1747,11
2514,16,1581,14,1725,32,1773,11
2514,16,1581,14,1725,32,1799,11
2514,16,1581,14,1725,32,1818,11
2514,16,1581,14,1725,32,1873,11
2514,16,1581,14,1725,32,1940,11
2514,16,1581,14,1725,32,1956,11
2514,16,1581,14,1725,32,1997,11
2514,16,1581,14,1725,32,2068,11
2514,16,1581,14,1725,32,2079,11
2514,16,1581,14,1725,32,2123,11
2514,16,1581,14,1725,32,2196,11
2514,16,1581,14,1725,32,2206,11
2514,16,1581,14,1725,32,2216,11
2514,16,1581,14,1725,32,2244,11
2514,16,1581,14,1725,32,2259,11
2514,16,1581,14,1725,32,2261,11
2514,16,1581,14,1725,32,2289,11
2514,16,1581,14,1725,32,2359,11
2514,16,1581,14,1725,32,2370,11
2514,16,1581,14,1725,32,2405,11
2514,16,1581,14,1802,47,45,11
2514,16,1581,14,1802,47,338,11
2514,16,1581,14,1802,47,390,11
2514,16,1581,14,1802,47,620,11
2514,16,1581,14,1802,47,742,11
2514,16,1581,14,1802,47,758,11
2514,16,1581,14,1802,47,979,11
2514,16,1581,14,1802,47,1044,11
2514,16,1581,14,1802,47,1186,11
2514,16,1581,14,1802,47,1259,11
2514,16,1581,14,1802,47,1312,11
2514,16,1581,14,1802,47,1773,11
2514,16,1581,14,1802,47,1799,11
2514,16,1581,14,1802,47,1956,11
2514,16,1581,14,1802,47,1997,11
2514,16,1581,14,1802,47,2206,11
2514,16,1581,14,1802,47,2244,11
2514,16,1581,14,1802,47,2261,11
2514,16,1581,14,1802,47,2289,11
2514,16,1581,14,1802,47,2359,11
2514,16,1581,14,1889,12,45,11
2514,16,1581,14,1889,12,159,11
2514,16,1581,14,1889,12,272,11
2514,16,1581,14,1889,12,338,11
2514,16,1581,14,1889,12,390,11
2514,16,1581,14,1889,12,457,11
2514,16,1581,14,1889,12,463,11
2514,16,1581,14,1889,12,620,11
2514,16,1581,14,1889,12,700,11
2514,16,1581,14,1889,12,742,11
2514,16,1581,14,1889,12,758,11
2514,16,1581,14,1889,12,879,11
2514,16,1581,14,1889,12,927,11
2514,16,1581,14,1889,12,979,11
2514,16,1581,14,1889,12,1003,11
2514,16,1581,14,1889,12,1044,11
2514,16,1581,14,1889,12,1068,11
2514,16,1581,14,1889,12,1153,11
2514,16,1581,14,1889,12,1186,11
2514,16,1581,14,1889,12,1194,11
2514,16,1581,14,1889,12,1259,11
2514,16,1581,14,1889,12,1260,11
2514,16,1581,14,1889,12,1312,11
2514,16,1581,14,1889,12,1388,11
2514,16,1581,14,1889,12,1391,11
2514,16,1581,14,1889,12,1422,11
2514,16,1581,14,1889,12,1556,11
2514,16,1581,14,1889,12,1568,11
2514,16,1581,14,1889,12,1599,11
2514,16,1581,14,1889,12,1747,11
2514,16,1581,14,1889,12,1773,11
2514,16,1581,14,1889,12,1799,11
2514,16,1581,14,1889,12,1818,11
2514,16,1581,14,1889,12,1873,11
2514,16,1581,14,1889,12,1940,11
2514,16,1581,14,1889,12,1956,11
2514,16,1581,14,1889,12,1997,11
2514,16,1581,14,1889,12,2068,11
2514,16,1581,14,1889,12,2079,11
2514,16,1581,14,1889,12,2123,11
2514,16,1581,14,1889,12,2196,11
2514,16,1581,14,1889,12,2206,11
2514,16,1581,14,1889,12,2216,11
2514,16,1581,14,1889,12,2244,11
2514,16,1581,14,1889,12,2259,11
2514,16,1581,14,1889,12,2261,11
2514,16,1581,14,1889,12,2289,11
2514,16,1581,14,1889,12,2359,11
2514,16,1581,14,1889,12,2370,11
2514,16,1581,14,1889,12,2405,11
2514,16,1581,14,1897,11,45,11
2514,16,1581,14,1897,11,159,11
2514,16,1581,14,1897,11,272,11
2514,16,1581,14,1897,11,338,11
2514,16,1581,14,1897,11,390,11
2514,16,1581,14,1897,11,457,11
2514,16,1581,14,1897,11,463,11
2514,16,1581,14,1897,11,620,11
2514,16,1581,14,1897,11,700,11
2514,16,1581,14,1897,11,742,11
2514,16,1581,14,1897,11,758,11
2514,16,1581,14,1897,11,879,11
2514,16,1581,14,1897,11,927,11
2514,16,1581,14,1897,11,979,11
2514,16,1581,14,1897,11,1003,11
2514,16,1581,14,1897,11,1044,11
2514,16,1581,14,1897,11,1068,11
2514,16,1581,14,1897,11,1153,11
2514,16,1581,14,1897,11,1186,11
2514,16,1581,14,1897,11,1194,11
2514,16,1581,14,1897,11,1259,11
2514,16,1581,14,1897,11,1260,11
2514,16,1581,14,1897,11,1312,11
2514,16,1581,14,1897,11,1388,11
2514,16,1581,14,1897,11,1391,11
2514,16,1581,14,1897,11,1422,11
2514,16,1581,14,1897,11,1556,11
2514,16,1581,14,1897,11,1568,11
2514,16,1581,14,1897,11,1599,11
2514,16,1581,14,1897,11,1747,11
2514,16,1581,14,1897,11,1773,11
2514,16,1581,14,1897,11,1799,11
2514,16,1581,14,1897,11,1818,11
2514,16,1581,14,1897,11,1873,11
2514,16,1581,14,1897,11,1940,11
2514,16,1581,14,1897,11,1956,11
2514,16,1581,14,1897,11,1997,11
2514,16,1581,14,1897,11,2068,11
2514,16,1581,14,1897,11,2079,11
2514,16,1581,14,1897,11,2123,11
2514,16,1581,14,1897,11,2196,11
2514,16,1581,14,1897,11,2206,11
2514,16,1581,14,1897,11,2216,11
2514,16,1581,14,1897,11,2244,11
2514,16,1581,14,1897,11,2259,11
2514,16,1581,14,1897,11,2261,11
2514,16,1581,14,1897,11,2289,11
2514,16,1581,14,1897,11,2359,11
2514,16,1581,14,1897,11,2370,11
2514,16,1581,14,1897,11,2405,11
