2514,16,928,7,47,15,45,11
2514,16,928,7,47,15,159,11
2514,16,928,7,47,15,272,11
2514,16,928,7,47,15,338,11
2514,16,928,7,47,15,390,11
2514,16,928,7,47,15,457,11
2514,16,928,7,47,15,463,11
2514,16,928,7,47,15,620,11
2514,16,928,7,47,15,700,11
2514,16,928,7,47,15,742,11
2514,16,928,7,47,15,758,11
2514,16,928,7,47,15,879,11
2514,16,928,7,47,15,927,11
2514,16,928,7,47,15,979,11
2514,16,928,7,47,15,1003,11
2514,16,928,7,47,15,1044,11
2514,16,928,7,47,15,1068,11
2514,16,928,7,47,15,1153,11
2514,16,928,7,47,15,1186,11
2514,16,928,7,47,15,1194,11
2514,16,928,7,47,15,1259,11
2514,16,928,7,47,15,1260,11
2514,16,928,7,47,15,1312,11
2514,16,928,7,47,15,1388,11
2514,16,928,7,47,15,1391,11
2514,16,928,7,47,15,1422,11
2514,16,928,7,47,15,1556,11
2514,16,928,7,47,15,1568,11
2514,16,928,7,47,15,1599,11
2514,16,928,7,47,15,1747,11
2514,16,928,7,47,15,1773,11
2514,16,928,7,47,15,1799,11
2514,16,928,7,47,15,1818,11
2514,16,928,7,47,15,1873,11
2514,16,928,7,47,15,1940,11
2514,16,928,7,47,15,1956,11
2514,16,928,7,47,15,1997,11
2514,16,928,7,47,15,2068,11
2514,16,928,7,47,15,2079,11
2514,16,928,7,47,15,2123,11
2514,16,928,7,47,15,2196,11
2514,16,928,7,47,15,2206,11
2514,16,928,7,47,15,2216,11
2514,16,928,7,47,15,2244,11
2514,16,928,7,47,15,2259,11
2514,16,928,7,47,15,2261,11
2514,16,928,7,47,15,2289,11
2514,16,928,7,47,15,2359,11
2514,16,928,7,47,15,2370,11
2514,16,928,7,47,15,2405,11
2514,16,928,7,163,22,45,11
2514,16,928,7,163,22,159,11
2514,16,928,7,163,22,272,11
2514,16,928,7,163,22,338,11
2514,16,928,7,163,22,390,11
2514,16,928,7,163,22,457,11
2514,16,928,7,163,22,463,11
2514,16,928,7,163,22,620,11
2514,16,928,7,163,22,700,11
2514,16,928,7,163,22,742,11
2514,16,928,7,163,22,758,11
2514,16,928,7,163,22,879,11
2514,16,928,7,163,22,927,11
2514,16,928,7,163,22,979,11
2514,16,928,7,163,22,1003,11
2514,16,928,7,163,22,1044,11
2514,16,928,7,163,22,1068,11
2514,16,928,7,163,22,1153,11
2514,16,928,7,163,22,1186,11
2514,16,928,7,163,22,1194,11
2514,16,928,7,163,22,1259,11
2514,16,928,7,163,22,1260,11
2514,16,928,7,163,22,1312,11
2514,16,928,7,163,22,1388,11
2514,16,928,7,163,22,1391,11
2514,16,928,7,163,22,1422,11
2514,16,928,7,163,22,1556,11
2514,16,928,7,163,22,1568,11
2514,16,928,7,163,22,1599,11
2514,16,928,7,163,22,1747,11
2514,16,928,7,163,22,1773,11
2514,16,928,7,163,22,1799,11
2514,16,928,7,163,22,1818,11
2514,16,928,7,163,22,1873,11
2514,16,928,7,163,22,1940,11
2514,16,928,7,163,22,1956,11
2514,16,928,7,163,22,1997,11
2514,16,928,7,163,22,2068,11
2514,16,928,7,163,22,2079,11
2514,16,928,7,163,22,2123,11
2514,16,928,7,163,22,2196,11
2514,16,928,7,163,22,2206,11
2514,16,928,7,163,22,2216,11
2514,16,928,7,163,22,2244,11
2514,16,928,7,163,22,2259,11
2514,16,928,7,163,22,2261,11
2514,16,928,7,163,22,2289,11
2514,16,928,7,163,22,2359,11
2514,16,928,7,163,22,2370,11
2514,16,928,7,163,22,2405,11
2514,16,928,7,377,10,45,11
2514,16,928,7,377,10,159,11
2514,16,928,7,377,10,272,11
2514,16,928,7,377,10,338,11
2514,16,928,7,377,10,390,11
2514,16,928,7,377,10,457,11
2514,16,928,7,377,10,463,11
2514,16,928,7,377,10,620,11
2514,16,928,7,377,10,700,11
2514,16,928,7,377,10,742,11
2514,16,928,7,377,10,758,11
2514,16,928,7,377,10,879,11
2514,16,928,7,377,10,927,11
2514,16,928,7,377,10,979,11
2514,16,928,7,377,10,1003,11
2514,16,928,7,377,10,1044,11
2514,16,928,7,377,10,1068,11
2514,16,928,7,377,10,1153,11
2514,16,928,7,377,10,1186,11
2514,16,928,7,377,10,1194,11
2514,16,928,7,377,10,1259,11
2514,16,928,7,377,10,1260,11
2514,16,928,7,377,10,1312,11
2514,16,928,7,377,10,1388,11
2514,16,928,7,377,10,1391,11
2514,16,928,7,377,10,1422,11
2514,16,928,7,377,10,1556,11
2514,16,928,7,377,10,1568,11
2514,16,928,7,377,10,1599,11
2514,16,928,7,377,10,1747,11
2514,16,928,7,377,10,1773,11
2514,16,928,7,377,10,1799,11
2514,16,928,7,377,10,1818,11
2514,16,928,7,377,10,1873,11
2514,16,928,7,377,10,1940,11
2514,16,928,7,377,10,1956,11
2514,16,928,7,377,10,1997,11
2514,16,928,7,377,10,2068,11
2514,16,928,7,377,10,2079,11
2514,16,928,7,377,10,2123,11
2514,16,928,7,377,10,2196,11
2514,16,928,7,377,10,2206,11
2514,16,928,7,377,10,2216,11
2514,16,928,7,377,10,2244,11
2514,16,928,7,377,10,2259,11
2514,16,928,7,377,10,2261,11
2514,16,928,7,377,10,2289,11
2514,16,928,7,377,10,2359,11
2514,16,928,7,377,10,2370,11
2514,16,928,7,377,10,2405,11
2514,16,928,7,517,22,45,11
2514,16,928,7,517,22,159,11
2514,16,928,7,517,22,272,11
2514,16,928,7,517,22,338,11
2514,16,928,7,517,22,390,11
2514,16,928,7,517,22,457,11
2514,16,928,7,517,22,463,11
2514,16,928,7,517,22,620,11
2514,16,928,7,517,22,700,11
2514,16,928,7,517,22,742,11
2514,16,928,7,517,22,758,11
2514,16,928,7,517,22,879,11
2514,16,928,7,517,22,927,11
2514,16,928,7,517,22,979,11
2514,16,928,7,517,22,1003,11
2514,16,928,7,517,22,1044,11
2514,16,928,7,517,22,1068,11
2514,16,928,7,517,22,1153,11
2514,16,928,7,517,22,1186,11
2514,16,928,7,517,22,1194,11
2514,16,928,7,517,22,1259,11
2514,16,928,7,517,22,1260,11
2514,16,928,7,517,22,1312,11
2514,16,928,7,517,22,1388,11
2514,16,928,7,517,22,1391,11
2514,16,928,7,517,22,1422,11
2514,16,928,7,517,22,1556,11
2514,16,928,7,517,22,1568,11
2514,16,928,7,517,22,1599,11
2514,16,928,7,517,22,1747,11
2514,16,928,7,517,22,1773,11
2514,16,928,7,517,22,1799,11
2514,16,928,7,517,22,1818,11
2514,16,928,7,517,22,1873,11
2514,16,928,7,517,22,1940,11
2514,16,928,7,517,22,1956,11
2514,16,928,7,517,22,1997,11
2514,16,928,7,517,22,2068,11
2514,16,928,7,517,22,2079,11
2514,16,928,7,517,22,2123,11
2514,16,928,7,517,22,2196,11
2514,16,928,7,517,22,2206,11
2514,16,928,7,517,22,2216,11
2514,16,928,7,517,22,2244,11
2514,16,928,7,517,22,2259,11
2514,16,928,7,517,22,2261,11
2514,16,928,7,517,22,2289,11
2514,16,928,7,517,22,2359,11
2514,16,928,7,517,22,2370,11
2514,16,928,7,517,22,2405,11
2514,16,928,7,723,44,159,11
2514,16,928,7,723,44,457,11
2514,16,928,7,723,44,463,11
2514,16,928,7,723,44,700,11
2514,16,928,7,723,44,879,11
2514,16,928,7,723,44,927,11
2514,16,928,7,723,44,1003,11
2514,16,928,7,723,44,1153,11
2514,16,928,7,723,44,1194,11
2514,16,928,7,723,44,1388,11
2514,16,928,7,723,44,1556,11
2514,16,928,7,723,44,1568,11
2514,16,928,7,723,44,1599,11
2514,16,928,7,723,44,1818,11
2514,16,928,7,723,44,1873,11
2514,16,928,7,723,44,1940,11
2514,16,928,7,723,44,2123,11
2514,16,928,7,723,44,2196,11
2514,16,928,7,723,44,2216,11
2514,16,928,7,723,44,2370,11
2514,16,928,7,942,19,45,11
2514,16,928,7,942,19,338,11
2514,16,928,7,942,19,390,11
2514,16,928,7,942,19,620,11
2514,16,928,7,942,19,742,11
2514,16,928,7,942,19,758,11
2514,16,928,7,942,19,979,11
2514,16,928,7,942,19,1044,11
2514,16,928,7,942,19,1186,11
2514,16,928,7,942,19,1259,11
2514,16,928,7,942,19,1312,11
2514,16,928,7,942,19,1773,11
2514,16,928,7,942,19,1799,11
2514,16,928,7,942,19,1956,11
2514,16,928,7,942,19,1997,11
2514,16,928,7,942,19,2206,11
2514,16,928,7,942,19,2244,11
2514,16,928,7,942,19,2261,11
2514,16,928,7,942,19,2289,11
2514,16,928,7,942,19,2359,11
2514,16,928,7,989,20,45,11
2514,16,928,7,989,20,159,11
2514,16,928,7,989,20,272,11
2514,16,928,7,989,20,338,11
2514,16,928,7,989,20,390,11
2514,16,928,7,989,20,457,11
2514,16,928,7,989,20,463,11
2514,16,928,7,989,20,620,11
2514,16,928,7,989,20,700,11
2514,16,928,7,989,20,742,11
2514,16,928,7,989,20,758,11
2514,16,928,7,989,20,879,11
2514,16,928,7,989,20,927,11
2514,16,928,7,989,20,979,11
2514,16,928,7,989,20,1003,11
2514,16,928,7,989,20,1044,11
2514,16,928,7,989,20,1068,11
2514,16,928,7,989,20,1153,11
2514,16,928,7,989,20,1186,11
2514,16,928,7,989,20,1194,11
2514,16,928,7,989,20,1259,11
2514,16,928,7,989,20,1260,11
2514,16,928,7,989,20,1312,11
2514,16,928,7,989,20,1388,11
2514,16,928,7,989,20,1391,11
2514,16,928,7,989,20,1422,11
2514,16,928,7,989,20,1556,11
2514,16,928,7,989,20,1568,11
2514,16,928,7,989,20,1599,11
2514,16,928,7,989,20,1747,11
2514,16,928,7,989,20,1773,11
2514,16,928,7,989,20,1799,11
2514,16,928,7,989,20,1818,11
2514,16,928,7,989,20,1873,11
2514,16,928,7,989,20,1940,11
2514,16,928,7,989,20,1956,11
2514,16,928,7,989,20,1997,11
2514,16,928,7,989,20,2068,11
2514,16,928,7,989,20,2079,11
2514,16,928,7,989,20,2123,11
2514,16,928,7,989,20,2196,11
2514,16,928,7,989,20,2206,11
2514,16,928,7,989,20,2216,11
2514,16,928,7,989,20,2244,11
2514,16,928,7,989,20,2259,11
2514,16,928,7,989,20,2261,11
2514,16,928,7,989,20,2289,11
2514,16,928,7,989,20,2359,11
2514,16,928,7,989,20,2370,11
2514,16,928,7,989,20,2405,11
2514,16,928,7,1132,10,45,11
2514,16,928,7,1132,10,159,11
2514,16,928,7,1132,10,272,11
2514,16,928,7,1132,10,338,11
2514,16,928,7,1132,10,390,11
2514,16,928,7,1132,10,457,11
2514,16,928,7,1132,10,463,11
2514,16,928,7,1132,10,620,11
2514,16,928,7,1132,10,700,11
2514,16,928,7,1132,10,742,11
2514,16,928,7,1132,10,758,11
2514,16,928,7,1132,10,879,11
2514,16,928,7,1132,10,927,11
2514,16,928,7,1132,10,979,11
2514,16,928,7,1132,10,1003,11
2514,16,928,7,1132,10,1044,11
2514,16,928,7,1132,10,1068,11
2514,16,928,7,1132,10,1153,11
2514,16,928,7,1132,10,1186,11
2514,16,928,7,1132,10,1194,11
2514,16,928,7,1132,10,1259,11
2514,16,928,7,1132,10,1260,11
2514,16,928,7,1132,10,1312,11
2514,16,928,7,1132,10,1388,11
2514,16,928,7,1132,10,1391,11
2514,16,928,7,1132,10,1422,11
2514,16,928,7,1132,10,1556,11
2514,16,928,7,1132,10,1568,11
2514,16,928,7,1132,10,1599,11
2514,16,928,7,1132,10,1747,11
2514,16,928,7,1132,10,1773,11
2514,16,928,7,1132,10,1799,11
2514,16,928,7,1132,10,1818,11
2514,16,928,7,1132,10,1873,11
2514,16,928,7,1132,10,1940,11
2514,16,928,7,1132,10,1956,11
2514,16,928,7,1132,10,1997,11
2514,16,928,7,1132,10,2068,11
2514,16,928,7,1132,10,2079,11
2514,16,928,7,1132,10,2123,11
2514,16,928,7,1132,10,2196,11
2514,16,928,7,1132,10,2206,11
2514,16,928,7,1132,10,2216,11
2514,16,928,7,1132,10,2244,11
2514,16,928,7,1132,10,2259,11
2514,16,928,7,1132,10,2261,11
2514,16,928,7,1132,10,2289,11
2514,16,928,7,1132,10,2359,11
2514,16,928,7,1132,10,2370,11
2514,16,928,7,1132,10,2405,11
2514,16,928,7,1144,26,45,11
2514,16,928,7,1144,26,159,11
2514,16,928,7,1144,26,272,11
2514,16,928,7,1144,26,338,11
2514,16,928,7,1144,26,390,11
2514,16,928,7,1144,26,457,11
2514,16,928,7,1144,26,463,11
2514,16,928,7,1144,26,620,11
2514,16,928,7,1144,26,700,11
2514,16,928,7,1144,26,742,11
2514,16,928,7,1144,26,758,11
2514,16,928,7,1144,26,879,11
2514,16,928,7,1144,26,927,11
2514,16,928,7,1144,26,979,11
2514,16,928,7,1144,26,1003,11
2514,16,928,7,1144,26,1044,11
2514,16,928,7,1144,26,1068,11
2514,16,928,7,1144,26,1153,11
2514,16,928,7,1144,26,1186,11
2514,16,928,7,1144,26,1194,11
2514,16,928,7,1144,26,1259,11
2514,16,928,7,1144,26,1260,11
2514,16,928,7,1144,26,1312,11
2514,16,928,7,1144,26,1388,11
2514,16,928,7,1144,26,1391,11
2514,16,928,7,1144,26,1422,11
2514,16,928,7,1144,26,1556,11
2514,16,928,7,1144,26,1568,11
2514,16,928,7,1144,26,1599,11
2514,16,928,7,1144,26,1747,11
2514,16,928,7,1144,26,1773,11
2514,16,928,7,1144,26,1799,11
2514,16,928,7,1144,26,1818,11
2514,16,928,7,1144,26,1873,11
2514,16,928,7,1144,26,1940,11
2514,16,928,7,1144,26,1956,11
2514,16,928,7,1144,26,1997,11
2514,16,928,7,1144,26,2068,11
2514,16,928,7,1144,26,2079,11
2514,16,928,7,1144,26,2123,11
2514,16,928,7,1144,26,2196,11
2514,16,928,7,1144,26,2206,11
2514,16,928,7,1144,26,2216,11
2514,16,928,7,1144,26,2244,11
2514,16,928,7,1144,26,2259,11
2514,16,928,7,1144,26,2261,11
2514,16,928,7,1144,26,2289,11
2514,16,928,7,1144,26,2359,11
2514,16,928,7,1144,26,2370,11
2514,16,928,7,1144,26,2405,11
2514,16,928,7,1184,29,45,11
2514,16,928,7,1184,29,159,11
2514,16,928,7,1184,29,272,11
2514,16,928,7,1184,29,338,11
2514,16,928,7,1184,29,390,11
2514,16,928,7,1184,29,457,11
2514,16,928,7,1184,29,463,11
2514,16,928,7,1184,29,620,11
2514,16,928,7,1184,29,700,11
2514,16,928,7,1184,29,742,11
2514,16,928,7,1184,29,758,11
2514,16,928,7,1184,29,879,11
2514,16,928,7,1184,29,927,11
2514,16,928,7,1184,29,979,11
2514,16,928,7,1184,29,1003,11
2514,16,928,7,1184,29,1044,11
2514,16,928,7,1184,29,1068,11
2514,16,928,7,1184,29,1153,11
2514,16,928,7,1184,29,1186,11
2514,16,928,7,1184,29,1194,11
2514,16,928,7,1184,29,1259,11
2514,16,928,7,1184,29,1260,11
2514,16,928,7,1184,29,1312,11
2514,16,928,7,1184,29,1388,11
2514,16,928,7,1184,29,1391,11
2514,16,928,7,1184,29,1422,11
2514,16,928,7,1184,29,1556,11
2514,16,928,7,1184,29,1568,11
2514,16,928,7,1184,29,1599,11
2514,16,928,7,1184,29,1747,11
2514,16,928,7,1184,29,1773,11
2514,16,928,7,1184,29,1799,11
2514,16,928,7,1184,29,1818,11
2514,16,928,7,1184,29,1873,11
2514,16,928,7,1184,29,1940,11
2514,16,928,7,1184,29,1956,11
2514,16,928,7,1184,29,1997,11
2514,16,928,7,1184,29,2068,11
2514,16,928,7,1184,29,2079,11
2514,16,928,7,1184,29,2123,11
2514,16,928,7,1184,29,2196,11
2514,16,928,7,1184,29,2206,11
2514,16,928,7,1184,29,2216,11
2514,16,928,7,1184,29,2244,11
2514,16,928,7,1184,29,2259,11
2514,16,928,7,1184,29,2261,11
2514,16,928,7,1184,29,2289,11
2514,16,928,7,1184,29,2359,11
2514,16,928,7,1184,29,2370,11
2514,16,928,7,1184,29,2405,11
2514,16,928,7,1400,47,45,11
2514,16,928,7,1400,47,159,11
2514,16,928,7,1400,47,272,11
2514,16,928,7,1400,47,338,11
2514,16,928,7,1400,47,390,11
2514,16,928,7,1400,47,457,11
2514,16,928,7,1400,47,463,11
2514,16,928,7,1400,47,620,11
2514,16,928,7,1400,47,700,11
2514,16,928,7,1400,47,742,11
2514,16,928,7,1400,47,758,11
2514,16,928,7,1400,47,879,11
2514,16,928,7,1400,47,927,11
2514,16,928,7,1400,47,979,11
2514,16,928,7,1400,47,1003,11
2514,16,928,7,1400,47,1044,11
2514,16,928,7,1400,47,1068,11
2514,16,928,7,1400,47,1153,11
2514,16,928,7,1400,47,1186,11
2514,16,928,7,1400,47,1194,11
2514,16,928,7,1400,47,1259,11
2514,16,928,7,1400,47,1260,11
2514,16,928,7,1400,47,1312,11
2514,16,928,7,1400,47,1388,11
2514,16,928,7,1400,47,1391,11
2514,16,928,7,1400,47,1422,11
2514,16,928,7,1400,47,1556,11
2514,16,928,7,1400,47,1568,11
2514,16,928,7,1400,47,1599,11
2514,16,928,7,1400,47,1747,11
2514,16,928,7,1400,47,1773,11
2514,16,928,7,1400,47,1799,11
2514,16,928,7,1400,47,1818,11
2514,16,928,7,1400,47,1873,11
2514,16,928,7,1400,47,1940,11
2514,16,928,7,1400,47,1956,11
2514,16,928,7,1400,47,1997,11
2514,16,928,7,1400,47,2068,11
2514,16,928,7,1400,47,2079,11
2514,16,928,7,1400,47,2123,11
2514,16,928,7,1400,47,2196,11
2514,16,928,7,1400,47,2206,11
2514,16,928,7,1400,47,2216,11
2514,16,928,7,1400,47,2244,11
2514,16,928,7,1400,47,2259,11
2514,16,928,7,1400,47,2261,11
2514,16,928,7,1400,47,2289,11
2514,16,928,7,1400,47,2359,11
2514,16,928,7,1400,47,2370,11
2514,16,928,7,1400,47,2405,11
2514,16,928,7,1797,13,45,11
2514,16,928,7,1797,13,159,11
2514,16,928,7,1797,13,272,11
2514,16,928,7,1797,13,338,11
2514,16,928,7,1797,13,390,11
2514,16,928,7,1797,13,457,11
2514,16,928,7,1797,13,463,11
2514,16,928,7,1797,13,620,11
2514,16,928,7,1797,13,700,11
2514,16,928,7,1797,13,742,11
2514,16,928,7,1797,13,758,11
2514,16,928,7,1797,13,879,11
2514,16,928,7,1797,13,927,11
2514,16,928,7,1797,13,979,11
2514,16,928,7,1797,13,1003,11
2514,16,928,7,1797,13,1044,11
2514,16,928,7,1797,13,1068,11
2514,16,928,7,1797,13,1153,11
2514,16,928,7,1797,13,1186,11
2514,16,928,7,1797,13,1194,11
2514,16,928,7,1797,13,1259,11
2514,16,928,7,1797,13,1260,11
2514,16,928,7,1797,13,1312,11
2514,16,928,7,1797,13,1388,11
2514,16,928,7,1797,13,1391,11
2514,16,928,7,1797,13,1422,11
2514,16,928,7,1797,13,1556,11
2514,16,928,7,1797,13,1568,11
2514,16,928,7,1797,13,1599,11
2514,16,928,7,1797,13,1747,11
2514,16,928,7,1797,13,1773,11
2514,16,928,7,1797,13,1799,11
2514,16,928,7,1797,13,1818,11
2514,16,928,7,1797,13,1873,11
2514,16,928,7,1797,13,1940,11
2514,16,928,7,1797,13,1956,11
2514,16,928,7,1797,13,1997,11
2514,16,928,7,1797,13,2068,11
2514,16,928,7,1797,13,2079,11
2514,16,928,7,1797,13,2123,11
2514,16,928,7,1797,13,2196,11
2514,16,928,7,1797,13,2206,11
2514,16,928,7,1797,13,2216,11
2514,16,928,7,1797,13,2244,11
2514,16,928,7,1797,13,2259,11
2514,16,928,7,1797,13,2261,11
2514,16,928,7,1797,13,2289,11
2514,16,928,7,1797,13,2359,11
2514,16,928,7,1797,13,2370,11
2514,16,928,7,1797,13,2405,11
2514,16,928,7,1876,35,45,11
2514,16,928,7,1876,35,159,11
2514,16,928,7,1876,35,272,11
2514,16,928,7,1876,35,338,11
2514,16,928,7,1876,35,390,11
2514,16,928,7,1876,35,457,11
2514,16,928,7,1876,35,463,11
2514,16,928,7,1876,35,620,11
2514,16,928,7,1876,35,700,11
2514,16,928,7,1876,35,742,11
2514,16,928,7,1876,35,758,11
2514,16,928,7,1876,35,879,11
2514,16,928,7,1876,35,927,11
2514,16,928,7,1876,35,979,11
2514,16,928,7,1876,35,1003,11
2514,16,928,7,1876,35,1044,11
2514,16,928,7,1876,35,1068,11
2514,16,928,7,1876,35,1153,11
2514,16,928,7,1876,35,1186,11
2514,16,928,7,1876,35,1194,11
2514,16,928,7,1876,35,1259,11
2514,16,928,7,1876,35,1260,11
2514,16,928,7,1876,35,1312,11
2514,16,928,7,1876,35,1388,11
2514,16,928,7,1876,35,1391,11
2514,16,928,7,1876,35,1422,11
2514,16,928,7,1876,35,1556,11
2514,16,928,7,1876,35,1568,11
2514,16,928,7,1876,35,1599,11
2514,16,928,7,1876,35,1747,11
2514,16,928,7,1876,35,1773,11
2514,16,928,7,1876,35,1799,11
2514,16,928,7,1876,35,1818,11
2514,16,928,7,1876,35,1873,11
2514,16,928,7,1876,35,1940,11
2514,16,928,7,1876,35,1956,11
2514,16,928,7,1876,35,1997,11
2514,16,928,7,1876,35,2068,11
2514,16,928,7,1876,35,2079,11
2514,16,928,7,1876,35,2123,11
2514,16,928,7,1876,35,2196,11
2514,16,928,7,1876,35,2206,11
2514,16,928,7,1876,35,2216,11
2514,16,928,7,1876,35,2244,11
2514,16,928,7,1876,35,2259,11
2514,16,928,7,1876,35,2261,11
2514,16,928,7,1876,35,2289,11
2514,16,928,7,1876,35,2359,11
2514,16,928,7,1876,35,2370,11
2514,16,928,7,1876,35,2405,11
2514,16,928,7,1930,27,45,11
2514,16,928,7,1930,27,159,11
2514,16,928,7,1930,27,272,11
2514,16,928,7,1930,27,338,11
2514,16,928,7,1930,27,390,11
2514,16,928,7,1930,27,457,11
2514,16,928,7,1930,27,463,11
2514,16,928,7,1930,27,620,11
2514,16,928,7,1930,27,700,11
2514,16,928,7,1930,27,742,11
2514,16,928,7,1930,27,758,11
2514,16,928,7,1930,27,879,11
2514,16,928,7,1930,27,927,11
2514,16,928,7,1930,27,979,11
2514,16,928,7,1930,27,1003,11
2514,16,928,7,1930,27,1044,11
2514,16,928,7,1930,27,1068,11
2514,16,928,7,1930,27,1153,11
2514,16,928,7,1930,27,1186,11
2514,16,928,7,1930,27,1194,11
2514,16,928,7,1930,27,1259,11
2514,16,928,7,1930,27,1260,11
2514,16,928,7,1930,27,1312,11
2514,16,928,7,1930,27,1388,11
2514,16,928,7,1930,27,1391,11
2514,16,928,7,1930,27,1422,11
2514,16,928,7,1930,27,1556,11
2514,16,928,7,1930,27,1568,11
2514,16,928,7,1930,27,1599,11
2514,16,928,7,1930,27,1747,11
2514,16,928,7,1930,27,1773,11
2514,16,928,7,1930,27,1799,11
2514,16,928,7,1930,27,1818,11
2514,16,928,7,1930,27,1873,11
2514,16,928,7,1930,27,1940,11
2514,16,928,7,1930,27,1956,11
2514,16,928,7,1930,27,1997,11
2514,16,928,7,1930,27,2068,11
2514,16,928,7,1930,27,2079,11
2514,16,928,7,1930,27,2123,11
2514,16,928,7,1930,27,2196,11
2514,16,928,7,1930,27,2206,11
2514,16,928,7,1930,27,2216,11
2514,16,928,7,1930,27,2244,11
2514,16,928,7,1930,27,2259,11
2514,16,928,7,1930,27,2261,11
2514,16,928,7,1930,27,2289,11
2514,16,928,7,1930,27,2359,11
2514,16,928,7,1930,27,2370,11
2514,16,928,7,1930,27,2405,11
