2514,16,1918,16,303,32,45,11
2514,16,1918,16,303,32,159,11
2514,16,1918,16,303,32,272,11
2514,16,1918,16,303,32,338,11
2514,16,1918,16,303,32,390,11
2514,16,1918,16,303,32,457,11
2514,16,1918,16,303,32,463,11
2514,16,1918,16,303,32,620,11
2514,16,1918,16,303,32,700,11
2514,16,1918,16,303,32,742,11
2514,16,1918,16,303,32,758,11
2514,16,1918,16,303,32,879,11
2514,16,1918,16,303,32,927,11
2514,16,1918,16,303,32,979,11
2514,16,1918,16,303,32,1003,11
2514,16,1918,16,303,32,1044,11
2514,16,1918,16,303,32,1068,11
2514,16,1918,16,303,32,1153,11
2514,16,1918,16,303,32,1186,11
2514,16,1918,16,303,32,1194,11
2514,16,1918,16,303,32,1259,11
2514,16,1918,16,303,32,1260,11
2514,16,1918,16,303,32,1312,11
2514,16,1918,16,303,32,1388,11
2514,16,1918,16,303,32,1391,11
2514,16,1918,16,303,32,1422,11
2514,16,1918,16,303,32,1556,11
2514,16,1918,16,303,32,1568,11
2514,16,1918,16,303,32,1599,11
2514,16,1918,16,303,32,1747,11
2514,16,1918,16,303,32,1773,11
2514,16,1918,16,303,32,1799,11
2514,16,1918,16,303,32,1818,11
2514,16,1918,16,303,32,1873,11
2514,16,1918,16,303,32,1940,11
2514,16,1918,16,303,32,1956,11
2514,16,1918,16,303,32,1997,11
2514,16,1918,16,303,32,2068,11
2514,16,1918,16,303,32,2079,11
2514,16,1918,16,303,32,2123,11
2514,16,1918,16,303,32,2196,11
2514,16,1918,16,303,32,2206,11
2514,16,1918,16,303,32,2216,11
2514,16,1918,16,303,32,2244,11
2514,16,1918,16,303,32,2259,11
2514,16,1918,16,303,32,2261,11
2514,16,1918,16,303,32,2289,11
2514,16,1918,16,303,32,2359,11
2514,16,1918,16,303,32,2370,11
2514,16,1918,16,303,32,2405,11
2514,16,1918,16,335,34,45,11
2514,16,1918,16,335,34,159,11
2514,16,1918,16,335,34,272,11
2514,16,1918,16,335,34,338,11
2514,16,1918,16,335,34,390,11
2514,16,1918,16,335,34,457,11
2514,16,1918,16,335,34,463,11
2514,16,1918,16,335,34,620,11
2514,16,1918,16,335,34,700,11
2514,16,1918,16,335,34,742,11
2514,16,1918,16,335,34,758,11
2514,16,1918,16,335,34,879,11
2514,16,1918,16,335,34,927,11
2514,16,1918,16,335,34,979,11
2514,16,1918,16,335,34,1003,11
2514,16,1918,16,335,34,1044,11
2514,16,1918,16,335,34,1068,11
2514,16,1918,16,335,34,1153,11
2514,16,1918,16,335,34,1186,11
2514,16,1918,16,335,34,1194,11
2514,16,1918,16,335,34,1259,11
2514,16,1918,16,335,34,1260,11
2514,16,1918,16,335,34,1312,11
2514,16,1918,16,335,34,1388,11
2514,16,1918,16,335,34,1391,11
2514,16,1918,16,335,34,1422,11
2514,16,1918,16,335,34,1556,11
2514,16,1918,16,335,34,1568,11
2514,16,1918,16,335,34,1599,11
2514,16,1918,16,335,34,1747,11
2514,16,1918,16,335,34,1773,11
2514,16,1918,16,335,34,1799,11
2514,16,1918,16,335,34,1818,11
2514,16,1918,16,335,34,1873,11
2514,16,1918,16,335,34,1940,11
2514,16,1918,16,335,34,1956,11
2514,16,1918,16,335,34,1997,11
2514,16,1918,16,335,34,2068,11
2514,16,1918,16,335,34,2079,11
2514,16,1918,16,335,34,2123,11
2514,16,1918,16,335,34,2196,11
2514,16,1918,16,335,34,2206,11
2514,16,1918,16,335,34,2216,11
2514,16,1918,16,335,34,2244,11
2514,16,1918,16,335,34,2259,11
2514,16,1918,16,335,34,2261,11
2514,16,1918,16,335,34,2289,11
2514,16,1918,16,335,34,2359,11
2514,16,1918,16,335,34,2370,11
2514,16,1918,16,335,34,2405,11
2514,16,1918,16,427,17,45,11
2514,16,1918,16,427,17,159,11
2514,16,1918,16,427,17,272,11
2514,16,1918,16,427,17,338,11
2514,16,1918,16,427,17,390,11
2514,16,1918,16,427,17,457,11
2514,16,1918,16,427,17,463,11
2514,16,1918,16,427,17,620,11
2514,16,1918,16,427,17,700,11
2514,16,1918,16,427,17,742,11
2514,16,1918,16,427,17,758,11
2514,16,1918,16,427,17,879,11
2514,16,1918,16,427,17,927,11
2514,16,1918,16,427,17,979,11
2514,16,1918,16,427,17,1003,11
2514,16,1918,16,427,17,1044,11
2514,16,1918,16,427,17,1068,11
2514,16,1918,16,427,17,1153,11
2514,16,1918,16,427,17,1186,11
2514,16,1918,16,427,17,1194,11
2514,16,1918,16,427,17,1259,11
2514,16,1918,16,427,17,1260,11
2514,16,1918,16,427,17,1312,11
2514,16,1918,16,427,17,1388,11
2514,16,1918,16,427,17,1391,11
2514,16,1918,16,427,17,1422,11
2514,16,1918,16,427,17,1556,11
2514,16,1918,16,427,17,1568,11
2514,16,1918,16,427,17,1599,11
2514,16,1918,16,427,17,1747,11
2514,16,1918,16,427,17,1773,11
2514,16,1918,16,427,17,1799,11
2514,16,1918,16,427,17,1818,11
2514,16,1918,16,427,17,1873,11
2514,16,1918,16,427,17,1940,11
2514,16,1918,16,427,17,1956,11
2514,16,1918,16,427,17,1997,11
2514,16,1918,16,427,17,2068,11
2514,16,1918,16,427,17,2079,11
2514,16,1918,16,427,17,2123,11
2514,16,1918,16,427,17,2196,11
2514,16,1918,16,427,17,2206,11
2514,16,1918,16,427,17,2216,11
2514,16,1918,16,427,17,2244,11
2514,16,1918,16,427,17,2259,11
2514,16,1918,16,427,17,2261,11
2514,16,1918,16,427,17,2289,11
2514,16,1918,16,427,17,2359,11
2514,16,1918,16,427,17,2370,11
2514,16,1918,16,427,17,2405,11
2514,16,1918,16,511,37,45,11
2514,16,1918,16,511,37,159,11
2514,16,1918,16,511,37,272,11
2514,16,1918,16,511,37,338,11
2514,16,1918,16,511,37,390,11
2514,16,1918,16,511,37,457,11
2514,16,1918,16,511,37,463,11
2514,16,1918,16,511,37,620,11
2514,16,1918,16,511,37,700,11
2514,16,1918,16,511,37,742,11
2514,16,1918,16,511,37,758,11
2514,16,1918,16,511,37,879,11
2514,16,1918,16,511,37,927,11
2514,16,1918,16,511,37,979,11
2514,16,1918,16,511,37,1003,11
2514,16,1918,16,511,37,1044,11
2514,16,1918,16,511,37,1068,11
2514,16,1918,16,511,37,1153,11
2514,16,1918,16,511,37,1186,11
2514,16,1918,16,511,37,1194,11
2514,16,1918,16,511,37,1259,11
2514,16,1918,16,511,37,1260,11
2514,16,1918,16,511,37,1312,11
2514,16,1918,16,511,37,1388,11
2514,16,1918,16,511,37,1391,11
2514,16,1918,16,511,37,1422,11
2514,16,1918,16,511,37,1556,11
2514,16,1918,16,511,37,1568,11
2514,16,1918,16,511,37,1599,11
2514,16,1918,16,511,37,1747,11
2514,16,1918,16,511,37,1773,11
2514,16,1918,16,511,37,1799,11
2514,16,1918,16,511,37,1818,11
2514,16,1918,16,511,37,1873,11
2514,16,1918,16,511,37,1940,11
2514,16,1918,16,511,37,1956,11
2514,16,1918,16,511,37,1997,11
2514,16,1918,16,511,37,2068,11
2514,16,1918,16,511,37,2079,11
2514,16,1918,16,511,37,2123,11
2514,16,1918,16,511,37,2196,11
2514,16,1918,16,511,37,2206,11
2514,16,1918,16,511,37,2216,11
2514,16,1918,16,511,37,2244,11
2514,16,1918,16,511,37,2259,11
2514,16,1918,16,511,37,2261,11
2514,16,1918,16,511,37,2289,11
2514,16,1918,16,511,37,2359,11
2514,16,1918,16,511,37,2370,11
2514,16,1918,16,511,37,2405,11
2514,16,1918,16,698,16,45,11
2514,16,1918,16,698,16,159,11
2514,16,1918,16,698,16,272,11
2514,16,1918,16,698,16,338,11
2514,16,1918,16,698,16,390,11
2514,16,1918,16,698,16,457,11
2514,16,1918,16,698,16,463,11
2514,16,1918,16,698,16,620,11
2514,16,1918,16,698,16,700,11
2514,16,1918,16,698,16,742,11
2514,16,1918,16,698,16,758,11
2514,16,1918,16,698,16,879,11
2514,16,1918,16,698,16,927,11
2514,16,1918,16,698,16,979,11
2514,16,1918,16,698,16,1003,11
2514,16,1918,16,698,16,1044,11
2514,16,1918,16,698,16,1068,11
2514,16,1918,16,698,16,1153,11
2514,16,1918,16,698,16,1186,11
2514,16,1918,16,698,16,1194,11
2514,16,1918,16,698,16,1259,11
2514,16,1918,16,698,16,1260,11
2514,16,1918,16,698,16,1312,11
2514,16,1918,16,698,16,1388,11
2514,16,1918,16,698,16,1391,11
2514,16,1918,16,698,16,1422,11
2514,16,1918,16,698,16,1556,11
2514,16,1918,16,698,16,1568,11
2514,16,1918,16,698,16,1599,11
2514,16,1918,16,698,16,1747,11
2514,16,1918,16,698,16,1773,11
2514,16,1918,16,698,16,1799,11
2514,16,1918,16,698,16,1818,11
2514,16,1918,16,698,16,1873,11
2514,16,1918,16,698,16,1940,11
2514,16,1918,16,698,16,1956,11
2514,16,1918,16,698,16,1997,11
2514,16,1918,16,698,16,2068,11
2514,16,1918,16,698,16,2079,11
2514,16,1918,16,698,16,2123,11
2514,16,1918,16,698,16,2196,11
2514,16,1918,16,698,16,2206,11
2514,16,1918,16,698,16,2216,11
2514,16,1918,16,698,16,2244,11
2514,16,1918,16,698,16,2259,11
2514,16,1918,16,698,16,2261,11
2514,16,1918,16,698,16,2289,11
2514,16,1918,16,698,16,2359,11
2514,16,1918,16,698,16,2370,11
2514,16,1918,16,698,16,2405,11
2514,16,1918,16,911,35,45,11
2514,16,1918,16,911,35,159,11
2514,16,1918,16,911,35,272,11
2514,16,1918,16,911,35,338,11
2514,16,1918,16,911,35,390,11
2514,16,1918,16,911,35,457,11
2514,16,1918,16,911,35,463,11
2514,16,1918,16,911,35,620,11
2514,16,1918,16,911,35,700,11
2514,16,1918,16,911,35,742,11
2514,16,1918,16,911,35,758,11
2514,16,1918,16,911,35,879,11
2514,16,1918,16,911,35,927,11
2514,16,1918,16,911,35,979,11
2514,16,1918,16,911,35,1003,11
2514,16,1918,16,911,35,1044,11
2514,16,1918,16,911,35,1068,11
2514,16,1918,16,911,35,1153,11
2514,16,1918,16,911,35,1186,11
2514,16,1918,16,911,35,1194,11
2514,16,1918,16,911,35,1259,11
2514,16,1918,16,911,35,1260,11
2514,16,1918,16,911,35,1312,11
2514,16,1918,16,911,35,1388,11
2514,16,1918,16,911,35,1391,11
2514,16,1918,16,911,35,1422,11
2514,16,1918,16,911,35,1556,11
2514,16,1918,16,911,35,1568,11
2514,16,1918,16,911,35,1599,11
2514,16,1918,16,911,35,1747,11
2514,16,1918,16,911,35,1773,11
2514,16,1918,16,911,35,1799,11
2514,16,1918,16,911,35,1818,11
2514,16,1918,16,911,35,1873,11
2514,16,1918,16,911,35,1940,11
2514,16,1918,16,911,35,1956,11
2514,16,1918,16,911,35,1997,11
2514,16,1918,16,911,35,2068,11
2514,16,1918,16,911,35,2079,11
2514,16,1918,16,911,35,2123,11
2514,16,1918,16,911,35,2196,11
2514,16,1918,16,911,35,2206,11
2514,16,1918,16,911,35,2216,11
2514,16,1918,16,911,35,2244,11
2514,16,1918,16,911,35,2259,11
2514,16,1918,16,911,35,2261,11
2514,16,1918,16,911,35,2289,11
2514,16,1918,16,911,35,2359,11
2514,16,1918,16,911,35,2370,11
2514,16,1918,16,911,35,2405,11
2514,16,1918,16,938,13,45,11
2514,16,1918,16,938,13,159,11
2514,16,1918,16,938,13,272,11
2514,16,1918,16,938,13,338,11
2514,16,1918,16,938,13,390,11
2514,16,1918,16,938,13,457,11
2514,16,1918,16,938,13,463,11
2514,16,1918,16,938,13,620,11
2514,16,1918,16,938,13,700,11
2514,16,1918,16,938,13,742,11
2514,16,1918,16,938,13,758,11
2514,16,1918,16,938,13,879,11
2514,16,1918,16,938,13,927,11
2514,16,1918,16,938,13,979,11
2514,16,1918,16,938,13,1003,11
2514,16,1918,16,938,13,1044,11
2514,16,1918,16,938,13,1068,11
2514,16,1918,16,938,13,1153,11
2514,16,1918,16,938,13,1186,11
2514,16,1918,16,938,13,1194,11
2514,16,1918,16,938,13,1259,11
2514,16,1918,16,938,13,1260,11
2514,16,1918,16,938,13,1312,11
2514,16,1918,16,938,13,1388,11
2514,16,1918,16,938,13,1391,11
2514,16,1918,16,938,13,1422,11
2514,16,1918,16,938,13,1556,11
2514,16,1918,16,938,13,1568,11
2514,16,1918,16,938,13,1599,11
2514,16,1918,16,938,13,1747,11
2514,16,1918,16,938,13,1773,11
2514,16,1918,16,938,13,1799,11
2514,16,1918,16,938,13,1818,11
2514,16,1918,16,938,13,1873,11
2514,16,1918,16,938,13,1940,11
2514,16,1918,16,938,13,1956,11
2514,16,1918,16,938,13,1997,11
2514,16,1918,16,938,13,2068,11
2514,16,1918,16,938,13,2079,11
2514,16,1918,16,938,13,2123,11
2514,16,1918,16,938,13,2196,11
2514,16,1918,16,938,13,2206,11
2514,16,1918,16,938,13,2216,11
2514,16,1918,16,938,13,2244,11
2514,16,1918,16,938,13,2259,11
2514,16,1918,16,938,13,2261,11
2514,16,1918,16,938,13,2289,11
2514,16,1918,16,938,13,2359,11
2514,16,1918,16,938,13,2370,11
2514,16,1918,16,938,13,2405,11
2514,16,1918,16,1256,20,45,11
2514,16,1918,16,1256,20,338,11
2514,16,1918,16,1256,20,390,11
2514,16,1918,16,1256,20,620,11
2514,16,1918,16,1256,20,742,11
2514,16,1918,16,1256,20,758,11
2514,16,1918,16,1256,20,979,11
2514,16,1918,16,1256,20,1044,11
2514,16,1918,16,1256,20,1186,11
2514,16,1918,16,1256,20,1259,11
2514,16,1918,16,1256,20,1312,11
2514,16,1918,16,1256,20,1773,11
2514,16,1918,16,1256,20,1799,11
2514,16,1918,16,1256,20,1956,11
2514,16,1918,16,1256,20,1997,11
2514,16,1918,16,1256,20,2206,11
2514,16,1918,16,1256,20,2244,11
2514,16,1918,16,1256,20,2261,11
2514,16,1918,16,1256,20,2289,11
2514,16,1918,16,1256,20,2359,11
2514,16,1918,16,1302,27,159,11
2514,16,1918,16,1302,27,457,11
2514,16,1918,16,1302,27,463,11
2514,16,1918,16,1302,27,700,11
2514,16,1918,16,1302,27,879,11
2514,16,1918,16,1302,27,927,11
2514,16,1918,16,1302,27,1003,11
2514,16,1918,16,1302,27,1153,11
2514,16,1918,16,1302,27,1194,11
2514,16,1918,16,1302,27,1388,11
2514,16,1918,16,1302,27,1556,11
2514,16,1918,16,1302,27,1568,11
2514,16,1918,16,1302,27,1599,11
2514,16,1918,16,1302,27,1818,11
2514,16,1918,16,1302,27,1873,11
2514,16,1918,16,1302,27,1940,11
2514,16,1918,16,1302,27,2123,11
2514,16,1918,16,1302,27,2196,11
2514,16,1918,16,1302,27,2216,11
2514,16,1918,16,1302,27,2370,11
2514,16,1918,16,1303,42,45,11
2514,16,1918,16,1303,42,159,11
2514,16,1918,16,1303,42,272,11
2514,16,1918,16,1303,42,338,11
2514,16,1918,16,1303,42,390,11
2514,16,1918,16,1303,42,457,11
2514,16,1918,16,1303,42,463,11
2514,16,1918,16,1303,42,620,11
2514,16,1918,16,1303,42,700,11
2514,16,1918,16,1303,42,742,11
2514,16,1918,16,1303,42,758,11
2514,16,1918,16,1303,42,879,11
2514,16,1918,16,1303,42,927,11
2514,16,1918,16,1303,42,979,11
2514,16,1918,16,1303,42,1003,11
2514,16,1918,16,1303,42,1044,11
2514,16,1918,16,1303,42,1068,11
2514,16,1918,16,1303,42,1153,11
2514,16,1918,16,1303,42,1186,11
2514,16,1918,16,1303,42,1194,11
2514,16,1918,16,1303,42,1259,11
2514,16,1918,16,1303,42,1260,11
2514,16,1918,16,1303,42,1312,11
2514,16,1918,16,1303,42,1388,11
2514,16,1918,16,1303,42,1391,11
2514,16,1918,16,1303,42,1422,11
2514,16,1918,16,1303,42,1556,11
2514,16,1918,16,1303,42,1568,11
2514,16,1918,16,1303,42,1599,11
2514,16,1918,16,1303,42,1747,11
2514,16,1918,16,1303,42,1773,11
2514,16,1918,16,1303,42,1799,11
2514,16,1918,16,1303,42,1818,11
2514,16,1918,16,1303,42,1873,11
2514,16,1918,16,1303,42,1940,11
2514,16,1918,16,1303,42,1956,11
2514,16,1918,16,1303,42,1997,11
2514,16,1918,16,1303,42,2068,11
2514,16,1918,16,1303,42,2079,11
2514,16,1918,16,1303,42,2123,11
2514,16,1918,16,1303,42,2196,11
2514,16,1918,16,1303,42,2206,11
2514,16,1918,16,1303,42,2216,11
2514,16,1918,16,1303,42,2244,11
2514,16,1918,16,1303,42,2259,11
2514,16,1918,16,1303,42,2261,11
2514,16,1918,16,1303,42,2289,11
2514,16,1918,16,1303,42,2359,11
2514,16,1918,16,1303,42,2370,11
2514,16,1918,16,1303,42,2405,11
2514,16,1918,16,1476,28,45,11
2514,16,1918,16,1476,28,159,11
2514,16,1918,16,1476,28,272,11
2514,16,1918,16,1476,28,338,11
2514,16,1918,16,1476,28,390,11
2514,16,1918,16,1476,28,457,11
2514,16,1918,16,1476,28,463,11
2514,16,1918,16,1476,28,620,11
2514,16,1918,16,1476,28,700,11
2514,16,1918,16,1476,28,742,11
2514,16,1918,16,1476,28,758,11
2514,16,1918,16,1476,28,879,11
2514,16,1918,16,1476,28,927,11
2514,16,1918,16,1476,28,979,11
2514,16,1918,16,1476,28,1003,11
2514,16,1918,16,1476,28,1044,11
2514,16,1918,16,1476,28,1068,11
2514,16,1918,16,1476,28,1153,11
2514,16,1918,16,1476,28,1186,11
2514,16,1918,16,1476,28,1194,11
2514,16,1918,16,1476,28,1259,11
2514,16,1918,16,1476,28,1260,11
2514,16,1918,16,1476,28,1312,11
2514,16,1918,16,1476,28,1388,11
2514,16,1918,16,1476,28,1391,11
2514,16,1918,16,1476,28,1422,11
2514,16,1918,16,1476,28,1556,11
2514,16,1918,16,1476,28,1568,11
2514,16,1918,16,1476,28,1599,11
2514,16,1918,16,1476,28,1747,11
2514,16,1918,16,1476,28,1773,11
2514,16,1918,16,1476,28,1799,11
2514,16,1918,16,1476,28,1818,11
2514,16,1918,16,1476,28,1873,11
2514,16,1918,16,1476,28,1940,11
2514,16,1918,16,1476,28,1956,11
2514,16,1918,16,1476,28,1997,11
2514,16,1918,16,1476,28,2068,11
2514,16,1918,16,1476,28,2079,11
2514,16,1918,16,1476,28,2123,11
2514,16,1918,16,1476,28,2196,11
2514,16,1918,16,1476,28,2206,11
2514,16,1918,16,1476,28,2216,11
2514,16,1918,16,1476,28,2244,11
2514,16,1918,16,1476,28,2259,11
2514,16,1918,16,1476,28,2261,11
2514,16,1918,16,1476,28,2289,11
2514,16,1918,16,1476,28,2359,11
2514,16,1918,16,1476,28,2370,11
2514,16,1918,16,1476,28,2405,11
2514,16,1918,16,1480,23,45,11
2514,16,1918,16,1480,23,159,11
2514,16,1918,16,1480,23,272,11
2514,16,1918,16,1480,23,338,11
2514,16,1918,16,1480,23,390,11
2514,16,1918,16,1480,23,457,11
2514,16,1918,16,1480,23,463,11
2514,16,1918,16,1480,23,620,11
2514,16,1918,16,1480,23,700,11
2514,16,1918,16,1480,23,742,11
2514,16,1918,16,1480,23,758,11
2514,16,1918,16,1480,23,879,11
2514,16,1918,16,1480,23,927,11
2514,16,1918,16,1480,23,979,11
2514,16,1918,16,1480,23,1003,11
2514,16,1918,16,1480,23,1044,11
2514,16,1918,16,1480,23,1068,11
2514,16,1918,16,1480,23,1153,11
2514,16,1918,16,1480,23,1186,11
2514,16,1918,16,1480,23,1194,11
2514,16,1918,16,1480,23,1259,11
2514,16,1918,16,1480,23,1260,11
2514,16,1918,16,1480,23,1312,11
2514,16,1918,16,1480,23,1388,11
2514,16,1918,16,1480,23,1391,11
2514,16,1918,16,1480,23,1422,11
2514,16,1918,16,1480,23,1556,11
2514,16,1918,16,1480,23,1568,11
2514,16,1918,16,1480,23,1599,11
2514,16,1918,16,1480,23,1747,11
2514,16,1918,16,1480,23,1773,11
2514,16,1918,16,1480,23,1799,11
2514,16,1918,16,1480,23,1818,11
2514,16,1918,16,1480,23,1873,11
2514,16,1918,16,1480,23,1940,11
2514,16,1918,16,1480,23,1956,11
2514,16,1918,16,1480,23,1997,11
2514,16,1918,16,1480,23,2068,11
2514,16,1918,16,1480,23,2079,11
2514,16,1918,16,1480,23,2123,11
2514,16,1918,16,1480,23,2196,11
2514,16,1918,16,1480,23,2206,11
2514,16,1918,16,1480,23,2216,11
2514,16,1918,16,1480,23,2244,11
2514,16,1918,16,1480,23,2259,11
2514,16,1918,16,1480,23,2261,11
2514,16,1918,16,1480,23,2289,11
2514,16,1918,16,1480,23,2359,11
2514,16,1918,16,1480,23,2370,11
2514,16,1918,16,1480,23,2405,11
2514,16,1918,16,1634,32,45,11
2514,16,1918,16,1634,32,159,11
2514,16,1918,16,1634,32,272,11
2514,16,1918,16,1634,32,338,11
2514,16,1918,16,1634,32,390,11
2514,16,1918,16,1634,32,457,11
2514,16,1918,16,1634,32,463,11
2514,16,1918,16,1634,32,620,11
2514,16,1918,16,1634,32,700,11
2514,16,1918,16,1634,32,742,11
2514,16,1918,16,1634,32,758,11
2514,16,1918,16,1634,32,879,11
2514,16,1918,16,1634,32,927,11
2514,16,1918,16,1634,32,979,11
2514,16,1918,16,1634,32,1003,11
2514,16,1918,16,1634,32,1044,11
2514,16,1918,16,1634,32,1068,11
2514,16,1918,16,1634,32,1153,11
2514,16,1918,16,1634,32,1186,11
2514,16,1918,16,1634,32,1194,11
2514,16,1918,16,1634,32,1259,11
2514,16,1918,16,1634,32,1260,11
2514,16,1918,16,1634,32,1312,11
2514,16,1918,16,1634,32,1388,11
2514,16,1918,16,1634,32,1391,11
2514,16,1918,16,1634,32,1422,11
2514,16,1918,16,1634,32,1556,11
2514,16,1918,16,1634,32,1568,11
2514,16,1918,16,1634,32,1599,11
2514,16,1918,16,1634,32,1747,11
2514,16,1918,16,1634,32,1773,11
2514,16,1918,16,1634,32,1799,11
2514,16,1918,16,1634,32,1818,11
2514,16,1918,16,1634,32,1873,11
2514,16,1918,16,1634,32,1940,11
2514,16,1918,16,1634,32,1956,11
2514,16,1918,16,1634,32,1997,11
2514,16,1918,16,1634,32,2068,11
2514,16,1918,16,1634,32,2079,11
2514,16,1918,16,1634,32,2123,11
2514,16,1918,16,1634,32,2196,11
2514,16,1918,16,1634,32,2206,11
2514,16,1918,16,1634,32,2216,11
2514,16,1918,16,1634,32,2244,11
2514,16,1918,16,1634,32,2259,11
2514,16,1918,16,1634,32,2261,11
2514,16,1918,16,1634,32,2289,11
2514,16,1918,16,1634,32,2359,11
2514,16,1918,16,1634,32,2370,11
2514,16,1918,16,1634,32,2405,11
2514,16,1918,16,1951,18,45,11
2514,16,1918,16,1951,18,159,11
2514,16,1918,16,1951,18,272,11
2514,16,1918,16,1951,18,338,11
2514,16,1918,16,1951,18,390,11
2514,16,1918,16,1951,18,457,11
2514,16,1918,16,1951,18,463,11
2514,16,1918,16,1951,18,620,11
2514,16,1918,16,1951,18,700,11
2514,16,1918,16,1951,18,742,11
2514,16,1918,16,1951,18,758,11
2514,16,1918,16,1951,18,879,11
2514,16,1918,16,1951,18,927,11
2514,16,1918,16,1951,18,979,11
2514,16,1918,16,1951,18,1003,11
2514,16,1918,16,1951,18,1044,11
2514,16,1918,16,1951,18,1068,11
2514,16,1918,16,1951,18,1153,11
2514,16,1918,16,1951,18,1186,11
2514,16,1918,16,1951,18,1194,11
2514,16,1918,16,1951,18,1259,11
2514,16,1918,16,1951,18,1260,11
2514,16,1918,16,1951,18,1312,11
2514,16,1918,16,1951,18,1388,11
2514,16,1918,16,1951,18,1391,11
2514,16,1918,16,1951,18,1422,11
2514,16,1918,16,1951,18,1556,11
2514,16,1918,16,1951,18,1568,11
2514,16,1918,16,1951,18,1599,11
2514,16,1918,16,1951,18,1747,11
2514,16,1918,16,1951,18,1773,11
2514,16,1918,16,1951,18,1799,11
2514,16,1918,16,1951,18,1818,11
2514,16,1918,16,1951,18,1873,11
2514,16,1918,16,1951,18,1940,11
2514,16,1918,16,1951,18,1956,11
2514,16,1918,16,1951,18,1997,11
2514,16,1918,16,1951,18,2068,11
2514,16,1918,16,1951,18,2079,11
2514,16,1918,16,1951,18,2123,11
2514,16,1918,16,1951,18,2196,11
2514,16,1918,16,1951,18,2206,11
2514,16,1918,16,1951,18,2216,11
2514,16,1918,16,1951,18,2244,11
2514,16,1918,16,1951,18,2259,11
2514,16,1918,16,1951,18,2261,11
2514,16,1918,16,1951,18,2289,11
2514,16,1918,16,1951,18,2359,11
2514,16,1918,16,1951,18,2370,11
2514,16,1918,16,1951,18,2405,11
