2514,16,388,35,141,40,45,11
2514,16,388,35,141,40,159,11
2514,16,388,35,141,40,272,11
2514,16,388,35,141,40,338,11
2514,16,388,35,141,40,390,11
2514,16,388,35,141,40,457,11
2514,16,388,35,141,40,463,11
2514,16,388,35,141,40,620,11
2514,16,388,35,141,40,700,11
2514,16,388,35,141,40,742,11
2514,16,388,35,141,40,758,11
2514,16,388,35,141,40,879,11
2514,16,388,35,141,40,927,11
2514,16,388,35,141,40,979,11
2514,16,388,35,141,40,1003,11
2514,16,388,35,141,40,1044,11
2514,16,388,35,141,40,1068,11
2514,16,388,35,141,40,1153,11
2514,16,388,35,141,40,1186,11
2514,16,388,35,141,40,1194,11
2514,16,388,35,141,40,1259,11
2514,16,388,35,141,40,1260,11
2514,16,388,35,141,40,1312,11
2514,16,388,35,141,40,1388,11
2514,16,388,35,141,40,1391,11
2514,16,388,35,141,40,1422,11
2514,16,388,35,141,40,1556,11
2514,16,388,35,141,40,1568,11
2514,16,388,35,141,40,1599,11
2514,16,388,35,141,40,1747,11
2514,16,388,35,141,40,1773,11
2514,16,388,35,141,40,1799,11
2514,16,388,35,141,40,1818,11
2514,16,388,35,141,40,1873,11
2514,16,388,35,141,40,1940,11
2514,16,388,35,141,40,1956,11
2514,16,388,35,141,40,1997,11
2514,16,388,35,141,40,2068,11
2514,16,388,35,141,40,2079,11
2514,16,388,35,141,40,2123,11
2514,16,388,35,141,40,2196,11
2514,16,388,35,141,40,2206,11
2514,16,388,35,141,40,2216,11
2514,16,388,35,141,40,2244,11
2514,16,388,35,141,40,2259,11
2514,16,388,35,141,40,2261,11
2514,16,388,35,141,40,2289,11
2514,16,388,35,141,40,2359,11
2514,16,388,35,141,40,2370,11
2514,16,388,35,141,40,2405,11
2514,16,388,35,223,9,45,11
2514,16,388,35,223,9,159,11
2514,16,388,35,223,9,272,11
2514,16,388,35,223,9,338,11
2514,16,388,35,223,9,390,11
2514,16,388,35,223,9,457,11
2514,16,388,35,223,9,463,11
2514,16,388,35,223,9,620,11
2514,16,388,35,223,9,700,11
2514,16,388,35,223,9,742,11
2514,16,388,35,223,9,758,11
2514,16,388,35,223,9,879,11
2514,16,388,35,223,9,927,11
2514,16,388,35,223,9,979,11
2514,16,388,35,223,9,1003,11
2514,16,388,35,223,9,1044,11
2514,16,388,35,223,9,1068,11
2514,16,388,35,223,9,1153,11
2514,16,388,35,223,9,1186,11
2514,16,388,35,223,9,1194,11
2514,16,388,35,223,9,1259,11
2514,16,388,35,223,9,1260,11
2514,16,388,35,223,9,1312,11
2514,16,388,35,223,9,1388,11
2514,16,388,35,223,9,1391,11
2514,16,388,35,223,9,1422,11
2514,16,388,35,223,9,1556,11
2514,16,388,35,223,9,1568,11
2514,16,388,35,223,9,1599,11
2514,16,388,35,223,9,1747,11
2514,16,388,35,223,9,1773,11
2514,16,388,35,223,9,1799,11
2514,16,388,35,223,9,1818,11
2514,16,388,35,223,9,1873,11
2514,16,388,35,223,9,1940,11
2514,16,388,35,223,9,1956,11
2514,16,388,35,223,9,1997,11
2514,16,388,35,223,9,2068,11
2514,16,388,35,223,9,2079,11
2514,16,388,35,223,9,2123,11
2514,16,388,35,223,9,2196,11
2514,16,388,35,223,9,2206,11
2514,16,388,35,223,9,2216,11
2514,16,388,35,223,9,2244,11
2514,16,388,35,223,9,2259,11
2514,16,388,35,223,9,2261,11
2514,16,388,35,223,9,2289,11
2514,16,388,35,223,9,2359,11
2514,16,388,35,223,9,2370,11
2514,16,388,35,223,9,2405,11
2514,16,388,35,420,9,45,11
2514,16,388,35,420,9,159,11
2514,16,388,35,420,9,272,11
2514,16,388,35,420,9,338,11
2514,16,388,35,420,9,390,11
2514,16,388,35,420,9,457,11
2514,16,388,35,420,9,463,11
2514,16,388,35,420,9,620,11
2514,16,388,35,420,9,700,11
2514,16,388,35,420,9,742,11
2514,16,388,35,420,9,758,11
2514,16,388,35,420,9,879,11
2514,16,388,35,420,9,927,11
2514,16,388,35,420,9,979,11
2514,16,388,35,420,9,1003,11
2514,16,388,35,420,9,1044,11
2514,16,388,35,420,9,1068,11
2514,16,388,35,420,9,1153,11
2514,16,388,35,420,9,1186,11
2514,16,388,35,420,9,1194,11
2514,16,388,35,420,9,1259,11
2514,16,388,35,420,9,1260,11
2514,16,388,35,420,9,1312,11
2514,16,388,35,420,9,1388,11
2514,16,388,35,420,9,1391,11
2514,16,388,35,420,9,1422,11
2514,16,388,35,420,9,1556,11
2514,16,388,35,420,9,1568,11
2514,16,388,35,420,9,1599,11
2514,16,388,35,420,9,1747,11
2514,16,388,35,420,9,1773,11
2514,16,388,35,420,9,1799,11
2514,16,388,35,420,9,1818,11
2514,16,388,35,420,9,1873,11
2514,16,388,35,420,9,1940,11
2514,16,388,35,420,9,1956,11
2514,16,388,35,420,9,1997,11
2514,16,388,35,420,9,2068,11
2514,16,388,35,420,9,2079,11
2514,16,388,35,420,9,2123,11
2514,16,388,35,420,9,2196,11
2514,16,388,35,420,9,2206,11
2514,16,388,35,420,9,2216,11
2514,16,388,35,420,9,2244,11
2514,16,388,35,420,9,2259,11
2514,16,388,35,420,9,2261,11
2514,16,388,35,420,9,2289,11
2514,16,388,35,420,9,2359,11
2514,16,388,35,420,9,2370,11
2514,16,388,35,420,9,2405,11
2514,16,388,35,558,12,45,11
2514,16,388,35,558,12,159,11
2514,16,388,35,558,12,272,11
2514,16,388,35,558,12,338,11
2514,16,388,35,558,12,390,11
2514,16,388,35,558,12,457,11
2514,16,388,35,558,12,463,11
2514,16,388,35,558,12,620,11
2514,16,388,35,558,12,700,11
2514,16,388,35,558,12,742,11
2514,16,388,35,558,12,758,11
2514,16,388,35,558,12,879,11
2514,16,388,35,558,12,927,11
2514,16,388,35,558,12,979,11
2514,16,388,35,558,12,1003,11
2514,16,388,35,558,12,1044,11
2514,16,388,35,558,12,1068,11
2514,16,388,35,558,12,1153,11
2514,16,388,35,558,12,1186,11
2514,16,388,35,558,12,1194,11
2514,16,388,35,558,12,1259,11
2514,16,388,35,558,12,1260,11
2514,16,388,35,558,12,1312,11
2514,16,388,35,558,12,1388,11
2514,16,388,35,558,12,1391,11
2514,16,388,35,558,12,1422,11
2514,16,388,35,558,12,1556,11
2514,16,388,35,558,12,1568,11
2514,16,388,35,558,12,1599,11
2514,16,388,35,558,12,1747,11
2514,16,388,35,558,12,1773,11
2514,16,388,35,558,12,1799,11
2514,16,388,35,558,12,1818,11
2514,16,388,35,558,12,1873,11
2514,16,388,35,558,12,1940,11
2514,16,388,35,558,12,1956,11
2514,16,388,35,558,12,1997,11
2514,16,388,35,558,12,2068,11
2514,16,388,35,558,12,2079,11
2514,16,388,35,558,12,2123,11
2514,16,388,35,558,12,2196,11
2514,16,388,35,558,12,2206,11
2514,16,388,35,558,12,2216,11
2514,16,388,35,558,12,2244,11
2514,16,388,35,558,12,2259,11
2514,16,388,35,558,12,2261,11
2514,16,388,35,558,12,2289,11
2514,16,388,35,558,12,2359,11
2514,16,388,35,558,12,2370,11
2514,16,388,35,558,12,2405,11
2514,16,388,35,730,26,45,11
2514,16,388,35,730,26,159,11
2514,16,388,35,730,26,272,11
2514,16,388,35,730,26,338,11
2514,16,388,35,730,26,390,11
2514,16,388,35,730,26,457,11
2514,16,388,35,730,26,463,11
2514,16,388,35,730,26,620,11
2514,16,388,35,730,26,700,11
2514,16,388,35,730,26,742,11
2514,16,388,35,730,26,758,11
2514,16,388,35,730,26,879,11
2514,16,388,35,730,26,927,11
2514,16,388,35,730,26,979,11
2514,16,388,35,730,26,1003,11
2514,16,388,35,730,26,1044,11
2514,16,388,35,730,26,1068,11
2514,16,388,35,730,26,1153,11
2514,16,388,35,730,26,1186,11
2514,16,388,35,730,26,1194,11
2514,16,388,35,730,26,1259,11
2514,16,388,35,730,26,1260,11
2514,16,388,35,730,26,1312,11
2514,16,388,35,730,26,1388,11
2514,16,388,35,730,26,1391,11
2514,16,388,35,730,26,1422,11
2514,16,388,35,730,26,1556,11
2514,16,388,35,730,26,1568,11
2514,16,388,35,730,26,1599,11
2514,16,388,35,730,26,1747,11
2514,16,388,35,730,26,1773,11
2514,16,388,35,730,26,1799,11
2514,16,388,35,730,26,1818,11
2514,16,388,35,730,26,1873,11
2514,16,388,35,730,26,1940,11
2514,16,388,35,730,26,1956,11
2514,16,388,35,730,26,1997,11
2514,16,388,35,730,26,2068,11
2514,16,388,35,730,26,2079,11
2514,16,388,35,730,26,2123,11
2514,16,388,35,730,26,2196,11
2514,16,388,35,730,26,2206,11
2514,16,388,35,730,26,2216,11
2514,16,388,35,730,26,2244,11
2514,16,388,35,730,26,2259,11
2514,16,388,35,730,26,2261,11
2514,16,388,35,730,26,2289,11
2514,16,388,35,730,26,2359,11
2514,16,388,35,730,26,2370,11
2514,16,388,35,730,26,2405,11
2514,16,388,35,743,21,45,11
2514,16,388,35,743,21,159,11
2514,16,388,35,743,21,272,11
2514,16,388,35,743,21,338,11
2514,16,388,35,743,21,390,11
2514,16,388,35,743,21,457,11
2514,16,388,35,743,21,463,11
2514,16,388,35,743,21,620,11
2514,16,388,35,743,21,700,11
2514,16,388,35,743,21,742,11
2514,16,388,35,743,21,758,11
2514,16,388,35,743,21,879,11
2514,16,388,35,743,21,927,11
2514,16,388,35,743,21,979,11
2514,16,388,35,743,21,1003,11
2514,16,388,35,743,21,1044,11
2514,16,388,35,743,21,1068,11
2514,16,388,35,743,21,1153,11
2514,16,388,35,743,21,1186,11
2514,16,388,35,743,21,1194,11
2514,16,388,35,743,21,1259,11
2514,16,388,35,743,21,1260,11
2514,16,388,35,743,21,1312,11
2514,16,388,35,743,21,1388,11
2514,16,388,35,743,21,1391,11
2514,16,388,35,743,21,1422,11
2514,16,388,35,743,21,1556,11
2514,16,388,35,743,21,1568,11
2514,16,388,35,743,21,1599,11
2514,16,388,35,743,21,1747,11
2514,16,388,35,743,21,1773,11
2514,16,388,35,743,21,1799,11
2514,16,388,35,743,21,1818,11
2514,16,388,35,743,21,1873,11
2514,16,388,35,743,21,1940,11
2514,16,388,35,743,21,1956,11
2514,16,388,35,743,21,1997,11
2514,16,388,35,743,21,2068,11
2514,16,388,35,743,21,2079,11
2514,16,388,35,743,21,2123,11
2514,16,388,35,743,21,2196,11
2514,16,388,35,743,21,2206,11
2514,16,388,35,743,21,2216,11
2514,16,388,35,743,21,2244,11
2514,16,388,35,743,21,2259,11
2514,16,388,35,743,21,2261,11
2514,16,388,35,743,21,2289,11
2514,16,388,35,743,21,2359,11
2514,16,388,35,743,21,2370,11
2514,16,388,35,743,21,2405,11
2514,16,388,35,766,47,45,11
2514,16,388,35,766,47,159,11
2514,16,388,35,766,47,272,11
2514,16,388,35,766,47,338,11
2514,16,388,35,766,47,390,11
2514,16,388,35,766,47,457,11
2514,16,388,35,766,47,463,11
2514,16,388,35,766,47,620,11
2514,16,388,35,766,47,700,11
2514,16,388,35,766,47,742,11
2514,16,388,35,766,47,758,11
2514,16,388,35,766,47,879,11
2514,16,388,35,766,47,927,11
2514,16,388,35,766,47,979,11
2514,16,388,35,766,47,1003,11
2514,16,388,35,766,47,1044,11
2514,16,388,35,766,47,1068,11
2514,16,388,35,766,47,1153,11
2514,16,388,35,766,47,1186,11
2514,16,388,35,766,47,1194,11
2514,16,388,35,766,47,1259,11
2514,16,388,35,766,47,1260,11
2514,16,388,35,766,47,1312,11
2514,16,388,35,766,47,1388,11
2514,16,388,35,766,47,1391,11
2514,16,388,35,766,47,1422,11
2514,16,388,35,766,47,1556,11
2514,16,388,35,766,47,1568,11
2514,16,388,35,766,47,1599,11
2514,16,388,35,766,47,1747,11
2514,16,388,35,766,47,1773,11
2514,16,388,35,766,47,1799,11
2514,16,388,35,766,47,1818,11
2514,16,388,35,766,47,1873,11
2514,16,388,35,766,47,1940,11
2514,16,388,35,766,47,1956,11
2514,16,388,35,766,47,1997,11
2514,16,388,35,766,47,2068,11
2514,16,388,35,766,47,2079,11
2514,16,388,35,766,47,2123,11
2514,16,388,35,766,47,2196,11
2514,16,388,35,766,47,2206,11
2514,16,388,35,766,47,2216,11
2514,16,388,35,766,47,2244,11
2514,16,388,35,766,47,2259,11
2514,16,388,35,766,47,2261,11
2514,16,388,35,766,47,2289,11
2514,16,388,35,766,47,2359,11
2514,16,388,35,766,47,2370,11
2514,16,388,35,766,47,2405,11
2514,16,388,35,794,33,45,11
2514,16,388,35,794,33,159,11
2514,16,388,35,794,33,272,11
2514,16,388,35,794,33,338,11
2514,16,388,35,794,33,390,11
2514,16,388,35,794,33,457,11
2514,16,388,35,794,33,463,11
2514,16,388,35,794,33,620,11
2514,16,388,35,794,33,700,11
2514,16,388,35,794,33,742,11
2514,16,388,35,794,33,758,11
2514,16,388,35,794,33,879,11
2514,16,388,35,794,33,927,11
2514,16,388,35,794,33,979,11
2514,16,388,35,794,33,1003,11
2514,16,388,35,794,33,1044,11
2514,16,388,35,794,33,1068,11
2514,16,388,35,794,33,1153,11
2514,16,388,35,794,33,1186,11
2514,16,388,35,794,33,1194,11
2514,16,388,35,794,33,1259,11
2514,16,388,35,794,33,1260,11
2514,16,388,35,794,33,1312,11
2514,16,388,35,794,33,1388,11
2514,16,388,35,794,33,1391,11
2514,16,388,35,794,33,1422,11
2514,16,388,35,794,33,1556,11
2514,16,388,35,794,33,1568,11
2514,16,388,35,794,33,1599,11
2514,16,388,35,794,33,1747,11
2514,16,388,35,794,33,1773,11
2514,16,388,35,794,33,1799,11
2514,16,388,35,794,33,1818,11
2514,16,388,35,794,33,1873,11
2514,16,388,35,794,33,1940,11
2514,16,388,35,794,33,1956,11
2514,16,388,35,794,33,1997,11
2514,16,388,35,794,33,2068,11
2514,16,388,35,794,33,2079,11
2514,16,388,35,794,33,2123,11
2514,16,388,35,794,33,2196,11
2514,16,388,35,794,33,2206,11
2514,16,388,35,794,33,2216,11
2514,16,388,35,794,33,2244,11
2514,16,388,35,794,33,2259,11
2514,16,388,35,794,33,2261,11
2514,16,388,35,794,33,2289,11
2514,16,388,35,794,33,2359,11
2514,16,388,35,794,33,2370,11
2514,16,388,35,794,33,2405,11
2514,16,388,35,896,49,45,11
2514,16,388,35,896,49,159,11
2514,16,388,35,896,49,272,11
2514,16,388,35,896,49,338,11
2514,16,388,35,896,49,390,11
2514,16,388,35,896,49,457,11
2514,16,388,35,896,49,463,11
2514,16,388,35,896,49,620,11
2514,16,388,35,896,49,700,11
2514,16,388,35,896,49,742,11
2514,16,388,35,896,49,758,11
2514,16,388,35,896,49,879,11
2514,16,388,35,896,49,927,11
2514,16,388,35,896,49,979,11
2514,16,388,35,896,49,1003,11
2514,16,388,35,896,49,1044,11
2514,16,388,35,896,49,1068,11
2514,16,388,35,896,49,1153,11
2514,16,388,35,896,49,1186,11
2514,16,388,35,896,49,1194,11
2514,16,388,35,896,49,1259,11
2514,16,388,35,896,49,1260,11
2514,16,388,35,896,49,1312,11
2514,16,388,35,896,49,1388,11
2514,16,388,35,896,49,1391,11
2514,16,388,35,896,49,1422,11
2514,16,388,35,896,49,1556,11
2514,16,388,35,896,49,1568,11
2514,16,388,35,896,49,1599,11
2514,16,388,35,896,49,1747,11
2514,16,388,35,896,49,1773,11
2514,16,388,35,896,49,1799,11
2514,16,388,35,896,49,1818,11
2514,16,388,35,896,49,1873,11
2514,16,388,35,896,49,1940,11
2514,16,388,35,896,49,1956,11
2514,16,388,35,896,49,1997,11
2514,16,388,35,896,49,2068,11
2514,16,388,35,896,49,2079,11
2514,16,388,35,896,49,2123,11
2514,16,388,35,896,49,2196,11
2514,16,388,35,896,49,2206,11
2514,16,388,35,896,49,2216,11
2514,16,388,35,896,49,2244,11
2514,16,388,35,896,49,2259,11
2514,16,388,35,896,49,2261,11
2514,16,388,35,896,49,2289,11
2514,16,388,35,896,49,2359,11
2514,16,388,35,896,49,2370,11
2514,16,388,35,896,49,2405,11
2514,16,388,35,1415,45,45,11
2514,16,388,35,1415,45,159,11
2514,16,388,35,1415,45,272,11
2514,16,388,35,1415,45,338,11
2514,16,388,35,1415,45,390,11
2514,16,388,35,1415,45,457,11
2514,16,388,35,1415,45,463,11
2514,16,388,35,1415,45,620,11
2514,16,388,35,1415,45,700,11
2514,16,388,35,1415,45,742,11
2514,16,388,35,1415,45,758,11
2514,16,388,35,1415,45,879,11
2514,16,388,35,1415,45,927,11
2514,16,388,35,1415,45,979,11
2514,16,388,35,1415,45,1003,11
2514,16,388,35,1415,45,1044,11
2514,16,388,35,1415,45,1068,11
2514,16,388,35,1415,45,1153,11
2514,16,388,35,1415,45,1186,11
2514,16,388,35,1415,45,1194,11
2514,16,388,35,1415,45,1259,11
2514,16,388,35,1415,45,1260,11
2514,16,388,35,1415,45,1312,11
2514,16,388,35,1415,45,1388,11
2514,16,388,35,1415,45,1391,11
2514,16,388,35,1415,45,1422,11
2514,16,388,35,1415,45,1556,11
2514,16,388,35,1415,45,1568,11
2514,16,388,35,1415,45,1599,11
2514,16,388,35,1415,45,1747,11
2514,16,388,35,1415,45,1773,11
2514,16,388,35,1415,45,1799,11
2514,16,388,35,1415,45,1818,11
2514,16,388,35,1415,45,1873,11
2514,16,388,35,1415,45,1940,11
2514,16,388,35,1415,45,1956,11
2514,16,388,35,1415,45,1997,11
2514,16,388,35,1415,45,2068,11
2514,16,388,35,1415,45,2079,11
2514,16,388,35,1415,45,2123,11
2514,16,388,35,1415,45,2196,11
2514,16,388,35,1415,45,2206,11
2514,16,388,35,1415,45,2216,11
2514,16,388,35,1415,45,2244,11
2514,16,388,35,1415,45,2259,11
2514,16,388,35,1415,45,2261,11
2514,16,388,35,1415,45,2289,11
2514,16,388,35,1415,45,2359,11
2514,16,388,35,1415,45,2370,11
2514,16,388,35,1415,45,2405,11
2514,16,388,35,1433,34,45,11
2514,16,388,35,1433,34,390,11
2514,16,388,35,1433,34,620,11
2514,16,388,35,1433,34,979,11
2514,16,388,35,1433,34,1799,11
2514,16,388,35,1433,34,1956,11
2514,16,388,35,1433,34,2206,11
2514,16,388,35,1433,34,2244,11
2514,16,388,35,1433,34,2261,11
2514,16,388,35,1433,34,2359,11
2514,16,388,35,1546,17,159,11
2514,16,388,35,1546,17,272,11
2514,16,388,35,1546,17,457,11
2514,16,388,35,1546,17,463,11
2514,16,388,35,1546,17,700,11
2514,16,388,35,1546,17,879,11
2514,16,388,35,1546,17,927,11
2514,16,388,35,1546,17,1003,11
2514,16,388,35,1546,17,1068,11
2514,16,388,35,1546,17,1153,11
2514,16,388,35,1546,17,1194,11
2514,16,388,35,1546,17,1260,11
2514,16,388,35,1546,17,1388,11
2514,16,388,35,1546,17,1391,11
2514,16,388,35,1546,17,1422,11
2514,16,388,35,1546,17,1556,11
2514,16,388,35,1546,17,1568,11
2514,16,388,35,1546,17,1599,11
2514,16,388,35,1546,17,1747,11
2514,16,388,35,1546,17,1818,11
2514,16,388,35,1546,17,1873,11
2514,16,388,35,1546,17,1940,11
2514,16,388,35,1546,17,2068,11
2514,16,388,35,1546,17,2079,11
2514,16,388,35,1546,17,2123,11
2514,16,388,35,1546,17,2196,11
2514,16,388,35,1546,17,2216,11
2514,16,388,35,1546,17,2259,11
2514,16,388,35,1546,17,2370,11
2514,16,388,35,1546,17,2405,11
2514,16,388,35,1626,20,45,11
2514,16,388,35,1626,20,159,11
2514,16,388,35,1626,20,272,11
2514,16,388,35,1626,20,338,11
2514,16,388,35,1626,20,390,11
2514,16,388,35,1626,20,457,11
2514,16,388,35,1626,20,463,11
2514,16,388,35,1626,20,620,11
2514,16,388,35,1626,20,700,11
2514,16,388,35,1626,20,742,11
2514,16,388,35,1626,20,758,11
2514,16,388,35,1626,20,879,11
2514,16,388,35,1626,20,927,11
2514,16,388,35,1626,20,979,11
2514,16,388,35,1626,20,1003,11
2514,16,388,35,1626,20,1044,11
2514,16,388,35,1626,20,1068,11
2514,16,388,35,1626,20,1153,11
2514,16,388,35,1626,20,1186,11
2514,16,388,35,1626,20,1194,11
2514,16,388,35,1626,20,1259,11
2514,16,388,35,1626,20,1260,11
2514,16,388,35,1626,20,1312,11
2514,16,388,35,1626,20,1388,11
2514,16,388,35,1626,20,1391,11
2514,16,388,35,1626,20,1422,11
2514,16,388,35,1626,20,1556,11
2514,16,388,35,1626,20,1568,11
2514,16,388,35,1626,20,1599,11
2514,16,388,35,1626,20,1747,11
2514,16,388,35,1626,20,1773,11
2514,16,388,35,1626,20,1799,11
2514,16,388,35,1626,20,1818,11
2514,16,388,35,1626,20,1873,11
2514,16,388,35,1626,20,1940,11
2514,16,388,35,1626,20,1956,11
2514,16,388,35,1626,20,1997,11
2514,16,388,35,1626,20,2068,11
2514,16,388,35,1626,20,2079,11
2514,16,388,35,1626,20,2123,11
2514,16,388,35,1626,20,2196,11
2514,16,388,35,1626,20,2206,11
2514,16,388,35,1626,20,2216,11
2514,16,388,35,1626,20,2244,11
2514,16,388,35,1626,20,2259,11
2514,16,388,35,1626,20,2261,11
2514,16,388,35,1626,20,2289,11
2514,16,388,35,1626,20,2359,11
2514,16,388,35,1626,20,2370,11
2514,16,388,35,1626,20,2405,11
2514,16,388,35,1814,44,45,11
2514,16,388,35,1814,44,159,11
2514,16,388,35,1814,44,272,11
2514,16,388,35,1814,44,338,11
2514,16,388,35,1814,44,390,11
2514,16,388,35,1814,44,457,11
2514,16,388,35,1814,44,463,11
2514,16,388,35,1814,44,620,11
2514,16,388,35,1814,44,700,11
2514,16,388,35,1814,44,742,11
2514,16,388,35,1814,44,758,11
2514,16,388,35,1814,44,879,11
2514,16,388,35,1814,44,927,11
2514,16,388,35,1814,44,979,11
2514,16,388,35,1814,44,1003,11
2514,16,388,35,1814,44,1044,11
2514,16,388,35,1814,44,1068,11
2514,16,388,35,1814,44,1153,11
2514,16,388,35,1814,44,1186,11
2514,16,388,35,1814,44,1194,11
2514,16,388,35,1814,44,1259,11
2514,16,388,35,1814,44,1260,11
2514,16,388,35,1814,44,1312,11
2514,16,388,35,1814,44,1388,11
2514,16,388,35,1814,44,1391,11
2514,16,388,35,1814,44,1422,11
2514,16,388,35,1814,44,1556,11
2514,16,388,35,1814,44,1568,11
2514,16,388,35,1814,44,1599,11
2514,16,388,35,1814,44,1747,11
2514,16,388,35,1814,44,1773,11
2514,16,388,35,1814,44,1799,11
2514,16,388,35,1814,44,1818,11
2514,16,388,35,1814,44,1873,11
2514,16,388,35,1814,44,1940,11
2514,16,388,35,1814,44,1956,11
2514,16,388,35,1814,44,1997,11
2514,16,388,35,1814,44,2068,11
2514,16,388,35,1814,44,2079,11
2514,16,388,35,1814,44,2123,11
2514,16,388,35,1814,44,2196,11
2514,16,388,35,1814,44,2206,11
2514,16,388,35,1814,44,2216,11
2514,16,388,35,1814,44,2244,11
2514,16,388,35,1814,44,2259,11
2514,16,388,35,1814,44,2261,11
2514,16,388,35,1814,44,2289,11
2514,16,388,35,1814,44,2359,11
2514,16,388,35,1814,44,2370,11
2514,16,388,35,1814,44,2405,11
