2514,16,1758,39,144,50,45,11
2514,16,1758,39,144,50,159,11
2514,16,1758,39,144,50,272,11
2514,16,1758,39,144,50,338,11
2514,16,1758,39,144,50,390,11
2514,16,1758,39,144,50,457,11
2514,16,1758,39,144,50,463,11
2514,16,1758,39,144,50,620,11
2514,16,1758,39,144,50,700,11
2514,16,1758,39,144,50,742,11
2514,16,1758,39,144,50,758,11
2514,16,1758,39,144,50,879,11
2514,16,1758,39,144,50,927,11
2514,16,1758,39,144,50,979,11
2514,16,1758,39,144,50,1003,11
2514,16,1758,39,144,50,1044,11
2514,16,1758,39,144,50,1068,11
2514,16,1758,39,144,50,1153,11
2514,16,1758,39,144,50,1186,11
2514,16,1758,39,144,50,1194,11
2514,16,1758,39,144,50,1259,11
2514,16,1758,39,144,50,1260,11
2514,16,1758,39,144,50,1312,11
2514,16,1758,39,144,50,1388,11
2514,16,1758,39,144,50,1391,11
2514,16,1758,39,144,50,1422,11
2514,16,1758,39,144,50,1556,11
2514,16,1758,39,144,50,1568,11
2514,16,1758,39,144,50,1599,11
2514,16,1758,39,144,50,1747,11
2514,16,1758,39,144,50,1773,11
2514,16,1758,39,144,50,1799,11
2514,16,1758,39,144,50,1818,11
2514,16,1758,39,144,50,1873,11
2514,16,1758,39,144,50,1940,11
2514,16,1758,39,144,50,1956,11
2514,16,1758,39,144,50,1997,11
2514,16,1758,39,144,50,2068,11
2514,16,1758,39,144,50,2079,11
2514,16,1758,39,144,50,2123,11
2514,16,1758,39,144,50,2196,11
2514,16,1758,39,144,50,2206,11
2514,16,1758,39,144,50,2216,11
2514,16,1758,39,144,50,2244,11
2514,16,1758,39,144,50,2259,11
2514,16,1758,39,144,50,2261,11
2514,16,1758,39,144,50,2289,11
2514,16,1758,39,144,50,2359,11
2514,16,1758,39,144,50,2370,11
2514,16,1758,39,144,50,2405,11
2514,16,1758,39,581,44,45,11
2514,16,1758,39,581,44,159,11
2514,16,1758,39,581,44,272,11
2514,16,1758,39,581,44,338,11
2514,16,1758,39,581,44,390,11
2514,16,1758,39,581,44,457,11
2514,16,1758,39,581,44,463,11
2514,16,1758,39,581,44,620,11
2514,16,1758,39,581,44,700,11
2514,16,1758,39,581,44,742,11
2514,16,1758,39,581,44,758,11
2514,16,1758,39,581,44,879,11
2514,16,1758,39,581,44,927,11
2514,16,1758,39,581,44,979,11
2514,16,1758,39,581,44,1003,11
2514,16,1758,39,581,44,1044,11
2514,16,1758,39,581,44,1068,11
2514,16,1758,39,581,44,1153,11
2514,16,1758,39,581,44,1186,11
2514,16,1758,39,581,44,1194,11
2514,16,1758,39,581,44,1259,11
2514,16,1758,39,581,44,1260,11
2514,16,1758,39,581,44,1312,11
2514,16,1758,39,581,44,1388,11
2514,16,1758,39,581,44,1391,11
2514,16,1758,39,581,44,1422,11
2514,16,1758,39,581,44,1556,11
2514,16,1758,39,581,44,1568,11
2514,16,1758,39,581,44,1599,11
2514,16,1758,39,581,44,1747,11
2514,16,1758,39,581,44,1773,11
2514,16,1758,39,581,44,1799,11
2514,16,1758,39,581,44,1818,11
2514,16,1758,39,581,44,1873,11
2514,16,1758,39,581,44,1940,11
2514,16,1758,39,581,44,1956,11
2514,16,1758,39,581,44,1997,11
2514,16,1758,39,581,44,2068,11
2514,16,1758,39,581,44,2079,11
2514,16,1758,39,581,44,2123,11
2514,16,1758,39,581,44,2196,11
2514,16,1758,39,581,44,2206,11
2514,16,1758,39,581,44,2216,11
2514,16,1758,39,581,44,2244,11
2514,16,1758,39,581,44,2259,11
2514,16,1758,39,581,44,2261,11
2514,16,1758,39,581,44,2289,11
2514,16,1758,39,581,44,2359,11
2514,16,1758,39,581,44,2370,11
2514,16,1758,39,581,44,2405,11
2514,16,1758,39,585,10,45,11
2514,16,1758,39,585,10,159,11
2514,16,1758,39,585,10,272,11
2514,16,1758,39,585,10,338,11
2514,16,1758,39,585,10,390,11
2514,16,1758,39,585,10,457,11
2514,16,1758,39,585,10,463,11
2514,16,1758,39,585,10,620,11
2514,16,1758,39,585,10,700,11
2514,16,1758,39,585,10,742,11
2514,16,1758,39,585,10,758,11
2514,16,1758,39,585,10,879,11
2514,16,1758,39,585,10,927,11
2514,16,1758,39,585,10,979,11
2514,16,1758,39,585,10,1003,11
2514,16,1758,39,585,10,1044,11
2514,16,1758,39,585,10,1068,11
2514,16,1758,39,585,10,1153,11
2514,16,1758,39,585,10,1186,11
2514,16,1758,39,585,10,1194,11
2514,16,1758,39,585,10,1259,11
2514,16,1758,39,585,10,1260,11
2514,16,1758,39,585,10,1312,11
2514,16,1758,39,585,10,1388,11
2514,16,1758,39,585,10,1391,11
2514,16,1758,39,585,10,1422,11
2514,16,1758,39,585,10,1556,11
2514,16,1758,39,585,10,1568,11
2514,16,1758,39,585,10,1599,11
2514,16,1758,39,585,10,1747,11
2514,16,1758,39,585,10,1773,11
2514,16,1758,39,585,10,1799,11
2514,16,1758,39,585,10,1818,11
2514,16,1758,39,585,10,1873,11
2514,16,1758,39,585,10,1940,11
2514,16,1758,39,585,10,1956,11
2514,16,1758,39,585,10,1997,11
2514,16,1758,39,585,10,2068,11
2514,16,1758,39,585,10,2079,11
2514,16,1758,39,585,10,2123,11
2514,16,1758,39,585,10,2196,11
2514,16,1758,39,585,10,2206,11
2514,16,1758,39,585,10,2216,11
2514,16,1758,39,585,10,2244,11
2514,16,1758,39,585,10,2259,11
2514,16,1758,39,585,10,2261,11
2514,16,1758,39,585,10,2289,11
2514,16,1758,39,585,10,2359,11
2514,16,1758,39,585,10,2370,11
2514,16,1758,39,585,10,2405,11
2514,16,1758,39,717,45,45,11
2514,16,1758,39,717,45,159,11
2514,16,1758,39,717,45,272,11
2514,16,1758,39,717,45,338,11
2514,16,1758,39,717,45,390,11
2514,16,1758,39,717,45,457,11
2514,16,1758,39,717,45,463,11
2514,16,1758,39,717,45,620,11
2514,16,1758,39,717,45,700,11
2514,16,1758,39,717,45,742,11
2514,16,1758,39,717,45,758,11
2514,16,1758,39,717,45,879,11
2514,16,1758,39,717,45,927,11
2514,16,1758,39,717,45,979,11
2514,16,1758,39,717,45,1003,11
2514,16,1758,39,717,45,1044,11
2514,16,1758,39,717,45,1068,11
2514,16,1758,39,717,45,1153,11
2514,16,1758,39,717,45,1186,11
2514,16,1758,39,717,45,1194,11
2514,16,1758,39,717,45,1259,11
2514,16,1758,39,717,45,1260,11
2514,16,1758,39,717,45,1312,11
2514,16,1758,39,717,45,1388,11
2514,16,1758,39,717,45,1391,11
2514,16,1758,39,717,45,1422,11
2514,16,1758,39,717,45,1556,11
2514,16,1758,39,717,45,1568,11
2514,16,1758,39,717,45,1599,11
2514,16,1758,39,717,45,1747,11
2514,16,1758,39,717,45,1773,11
2514,16,1758,39,717,45,1799,11
2514,16,1758,39,717,45,1818,11
2514,16,1758,39,717,45,1873,11
2514,16,1758,39,717,45,1940,11
2514,16,1758,39,717,45,1956,11
2514,16,1758,39,717,45,1997,11
2514,16,1758,39,717,45,2068,11
2514,16,1758,39,717,45,2079,11
2514,16,1758,39,717,45,2123,11
2514,16,1758,39,717,45,2196,11
2514,16,1758,39,717,45,2206,11
2514,16,1758,39,717,45,2216,11
2514,16,1758,39,717,45,2244,11
2514,16,1758,39,717,45,2259,11
2514,16,1758,39,717,45,2261,11
2514,16,1758,39,717,45,2289,11
2514,16,1758,39,717,45,2359,11
2514,16,1758,39,717,45,2370,11
2514,16,1758,39,717,45,2405,11
2514,16,1758,39,973,20,45,11
2514,16,1758,39,973,20,159,11
2514,16,1758,39,973,20,272,11
2514,16,1758,39,973,20,338,11
2514,16,1758,39,973,20,390,11
2514,16,1758,39,973,20,457,11
2514,16,1758,39,973,20,463,11
2514,16,1758,39,973,20,620,11
2514,16,1758,39,973,20,700,11
2514,16,1758,39,973,20,742,11
2514,16,1758,39,973,20,758,11
2514,16,1758,39,973,20,879,11
2514,16,1758,39,973,20,927,11
2514,16,1758,39,973,20,979,11
2514,16,1758,39,973,20,1003,11
2514,16,1758,39,973,20,1044,11
2514,16,1758,39,973,20,1068,11
2514,16,1758,39,973,20,1153,11
2514,16,1758,39,973,20,1186,11
2514,16,1758,39,973,20,1194,11
2514,16,1758,39,973,20,1259,11
2514,16,1758,39,973,20,1260,11
2514,16,1758,39,973,20,1312,11
2514,16,1758,39,973,20,1388,11
2514,16,1758,39,973,20,1391,11
2514,16,1758,39,973,20,1422,11
2514,16,1758,39,973,20,1556,11
2514,16,1758,39,973,20,1568,11
2514,16,1758,39,973,20,1599,11
2514,16,1758,39,973,20,1747,11
2514,16,1758,39,973,20,1773,11
2514,16,1758,39,973,20,1799,11
2514,16,1758,39,973,20,1818,11
2514,16,1758,39,973,20,1873,11
2514,16,1758,39,973,20,1940,11
2514,16,1758,39,973,20,1956,11
2514,16,1758,39,973,20,1997,11
2514,16,1758,39,973,20,2068,11
2514,16,1758,39,973,20,2079,11
2514,16,1758,39,973,20,2123,11
2514,16,1758,39,973,20,2196,11
2514,16,1758,39,973,20,2206,11
2514,16,1758,39,973,20,2216,11
2514,16,1758,39,973,20,2244,11
2514,16,1758,39,973,20,2259,11
2514,16,1758,39,973,20,2261,11
2514,16,1758,39,973,20,2289,11
2514,16,1758,39,973,20,2359,11
2514,16,1758,39,973,20,2370,11
2514,16,1758,39,973,20,2405,11
2514,16,1758,39,1119,48,45,11
2514,16,1758,39,1119,48,159,11
2514,16,1758,39,1119,48,272,11
2514,16,1758,39,1119,48,338,11
2514,16,1758,39,1119,48,390,11
2514,16,1758,39,1119,48,457,11
2514,16,1758,39,1119,48,463,11
2514,16,1758,39,1119,48,620,11
2514,16,1758,39,1119,48,700,11
2514,16,1758,39,1119,48,742,11
2514,16,1758,39,1119,48,758,11
2514,16,1758,39,1119,48,879,11
2514,16,1758,39,1119,48,927,11
2514,16,1758,39,1119,48,979,11
2514,16,1758,39,1119,48,1003,11
2514,16,1758,39,1119,48,1044,11
2514,16,1758,39,1119,48,1068,11
2514,16,1758,39,1119,48,1153,11
2514,16,1758,39,1119,48,1186,11
2514,16,1758,39,1119,48,1194,11
2514,16,1758,39,1119,48,1259,11
2514,16,1758,39,1119,48,1260,11
2514,16,1758,39,1119,48,1312,11
2514,16,1758,39,1119,48,1388,11
2514,16,1758,39,1119,48,1391,11
2514,16,1758,39,1119,48,1422,11
2514,16,1758,39,1119,48,1556,11
2514,16,1758,39,1119,48,1568,11
2514,16,1758,39,1119,48,1599,11
2514,16,1758,39,1119,48,1747,11
2514,16,1758,39,1119,48,1773,11
2514,16,1758,39,1119,48,1799,11
2514,16,1758,39,1119,48,1818,11
2514,16,1758,39,1119,48,1873,11
2514,16,1758,39,1119,48,1940,11
2514,16,1758,39,1119,48,1956,11
2514,16,1758,39,1119,48,1997,11
2514,16,1758,39,1119,48,2068,11
2514,16,1758,39,1119,48,2079,11
2514,16,1758,39,1119,48,2123,11
2514,16,1758,39,1119,48,2196,11
2514,16,1758,39,1119,48,2206,11
2514,16,1758,39,1119,48,2216,11
2514,16,1758,39,1119,48,2244,11
2514,16,1758,39,1119,48,2259,11
2514,16,1758,39,1119,48,2261,11
2514,16,1758,39,1119,48,2289,11
2514,16,1758,39,1119,48,2359,11
2514,16,1758,39,1119,48,2370,11
2514,16,1758,39,1119,48,2405,11
2514,16,1758,39,1178,31,45,11
2514,16,1758,39,1178,31,159,11
2514,16,1758,39,1178,31,272,11
2514,16,1758,39,1178,31,338,11
2514,16,1758,39,1178,31,390,11
2514,16,1758,39,1178,31,457,11
2514,16,1758,39,1178,31,463,11
2514,16,1758,39,1178,31,620,11
2514,16,1758,39,1178,31,700,11
2514,16,1758,39,1178,31,742,11
2514,16,1758,39,1178,31,758,11
2514,16,1758,39,1178,31,879,11
2514,16,1758,39,1178,31,927,11
2514,16,1758,39,1178,31,979,11
2514,16,1758,39,1178,31,1003,11
2514,16,1758,39,1178,31,1044,11
2514,16,1758,39,1178,31,1068,11
2514,16,1758,39,1178,31,1153,11
2514,16,1758,39,1178,31,1186,11
2514,16,1758,39,1178,31,1194,11
2514,16,1758,39,1178,31,1259,11
2514,16,1758,39,1178,31,1260,11
2514,16,1758,39,1178,31,1312,11
2514,16,1758,39,1178,31,1388,11
2514,16,1758,39,1178,31,1391,11
2514,16,1758,39,1178,31,1422,11
2514,16,1758,39,1178,31,1556,11
2514,16,1758,39,1178,31,1568,11
2514,16,1758,39,1178,31,1599,11
2514,16,1758,39,1178,31,1747,11
2514,16,1758,39,1178,31,1773,11
2514,16,1758,39,1178,31,1799,11
2514,16,1758,39,1178,31,1818,11
2514,16,1758,39,1178,31,1873,11
2514,16,1758,39,1178,31,1940,11
2514,16,1758,39,1178,31,1956,11
2514,16,1758,39,1178,31,1997,11
2514,16,1758,39,1178,31,2068,11
2514,16,1758,39,1178,31,2079,11
2514,16,1758,39,1178,31,2123,11
2514,16,1758,39,1178,31,2196,11
2514,16,1758,39,1178,31,2206,11
2514,16,1758,39,1178,31,2216,11
2514,16,1758,39,1178,31,2244,11
2514,16,1758,39,1178,31,2259,11
2514,16,1758,39,1178,31,2261,11
2514,16,1758,39,1178,31,2289,11
2514,16,1758,39,1178,31,2359,11
2514,16,1758,39,1178,31,2370,11
2514,16,1758,39,1178,31,2405,11
2514,16,1758,39,1214,35,45,11
2514,16,1758,39,1214,35,159,11
2514,16,1758,39,1214,35,272,11
2514,16,1758,39,1214,35,338,11
2514,16,1758,39,1214,35,390,11
2514,16,1758,39,1214,35,457,11
2514,16,1758,39,1214,35,463,11
2514,16,1758,39,1214,35,620,11
2514,16,1758,39,1214,35,700,11
2514,16,1758,39,1214,35,742,11
2514,16,1758,39,1214,35,758,11
2514,16,1758,39,1214,35,879,11
2514,16,1758,39,1214,35,927,11
2514,16,1758,39,1214,35,979,11
2514,16,1758,39,1214,35,1003,11
2514,16,1758,39,1214,35,1044,11
2514,16,1758,39,1214,35,1068,11
2514,16,1758,39,1214,35,1153,11
2514,16,1758,39,1214,35,1186,11
2514,16,1758,39,1214,35,1194,11
2514,16,1758,39,1214,35,1259,11
2514,16,1758,39,1214,35,1260,11
2514,16,1758,39,1214,35,1312,11
2514,16,1758,39,1214,35,1388,11
2514,16,1758,39,1214,35,1391,11
2514,16,1758,39,1214,35,1422,11
2514,16,1758,39,1214,35,1556,11
2514,16,1758,39,1214,35,1568,11
2514,16,1758,39,1214,35,1599,11
2514,16,1758,39,1214,35,1747,11
2514,16,1758,39,1214,35,1773,11
2514,16,1758,39,1214,35,1799,11
2514,16,1758,39,1214,35,1818,11
2514,16,1758,39,1214,35,1873,11
2514,16,1758,39,1214,35,1940,11
2514,16,1758,39,1214,35,1956,11
2514,16,1758,39,1214,35,1997,11
2514,16,1758,39,1214,35,2068,11
2514,16,1758,39,1214,35,2079,11
2514,16,1758,39,1214,35,2123,11
2514,16,1758,39,1214,35,2196,11
2514,16,1758,39,1214,35,2206,11
2514,16,1758,39,1214,35,2216,11
2514,16,1758,39,1214,35,2244,11
2514,16,1758,39,1214,35,2259,11
2514,16,1758,39,1214,35,2261,11
2514,16,1758,39,1214,35,2289,11
2514,16,1758,39,1214,35,2359,11
2514,16,1758,39,1214,35,2370,11
2514,16,1758,39,1214,35,2405,11
2514,16,1758,39,1244,17,159,11
2514,16,1758,39,1244,17,457,11
2514,16,1758,39,1244,17,463,11
2514,16,1758,39,1244,17,700,11
2514,16,1758,39,1244,17,879,11
2514,16,1758,39,1244,17,927,11
2514,16,1758,39,1244,17,1003,11
2514,16,1758,39,1244,17,1153,11
2514,16,1758,39,1244,17,1194,11
2514,16,1758,39,1244,17,1388,11
2514,16,1758,39,1244,17,1556,11
2514,16,1758,39,1244,17,1568,11
2514,16,1758,39,1244,17,1599,11
2514,16,1758,39,1244,17,1818,11
2514,16,1758,39,1244,17,1873,11
2514,16,1758,39,1244,17,1940,11
2514,16,1758,39,1244,17,2123,11
2514,16,1758,39,1244,17,2196,11
2514,16,1758,39,1244,17,2216,11
2514,16,1758,39,1244,17,2370,11
2514,16,1758,39,1288,18,45,11
2514,16,1758,39,1288,18,338,11
2514,16,1758,39,1288,18,390,11
2514,16,1758,39,1288,18,620,11
2514,16,1758,39,1288,18,742,11
2514,16,1758,39,1288,18,758,11
2514,16,1758,39,1288,18,979,11
2514,16,1758,39,1288,18,1044,11
2514,16,1758,39,1288,18,1186,11
2514,16,1758,39,1288,18,1259,11
2514,16,1758,39,1288,18,1312,11
2514,16,1758,39,1288,18,1773,11
2514,16,1758,39,1288,18,1799,11
2514,16,1758,39,1288,18,1956,11
2514,16,1758,39,1288,18,1997,11
2514,16,1758,39,1288,18,2206,11
2514,16,1758,39,1288,18,2244,11
2514,16,1758,39,1288,18,2261,11
2514,16,1758,39,1288,18,2289,11
2514,16,1758,39,1288,18,2359,11
2514,16,1758,39,1316,36,45,11
2514,16,1758,39,1316,36,159,11
2514,16,1758,39,1316,36,272,11
2514,16,1758,39,1316,36,338,11
2514,16,1758,39,1316,36,390,11
2514,16,1758,39,1316,36,457,11
2514,16,1758,39,1316,36,463,11
2514,16,1758,39,1316,36,620,11
2514,16,1758,39,1316,36,700,11
2514,16,1758,39,1316,36,742,11
2514,16,1758,39,1316,36,758,11
2514,16,1758,39,1316,36,879,11
2514,16,1758,39,1316,36,927,11
2514,16,1758,39,1316,36,979,11
2514,16,1758,39,1316,36,1003,11
2514,16,1758,39,1316,36,1044,11
2514,16,1758,39,1316,36,1068,11
2514,16,1758,39,1316,36,1153,11
2514,16,1758,39,1316,36,1186,11
2514,16,1758,39,1316,36,1194,11
2514,16,1758,39,1316,36,1259,11
2514,16,1758,39,1316,36,1260,11
2514,16,1758,39,1316,36,1312,11
2514,16,1758,39,1316,36,1388,11
2514,16,1758,39,1316,36,1391,11
2514,16,1758,39,1316,36,1422,11
2514,16,1758,39,1316,36,1556,11
2514,16,1758,39,1316,36,1568,11
2514,16,1758,39,1316,36,1599,11
2514,16,1758,39,1316,36,1747,11
2514,16,1758,39,1316,36,1773,11
2514,16,1758,39,1316,36,1799,11
2514,16,1758,39,1316,36,1818,11
2514,16,1758,39,1316,36,1873,11
2514,16,1758,39,1316,36,1940,11
2514,16,1758,39,1316,36,1956,11
2514,16,1758,39,1316,36,1997,11
2514,16,1758,39,1316,36,2068,11
2514,16,1758,39,1316,36,2079,11
2514,16,1758,39,1316,36,2123,11
2514,16,1758,39,1316,36,2196,11
2514,16,1758,39,1316,36,2206,11
2514,16,1758,39,1316,36,2216,11
2514,16,1758,39,1316,36,2244,11
2514,16,1758,39,1316,36,2259,11
2514,16,1758,39,1316,36,2261,11
2514,16,1758,39,1316,36,2289,11
2514,16,1758,39,1316,36,2359,11
2514,16,1758,39,1316,36,2370,11
2514,16,1758,39,1316,36,2405,11
2514,16,1758,39,1561,36,45,11
2514,16,1758,39,1561,36,159,11
2514,16,1758,39,1561,36,272,11
2514,16,1758,39,1561,36,338,11
2514,16,1758,39,1561,36,390,11
2514,16,1758,39,1561,36,457,11
2514,16,1758,39,1561,36,463,11
2514,16,1758,39,1561,36,620,11
2514,16,1758,39,1561,36,700,11
2514,16,1758,39,1561,36,742,11
2514,16,1758,39,1561,36,758,11
2514,16,1758,39,1561,36,879,11
2514,16,1758,39,1561,36,927,11
2514,16,1758,39,1561,36,979,11
2514,16,1758,39,1561,36,1003,11
2514,16,1758,39,1561,36,1044,11
2514,16,1758,39,1561,36,1068,11
2514,16,1758,39,1561,36,1153,11
2514,16,1758,39,1561,36,1186,11
2514,16,1758,39,1561,36,1194,11
2514,16,1758,39,1561,36,1259,11
2514,16,1758,39,1561,36,1260,11
2514,16,1758,39,1561,36,1312,11
2514,16,1758,39,1561,36,1388,11
2514,16,1758,39,1561,36,1391,11
2514,16,1758,39,1561,36,1422,11
2514,16,1758,39,1561,36,1556,11
2514,16,1758,39,1561,36,1568,11
2514,16,1758,39,1561,36,1599,11
2514,16,1758,39,1561,36,1747,11
2514,16,1758,39,1561,36,1773,11
2514,16,1758,39,1561,36,1799,11
2514,16,1758,39,1561,36,1818,11
2514,16,1758,39,1561,36,1873,11
2514,16,1758,39,1561,36,1940,11
2514,16,1758,39,1561,36,1956,11
2514,16,1758,39,1561,36,1997,11
2514,16,1758,39,1561,36,2068,11
2514,16,1758,39,1561,36,2079,11
2514,16,1758,39,1561,36,2123,11
2514,16,1758,39,1561,36,2196,11
2514,16,1758,39,1561,36,2206,11
2514,16,1758,39,1561,36,2216,11
2514,16,1758,39,1561,36,2244,11
2514,16,1758,39,1561,36,2259,11
2514,16,1758,39,1561,36,2261,11
2514,16,1758,39,1561,36,2289,11
2514,16,1758,39,1561,36,2359,11
2514,16,1758,39,1561,36,2370,11
2514,16,1758,39,1561,36,2405,11
2514,16,1758,39,1655,44,45,11
2514,16,1758,39,1655,44,159,11
2514,16,1758,39,1655,44,272,11
2514,16,1758,39,1655,44,338,11
2514,16,1758,39,1655,44,390,11
2514,16,1758,39,1655,44,457,11
2514,16,1758,39,1655,44,463,11
2514,16,1758,39,1655,44,620,11
2514,16,1758,39,1655,44,700,11
2514,16,1758,39,1655,44,742,11
2514,16,1758,39,1655,44,758,11
2514,16,1758,39,1655,44,879,11
2514,16,1758,39,1655,44,927,11
2514,16,1758,39,1655,44,979,11
2514,16,1758,39,1655,44,1003,11
2514,16,1758,39,1655,44,1044,11
2514,16,1758,39,1655,44,1068,11
2514,16,1758,39,1655,44,1153,11
2514,16,1758,39,1655,44,1186,11
2514,16,1758,39,1655,44,1194,11
2514,16,1758,39,1655,44,1259,11
2514,16,1758,39,1655,44,1260,11
2514,16,1758,39,1655,44,1312,11
2514,16,1758,39,1655,44,1388,11
2514,16,1758,39,1655,44,1391,11
2514,16,1758,39,1655,44,1422,11
2514,16,1758,39,1655,44,1556,11
2514,16,1758,39,1655,44,1568,11
2514,16,1758,39,1655,44,1599,11
2514,16,1758,39,1655,44,1747,11
2514,16,1758,39,1655,44,1773,11
2514,16,1758,39,1655,44,1799,11
2514,16,1758,39,1655,44,1818,11
2514,16,1758,39,1655,44,1873,11
2514,16,1758,39,1655,44,1940,11
2514,16,1758,39,1655,44,1956,11
2514,16,1758,39,1655,44,1997,11
2514,16,1758,39,1655,44,2068,11
2514,16,1758,39,1655,44,2079,11
2514,16,1758,39,1655,44,2123,11
2514,16,1758,39,1655,44,2196,11
2514,16,1758,39,1655,44,2206,11
2514,16,1758,39,1655,44,2216,11
2514,16,1758,39,1655,44,2244,11
2514,16,1758,39,1655,44,2259,11
2514,16,1758,39,1655,44,2261,11
2514,16,1758,39,1655,44,2289,11
2514,16,1758,39,1655,44,2359,11
2514,16,1758,39,1655,44,2370,11
2514,16,1758,39,1655,44,2405,11
2514,16,1758,39,1909,46,45,11
2514,16,1758,39,1909,46,159,11
2514,16,1758,39,1909,46,272,11
2514,16,1758,39,1909,46,338,11
2514,16,1758,39,1909,46,390,11
2514,16,1758,39,1909,46,457,11
2514,16,1758,39,1909,46,463,11
2514,16,1758,39,1909,46,620,11
2514,16,1758,39,1909,46,700,11
2514,16,1758,39,1909,46,742,11
2514,16,1758,39,1909,46,758,11
2514,16,1758,39,1909,46,879,11
2514,16,1758,39,1909,46,927,11
2514,16,1758,39,1909,46,979,11
2514,16,1758,39,1909,46,1003,11
2514,16,1758,39,1909,46,1044,11
2514,16,1758,39,1909,46,1068,11
2514,16,1758,39,1909,46,1153,11
2514,16,1758,39,1909,46,1186,11
2514,16,1758,39,1909,46,1194,11
2514,16,1758,39,1909,46,1259,11
2514,16,1758,39,1909,46,1260,11
2514,16,1758,39,1909,46,1312,11
2514,16,1758,39,1909,46,1388,11
2514,16,1758,39,1909,46,1391,11
2514,16,1758,39,1909,46,1422,11
2514,16,1758,39,1909,46,1556,11
2514,16,1758,39,1909,46,1568,11
2514,16,1758,39,1909,46,1599,11
2514,16,1758,39,1909,46,1747,11
2514,16,1758,39,1909,46,1773,11
2514,16,1758,39,1909,46,1799,11
2514,16,1758,39,1909,46,1818,11
2514,16,1758,39,1909,46,1873,11
2514,16,1758,39,1909,46,1940,11
2514,16,1758,39,1909,46,1956,11
2514,16,1758,39,1909,46,1997,11
2514,16,1758,39,1909,46,2068,11
2514,16,1758,39,1909,46,2079,11
2514,16,1758,39,1909,46,2123,11
2514,16,1758,39,1909,46,2196,11
2514,16,1758,39,1909,46,2206,11
2514,16,1758,39,1909,46,2216,11
2514,16,1758,39,1909,46,2244,11
2514,16,1758,39,1909,46,2259,11
2514,16,1758,39,1909,46,2261,11
2514,16,1758,39,1909,46,2289,11
2514,16,1758,39,1909,46,2359,11
2514,16,1758,39,1909,46,2370,11
2514,16,1758,39,1909,46,2405,11
