2514,16,5,27,16,30,45,11
2514,16,5,27,16,30,159,11
2514,16,5,27,16,30,272,11
2514,16,5,27,16,30,338,11
2514,16,5,27,16,30,390,11
2514,16,5,27,16,30,457,11
2514,16,5,27,16,30,463,11
2514,16,5,27,16,30,620,11
2514,16,5,27,16,30,700,11
2514,16,5,27,16,30,742,11
2514,16,5,27,16,30,758,11
2514,16,5,27,16,30,879,11
2514,16,5,27,16,30,927,11
2514,16,5,27,16,30,979,11
2514,16,5,27,16,30,1003,11
2514,16,5,27,16,30,1044,11
2514,16,5,27,16,30,1068,11
2514,16,5,27,16,30,1153,11
2514,16,5,27,16,30,1186,11
2514,16,5,27,16,30,1194,11
2514,16,5,27,16,30,1259,11
2514,16,5,27,16,30,1260,11
2514,16,5,27,16,30,1312,11
2514,16,5,27,16,30,1388,11
2514,16,5,27,16,30,1391,11
2514,16,5,27,16,30,1422,11
2514,16,5,27,16,30,1556,11
2514,16,5,27,16,30,1568,11
2514,16,5,27,16,30,1599,11
2514,16,5,27,16,30,1747,11
2514,16,5,27,16,30,1773,11
2514,16,5,27,16,30,1799,11
2514,16,5,27,16,30,1818,11
2514,16,5,27,16,30,1873,11
2514,16,5,27,16,30,1940,11
2514,16,5,27,16,30,1956,11
2514,16,5,27,16,30,1997,11
2514,16,5,27,16,30,2068,11
2514,16,5,27,16,30,2079,11
2514,16,5,27,16,30,2123,11
2514,16,5,27,16,30,2196,11
2514,16,5,27,16,30,2206,11
2514,16,5,27,16,30,2216,11
2514,16,5,27,16,30,2244,11
2514,16,5,27,16,30,2259,11
2514,16,5,27,16,30,2261,11
2514,16,5,27,16,30,2289,11
2514,16,5,27,16,30,2359,11
2514,16,5,27,16,30,2370,11
2514,16,5,27,16,30,2405,11
2514,16,5,27,165,10,45,11
2514,16,5,27,165,10,159,11
2514,16,5,27,165,10,272,11
2514,16,5,27,165,10,338,11
2514,16,5,27,165,10,390,11
2514,16,5,27,165,10,457,11
2514,16,5,27,165,10,463,11
2514,16,5,27,165,10,620,11
2514,16,5,27,165,10,700,11
2514,16,5,27,165,10,742,11
2514,16,5,27,165,10,758,11
2514,16,5,27,165,10,879,11
2514,16,5,27,165,10,927,11
2514,16,5,27,165,10,979,11
2514,16,5,27,165,10,1003,11
2514,16,5,27,165,10,1044,11
2514,16,5,27,165,10,1068,11
2514,16,5,27,165,10,1153,11
2514,16,5,27,165,10,1186,11
2514,16,5,27,165,10,1194,11
2514,16,5,27,165,10,1259,11
2514,16,5,27,165,10,1260,11
2514,16,5,27,165,10,1312,11
2514,16,5,27,165,10,1388,11
2514,16,5,27,165,10,1391,11
2514,16,5,27,165,10,1422,11
2514,16,5,27,165,10,1556,11
2514,16,5,27,165,10,1568,11
2514,16,5,27,165,10,1599,11
2514,16,5,27,165,10,1747,11
2514,16,5,27,165,10,1773,11
2514,16,5,27,165,10,1799,11
2514,16,5,27,165,10,1818,11
2514,16,5,27,165,10,1873,11
2514,16,5,27,165,10,1940,11
2514,16,5,27,165,10,1956,11
2514,16,5,27,165,10,1997,11
2514,16,5,27,165,10,2068,11
2514,16,5,27,165,10,2079,11
2514,16,5,27,165,10,2123,11
2514,16,5,27,165,10,2196,11
2514,16,5,27,165,10,2206,11
2514,16,5,27,165,10,2216,11
2514,16,5,27,165,10,2244,11
2514,16,5,27,165,10,2259,11
2514,16,5,27,165,10,2261,11
2514,16,5,27,165,10,2289,11
2514,16,5,27,165,10,2359,11
2514,16,5,27,165,10,2370,11
2514,16,5,27,165,10,2405,11
2514,16,5,27,211,28,45,11
2514,16,5,27,211,28,159,11
2514,16,5,27,211,28,272,11
2514,16,5,27,211,28,338,11
2514,16,5,27,211,28,390,11
2514,16,5,27,211,28,457,11
2514,16,5,27,211,28,463,11
2514,16,5,27,211,28,620,11
2514,16,5,27,211,28,700,11
2514,16,5,27,211,28,742,11
2514,16,5,27,211,28,758,11
2514,16,5,27,211,28,879,11
2514,16,5,27,211,28,927,11
2514,16,5,27,211,28,979,11
2514,16,5,27,211,28,1003,11
2514,16,5,27,211,28,1044,11
2514,16,5,27,211,28,1068,11
2514,16,5,27,211,28,1153,11
2514,16,5,27,211,28,1186,11
2514,16,5,27,211,28,1194,11
2514,16,5,27,211,28,1259,11
2514,16,5,27,211,28,1260,11
2514,16,5,27,211,28,1312,11
2514,16,5,27,211,28,1388,11
2514,16,5,27,211,28,1391,11
2514,16,5,27,211,28,1422,11
2514,16,5,27,211,28,1556,11
2514,16,5,27,211,28,1568,11
2514,16,5,27,211,28,1599,11
2514,16,5,27,211,28,1747,11
2514,16,5,27,211,28,1773,11
2514,16,5,27,211,28,1799,11
2514,16,5,27,211,28,1818,11
2514,16,5,27,211,28,1873,11
2514,16,5,27,211,28,1940,11
2514,16,5,27,211,28,1956,11
2514,16,5,27,211,28,1997,11
2514,16,5,27,211,28,2068,11
2514,16,5,27,211,28,2079,11
2514,16,5,27,211,28,2123,11
2514,16,5,27,211,28,2196,11
2514,16,5,27,211,28,2206,11
2514,16,5,27,211,28,2216,11
2514,16,5,27,211,28,2244,11
2514,16,5,27,211,28,2259,11
2514,16,5,27,211,28,2261,11
2514,16,5,27,211,28,2289,11
2514,16,5,27,211,28,2359,11
2514,16,5,27,211,28,2370,11
2514,16,5,27,211,28,2405,11
2514,16,5,27,213,31,45,11
2514,16,5,27,213,31,159,11
2514,16,5,27,213,31,272,11
2514,16,5,27,213,31,338,11
2514,16,5,27,213,31,390,11
2514,16,5,27,213,31,457,11
2514,16,5,27,213,31,463,11
2514,16,5,27,213,31,620,11
2514,16,5,27,213,31,700,11
2514,16,5,27,213,31,742,11
2514,16,5,27,213,31,758,11
2514,16,5,27,213,31,879,11
2514,16,5,27,213,31,927,11
2514,16,5,27,213,31,979,11
2514,16,5,27,213,31,1003,11
2514,16,5,27,213,31,1044,11
2514,16,5,27,213,31,1068,11
2514,16,5,27,213,31,1153,11
2514,16,5,27,213,31,1186,11
2514,16,5,27,213,31,1194,11
2514,16,5,27,213,31,1259,11
2514,16,5,27,213,31,1260,11
2514,16,5,27,213,31,1312,11
2514,16,5,27,213,31,1388,11
2514,16,5,27,213,31,1391,11
2514,16,5,27,213,31,1422,11
2514,16,5,27,213,31,1556,11
2514,16,5,27,213,31,1568,11
2514,16,5,27,213,31,1599,11
2514,16,5,27,213,31,1747,11
2514,16,5,27,213,31,1773,11
2514,16,5,27,213,31,1799,11
2514,16,5,27,213,31,1818,11
2514,16,5,27,213,31,1873,11
2514,16,5,27,213,31,1940,11
2514,16,5,27,213,31,1956,11
2514,16,5,27,213,31,1997,11
2514,16,5,27,213,31,2068,11
2514,16,5,27,213,31,2079,11
2514,16,5,27,213,31,2123,11
2514,16,5,27,213,31,2196,11
2514,16,5,27,213,31,2206,11
2514,16,5,27,213,31,2216,11
2514,16,5,27,213,31,2244,11
2514,16,5,27,213,31,2259,11
2514,16,5,27,213,31,2261,11
2514,16,5,27,213,31,2289,11
2514,16,5,27,213,31,2359,11
2514,16,5,27,213,31,2370,11
2514,16,5,27,213,31,2405,11
2514,16,5,27,240,27,45,11
2514,16,5,27,240,27,159,11
2514,16,5,27,240,27,272,11
2514,16,5,27,240,27,338,11
2514,16,5,27,240,27,390,11
2514,16,5,27,240,27,457,11
2514,16,5,27,240,27,463,11
2514,16,5,27,240,27,620,11
2514,16,5,27,240,27,700,11
2514,16,5,27,240,27,742,11
2514,16,5,27,240,27,758,11
2514,16,5,27,240,27,879,11
2514,16,5,27,240,27,927,11
2514,16,5,27,240,27,979,11
2514,16,5,27,240,27,1003,11
2514,16,5,27,240,27,1044,11
2514,16,5,27,240,27,1068,11
2514,16,5,27,240,27,1153,11
2514,16,5,27,240,27,1186,11
2514,16,5,27,240,27,1194,11
2514,16,5,27,240,27,1259,11
2514,16,5,27,240,27,1260,11
2514,16,5,27,240,27,1312,11
2514,16,5,27,240,27,1388,11
2514,16,5,27,240,27,1391,11
2514,16,5,27,240,27,1422,11
2514,16,5,27,240,27,1556,11
2514,16,5,27,240,27,1568,11
2514,16,5,27,240,27,1599,11
2514,16,5,27,240,27,1747,11
2514,16,5,27,240,27,1773,11
2514,16,5,27,240,27,1799,11
2514,16,5,27,240,27,1818,11
2514,16,5,27,240,27,1873,11
2514,16,5,27,240,27,1940,11
2514,16,5,27,240,27,1956,11
2514,16,5,27,240,27,1997,11
2514,16,5,27,240,27,2068,11
2514,16,5,27,240,27,2079,11
2514,16,5,27,240,27,2123,11
2514,16,5,27,240,27,2196,11
2514,16,5,27,240,27,2206,11
2514,16,5,27,240,27,2216,11
2514,16,5,27,240,27,2244,11
2514,16,5,27,240,27,2259,11
2514,16,5,27,240,27,2261,11
2514,16,5,27,240,27,2289,11
2514,16,5,27,240,27,2359,11
2514,16,5,27,240,27,2370,11
2514,16,5,27,240,27,2405,11
2514,16,5,27,378,25,45,11
2514,16,5,27,378,25,159,11
2514,16,5,27,378,25,272,11
2514,16,5,27,378,25,338,11
2514,16,5,27,378,25,390,11
2514,16,5,27,378,25,457,11
2514,16,5,27,378,25,463,11
2514,16,5,27,378,25,620,11
2514,16,5,27,378,25,700,11
2514,16,5,27,378,25,742,11
2514,16,5,27,378,25,758,11
2514,16,5,27,378,25,879,11
2514,16,5,27,378,25,927,11
2514,16,5,27,378,25,979,11
2514,16,5,27,378,25,1003,11
2514,16,5,27,378,25,1044,11
2514,16,5,27,378,25,1068,11
2514,16,5,27,378,25,1153,11
2514,16,5,27,378,25,1186,11
2514,16,5,27,378,25,1194,11
2514,16,5,27,378,25,1259,11
2514,16,5,27,378,25,1260,11
2514,16,5,27,378,25,1312,11
2514,16,5,27,378,25,1388,11
2514,16,5,27,378,25,1391,11
2514,16,5,27,378,25,1422,11
2514,16,5,27,378,25,1556,11
2514,16,5,27,378,25,1568,11
2514,16,5,27,378,25,1599,11
2514,16,5,27,378,25,1747,11
2514,16,5,27,378,25,1773,11
2514,16,5,27,378,25,1799,11
2514,16,5,27,378,25,1818,11
2514,16,5,27,378,25,1873,11
2514,16,5,27,378,25,1940,11
2514,16,5,27,378,25,1956,11
2514,16,5,27,378,25,1997,11
2514,16,5,27,378,25,2068,11
2514,16,5,27,378,25,2079,11
2514,16,5,27,378,25,2123,11
2514,16,5,27,378,25,2196,11
2514,16,5,27,378,25,2206,11
2514,16,5,27,378,25,2216,11
2514,16,5,27,378,25,2244,11
2514,16,5,27,378,25,2259,11
2514,16,5,27,378,25,2261,11
2514,16,5,27,378,25,2289,11
2514,16,5,27,378,25,2359,11
2514,16,5,27,378,25,2370,11
2514,16,5,27,378,25,2405,11
2514,16,5,27,665,11,45,11
2514,16,5,27,665,11,159,11
2514,16,5,27,665,11,272,11
2514,16,5,27,665,11,338,11
2514,16,5,27,665,11,390,11
2514,16,5,27,665,11,457,11
2514,16,5,27,665,11,463,11
2514,16,5,27,665,11,620,11
2514,16,5,27,665,11,700,11
2514,16,5,27,665,11,742,11
2514,16,5,27,665,11,758,11
2514,16,5,27,665,11,879,11
2514,16,5,27,665,11,927,11
2514,16,5,27,665,11,979,11
2514,16,5,27,665,11,1003,11
2514,16,5,27,665,11,1044,11
2514,16,5,27,665,11,1068,11
2514,16,5,27,665,11,1153,11
2514,16,5,27,665,11,1186,11
2514,16,5,27,665,11,1194,11
2514,16,5,27,665,11,1259,11
2514,16,5,27,665,11,1260,11
2514,16,5,27,665,11,1312,11
2514,16,5,27,665,11,1388,11
2514,16,5,27,665,11,1391,11
2514,16,5,27,665,11,1422,11
2514,16,5,27,665,11,1556,11
2514,16,5,27,665,11,1568,11
2514,16,5,27,665,11,1599,11
2514,16,5,27,665,11,1747,11
2514,16,5,27,665,11,1773,11
2514,16,5,27,665,11,1799,11
2514,16,5,27,665,11,1818,11
2514,16,5,27,665,11,1873,11
2514,16,5,27,665,11,1940,11
2514,16,5,27,665,11,1956,11
2514,16,5,27,665,11,1997,11
2514,16,5,27,665,11,2068,11
2514,16,5,27,665,11,2079,11
2514,16,5,27,665,11,2123,11
2514,16,5,27,665,11,2196,11
2514,16,5,27,665,11,2206,11
2514,16,5,27,665,11,2216,11
2514,16,5,27,665,11,2244,11
2514,16,5,27,665,11,2259,11
2514,16,5,27,665,11,2261,11
2514,16,5,27,665,11,2289,11
2514,16,5,27,665,11,2359,11
2514,16,5,27,665,11,2370,11
2514,16,5,27,665,11,2405,11
2514,16,5,27,786,40,45,11
2514,16,5,27,786,40,159,11
2514,16,5,27,786,40,272,11
2514,16,5,27,786,40,338,11
2514,16,5,27,786,40,390,11
2514,16,5,27,786,40,457,11
2514,16,5,27,786,40,463,11
2514,16,5,27,786,40,620,11
2514,16,5,27,786,40,700,11
2514,16,5,27,786,40,742,11
2514,16,5,27,786,40,758,11
2514,16,5,27,786,40,879,11
2514,16,5,27,786,40,927,11
2514,16,5,27,786,40,979,11
2514,16,5,27,786,40,1003,11
2514,16,5,27,786,40,1044,11
2514,16,5,27,786,40,1068,11
2514,16,5,27,786,40,1153,11
2514,16,5,27,786,40,1186,11
2514,16,5,27,786,40,1194,11
2514,16,5,27,786,40,1259,11
2514,16,5,27,786,40,1260,11
2514,16,5,27,786,40,1312,11
2514,16,5,27,786,40,1388,11
2514,16,5,27,786,40,1391,11
2514,16,5,27,786,40,1422,11
2514,16,5,27,786,40,1556,11
2514,16,5,27,786,40,1568,11
2514,16,5,27,786,40,1599,11
2514,16,5,27,786,40,1747,11
2514,16,5,27,786,40,1773,11
2514,16,5,27,786,40,1799,11
2514,16,5,27,786,40,1818,11
2514,16,5,27,786,40,1873,11
2514,16,5,27,786,40,1940,11
2514,16,5,27,786,40,1956,11
2514,16,5,27,786,40,1997,11
2514,16,5,27,786,40,2068,11
2514,16,5,27,786,40,2079,11
2514,16,5,27,786,40,2123,11
2514,16,5,27,786,40,2196,11
2514,16,5,27,786,40,2206,11
2514,16,5,27,786,40,2216,11
2514,16,5,27,786,40,2244,11
2514,16,5,27,786,40,2259,11
2514,16,5,27,786,40,2261,11
2514,16,5,27,786,40,2289,11
2514,16,5,27,786,40,2359,11
2514,16,5,27,786,40,2370,11
2514,16,5,27,786,40,2405,11
2514,16,5,27,906,47,45,11
2514,16,5,27,906,47,159,11
2514,16,5,27,906,47,272,11
2514,16,5,27,906,47,338,11
2514,16,5,27,906,47,390,11
2514,16,5,27,906,47,457,11
2514,16,5,27,906,47,463,11
2514,16,5,27,906,47,620,11
2514,16,5,27,906,47,700,11
2514,16,5,27,906,47,742,11
2514,16,5,27,906,47,758,11
2514,16,5,27,906,47,879,11
2514,16,5,27,906,47,927,11
2514,16,5,27,906,47,979,11
2514,16,5,27,906,47,1003,11
2514,16,5,27,906,47,1044,11
2514,16,5,27,906,47,1068,11
2514,16,5,27,906,47,1153,11
2514,16,5,27,906,47,1186,11
2514,16,5,27,906,47,1194,11
2514,16,5,27,906,47,1259,11
2514,16,5,27,906,47,1260,11
2514,16,5,27,906,47,1312,11
2514,16,5,27,906,47,1388,11
2514,16,5,27,906,47,1391,11
2514,16,5,27,906,47,1422,11
2514,16,5,27,906,47,1556,11
2514,16,5,27,906,47,1568,11
2514,16,5,27,906,47,1599,11
2514,16,5,27,906,47,1747,11
2514,16,5,27,906,47,1773,11
2514,16,5,27,906,47,1799,11
2514,16,5,27,906,47,1818,11
2514,16,5,27,906,47,1873,11
2514,16,5,27,906,47,1940,11
2514,16,5,27,906,47,1956,11
2514,16,5,27,906,47,1997,11
2514,16,5,27,906,47,2068,11
2514,16,5,27,906,47,2079,11
2514,16,5,27,906,47,2123,11
2514,16,5,27,906,47,2196,11
2514,16,5,27,906,47,2206,11
2514,16,5,27,906,47,2216,11
2514,16,5,27,906,47,2244,11
2514,16,5,27,906,47,2259,11
2514,16,5,27,906,47,2261,11
2514,16,5,27,906,47,2289,11
2514,16,5,27,906,47,2359,11
2514,16,5,27,906,47,2370,11
2514,16,5,27,906,47,2405,11
2514,16,5,27,1053,12,45,11
2514,16,5,27,1053,12,159,11
2514,16,5,27,1053,12,272,11
2514,16,5,27,1053,12,338,11
2514,16,5,27,1053,12,390,11
2514,16,5,27,1053,12,457,11
2514,16,5,27,1053,12,463,11
2514,16,5,27,1053,12,620,11
2514,16,5,27,1053,12,700,11
2514,16,5,27,1053,12,742,11
2514,16,5,27,1053,12,758,11
2514,16,5,27,1053,12,879,11
2514,16,5,27,1053,12,927,11
2514,16,5,27,1053,12,979,11
2514,16,5,27,1053,12,1003,11
2514,16,5,27,1053,12,1044,11
2514,16,5,27,1053,12,1068,11
2514,16,5,27,1053,12,1153,11
2514,16,5,27,1053,12,1186,11
2514,16,5,27,1053,12,1194,11
2514,16,5,27,1053,12,1259,11
2514,16,5,27,1053,12,1260,11
2514,16,5,27,1053,12,1312,11
2514,16,5,27,1053,12,1388,11
2514,16,5,27,1053,12,1391,11
2514,16,5,27,1053,12,1422,11
2514,16,5,27,1053,12,1556,11
2514,16,5,27,1053,12,1568,11
2514,16,5,27,1053,12,1599,11
2514,16,5,27,1053,12,1747,11
2514,16,5,27,1053,12,1773,11
2514,16,5,27,1053,12,1799,11
2514,16,5,27,1053,12,1818,11
2514,16,5,27,1053,12,1873,11
2514,16,5,27,1053,12,1940,11
2514,16,5,27,1053,12,1956,11
2514,16,5,27,1053,12,1997,11
2514,16,5,27,1053,12,2068,11
2514,16,5,27,1053,12,2079,11
2514,16,5,27,1053,12,2123,11
2514,16,5,27,1053,12,2196,11
2514,16,5,27,1053,12,2206,11
2514,16,5,27,1053,12,2216,11
2514,16,5,27,1053,12,2244,11
2514,16,5,27,1053,12,2259,11
2514,16,5,27,1053,12,2261,11
2514,16,5,27,1053,12,2289,11
2514,16,5,27,1053,12,2359,11
2514,16,5,27,1053,12,2370,11
2514,16,5,27,1053,12,2405,11
2514,16,5,27,1230,32,45,11
2514,16,5,27,1230,32,159,11
2514,16,5,27,1230,32,272,11
2514,16,5,27,1230,32,338,11
2514,16,5,27,1230,32,390,11
2514,16,5,27,1230,32,457,11
2514,16,5,27,1230,32,463,11
2514,16,5,27,1230,32,620,11
2514,16,5,27,1230,32,700,11
2514,16,5,27,1230,32,742,11
2514,16,5,27,1230,32,758,11
2514,16,5,27,1230,32,879,11
2514,16,5,27,1230,32,927,11
2514,16,5,27,1230,32,979,11
2514,16,5,27,1230,32,1003,11
2514,16,5,27,1230,32,1044,11
2514,16,5,27,1230,32,1068,11
2514,16,5,27,1230,32,1153,11
2514,16,5,27,1230,32,1186,11
2514,16,5,27,1230,32,1194,11
2514,16,5,27,1230,32,1259,11
2514,16,5,27,1230,32,1260,11
2514,16,5,27,1230,32,1312,11
2514,16,5,27,1230,32,1388,11
2514,16,5,27,1230,32,1391,11
2514,16,5,27,1230,32,1422,11
2514,16,5,27,1230,32,1556,11
2514,16,5,27,1230,32,1568,11
2514,16,5,27,1230,32,1599,11
2514,16,5,27,1230,32,1747,11
2514,16,5,27,1230,32,1773,11
2514,16,5,27,1230,32,1799,11
2514,16,5,27,1230,32,1818,11
2514,16,5,27,1230,32,1873,11
2514,16,5,27,1230,32,1940,11
2514,16,5,27,1230,32,1956,11
2514,16,5,27,1230,32,1997,11
2514,16,5,27,1230,32,2068,11
2514,16,5,27,1230,32,2079,11
2514,16,5,27,1230,32,2123,11
2514,16,5,27,1230,32,2196,11
2514,16,5,27,1230,32,2206,11
2514,16,5,27,1230,32,2216,11
2514,16,5,27,1230,32,2244,11
2514,16,5,27,1230,32,2259,11
2514,16,5,27,1230,32,2261,11
2514,16,5,27,1230,32,2289,11
2514,16,5,27,1230,32,2359,11
2514,16,5,27,1230,32,2370,11
2514,16,5,27,1230,32,2405,11
2514,16,5,27,1367,22,45,11
2514,16,5,27,1367,22,159,11
2514,16,5,27,1367,22,272,11
2514,16,5,27,1367,22,338,11
2514,16,5,27,1367,22,390,11
2514,16,5,27,1367,22,457,11
2514,16,5,27,1367,22,463,11
2514,16,5,27,1367,22,620,11
2514,16,5,27,1367,22,700,11
2514,16,5,27,1367,22,742,11
2514,16,5,27,1367,22,758,11
2514,16,5,27,1367,22,879,11
2514,16,5,27,1367,22,927,11
2514,16,5,27,1367,22,979,11
2514,16,5,27,1367,22,1003,11
2514,16,5,27,1367,22,1044,11
2514,16,5,27,1367,22,1068,11
2514,16,5,27,1367,22,1153,11
2514,16,5,27,1367,22,1186,11
2514,16,5,27,1367,22,1194,11
2514,16,5,27,1367,22,1259,11
2514,16,5,27,1367,22,1260,11
2514,16,5,27,1367,22,1312,11
2514,16,5,27,1367,22,1388,11
2514,16,5,27,1367,22,1391,11
2514,16,5,27,1367,22,1422,11
2514,16,5,27,1367,22,1556,11
2514,16,5,27,1367,22,1568,11
2514,16,5,27,1367,22,1599,11
2514,16,5,27,1367,22,1747,11
2514,16,5,27,1367,22,1773,11
2514,16,5,27,1367,22,1799,11
2514,16,5,27,1367,22,1818,11
2514,16,5,27,1367,22,1873,11
2514,16,5,27,1367,22,1940,11
2514,16,5,27,1367,22,1956,11
2514,16,5,27,1367,22,1997,11
2514,16,5,27,1367,22,2068,11
2514,16,5,27,1367,22,2079,11
2514,16,5,27,1367,22,2123,11
2514,16,5,27,1367,22,2196,11
2514,16,5,27,1367,22,2206,11
2514,16,5,27,1367,22,2216,11
2514,16,5,27,1367,22,2244,11
2514,16,5,27,1367,22,2259,11
2514,16,5,27,1367,22,2261,11
2514,16,5,27,1367,22,2289,11
2514,16,5,27,1367,22,2359,11
2514,16,5,27,1367,22,2370,11
2514,16,5,27,1367,22,2405,11
2514,16,5,27,1787,18,457,11
2514,16,5,27,1787,18,700,11
2514,16,5,27,1787,18,927,11
2514,16,5,27,1787,18,1003,11
2514,16,5,27,1787,18,1153,11
2514,16,5,27,1787,18,1194,11
2514,16,5,27,1787,18,1568,11
2514,16,5,27,1787,18,1599,11
2514,16,5,27,1787,18,1818,11
2514,16,5,27,1787,18,1940,11
2514,16,5,27,1982,19,45,11
2514,16,5,27,1982,19,272,11
2514,16,5,27,1982,19,338,11
2514,16,5,27,1982,19,390,11
2514,16,5,27,1982,19,620,11
2514,16,5,27,1982,19,742,11
2514,16,5,27,1982,19,758,11
2514,16,5,27,1982,19,979,11
2514,16,5,27,1982,19,1044,11
2514,16,5,27,1982,19,1068,11
2514,16,5,27,1982,19,1186,11
2514,16,5,27,1982,19,1259,11
2514,16,5,27,1982,19,1260,11
2514,16,5,27,1982,19,1312,11
2514,16,5,27,1982,19,1391,11
2514,16,5,27,1982,19,1422,11
2514,16,5,27,1982,19,1747,11
2514,16,5,27,1982,19,1773,11
2514,16,5,27,1982,19,1799,11
2514,16,5,27,1982,19,1956,11
2514,16,5,27,1982,19,1997,11
2514,16,5,27,1982,19,2068,11
2514,16,5,27,1982,19,2079,11
2514,16,5,27,1982,19,2206,11
2514,16,5,27,1982,19,2244,11
2514,16,5,27,1982,19,2259,11
2514,16,5,27,1982,19,2261,11
2514,16,5,27,1982,19,2289,11
2514,16,5,27,1982,19,2359,11
2514,16,5,27,1982,19,2405,11
