2514,16,1126,28,93,26,45,11
2514,16,1126,28,93,26,159,11
2514,16,1126,28,93,26,272,11
2514,16,1126,28,93,26,338,11
2514,16,1126,28,93,26,390,11
2514,16,1126,28,93,26,457,11
2514,16,1126,28,93,26,463,11
2514,16,1126,28,93,26,620,11
2514,16,1126,28,93,26,700,11
2514,16,1126,28,93,26,742,11
2514,16,1126,28,93,26,758,11
2514,16,1126,28,93,26,879,11
2514,16,1126,28,93,26,927,11
2514,16,1126,28,93,26,979,11
2514,16,1126,28,93,26,1003,11
2514,16,1126,28,93,26,1044,11
2514,16,1126,28,93,26,1068,11
2514,16,1126,28,93,26,1153,11
2514,16,1126,28,93,26,1186,11
2514,16,1126,28,93,26,1194,11
2514,16,1126,28,93,26,1259,11
2514,16,1126,28,93,26,1260,11
2514,16,1126,28,93,26,1312,11
2514,16,1126,28,93,26,1388,11
2514,16,1126,28,93,26,1391,11
2514,16,1126,28,93,26,1422,11
2514,16,1126,28,93,26,1556,11
2514,16,1126,28,93,26,1568,11
2514,16,1126,28,93,26,1599,11
2514,16,1126,28,93,26,1747,11
2514,16,1126,28,93,26,1773,11
2514,16,1126,28,93,26,1799,11
2514,16,1126,28,93,26,1818,11
2514,16,1126,28,93,26,1873,11
2514,16,1126,28,93,26,1940,11
2514,16,1126,28,93,26,1956,11
2514,16,1126,28,93,26,1997,11
2514,16,1126,28,93,26,2068,11
2514,16,1126,28,93,26,2079,11
2514,16,1126,28,93,26,2123,11
2514,16,1126,28,93,26,2196,11
2514,16,1126,28,93,26,2206,11
2514,16,1126,28,93,26,2216,11
2514,16,1126,28,93,26,2244,11
2514,16,1126,28,93,26,2259,11
2514,16,1126,28,93,26,2261,11
2514,16,1126,28,93,26,2289,11
2514,16,1126,28,93,26,2359,11
2514,16,1126,28,93,26,2370,11
2514,16,1126,28,93,26,2405,11
2514,16,1126,28,149,24,45,11
2514,16,1126,28,149,24,159,11
2514,16,1126,28,149,24,272,11
2514,16,1126,28,149,24,338,11
2514,16,1126,28,149,24,390,11
2514,16,1126,28,149,24,457,11
2514,16,1126,28,149,24,463,11
2514,16,1126,28,149,24,620,11
2514,16,1126,28,149,24,700,11
2514,16,1126,28,149,24,742,11
2514,16,1126,28,149,24,758,11
2514,16,1126,28,149,24,879,11
2514,16,1126,28,149,24,927,11
2514,16,1126,28,149,24,979,11
2514,16,1126,28,149,24,1003,11
2514,16,1126,28,149,24,1044,11
2514,16,1126,28,149,24,1068,11
2514,16,1126,28,149,24,1153,11
2514,16,1126,28,149,24,1186,11
2514,16,1126,28,149,24,1194,11
2514,16,1126,28,149,24,1259,11
2514,16,1126,28,149,24,1260,11
2514,16,1126,28,149,24,1312,11
2514,16,1126,28,149,24,1388,11
2514,16,1126,28,149,24,1391,11
2514,16,1126,28,149,24,1422,11
2514,16,1126,28,149,24,1556,11
2514,16,1126,28,149,24,1568,11
2514,16,1126,28,149,24,1599,11
2514,16,1126,28,149,24,1747,11
2514,16,1126,28,149,24,1773,11
2514,16,1126,28,149,24,1799,11
2514,16,1126,28,149,24,1818,11
2514,16,1126,28,149,24,1873,11
2514,16,1126,28,149,24,1940,11
2514,16,1126,28,149,24,1956,11
2514,16,1126,28,149,24,1997,11
2514,16,1126,28,149,24,2068,11
2514,16,1126,28,149,24,2079,11
2514,16,1126,28,149,24,2123,11
2514,16,1126,28,149,24,2196,11
2514,16,1126,28,149,24,2206,11
2514,16,1126,28,149,24,2216,11
2514,16,1126,28,149,24,2244,11
2514,16,1126,28,149,24,2259,11
2514,16,1126,28,149,24,2261,11
2514,16,1126,28,149,24,2289,11
2514,16,1126,28,149,24,2359,11
2514,16,1126,28,149,24,2370,11
2514,16,1126,28,149,24,2405,11
2514,16,1126,28,168,50,45,11
2514,16,1126,28,168,50,159,11
2514,16,1126,28,168,50,272,11
2514,16,1126,28,168,50,338,11
2514,16,1126,28,168,50,390,11
2514,16,1126,28,168,50,457,11
2514,16,1126,28,168,50,463,11
2514,16,1126,28,168,50,620,11
2514,16,1126,28,168,50,700,11
2514,16,1126,28,168,50,742,11
2514,16,1126,28,168,50,758,11
2514,16,1126,28,168,50,879,11
2514,16,1126,28,168,50,927,11
2514,16,1126,28,168,50,979,11
2514,16,1126,28,168,50,1003,11
2514,16,1126,28,168,50,1044,11
2514,16,1126,28,168,50,1068,11
2514,16,1126,28,168,50,1153,11
2514,16,1126,28,168,50,1186,11
2514,16,1126,28,168,50,1194,11
2514,16,1126,28,168,50,1259,11
2514,16,1126,28,168,50,1260,11
2514,16,1126,28,168,50,1312,11
2514,16,1126,28,168,50,1388,11
2514,16,1126,28,168,50,1391,11
2514,16,1126,28,168,50,1422,11
2514,16,1126,28,168,50,1556,11
2514,16,1126,28,168,50,1568,11
2514,16,1126,28,168,50,1599,11
2514,16,1126,28,168,50,1747,11
2514,16,1126,28,168,50,1773,11
2514,16,1126,28,168,50,1799,11
2514,16,1126,28,168,50,1818,11
2514,16,1126,28,168,50,1873,11
2514,16,1126,28,168,50,1940,11
2514,16,1126,28,168,50,1956,11
2514,16,1126,28,168,50,1997,11
2514,16,1126,28,168,50,2068,11
2514,16,1126,28,168,50,2079,11
2514,16,1126,28,168,50,2123,11
2514,16,1126,28,168,50,2196,11
2514,16,1126,28,168,50,2206,11
2514,16,1126,28,168,50,2216,11
2514,16,1126,28,168,50,2244,11
2514,16,1126,28,168,50,2259,11
2514,16,1126,28,168,50,2261,11
2514,16,1126,28,168,50,2289,11
2514,16,1126,28,168,50,2359,11
2514,16,1126,28,168,50,2370,11
2514,16,1126,28,168,50,2405,11
2514,16,1126,28,338,41,159,11
2514,16,1126,28,338,41,457,11
2514,16,1126,28,338,41,463,11
2514,16,1126,28,338,41,700,11
2514,16,1126,28,338,41,879,11
2514,16,1126,28,338,41,927,11
2514,16,1126,28,338,41,1003,11
2514,16,1126,28,338,41,1153,11
2514,16,1126,28,338,41,1194,11
2514,16,1126,28,338,41,1388,11
2514,16,1126,28,338,41,1556,11
2514,16,1126,28,338,41,1568,11
2514,16,1126,28,338,41,1599,11
2514,16,1126,28,338,41,1818,11
2514,16,1126,28,338,41,1873,11
2514,16,1126,28,338,41,1940,11
2514,16,1126,28,338,41,2123,11
2514,16,1126,28,338,41,2196,11
2514,16,1126,28,338,41,2216,11
2514,16,1126,28,338,41,2370,11
2514,16,1126,28,354,17,45,11
2514,16,1126,28,354,17,159,11
2514,16,1126,28,354,17,272,11
2514,16,1126,28,354,17,338,11
2514,16,1126,28,354,17,390,11
2514,16,1126,28,354,17,457,11
2514,16,1126,28,354,17,463,11
2514,16,1126,28,354,17,620,11
2514,16,1126,28,354,17,700,11
2514,16,1126,28,354,17,742,11
2514,16,1126,28,354,17,758,11
2514,16,1126,28,354,17,879,11
2514,16,1126,28,354,17,927,11
2514,16,1126,28,354,17,979,11
2514,16,1126,28,354,17,1003,11
2514,16,1126,28,354,17,1044,11
2514,16,1126,28,354,17,1068,11
2514,16,1126,28,354,17,1153,11
2514,16,1126,28,354,17,1186,11
2514,16,1126,28,354,17,1194,11
2514,16,1126,28,354,17,1259,11
2514,16,1126,28,354,17,1260,11
2514,16,1126,28,354,17,1312,11
2514,16,1126,28,354,17,1388,11
2514,16,1126,28,354,17,1391,11
2514,16,1126,28,354,17,1422,11
2514,16,1126,28,354,17,1556,11
2514,16,1126,28,354,17,1568,11
2514,16,1126,28,354,17,1599,11
2514,16,1126,28,354,17,1747,11
2514,16,1126,28,354,17,1773,11
2514,16,1126,28,354,17,1799,11
2514,16,1126,28,354,17,1818,11
2514,16,1126,28,354,17,1873,11
2514,16,1126,28,354,17,1940,11
2514,16,1126,28,354,17,1956,11
2514,16,1126,28,354,17,1997,11
2514,16,1126,28,354,17,2068,11
2514,16,1126,28,354,17,2079,11
2514,16,1126,28,354,17,2123,11
2514,16,1126,28,354,17,2196,11
2514,16,1126,28,354,17,2206,11
2514,16,1126,28,354,17,2216,11
2514,16,1126,28,354,17,2244,11
2514,16,1126,28,354,17,2259,11
2514,16,1126,28,354,17,2261,11
2514,16,1126,28,354,17,2289,11
2514,16,1126,28,354,17,2359,11
2514,16,1126,28,354,17,2370,11
2514,16,1126,28,354,17,2405,11
2514,16,1126,28,525,47,45,11
2514,16,1126,28,525,47,159,11
2514,16,1126,28,525,47,272,11
2514,16,1126,28,525,47,338,11
2514,16,1126,28,525,47,390,11
2514,16,1126,28,525,47,457,11
2514,16,1126,28,525,47,463,11
2514,16,1126,28,525,47,620,11
2514,16,1126,28,525,47,700,11
2514,16,1126,28,525,47,742,11
2514,16,1126,28,525,47,758,11
2514,16,1126,28,525,47,879,11
2514,16,1126,28,525,47,927,11
2514,16,1126,28,525,47,979,11
2514,16,1126,28,525,47,1003,11
2514,16,1126,28,525,47,1044,11
2514,16,1126,28,525,47,1068,11
2514,16,1126,28,525,47,1153,11
2514,16,1126,28,525,47,1186,11
2514,16,1126,28,525,47,1194,11
2514,16,1126,28,525,47,1259,11
2514,16,1126,28,525,47,1260,11
2514,16,1126,28,525,47,1312,11
2514,16,1126,28,525,47,1388,11
2514,16,1126,28,525,47,1391,11
2514,16,1126,28,525,47,1422,11
2514,16,1126,28,525,47,1556,11
2514,16,1126,28,525,47,1568,11
2514,16,1126,28,525,47,1599,11
2514,16,1126,28,525,47,1747,11
2514,16,1126,28,525,47,1773,11
2514,16,1126,28,525,47,1799,11
2514,16,1126,28,525,47,1818,11
2514,16,1126,28,525,47,1873,11
2514,16,1126,28,525,47,1940,11
2514,16,1126,28,525,47,1956,11
2514,16,1126,28,525,47,1997,11
2514,16,1126,28,525,47,2068,11
2514,16,1126,28,525,47,2079,11
2514,16,1126,28,525,47,2123,11
2514,16,1126,28,525,47,2196,11
2514,16,1126,28,525,47,2206,11
2514,16,1126,28,525,47,2216,11
2514,16,1126,28,525,47,2244,11
2514,16,1126,28,525,47,2259,11
2514,16,1126,28,525,47,2261,11
2514,16,1126,28,525,47,2289,11
2514,16,1126,28,525,47,2359,11
2514,16,1126,28,525,47,2370,11
2514,16,1126,28,525,47,2405,11
2514,16,1126,28,529,38,45,11
2514,16,1126,28,529,38,159,11
2514,16,1126,28,529,38,272,11
2514,16,1126,28,529,38,338,11
2514,16,1126,28,529,38,390,11
2514,16,1126,28,529,38,457,11
2514,16,1126,28,529,38,463,11
2514,16,1126,28,529,38,620,11
2514,16,1126,28,529,38,700,11
2514,16,1126,28,529,38,742,11
2514,16,1126,28,529,38,758,11
2514,16,1126,28,529,38,879,11
2514,16,1126,28,529,38,927,11
2514,16,1126,28,529,38,979,11
2514,16,1126,28,529,38,1003,11
2514,16,1126,28,529,38,1044,11
2514,16,1126,28,529,38,1068,11
2514,16,1126,28,529,38,1153,11
2514,16,1126,28,529,38,1186,11
2514,16,1126,28,529,38,1194,11
2514,16,1126,28,529,38,1259,11
2514,16,1126,28,529,38,1260,11
2514,16,1126,28,529,38,1312,11
2514,16,1126,28,529,38,1388,11
2514,16,1126,28,529,38,1391,11
2514,16,1126,28,529,38,1422,11
2514,16,1126,28,529,38,1556,11
2514,16,1126,28,529,38,1568,11
2514,16,1126,28,529,38,1599,11
2514,16,1126,28,529,38,1747,11
2514,16,1126,28,529,38,1773,11
2514,16,1126,28,529,38,1799,11
2514,16,1126,28,529,38,1818,11
2514,16,1126,28,529,38,1873,11
2514,16,1126,28,529,38,1940,11
2514,16,1126,28,529,38,1956,11
2514,16,1126,28,529,38,1997,11
2514,16,1126,28,529,38,2068,11
2514,16,1126,28,529,38,2079,11
2514,16,1126,28,529,38,2123,11
2514,16,1126,28,529,38,2196,11
2514,16,1126,28,529,38,2206,11
2514,16,1126,28,529,38,2216,11
2514,16,1126,28,529,38,2244,11
2514,16,1126,28,529,38,2259,11
2514,16,1126,28,529,38,2261,11
2514,16,1126,28,529,38,2289,11
2514,16,1126,28,529,38,2359,11
2514,16,1126,28,529,38,2370,11
2514,16,1126,28,529,38,2405,11
2514,16,1126,28,578,32,45,11
2514,16,1126,28,578,32,159,11
2514,16,1126,28,578,32,272,11
2514,16,1126,28,578,32,338,11
2514,16,1126,28,578,32,390,11
2514,16,1126,28,578,32,457,11
2514,16,1126,28,578,32,463,11
2514,16,1126,28,578,32,620,11
2514,16,1126,28,578,32,700,11
2514,16,1126,28,578,32,742,11
2514,16,1126,28,578,32,758,11
2514,16,1126,28,578,32,879,11
2514,16,1126,28,578,32,927,11
2514,16,1126,28,578,32,979,11
2514,16,1126,28,578,32,1003,11
2514,16,1126,28,578,32,1044,11
2514,16,1126,28,578,32,1068,11
2514,16,1126,28,578,32,1153,11
2514,16,1126,28,578,32,1186,11
2514,16,1126,28,578,32,1194,11
2514,16,1126,28,578,32,1259,11
2514,16,1126,28,578,32,1260,11
2514,16,1126,28,578,32,1312,11
2514,16,1126,28,578,32,1388,11
2514,16,1126,28,578,32,1391,11
2514,16,1126,28,578,32,1422,11
2514,16,1126,28,578,32,1556,11
2514,16,1126,28,578,32,1568,11
2514,16,1126,28,578,32,1599,11
2514,16,1126,28,578,32,1747,11
2514,16,1126,28,578,32,1773,11
2514,16,1126,28,578,32,1799,11
2514,16,1126,28,578,32,1818,11
2514,16,1126,28,578,32,1873,11
2514,16,1126,28,578,32,1940,11
2514,16,1126,28,578,32,1956,11
2514,16,1126,28,578,32,1997,11
2514,16,1126,28,578,32,2068,11
2514,16,1126,28,578,32,2079,11
2514,16,1126,28,578,32,2123,11
2514,16,1126,28,578,32,2196,11
2514,16,1126,28,578,32,2206,11
2514,16,1126,28,578,32,2216,11
2514,16,1126,28,578,32,2244,11
2514,16,1126,28,578,32,2259,11
2514,16,1126,28,578,32,2261,11
2514,16,1126,28,578,32,2289,11
2514,16,1126,28,578,32,2359,11
2514,16,1126,28,578,32,2370,11
2514,16,1126,28,578,32,2405,11
2514,16,1126,28,881,30,45,11
2514,16,1126,28,881,30,159,11
2514,16,1126,28,881,30,272,11
2514,16,1126,28,881,30,338,11
2514,16,1126,28,881,30,390,11
2514,16,1126,28,881,30,457,11
2514,16,1126,28,881,30,463,11
2514,16,1126,28,881,30,620,11
2514,16,1126,28,881,30,700,11
2514,16,1126,28,881,30,742,11
2514,16,1126,28,881,30,758,11
2514,16,1126,28,881,30,879,11
2514,16,1126,28,881,30,927,11
2514,16,1126,28,881,30,979,11
2514,16,1126,28,881,30,1003,11
2514,16,1126,28,881,30,1044,11
2514,16,1126,28,881,30,1068,11
2514,16,1126,28,881,30,1153,11
2514,16,1126,28,881,30,1186,11
2514,16,1126,28,881,30,1194,11
2514,16,1126,28,881,30,1259,11
2514,16,1126,28,881,30,1260,11
2514,16,1126,28,881,30,1312,11
2514,16,1126,28,881,30,1388,11
2514,16,1126,28,881,30,1391,11
2514,16,1126,28,881,30,1422,11
2514,16,1126,28,881,30,1556,11
2514,16,1126,28,881,30,1568,11
2514,16,1126,28,881,30,1599,11
2514,16,1126,28,881,30,1747,11
2514,16,1126,28,881,30,1773,11
2514,16,1126,28,881,30,1799,11
2514,16,1126,28,881,30,1818,11
2514,16,1126,28,881,30,1873,11
2514,16,1126,28,881,30,1940,11
2514,16,1126,28,881,30,1956,11
2514,16,1126,28,881,30,1997,11
2514,16,1126,28,881,30,2068,11
2514,16,1126,28,881,30,2079,11
2514,16,1126,28,881,30,2123,11
2514,16,1126,28,881,30,2196,11
2514,16,1126,28,881,30,2206,11
2514,16,1126,28,881,30,2216,11
2514,16,1126,28,881,30,2244,11
2514,16,1126,28,881,30,2259,11
2514,16,1126,28,881,30,2261,11
2514,16,1126,28,881,30,2289,11
2514,16,1126,28,881,30,2359,11
2514,16,1126,28,881,30,2370,11
2514,16,1126,28,881,30,2405,11
2514,16,1126,28,957,13,45,11
2514,16,1126,28,957,13,159,11
2514,16,1126,28,957,13,272,11
2514,16,1126,28,957,13,338,11
2514,16,1126,28,957,13,390,11
2514,16,1126,28,957,13,457,11
2514,16,1126,28,957,13,463,11
2514,16,1126,28,957,13,620,11
2514,16,1126,28,957,13,700,11
2514,16,1126,28,957,13,742,11
2514,16,1126,28,957,13,758,11
2514,16,1126,28,957,13,879,11
2514,16,1126,28,957,13,927,11
2514,16,1126,28,957,13,979,11
2514,16,1126,28,957,13,1003,11
2514,16,1126,28,957,13,1044,11
2514,16,1126,28,957,13,1068,11
2514,16,1126,28,957,13,1153,11
2514,16,1126,28,957,13,1186,11
2514,16,1126,28,957,13,1194,11
2514,16,1126,28,957,13,1259,11
2514,16,1126,28,957,13,1260,11
2514,16,1126,28,957,13,1312,11
2514,16,1126,28,957,13,1388,11
2514,16,1126,28,957,13,1391,11
2514,16,1126,28,957,13,1422,11
2514,16,1126,28,957,13,1556,11
2514,16,1126,28,957,13,1568,11
2514,16,1126,28,957,13,1599,11
2514,16,1126,28,957,13,1747,11
2514,16,1126,28,957,13,1773,11
2514,16,1126,28,957,13,1799,11
2514,16,1126,28,957,13,1818,11
2514,16,1126,28,957,13,1873,11
2514,16,1126,28,957,13,1940,11
2514,16,1126,28,957,13,1956,11
2514,16,1126,28,957,13,1997,11
2514,16,1126,28,957,13,2068,11
2514,16,1126,28,957,13,2079,11
2514,16,1126,28,957,13,2123,11
2514,16,1126,28,957,13,2196,11
2514,16,1126,28,957,13,2206,11
2514,16,1126,28,957,13,2216,11
2514,16,1126,28,957,13,2244,11
2514,16,1126,28,957,13,2259,11
2514,16,1126,28,957,13,2261,11
2514,16,1126,28,957,13,2289,11
2514,16,1126,28,957,13,2359,11
2514,16,1126,28,957,13,2370,11
2514,16,1126,28,957,13,2405,11
2514,16,1126,28,1133,40,45,11
2514,16,1126,28,1133,40,338,11
2514,16,1126,28,1133,40,390,11
2514,16,1126,28,1133,40,620,11
2514,16,1126,28,1133,40,742,11
2514,16,1126,28,1133,40,758,11
2514,16,1126,28,1133,40,979,11
2514,16,1126,28,1133,40,1044,11
2514,16,1126,28,1133,40,1186,11
2514,16,1126,28,1133,40,1259,11
2514,16,1126,28,1133,40,1312,11
2514,16,1126,28,1133,40,1773,11
2514,16,1126,28,1133,40,1799,11
2514,16,1126,28,1133,40,1956,11
2514,16,1126,28,1133,40,1997,11
2514,16,1126,28,1133,40,2206,11
2514,16,1126,28,1133,40,2244,11
2514,16,1126,28,1133,40,2261,11
2514,16,1126,28,1133,40,2289,11
2514,16,1126,28,1133,40,2359,11
2514,16,1126,28,1232,50,45,11
2514,16,1126,28,1232,50,159,11
2514,16,1126,28,1232,50,272,11
2514,16,1126,28,1232,50,338,11
2514,16,1126,28,1232,50,390,11
2514,16,1126,28,1232,50,457,11
2514,16,1126,28,1232,50,463,11
2514,16,1126,28,1232,50,620,11
2514,16,1126,28,1232,50,700,11
2514,16,1126,28,1232,50,742,11
2514,16,1126,28,1232,50,758,11
2514,16,1126,28,1232,50,879,11
2514,16,1126,28,1232,50,927,11
2514,16,1126,28,1232,50,979,11
2514,16,1126,28,1232,50,1003,11
2514,16,1126,28,1232,50,1044,11
2514,16,1126,28,1232,50,1068,11
2514,16,1126,28,1232,50,1153,11
2514,16,1126,28,1232,50,1186,11
2514,16,1126,28,1232,50,1194,11
2514,16,1126,28,1232,50,1259,11
2514,16,1126,28,1232,50,1260,11
2514,16,1126,28,1232,50,1312,11
2514,16,1126,28,1232,50,1388,11
2514,16,1126,28,1232,50,1391,11
2514,16,1126,28,1232,50,1422,11
2514,16,1126,28,1232,50,1556,11
2514,16,1126,28,1232,50,1568,11
2514,16,1126,28,1232,50,1599,11
2514,16,1126,28,1232,50,1747,11
2514,16,1126,28,1232,50,1773,11
2514,16,1126,28,1232,50,1799,11
2514,16,1126,28,1232,50,1818,11
2514,16,1126,28,1232,50,1873,11
2514,16,1126,28,1232,50,1940,11
2514,16,1126,28,1232,50,1956,11
2514,16,1126,28,1232,50,1997,11
2514,16,1126,28,1232,50,2068,11
2514,16,1126,28,1232,50,2079,11
2514,16,1126,28,1232,50,2123,11
2514,16,1126,28,1232,50,2196,11
2514,16,1126,28,1232,50,2206,11
2514,16,1126,28,1232,50,2216,11
2514,16,1126,28,1232,50,2244,11
2514,16,1126,28,1232,50,2259,11
2514,16,1126,28,1232,50,2261,11
2514,16,1126,28,1232,50,2289,11
2514,16,1126,28,1232,50,2359,11
2514,16,1126,28,1232,50,2370,11
2514,16,1126,28,1232,50,2405,11
2514,16,1126,28,1739,13,45,11
2514,16,1126,28,1739,13,159,11
2514,16,1126,28,1739,13,272,11
2514,16,1126,28,1739,13,338,11
2514,16,1126,28,1739,13,390,11
2514,16,1126,28,1739,13,457,11
2514,16,1126,28,1739,13,463,11
2514,16,1126,28,1739,13,620,11
2514,16,1126,28,1739,13,700,11
2514,16,1126,28,1739,13,742,11
2514,16,1126,28,1739,13,758,11
2514,16,1126,28,1739,13,879,11
2514,16,1126,28,1739,13,927,11
2514,16,1126,28,1739,13,979,11
2514,16,1126,28,1739,13,1003,11
2514,16,1126,28,1739,13,1044,11
2514,16,1126,28,1739,13,1068,11
2514,16,1126,28,1739,13,1153,11
2514,16,1126,28,1739,13,1186,11
2514,16,1126,28,1739,13,1194,11
2514,16,1126,28,1739,13,1259,11
2514,16,1126,28,1739,13,1260,11
2514,16,1126,28,1739,13,1312,11
2514,16,1126,28,1739,13,1388,11
2514,16,1126,28,1739,13,1391,11
2514,16,1126,28,1739,13,1422,11
2514,16,1126,28,1739,13,1556,11
2514,16,1126,28,1739,13,1568,11
2514,16,1126,28,1739,13,1599,11
2514,16,1126,28,1739,13,1747,11
2514,16,1126,28,1739,13,1773,11
2514,16,1126,28,1739,13,1799,11
2514,16,1126,28,1739,13,1818,11
2514,16,1126,28,1739,13,1873,11
2514,16,1126,28,1739,13,1940,11
2514,16,1126,28,1739,13,1956,11
2514,16,1126,28,1739,13,1997,11
2514,16,1126,28,1739,13,2068,11
2514,16,1126,28,1739,13,2079,11
2514,16,1126,28,1739,13,2123,11
2514,16,1126,28,1739,13,2196,11
2514,16,1126,28,1739,13,2206,11
2514,16,1126,28,1739,13,2216,11
2514,16,1126,28,1739,13,2244,11
2514,16,1126,28,1739,13,2259,11
2514,16,1126,28,1739,13,2261,11
2514,16,1126,28,1739,13,2289,11
2514,16,1126,28,1739,13,2359,11
2514,16,1126,28,1739,13,2370,11
2514,16,1126,28,1739,13,2405,11
2514,16,1126,28,1770,19,45,11
2514,16,1126,28,1770,19,159,11
2514,16,1126,28,1770,19,272,11
2514,16,1126,28,1770,19,338,11
2514,16,1126,28,1770,19,390,11
2514,16,1126,28,1770,19,457,11
2514,16,1126,28,1770,19,463,11
2514,16,1126,28,1770,19,620,11
2514,16,1126,28,1770,19,700,11
2514,16,1126,28,1770,19,742,11
2514,16,1126,28,1770,19,758,11
2514,16,1126,28,1770,19,879,11
2514,16,1126,28,1770,19,927,11
2514,16,1126,28,1770,19,979,11
2514,16,1126,28,1770,19,1003,11
2514,16,1126,28,1770,19,1044,11
2514,16,1126,28,1770,19,1068,11
2514,16,1126,28,1770,19,1153,11
2514,16,1126,28,1770,19,1186,11
2514,16,1126,28,1770,19,1194,11
2514,16,1126,28,1770,19,1259,11
2514,16,1126,28,1770,19,1260,11
2514,16,1126,28,1770,19,1312,11
2514,16,1126,28,1770,19,1388,11
2514,16,1126,28,1770,19,1391,11
2514,16,1126,28,1770,19,1422,11
2514,16,1126,28,1770,19,1556,11
2514,16,1126,28,1770,19,1568,11
2514,16,1126,28,1770,19,1599,11
2514,16,1126,28,1770,19,1747,11
2514,16,1126,28,1770,19,1773,11
2514,16,1126,28,1770,19,1799,11
2514,16,1126,28,1770,19,1818,11
2514,16,1126,28,1770,19,1873,11
2514,16,1126,28,1770,19,1940,11
2514,16,1126,28,1770,19,1956,11
2514,16,1126,28,1770,19,1997,11
2514,16,1126,28,1770,19,2068,11
2514,16,1126,28,1770,19,2079,11
2514,16,1126,28,1770,19,2123,11
2514,16,1126,28,1770,19,2196,11
2514,16,1126,28,1770,19,2206,11
2514,16,1126,28,1770,19,2216,11
2514,16,1126,28,1770,19,2244,11
2514,16,1126,28,1770,19,2259,11
2514,16,1126,28,1770,19,2261,11
2514,16,1126,28,1770,19,2289,11
2514,16,1126,28,1770,19,2359,11
2514,16,1126,28,1770,19,2370,11
2514,16,1126,28,1770,19,2405,11
