2514,16,1236,47,69,24,45,11
2514,16,1236,47,69,24,390,11
2514,16,1236,47,69,24,620,11
2514,16,1236,47,69,24,979,11
2514,16,1236,47,69,24,1799,11
2514,16,1236,47,69,24,1956,11
2514,16,1236,47,69,24,2206,11
2514,16,1236,47,69,24,2244,11
2514,16,1236,47,69,24,2261,11
2514,16,1236,47,69,24,2359,11
2514,16,1236,47,107,46,45,11
2514,16,1236,47,107,46,159,11
2514,16,1236,47,107,46,272,11
2514,16,1236,47,107,46,338,11
2514,16,1236,47,107,46,390,11
2514,16,1236,47,107,46,457,11
2514,16,1236,47,107,46,463,11
2514,16,1236,47,107,46,620,11
2514,16,1236,47,107,46,700,11
2514,16,1236,47,107,46,742,11
2514,16,1236,47,107,46,758,11
2514,16,1236,47,107,46,879,11
2514,16,1236,47,107,46,927,11
2514,16,1236,47,107,46,979,11
2514,16,1236,47,107,46,1003,11
2514,16,1236,47,107,46,1044,11
2514,16,1236,47,107,46,1068,11
2514,16,1236,47,107,46,1153,11
2514,16,1236,47,107,46,1186,11
2514,16,1236,47,107,46,1194,11
2514,16,1236,47,107,46,1259,11
2514,16,1236,47,107,46,1260,11
2514,16,1236,47,107,46,1312,11
2514,16,1236,47,107,46,1388,11
2514,16,1236,47,107,46,1391,11
2514,16,1236,47,107,46,1422,11
2514,16,1236,47,107,46,1556,11
2514,16,1236,47,107,46,1568,11
2514,16,1236,47,107,46,1599,11
2514,16,1236,47,107,46,1747,11
2514,16,1236,47,107,46,1773,11
2514,16,1236,47,107,46,1799,11
2514,16,1236,47,107,46,1818,11
2514,16,1236,47,107,46,1873,11
2514,16,1236,47,107,46,1940,11
2514,16,1236,47,107,46,1956,11
2514,16,1236,47,107,46,1997,11
2514,16,1236,47,107,46,2068,11
2514,16,1236,47,107,46,2079,11
2514,16,1236,47,107,46,2123,11
2514,16,1236,47,107,46,2196,11
2514,16,1236,47,107,46,2206,11
2514,16,1236,47,107,46,2216,11
2514,16,1236,47,107,46,2244,11
2514,16,1236,47,107,46,2259,11
2514,16,1236,47,107,46,2261,11
2514,16,1236,47,107,46,2289,11
2514,16,1236,47,107,46,2359,11
2514,16,1236,47,107,46,2370,11
2514,16,1236,47,107,46,2405,11
2514,16,1236,47,140,40,45,11
2514,16,1236,47,140,40,159,11
2514,16,1236,47,140,40,272,11
2514,16,1236,47,140,40,338,11
2514,16,1236,47,140,40,390,11
2514,16,1236,47,140,40,457,11
2514,16,1236,47,140,40,463,11
2514,16,1236,47,140,40,620,11
2514,16,1236,47,140,40,700,11
2514,16,1236,47,140,40,742,11
2514,16,1236,47,140,40,758,11
2514,16,1236,47,140,40,879,11
2514,16,1236,47,140,40,927,11
2514,16,1236,47,140,40,979,11
2514,16,1236,47,140,40,1003,11
2514,16,1236,47,140,40,1044,11
2514,16,1236,47,140,40,1068,11
2514,16,1236,47,140,40,1153,11
2514,16,1236,47,140,40,1186,11
2514,16,1236,47,140,40,1194,11
2514,16,1236,47,140,40,1259,11
2514,16,1236,47,140,40,1260,11
2514,16,1236,47,140,40,1312,11
2514,16,1236,47,140,40,1388,11
2514,16,1236,47,140,40,1391,11
2514,16,1236,47,140,40,1422,11
2514,16,1236,47,140,40,1556,11
2514,16,1236,47,140,40,1568,11
2514,16,1236,47,140,40,1599,11
2514,16,1236,47,140,40,1747,11
2514,16,1236,47,140,40,1773,11
2514,16,1236,47,140,40,1799,11
2514,16,1236,47,140,40,1818,11
2514,16,1236,47,140,40,1873,11
2514,16,1236,47,140,40,1940,11
2514,16,1236,47,140,40,1956,11
2514,16,1236,47,140,40,1997,11
2514,16,1236,47,140,40,2068,11
2514,16,1236,47,140,40,2079,11
2514,16,1236,47,140,40,2123,11
2514,16,1236,47,140,40,2196,11
2514,16,1236,47,140,40,2206,11
2514,16,1236,47,140,40,2216,11
2514,16,1236,47,140,40,2244,11
2514,16,1236,47,140,40,2259,11
2514,16,1236,47,140,40,2261,11
2514,16,1236,47,140,40,2289,11
2514,16,1236,47,140,40,2359,11
2514,16,1236,47,140,40,2370,11
2514,16,1236,47,140,40,2405,11
2514,16,1236,47,199,35,45,11
2514,16,1236,47,199,35,159,11
2514,16,1236,47,199,35,272,11
2514,16,1236,47,199,35,338,11
2514,16,1236,47,199,35,390,11
2514,16,1236,47,199,35,457,11
2514,16,1236,47,199,35,463,11
2514,16,1236,47,199,35,620,11
2514,16,1236,47,199,35,700,11
2514,16,1236,47,199,35,742,11
2514,16,1236,47,199,35,758,11
2514,16,1236,47,199,35,879,11
2514,16,1236,47,199,35,927,11
2514,16,1236,47,199,35,979,11
2514,16,1236,47,199,35,1003,11
2514,16,1236,47,199,35,1044,11
2514,16,1236,47,199,35,1068,11
2514,16,1236,47,199,35,1153,11
2514,16,1236,47,199,35,1186,11
2514,16,1236,47,199,35,1194,11
2514,16,1236,47,199,35,1259,11
2514,16,1236,47,199,35,1260,11
2514,16,1236,47,199,35,1312,11
2514,16,1236,47,199,35,1388,11
2514,16,1236,47,199,35,1391,11
2514,16,1236,47,199,35,1422,11
2514,16,1236,47,199,35,1556,11
2514,16,1236,47,199,35,1568,11
2514,16,1236,47,199,35,1599,11
2514,16,1236,47,199,35,1747,11
2514,16,1236,47,199,35,1773,11
2514,16,1236,47,199,35,1799,11
2514,16,1236,47,199,35,1818,11
2514,16,1236,47,199,35,1873,11
2514,16,1236,47,199,35,1940,11
2514,16,1236,47,199,35,1956,11
2514,16,1236,47,199,35,1997,11
2514,16,1236,47,199,35,2068,11
2514,16,1236,47,199,35,2079,11
2514,16,1236,47,199,35,2123,11
2514,16,1236,47,199,35,2196,11
2514,16,1236,47,199,35,2206,11
2514,16,1236,47,199,35,2216,11
2514,16,1236,47,199,35,2244,11
2514,16,1236,47,199,35,2259,11
2514,16,1236,47,199,35,2261,11
2514,16,1236,47,199,35,2289,11
2514,16,1236,47,199,35,2359,11
2514,16,1236,47,199,35,2370,11
2514,16,1236,47,199,35,2405,11
2514,16,1236,47,401,22,45,11
2514,16,1236,47,401,22,159,11
2514,16,1236,47,401,22,272,11
2514,16,1236,47,401,22,338,11
2514,16,1236,47,401,22,390,11
2514,16,1236,47,401,22,457,11
2514,16,1236,47,401,22,463,11
2514,16,1236,47,401,22,620,11
2514,16,1236,47,401,22,700,11
2514,16,1236,47,401,22,742,11
2514,16,1236,47,401,22,758,11
2514,16,1236,47,401,22,879,11
2514,16,1236,47,401,22,927,11
2514,16,1236,47,401,22,979,11
2514,16,1236,47,401,22,1003,11
2514,16,1236,47,401,22,1044,11
2514,16,1236,47,401,22,1068,11
2514,16,1236,47,401,22,1153,11
2514,16,1236,47,401,22,1186,11
2514,16,1236,47,401,22,1194,11
2514,16,1236,47,401,22,1259,11
2514,16,1236,47,401,22,1260,11
2514,16,1236,47,401,22,1312,11
2514,16,1236,47,401,22,1388,11
2514,16,1236,47,401,22,1391,11
2514,16,1236,47,401,22,1422,11
2514,16,1236,47,401,22,1556,11
2514,16,1236,47,401,22,1568,11
2514,16,1236,47,401,22,1599,11
2514,16,1236,47,401,22,1747,11
2514,16,1236,47,401,22,1773,11
2514,16,1236,47,401,22,1799,11
2514,16,1236,47,401,22,1818,11
2514,16,1236,47,401,22,1873,11
2514,16,1236,47,401,22,1940,11
2514,16,1236,47,401,22,1956,11
2514,16,1236,47,401,22,1997,11
2514,16,1236,47,401,22,2068,11
2514,16,1236,47,401,22,2079,11
2514,16,1236,47,401,22,2123,11
2514,16,1236,47,401,22,2196,11
2514,16,1236,47,401,22,2206,11
2514,16,1236,47,401,22,2216,11
2514,16,1236,47,401,22,2244,11
2514,16,1236,47,401,22,2259,11
2514,16,1236,47,401,22,2261,11
2514,16,1236,47,401,22,2289,11
2514,16,1236,47,401,22,2359,11
2514,16,1236,47,401,22,2370,11
2514,16,1236,47,401,22,2405,11
2514,16,1236,47,508,48,45,11
2514,16,1236,47,508,48,159,11
2514,16,1236,47,508,48,272,11
2514,16,1236,47,508,48,338,11
2514,16,1236,47,508,48,390,11
2514,16,1236,47,508,48,457,11
2514,16,1236,47,508,48,463,11
2514,16,1236,47,508,48,620,11
2514,16,1236,47,508,48,700,11
2514,16,1236,47,508,48,742,11
2514,16,1236,47,508,48,758,11
2514,16,1236,47,508,48,879,11
2514,16,1236,47,508,48,927,11
2514,16,1236,47,508,48,979,11
2514,16,1236,47,508,48,1003,11
2514,16,1236,47,508,48,1044,11
2514,16,1236,47,508,48,1068,11
2514,16,1236,47,508,48,1153,11
2514,16,1236,47,508,48,1186,11
2514,16,1236,47,508,48,1194,11
2514,16,1236,47,508,48,1259,11
2514,16,1236,47,508,48,1260,11
2514,16,1236,47,508,48,1312,11
2514,16,1236,47,508,48,1388,11
2514,16,1236,47,508,48,1391,11
2514,16,1236,47,508,48,1422,11
2514,16,1236,47,508,48,1556,11
2514,16,1236,47,508,48,1568,11
2514,16,1236,47,508,48,1599,11
2514,16,1236,47,508,48,1747,11
2514,16,1236,47,508,48,1773,11
2514,16,1236,47,508,48,1799,11
2514,16,1236,47,508,48,1818,11
2514,16,1236,47,508,48,1873,11
2514,16,1236,47,508,48,1940,11
2514,16,1236,47,508,48,1956,11
2514,16,1236,47,508,48,1997,11
2514,16,1236,47,508,48,2068,11
2514,16,1236,47,508,48,2079,11
2514,16,1236,47,508,48,2123,11
2514,16,1236,47,508,48,2196,11
2514,16,1236,47,508,48,2206,11
2514,16,1236,47,508,48,2216,11
2514,16,1236,47,508,48,2244,11
2514,16,1236,47,508,48,2259,11
2514,16,1236,47,508,48,2261,11
2514,16,1236,47,508,48,2289,11
2514,16,1236,47,508,48,2359,11
2514,16,1236,47,508,48,2370,11
2514,16,1236,47,508,48,2405,11
2514,16,1236,47,587,28,45,11
2514,16,1236,47,587,28,159,11
2514,16,1236,47,587,28,272,11
2514,16,1236,47,587,28,338,11
2514,16,1236,47,587,28,390,11
2514,16,1236,47,587,28,457,11
2514,16,1236,47,587,28,463,11
2514,16,1236,47,587,28,620,11
2514,16,1236,47,587,28,700,11
2514,16,1236,47,587,28,742,11
2514,16,1236,47,587,28,758,11
2514,16,1236,47,587,28,879,11
2514,16,1236,47,587,28,927,11
2514,16,1236,47,587,28,979,11
2514,16,1236,47,587,28,1003,11
2514,16,1236,47,587,28,1044,11
2514,16,1236,47,587,28,1068,11
2514,16,1236,47,587,28,1153,11
2514,16,1236,47,587,28,1186,11
2514,16,1236,47,587,28,1194,11
2514,16,1236,47,587,28,1259,11
2514,16,1236,47,587,28,1260,11
2514,16,1236,47,587,28,1312,11
2514,16,1236,47,587,28,1388,11
2514,16,1236,47,587,28,1391,11
2514,16,1236,47,587,28,1422,11
2514,16,1236,47,587,28,1556,11
2514,16,1236,47,587,28,1568,11
2514,16,1236,47,587,28,1599,11
2514,16,1236,47,587,28,1747,11
2514,16,1236,47,587,28,1773,11
2514,16,1236,47,587,28,1799,11
2514,16,1236,47,587,28,1818,11
2514,16,1236,47,587,28,1873,11
2514,16,1236,47,587,28,1940,11
2514,16,1236,47,587,28,1956,11
2514,16,1236,47,587,28,1997,11
2514,16,1236,47,587,28,2068,11
2514,16,1236,47,587,28,2079,11
2514,16,1236,47,587,28,2123,11
2514,16,1236,47,587,28,2196,11
2514,16,1236,47,587,28,2206,11
2514,16,1236,47,587,28,2216,11
2514,16,1236,47,587,28,2244,11
2514,16,1236,47,587,28,2259,11
2514,16,1236,47,587,28,2261,11
2514,16,1236,47,587,28,2289,11
2514,16,1236,47,587,28,2359,11
2514,16,1236,47,587,28,2370,11
2514,16,1236,47,587,28,2405,11
2514,16,1236,47,818,42,45,11
2514,16,1236,47,818,42,159,11
2514,16,1236,47,818,42,272,11
2514,16,1236,47,818,42,338,11
2514,16,1236,47,818,42,390,11
2514,16,1236,47,818,42,457,11
2514,16,1236,47,818,42,463,11
2514,16,1236,47,818,42,620,11
2514,16,1236,47,818,42,700,11
2514,16,1236,47,818,42,742,11
2514,16,1236,47,818,42,758,11
2514,16,1236,47,818,42,879,11
2514,16,1236,47,818,42,927,11
2514,16,1236,47,818,42,979,11
2514,16,1236,47,818,42,1003,11
2514,16,1236,47,818,42,1044,11
2514,16,1236,47,818,42,1068,11
2514,16,1236,47,818,42,1153,11
2514,16,1236,47,818,42,1186,11
2514,16,1236,47,818,42,1194,11
2514,16,1236,47,818,42,1259,11
2514,16,1236,47,818,42,1260,11
2514,16,1236,47,818,42,1312,11
2514,16,1236,47,818,42,1388,11
2514,16,1236,47,818,42,1391,11
2514,16,1236,47,818,42,1422,11
2514,16,1236,47,818,42,1556,11
2514,16,1236,47,818,42,1568,11
2514,16,1236,47,818,42,1599,11
2514,16,1236,47,818,42,1747,11
2514,16,1236,47,818,42,1773,11
2514,16,1236,47,818,42,1799,11
2514,16,1236,47,818,42,1818,11
2514,16,1236,47,818,42,1873,11
2514,16,1236,47,818,42,1940,11
2514,16,1236,47,818,42,1956,11
2514,16,1236,47,818,42,1997,11
2514,16,1236,47,818,42,2068,11
2514,16,1236,47,818,42,2079,11
2514,16,1236,47,818,42,2123,11
2514,16,1236,47,818,42,2196,11
2514,16,1236,47,818,42,2206,11
2514,16,1236,47,818,42,2216,11
2514,16,1236,47,818,42,2244,11
2514,16,1236,47,818,42,2259,11
2514,16,1236,47,818,42,2261,11
2514,16,1236,47,818,42,2289,11
2514,16,1236,47,818,42,2359,11
2514,16,1236,47,818,42,2370,11
2514,16,1236,47,818,42,2405,11
2514,16,1236,47,1026,13,45,11
2514,16,1236,47,1026,13,159,11
2514,16,1236,47,1026,13,272,11
2514,16,1236,47,1026,13,338,11
2514,16,1236,47,1026,13,390,11
2514,16,1236,47,1026,13,457,11
2514,16,1236,47,1026,13,463,11
2514,16,1236,47,1026,13,620,11
2514,16,1236,47,1026,13,700,11
2514,16,1236,47,1026,13,742,11
2514,16,1236,47,1026,13,758,11
2514,16,1236,47,1026,13,879,11
2514,16,1236,47,1026,13,927,11
2514,16,1236,47,1026,13,979,11
2514,16,1236,47,1026,13,1003,11
2514,16,1236,47,1026,13,1044,11
2514,16,1236,47,1026,13,1068,11
2514,16,1236,47,1026,13,1153,11
2514,16,1236,47,1026,13,1186,11
2514,16,1236,47,1026,13,1194,11
2514,16,1236,47,1026,13,1259,11
2514,16,1236,47,1026,13,1260,11
2514,16,1236,47,1026,13,1312,11
2514,16,1236,47,1026,13,1388,11
2514,16,1236,47,1026,13,1391,11
2514,16,1236,47,1026,13,1422,11
2514,16,1236,47,1026,13,1556,11
2514,16,1236,47,1026,13,1568,11
2514,16,1236,47,1026,13,1599,11
2514,16,1236,47,1026,13,1747,11
2514,16,1236,47,1026,13,1773,11
2514,16,1236,47,1026,13,1799,11
2514,16,1236,47,1026,13,1818,11
2514,16,1236,47,1026,13,1873,11
2514,16,1236,47,1026,13,1940,11
2514,16,1236,47,1026,13,1956,11
2514,16,1236,47,1026,13,1997,11
2514,16,1236,47,1026,13,2068,11
2514,16,1236,47,1026,13,2079,11
2514,16,1236,47,1026,13,2123,11
2514,16,1236,47,1026,13,2196,11
2514,16,1236,47,1026,13,2206,11
2514,16,1236,47,1026,13,2216,11
2514,16,1236,47,1026,13,2244,11
2514,16,1236,47,1026,13,2259,11
2514,16,1236,47,1026,13,2261,11
2514,16,1236,47,1026,13,2289,11
2514,16,1236,47,1026,13,2359,11
2514,16,1236,47,1026,13,2370,11
2514,16,1236,47,1026,13,2405,11
2514,16,1236,47,1306,15,45,11
2514,16,1236,47,1306,15,159,11
2514,16,1236,47,1306,15,272,11
2514,16,1236,47,1306,15,338,11
2514,16,1236,47,1306,15,390,11
2514,16,1236,47,1306,15,457,11
2514,16,1236,47,1306,15,463,11
2514,16,1236,47,1306,15,620,11
2514,16,1236,47,1306,15,700,11
2514,16,1236,47,1306,15,742,11
2514,16,1236,47,1306,15,758,11
2514,16,1236,47,1306,15,879,11
2514,16,1236,47,1306,15,927,11
2514,16,1236,47,1306,15,979,11
2514,16,1236,47,1306,15,1003,11
2514,16,1236,47,1306,15,1044,11
2514,16,1236,47,1306,15,1068,11
2514,16,1236,47,1306,15,1153,11
2514,16,1236,47,1306,15,1186,11
2514,16,1236,47,1306,15,1194,11
2514,16,1236,47,1306,15,1259,11
2514,16,1236,47,1306,15,1260,11
2514,16,1236,47,1306,15,1312,11
2514,16,1236,47,1306,15,1388,11
2514,16,1236,47,1306,15,1391,11
2514,16,1236,47,1306,15,1422,11
2514,16,1236,47,1306,15,1556,11
2514,16,1236,47,1306,15,1568,11
2514,16,1236,47,1306,15,1599,11
2514,16,1236,47,1306,15,1747,11
2514,16,1236,47,1306,15,1773,11
2514,16,1236,47,1306,15,1799,11
2514,16,1236,47,1306,15,1818,11
2514,16,1236,47,1306,15,1873,11
2514,16,1236,47,1306,15,1940,11
2514,16,1236,47,1306,15,1956,11
2514,16,1236,47,1306,15,1997,11
2514,16,1236,47,1306,15,2068,11
2514,16,1236,47,1306,15,2079,11
2514,16,1236,47,1306,15,2123,11
2514,16,1236,47,1306,15,2196,11
2514,16,1236,47,1306,15,2206,11
2514,16,1236,47,1306,15,2216,11
2514,16,1236,47,1306,15,2244,11
2514,16,1236,47,1306,15,2259,11
2514,16,1236,47,1306,15,2261,11
2514,16,1236,47,1306,15,2289,11
2514,16,1236,47,1306,15,2359,11
2514,16,1236,47,1306,15,2370,11
2514,16,1236,47,1306,15,2405,11
2514,16,1236,47,1378,17,45,11
2514,16,1236,47,1378,17,159,11
2514,16,1236,47,1378,17,272,11
2514,16,1236,47,1378,17,338,11
2514,16,1236,47,1378,17,390,11
2514,16,1236,47,1378,17,457,11
2514,16,1236,47,1378,17,463,11
2514,16,1236,47,1378,17,620,11
2514,16,1236,47,1378,17,700,11
2514,16,1236,47,1378,17,742,11
2514,16,1236,47,1378,17,758,11
2514,16,1236,47,1378,17,879,11
2514,16,1236,47,1378,17,927,11
2514,16,1236,47,1378,17,979,11
2514,16,1236,47,1378,17,1003,11
2514,16,1236,47,1378,17,1044,11
2514,16,1236,47,1378,17,1068,11
2514,16,1236,47,1378,17,1153,11
2514,16,1236,47,1378,17,1186,11
2514,16,1236,47,1378,17,1194,11
2514,16,1236,47,1378,17,1259,11
2514,16,1236,47,1378,17,1260,11
2514,16,1236,47,1378,17,1312,11
2514,16,1236,47,1378,17,1388,11
2514,16,1236,47,1378,17,1391,11
2514,16,1236,47,1378,17,1422,11
2514,16,1236,47,1378,17,1556,11
2514,16,1236,47,1378,17,1568,11
2514,16,1236,47,1378,17,1599,11
2514,16,1236,47,1378,17,1747,11
2514,16,1236,47,1378,17,1773,11
2514,16,1236,47,1378,17,1799,11
2514,16,1236,47,1378,17,1818,11
2514,16,1236,47,1378,17,1873,11
2514,16,1236,47,1378,17,1940,11
2514,16,1236,47,1378,17,1956,11
2514,16,1236,47,1378,17,1997,11
2514,16,1236,47,1378,17,2068,11
2514,16,1236,47,1378,17,2079,11
2514,16,1236,47,1378,17,2123,11
2514,16,1236,47,1378,17,2196,11
2514,16,1236,47,1378,17,2206,11
2514,16,1236,47,1378,17,2216,11
2514,16,1236,47,1378,17,2244,11
2514,16,1236,47,1378,17,2259,11
2514,16,1236,47,1378,17,2261,11
2514,16,1236,47,1378,17,2289,11
2514,16,1236,47,1378,17,2359,11
2514,16,1236,47,1378,17,2370,11
2514,16,1236,47,1378,17,2405,11
2514,16,1236,47,1771,16,159,11
2514,16,1236,47,1771,16,272,11
2514,16,1236,47,1771,16,457,11
2514,16,1236,47,1771,16,463,11
2514,16,1236,47,1771,16,700,11
2514,16,1236,47,1771,16,879,11
2514,16,1236,47,1771,16,927,11
2514,16,1236,47,1771,16,1003,11
2514,16,1236,47,1771,16,1068,11
2514,16,1236,47,1771,16,1153,11
2514,16,1236,47,1771,16,1194,11
2514,16,1236,47,1771,16,1260,11
2514,16,1236,47,1771,16,1388,11
2514,16,1236,47,1771,16,1391,11
2514,16,1236,47,1771,16,1422,11
2514,16,1236,47,1771,16,1556,11
2514,16,1236,47,1771,16,1568,11
2514,16,1236,47,1771,16,1599,11
2514,16,1236,47,1771,16,1747,11
2514,16,1236,47,1771,16,1818,11
2514,16,1236,47,1771,16,1873,11
2514,16,1236,47,1771,16,1940,11
2514,16,1236,47,1771,16,2068,11
2514,16,1236,47,1771,16,2079,11
2514,16,1236,47,1771,16,2123,11
2514,16,1236,47,1771,16,2196,11
2514,16,1236,47,1771,16,2216,11
2514,16,1236,47,1771,16,2259,11
2514,16,1236,47,1771,16,2370,11
2514,16,1236,47,1771,16,2405,11
2514,16,1236,47,1902,31,45,11
2514,16,1236,47,1902,31,159,11
2514,16,1236,47,1902,31,272,11
2514,16,1236,47,1902,31,338,11
2514,16,1236,47,1902,31,390,11
2514,16,1236,47,1902,31,457,11
2514,16,1236,47,1902,31,463,11
2514,16,1236,47,1902,31,620,11
2514,16,1236,47,1902,31,700,11
2514,16,1236,47,1902,31,742,11
2514,16,1236,47,1902,31,758,11
2514,16,1236,47,1902,31,879,11
2514,16,1236,47,1902,31,927,11
2514,16,1236,47,1902,31,979,11
2514,16,1236,47,1902,31,1003,11
2514,16,1236,47,1902,31,1044,11
2514,16,1236,47,1902,31,1068,11
2514,16,1236,47,1902,31,1153,11
2514,16,1236,47,1902,31,1186,11
2514,16,1236,47,1902,31,1194,11
2514,16,1236,47,1902,31,1259,11
2514,16,1236,47,1902,31,1260,11
2514,16,1236,47,1902,31,1312,11
2514,16,1236,47,1902,31,1388,11
2514,16,1236,47,1902,31,1391,11
2514,16,1236,47,1902,31,1422,11
2514,16,1236,47,1902,31,1556,11
2514,16,1236,47,1902,31,1568,11
2514,16,1236,47,1902,31,1599,11
2514,16,1236,47,1902,31,1747,11
2514,16,1236,47,1902,31,1773,11
2514,16,1236,47,1902,31,1799,11
2514,16,1236,47,1902,31,1818,11
2514,16,1236,47,1902,31,1873,11
2514,16,1236,47,1902,31,1940,11
2514,16,1236,47,1902,31,1956,11
2514,16,1236,47,1902,31,1997,11
2514,16,1236,47,1902,31,2068,11
2514,16,1236,47,1902,31,2079,11
2514,16,1236,47,1902,31,2123,11
2514,16,1236,47,1902,31,2196,11
2514,16,1236,47,1902,31,2206,11
2514,16,1236,47,1902,31,2216,11
2514,16,1236,47,1902,31,2244,11
2514,16,1236,47,1902,31,2259,11
2514,16,1236,47,1902,31,2261,11
2514,16,1236,47,1902,31,2289,11
2514,16,1236,47,1902,31,2359,11
2514,16,1236,47,1902,31,2370,11
2514,16,1236,47,1902,31,2405,11
2514,16,1236,47,1921,22,45,11
2514,16,1236,47,1921,22,159,11
2514,16,1236,47,1921,22,272,11
2514,16,1236,47,1921,22,338,11
2514,16,1236,47,1921,22,390,11
2514,16,1236,47,1921,22,457,11
2514,16,1236,47,1921,22,463,11
2514,16,1236,47,1921,22,620,11
2514,16,1236,47,1921,22,700,11
2514,16,1236,47,1921,22,742,11
2514,16,1236,47,1921,22,758,11
2514,16,1236,47,1921,22,879,11
2514,16,1236,47,1921,22,927,11
2514,16,1236,47,1921,22,979,11
2514,16,1236,47,1921,22,1003,11
2514,16,1236,47,1921,22,1044,11
2514,16,1236,47,1921,22,1068,11
2514,16,1236,47,1921,22,1153,11
2514,16,1236,47,1921,22,1186,11
2514,16,1236,47,1921,22,1194,11
2514,16,1236,47,1921,22,1259,11
2514,16,1236,47,1921,22,1260,11
2514,16,1236,47,1921,22,1312,11
2514,16,1236,47,1921,22,1388,11
2514,16,1236,47,1921,22,1391,11
2514,16,1236,47,1921,22,1422,11
2514,16,1236,47,1921,22,1556,11
2514,16,1236,47,1921,22,1568,11
2514,16,1236,47,1921,22,1599,11
2514,16,1236,47,1921,22,1747,11
2514,16,1236,47,1921,22,1773,11
2514,16,1236,47,1921,22,1799,11
2514,16,1236,47,1921,22,1818,11
2514,16,1236,47,1921,22,1873,11
2514,16,1236,47,1921,22,1940,11
2514,16,1236,47,1921,22,1956,11
2514,16,1236,47,1921,22,1997,11
2514,16,1236,47,1921,22,2068,11
2514,16,1236,47,1921,22,2079,11
2514,16,1236,47,1921,22,2123,11
2514,16,1236,47,1921,22,2196,11
2514,16,1236,47,1921,22,2206,11
2514,16,1236,47,1921,22,2216,11
2514,16,1236,47,1921,22,2244,11
2514,16,1236,47,1921,22,2259,11
2514,16,1236,47,1921,22,2261,11
2514,16,1236,47,1921,22,2289,11
2514,16,1236,47,1921,22,2359,11
2514,16,1236,47,1921,22,2370,11
2514,16,1236,47,1921,22,2405,11
