2514,16,722,47,16,30,45,11
2514,16,722,47,16,30,159,11
2514,16,722,47,16,30,272,11
2514,16,722,47,16,30,338,11
2514,16,722,47,16,30,390,11
2514,16,722,47,16,30,457,11
2514,16,722,47,16,30,463,11
2514,16,722,47,16,30,620,11
2514,16,722,47,16,30,700,11
2514,16,722,47,16,30,742,11
2514,16,722,47,16,30,758,11
2514,16,722,47,16,30,879,11
2514,16,722,47,16,30,927,11
2514,16,722,47,16,30,979,11
2514,16,722,47,16,30,1003,11
2514,16,722,47,16,30,1044,11
2514,16,722,47,16,30,1068,11
2514,16,722,47,16,30,1153,11
2514,16,722,47,16,30,1186,11
2514,16,722,47,16,30,1194,11
2514,16,722,47,16,30,1259,11
2514,16,722,47,16,30,1260,11
2514,16,722,47,16,30,1312,11
2514,16,722,47,16,30,1388,11
2514,16,722,47,16,30,1391,11
2514,16,722,47,16,30,1422,11
2514,16,722,47,16,30,1556,11
2514,16,722,47,16,30,1568,11
2514,16,722,47,16,30,1599,11
2514,16,722,47,16,30,1747,11
2514,16,722,47,16,30,1773,11
2514,16,722,47,16,30,1799,11
2514,16,722,47,16,30,1818,11
2514,16,722,47,16,30,1873,11
2514,16,722,47,16,30,1940,11
2514,16,722,47,16,30,1956,11
2514,16,722,47,16,30,1997,11
2514,16,722,47,16,30,2068,11
2514,16,722,47,16,30,2079,11
2514,16,722,47,16,30,2123,11
2514,16,722,47,16,30,2196,11
2514,16,722,47,16,30,2206,11
2514,16,722,47,16,30,2216,11
2514,16,722,47,16,30,2244,11
2514,16,722,47,16,30,2259,11
2514,16,722,47,16,30,2261,11
2514,16,722,47,16,30,2289,11
2514,16,722,47,16,30,2359,11
2514,16,722,47,16,30,2370,11
2514,16,722,47,16,30,2405,11
2514,16,722,47,165,10,45,11
2514,16,722,47,165,10,272,11
2514,16,722,47,165,10,338,11
2514,16,722,47,165,10,390,11
2514,16,722,47,165,10,620,11
2514,16,722,47,165,10,742,11
2514,16,722,47,165,10,758,11
2514,16,722,47,165,10,979,11
2514,16,722,47,165,10,1044,11
2514,16,722,47,165,10,1068,11
2514,16,722,47,165,10,1186,11
2514,16,722,47,165,10,1259,11
2514,16,722,47,165,10,1260,11
2514,16,722,47,165,10,1312,11
2514,16,722,47,165,10,1391,11
2514,16,722,47,165,10,1422,11
2514,16,722,47,165,10,1747,11
2514,16,722,47,165,10,1773,11
2514,16,722,47,165,10,1799,11
2514,16,722,47,165,10,1956,11
2514,16,722,47,165,10,1997,11
2514,16,722,47,165,10,2068,11
2514,16,722,47,165,10,2079,11
2514,16,722,47,165,10,2206,11
2514,16,722,47,165,10,2244,11
2514,16,722,47,165,10,2259,11
2514,16,722,47,165,10,2261,11
2514,16,722,47,165,10,2289,11
2514,16,722,47,165,10,2359,11
2514,16,722,47,165,10,2405,11
2514,16,722,47,365,11,45,11
2514,16,722,47,365,11,159,11
2514,16,722,47,365,11,272,11
2514,16,722,47,365,11,338,11
2514,16,722,47,365,11,390,11
2514,16,722,47,365,11,457,11
2514,16,722,47,365,11,463,11
2514,16,722,47,365,11,620,11
2514,16,722,47,365,11,700,11
2514,16,722,47,365,11,742,11
2514,16,722,47,365,11,758,11
2514,16,722,47,365,11,879,11
2514,16,722,47,365,11,927,11
2514,16,722,47,365,11,979,11
2514,16,722,47,365,11,1003,11
2514,16,722,47,365,11,1044,11
2514,16,722,47,365,11,1068,11
2514,16,722,47,365,11,1153,11
2514,16,722,47,365,11,1186,11
2514,16,722,47,365,11,1194,11
2514,16,722,47,365,11,1259,11
2514,16,722,47,365,11,1260,11
2514,16,722,47,365,11,1312,11
2514,16,722,47,365,11,1388,11
2514,16,722,47,365,11,1391,11
2514,16,722,47,365,11,1422,11
2514,16,722,47,365,11,1556,11
2514,16,722,47,365,11,1568,11
2514,16,722,47,365,11,1599,11
2514,16,722,47,365,11,1747,11
2514,16,722,47,365,11,1773,11
2514,16,722,47,365,11,1799,11
2514,16,722,47,365,11,1818,11
2514,16,722,47,365,11,1873,11
2514,16,722,47,365,11,1940,11
2514,16,722,47,365,11,1956,11
2514,16,722,47,365,11,1997,11
2514,16,722,47,365,11,2068,11
2514,16,722,47,365,11,2079,11
2514,16,722,47,365,11,2123,11
2514,16,722,47,365,11,2196,11
2514,16,722,47,365,11,2206,11
2514,16,722,47,365,11,2216,11
2514,16,722,47,365,11,2244,11
2514,16,722,47,365,11,2259,11
2514,16,722,47,365,11,2261,11
2514,16,722,47,365,11,2289,11
2514,16,722,47,365,11,2359,11
2514,16,722,47,365,11,2370,11
2514,16,722,47,365,11,2405,11
2514,16,722,47,786,40,45,11
2514,16,722,47,786,40,159,11
2514,16,722,47,786,40,272,11
2514,16,722,47,786,40,338,11
2514,16,722,47,786,40,390,11
2514,16,722,47,786,40,457,11
2514,16,722,47,786,40,463,11
2514,16,722,47,786,40,620,11
2514,16,722,47,786,40,700,11
2514,16,722,47,786,40,742,11
2514,16,722,47,786,40,758,11
2514,16,722,47,786,40,879,11
2514,16,722,47,786,40,927,11
2514,16,722,47,786,40,979,11
2514,16,722,47,786,40,1003,11
2514,16,722,47,786,40,1044,11
2514,16,722,47,786,40,1068,11
2514,16,722,47,786,40,1153,11
2514,16,722,47,786,40,1186,11
2514,16,722,47,786,40,1194,11
2514,16,722,47,786,40,1259,11
2514,16,722,47,786,40,1260,11
2514,16,722,47,786,40,1312,11
2514,16,722,47,786,40,1388,11
2514,16,722,47,786,40,1391,11
2514,16,722,47,786,40,1422,11
2514,16,722,47,786,40,1556,11
2514,16,722,47,786,40,1568,11
2514,16,722,47,786,40,1599,11
2514,16,722,47,786,40,1747,11
2514,16,722,47,786,40,1773,11
2514,16,722,47,786,40,1799,11
2514,16,722,47,786,40,1818,11
2514,16,722,47,786,40,1873,11
2514,16,722,47,786,40,1940,11
2514,16,722,47,786,40,1956,11
2514,16,722,47,786,40,1997,11
2514,16,722,47,786,40,2068,11
2514,16,722,47,786,40,2079,11
2514,16,722,47,786,40,2123,11
2514,16,722,47,786,40,2196,11
2514,16,722,47,786,40,2206,11
2514,16,722,47,786,40,2216,11
2514,16,722,47,786,40,2244,11
2514,16,722,47,786,40,2259,11
2514,16,722,47,786,40,2261,11
2514,16,722,47,786,40,2289,11
2514,16,722,47,786,40,2359,11
2514,16,722,47,786,40,2370,11
2514,16,722,47,786,40,2405,11
2514,16,722,47,906,47,45,11
2514,16,722,47,906,47,159,11
2514,16,722,47,906,47,272,11
2514,16,722,47,906,47,338,11
2514,16,722,47,906,47,390,11
2514,16,722,47,906,47,457,11
2514,16,722,47,906,47,463,11
2514,16,722,47,906,47,620,11
2514,16,722,47,906,47,700,11
2514,16,722,47,906,47,742,11
2514,16,722,47,906,47,758,11
2514,16,722,47,906,47,879,11
2514,16,722,47,906,47,927,11
2514,16,722,47,906,47,979,11
2514,16,722,47,906,47,1003,11
2514,16,722,47,906,47,1044,11
2514,16,722,47,906,47,1068,11
2514,16,722,47,906,47,1153,11
2514,16,722,47,906,47,1186,11
2514,16,722,47,906,47,1194,11
2514,16,722,47,906,47,1259,11
2514,16,722,47,906,47,1260,11
2514,16,722,47,906,47,1312,11
2514,16,722,47,906,47,1388,11
2514,16,722,47,906,47,1391,11
2514,16,722,47,906,47,1422,11
2514,16,722,47,906,47,1556,11
2514,16,722,47,906,47,1568,11
2514,16,722,47,906,47,1599,11
2514,16,722,47,906,47,1747,11
2514,16,722,47,906,47,1773,11
2514,16,722,47,906,47,1799,11
2514,16,722,47,906,47,1818,11
2514,16,722,47,906,47,1873,11
2514,16,722,47,906,47,1940,11
2514,16,722,47,906,47,1956,11
2514,16,722,47,906,47,1997,11
2514,16,722,47,906,47,2068,11
2514,16,722,47,906,47,2079,11
2514,16,722,47,906,47,2123,11
2514,16,722,47,906,47,2196,11
2514,16,722,47,906,47,2206,11
2514,16,722,47,906,47,2216,11
2514,16,722,47,906,47,2244,11
2514,16,722,47,906,47,2259,11
2514,16,722,47,906,47,2261,11
2514,16,722,47,906,47,2289,11
2514,16,722,47,906,47,2359,11
2514,16,722,47,906,47,2370,11
2514,16,722,47,906,47,2405,11
2514,16,722,47,1053,12,45,11
2514,16,722,47,1053,12,159,11
2514,16,722,47,1053,12,272,11
2514,16,722,47,1053,12,338,11
2514,16,722,47,1053,12,390,11
2514,16,722,47,1053,12,457,11
2514,16,722,47,1053,12,463,11
2514,16,722,47,1053,12,620,11
2514,16,722,47,1053,12,700,11
2514,16,722,47,1053,12,742,11
2514,16,722,47,1053,12,758,11
2514,16,722,47,1053,12,879,11
2514,16,722,47,1053,12,927,11
2514,16,722,47,1053,12,979,11
2514,16,722,47,1053,12,1003,11
2514,16,722,47,1053,12,1044,11
2514,16,722,47,1053,12,1068,11
2514,16,722,47,1053,12,1153,11
2514,16,722,47,1053,12,1186,11
2514,16,722,47,1053,12,1194,11
2514,16,722,47,1053,12,1259,11
2514,16,722,47,1053,12,1260,11
2514,16,722,47,1053,12,1312,11
2514,16,722,47,1053,12,1388,11
2514,16,722,47,1053,12,1391,11
2514,16,722,47,1053,12,1422,11
2514,16,722,47,1053,12,1556,11
2514,16,722,47,1053,12,1568,11
2514,16,722,47,1053,12,1599,11
2514,16,722,47,1053,12,1747,11
2514,16,722,47,1053,12,1773,11
2514,16,722,47,1053,12,1799,11
2514,16,722,47,1053,12,1818,11
2514,16,722,47,1053,12,1873,11
2514,16,722,47,1053,12,1940,11
2514,16,722,47,1053,12,1956,11
2514,16,722,47,1053,12,1997,11
2514,16,722,47,1053,12,2068,11
2514,16,722,47,1053,12,2079,11
2514,16,722,47,1053,12,2123,11
2514,16,722,47,1053,12,2196,11
2514,16,722,47,1053,12,2206,11
2514,16,722,47,1053,12,2216,11
2514,16,722,47,1053,12,2244,11
2514,16,722,47,1053,12,2259,11
2514,16,722,47,1053,12,2261,11
2514,16,722,47,1053,12,2289,11
2514,16,722,47,1053,12,2359,11
2514,16,722,47,1053,12,2370,11
2514,16,722,47,1053,12,2405,11
2514,16,722,47,1071,21,45,11
2514,16,722,47,1071,21,159,11
2514,16,722,47,1071,21,272,11
2514,16,722,47,1071,21,338,11
2514,16,722,47,1071,21,390,11
2514,16,722,47,1071,21,457,11
2514,16,722,47,1071,21,463,11
2514,16,722,47,1071,21,620,11
2514,16,722,47,1071,21,700,11
2514,16,722,47,1071,21,742,11
2514,16,722,47,1071,21,758,11
2514,16,722,47,1071,21,879,11
2514,16,722,47,1071,21,927,11
2514,16,722,47,1071,21,979,11
2514,16,722,47,1071,21,1003,11
2514,16,722,47,1071,21,1044,11
2514,16,722,47,1071,21,1068,11
2514,16,722,47,1071,21,1153,11
2514,16,722,47,1071,21,1186,11
2514,16,722,47,1071,21,1194,11
2514,16,722,47,1071,21,1259,11
2514,16,722,47,1071,21,1260,11
2514,16,722,47,1071,21,1312,11
2514,16,722,47,1071,21,1388,11
2514,16,722,47,1071,21,1391,11
2514,16,722,47,1071,21,1422,11
2514,16,722,47,1071,21,1556,11
2514,16,722,47,1071,21,1568,11
2514,16,722,47,1071,21,1599,11
2514,16,722,47,1071,21,1747,11
2514,16,722,47,1071,21,1773,11
2514,16,722,47,1071,21,1799,11
2514,16,722,47,1071,21,1818,11
2514,16,722,47,1071,21,1873,11
2514,16,722,47,1071,21,1940,11
2514,16,722,47,1071,21,1956,11
2514,16,722,47,1071,21,1997,11
2514,16,722,47,1071,21,2068,11
2514,16,722,47,1071,21,2079,11
2514,16,722,47,1071,21,2123,11
2514,16,722,47,1071,21,2196,11
2514,16,722,47,1071,21,2206,11
2514,16,722,47,1071,21,2216,11
2514,16,722,47,1071,21,2244,11
2514,16,722,47,1071,21,2259,11
2514,16,722,47,1071,21,2261,11
2514,16,722,47,1071,21,2289,11
2514,16,722,47,1071,21,2359,11
2514,16,722,47,1071,21,2370,11
2514,16,722,47,1071,21,2405,11
2514,16,722,47,1075,25,45,11
2514,16,722,47,1075,25,159,11
2514,16,722,47,1075,25,272,11
2514,16,722,47,1075,25,338,11
2514,16,722,47,1075,25,390,11
2514,16,722,47,1075,25,457,11
2514,16,722,47,1075,25,463,11
2514,16,722,47,1075,25,620,11
2514,16,722,47,1075,25,700,11
2514,16,722,47,1075,25,742,11
2514,16,722,47,1075,25,758,11
2514,16,722,47,1075,25,879,11
2514,16,722,47,1075,25,927,11
2514,16,722,47,1075,25,979,11
2514,16,722,47,1075,25,1003,11
2514,16,722,47,1075,25,1044,11
2514,16,722,47,1075,25,1068,11
2514,16,722,47,1075,25,1153,11
2514,16,722,47,1075,25,1186,11
2514,16,722,47,1075,25,1194,11
2514,16,722,47,1075,25,1259,11
2514,16,722,47,1075,25,1260,11
2514,16,722,47,1075,25,1312,11
2514,16,722,47,1075,25,1388,11
2514,16,722,47,1075,25,1391,11
2514,16,722,47,1075,25,1422,11
2514,16,722,47,1075,25,1556,11
2514,16,722,47,1075,25,1568,11
2514,16,722,47,1075,25,1599,11
2514,16,722,47,1075,25,1747,11
2514,16,722,47,1075,25,1773,11
2514,16,722,47,1075,25,1799,11
2514,16,722,47,1075,25,1818,11
2514,16,722,47,1075,25,1873,11
2514,16,722,47,1075,25,1940,11
2514,16,722,47,1075,25,1956,11
2514,16,722,47,1075,25,1997,11
2514,16,722,47,1075,25,2068,11
2514,16,722,47,1075,25,2079,11
2514,16,722,47,1075,25,2123,11
2514,16,722,47,1075,25,2196,11
2514,16,722,47,1075,25,2206,11
2514,16,722,47,1075,25,2216,11
2514,16,722,47,1075,25,2244,11
2514,16,722,47,1075,25,2259,11
2514,16,722,47,1075,25,2261,11
2514,16,722,47,1075,25,2289,11
2514,16,722,47,1075,25,2359,11
2514,16,722,47,1075,25,2370,11
2514,16,722,47,1075,25,2405,11
2514,16,722,47,1314,49,457,11
2514,16,722,47,1314,49,700,11
2514,16,722,47,1314,49,927,11
2514,16,722,47,1314,49,1003,11
2514,16,722,47,1314,49,1153,11
2514,16,722,47,1314,49,1194,11
2514,16,722,47,1314,49,1568,11
2514,16,722,47,1314,49,1599,11
2514,16,722,47,1314,49,1818,11
2514,16,722,47,1314,49,1940,11
2514,16,722,47,1380,9,45,11
2514,16,722,47,1380,9,159,11
2514,16,722,47,1380,9,272,11
2514,16,722,47,1380,9,338,11
2514,16,722,47,1380,9,390,11
2514,16,722,47,1380,9,457,11
2514,16,722,47,1380,9,463,11
2514,16,722,47,1380,9,620,11
2514,16,722,47,1380,9,700,11
2514,16,722,47,1380,9,742,11
2514,16,722,47,1380,9,758,11
2514,16,722,47,1380,9,879,11
2514,16,722,47,1380,9,927,11
2514,16,722,47,1380,9,979,11
2514,16,722,47,1380,9,1003,11
2514,16,722,47,1380,9,1044,11
2514,16,722,47,1380,9,1068,11
2514,16,722,47,1380,9,1153,11
2514,16,722,47,1380,9,1186,11
2514,16,722,47,1380,9,1194,11
2514,16,722,47,1380,9,1259,11
2514,16,722,47,1380,9,1260,11
2514,16,722,47,1380,9,1312,11
2514,16,722,47,1380,9,1388,11
2514,16,722,47,1380,9,1391,11
2514,16,722,47,1380,9,1422,11
2514,16,722,47,1380,9,1556,11
2514,16,722,47,1380,9,1568,11
2514,16,722,47,1380,9,1599,11
2514,16,722,47,1380,9,1747,11
2514,16,722,47,1380,9,1773,11
2514,16,722,47,1380,9,1799,11
2514,16,722,47,1380,9,1818,11
2514,16,722,47,1380,9,1873,11
2514,16,722,47,1380,9,1940,11
2514,16,722,47,1380,9,1956,11
2514,16,722,47,1380,9,1997,11
2514,16,722,47,1380,9,2068,11
2514,16,722,47,1380,9,2079,11
2514,16,722,47,1380,9,2123,11
2514,16,722,47,1380,9,2196,11
2514,16,722,47,1380,9,2206,11
2514,16,722,47,1380,9,2216,11
2514,16,722,47,1380,9,2244,11
2514,16,722,47,1380,9,2259,11
2514,16,722,47,1380,9,2261,11
2514,16,722,47,1380,9,2289,11
2514,16,722,47,1380,9,2359,11
2514,16,722,47,1380,9,2370,11
2514,16,722,47,1380,9,2405,11
2514,16,722,47,1775,33,45,11
2514,16,722,47,1775,33,159,11
2514,16,722,47,1775,33,272,11
2514,16,722,47,1775,33,338,11
2514,16,722,47,1775,33,390,11
2514,16,722,47,1775,33,457,11
2514,16,722,47,1775,33,463,11
2514,16,722,47,1775,33,620,11
2514,16,722,47,1775,33,700,11
2514,16,722,47,1775,33,742,11
2514,16,722,47,1775,33,758,11
2514,16,722,47,1775,33,879,11
2514,16,722,47,1775,33,927,11
2514,16,722,47,1775,33,979,11
2514,16,722,47,1775,33,1003,11
2514,16,722,47,1775,33,1044,11
2514,16,722,47,1775,33,1068,11
2514,16,722,47,1775,33,1153,11
2514,16,722,47,1775,33,1186,11
2514,16,722,47,1775,33,1194,11
2514,16,722,47,1775,33,1259,11
2514,16,722,47,1775,33,1260,11
2514,16,722,47,1775,33,1312,11
2514,16,722,47,1775,33,1388,11
2514,16,722,47,1775,33,1391,11
2514,16,722,47,1775,33,1422,11
2514,16,722,47,1775,33,1556,11
2514,16,722,47,1775,33,1568,11
2514,16,722,47,1775,33,1599,11
2514,16,722,47,1775,33,1747,11
2514,16,722,47,1775,33,1773,11
2514,16,722,47,1775,33,1799,11
2514,16,722,47,1775,33,1818,11
2514,16,722,47,1775,33,1873,11
2514,16,722,47,1775,33,1940,11
2514,16,722,47,1775,33,1956,11
2514,16,722,47,1775,33,1997,11
2514,16,722,47,1775,33,2068,11
2514,16,722,47,1775,33,2079,11
2514,16,722,47,1775,33,2123,11
2514,16,722,47,1775,33,2196,11
2514,16,722,47,1775,33,2206,11
2514,16,722,47,1775,33,2216,11
2514,16,722,47,1775,33,2244,11
2514,16,722,47,1775,33,2259,11
2514,16,722,47,1775,33,2261,11
2514,16,722,47,1775,33,2289,11
2514,16,722,47,1775,33,2359,11
2514,16,722,47,1775,33,2370,11
2514,16,722,47,1775,33,2405,11
2514,16,722,47,1787,18,45,11
2514,16,722,47,1787,18,159,11
2514,16,722,47,1787,18,272,11
2514,16,722,47,1787,18,338,11
2514,16,722,47,1787,18,390,11
2514,16,722,47,1787,18,457,11
2514,16,722,47,1787,18,463,11
2514,16,722,47,1787,18,620,11
2514,16,722,47,1787,18,700,11
2514,16,722,47,1787,18,742,11
2514,16,722,47,1787,18,758,11
2514,16,722,47,1787,18,879,11
2514,16,722,47,1787,18,927,11
2514,16,722,47,1787,18,979,11
2514,16,722,47,1787,18,1003,11
2514,16,722,47,1787,18,1044,11
2514,16,722,47,1787,18,1068,11
2514,16,722,47,1787,18,1153,11
2514,16,722,47,1787,18,1186,11
2514,16,722,47,1787,18,1194,11
2514,16,722,47,1787,18,1259,11
2514,16,722,47,1787,18,1260,11
2514,16,722,47,1787,18,1312,11
2514,16,722,47,1787,18,1388,11
2514,16,722,47,1787,18,1391,11
2514,16,722,47,1787,18,1422,11
2514,16,722,47,1787,18,1556,11
2514,16,722,47,1787,18,1568,11
2514,16,722,47,1787,18,1599,11
2514,16,722,47,1787,18,1747,11
2514,16,722,47,1787,18,1773,11
2514,16,722,47,1787,18,1799,11
2514,16,722,47,1787,18,1818,11
2514,16,722,47,1787,18,1873,11
2514,16,722,47,1787,18,1940,11
2514,16,722,47,1787,18,1956,11
2514,16,722,47,1787,18,1997,11
2514,16,722,47,1787,18,2068,11
2514,16,722,47,1787,18,2079,11
2514,16,722,47,1787,18,2123,11
2514,16,722,47,1787,18,2196,11
2514,16,722,47,1787,18,2206,11
2514,16,722,47,1787,18,2216,11
2514,16,722,47,1787,18,2244,11
2514,16,722,47,1787,18,2259,11
2514,16,722,47,1787,18,2261,11
2514,16,722,47,1787,18,2289,11
2514,16,722,47,1787,18,2359,11
2514,16,722,47,1787,18,2370,11
2514,16,722,47,1787,18,2405,11
2514,16,722,47,1857,20,45,11
2514,16,722,47,1857,20,159,11
2514,16,722,47,1857,20,272,11
2514,16,722,47,1857,20,338,11
2514,16,722,47,1857,20,390,11
2514,16,722,47,1857,20,457,11
2514,16,722,47,1857,20,463,11
2514,16,722,47,1857,20,620,11
2514,16,722,47,1857,20,700,11
2514,16,722,47,1857,20,742,11
2514,16,722,47,1857,20,758,11
2514,16,722,47,1857,20,879,11
2514,16,722,47,1857,20,927,11
2514,16,722,47,1857,20,979,11
2514,16,722,47,1857,20,1003,11
2514,16,722,47,1857,20,1044,11
2514,16,722,47,1857,20,1068,11
2514,16,722,47,1857,20,1153,11
2514,16,722,47,1857,20,1186,11
2514,16,722,47,1857,20,1194,11
2514,16,722,47,1857,20,1259,11
2514,16,722,47,1857,20,1260,11
2514,16,722,47,1857,20,1312,11
2514,16,722,47,1857,20,1388,11
2514,16,722,47,1857,20,1391,11
2514,16,722,47,1857,20,1422,11
2514,16,722,47,1857,20,1556,11
2514,16,722,47,1857,20,1568,11
2514,16,722,47,1857,20,1599,11
2514,16,722,47,1857,20,1747,11
2514,16,722,47,1857,20,1773,11
2514,16,722,47,1857,20,1799,11
2514,16,722,47,1857,20,1818,11
2514,16,722,47,1857,20,1873,11
2514,16,722,47,1857,20,1940,11
2514,16,722,47,1857,20,1956,11
2514,16,722,47,1857,20,1997,11
2514,16,722,47,1857,20,2068,11
2514,16,722,47,1857,20,2079,11
2514,16,722,47,1857,20,2123,11
2514,16,722,47,1857,20,2196,11
2514,16,722,47,1857,20,2206,11
2514,16,722,47,1857,20,2216,11
2514,16,722,47,1857,20,2244,11
2514,16,722,47,1857,20,2259,11
2514,16,722,47,1857,20,2261,11
2514,16,722,47,1857,20,2289,11
2514,16,722,47,1857,20,2359,11
2514,16,722,47,1857,20,2370,11
2514,16,722,47,1857,20,2405,11
2514,16,722,47,1862,31,45,11
2514,16,722,47,1862,31,159,11
2514,16,722,47,1862,31,272,11
2514,16,722,47,1862,31,338,11
2514,16,722,47,1862,31,390,11
2514,16,722,47,1862,31,457,11
2514,16,722,47,1862,31,463,11
2514,16,722,47,1862,31,620,11
2514,16,722,47,1862,31,700,11
2514,16,722,47,1862,31,742,11
2514,16,722,47,1862,31,758,11
2514,16,722,47,1862,31,879,11
2514,16,722,47,1862,31,927,11
2514,16,722,47,1862,31,979,11
2514,16,722,47,1862,31,1003,11
2514,16,722,47,1862,31,1044,11
2514,16,722,47,1862,31,1068,11
2514,16,722,47,1862,31,1153,11
2514,16,722,47,1862,31,1186,11
2514,16,722,47,1862,31,1194,11
2514,16,722,47,1862,31,1259,11
2514,16,722,47,1862,31,1260,11
2514,16,722,47,1862,31,1312,11
2514,16,722,47,1862,31,1388,11
2514,16,722,47,1862,31,1391,11
2514,16,722,47,1862,31,1422,11
2514,16,722,47,1862,31,1556,11
2514,16,722,47,1862,31,1568,11
2514,16,722,47,1862,31,1599,11
2514,16,722,47,1862,31,1747,11
2514,16,722,47,1862,31,1773,11
2514,16,722,47,1862,31,1799,11
2514,16,722,47,1862,31,1818,11
2514,16,722,47,1862,31,1873,11
2514,16,722,47,1862,31,1940,11
2514,16,722,47,1862,31,1956,11
2514,16,722,47,1862,31,1997,11
2514,16,722,47,1862,31,2068,11
2514,16,722,47,1862,31,2079,11
2514,16,722,47,1862,31,2123,11
2514,16,722,47,1862,31,2196,11
2514,16,722,47,1862,31,2206,11
2514,16,722,47,1862,31,2216,11
2514,16,722,47,1862,31,2244,11
2514,16,722,47,1862,31,2259,11
2514,16,722,47,1862,31,2261,11
2514,16,722,47,1862,31,2289,11
2514,16,722,47,1862,31,2359,11
2514,16,722,47,1862,31,2370,11
2514,16,722,47,1862,31,2405,11
