2514,16,1823,19,34,39,45,11
2514,16,1823,19,34,39,390,11
2514,16,1823,19,34,39,620,11
2514,16,1823,19,34,39,979,11
2514,16,1823,19,34,39,1799,11
2514,16,1823,19,34,39,1956,11
2514,16,1823,19,34,39,2206,11
2514,16,1823,19,34,39,2244,11
2514,16,1823,19,34,39,2261,11
2514,16,1823,19,34,39,2359,11
2514,16,1823,19,68,9,45,11
2514,16,1823,19,68,9,159,11
2514,16,1823,19,68,9,272,11
2514,16,1823,19,68,9,338,11
2514,16,1823,19,68,9,390,11
2514,16,1823,19,68,9,457,11
2514,16,1823,19,68,9,463,11
2514,16,1823,19,68,9,620,11
2514,16,1823,19,68,9,700,11
2514,16,1823,19,68,9,742,11
2514,16,1823,19,68,9,758,11
2514,16,1823,19,68,9,879,11
2514,16,1823,19,68,9,927,11
2514,16,1823,19,68,9,979,11
2514,16,1823,19,68,9,1003,11
2514,16,1823,19,68,9,1044,11
2514,16,1823,19,68,9,1068,11
2514,16,1823,19,68,9,1153,11
2514,16,1823,19,68,9,1186,11
2514,16,1823,19,68,9,1194,11
2514,16,1823,19,68,9,1259,11
2514,16,1823,19,68,9,1260,11
2514,16,1823,19,68,9,1312,11
2514,16,1823,19,68,9,1388,11
2514,16,1823,19,68,9,1391,11
2514,16,1823,19,68,9,1422,11
2514,16,1823,19,68,9,1556,11
2514,16,1823,19,68,9,1568,11
2514,16,1823,19,68,9,1599,11
2514,16,1823,19,68,9,1747,11
2514,16,1823,19,68,9,1773,11
2514,16,1823,19,68,9,1799,11
2514,16,1823,19,68,9,1818,11
2514,16,1823,19,68,9,1873,11
2514,16,1823,19,68,9,1940,11
2514,16,1823,19,68,9,1956,11
2514,16,1823,19,68,9,1997,11
2514,16,1823,19,68,9,2068,11
2514,16,1823,19,68,9,2079,11
2514,16,1823,19,68,9,2123,11
2514,16,1823,19,68,9,2196,11
2514,16,1823,19,68,9,2206,11
2514,16,1823,19,68,9,2216,11
2514,16,1823,19,68,9,2244,11
2514,16,1823,19,68,9,2259,11
2514,16,1823,19,68,9,2261,11
2514,16,1823,19,68,9,2289,11
2514,16,1823,19,68,9,2359,11
2514,16,1823,19,68,9,2370,11
2514,16,1823,19,68,9,2405,11
2514,16,1823,19,71,17,45,11
2514,16,1823,19,71,17,159,11
2514,16,1823,19,71,17,272,11
2514,16,1823,19,71,17,338,11
2514,16,1823,19,71,17,390,11
2514,16,1823,19,71,17,457,11
2514,16,1823,19,71,17,463,11
2514,16,1823,19,71,17,620,11
2514,16,1823,19,71,17,700,11
2514,16,1823,19,71,17,742,11
2514,16,1823,19,71,17,758,11
2514,16,1823,19,71,17,879,11
2514,16,1823,19,71,17,927,11
2514,16,1823,19,71,17,979,11
2514,16,1823,19,71,17,1003,11
2514,16,1823,19,71,17,1044,11
2514,16,1823,19,71,17,1068,11
2514,16,1823,19,71,17,1153,11
2514,16,1823,19,71,17,1186,11
2514,16,1823,19,71,17,1194,11
2514,16,1823,19,71,17,1259,11
2514,16,1823,19,71,17,1260,11
2514,16,1823,19,71,17,1312,11
2514,16,1823,19,71,17,1388,11
2514,16,1823,19,71,17,1391,11
2514,16,1823,19,71,17,1422,11
2514,16,1823,19,71,17,1556,11
2514,16,1823,19,71,17,1568,11
2514,16,1823,19,71,17,1599,11
2514,16,1823,19,71,17,1747,11
2514,16,1823,19,71,17,1773,11
2514,16,1823,19,71,17,1799,11
2514,16,1823,19,71,17,1818,11
2514,16,1823,19,71,17,1873,11
2514,16,1823,19,71,17,1940,11
2514,16,1823,19,71,17,1956,11
2514,16,1823,19,71,17,1997,11
2514,16,1823,19,71,17,2068,11
2514,16,1823,19,71,17,2079,11
2514,16,1823,19,71,17,2123,11
2514,16,1823,19,71,17,2196,11
2514,16,1823,19,71,17,2206,11
2514,16,1823,19,71,17,2216,11
2514,16,1823,19,71,17,2244,11
2514,16,1823,19,71,17,2259,11
2514,16,1823,19,71,17,2261,11
2514,16,1823,19,71,17,2289,11
2514,16,1823,19,71,17,2359,11
2514,16,1823,19,71,17,2370,11
2514,16,1823,19,71,17,2405,11
2514,16,1823,19,251,33,45,11
2514,16,1823,19,251,33,159,11
2514,16,1823,19,251,33,272,11
2514,16,1823,19,251,33,338,11
2514,16,1823,19,251,33,390,11
2514,16,1823,19,251,33,457,11
2514,16,1823,19,251,33,463,11
2514,16,1823,19,251,33,620,11
2514,16,1823,19,251,33,700,11
2514,16,1823,19,251,33,742,11
2514,16,1823,19,251,33,758,11
2514,16,1823,19,251,33,879,11
2514,16,1823,19,251,33,927,11
2514,16,1823,19,251,33,979,11
2514,16,1823,19,251,33,1003,11
2514,16,1823,19,251,33,1044,11
2514,16,1823,19,251,33,1068,11
2514,16,1823,19,251,33,1153,11
2514,16,1823,19,251,33,1186,11
2514,16,1823,19,251,33,1194,11
2514,16,1823,19,251,33,1259,11
2514,16,1823,19,251,33,1260,11
2514,16,1823,19,251,33,1312,11
2514,16,1823,19,251,33,1388,11
2514,16,1823,19,251,33,1391,11
2514,16,1823,19,251,33,1422,11
2514,16,1823,19,251,33,1556,11
2514,16,1823,19,251,33,1568,11
2514,16,1823,19,251,33,1599,11
2514,16,1823,19,251,33,1747,11
2514,16,1823,19,251,33,1773,11
2514,16,1823,19,251,33,1799,11
2514,16,1823,19,251,33,1818,11
2514,16,1823,19,251,33,1873,11
2514,16,1823,19,251,33,1940,11
2514,16,1823,19,251,33,1956,11
2514,16,1823,19,251,33,1997,11
2514,16,1823,19,251,33,2068,11
2514,16,1823,19,251,33,2079,11
2514,16,1823,19,251,33,2123,11
2514,16,1823,19,251,33,2196,11
2514,16,1823,19,251,33,2206,11
2514,16,1823,19,251,33,2216,11
2514,16,1823,19,251,33,2244,11
2514,16,1823,19,251,33,2259,11
2514,16,1823,19,251,33,2261,11
2514,16,1823,19,251,33,2289,11
2514,16,1823,19,251,33,2359,11
2514,16,1823,19,251,33,2370,11
2514,16,1823,19,251,33,2405,11
2514,16,1823,19,458,31,45,11
2514,16,1823,19,458,31,159,11
2514,16,1823,19,458,31,272,11
2514,16,1823,19,458,31,338,11
2514,16,1823,19,458,31,390,11
2514,16,1823,19,458,31,457,11
2514,16,1823,19,458,31,463,11
2514,16,1823,19,458,31,620,11
2514,16,1823,19,458,31,700,11
2514,16,1823,19,458,31,742,11
2514,16,1823,19,458,31,758,11
2514,16,1823,19,458,31,879,11
2514,16,1823,19,458,31,927,11
2514,16,1823,19,458,31,979,11
2514,16,1823,19,458,31,1003,11
2514,16,1823,19,458,31,1044,11
2514,16,1823,19,458,31,1068,11
2514,16,1823,19,458,31,1153,11
2514,16,1823,19,458,31,1186,11
2514,16,1823,19,458,31,1194,11
2514,16,1823,19,458,31,1259,11
2514,16,1823,19,458,31,1260,11
2514,16,1823,19,458,31,1312,11
2514,16,1823,19,458,31,1388,11
2514,16,1823,19,458,31,1391,11
2514,16,1823,19,458,31,1422,11
2514,16,1823,19,458,31,1556,11
2514,16,1823,19,458,31,1568,11
2514,16,1823,19,458,31,1599,11
2514,16,1823,19,458,31,1747,11
2514,16,1823,19,458,31,1773,11
2514,16,1823,19,458,31,1799,11
2514,16,1823,19,458,31,1818,11
2514,16,1823,19,458,31,1873,11
2514,16,1823,19,458,31,1940,11
2514,16,1823,19,458,31,1956,11
2514,16,1823,19,458,31,1997,11
2514,16,1823,19,458,31,2068,11
2514,16,1823,19,458,31,2079,11
2514,16,1823,19,458,31,2123,11
2514,16,1823,19,458,31,2196,11
2514,16,1823,19,458,31,2206,11
2514,16,1823,19,458,31,2216,11
2514,16,1823,19,458,31,2244,11
2514,16,1823,19,458,31,2259,11
2514,16,1823,19,458,31,2261,11
2514,16,1823,19,458,31,2289,11
2514,16,1823,19,458,31,2359,11
2514,16,1823,19,458,31,2370,11
2514,16,1823,19,458,31,2405,11
2514,16,1823,19,501,28,45,11
2514,16,1823,19,501,28,159,11
2514,16,1823,19,501,28,272,11
2514,16,1823,19,501,28,338,11
2514,16,1823,19,501,28,390,11
2514,16,1823,19,501,28,457,11
2514,16,1823,19,501,28,463,11
2514,16,1823,19,501,28,620,11
2514,16,1823,19,501,28,700,11
2514,16,1823,19,501,28,742,11
2514,16,1823,19,501,28,758,11
2514,16,1823,19,501,28,879,11
2514,16,1823,19,501,28,927,11
2514,16,1823,19,501,28,979,11
2514,16,1823,19,501,28,1003,11
2514,16,1823,19,501,28,1044,11
2514,16,1823,19,501,28,1068,11
2514,16,1823,19,501,28,1153,11
2514,16,1823,19,501,28,1186,11
2514,16,1823,19,501,28,1194,11
2514,16,1823,19,501,28,1259,11
2514,16,1823,19,501,28,1260,11
2514,16,1823,19,501,28,1312,11
2514,16,1823,19,501,28,1388,11
2514,16,1823,19,501,28,1391,11
2514,16,1823,19,501,28,1422,11
2514,16,1823,19,501,28,1556,11
2514,16,1823,19,501,28,1568,11
2514,16,1823,19,501,28,1599,11
2514,16,1823,19,501,28,1747,11
2514,16,1823,19,501,28,1773,11
2514,16,1823,19,501,28,1799,11
2514,16,1823,19,501,28,1818,11
2514,16,1823,19,501,28,1873,11
2514,16,1823,19,501,28,1940,11
2514,16,1823,19,501,28,1956,11
2514,16,1823,19,501,28,1997,11
2514,16,1823,19,501,28,2068,11
2514,16,1823,19,501,28,2079,11
2514,16,1823,19,501,28,2123,11
2514,16,1823,19,501,28,2196,11
2514,16,1823,19,501,28,2206,11
2514,16,1823,19,501,28,2216,11
2514,16,1823,19,501,28,2244,11
2514,16,1823,19,501,28,2259,11
2514,16,1823,19,501,28,2261,11
2514,16,1823,19,501,28,2289,11
2514,16,1823,19,501,28,2359,11
2514,16,1823,19,501,28,2370,11
2514,16,1823,19,501,28,2405,11
2514,16,1823,19,519,10,45,11
2514,16,1823,19,519,10,159,11
2514,16,1823,19,519,10,272,11
2514,16,1823,19,519,10,338,11
2514,16,1823,19,519,10,390,11
2514,16,1823,19,519,10,457,11
2514,16,1823,19,519,10,463,11
2514,16,1823,19,519,10,620,11
2514,16,1823,19,519,10,700,11
2514,16,1823,19,519,10,742,11
2514,16,1823,19,519,10,758,11
2514,16,1823,19,519,10,879,11
2514,16,1823,19,519,10,927,11
2514,16,1823,19,519,10,979,11
2514,16,1823,19,519,10,1003,11
2514,16,1823,19,519,10,1044,11
2514,16,1823,19,519,10,1068,11
2514,16,1823,19,519,10,1153,11
2514,16,1823,19,519,10,1186,11
2514,16,1823,19,519,10,1194,11
2514,16,1823,19,519,10,1259,11
2514,16,1823,19,519,10,1260,11
2514,16,1823,19,519,10,1312,11
2514,16,1823,19,519,10,1388,11
2514,16,1823,19,519,10,1391,11
2514,16,1823,19,519,10,1422,11
2514,16,1823,19,519,10,1556,11
2514,16,1823,19,519,10,1568,11
2514,16,1823,19,519,10,1599,11
2514,16,1823,19,519,10,1747,11
2514,16,1823,19,519,10,1773,11
2514,16,1823,19,519,10,1799,11
2514,16,1823,19,519,10,1818,11
2514,16,1823,19,519,10,1873,11
2514,16,1823,19,519,10,1940,11
2514,16,1823,19,519,10,1956,11
2514,16,1823,19,519,10,1997,11
2514,16,1823,19,519,10,2068,11
2514,16,1823,19,519,10,2079,11
2514,16,1823,19,519,10,2123,11
2514,16,1823,19,519,10,2196,11
2514,16,1823,19,519,10,2206,11
2514,16,1823,19,519,10,2216,11
2514,16,1823,19,519,10,2244,11
2514,16,1823,19,519,10,2259,11
2514,16,1823,19,519,10,2261,11
2514,16,1823,19,519,10,2289,11
2514,16,1823,19,519,10,2359,11
2514,16,1823,19,519,10,2370,11
2514,16,1823,19,519,10,2405,11
2514,16,1823,19,826,28,45,11
2514,16,1823,19,826,28,159,11
2514,16,1823,19,826,28,272,11
2514,16,1823,19,826,28,338,11
2514,16,1823,19,826,28,390,11
2514,16,1823,19,826,28,457,11
2514,16,1823,19,826,28,463,11
2514,16,1823,19,826,28,620,11
2514,16,1823,19,826,28,700,11
2514,16,1823,19,826,28,742,11
2514,16,1823,19,826,28,758,11
2514,16,1823,19,826,28,879,11
2514,16,1823,19,826,28,927,11
2514,16,1823,19,826,28,979,11
2514,16,1823,19,826,28,1003,11
2514,16,1823,19,826,28,1044,11
2514,16,1823,19,826,28,1068,11
2514,16,1823,19,826,28,1153,11
2514,16,1823,19,826,28,1186,11
2514,16,1823,19,826,28,1194,11
2514,16,1823,19,826,28,1259,11
2514,16,1823,19,826,28,1260,11
2514,16,1823,19,826,28,1312,11
2514,16,1823,19,826,28,1388,11
2514,16,1823,19,826,28,1391,11
2514,16,1823,19,826,28,1422,11
2514,16,1823,19,826,28,1556,11
2514,16,1823,19,826,28,1568,11
2514,16,1823,19,826,28,1599,11
2514,16,1823,19,826,28,1747,11
2514,16,1823,19,826,28,1773,11
2514,16,1823,19,826,28,1799,11
2514,16,1823,19,826,28,1818,11
2514,16,1823,19,826,28,1873,11
2514,16,1823,19,826,28,1940,11
2514,16,1823,19,826,28,1956,11
2514,16,1823,19,826,28,1997,11
2514,16,1823,19,826,28,2068,11
2514,16,1823,19,826,28,2079,11
2514,16,1823,19,826,28,2123,11
2514,16,1823,19,826,28,2196,11
2514,16,1823,19,826,28,2206,11
2514,16,1823,19,826,28,2216,11
2514,16,1823,19,826,28,2244,11
2514,16,1823,19,826,28,2259,11
2514,16,1823,19,826,28,2261,11
2514,16,1823,19,826,28,2289,11
2514,16,1823,19,826,28,2359,11
2514,16,1823,19,826,28,2370,11
2514,16,1823,19,826,28,2405,11
2514,16,1823,19,1115,27,159,11
2514,16,1823,19,1115,27,272,11
2514,16,1823,19,1115,27,457,11
2514,16,1823,19,1115,27,463,11
2514,16,1823,19,1115,27,700,11
2514,16,1823,19,1115,27,879,11
2514,16,1823,19,1115,27,927,11
2514,16,1823,19,1115,27,1003,11
2514,16,1823,19,1115,27,1068,11
2514,16,1823,19,1115,27,1153,11
2514,16,1823,19,1115,27,1194,11
2514,16,1823,19,1115,27,1260,11
2514,16,1823,19,1115,27,1388,11
2514,16,1823,19,1115,27,1391,11
2514,16,1823,19,1115,27,1422,11
2514,16,1823,19,1115,27,1556,11
2514,16,1823,19,1115,27,1568,11
2514,16,1823,19,1115,27,1599,11
2514,16,1823,19,1115,27,1747,11
2514,16,1823,19,1115,27,1818,11
2514,16,1823,19,1115,27,1873,11
2514,16,1823,19,1115,27,1940,11
2514,16,1823,19,1115,27,2068,11
2514,16,1823,19,1115,27,2079,11
2514,16,1823,19,1115,27,2123,11
2514,16,1823,19,1115,27,2196,11
2514,16,1823,19,1115,27,2216,11
2514,16,1823,19,1115,27,2259,11
2514,16,1823,19,1115,27,2370,11
2514,16,1823,19,1115,27,2405,11
2514,16,1823,19,1212,49,45,11
2514,16,1823,19,1212,49,159,11
2514,16,1823,19,1212,49,272,11
2514,16,1823,19,1212,49,338,11
2514,16,1823,19,1212,49,390,11
2514,16,1823,19,1212,49,457,11
2514,16,1823,19,1212,49,463,11
2514,16,1823,19,1212,49,620,11
2514,16,1823,19,1212,49,700,11
2514,16,1823,19,1212,49,742,11
2514,16,1823,19,1212,49,758,11
2514,16,1823,19,1212,49,879,11
2514,16,1823,19,1212,49,927,11
2514,16,1823,19,1212,49,979,11
2514,16,1823,19,1212,49,1003,11
2514,16,1823,19,1212,49,1044,11
2514,16,1823,19,1212,49,1068,11
2514,16,1823,19,1212,49,1153,11
2514,16,1823,19,1212,49,1186,11
2514,16,1823,19,1212,49,1194,11
2514,16,1823,19,1212,49,1259,11
2514,16,1823,19,1212,49,1260,11
2514,16,1823,19,1212,49,1312,11
2514,16,1823,19,1212,49,1388,11
2514,16,1823,19,1212,49,1391,11
2514,16,1823,19,1212,49,1422,11
2514,16,1823,19,1212,49,1556,11
2514,16,1823,19,1212,49,1568,11
2514,16,1823,19,1212,49,1599,11
2514,16,1823,19,1212,49,1747,11
2514,16,1823,19,1212,49,1773,11
2514,16,1823,19,1212,49,1799,11
2514,16,1823,19,1212,49,1818,11
2514,16,1823,19,1212,49,1873,11
2514,16,1823,19,1212,49,1940,11
2514,16,1823,19,1212,49,1956,11
2514,16,1823,19,1212,49,1997,11
2514,16,1823,19,1212,49,2068,11
2514,16,1823,19,1212,49,2079,11
2514,16,1823,19,1212,49,2123,11
2514,16,1823,19,1212,49,2196,11
2514,16,1823,19,1212,49,2206,11
2514,16,1823,19,1212,49,2216,11
2514,16,1823,19,1212,49,2244,11
2514,16,1823,19,1212,49,2259,11
2514,16,1823,19,1212,49,2261,11
2514,16,1823,19,1212,49,2289,11
2514,16,1823,19,1212,49,2359,11
2514,16,1823,19,1212,49,2370,11
2514,16,1823,19,1212,49,2405,11
2514,16,1823,19,1248,35,45,11
2514,16,1823,19,1248,35,159,11
2514,16,1823,19,1248,35,272,11
2514,16,1823,19,1248,35,338,11
2514,16,1823,19,1248,35,390,11
2514,16,1823,19,1248,35,457,11
2514,16,1823,19,1248,35,463,11
2514,16,1823,19,1248,35,620,11
2514,16,1823,19,1248,35,700,11
2514,16,1823,19,1248,35,742,11
2514,16,1823,19,1248,35,758,11
2514,16,1823,19,1248,35,879,11
2514,16,1823,19,1248,35,927,11
2514,16,1823,19,1248,35,979,11
2514,16,1823,19,1248,35,1003,11
2514,16,1823,19,1248,35,1044,11
2514,16,1823,19,1248,35,1068,11
2514,16,1823,19,1248,35,1153,11
2514,16,1823,19,1248,35,1186,11
2514,16,1823,19,1248,35,1194,11
2514,16,1823,19,1248,35,1259,11
2514,16,1823,19,1248,35,1260,11
2514,16,1823,19,1248,35,1312,11
2514,16,1823,19,1248,35,1388,11
2514,16,1823,19,1248,35,1391,11
2514,16,1823,19,1248,35,1422,11
2514,16,1823,19,1248,35,1556,11
2514,16,1823,19,1248,35,1568,11
2514,16,1823,19,1248,35,1599,11
2514,16,1823,19,1248,35,1747,11
2514,16,1823,19,1248,35,1773,11
2514,16,1823,19,1248,35,1799,11
2514,16,1823,19,1248,35,1818,11
2514,16,1823,19,1248,35,1873,11
2514,16,1823,19,1248,35,1940,11
2514,16,1823,19,1248,35,1956,11
2514,16,1823,19,1248,35,1997,11
2514,16,1823,19,1248,35,2068,11
2514,16,1823,19,1248,35,2079,11
2514,16,1823,19,1248,35,2123,11
2514,16,1823,19,1248,35,2196,11
2514,16,1823,19,1248,35,2206,11
2514,16,1823,19,1248,35,2216,11
2514,16,1823,19,1248,35,2244,11
2514,16,1823,19,1248,35,2259,11
2514,16,1823,19,1248,35,2261,11
2514,16,1823,19,1248,35,2289,11
2514,16,1823,19,1248,35,2359,11
2514,16,1823,19,1248,35,2370,11
2514,16,1823,19,1248,35,2405,11
2514,16,1823,19,1591,47,45,11
2514,16,1823,19,1591,47,159,11
2514,16,1823,19,1591,47,272,11
2514,16,1823,19,1591,47,338,11
2514,16,1823,19,1591,47,390,11
2514,16,1823,19,1591,47,457,11
2514,16,1823,19,1591,47,463,11
2514,16,1823,19,1591,47,620,11
2514,16,1823,19,1591,47,700,11
2514,16,1823,19,1591,47,742,11
2514,16,1823,19,1591,47,758,11
2514,16,1823,19,1591,47,879,11
2514,16,1823,19,1591,47,927,11
2514,16,1823,19,1591,47,979,11
2514,16,1823,19,1591,47,1003,11
2514,16,1823,19,1591,47,1044,11
2514,16,1823,19,1591,47,1068,11
2514,16,1823,19,1591,47,1153,11
2514,16,1823,19,1591,47,1186,11
2514,16,1823,19,1591,47,1194,11
2514,16,1823,19,1591,47,1259,11
2514,16,1823,19,1591,47,1260,11
2514,16,1823,19,1591,47,1312,11
2514,16,1823,19,1591,47,1388,11
2514,16,1823,19,1591,47,1391,11
2514,16,1823,19,1591,47,1422,11
2514,16,1823,19,1591,47,1556,11
2514,16,1823,19,1591,47,1568,11
2514,16,1823,19,1591,47,1599,11
2514,16,1823,19,1591,47,1747,11
2514,16,1823,19,1591,47,1773,11
2514,16,1823,19,1591,47,1799,11
2514,16,1823,19,1591,47,1818,11
2514,16,1823,19,1591,47,1873,11
2514,16,1823,19,1591,47,1940,11
2514,16,1823,19,1591,47,1956,11
2514,16,1823,19,1591,47,1997,11
2514,16,1823,19,1591,47,2068,11
2514,16,1823,19,1591,47,2079,11
2514,16,1823,19,1591,47,2123,11
2514,16,1823,19,1591,47,2196,11
2514,16,1823,19,1591,47,2206,11
2514,16,1823,19,1591,47,2216,11
2514,16,1823,19,1591,47,2244,11
2514,16,1823,19,1591,47,2259,11
2514,16,1823,19,1591,47,2261,11
2514,16,1823,19,1591,47,2289,11
2514,16,1823,19,1591,47,2359,11
2514,16,1823,19,1591,47,2370,11
2514,16,1823,19,1591,47,2405,11
2514,16,1823,19,1615,47,45,11
2514,16,1823,19,1615,47,159,11
2514,16,1823,19,1615,47,272,11
2514,16,1823,19,1615,47,338,11
2514,16,1823,19,1615,47,390,11
2514,16,1823,19,1615,47,457,11
2514,16,1823,19,1615,47,463,11
2514,16,1823,19,1615,47,620,11
2514,16,1823,19,1615,47,700,11
2514,16,1823,19,1615,47,742,11
2514,16,1823,19,1615,47,758,11
2514,16,1823,19,1615,47,879,11
2514,16,1823,19,1615,47,927,11
2514,16,1823,19,1615,47,979,11
2514,16,1823,19,1615,47,1003,11
2514,16,1823,19,1615,47,1044,11
2514,16,1823,19,1615,47,1068,11
2514,16,1823,19,1615,47,1153,11
2514,16,1823,19,1615,47,1186,11
2514,16,1823,19,1615,47,1194,11
2514,16,1823,19,1615,47,1259,11
2514,16,1823,19,1615,47,1260,11
2514,16,1823,19,1615,47,1312,11
2514,16,1823,19,1615,47,1388,11
2514,16,1823,19,1615,47,1391,11
2514,16,1823,19,1615,47,1422,11
2514,16,1823,19,1615,47,1556,11
2514,16,1823,19,1615,47,1568,11
2514,16,1823,19,1615,47,1599,11
2514,16,1823,19,1615,47,1747,11
2514,16,1823,19,1615,47,1773,11
2514,16,1823,19,1615,47,1799,11
2514,16,1823,19,1615,47,1818,11
2514,16,1823,19,1615,47,1873,11
2514,16,1823,19,1615,47,1940,11
2514,16,1823,19,1615,47,1956,11
2514,16,1823,19,1615,47,1997,11
2514,16,1823,19,1615,47,2068,11
2514,16,1823,19,1615,47,2079,11
2514,16,1823,19,1615,47,2123,11
2514,16,1823,19,1615,47,2196,11
2514,16,1823,19,1615,47,2206,11
2514,16,1823,19,1615,47,2216,11
2514,16,1823,19,1615,47,2244,11
2514,16,1823,19,1615,47,2259,11
2514,16,1823,19,1615,47,2261,11
2514,16,1823,19,1615,47,2289,11
2514,16,1823,19,1615,47,2359,11
2514,16,1823,19,1615,47,2370,11
2514,16,1823,19,1615,47,2405,11
2514,16,1823,19,1939,48,45,11
2514,16,1823,19,1939,48,159,11
2514,16,1823,19,1939,48,272,11
2514,16,1823,19,1939,48,338,11
2514,16,1823,19,1939,48,390,11
2514,16,1823,19,1939,48,457,11
2514,16,1823,19,1939,48,463,11
2514,16,1823,19,1939,48,620,11
2514,16,1823,19,1939,48,700,11
2514,16,1823,19,1939,48,742,11
2514,16,1823,19,1939,48,758,11
2514,16,1823,19,1939,48,879,11
2514,16,1823,19,1939,48,927,11
2514,16,1823,19,1939,48,979,11
2514,16,1823,19,1939,48,1003,11
2514,16,1823,19,1939,48,1044,11
2514,16,1823,19,1939,48,1068,11
2514,16,1823,19,1939,48,1153,11
2514,16,1823,19,1939,48,1186,11
2514,16,1823,19,1939,48,1194,11
2514,16,1823,19,1939,48,1259,11
2514,16,1823,19,1939,48,1260,11
2514,16,1823,19,1939,48,1312,11
2514,16,1823,19,1939,48,1388,11
2514,16,1823,19,1939,48,1391,11
2514,16,1823,19,1939,48,1422,11
2514,16,1823,19,1939,48,1556,11
2514,16,1823,19,1939,48,1568,11
2514,16,1823,19,1939,48,1599,11
2514,16,1823,19,1939,48,1747,11
2514,16,1823,19,1939,48,1773,11
2514,16,1823,19,1939,48,1799,11
2514,16,1823,19,1939,48,1818,11
2514,16,1823,19,1939,48,1873,11
2514,16,1823,19,1939,48,1940,11
2514,16,1823,19,1939,48,1956,11
2514,16,1823,19,1939,48,1997,11
2514,16,1823,19,1939,48,2068,11
2514,16,1823,19,1939,48,2079,11
2514,16,1823,19,1939,48,2123,11
2514,16,1823,19,1939,48,2196,11
2514,16,1823,19,1939,48,2206,11
2514,16,1823,19,1939,48,2216,11
2514,16,1823,19,1939,48,2244,11
2514,16,1823,19,1939,48,2259,11
2514,16,1823,19,1939,48,2261,11
2514,16,1823,19,1939,48,2289,11
2514,16,1823,19,1939,48,2359,11
2514,16,1823,19,1939,48,2370,11
2514,16,1823,19,1939,48,2405,11
