2514,16,709,17,34,39,45,11
2514,16,709,17,34,39,159,11
2514,16,709,17,34,39,272,11
2514,16,709,17,34,39,338,11
2514,16,709,17,34,39,390,11
2514,16,709,17,34,39,457,11
2514,16,709,17,34,39,463,11
2514,16,709,17,34,39,620,11
2514,16,709,17,34,39,700,11
2514,16,709,17,34,39,742,11
2514,16,709,17,34,39,758,11
2514,16,709,17,34,39,879,11
2514,16,709,17,34,39,927,11
2514,16,709,17,34,39,979,11
2514,16,709,17,34,39,1003,11
2514,16,709,17,34,39,1044,11
2514,16,709,17,34,39,1068,11
2514,16,709,17,34,39,1153,11
2514,16,709,17,34,39,1186,11
2514,16,709,17,34,39,1194,11
2514,16,709,17,34,39,1259,11
2514,16,709,17,34,39,1260,11
2514,16,709,17,34,39,1312,11
2514,16,709,17,34,39,1388,11
2514,16,709,17,34,39,1391,11
2514,16,709,17,34,39,1422,11
2514,16,709,17,34,39,1556,11
2514,16,709,17,34,39,1568,11
2514,16,709,17,34,39,1599,11
2514,16,709,17,34,39,1747,11
2514,16,709,17,34,39,1773,11
2514,16,709,17,34,39,1799,11
2514,16,709,17,34,39,1818,11
2514,16,709,17,34,39,1873,11
2514,16,709,17,34,39,1940,11
2514,16,709,17,34,39,1956,11
2514,16,709,17,34,39,1997,11
2514,16,709,17,34,39,2068,11
2514,16,709,17,34,39,2079,11
2514,16,709,17,34,39,2123,11
2514,16,709,17,34,39,2196,11
2514,16,709,17,34,39,2206,11
2514,16,709,17,34,39,2216,11
2514,16,709,17,34,39,2244,11
2514,16,709,17,34,39,2259,11
2514,16,709,17,34,39,2261,11
2514,16,709,17,34,39,2289,11
2514,16,709,17,34,39,2359,11
2514,16,709,17,34,39,2370,11
2514,16,709,17,34,39,2405,11
2514,16,709,17,68,9,45,11
2514,16,709,17,68,9,159,11
2514,16,709,17,68,9,272,11
2514,16,709,17,68,9,338,11
2514,16,709,17,68,9,390,11
2514,16,709,17,68,9,457,11
2514,16,709,17,68,9,463,11
2514,16,709,17,68,9,620,11
2514,16,709,17,68,9,700,11
2514,16,709,17,68,9,742,11
2514,16,709,17,68,9,758,11
2514,16,709,17,68,9,879,11
2514,16,709,17,68,9,927,11
2514,16,709,17,68,9,979,11
2514,16,709,17,68,9,1003,11
2514,16,709,17,68,9,1044,11
2514,16,709,17,68,9,1068,11
2514,16,709,17,68,9,1153,11
2514,16,709,17,68,9,1186,11
2514,16,709,17,68,9,1194,11
2514,16,709,17,68,9,1259,11
2514,16,709,17,68,9,1260,11
2514,16,709,17,68,9,1312,11
2514,16,709,17,68,9,1388,11
2514,16,709,17,68,9,1391,11
2514,16,709,17,68,9,1422,11
2514,16,709,17,68,9,1556,11
2514,16,709,17,68,9,1568,11
2514,16,709,17,68,9,1599,11
2514,16,709,17,68,9,1747,11
2514,16,709,17,68,9,1773,11
2514,16,709,17,68,9,1799,11
2514,16,709,17,68,9,1818,11
2514,16,709,17,68,9,1873,11
2514,16,709,17,68,9,1940,11
2514,16,709,17,68,9,1956,11
2514,16,709,17,68,9,1997,11
2514,16,709,17,68,9,2068,11
2514,16,709,17,68,9,2079,11
2514,16,709,17,68,9,2123,11
2514,16,709,17,68,9,2196,11
2514,16,709,17,68,9,2206,11
2514,16,709,17,68,9,2216,11
2514,16,709,17,68,9,2244,11
2514,16,709,17,68,9,2259,11
2514,16,709,17,68,9,2261,11
2514,16,709,17,68,9,2289,11
2514,16,709,17,68,9,2359,11
2514,16,709,17,68,9,2370,11
2514,16,709,17,68,9,2405,11
2514,16,709,17,71,17,45,11
2514,16,709,17,71,17,159,11
2514,16,709,17,71,17,272,11
2514,16,709,17,71,17,338,11
2514,16,709,17,71,17,390,11
2514,16,709,17,71,17,457,11
2514,16,709,17,71,17,463,11
2514,16,709,17,71,17,620,11
2514,16,709,17,71,17,700,11
2514,16,709,17,71,17,742,11
2514,16,709,17,71,17,758,11
2514,16,709,17,71,17,879,11
2514,16,709,17,71,17,927,11
2514,16,709,17,71,17,979,11
2514,16,709,17,71,17,1003,11
2514,16,709,17,71,17,1044,11
2514,16,709,17,71,17,1068,11
2514,16,709,17,71,17,1153,11
2514,16,709,17,71,17,1186,11
2514,16,709,17,71,17,1194,11
2514,16,709,17,71,17,1259,11
2514,16,709,17,71,17,1260,11
2514,16,709,17,71,17,1312,11
2514,16,709,17,71,17,1388,11
2514,16,709,17,71,17,1391,11
2514,16,709,17,71,17,1422,11
2514,16,709,17,71,17,1556,11
2514,16,709,17,71,17,1568,11
2514,16,709,17,71,17,1599,11
2514,16,709,17,71,17,1747,11
2514,16,709,17,71,17,1773,11
2514,16,709,17,71,17,1799,11
2514,16,709,17,71,17,1818,11
2514,16,709,17,71,17,1873,11
2514,16,709,17,71,17,1940,11
2514,16,709,17,71,17,1956,11
2514,16,709,17,71,17,1997,11
2514,16,709,17,71,17,2068,11
2514,16,709,17,71,17,2079,11
2514,16,709,17,71,17,2123,11
2514,16,709,17,71,17,2196,11
2514,16,709,17,71,17,2206,11
2514,16,709,17,71,17,2216,11
2514,16,709,17,71,17,2244,11
2514,16,709,17,71,17,2259,11
2514,16,709,17,71,17,2261,11
2514,16,709,17,71,17,2289,11
2514,16,709,17,71,17,2359,11
2514,16,709,17,71,17,2370,11
2514,16,709,17,71,17,2405,11
2514,16,709,17,251,33,45,11
2514,16,709,17,251,33,159,11
2514,16,709,17,251,33,272,11
2514,16,709,17,251,33,338,11
2514,16,709,17,251,33,390,11
2514,16,709,17,251,33,457,11
2514,16,709,17,251,33,463,11
2514,16,709,17,251,33,620,11
2514,16,709,17,251,33,700,11
2514,16,709,17,251,33,742,11
2514,16,709,17,251,33,758,11
2514,16,709,17,251,33,879,11
2514,16,709,17,251,33,927,11
2514,16,709,17,251,33,979,11
2514,16,709,17,251,33,1003,11
2514,16,709,17,251,33,1044,11
2514,16,709,17,251,33,1068,11
2514,16,709,17,251,33,1153,11
2514,16,709,17,251,33,1186,11
2514,16,709,17,251,33,1194,11
2514,16,709,17,251,33,1259,11
2514,16,709,17,251,33,1260,11
2514,16,709,17,251,33,1312,11
2514,16,709,17,251,33,1388,11
2514,16,709,17,251,33,1391,11
2514,16,709,17,251,33,1422,11
2514,16,709,17,251,33,1556,11
2514,16,709,17,251,33,1568,11
2514,16,709,17,251,33,1599,11
2514,16,709,17,251,33,1747,11
2514,16,709,17,251,33,1773,11
2514,16,709,17,251,33,1799,11
2514,16,709,17,251,33,1818,11
2514,16,709,17,251,33,1873,11
2514,16,709,17,251,33,1940,11
2514,16,709,17,251,33,1956,11
2514,16,709,17,251,33,1997,11
2514,16,709,17,251,33,2068,11
2514,16,709,17,251,33,2079,11
2514,16,709,17,251,33,2123,11
2514,16,709,17,251,33,2196,11
2514,16,709,17,251,33,2206,11
2514,16,709,17,251,33,2216,11
2514,16,709,17,251,33,2244,11
2514,16,709,17,251,33,2259,11
2514,16,709,17,251,33,2261,11
2514,16,709,17,251,33,2289,11
2514,16,709,17,251,33,2359,11
2514,16,709,17,251,33,2370,11
2514,16,709,17,251,33,2405,11
2514,16,709,17,458,31,45,11
2514,16,709,17,458,31,159,11
2514,16,709,17,458,31,272,11
2514,16,709,17,458,31,338,11
2514,16,709,17,458,31,390,11
2514,16,709,17,458,31,457,11
2514,16,709,17,458,31,463,11
2514,16,709,17,458,31,620,11
2514,16,709,17,458,31,700,11
2514,16,709,17,458,31,742,11
2514,16,709,17,458,31,758,11
2514,16,709,17,458,31,879,11
2514,16,709,17,458,31,927,11
2514,16,709,17,458,31,979,11
2514,16,709,17,458,31,1003,11
2514,16,709,17,458,31,1044,11
2514,16,709,17,458,31,1068,11
2514,16,709,17,458,31,1153,11
2514,16,709,17,458,31,1186,11
2514,16,709,17,458,31,1194,11
2514,16,709,17,458,31,1259,11
2514,16,709,17,458,31,1260,11
2514,16,709,17,458,31,1312,11
2514,16,709,17,458,31,1388,11
2514,16,709,17,458,31,1391,11
2514,16,709,17,458,31,1422,11
2514,16,709,17,458,31,1556,11
2514,16,709,17,458,31,1568,11
2514,16,709,17,458,31,1599,11
2514,16,709,17,458,31,1747,11
2514,16,709,17,458,31,1773,11
2514,16,709,17,458,31,1799,11
2514,16,709,17,458,31,1818,11
2514,16,709,17,458,31,1873,11
2514,16,709,17,458,31,1940,11
2514,16,709,17,458,31,1956,11
2514,16,709,17,458,31,1997,11
2514,16,709,17,458,31,2068,11
2514,16,709,17,458,31,2079,11
2514,16,709,17,458,31,2123,11
2514,16,709,17,458,31,2196,11
2514,16,709,17,458,31,2206,11
2514,16,709,17,458,31,2216,11
2514,16,709,17,458,31,2244,11
2514,16,709,17,458,31,2259,11
2514,16,709,17,458,31,2261,11
2514,16,709,17,458,31,2289,11
2514,16,709,17,458,31,2359,11
2514,16,709,17,458,31,2370,11
2514,16,709,17,458,31,2405,11
2514,16,709,17,501,28,45,11
2514,16,709,17,501,28,159,11
2514,16,709,17,501,28,272,11
2514,16,709,17,501,28,338,11
2514,16,709,17,501,28,390,11
2514,16,709,17,501,28,457,11
2514,16,709,17,501,28,463,11
2514,16,709,17,501,28,620,11
2514,16,709,17,501,28,700,11
2514,16,709,17,501,28,742,11
2514,16,709,17,501,28,758,11
2514,16,709,17,501,28,879,11
2514,16,709,17,501,28,927,11
2514,16,709,17,501,28,979,11
2514,16,709,17,501,28,1003,11
2514,16,709,17,501,28,1044,11
2514,16,709,17,501,28,1068,11
2514,16,709,17,501,28,1153,11
2514,16,709,17,501,28,1186,11
2514,16,709,17,501,28,1194,11
2514,16,709,17,501,28,1259,11
2514,16,709,17,501,28,1260,11
2514,16,709,17,501,28,1312,11
2514,16,709,17,501,28,1388,11
2514,16,709,17,501,28,1391,11
2514,16,709,17,501,28,1422,11
2514,16,709,17,501,28,1556,11
2514,16,709,17,501,28,1568,11
2514,16,709,17,501,28,1599,11
2514,16,709,17,501,28,1747,11
2514,16,709,17,501,28,1773,11
2514,16,709,17,501,28,1799,11
2514,16,709,17,501,28,1818,11
2514,16,709,17,501,28,1873,11
2514,16,709,17,501,28,1940,11
2514,16,709,17,501,28,1956,11
2514,16,709,17,501,28,1997,11
2514,16,709,17,501,28,2068,11
2514,16,709,17,501,28,2079,11
2514,16,709,17,501,28,2123,11
2514,16,709,17,501,28,2196,11
2514,16,709,17,501,28,2206,11
2514,16,709,17,501,28,2216,11
2514,16,709,17,501,28,2244,11
2514,16,709,17,501,28,2259,11
2514,16,709,17,501,28,2261,11
2514,16,709,17,501,28,2289,11
2514,16,709,17,501,28,2359,11
2514,16,709,17,501,28,2370,11
2514,16,709,17,501,28,2405,11
2514,16,709,17,561,40,45,11
2514,16,709,17,561,40,159,11
2514,16,709,17,561,40,272,11
2514,16,709,17,561,40,338,11
2514,16,709,17,561,40,390,11
2514,16,709,17,561,40,457,11
2514,16,709,17,561,40,463,11
2514,16,709,17,561,40,620,11
2514,16,709,17,561,40,700,11
2514,16,709,17,561,40,742,11
2514,16,709,17,561,40,758,11
2514,16,709,17,561,40,879,11
2514,16,709,17,561,40,927,11
2514,16,709,17,561,40,979,11
2514,16,709,17,561,40,1003,11
2514,16,709,17,561,40,1044,11
2514,16,709,17,561,40,1068,11
2514,16,709,17,561,40,1153,11
2514,16,709,17,561,40,1186,11
2514,16,709,17,561,40,1194,11
2514,16,709,17,561,40,1259,11
2514,16,709,17,561,40,1260,11
2514,16,709,17,561,40,1312,11
2514,16,709,17,561,40,1388,11
2514,16,709,17,561,40,1391,11
2514,16,709,17,561,40,1422,11
2514,16,709,17,561,40,1556,11
2514,16,709,17,561,40,1568,11
2514,16,709,17,561,40,1599,11
2514,16,709,17,561,40,1747,11
2514,16,709,17,561,40,1773,11
2514,16,709,17,561,40,1799,11
2514,16,709,17,561,40,1818,11
2514,16,709,17,561,40,1873,11
2514,16,709,17,561,40,1940,11
2514,16,709,17,561,40,1956,11
2514,16,709,17,561,40,1997,11
2514,16,709,17,561,40,2068,11
2514,16,709,17,561,40,2079,11
2514,16,709,17,561,40,2123,11
2514,16,709,17,561,40,2196,11
2514,16,709,17,561,40,2206,11
2514,16,709,17,561,40,2216,11
2514,16,709,17,561,40,2244,11
2514,16,709,17,561,40,2259,11
2514,16,709,17,561,40,2261,11
2514,16,709,17,561,40,2289,11
2514,16,709,17,561,40,2359,11
2514,16,709,17,561,40,2370,11
2514,16,709,17,561,40,2405,11
2514,16,709,17,567,17,45,11
2514,16,709,17,567,17,159,11
2514,16,709,17,567,17,272,11
2514,16,709,17,567,17,338,11
2514,16,709,17,567,17,390,11
2514,16,709,17,567,17,457,11
2514,16,709,17,567,17,463,11
2514,16,709,17,567,17,620,11
2514,16,709,17,567,17,700,11
2514,16,709,17,567,17,742,11
2514,16,709,17,567,17,758,11
2514,16,709,17,567,17,879,11
2514,16,709,17,567,17,927,11
2514,16,709,17,567,17,979,11
2514,16,709,17,567,17,1003,11
2514,16,709,17,567,17,1044,11
2514,16,709,17,567,17,1068,11
2514,16,709,17,567,17,1153,11
2514,16,709,17,567,17,1186,11
2514,16,709,17,567,17,1194,11
2514,16,709,17,567,17,1259,11
2514,16,709,17,567,17,1260,11
2514,16,709,17,567,17,1312,11
2514,16,709,17,567,17,1388,11
2514,16,709,17,567,17,1391,11
2514,16,709,17,567,17,1422,11
2514,16,709,17,567,17,1556,11
2514,16,709,17,567,17,1568,11
2514,16,709,17,567,17,1599,11
2514,16,709,17,567,17,1747,11
2514,16,709,17,567,17,1773,11
2514,16,709,17,567,17,1799,11
2514,16,709,17,567,17,1818,11
2514,16,709,17,567,17,1873,11
2514,16,709,17,567,17,1940,11
2514,16,709,17,567,17,1956,11
2514,16,709,17,567,17,1997,11
2514,16,709,17,567,17,2068,11
2514,16,709,17,567,17,2079,11
2514,16,709,17,567,17,2123,11
2514,16,709,17,567,17,2196,11
2514,16,709,17,567,17,2206,11
2514,16,709,17,567,17,2216,11
2514,16,709,17,567,17,2244,11
2514,16,709,17,567,17,2259,11
2514,16,709,17,567,17,2261,11
2514,16,709,17,567,17,2289,11
2514,16,709,17,567,17,2359,11
2514,16,709,17,567,17,2370,11
2514,16,709,17,567,17,2405,11
2514,16,709,17,574,31,45,11
2514,16,709,17,574,31,159,11
2514,16,709,17,574,31,272,11
2514,16,709,17,574,31,338,11
2514,16,709,17,574,31,390,11
2514,16,709,17,574,31,457,11
2514,16,709,17,574,31,463,11
2514,16,709,17,574,31,620,11
2514,16,709,17,574,31,700,11
2514,16,709,17,574,31,742,11
2514,16,709,17,574,31,758,11
2514,16,709,17,574,31,879,11
2514,16,709,17,574,31,927,11
2514,16,709,17,574,31,979,11
2514,16,709,17,574,31,1003,11
2514,16,709,17,574,31,1044,11
2514,16,709,17,574,31,1068,11
2514,16,709,17,574,31,1153,11
2514,16,709,17,574,31,1186,11
2514,16,709,17,574,31,1194,11
2514,16,709,17,574,31,1259,11
2514,16,709,17,574,31,1260,11
2514,16,709,17,574,31,1312,11
2514,16,709,17,574,31,1388,11
2514,16,709,17,574,31,1391,11
2514,16,709,17,574,31,1422,11
2514,16,709,17,574,31,1556,11
2514,16,709,17,574,31,1568,11
2514,16,709,17,574,31,1599,11
2514,16,709,17,574,31,1747,11
2514,16,709,17,574,31,1773,11
2514,16,709,17,574,31,1799,11
2514,16,709,17,574,31,1818,11
2514,16,709,17,574,31,1873,11
2514,16,709,17,574,31,1940,11
2514,16,709,17,574,31,1956,11
2514,16,709,17,574,31,1997,11
2514,16,709,17,574,31,2068,11
2514,16,709,17,574,31,2079,11
2514,16,709,17,574,31,2123,11
2514,16,709,17,574,31,2196,11
2514,16,709,17,574,31,2206,11
2514,16,709,17,574,31,2216,11
2514,16,709,17,574,31,2244,11
2514,16,709,17,574,31,2259,11
2514,16,709,17,574,31,2261,11
2514,16,709,17,574,31,2289,11
2514,16,709,17,574,31,2359,11
2514,16,709,17,574,31,2370,11
2514,16,709,17,574,31,2405,11
2514,16,709,17,806,24,45,11
2514,16,709,17,806,24,159,11
2514,16,709,17,806,24,272,11
2514,16,709,17,806,24,338,11
2514,16,709,17,806,24,390,11
2514,16,709,17,806,24,457,11
2514,16,709,17,806,24,463,11
2514,16,709,17,806,24,620,11
2514,16,709,17,806,24,700,11
2514,16,709,17,806,24,742,11
2514,16,709,17,806,24,758,11
2514,16,709,17,806,24,879,11
2514,16,709,17,806,24,927,11
2514,16,709,17,806,24,979,11
2514,16,709,17,806,24,1003,11
2514,16,709,17,806,24,1044,11
2514,16,709,17,806,24,1068,11
2514,16,709,17,806,24,1153,11
2514,16,709,17,806,24,1186,11
2514,16,709,17,806,24,1194,11
2514,16,709,17,806,24,1259,11
2514,16,709,17,806,24,1260,11
2514,16,709,17,806,24,1312,11
2514,16,709,17,806,24,1388,11
2514,16,709,17,806,24,1391,11
2514,16,709,17,806,24,1422,11
2514,16,709,17,806,24,1556,11
2514,16,709,17,806,24,1568,11
2514,16,709,17,806,24,1599,11
2514,16,709,17,806,24,1747,11
2514,16,709,17,806,24,1773,11
2514,16,709,17,806,24,1799,11
2514,16,709,17,806,24,1818,11
2514,16,709,17,806,24,1873,11
2514,16,709,17,806,24,1940,11
2514,16,709,17,806,24,1956,11
2514,16,709,17,806,24,1997,11
2514,16,709,17,806,24,2068,11
2514,16,709,17,806,24,2079,11
2514,16,709,17,806,24,2123,11
2514,16,709,17,806,24,2196,11
2514,16,709,17,806,24,2206,11
2514,16,709,17,806,24,2216,11
2514,16,709,17,806,24,2244,11
2514,16,709,17,806,24,2259,11
2514,16,709,17,806,24,2261,11
2514,16,709,17,806,24,2289,11
2514,16,709,17,806,24,2359,11
2514,16,709,17,806,24,2370,11
2514,16,709,17,806,24,2405,11
2514,16,709,17,1510,29,45,11
2514,16,709,17,1510,29,159,11
2514,16,709,17,1510,29,272,11
2514,16,709,17,1510,29,338,11
2514,16,709,17,1510,29,390,11
2514,16,709,17,1510,29,457,11
2514,16,709,17,1510,29,463,11
2514,16,709,17,1510,29,620,11
2514,16,709,17,1510,29,700,11
2514,16,709,17,1510,29,742,11
2514,16,709,17,1510,29,758,11
2514,16,709,17,1510,29,879,11
2514,16,709,17,1510,29,927,11
2514,16,709,17,1510,29,979,11
2514,16,709,17,1510,29,1003,11
2514,16,709,17,1510,29,1044,11
2514,16,709,17,1510,29,1068,11
2514,16,709,17,1510,29,1153,11
2514,16,709,17,1510,29,1186,11
2514,16,709,17,1510,29,1194,11
2514,16,709,17,1510,29,1259,11
2514,16,709,17,1510,29,1260,11
2514,16,709,17,1510,29,1312,11
2514,16,709,17,1510,29,1388,11
2514,16,709,17,1510,29,1391,11
2514,16,709,17,1510,29,1422,11
2514,16,709,17,1510,29,1556,11
2514,16,709,17,1510,29,1568,11
2514,16,709,17,1510,29,1599,11
2514,16,709,17,1510,29,1747,11
2514,16,709,17,1510,29,1773,11
2514,16,709,17,1510,29,1799,11
2514,16,709,17,1510,29,1818,11
2514,16,709,17,1510,29,1873,11
2514,16,709,17,1510,29,1940,11
2514,16,709,17,1510,29,1956,11
2514,16,709,17,1510,29,1997,11
2514,16,709,17,1510,29,2068,11
2514,16,709,17,1510,29,2079,11
2514,16,709,17,1510,29,2123,11
2514,16,709,17,1510,29,2196,11
2514,16,709,17,1510,29,2206,11
2514,16,709,17,1510,29,2216,11
2514,16,709,17,1510,29,2244,11
2514,16,709,17,1510,29,2259,11
2514,16,709,17,1510,29,2261,11
2514,16,709,17,1510,29,2289,11
2514,16,709,17,1510,29,2359,11
2514,16,709,17,1510,29,2370,11
2514,16,709,17,1510,29,2405,11
2514,16,709,17,1591,47,45,11
2514,16,709,17,1591,47,159,11
2514,16,709,17,1591,47,272,11
2514,16,709,17,1591,47,338,11
2514,16,709,17,1591,47,390,11
2514,16,709,17,1591,47,457,11
2514,16,709,17,1591,47,463,11
2514,16,709,17,1591,47,620,11
2514,16,709,17,1591,47,700,11
2514,16,709,17,1591,47,742,11
2514,16,709,17,1591,47,758,11
2514,16,709,17,1591,47,879,11
2514,16,709,17,1591,47,927,11
2514,16,709,17,1591,47,979,11
2514,16,709,17,1591,47,1003,11
2514,16,709,17,1591,47,1044,11
2514,16,709,17,1591,47,1068,11
2514,16,709,17,1591,47,1153,11
2514,16,709,17,1591,47,1186,11
2514,16,709,17,1591,47,1194,11
2514,16,709,17,1591,47,1259,11
2514,16,709,17,1591,47,1260,11
2514,16,709,17,1591,47,1312,11
2514,16,709,17,1591,47,1388,11
2514,16,709,17,1591,47,1391,11
2514,16,709,17,1591,47,1422,11
2514,16,709,17,1591,47,1556,11
2514,16,709,17,1591,47,1568,11
2514,16,709,17,1591,47,1599,11
2514,16,709,17,1591,47,1747,11
2514,16,709,17,1591,47,1773,11
2514,16,709,17,1591,47,1799,11
2514,16,709,17,1591,47,1818,11
2514,16,709,17,1591,47,1873,11
2514,16,709,17,1591,47,1940,11
2514,16,709,17,1591,47,1956,11
2514,16,709,17,1591,47,1997,11
2514,16,709,17,1591,47,2068,11
2514,16,709,17,1591,47,2079,11
2514,16,709,17,1591,47,2123,11
2514,16,709,17,1591,47,2196,11
2514,16,709,17,1591,47,2206,11
2514,16,709,17,1591,47,2216,11
2514,16,709,17,1591,47,2244,11
2514,16,709,17,1591,47,2259,11
2514,16,709,17,1591,47,2261,11
2514,16,709,17,1591,47,2289,11
2514,16,709,17,1591,47,2359,11
2514,16,709,17,1591,47,2370,11
2514,16,709,17,1591,47,2405,11
2514,16,709,17,1689,49,45,11
2514,16,709,17,1689,49,272,11
2514,16,709,17,1689,49,338,11
2514,16,709,17,1689,49,390,11
2514,16,709,17,1689,49,620,11
2514,16,709,17,1689,49,742,11
2514,16,709,17,1689,49,758,11
2514,16,709,17,1689,49,979,11
2514,16,709,17,1689,49,1044,11
2514,16,709,17,1689,49,1068,11
2514,16,709,17,1689,49,1186,11
2514,16,709,17,1689,49,1259,11
2514,16,709,17,1689,49,1260,11
2514,16,709,17,1689,49,1312,11
2514,16,709,17,1689,49,1391,11
2514,16,709,17,1689,49,1422,11
2514,16,709,17,1689,49,1747,11
2514,16,709,17,1689,49,1773,11
2514,16,709,17,1689,49,1799,11
2514,16,709,17,1689,49,1956,11
2514,16,709,17,1689,49,1997,11
2514,16,709,17,1689,49,2068,11
2514,16,709,17,1689,49,2079,11
2514,16,709,17,1689,49,2206,11
2514,16,709,17,1689,49,2244,11
2514,16,709,17,1689,49,2259,11
2514,16,709,17,1689,49,2261,11
2514,16,709,17,1689,49,2289,11
2514,16,709,17,1689,49,2359,11
2514,16,709,17,1689,49,2405,11
2514,16,709,17,1939,48,457,11
2514,16,709,17,1939,48,700,11
2514,16,709,17,1939,48,927,11
2514,16,709,17,1939,48,1003,11
2514,16,709,17,1939,48,1153,11
2514,16,709,17,1939,48,1194,11
2514,16,709,17,1939,48,1568,11
2514,16,709,17,1939,48,1599,11
2514,16,709,17,1939,48,1818,11
2514,16,709,17,1939,48,1940,11
