2514,16,709,17,44,39,45,11
2514,16,709,17,44,39,159,11
2514,16,709,17,44,39,272,11
2514,16,709,17,44,39,338,11
2514,16,709,17,44,39,390,11
2514,16,709,17,44,39,457,11
2514,16,709,17,44,39,463,11
2514,16,709,17,44,39,620,11
2514,16,709,17,44,39,700,11
2514,16,709,17,44,39,742,11
2514,16,709,17,44,39,758,11
2514,16,709,17,44,39,879,11
2514,16,709,17,44,39,927,11
2514,16,709,17,44,39,979,11
2514,16,709,17,44,39,1003,11
2514,16,709,17,44,39,1044,11
2514,16,709,17,44,39,1068,11
2514,16,709,17,44,39,1153,11
2514,16,709,17,44,39,1186,11
2514,16,709,17,44,39,1194,11
2514,16,709,17,44,39,1259,11
2514,16,709,17,44,39,1260,11
2514,16,709,17,44,39,1312,11
2514,16,709,17,44,39,1388,11
2514,16,709,17,44,39,1391,11
2514,16,709,17,44,39,1422,11
2514,16,709,17,44,39,1556,11
2514,16,709,17,44,39,1568,11
2514,16,709,17,44,39,1599,11
2514,16,709,17,44,39,1747,11
2514,16,709,17,44,39,1773,11
2514,16,709,17,44,39,1799,11
2514,16,709,17,44,39,1818,11
2514,16,709,17,44,39,1873,11
2514,16,709,17,44,39,1940,11
2514,16,709,17,44,39,1956,11
2514,16,709,17,44,39,1997,11
2514,16,709,17,44,39,2068,11
2514,16,709,17,44,39,2079,11
2514,16,709,17,44,39,2123,11
2514,16,709,17,44,39,2196,11
2514,16,709,17,44,39,2206,11
2514,16,709,17,44,39,2216,11
2514,16,709,17,44,39,2244,11
2514,16,709,17,44,39,2259,11
2514,16,709,17,44,39,2261,11
2514,16,709,17,44,39,2289,11
2514,16,709,17,44,39,2359,11
2514,16,709,17,44,39,2370,11
2514,16,709,17,44,39,2405,11
2514,16,709,17,166,27,45,11
2514,16,709,17,166,27,159,11
2514,16,709,17,166,27,272,11
2514,16,709,17,166,27,338,11
2514,16,709,17,166,27,390,11
2514,16,709,17,166,27,457,11
2514,16,709,17,166,27,463,11
2514,16,709,17,166,27,620,11
2514,16,709,17,166,27,700,11
2514,16,709,17,166,27,742,11
2514,16,709,17,166,27,758,11
2514,16,709,17,166,27,879,11
2514,16,709,17,166,27,927,11
2514,16,709,17,166,27,979,11
2514,16,709,17,166,27,1003,11
2514,16,709,17,166,27,1044,11
2514,16,709,17,166,27,1068,11
2514,16,709,17,166,27,1153,11
2514,16,709,17,166,27,1186,11
2514,16,709,17,166,27,1194,11
2514,16,709,17,166,27,1259,11
2514,16,709,17,166,27,1260,11
2514,16,709,17,166,27,1312,11
2514,16,709,17,166,27,1388,11
2514,16,709,17,166,27,1391,11
2514,16,709,17,166,27,1422,11
2514,16,709,17,166,27,1556,11
2514,16,709,17,166,27,1568,11
2514,16,709,17,166,27,1599,11
2514,16,709,17,166,27,1747,11
2514,16,709,17,166,27,1773,11
2514,16,709,17,166,27,1799,11
2514,16,709,17,166,27,1818,11
2514,16,709,17,166,27,1873,11
2514,16,709,17,166,27,1940,11
2514,16,709,17,166,27,1956,11
2514,16,709,17,166,27,1997,11
2514,16,709,17,166,27,2068,11
2514,16,709,17,166,27,2079,11
2514,16,709,17,166,27,2123,11
2514,16,709,17,166,27,2196,11
2514,16,709,17,166,27,2206,11
2514,16,709,17,166,27,2216,11
2514,16,709,17,166,27,2244,11
2514,16,709,17,166,27,2259,11
2514,16,709,17,166,27,2261,11
2514,16,709,17,166,27,2289,11
2514,16,709,17,166,27,2359,11
2514,16,709,17,166,27,2370,11
2514,16,709,17,166,27,2405,11
2514,16,709,17,479,13,159,11
2514,16,709,17,479,13,457,11
2514,16,709,17,479,13,463,11
2514,16,709,17,479,13,700,11
2514,16,709,17,479,13,879,11
2514,16,709,17,479,13,927,11
2514,16,709,17,479,13,1003,11
2514,16,709,17,479,13,1153,11
2514,16,709,17,479,13,1194,11
2514,16,709,17,479,13,1388,11
2514,16,709,17,479,13,1556,11
2514,16,709,17,479,13,1568,11
2514,16,709,17,479,13,1599,11
2514,16,709,17,479,13,1818,11
2514,16,709,17,479,13,1873,11
2514,16,709,17,479,13,1940,11
2514,16,709,17,479,13,2123,11
2514,16,709,17,479,13,2196,11
2514,16,709,17,479,13,2216,11
2514,16,709,17,479,13,2370,11
2514,16,709,17,713,15,45,11
2514,16,709,17,713,15,159,11
2514,16,709,17,713,15,272,11
2514,16,709,17,713,15,338,11
2514,16,709,17,713,15,390,11
2514,16,709,17,713,15,457,11
2514,16,709,17,713,15,463,11
2514,16,709,17,713,15,620,11
2514,16,709,17,713,15,700,11
2514,16,709,17,713,15,742,11
2514,16,709,17,713,15,758,11
2514,16,709,17,713,15,879,11
2514,16,709,17,713,15,927,11
2514,16,709,17,713,15,979,11
2514,16,709,17,713,15,1003,11
2514,16,709,17,713,15,1044,11
2514,16,709,17,713,15,1068,11
2514,16,709,17,713,15,1153,11
2514,16,709,17,713,15,1186,11
2514,16,709,17,713,15,1194,11
2514,16,709,17,713,15,1259,11
2514,16,709,17,713,15,1260,11
2514,16,709,17,713,15,1312,11
2514,16,709,17,713,15,1388,11
2514,16,709,17,713,15,1391,11
2514,16,709,17,713,15,1422,11
2514,16,709,17,713,15,1556,11
2514,16,709,17,713,15,1568,11
2514,16,709,17,713,15,1599,11
2514,16,709,17,713,15,1747,11
2514,16,709,17,713,15,1773,11
2514,16,709,17,713,15,1799,11
2514,16,709,17,713,15,1818,11
2514,16,709,17,713,15,1873,11
2514,16,709,17,713,15,1940,11
2514,16,709,17,713,15,1956,11
2514,16,709,17,713,15,1997,11
2514,16,709,17,713,15,2068,11
2514,16,709,17,713,15,2079,11
2514,16,709,17,713,15,2123,11
2514,16,709,17,713,15,2196,11
2514,16,709,17,713,15,2206,11
2514,16,709,17,713,15,2216,11
2514,16,709,17,713,15,2244,11
2514,16,709,17,713,15,2259,11
2514,16,709,17,713,15,2261,11
2514,16,709,17,713,15,2289,11
2514,16,709,17,713,15,2359,11
2514,16,709,17,713,15,2370,11
2514,16,709,17,713,15,2405,11
2514,16,709,17,734,43,45,11
2514,16,709,17,734,43,159,11
2514,16,709,17,734,43,272,11
2514,16,709,17,734,43,338,11
2514,16,709,17,734,43,390,11
2514,16,709,17,734,43,457,11
2514,16,709,17,734,43,463,11
2514,16,709,17,734,43,620,11
2514,16,709,17,734,43,700,11
2514,16,709,17,734,43,742,11
2514,16,709,17,734,43,758,11
2514,16,709,17,734,43,879,11
2514,16,709,17,734,43,927,11
2514,16,709,17,734,43,979,11
2514,16,709,17,734,43,1003,11
2514,16,709,17,734,43,1044,11
2514,16,709,17,734,43,1068,11
2514,16,709,17,734,43,1153,11
2514,16,709,17,734,43,1186,11
2514,16,709,17,734,43,1194,11
2514,16,709,17,734,43,1259,11
2514,16,709,17,734,43,1260,11
2514,16,709,17,734,43,1312,11
2514,16,709,17,734,43,1388,11
2514,16,709,17,734,43,1391,11
2514,16,709,17,734,43,1422,11
2514,16,709,17,734,43,1556,11
2514,16,709,17,734,43,1568,11
2514,16,709,17,734,43,1599,11
2514,16,709,17,734,43,1747,11
2514,16,709,17,734,43,1773,11
2514,16,709,17,734,43,1799,11
2514,16,709,17,734,43,1818,11
2514,16,709,17,734,43,1873,11
2514,16,709,17,734,43,1940,11
2514,16,709,17,734,43,1956,11
2514,16,709,17,734,43,1997,11
2514,16,709,17,734,43,2068,11
2514,16,709,17,734,43,2079,11
2514,16,709,17,734,43,2123,11
2514,16,709,17,734,43,2196,11
2514,16,709,17,734,43,2206,11
2514,16,709,17,734,43,2216,11
2514,16,709,17,734,43,2244,11
2514,16,709,17,734,43,2259,11
2514,16,709,17,734,43,2261,11
2514,16,709,17,734,43,2289,11
2514,16,709,17,734,43,2359,11
2514,16,709,17,734,43,2370,11
2514,16,709,17,734,43,2405,11
2514,16,709,17,1099,28,45,11
2514,16,709,17,1099,28,159,11
2514,16,709,17,1099,28,272,11
2514,16,709,17,1099,28,338,11
2514,16,709,17,1099,28,390,11
2514,16,709,17,1099,28,457,11
2514,16,709,17,1099,28,463,11
2514,16,709,17,1099,28,620,11
2514,16,709,17,1099,28,700,11
2514,16,709,17,1099,28,742,11
2514,16,709,17,1099,28,758,11
2514,16,709,17,1099,28,879,11
2514,16,709,17,1099,28,927,11
2514,16,709,17,1099,28,979,11
2514,16,709,17,1099,28,1003,11
2514,16,709,17,1099,28,1044,11
2514,16,709,17,1099,28,1068,11
2514,16,709,17,1099,28,1153,11
2514,16,709,17,1099,28,1186,11
2514,16,709,17,1099,28,1194,11
2514,16,709,17,1099,28,1259,11
2514,16,709,17,1099,28,1260,11
2514,16,709,17,1099,28,1312,11
2514,16,709,17,1099,28,1388,11
2514,16,709,17,1099,28,1391,11
2514,16,709,17,1099,28,1422,11
2514,16,709,17,1099,28,1556,11
2514,16,709,17,1099,28,1568,11
2514,16,709,17,1099,28,1599,11
2514,16,709,17,1099,28,1747,11
2514,16,709,17,1099,28,1773,11
2514,16,709,17,1099,28,1799,11
2514,16,709,17,1099,28,1818,11
2514,16,709,17,1099,28,1873,11
2514,16,709,17,1099,28,1940,11
2514,16,709,17,1099,28,1956,11
2514,16,709,17,1099,28,1997,11
2514,16,709,17,1099,28,2068,11
2514,16,709,17,1099,28,2079,11
2514,16,709,17,1099,28,2123,11
2514,16,709,17,1099,28,2196,11
2514,16,709,17,1099,28,2206,11
2514,16,709,17,1099,28,2216,11
2514,16,709,17,1099,28,2244,11
2514,16,709,17,1099,28,2259,11
2514,16,709,17,1099,28,2261,11
2514,16,709,17,1099,28,2289,11
2514,16,709,17,1099,28,2359,11
2514,16,709,17,1099,28,2370,11
2514,16,709,17,1099,28,2405,11
2514,16,709,17,1137,24,45,11
2514,16,709,17,1137,24,159,11
2514,16,709,17,1137,24,272,11
2514,16,709,17,1137,24,338,11
2514,16,709,17,1137,24,390,11
2514,16,709,17,1137,24,457,11
2514,16,709,17,1137,24,463,11
2514,16,709,17,1137,24,620,11
2514,16,709,17,1137,24,700,11
2514,16,709,17,1137,24,742,11
2514,16,709,17,1137,24,758,11
2514,16,709,17,1137,24,879,11
2514,16,709,17,1137,24,927,11
2514,16,709,17,1137,24,979,11
2514,16,709,17,1137,24,1003,11
2514,16,709,17,1137,24,1044,11
2514,16,709,17,1137,24,1068,11
2514,16,709,17,1137,24,1153,11
2514,16,709,17,1137,24,1186,11
2514,16,709,17,1137,24,1194,11
2514,16,709,17,1137,24,1259,11
2514,16,709,17,1137,24,1260,11
2514,16,709,17,1137,24,1312,11
2514,16,709,17,1137,24,1388,11
2514,16,709,17,1137,24,1391,11
2514,16,709,17,1137,24,1422,11
2514,16,709,17,1137,24,1556,11
2514,16,709,17,1137,24,1568,11
2514,16,709,17,1137,24,1599,11
2514,16,709,17,1137,24,1747,11
2514,16,709,17,1137,24,1773,11
2514,16,709,17,1137,24,1799,11
2514,16,709,17,1137,24,1818,11
2514,16,709,17,1137,24,1873,11
2514,16,709,17,1137,24,1940,11
2514,16,709,17,1137,24,1956,11
2514,16,709,17,1137,24,1997,11
2514,16,709,17,1137,24,2068,11
2514,16,709,17,1137,24,2079,11
2514,16,709,17,1137,24,2123,11
2514,16,709,17,1137,24,2196,11
2514,16,709,17,1137,24,2206,11
2514,16,709,17,1137,24,2216,11
2514,16,709,17,1137,24,2244,11
2514,16,709,17,1137,24,2259,11
2514,16,709,17,1137,24,2261,11
2514,16,709,17,1137,24,2289,11
2514,16,709,17,1137,24,2359,11
2514,16,709,17,1137,24,2370,11
2514,16,709,17,1137,24,2405,11
2514,16,709,17,1199,23,45,11
2514,16,709,17,1199,23,159,11
2514,16,709,17,1199,23,272,11
2514,16,709,17,1199,23,338,11
2514,16,709,17,1199,23,390,11
2514,16,709,17,1199,23,457,11
2514,16,709,17,1199,23,463,11
2514,16,709,17,1199,23,620,11
2514,16,709,17,1199,23,700,11
2514,16,709,17,1199,23,742,11
2514,16,709,17,1199,23,758,11
2514,16,709,17,1199,23,879,11
2514,16,709,17,1199,23,927,11
2514,16,709,17,1199,23,979,11
2514,16,709,17,1199,23,1003,11
2514,16,709,17,1199,23,1044,11
2514,16,709,17,1199,23,1068,11
2514,16,709,17,1199,23,1153,11
2514,16,709,17,1199,23,1186,11
2514,16,709,17,1199,23,1194,11
2514,16,709,17,1199,23,1259,11
2514,16,709,17,1199,23,1260,11
2514,16,709,17,1199,23,1312,11
2514,16,709,17,1199,23,1388,11
2514,16,709,17,1199,23,1391,11
2514,16,709,17,1199,23,1422,11
2514,16,709,17,1199,23,1556,11
2514,16,709,17,1199,23,1568,11
2514,16,709,17,1199,23,1599,11
2514,16,709,17,1199,23,1747,11
2514,16,709,17,1199,23,1773,11
2514,16,709,17,1199,23,1799,11
2514,16,709,17,1199,23,1818,11
2514,16,709,17,1199,23,1873,11
2514,16,709,17,1199,23,1940,11
2514,16,709,17,1199,23,1956,11
2514,16,709,17,1199,23,1997,11
2514,16,709,17,1199,23,2068,11
2514,16,709,17,1199,23,2079,11
2514,16,709,17,1199,23,2123,11
2514,16,709,17,1199,23,2196,11
2514,16,709,17,1199,23,2206,11
2514,16,709,17,1199,23,2216,11
2514,16,709,17,1199,23,2244,11
2514,16,709,17,1199,23,2259,11
2514,16,709,17,1199,23,2261,11
2514,16,709,17,1199,23,2289,11
2514,16,709,17,1199,23,2359,11
2514,16,709,17,1199,23,2370,11
2514,16,709,17,1199,23,2405,11
2514,16,709,17,1374,24,45,11
2514,16,709,17,1374,24,159,11
2514,16,709,17,1374,24,272,11
2514,16,709,17,1374,24,338,11
2514,16,709,17,1374,24,390,11
2514,16,709,17,1374,24,457,11
2514,16,709,17,1374,24,463,11
2514,16,709,17,1374,24,620,11
2514,16,709,17,1374,24,700,11
2514,16,709,17,1374,24,742,11
2514,16,709,17,1374,24,758,11
2514,16,709,17,1374,24,879,11
2514,16,709,17,1374,24,927,11
2514,16,709,17,1374,24,979,11
2514,16,709,17,1374,24,1003,11
2514,16,709,17,1374,24,1044,11
2514,16,709,17,1374,24,1068,11
2514,16,709,17,1374,24,1153,11
2514,16,709,17,1374,24,1186,11
2514,16,709,17,1374,24,1194,11
2514,16,709,17,1374,24,1259,11
2514,16,709,17,1374,24,1260,11
2514,16,709,17,1374,24,1312,11
2514,16,709,17,1374,24,1388,11
2514,16,709,17,1374,24,1391,11
2514,16,709,17,1374,24,1422,11
2514,16,709,17,1374,24,1556,11
2514,16,709,17,1374,24,1568,11
2514,16,709,17,1374,24,1599,11
2514,16,709,17,1374,24,1747,11
2514,16,709,17,1374,24,1773,11
2514,16,709,17,1374,24,1799,11
2514,16,709,17,1374,24,1818,11
2514,16,709,17,1374,24,1873,11
2514,16,709,17,1374,24,1940,11
2514,16,709,17,1374,24,1956,11
2514,16,709,17,1374,24,1997,11
2514,16,709,17,1374,24,2068,11
2514,16,709,17,1374,24,2079,11
2514,16,709,17,1374,24,2123,11
2514,16,709,17,1374,24,2196,11
2514,16,709,17,1374,24,2206,11
2514,16,709,17,1374,24,2216,11
2514,16,709,17,1374,24,2244,11
2514,16,709,17,1374,24,2259,11
2514,16,709,17,1374,24,2261,11
2514,16,709,17,1374,24,2289,11
2514,16,709,17,1374,24,2359,11
2514,16,709,17,1374,24,2370,11
2514,16,709,17,1374,24,2405,11
2514,16,709,17,1385,12,45,11
2514,16,709,17,1385,12,159,11
2514,16,709,17,1385,12,272,11
2514,16,709,17,1385,12,338,11
2514,16,709,17,1385,12,390,11
2514,16,709,17,1385,12,457,11
2514,16,709,17,1385,12,463,11
2514,16,709,17,1385,12,620,11
2514,16,709,17,1385,12,700,11
2514,16,709,17,1385,12,742,11
2514,16,709,17,1385,12,758,11
2514,16,709,17,1385,12,879,11
2514,16,709,17,1385,12,927,11
2514,16,709,17,1385,12,979,11
2514,16,709,17,1385,12,1003,11
2514,16,709,17,1385,12,1044,11
2514,16,709,17,1385,12,1068,11
2514,16,709,17,1385,12,1153,11
2514,16,709,17,1385,12,1186,11
2514,16,709,17,1385,12,1194,11
2514,16,709,17,1385,12,1259,11
2514,16,709,17,1385,12,1260,11
2514,16,709,17,1385,12,1312,11
2514,16,709,17,1385,12,1388,11
2514,16,709,17,1385,12,1391,11
2514,16,709,17,1385,12,1422,11
2514,16,709,17,1385,12,1556,11
2514,16,709,17,1385,12,1568,11
2514,16,709,17,1385,12,1599,11
2514,16,709,17,1385,12,1747,11
2514,16,709,17,1385,12,1773,11
2514,16,709,17,1385,12,1799,11
2514,16,709,17,1385,12,1818,11
2514,16,709,17,1385,12,1873,11
2514,16,709,17,1385,12,1940,11
2514,16,709,17,1385,12,1956,11
2514,16,709,17,1385,12,1997,11
2514,16,709,17,1385,12,2068,11
2514,16,709,17,1385,12,2079,11
2514,16,709,17,1385,12,2123,11
2514,16,709,17,1385,12,2196,11
2514,16,709,17,1385,12,2206,11
2514,16,709,17,1385,12,2216,11
2514,16,709,17,1385,12,2244,11
2514,16,709,17,1385,12,2259,11
2514,16,709,17,1385,12,2261,11
2514,16,709,17,1385,12,2289,11
2514,16,709,17,1385,12,2359,11
2514,16,709,17,1385,12,2370,11
2514,16,709,17,1385,12,2405,11
2514,16,709,17,1509,34,45,11
2514,16,709,17,1509,34,159,11
2514,16,709,17,1509,34,272,11
2514,16,709,17,1509,34,338,11
2514,16,709,17,1509,34,390,11
2514,16,709,17,1509,34,457,11
2514,16,709,17,1509,34,463,11
2514,16,709,17,1509,34,620,11
2514,16,709,17,1509,34,700,11
2514,16,709,17,1509,34,742,11
2514,16,709,17,1509,34,758,11
2514,16,709,17,1509,34,879,11
2514,16,709,17,1509,34,927,11
2514,16,709,17,1509,34,979,11
2514,16,709,17,1509,34,1003,11
2514,16,709,17,1509,34,1044,11
2514,16,709,17,1509,34,1068,11
2514,16,709,17,1509,34,1153,11
2514,16,709,17,1509,34,1186,11
2514,16,709,17,1509,34,1194,11
2514,16,709,17,1509,34,1259,11
2514,16,709,17,1509,34,1260,11
2514,16,709,17,1509,34,1312,11
2514,16,709,17,1509,34,1388,11
2514,16,709,17,1509,34,1391,11
2514,16,709,17,1509,34,1422,11
2514,16,709,17,1509,34,1556,11
2514,16,709,17,1509,34,1568,11
2514,16,709,17,1509,34,1599,11
2514,16,709,17,1509,34,1747,11
2514,16,709,17,1509,34,1773,11
2514,16,709,17,1509,34,1799,11
2514,16,709,17,1509,34,1818,11
2514,16,709,17,1509,34,1873,11
2514,16,709,17,1509,34,1940,11
2514,16,709,17,1509,34,1956,11
2514,16,709,17,1509,34,1997,11
2514,16,709,17,1509,34,2068,11
2514,16,709,17,1509,34,2079,11
2514,16,709,17,1509,34,2123,11
2514,16,709,17,1509,34,2196,11
2514,16,709,17,1509,34,2206,11
2514,16,709,17,1509,34,2216,11
2514,16,709,17,1509,34,2244,11
2514,16,709,17,1509,34,2259,11
2514,16,709,17,1509,34,2261,11
2514,16,709,17,1509,34,2289,11
2514,16,709,17,1509,34,2359,11
2514,16,709,17,1509,34,2370,11
2514,16,709,17,1509,34,2405,11
2514,16,709,17,1719,20,45,11
2514,16,709,17,1719,20,159,11
2514,16,709,17,1719,20,272,11
2514,16,709,17,1719,20,338,11
2514,16,709,17,1719,20,390,11
2514,16,709,17,1719,20,457,11
2514,16,709,17,1719,20,463,11
2514,16,709,17,1719,20,620,11
2514,16,709,17,1719,20,700,11
2514,16,709,17,1719,20,742,11
2514,16,709,17,1719,20,758,11
2514,16,709,17,1719,20,879,11
2514,16,709,17,1719,20,927,11
2514,16,709,17,1719,20,979,11
2514,16,709,17,1719,20,1003,11
2514,16,709,17,1719,20,1044,11
2514,16,709,17,1719,20,1068,11
2514,16,709,17,1719,20,1153,11
2514,16,709,17,1719,20,1186,11
2514,16,709,17,1719,20,1194,11
2514,16,709,17,1719,20,1259,11
2514,16,709,17,1719,20,1260,11
2514,16,709,17,1719,20,1312,11
2514,16,709,17,1719,20,1388,11
2514,16,709,17,1719,20,1391,11
2514,16,709,17,1719,20,1422,11
2514,16,709,17,1719,20,1556,11
2514,16,709,17,1719,20,1568,11
2514,16,709,17,1719,20,1599,11
2514,16,709,17,1719,20,1747,11
2514,16,709,17,1719,20,1773,11
2514,16,709,17,1719,20,1799,11
2514,16,709,17,1719,20,1818,11
2514,16,709,17,1719,20,1873,11
2514,16,709,17,1719,20,1940,11
2514,16,709,17,1719,20,1956,11
2514,16,709,17,1719,20,1997,11
2514,16,709,17,1719,20,2068,11
2514,16,709,17,1719,20,2079,11
2514,16,709,17,1719,20,2123,11
2514,16,709,17,1719,20,2196,11
2514,16,709,17,1719,20,2206,11
2514,16,709,17,1719,20,2216,11
2514,16,709,17,1719,20,2244,11
2514,16,709,17,1719,20,2259,11
2514,16,709,17,1719,20,2261,11
2514,16,709,17,1719,20,2289,11
2514,16,709,17,1719,20,2359,11
2514,16,709,17,1719,20,2370,11
2514,16,709,17,1719,20,2405,11
2514,16,709,17,1753,26,45,11
2514,16,709,17,1753,26,159,11
2514,16,709,17,1753,26,272,11
2514,16,709,17,1753,26,338,11
2514,16,709,17,1753,26,390,11
2514,16,709,17,1753,26,457,11
2514,16,709,17,1753,26,463,11
2514,16,709,17,1753,26,620,11
2514,16,709,17,1753,26,700,11
2514,16,709,17,1753,26,742,11
2514,16,709,17,1753,26,758,11
2514,16,709,17,1753,26,879,11
2514,16,709,17,1753,26,927,11
2514,16,709,17,1753,26,979,11
2514,16,709,17,1753,26,1003,11
2514,16,709,17,1753,26,1044,11
2514,16,709,17,1753,26,1068,11
2514,16,709,17,1753,26,1153,11
2514,16,709,17,1753,26,1186,11
2514,16,709,17,1753,26,1194,11
2514,16,709,17,1753,26,1259,11
2514,16,709,17,1753,26,1260,11
2514,16,709,17,1753,26,1312,11
2514,16,709,17,1753,26,1388,11
2514,16,709,17,1753,26,1391,11
2514,16,709,17,1753,26,1422,11
2514,16,709,17,1753,26,1556,11
2514,16,709,17,1753,26,1568,11
2514,16,709,17,1753,26,1599,11
2514,16,709,17,1753,26,1747,11
2514,16,709,17,1753,26,1773,11
2514,16,709,17,1753,26,1799,11
2514,16,709,17,1753,26,1818,11
2514,16,709,17,1753,26,1873,11
2514,16,709,17,1753,26,1940,11
2514,16,709,17,1753,26,1956,11
2514,16,709,17,1753,26,1997,11
2514,16,709,17,1753,26,2068,11
2514,16,709,17,1753,26,2079,11
2514,16,709,17,1753,26,2123,11
2514,16,709,17,1753,26,2196,11
2514,16,709,17,1753,26,2206,11
2514,16,709,17,1753,26,2216,11
2514,16,709,17,1753,26,2244,11
2514,16,709,17,1753,26,2259,11
2514,16,709,17,1753,26,2261,11
2514,16,709,17,1753,26,2289,11
2514,16,709,17,1753,26,2359,11
2514,16,709,17,1753,26,2370,11
2514,16,709,17,1753,26,2405,11
2514,16,709,17,1837,33,45,11
2514,16,709,17,1837,33,338,11
2514,16,709,17,1837,33,390,11
2514,16,709,17,1837,33,620,11
2514,16,709,17,1837,33,742,11
2514,16,709,17,1837,33,758,11
2514,16,709,17,1837,33,979,11
2514,16,709,17,1837,33,1044,11
2514,16,709,17,1837,33,1186,11
2514,16,709,17,1837,33,1259,11
2514,16,709,17,1837,33,1312,11
2514,16,709,17,1837,33,1773,11
2514,16,709,17,1837,33,1799,11
2514,16,709,17,1837,33,1956,11
2514,16,709,17,1837,33,1997,11
2514,16,709,17,1837,33,2206,11
2514,16,709,17,1837,33,2244,11
2514,16,709,17,1837,33,2261,11
2514,16,709,17,1837,33,2289,11
2514,16,709,17,1837,33,2359,11
