2514,16,408,21,158,40,45,11
2514,16,408,21,158,40,159,11
2514,16,408,21,158,40,272,11
2514,16,408,21,158,40,338,11
2514,16,408,21,158,40,390,11
2514,16,408,21,158,40,457,11
2514,16,408,21,158,40,463,11
2514,16,408,21,158,40,620,11
2514,16,408,21,158,40,700,11
2514,16,408,21,158,40,742,11
2514,16,408,21,158,40,758,11
2514,16,408,21,158,40,879,11
2514,16,408,21,158,40,927,11
2514,16,408,21,158,40,979,11
2514,16,408,21,158,40,1003,11
2514,16,408,21,158,40,1044,11
2514,16,408,21,158,40,1068,11
2514,16,408,21,158,40,1153,11
2514,16,408,21,158,40,1186,11
2514,16,408,21,158,40,1194,11
2514,16,408,21,158,40,1259,11
2514,16,408,21,158,40,1260,11
2514,16,408,21,158,40,1312,11
2514,16,408,21,158,40,1388,11
2514,16,408,21,158,40,1391,11
2514,16,408,21,158,40,1422,11
2514,16,408,21,158,40,1556,11
2514,16,408,21,158,40,1568,11
2514,16,408,21,158,40,1599,11
2514,16,408,21,158,40,1747,11
2514,16,408,21,158,40,1773,11
2514,16,408,21,158,40,1799,11
2514,16,408,21,158,40,1818,11
2514,16,408,21,158,40,1873,11
2514,16,408,21,158,40,1940,11
2514,16,408,21,158,40,1956,11
2514,16,408,21,158,40,1997,11
2514,16,408,21,158,40,2068,11
2514,16,408,21,158,40,2079,11
2514,16,408,21,158,40,2123,11
2514,16,408,21,158,40,2196,11
2514,16,408,21,158,40,2206,11
2514,16,408,21,158,40,2216,11
2514,16,408,21,158,40,2244,11
2514,16,408,21,158,40,2259,11
2514,16,408,21,158,40,2261,11
2514,16,408,21,158,40,2289,11
2514,16,408,21,158,40,2359,11
2514,16,408,21,158,40,2370,11
2514,16,408,21,158,40,2405,11
2514,16,408,21,319,9,45,11
2514,16,408,21,319,9,159,11
2514,16,408,21,319,9,272,11
2514,16,408,21,319,9,338,11
2514,16,408,21,319,9,390,11
2514,16,408,21,319,9,457,11
2514,16,408,21,319,9,463,11
2514,16,408,21,319,9,620,11
2514,16,408,21,319,9,700,11
2514,16,408,21,319,9,742,11
2514,16,408,21,319,9,758,11
2514,16,408,21,319,9,879,11
2514,16,408,21,319,9,927,11
2514,16,408,21,319,9,979,11
2514,16,408,21,319,9,1003,11
2514,16,408,21,319,9,1044,11
2514,16,408,21,319,9,1068,11
2514,16,408,21,319,9,1153,11
2514,16,408,21,319,9,1186,11
2514,16,408,21,319,9,1194,11
2514,16,408,21,319,9,1259,11
2514,16,408,21,319,9,1260,11
2514,16,408,21,319,9,1312,11
2514,16,408,21,319,9,1388,11
2514,16,408,21,319,9,1391,11
2514,16,408,21,319,9,1422,11
2514,16,408,21,319,9,1556,11
2514,16,408,21,319,9,1568,11
2514,16,408,21,319,9,1599,11
2514,16,408,21,319,9,1747,11
2514,16,408,21,319,9,1773,11
2514,16,408,21,319,9,1799,11
2514,16,408,21,319,9,1818,11
2514,16,408,21,319,9,1873,11
2514,16,408,21,319,9,1940,11
2514,16,408,21,319,9,1956,11
2514,16,408,21,319,9,1997,11
2514,16,408,21,319,9,2068,11
2514,16,408,21,319,9,2079,11
2514,16,408,21,319,9,2123,11
2514,16,408,21,319,9,2196,11
2514,16,408,21,319,9,2206,11
2514,16,408,21,319,9,2216,11
2514,16,408,21,319,9,2244,11
2514,16,408,21,319,9,2259,11
2514,16,408,21,319,9,2261,11
2514,16,408,21,319,9,2289,11
2514,16,408,21,319,9,2359,11
2514,16,408,21,319,9,2370,11
2514,16,408,21,319,9,2405,11
2514,16,408,21,476,21,45,11
2514,16,408,21,476,21,159,11
2514,16,408,21,476,21,272,11
2514,16,408,21,476,21,338,11
2514,16,408,21,476,21,390,11
2514,16,408,21,476,21,457,11
2514,16,408,21,476,21,463,11
2514,16,408,21,476,21,620,11
2514,16,408,21,476,21,700,11
2514,16,408,21,476,21,742,11
2514,16,408,21,476,21,758,11
2514,16,408,21,476,21,879,11
2514,16,408,21,476,21,927,11
2514,16,408,21,476,21,979,11
2514,16,408,21,476,21,1003,11
2514,16,408,21,476,21,1044,11
2514,16,408,21,476,21,1068,11
2514,16,408,21,476,21,1153,11
2514,16,408,21,476,21,1186,11
2514,16,408,21,476,21,1194,11
2514,16,408,21,476,21,1259,11
2514,16,408,21,476,21,1260,11
2514,16,408,21,476,21,1312,11
2514,16,408,21,476,21,1388,11
2514,16,408,21,476,21,1391,11
2514,16,408,21,476,21,1422,11
2514,16,408,21,476,21,1556,11
2514,16,408,21,476,21,1568,11
2514,16,408,21,476,21,1599,11
2514,16,408,21,476,21,1747,11
2514,16,408,21,476,21,1773,11
2514,16,408,21,476,21,1799,11
2514,16,408,21,476,21,1818,11
2514,16,408,21,476,21,1873,11
2514,16,408,21,476,21,1940,11
2514,16,408,21,476,21,1956,11
2514,16,408,21,476,21,1997,11
2514,16,408,21,476,21,2068,11
2514,16,408,21,476,21,2079,11
2514,16,408,21,476,21,2123,11
2514,16,408,21,476,21,2196,11
2514,16,408,21,476,21,2206,11
2514,16,408,21,476,21,2216,11
2514,16,408,21,476,21,2244,11
2514,16,408,21,476,21,2259,11
2514,16,408,21,476,21,2261,11
2514,16,408,21,476,21,2289,11
2514,16,408,21,476,21,2359,11
2514,16,408,21,476,21,2370,11
2514,16,408,21,476,21,2405,11
2514,16,408,21,686,10,45,11
2514,16,408,21,686,10,159,11
2514,16,408,21,686,10,272,11
2514,16,408,21,686,10,338,11
2514,16,408,21,686,10,390,11
2514,16,408,21,686,10,457,11
2514,16,408,21,686,10,463,11
2514,16,408,21,686,10,620,11
2514,16,408,21,686,10,700,11
2514,16,408,21,686,10,742,11
2514,16,408,21,686,10,758,11
2514,16,408,21,686,10,879,11
2514,16,408,21,686,10,927,11
2514,16,408,21,686,10,979,11
2514,16,408,21,686,10,1003,11
2514,16,408,21,686,10,1044,11
2514,16,408,21,686,10,1068,11
2514,16,408,21,686,10,1153,11
2514,16,408,21,686,10,1186,11
2514,16,408,21,686,10,1194,11
2514,16,408,21,686,10,1259,11
2514,16,408,21,686,10,1260,11
2514,16,408,21,686,10,1312,11
2514,16,408,21,686,10,1388,11
2514,16,408,21,686,10,1391,11
2514,16,408,21,686,10,1422,11
2514,16,408,21,686,10,1556,11
2514,16,408,21,686,10,1568,11
2514,16,408,21,686,10,1599,11
2514,16,408,21,686,10,1747,11
2514,16,408,21,686,10,1773,11
2514,16,408,21,686,10,1799,11
2514,16,408,21,686,10,1818,11
2514,16,408,21,686,10,1873,11
2514,16,408,21,686,10,1940,11
2514,16,408,21,686,10,1956,11
2514,16,408,21,686,10,1997,11
2514,16,408,21,686,10,2068,11
2514,16,408,21,686,10,2079,11
2514,16,408,21,686,10,2123,11
2514,16,408,21,686,10,2196,11
2514,16,408,21,686,10,2206,11
2514,16,408,21,686,10,2216,11
2514,16,408,21,686,10,2244,11
2514,16,408,21,686,10,2259,11
2514,16,408,21,686,10,2261,11
2514,16,408,21,686,10,2289,11
2514,16,408,21,686,10,2359,11
2514,16,408,21,686,10,2370,11
2514,16,408,21,686,10,2405,11
2514,16,408,21,718,49,159,11
2514,16,408,21,718,49,457,11
2514,16,408,21,718,49,463,11
2514,16,408,21,718,49,700,11
2514,16,408,21,718,49,879,11
2514,16,408,21,718,49,927,11
2514,16,408,21,718,49,1003,11
2514,16,408,21,718,49,1153,11
2514,16,408,21,718,49,1194,11
2514,16,408,21,718,49,1388,11
2514,16,408,21,718,49,1556,11
2514,16,408,21,718,49,1568,11
2514,16,408,21,718,49,1599,11
2514,16,408,21,718,49,1818,11
2514,16,408,21,718,49,1873,11
2514,16,408,21,718,49,1940,11
2514,16,408,21,718,49,2123,11
2514,16,408,21,718,49,2196,11
2514,16,408,21,718,49,2216,11
2514,16,408,21,718,49,2370,11
2514,16,408,21,770,19,45,11
2514,16,408,21,770,19,159,11
2514,16,408,21,770,19,272,11
2514,16,408,21,770,19,338,11
2514,16,408,21,770,19,390,11
2514,16,408,21,770,19,457,11
2514,16,408,21,770,19,463,11
2514,16,408,21,770,19,620,11
2514,16,408,21,770,19,700,11
2514,16,408,21,770,19,742,11
2514,16,408,21,770,19,758,11
2514,16,408,21,770,19,879,11
2514,16,408,21,770,19,927,11
2514,16,408,21,770,19,979,11
2514,16,408,21,770,19,1003,11
2514,16,408,21,770,19,1044,11
2514,16,408,21,770,19,1068,11
2514,16,408,21,770,19,1153,11
2514,16,408,21,770,19,1186,11
2514,16,408,21,770,19,1194,11
2514,16,408,21,770,19,1259,11
2514,16,408,21,770,19,1260,11
2514,16,408,21,770,19,1312,11
2514,16,408,21,770,19,1388,11
2514,16,408,21,770,19,1391,11
2514,16,408,21,770,19,1422,11
2514,16,408,21,770,19,1556,11
2514,16,408,21,770,19,1568,11
2514,16,408,21,770,19,1599,11
2514,16,408,21,770,19,1747,11
2514,16,408,21,770,19,1773,11
2514,16,408,21,770,19,1799,11
2514,16,408,21,770,19,1818,11
2514,16,408,21,770,19,1873,11
2514,16,408,21,770,19,1940,11
2514,16,408,21,770,19,1956,11
2514,16,408,21,770,19,1997,11
2514,16,408,21,770,19,2068,11
2514,16,408,21,770,19,2079,11
2514,16,408,21,770,19,2123,11
2514,16,408,21,770,19,2196,11
2514,16,408,21,770,19,2206,11
2514,16,408,21,770,19,2216,11
2514,16,408,21,770,19,2244,11
2514,16,408,21,770,19,2259,11
2514,16,408,21,770,19,2261,11
2514,16,408,21,770,19,2289,11
2514,16,408,21,770,19,2359,11
2514,16,408,21,770,19,2370,11
2514,16,408,21,770,19,2405,11
2514,16,408,21,909,16,45,11
2514,16,408,21,909,16,159,11
2514,16,408,21,909,16,272,11
2514,16,408,21,909,16,338,11
2514,16,408,21,909,16,390,11
2514,16,408,21,909,16,457,11
2514,16,408,21,909,16,463,11
2514,16,408,21,909,16,620,11
2514,16,408,21,909,16,700,11
2514,16,408,21,909,16,742,11
2514,16,408,21,909,16,758,11
2514,16,408,21,909,16,879,11
2514,16,408,21,909,16,927,11
2514,16,408,21,909,16,979,11
2514,16,408,21,909,16,1003,11
2514,16,408,21,909,16,1044,11
2514,16,408,21,909,16,1068,11
2514,16,408,21,909,16,1153,11
2514,16,408,21,909,16,1186,11
2514,16,408,21,909,16,1194,11
2514,16,408,21,909,16,1259,11
2514,16,408,21,909,16,1260,11
2514,16,408,21,909,16,1312,11
2514,16,408,21,909,16,1388,11
2514,16,408,21,909,16,1391,11
2514,16,408,21,909,16,1422,11
2514,16,408,21,909,16,1556,11
2514,16,408,21,909,16,1568,11
2514,16,408,21,909,16,1599,11
2514,16,408,21,909,16,1747,11
2514,16,408,21,909,16,1773,11
2514,16,408,21,909,16,1799,11
2514,16,408,21,909,16,1818,11
2514,16,408,21,909,16,1873,11
2514,16,408,21,909,16,1940,11
2514,16,408,21,909,16,1956,11
2514,16,408,21,909,16,1997,11
2514,16,408,21,909,16,2068,11
2514,16,408,21,909,16,2079,11
2514,16,408,21,909,16,2123,11
2514,16,408,21,909,16,2196,11
2514,16,408,21,909,16,2206,11
2514,16,408,21,909,16,2216,11
2514,16,408,21,909,16,2244,11
2514,16,408,21,909,16,2259,11
2514,16,408,21,909,16,2261,11
2514,16,408,21,909,16,2289,11
2514,16,408,21,909,16,2359,11
2514,16,408,21,909,16,2370,11
2514,16,408,21,909,16,2405,11
2514,16,408,21,972,43,45,11
2514,16,408,21,972,43,159,11
2514,16,408,21,972,43,272,11
2514,16,408,21,972,43,338,11
2514,16,408,21,972,43,390,11
2514,16,408,21,972,43,457,11
2514,16,408,21,972,43,463,11
2514,16,408,21,972,43,620,11
2514,16,408,21,972,43,700,11
2514,16,408,21,972,43,742,11
2514,16,408,21,972,43,758,11
2514,16,408,21,972,43,879,11
2514,16,408,21,972,43,927,11
2514,16,408,21,972,43,979,11
2514,16,408,21,972,43,1003,11
2514,16,408,21,972,43,1044,11
2514,16,408,21,972,43,1068,11
2514,16,408,21,972,43,1153,11
2514,16,408,21,972,43,1186,11
2514,16,408,21,972,43,1194,11
2514,16,408,21,972,43,1259,11
2514,16,408,21,972,43,1260,11
2514,16,408,21,972,43,1312,11
2514,16,408,21,972,43,1388,11
2514,16,408,21,972,43,1391,11
2514,16,408,21,972,43,1422,11
2514,16,408,21,972,43,1556,11
2514,16,408,21,972,43,1568,11
2514,16,408,21,972,43,1599,11
2514,16,408,21,972,43,1747,11
2514,16,408,21,972,43,1773,11
2514,16,408,21,972,43,1799,11
2514,16,408,21,972,43,1818,11
2514,16,408,21,972,43,1873,11
2514,16,408,21,972,43,1940,11
2514,16,408,21,972,43,1956,11
2514,16,408,21,972,43,1997,11
2514,16,408,21,972,43,2068,11
2514,16,408,21,972,43,2079,11
2514,16,408,21,972,43,2123,11
2514,16,408,21,972,43,2196,11
2514,16,408,21,972,43,2206,11
2514,16,408,21,972,43,2216,11
2514,16,408,21,972,43,2244,11
2514,16,408,21,972,43,2259,11
2514,16,408,21,972,43,2261,11
2514,16,408,21,972,43,2289,11
2514,16,408,21,972,43,2359,11
2514,16,408,21,972,43,2370,11
2514,16,408,21,972,43,2405,11
2514,16,408,21,1136,31,45,11
2514,16,408,21,1136,31,159,11
2514,16,408,21,1136,31,272,11
2514,16,408,21,1136,31,338,11
2514,16,408,21,1136,31,390,11
2514,16,408,21,1136,31,457,11
2514,16,408,21,1136,31,463,11
2514,16,408,21,1136,31,620,11
2514,16,408,21,1136,31,700,11
2514,16,408,21,1136,31,742,11
2514,16,408,21,1136,31,758,11
2514,16,408,21,1136,31,879,11
2514,16,408,21,1136,31,927,11
2514,16,408,21,1136,31,979,11
2514,16,408,21,1136,31,1003,11
2514,16,408,21,1136,31,1044,11
2514,16,408,21,1136,31,1068,11
2514,16,408,21,1136,31,1153,11
2514,16,408,21,1136,31,1186,11
2514,16,408,21,1136,31,1194,11
2514,16,408,21,1136,31,1259,11
2514,16,408,21,1136,31,1260,11
2514,16,408,21,1136,31,1312,11
2514,16,408,21,1136,31,1388,11
2514,16,408,21,1136,31,1391,11
2514,16,408,21,1136,31,1422,11
2514,16,408,21,1136,31,1556,11
2514,16,408,21,1136,31,1568,11
2514,16,408,21,1136,31,1599,11
2514,16,408,21,1136,31,1747,11
2514,16,408,21,1136,31,1773,11
2514,16,408,21,1136,31,1799,11
2514,16,408,21,1136,31,1818,11
2514,16,408,21,1136,31,1873,11
2514,16,408,21,1136,31,1940,11
2514,16,408,21,1136,31,1956,11
2514,16,408,21,1136,31,1997,11
2514,16,408,21,1136,31,2068,11
2514,16,408,21,1136,31,2079,11
2514,16,408,21,1136,31,2123,11
2514,16,408,21,1136,31,2196,11
2514,16,408,21,1136,31,2206,11
2514,16,408,21,1136,31,2216,11
2514,16,408,21,1136,31,2244,11
2514,16,408,21,1136,31,2259,11
2514,16,408,21,1136,31,2261,11
2514,16,408,21,1136,31,2289,11
2514,16,408,21,1136,31,2359,11
2514,16,408,21,1136,31,2370,11
2514,16,408,21,1136,31,2405,11
2514,16,408,21,1283,14,45,11
2514,16,408,21,1283,14,338,11
2514,16,408,21,1283,14,390,11
2514,16,408,21,1283,14,620,11
2514,16,408,21,1283,14,742,11
2514,16,408,21,1283,14,758,11
2514,16,408,21,1283,14,979,11
2514,16,408,21,1283,14,1044,11
2514,16,408,21,1283,14,1186,11
2514,16,408,21,1283,14,1259,11
2514,16,408,21,1283,14,1312,11
2514,16,408,21,1283,14,1773,11
2514,16,408,21,1283,14,1799,11
2514,16,408,21,1283,14,1956,11
2514,16,408,21,1283,14,1997,11
2514,16,408,21,1283,14,2206,11
2514,16,408,21,1283,14,2244,11
2514,16,408,21,1283,14,2261,11
2514,16,408,21,1283,14,2289,11
2514,16,408,21,1283,14,2359,11
2514,16,408,21,1416,32,45,11
2514,16,408,21,1416,32,159,11
2514,16,408,21,1416,32,272,11
2514,16,408,21,1416,32,338,11
2514,16,408,21,1416,32,390,11
2514,16,408,21,1416,32,457,11
2514,16,408,21,1416,32,463,11
2514,16,408,21,1416,32,620,11
2514,16,408,21,1416,32,700,11
2514,16,408,21,1416,32,742,11
2514,16,408,21,1416,32,758,11
2514,16,408,21,1416,32,879,11
2514,16,408,21,1416,32,927,11
2514,16,408,21,1416,32,979,11
2514,16,408,21,1416,32,1003,11
2514,16,408,21,1416,32,1044,11
2514,16,408,21,1416,32,1068,11
2514,16,408,21,1416,32,1153,11
2514,16,408,21,1416,32,1186,11
2514,16,408,21,1416,32,1194,11
2514,16,408,21,1416,32,1259,11
2514,16,408,21,1416,32,1260,11
2514,16,408,21,1416,32,1312,11
2514,16,408,21,1416,32,1388,11
2514,16,408,21,1416,32,1391,11
2514,16,408,21,1416,32,1422,11
2514,16,408,21,1416,32,1556,11
2514,16,408,21,1416,32,1568,11
2514,16,408,21,1416,32,1599,11
2514,16,408,21,1416,32,1747,11
2514,16,408,21,1416,32,1773,11
2514,16,408,21,1416,32,1799,11
2514,16,408,21,1416,32,1818,11
2514,16,408,21,1416,32,1873,11
2514,16,408,21,1416,32,1940,11
2514,16,408,21,1416,32,1956,11
2514,16,408,21,1416,32,1997,11
2514,16,408,21,1416,32,2068,11
2514,16,408,21,1416,32,2079,11
2514,16,408,21,1416,32,2123,11
2514,16,408,21,1416,32,2196,11
2514,16,408,21,1416,32,2206,11
2514,16,408,21,1416,32,2216,11
2514,16,408,21,1416,32,2244,11
2514,16,408,21,1416,32,2259,11
2514,16,408,21,1416,32,2261,11
2514,16,408,21,1416,32,2289,11
2514,16,408,21,1416,32,2359,11
2514,16,408,21,1416,32,2370,11
2514,16,408,21,1416,32,2405,11
2514,16,408,21,1422,30,45,11
2514,16,408,21,1422,30,159,11
2514,16,408,21,1422,30,272,11
2514,16,408,21,1422,30,338,11
2514,16,408,21,1422,30,390,11
2514,16,408,21,1422,30,457,11
2514,16,408,21,1422,30,463,11
2514,16,408,21,1422,30,620,11
2514,16,408,21,1422,30,700,11
2514,16,408,21,1422,30,742,11
2514,16,408,21,1422,30,758,11
2514,16,408,21,1422,30,879,11
2514,16,408,21,1422,30,927,11
2514,16,408,21,1422,30,979,11
2514,16,408,21,1422,30,1003,11
2514,16,408,21,1422,30,1044,11
2514,16,408,21,1422,30,1068,11
2514,16,408,21,1422,30,1153,11
2514,16,408,21,1422,30,1186,11
2514,16,408,21,1422,30,1194,11
2514,16,408,21,1422,30,1259,11
2514,16,408,21,1422,30,1260,11
2514,16,408,21,1422,30,1312,11
2514,16,408,21,1422,30,1388,11
2514,16,408,21,1422,30,1391,11
2514,16,408,21,1422,30,1422,11
2514,16,408,21,1422,30,1556,11
2514,16,408,21,1422,30,1568,11
2514,16,408,21,1422,30,1599,11
2514,16,408,21,1422,30,1747,11
2514,16,408,21,1422,30,1773,11
2514,16,408,21,1422,30,1799,11
2514,16,408,21,1422,30,1818,11
2514,16,408,21,1422,30,1873,11
2514,16,408,21,1422,30,1940,11
2514,16,408,21,1422,30,1956,11
2514,16,408,21,1422,30,1997,11
2514,16,408,21,1422,30,2068,11
2514,16,408,21,1422,30,2079,11
2514,16,408,21,1422,30,2123,11
2514,16,408,21,1422,30,2196,11
2514,16,408,21,1422,30,2206,11
2514,16,408,21,1422,30,2216,11
2514,16,408,21,1422,30,2244,11
2514,16,408,21,1422,30,2259,11
2514,16,408,21,1422,30,2261,11
2514,16,408,21,1422,30,2289,11
2514,16,408,21,1422,30,2359,11
2514,16,408,21,1422,30,2370,11
2514,16,408,21,1422,30,2405,11
2514,16,408,21,1807,14,45,11
2514,16,408,21,1807,14,159,11
2514,16,408,21,1807,14,272,11
2514,16,408,21,1807,14,338,11
2514,16,408,21,1807,14,390,11
2514,16,408,21,1807,14,457,11
2514,16,408,21,1807,14,463,11
2514,16,408,21,1807,14,620,11
2514,16,408,21,1807,14,700,11
2514,16,408,21,1807,14,742,11
2514,16,408,21,1807,14,758,11
2514,16,408,21,1807,14,879,11
2514,16,408,21,1807,14,927,11
2514,16,408,21,1807,14,979,11
2514,16,408,21,1807,14,1003,11
2514,16,408,21,1807,14,1044,11
2514,16,408,21,1807,14,1068,11
2514,16,408,21,1807,14,1153,11
2514,16,408,21,1807,14,1186,11
2514,16,408,21,1807,14,1194,11
2514,16,408,21,1807,14,1259,11
2514,16,408,21,1807,14,1260,11
2514,16,408,21,1807,14,1312,11
2514,16,408,21,1807,14,1388,11
2514,16,408,21,1807,14,1391,11
2514,16,408,21,1807,14,1422,11
2514,16,408,21,1807,14,1556,11
2514,16,408,21,1807,14,1568,11
2514,16,408,21,1807,14,1599,11
2514,16,408,21,1807,14,1747,11
2514,16,408,21,1807,14,1773,11
2514,16,408,21,1807,14,1799,11
2514,16,408,21,1807,14,1818,11
2514,16,408,21,1807,14,1873,11
2514,16,408,21,1807,14,1940,11
2514,16,408,21,1807,14,1956,11
2514,16,408,21,1807,14,1997,11
2514,16,408,21,1807,14,2068,11
2514,16,408,21,1807,14,2079,11
2514,16,408,21,1807,14,2123,11
2514,16,408,21,1807,14,2196,11
2514,16,408,21,1807,14,2206,11
2514,16,408,21,1807,14,2216,11
2514,16,408,21,1807,14,2244,11
2514,16,408,21,1807,14,2259,11
2514,16,408,21,1807,14,2261,11
2514,16,408,21,1807,14,2289,11
2514,16,408,21,1807,14,2359,11
2514,16,408,21,1807,14,2370,11
2514,16,408,21,1807,14,2405,11
2514,16,408,21,1942,35,45,11
2514,16,408,21,1942,35,159,11
2514,16,408,21,1942,35,272,11
2514,16,408,21,1942,35,338,11
2514,16,408,21,1942,35,390,11
2514,16,408,21,1942,35,457,11
2514,16,408,21,1942,35,463,11
2514,16,408,21,1942,35,620,11
2514,16,408,21,1942,35,700,11
2514,16,408,21,1942,35,742,11
2514,16,408,21,1942,35,758,11
2514,16,408,21,1942,35,879,11
2514,16,408,21,1942,35,927,11
2514,16,408,21,1942,35,979,11
2514,16,408,21,1942,35,1003,11
2514,16,408,21,1942,35,1044,11
2514,16,408,21,1942,35,1068,11
2514,16,408,21,1942,35,1153,11
2514,16,408,21,1942,35,1186,11
2514,16,408,21,1942,35,1194,11
2514,16,408,21,1942,35,1259,11
2514,16,408,21,1942,35,1260,11
2514,16,408,21,1942,35,1312,11
2514,16,408,21,1942,35,1388,11
2514,16,408,21,1942,35,1391,11
2514,16,408,21,1942,35,1422,11
2514,16,408,21,1942,35,1556,11
2514,16,408,21,1942,35,1568,11
2514,16,408,21,1942,35,1599,11
2514,16,408,21,1942,35,1747,11
2514,16,408,21,1942,35,1773,11
2514,16,408,21,1942,35,1799,11
2514,16,408,21,1942,35,1818,11
2514,16,408,21,1942,35,1873,11
2514,16,408,21,1942,35,1940,11
2514,16,408,21,1942,35,1956,11
2514,16,408,21,1942,35,1997,11
2514,16,408,21,1942,35,2068,11
2514,16,408,21,1942,35,2079,11
2514,16,408,21,1942,35,2123,11
2514,16,408,21,1942,35,2196,11
2514,16,408,21,1942,35,2206,11
2514,16,408,21,1942,35,2216,11
2514,16,408,21,1942,35,2244,11
2514,16,408,21,1942,35,2259,11
2514,16,408,21,1942,35,2261,11
2514,16,408,21,1942,35,2289,11
2514,16,408,21,1942,35,2359,11
2514,16,408,21,1942,35,2370,11
2514,16,408,21,1942,35,2405,11
