2514,16,1463,30,2,13,45,11
2514,16,1463,30,2,13,159,11
2514,16,1463,30,2,13,272,11
2514,16,1463,30,2,13,338,11
2514,16,1463,30,2,13,390,11
2514,16,1463,30,2,13,457,11
2514,16,1463,30,2,13,463,11
2514,16,1463,30,2,13,620,11
2514,16,1463,30,2,13,700,11
2514,16,1463,30,2,13,742,11
2514,16,1463,30,2,13,758,11
2514,16,1463,30,2,13,879,11
2514,16,1463,30,2,13,927,11
2514,16,1463,30,2,13,979,11
2514,16,1463,30,2,13,1003,11
2514,16,1463,30,2,13,1044,11
2514,16,1463,30,2,13,1068,11
2514,16,1463,30,2,13,1153,11
2514,16,1463,30,2,13,1186,11
2514,16,1463,30,2,13,1194,11
2514,16,1463,30,2,13,1259,11
2514,16,1463,30,2,13,1260,11
2514,16,1463,30,2,13,1312,11
2514,16,1463,30,2,13,1388,11
2514,16,1463,30,2,13,1391,11
2514,16,1463,30,2,13,1422,11
2514,16,1463,30,2,13,1556,11
2514,16,1463,30,2,13,1568,11
2514,16,1463,30,2,13,1599,11
2514,16,1463,30,2,13,1747,11
2514,16,1463,30,2,13,1773,11
2514,16,1463,30,2,13,1799,11
2514,16,1463,30,2,13,1818,11
2514,16,1463,30,2,13,1873,11
2514,16,1463,30,2,13,1940,11
2514,16,1463,30,2,13,1956,11
2514,16,1463,30,2,13,1997,11
2514,16,1463,30,2,13,2068,11
2514,16,1463,30,2,13,2079,11
2514,16,1463,30,2,13,2123,11
2514,16,1463,30,2,13,2196,11
2514,16,1463,30,2,13,2206,11
2514,16,1463,30,2,13,2216,11
2514,16,1463,30,2,13,2244,11
2514,16,1463,30,2,13,2259,11
2514,16,1463,30,2,13,2261,11
2514,16,1463,30,2,13,2289,11
2514,16,1463,30,2,13,2359,11
2514,16,1463,30,2,13,2370,11
2514,16,1463,30,2,13,2405,11
2514,16,1463,30,19,23,45,11
2514,16,1463,30,19,23,159,11
2514,16,1463,30,19,23,272,11
2514,16,1463,30,19,23,338,11
2514,16,1463,30,19,23,390,11
2514,16,1463,30,19,23,457,11
2514,16,1463,30,19,23,463,11
2514,16,1463,30,19,23,620,11
2514,16,1463,30,19,23,700,11
2514,16,1463,30,19,23,742,11
2514,16,1463,30,19,23,758,11
2514,16,1463,30,19,23,879,11
2514,16,1463,30,19,23,927,11
2514,16,1463,30,19,23,979,11
2514,16,1463,30,19,23,1003,11
2514,16,1463,30,19,23,1044,11
2514,16,1463,30,19,23,1068,11
2514,16,1463,30,19,23,1153,11
2514,16,1463,30,19,23,1186,11
2514,16,1463,30,19,23,1194,11
2514,16,1463,30,19,23,1259,11
2514,16,1463,30,19,23,1260,11
2514,16,1463,30,19,23,1312,11
2514,16,1463,30,19,23,1388,11
2514,16,1463,30,19,23,1391,11
2514,16,1463,30,19,23,1422,11
2514,16,1463,30,19,23,1556,11
2514,16,1463,30,19,23,1568,11
2514,16,1463,30,19,23,1599,11
2514,16,1463,30,19,23,1747,11
2514,16,1463,30,19,23,1773,11
2514,16,1463,30,19,23,1799,11
2514,16,1463,30,19,23,1818,11
2514,16,1463,30,19,23,1873,11
2514,16,1463,30,19,23,1940,11
2514,16,1463,30,19,23,1956,11
2514,16,1463,30,19,23,1997,11
2514,16,1463,30,19,23,2068,11
2514,16,1463,30,19,23,2079,11
2514,16,1463,30,19,23,2123,11
2514,16,1463,30,19,23,2196,11
2514,16,1463,30,19,23,2206,11
2514,16,1463,30,19,23,2216,11
2514,16,1463,30,19,23,2244,11
2514,16,1463,30,19,23,2259,11
2514,16,1463,30,19,23,2261,11
2514,16,1463,30,19,23,2289,11
2514,16,1463,30,19,23,2359,11
2514,16,1463,30,19,23,2370,11
2514,16,1463,30,19,23,2405,11
2514,16,1463,30,702,34,45,11
2514,16,1463,30,702,34,159,11
2514,16,1463,30,702,34,272,11
2514,16,1463,30,702,34,338,11
2514,16,1463,30,702,34,390,11
2514,16,1463,30,702,34,457,11
2514,16,1463,30,702,34,463,11
2514,16,1463,30,702,34,620,11
2514,16,1463,30,702,34,700,11
2514,16,1463,30,702,34,742,11
2514,16,1463,30,702,34,758,11
2514,16,1463,30,702,34,879,11
2514,16,1463,30,702,34,927,11
2514,16,1463,30,702,34,979,11
2514,16,1463,30,702,34,1003,11
2514,16,1463,30,702,34,1044,11
2514,16,1463,30,702,34,1068,11
2514,16,1463,30,702,34,1153,11
2514,16,1463,30,702,34,1186,11
2514,16,1463,30,702,34,1194,11
2514,16,1463,30,702,34,1259,11
2514,16,1463,30,702,34,1260,11
2514,16,1463,30,702,34,1312,11
2514,16,1463,30,702,34,1388,11
2514,16,1463,30,702,34,1391,11
2514,16,1463,30,702,34,1422,11
2514,16,1463,30,702,34,1556,11
2514,16,1463,30,702,34,1568,11
2514,16,1463,30,702,34,1599,11
2514,16,1463,30,702,34,1747,11
2514,16,1463,30,702,34,1773,11
2514,16,1463,30,702,34,1799,11
2514,16,1463,30,702,34,1818,11
2514,16,1463,30,702,34,1873,11
2514,16,1463,30,702,34,1940,11
2514,16,1463,30,702,34,1956,11
2514,16,1463,30,702,34,1997,11
2514,16,1463,30,702,34,2068,11
2514,16,1463,30,702,34,2079,11
2514,16,1463,30,702,34,2123,11
2514,16,1463,30,702,34,2196,11
2514,16,1463,30,702,34,2206,11
2514,16,1463,30,702,34,2216,11
2514,16,1463,30,702,34,2244,11
2514,16,1463,30,702,34,2259,11
2514,16,1463,30,702,34,2261,11
2514,16,1463,30,702,34,2289,11
2514,16,1463,30,702,34,2359,11
2514,16,1463,30,702,34,2370,11
2514,16,1463,30,702,34,2405,11
2514,16,1463,30,778,37,45,11
2514,16,1463,30,778,37,159,11
2514,16,1463,30,778,37,272,11
2514,16,1463,30,778,37,338,11
2514,16,1463,30,778,37,390,11
2514,16,1463,30,778,37,463,11
2514,16,1463,30,778,37,620,11
2514,16,1463,30,778,37,742,11
2514,16,1463,30,778,37,758,11
2514,16,1463,30,778,37,879,11
2514,16,1463,30,778,37,979,11
2514,16,1463,30,778,37,1044,11
2514,16,1463,30,778,37,1068,11
2514,16,1463,30,778,37,1186,11
2514,16,1463,30,778,37,1259,11
2514,16,1463,30,778,37,1260,11
2514,16,1463,30,778,37,1312,11
2514,16,1463,30,778,37,1388,11
2514,16,1463,30,778,37,1391,11
2514,16,1463,30,778,37,1422,11
2514,16,1463,30,778,37,1556,11
2514,16,1463,30,778,37,1747,11
2514,16,1463,30,778,37,1773,11
2514,16,1463,30,778,37,1799,11
2514,16,1463,30,778,37,1873,11
2514,16,1463,30,778,37,1956,11
2514,16,1463,30,778,37,1997,11
2514,16,1463,30,778,37,2068,11
2514,16,1463,30,778,37,2079,11
2514,16,1463,30,778,37,2123,11
2514,16,1463,30,778,37,2196,11
2514,16,1463,30,778,37,2206,11
2514,16,1463,30,778,37,2216,11
2514,16,1463,30,778,37,2244,11
2514,16,1463,30,778,37,2259,11
2514,16,1463,30,778,37,2261,11
2514,16,1463,30,778,37,2289,11
2514,16,1463,30,778,37,2359,11
2514,16,1463,30,778,37,2370,11
2514,16,1463,30,778,37,2405,11
2514,16,1463,30,975,23,45,11
2514,16,1463,30,975,23,159,11
2514,16,1463,30,975,23,272,11
2514,16,1463,30,975,23,338,11
2514,16,1463,30,975,23,390,11
2514,16,1463,30,975,23,457,11
2514,16,1463,30,975,23,463,11
2514,16,1463,30,975,23,620,11
2514,16,1463,30,975,23,700,11
2514,16,1463,30,975,23,742,11
2514,16,1463,30,975,23,758,11
2514,16,1463,30,975,23,879,11
2514,16,1463,30,975,23,927,11
2514,16,1463,30,975,23,979,11
2514,16,1463,30,975,23,1003,11
2514,16,1463,30,975,23,1044,11
2514,16,1463,30,975,23,1068,11
2514,16,1463,30,975,23,1153,11
2514,16,1463,30,975,23,1186,11
2514,16,1463,30,975,23,1194,11
2514,16,1463,30,975,23,1259,11
2514,16,1463,30,975,23,1260,11
2514,16,1463,30,975,23,1312,11
2514,16,1463,30,975,23,1388,11
2514,16,1463,30,975,23,1391,11
2514,16,1463,30,975,23,1422,11
2514,16,1463,30,975,23,1556,11
2514,16,1463,30,975,23,1568,11
2514,16,1463,30,975,23,1599,11
2514,16,1463,30,975,23,1747,11
2514,16,1463,30,975,23,1773,11
2514,16,1463,30,975,23,1799,11
2514,16,1463,30,975,23,1818,11
2514,16,1463,30,975,23,1873,11
2514,16,1463,30,975,23,1940,11
2514,16,1463,30,975,23,1956,11
2514,16,1463,30,975,23,1997,11
2514,16,1463,30,975,23,2068,11
2514,16,1463,30,975,23,2079,11
2514,16,1463,30,975,23,2123,11
2514,16,1463,30,975,23,2196,11
2514,16,1463,30,975,23,2206,11
2514,16,1463,30,975,23,2216,11
2514,16,1463,30,975,23,2244,11
2514,16,1463,30,975,23,2259,11
2514,16,1463,30,975,23,2261,11
2514,16,1463,30,975,23,2289,11
2514,16,1463,30,975,23,2359,11
2514,16,1463,30,975,23,2370,11
2514,16,1463,30,975,23,2405,11
2514,16,1463,30,1145,9,45,11
2514,16,1463,30,1145,9,159,11
2514,16,1463,30,1145,9,272,11
2514,16,1463,30,1145,9,338,11
2514,16,1463,30,1145,9,390,11
2514,16,1463,30,1145,9,457,11
2514,16,1463,30,1145,9,463,11
2514,16,1463,30,1145,9,620,11
2514,16,1463,30,1145,9,700,11
2514,16,1463,30,1145,9,742,11
2514,16,1463,30,1145,9,758,11
2514,16,1463,30,1145,9,879,11
2514,16,1463,30,1145,9,927,11
2514,16,1463,30,1145,9,979,11
2514,16,1463,30,1145,9,1003,11
2514,16,1463,30,1145,9,1044,11
2514,16,1463,30,1145,9,1068,11
2514,16,1463,30,1145,9,1153,11
2514,16,1463,30,1145,9,1186,11
2514,16,1463,30,1145,9,1194,11
2514,16,1463,30,1145,9,1259,11
2514,16,1463,30,1145,9,1260,11
2514,16,1463,30,1145,9,1312,11
2514,16,1463,30,1145,9,1388,11
2514,16,1463,30,1145,9,1391,11
2514,16,1463,30,1145,9,1422,11
2514,16,1463,30,1145,9,1556,11
2514,16,1463,30,1145,9,1568,11
2514,16,1463,30,1145,9,1599,11
2514,16,1463,30,1145,9,1747,11
2514,16,1463,30,1145,9,1773,11
2514,16,1463,30,1145,9,1799,11
2514,16,1463,30,1145,9,1818,11
2514,16,1463,30,1145,9,1873,11
2514,16,1463,30,1145,9,1940,11
2514,16,1463,30,1145,9,1956,11
2514,16,1463,30,1145,9,1997,11
2514,16,1463,30,1145,9,2068,11
2514,16,1463,30,1145,9,2079,11
2514,16,1463,30,1145,9,2123,11
2514,16,1463,30,1145,9,2196,11
2514,16,1463,30,1145,9,2206,11
2514,16,1463,30,1145,9,2216,11
2514,16,1463,30,1145,9,2244,11
2514,16,1463,30,1145,9,2259,11
2514,16,1463,30,1145,9,2261,11
2514,16,1463,30,1145,9,2289,11
2514,16,1463,30,1145,9,2359,11
2514,16,1463,30,1145,9,2370,11
2514,16,1463,30,1145,9,2405,11
2514,16,1463,30,1391,44,45,11
2514,16,1463,30,1391,44,159,11
2514,16,1463,30,1391,44,272,11
2514,16,1463,30,1391,44,338,11
2514,16,1463,30,1391,44,390,11
2514,16,1463,30,1391,44,457,11
2514,16,1463,30,1391,44,463,11
2514,16,1463,30,1391,44,620,11
2514,16,1463,30,1391,44,700,11
2514,16,1463,30,1391,44,742,11
2514,16,1463,30,1391,44,758,11
2514,16,1463,30,1391,44,879,11
2514,16,1463,30,1391,44,927,11
2514,16,1463,30,1391,44,979,11
2514,16,1463,30,1391,44,1003,11
2514,16,1463,30,1391,44,1044,11
2514,16,1463,30,1391,44,1068,11
2514,16,1463,30,1391,44,1153,11
2514,16,1463,30,1391,44,1186,11
2514,16,1463,30,1391,44,1194,11
2514,16,1463,30,1391,44,1259,11
2514,16,1463,30,1391,44,1260,11
2514,16,1463,30,1391,44,1312,11
2514,16,1463,30,1391,44,1388,11
2514,16,1463,30,1391,44,1391,11
2514,16,1463,30,1391,44,1422,11
2514,16,1463,30,1391,44,1556,11
2514,16,1463,30,1391,44,1568,11
2514,16,1463,30,1391,44,1599,11
2514,16,1463,30,1391,44,1747,11
2514,16,1463,30,1391,44,1773,11
2514,16,1463,30,1391,44,1799,11
2514,16,1463,30,1391,44,1818,11
2514,16,1463,30,1391,44,1873,11
2514,16,1463,30,1391,44,1940,11
2514,16,1463,30,1391,44,1956,11
2514,16,1463,30,1391,44,1997,11
2514,16,1463,30,1391,44,2068,11
2514,16,1463,30,1391,44,2079,11
2514,16,1463,30,1391,44,2123,11
2514,16,1463,30,1391,44,2196,11
2514,16,1463,30,1391,44,2206,11
2514,16,1463,30,1391,44,2216,11
2514,16,1463,30,1391,44,2244,11
2514,16,1463,30,1391,44,2259,11
2514,16,1463,30,1391,44,2261,11
2514,16,1463,30,1391,44,2289,11
2514,16,1463,30,1391,44,2359,11
2514,16,1463,30,1391,44,2370,11
2514,16,1463,30,1391,44,2405,11
2514,16,1463,30,1584,13,45,11
2514,16,1463,30,1584,13,159,11
2514,16,1463,30,1584,13,272,11
2514,16,1463,30,1584,13,338,11
2514,16,1463,30,1584,13,390,11
2514,16,1463,30,1584,13,457,11
2514,16,1463,30,1584,13,463,11
2514,16,1463,30,1584,13,620,11
2514,16,1463,30,1584,13,700,11
2514,16,1463,30,1584,13,742,11
2514,16,1463,30,1584,13,758,11
2514,16,1463,30,1584,13,879,11
2514,16,1463,30,1584,13,927,11
2514,16,1463,30,1584,13,979,11
2514,16,1463,30,1584,13,1003,11
2514,16,1463,30,1584,13,1044,11
2514,16,1463,30,1584,13,1068,11
2514,16,1463,30,1584,13,1153,11
2514,16,1463,30,1584,13,1186,11
2514,16,1463,30,1584,13,1194,11
2514,16,1463,30,1584,13,1259,11
2514,16,1463,30,1584,13,1260,11
2514,16,1463,30,1584,13,1312,11
2514,16,1463,30,1584,13,1388,11
2514,16,1463,30,1584,13,1391,11
2514,16,1463,30,1584,13,1422,11
2514,16,1463,30,1584,13,1556,11
2514,16,1463,30,1584,13,1568,11
2514,16,1463,30,1584,13,1599,11
2514,16,1463,30,1584,13,1747,11
2514,16,1463,30,1584,13,1773,11
2514,16,1463,30,1584,13,1799,11
2514,16,1463,30,1584,13,1818,11
2514,16,1463,30,1584,13,1873,11
2514,16,1463,30,1584,13,1940,11
2514,16,1463,30,1584,13,1956,11
2514,16,1463,30,1584,13,1997,11
2514,16,1463,30,1584,13,2068,11
2514,16,1463,30,1584,13,2079,11
2514,16,1463,30,1584,13,2123,11
2514,16,1463,30,1584,13,2196,11
2514,16,1463,30,1584,13,2206,11
2514,16,1463,30,1584,13,2216,11
2514,16,1463,30,1584,13,2244,11
2514,16,1463,30,1584,13,2259,11
2514,16,1463,30,1584,13,2261,11
2514,16,1463,30,1584,13,2289,11
2514,16,1463,30,1584,13,2359,11
2514,16,1463,30,1584,13,2370,11
2514,16,1463,30,1584,13,2405,11
2514,16,1463,30,1633,42,45,11
2514,16,1463,30,1633,42,159,11
2514,16,1463,30,1633,42,272,11
2514,16,1463,30,1633,42,338,11
2514,16,1463,30,1633,42,390,11
2514,16,1463,30,1633,42,457,11
2514,16,1463,30,1633,42,463,11
2514,16,1463,30,1633,42,620,11
2514,16,1463,30,1633,42,700,11
2514,16,1463,30,1633,42,742,11
2514,16,1463,30,1633,42,758,11
2514,16,1463,30,1633,42,879,11
2514,16,1463,30,1633,42,927,11
2514,16,1463,30,1633,42,979,11
2514,16,1463,30,1633,42,1003,11
2514,16,1463,30,1633,42,1044,11
2514,16,1463,30,1633,42,1068,11
2514,16,1463,30,1633,42,1153,11
2514,16,1463,30,1633,42,1186,11
2514,16,1463,30,1633,42,1194,11
2514,16,1463,30,1633,42,1259,11
2514,16,1463,30,1633,42,1260,11
2514,16,1463,30,1633,42,1312,11
2514,16,1463,30,1633,42,1388,11
2514,16,1463,30,1633,42,1391,11
2514,16,1463,30,1633,42,1422,11
2514,16,1463,30,1633,42,1556,11
2514,16,1463,30,1633,42,1568,11
2514,16,1463,30,1633,42,1599,11
2514,16,1463,30,1633,42,1747,11
2514,16,1463,30,1633,42,1773,11
2514,16,1463,30,1633,42,1799,11
2514,16,1463,30,1633,42,1818,11
2514,16,1463,30,1633,42,1873,11
2514,16,1463,30,1633,42,1940,11
2514,16,1463,30,1633,42,1956,11
2514,16,1463,30,1633,42,1997,11
2514,16,1463,30,1633,42,2068,11
2514,16,1463,30,1633,42,2079,11
2514,16,1463,30,1633,42,2123,11
2514,16,1463,30,1633,42,2196,11
2514,16,1463,30,1633,42,2206,11
2514,16,1463,30,1633,42,2216,11
2514,16,1463,30,1633,42,2244,11
2514,16,1463,30,1633,42,2259,11
2514,16,1463,30,1633,42,2261,11
2514,16,1463,30,1633,42,2289,11
2514,16,1463,30,1633,42,2359,11
2514,16,1463,30,1633,42,2370,11
2514,16,1463,30,1633,42,2405,11
2514,16,1463,30,1639,43,45,11
2514,16,1463,30,1639,43,159,11
2514,16,1463,30,1639,43,272,11
2514,16,1463,30,1639,43,338,11
2514,16,1463,30,1639,43,390,11
2514,16,1463,30,1639,43,457,11
2514,16,1463,30,1639,43,463,11
2514,16,1463,30,1639,43,620,11
2514,16,1463,30,1639,43,700,11
2514,16,1463,30,1639,43,742,11
2514,16,1463,30,1639,43,758,11
2514,16,1463,30,1639,43,879,11
2514,16,1463,30,1639,43,927,11
2514,16,1463,30,1639,43,979,11
2514,16,1463,30,1639,43,1003,11
2514,16,1463,30,1639,43,1044,11
2514,16,1463,30,1639,43,1068,11
2514,16,1463,30,1639,43,1153,11
2514,16,1463,30,1639,43,1186,11
2514,16,1463,30,1639,43,1194,11
2514,16,1463,30,1639,43,1259,11
2514,16,1463,30,1639,43,1260,11
2514,16,1463,30,1639,43,1312,11
2514,16,1463,30,1639,43,1388,11
2514,16,1463,30,1639,43,1391,11
2514,16,1463,30,1639,43,1422,11
2514,16,1463,30,1639,43,1556,11
2514,16,1463,30,1639,43,1568,11
2514,16,1463,30,1639,43,1599,11
2514,16,1463,30,1639,43,1747,11
2514,16,1463,30,1639,43,1773,11
2514,16,1463,30,1639,43,1799,11
2514,16,1463,30,1639,43,1818,11
2514,16,1463,30,1639,43,1873,11
2514,16,1463,30,1639,43,1940,11
2514,16,1463,30,1639,43,1956,11
2514,16,1463,30,1639,43,1997,11
2514,16,1463,30,1639,43,2068,11
2514,16,1463,30,1639,43,2079,11
2514,16,1463,30,1639,43,2123,11
2514,16,1463,30,1639,43,2196,11
2514,16,1463,30,1639,43,2206,11
2514,16,1463,30,1639,43,2216,11
2514,16,1463,30,1639,43,2244,11
2514,16,1463,30,1639,43,2259,11
2514,16,1463,30,1639,43,2261,11
2514,16,1463,30,1639,43,2289,11
2514,16,1463,30,1639,43,2359,11
2514,16,1463,30,1639,43,2370,11
2514,16,1463,30,1639,43,2405,11
2514,16,1463,30,1831,38,45,11
2514,16,1463,30,1831,38,159,11
2514,16,1463,30,1831,38,272,11
2514,16,1463,30,1831,38,338,11
2514,16,1463,30,1831,38,390,11
2514,16,1463,30,1831,38,457,11
2514,16,1463,30,1831,38,463,11
2514,16,1463,30,1831,38,620,11
2514,16,1463,30,1831,38,700,11
2514,16,1463,30,1831,38,742,11
2514,16,1463,30,1831,38,758,11
2514,16,1463,30,1831,38,879,11
2514,16,1463,30,1831,38,927,11
2514,16,1463,30,1831,38,979,11
2514,16,1463,30,1831,38,1003,11
2514,16,1463,30,1831,38,1044,11
2514,16,1463,30,1831,38,1068,11
2514,16,1463,30,1831,38,1153,11
2514,16,1463,30,1831,38,1186,11
2514,16,1463,30,1831,38,1194,11
2514,16,1463,30,1831,38,1259,11
2514,16,1463,30,1831,38,1260,11
2514,16,1463,30,1831,38,1312,11
2514,16,1463,30,1831,38,1388,11
2514,16,1463,30,1831,38,1391,11
2514,16,1463,30,1831,38,1422,11
2514,16,1463,30,1831,38,1556,11
2514,16,1463,30,1831,38,1568,11
2514,16,1463,30,1831,38,1599,11
2514,16,1463,30,1831,38,1747,11
2514,16,1463,30,1831,38,1773,11
2514,16,1463,30,1831,38,1799,11
2514,16,1463,30,1831,38,1818,11
2514,16,1463,30,1831,38,1873,11
2514,16,1463,30,1831,38,1940,11
2514,16,1463,30,1831,38,1956,11
2514,16,1463,30,1831,38,1997,11
2514,16,1463,30,1831,38,2068,11
2514,16,1463,30,1831,38,2079,11
2514,16,1463,30,1831,38,2123,11
2514,16,1463,30,1831,38,2196,11
2514,16,1463,30,1831,38,2206,11
2514,16,1463,30,1831,38,2216,11
2514,16,1463,30,1831,38,2244,11
2514,16,1463,30,1831,38,2259,11
2514,16,1463,30,1831,38,2261,11
2514,16,1463,30,1831,38,2289,11
2514,16,1463,30,1831,38,2359,11
2514,16,1463,30,1831,38,2370,11
2514,16,1463,30,1831,38,2405,11
2514,16,1463,30,1907,24,45,11
2514,16,1463,30,1907,24,159,11
2514,16,1463,30,1907,24,272,11
2514,16,1463,30,1907,24,338,11
2514,16,1463,30,1907,24,390,11
2514,16,1463,30,1907,24,457,11
2514,16,1463,30,1907,24,463,11
2514,16,1463,30,1907,24,620,11
2514,16,1463,30,1907,24,700,11
2514,16,1463,30,1907,24,742,11
2514,16,1463,30,1907,24,758,11
2514,16,1463,30,1907,24,879,11
2514,16,1463,30,1907,24,927,11
2514,16,1463,30,1907,24,979,11
2514,16,1463,30,1907,24,1003,11
2514,16,1463,30,1907,24,1044,11
2514,16,1463,30,1907,24,1068,11
2514,16,1463,30,1907,24,1153,11
2514,16,1463,30,1907,24,1186,11
2514,16,1463,30,1907,24,1194,11
2514,16,1463,30,1907,24,1259,11
2514,16,1463,30,1907,24,1260,11
2514,16,1463,30,1907,24,1312,11
2514,16,1463,30,1907,24,1388,11
2514,16,1463,30,1907,24,1391,11
2514,16,1463,30,1907,24,1422,11
2514,16,1463,30,1907,24,1556,11
2514,16,1463,30,1907,24,1568,11
2514,16,1463,30,1907,24,1599,11
2514,16,1463,30,1907,24,1747,11
2514,16,1463,30,1907,24,1773,11
2514,16,1463,30,1907,24,1799,11
2514,16,1463,30,1907,24,1818,11
2514,16,1463,30,1907,24,1873,11
2514,16,1463,30,1907,24,1940,11
2514,16,1463,30,1907,24,1956,11
2514,16,1463,30,1907,24,1997,11
2514,16,1463,30,1907,24,2068,11
2514,16,1463,30,1907,24,2079,11
2514,16,1463,30,1907,24,2123,11
2514,16,1463,30,1907,24,2196,11
2514,16,1463,30,1907,24,2206,11
2514,16,1463,30,1907,24,2216,11
2514,16,1463,30,1907,24,2244,11
2514,16,1463,30,1907,24,2259,11
2514,16,1463,30,1907,24,2261,11
2514,16,1463,30,1907,24,2289,11
2514,16,1463,30,1907,24,2359,11
2514,16,1463,30,1907,24,2370,11
2514,16,1463,30,1907,24,2405,11
2514,16,1463,30,1948,33,45,11
2514,16,1463,30,1948,33,159,11
2514,16,1463,30,1948,33,272,11
2514,16,1463,30,1948,33,338,11
2514,16,1463,30,1948,33,390,11
2514,16,1463,30,1948,33,457,11
2514,16,1463,30,1948,33,463,11
2514,16,1463,30,1948,33,620,11
2514,16,1463,30,1948,33,700,11
2514,16,1463,30,1948,33,742,11
2514,16,1463,30,1948,33,758,11
2514,16,1463,30,1948,33,879,11
2514,16,1463,30,1948,33,927,11
2514,16,1463,30,1948,33,979,11
2514,16,1463,30,1948,33,1003,11
2514,16,1463,30,1948,33,1044,11
2514,16,1463,30,1948,33,1068,11
2514,16,1463,30,1948,33,1153,11
2514,16,1463,30,1948,33,1186,11
2514,16,1463,30,1948,33,1194,11
2514,16,1463,30,1948,33,1259,11
2514,16,1463,30,1948,33,1260,11
2514,16,1463,30,1948,33,1312,11
2514,16,1463,30,1948,33,1388,11
2514,16,1463,30,1948,33,1391,11
2514,16,1463,30,1948,33,1422,11
2514,16,1463,30,1948,33,1556,11
2514,16,1463,30,1948,33,1568,11
2514,16,1463,30,1948,33,1599,11
2514,16,1463,30,1948,33,1747,11
2514,16,1463,30,1948,33,1773,11
2514,16,1463,30,1948,33,1799,11
2514,16,1463,30,1948,33,1818,11
2514,16,1463,30,1948,33,1873,11
2514,16,1463,30,1948,33,1940,11
2514,16,1463,30,1948,33,1956,11
2514,16,1463,30,1948,33,1997,11
2514,16,1463,30,1948,33,2068,11
2514,16,1463,30,1948,33,2079,11
2514,16,1463,30,1948,33,2123,11
2514,16,1463,30,1948,33,2196,11
2514,16,1463,30,1948,33,2206,11
2514,16,1463,30,1948,33,2216,11
2514,16,1463,30,1948,33,2244,11
2514,16,1463,30,1948,33,2259,11
2514,16,1463,30,1948,33,2261,11
2514,16,1463,30,1948,33,2289,11
2514,16,1463,30,1948,33,2359,11
2514,16,1463,30,1948,33,2370,11
2514,16,1463,30,1948,33,2405,11
