2514,16,1405,24,123,34,45,11
2514,16,1405,24,123,34,159,11
2514,16,1405,24,123,34,272,11
2514,16,1405,24,123,34,338,11
2514,16,1405,24,123,34,390,11
2514,16,1405,24,123,34,457,11
2514,16,1405,24,123,34,463,11
2514,16,1405,24,123,34,620,11
2514,16,1405,24,123,34,700,11
2514,16,1405,24,123,34,742,11
2514,16,1405,24,123,34,758,11
2514,16,1405,24,123,34,879,11
2514,16,1405,24,123,34,927,11
2514,16,1405,24,123,34,979,11
2514,16,1405,24,123,34,1003,11
2514,16,1405,24,123,34,1044,11
2514,16,1405,24,123,34,1068,11
2514,16,1405,24,123,34,1153,11
2514,16,1405,24,123,34,1186,11
2514,16,1405,24,123,34,1194,11
2514,16,1405,24,123,34,1259,11
2514,16,1405,24,123,34,1260,11
2514,16,1405,24,123,34,1312,11
2514,16,1405,24,123,34,1388,11
2514,16,1405,24,123,34,1391,11
2514,16,1405,24,123,34,1422,11
2514,16,1405,24,123,34,1556,11
2514,16,1405,24,123,34,1568,11
2514,16,1405,24,123,34,1599,11
2514,16,1405,24,123,34,1747,11
2514,16,1405,24,123,34,1773,11
2514,16,1405,24,123,34,1799,11
2514,16,1405,24,123,34,1818,11
2514,16,1405,24,123,34,1873,11
2514,16,1405,24,123,34,1940,11
2514,16,1405,24,123,34,1956,11
2514,16,1405,24,123,34,1997,11
2514,16,1405,24,123,34,2068,11
2514,16,1405,24,123,34,2079,11
2514,16,1405,24,123,34,2123,11
2514,16,1405,24,123,34,2196,11
2514,16,1405,24,123,34,2206,11
2514,16,1405,24,123,34,2216,11
2514,16,1405,24,123,34,2244,11
2514,16,1405,24,123,34,2259,11
2514,16,1405,24,123,34,2261,11
2514,16,1405,24,123,34,2289,11
2514,16,1405,24,123,34,2359,11
2514,16,1405,24,123,34,2370,11
2514,16,1405,24,123,34,2405,11
2514,16,1405,24,372,16,45,11
2514,16,1405,24,372,16,159,11
2514,16,1405,24,372,16,272,11
2514,16,1405,24,372,16,338,11
2514,16,1405,24,372,16,390,11
2514,16,1405,24,372,16,457,11
2514,16,1405,24,372,16,463,11
2514,16,1405,24,372,16,620,11
2514,16,1405,24,372,16,700,11
2514,16,1405,24,372,16,742,11
2514,16,1405,24,372,16,758,11
2514,16,1405,24,372,16,879,11
2514,16,1405,24,372,16,927,11
2514,16,1405,24,372,16,979,11
2514,16,1405,24,372,16,1003,11
2514,16,1405,24,372,16,1044,11
2514,16,1405,24,372,16,1068,11
2514,16,1405,24,372,16,1153,11
2514,16,1405,24,372,16,1186,11
2514,16,1405,24,372,16,1194,11
2514,16,1405,24,372,16,1259,11
2514,16,1405,24,372,16,1260,11
2514,16,1405,24,372,16,1312,11
2514,16,1405,24,372,16,1388,11
2514,16,1405,24,372,16,1391,11
2514,16,1405,24,372,16,1422,11
2514,16,1405,24,372,16,1556,11
2514,16,1405,24,372,16,1568,11
2514,16,1405,24,372,16,1599,11
2514,16,1405,24,372,16,1747,11
2514,16,1405,24,372,16,1773,11
2514,16,1405,24,372,16,1799,11
2514,16,1405,24,372,16,1818,11
2514,16,1405,24,372,16,1873,11
2514,16,1405,24,372,16,1940,11
2514,16,1405,24,372,16,1956,11
2514,16,1405,24,372,16,1997,11
2514,16,1405,24,372,16,2068,11
2514,16,1405,24,372,16,2079,11
2514,16,1405,24,372,16,2123,11
2514,16,1405,24,372,16,2196,11
2514,16,1405,24,372,16,2206,11
2514,16,1405,24,372,16,2216,11
2514,16,1405,24,372,16,2244,11
2514,16,1405,24,372,16,2259,11
2514,16,1405,24,372,16,2261,11
2514,16,1405,24,372,16,2289,11
2514,16,1405,24,372,16,2359,11
2514,16,1405,24,372,16,2370,11
2514,16,1405,24,372,16,2405,11
2514,16,1405,24,446,35,45,11
2514,16,1405,24,446,35,159,11
2514,16,1405,24,446,35,272,11
2514,16,1405,24,446,35,338,11
2514,16,1405,24,446,35,390,11
2514,16,1405,24,446,35,457,11
2514,16,1405,24,446,35,463,11
2514,16,1405,24,446,35,620,11
2514,16,1405,24,446,35,700,11
2514,16,1405,24,446,35,742,11
2514,16,1405,24,446,35,758,11
2514,16,1405,24,446,35,879,11
2514,16,1405,24,446,35,927,11
2514,16,1405,24,446,35,979,11
2514,16,1405,24,446,35,1003,11
2514,16,1405,24,446,35,1044,11
2514,16,1405,24,446,35,1068,11
2514,16,1405,24,446,35,1153,11
2514,16,1405,24,446,35,1186,11
2514,16,1405,24,446,35,1194,11
2514,16,1405,24,446,35,1259,11
2514,16,1405,24,446,35,1260,11
2514,16,1405,24,446,35,1312,11
2514,16,1405,24,446,35,1388,11
2514,16,1405,24,446,35,1391,11
2514,16,1405,24,446,35,1422,11
2514,16,1405,24,446,35,1556,11
2514,16,1405,24,446,35,1568,11
2514,16,1405,24,446,35,1599,11
2514,16,1405,24,446,35,1747,11
2514,16,1405,24,446,35,1773,11
2514,16,1405,24,446,35,1799,11
2514,16,1405,24,446,35,1818,11
2514,16,1405,24,446,35,1873,11
2514,16,1405,24,446,35,1940,11
2514,16,1405,24,446,35,1956,11
2514,16,1405,24,446,35,1997,11
2514,16,1405,24,446,35,2068,11
2514,16,1405,24,446,35,2079,11
2514,16,1405,24,446,35,2123,11
2514,16,1405,24,446,35,2196,11
2514,16,1405,24,446,35,2206,11
2514,16,1405,24,446,35,2216,11
2514,16,1405,24,446,35,2244,11
2514,16,1405,24,446,35,2259,11
2514,16,1405,24,446,35,2261,11
2514,16,1405,24,446,35,2289,11
2514,16,1405,24,446,35,2359,11
2514,16,1405,24,446,35,2370,11
2514,16,1405,24,446,35,2405,11
2514,16,1405,24,528,42,457,11
2514,16,1405,24,528,42,700,11
2514,16,1405,24,528,42,927,11
2514,16,1405,24,528,42,1003,11
2514,16,1405,24,528,42,1153,11
2514,16,1405,24,528,42,1194,11
2514,16,1405,24,528,42,1568,11
2514,16,1405,24,528,42,1599,11
2514,16,1405,24,528,42,1818,11
2514,16,1405,24,528,42,1940,11
2514,16,1405,24,549,43,45,11
2514,16,1405,24,549,43,159,11
2514,16,1405,24,549,43,272,11
2514,16,1405,24,549,43,338,11
2514,16,1405,24,549,43,390,11
2514,16,1405,24,549,43,457,11
2514,16,1405,24,549,43,463,11
2514,16,1405,24,549,43,620,11
2514,16,1405,24,549,43,700,11
2514,16,1405,24,549,43,742,11
2514,16,1405,24,549,43,758,11
2514,16,1405,24,549,43,879,11
2514,16,1405,24,549,43,927,11
2514,16,1405,24,549,43,979,11
2514,16,1405,24,549,43,1003,11
2514,16,1405,24,549,43,1044,11
2514,16,1405,24,549,43,1068,11
2514,16,1405,24,549,43,1153,11
2514,16,1405,24,549,43,1186,11
2514,16,1405,24,549,43,1194,11
2514,16,1405,24,549,43,1259,11
2514,16,1405,24,549,43,1260,11
2514,16,1405,24,549,43,1312,11
2514,16,1405,24,549,43,1388,11
2514,16,1405,24,549,43,1391,11
2514,16,1405,24,549,43,1422,11
2514,16,1405,24,549,43,1556,11
2514,16,1405,24,549,43,1568,11
2514,16,1405,24,549,43,1599,11
2514,16,1405,24,549,43,1747,11
2514,16,1405,24,549,43,1773,11
2514,16,1405,24,549,43,1799,11
2514,16,1405,24,549,43,1818,11
2514,16,1405,24,549,43,1873,11
2514,16,1405,24,549,43,1940,11
2514,16,1405,24,549,43,1956,11
2514,16,1405,24,549,43,1997,11
2514,16,1405,24,549,43,2068,11
2514,16,1405,24,549,43,2079,11
2514,16,1405,24,549,43,2123,11
2514,16,1405,24,549,43,2196,11
2514,16,1405,24,549,43,2206,11
2514,16,1405,24,549,43,2216,11
2514,16,1405,24,549,43,2244,11
2514,16,1405,24,549,43,2259,11
2514,16,1405,24,549,43,2261,11
2514,16,1405,24,549,43,2289,11
2514,16,1405,24,549,43,2359,11
2514,16,1405,24,549,43,2370,11
2514,16,1405,24,549,43,2405,11
2514,16,1405,24,1127,45,45,11
2514,16,1405,24,1127,45,159,11
2514,16,1405,24,1127,45,272,11
2514,16,1405,24,1127,45,338,11
2514,16,1405,24,1127,45,390,11
2514,16,1405,24,1127,45,457,11
2514,16,1405,24,1127,45,463,11
2514,16,1405,24,1127,45,620,11
2514,16,1405,24,1127,45,700,11
2514,16,1405,24,1127,45,742,11
2514,16,1405,24,1127,45,758,11
2514,16,1405,24,1127,45,879,11
2514,16,1405,24,1127,45,927,11
2514,16,1405,24,1127,45,979,11
2514,16,1405,24,1127,45,1003,11
2514,16,1405,24,1127,45,1044,11
2514,16,1405,24,1127,45,1068,11
2514,16,1405,24,1127,45,1153,11
2514,16,1405,24,1127,45,1186,11
2514,16,1405,24,1127,45,1194,11
2514,16,1405,24,1127,45,1259,11
2514,16,1405,24,1127,45,1260,11
2514,16,1405,24,1127,45,1312,11
2514,16,1405,24,1127,45,1388,11
2514,16,1405,24,1127,45,1391,11
2514,16,1405,24,1127,45,1422,11
2514,16,1405,24,1127,45,1556,11
2514,16,1405,24,1127,45,1568,11
2514,16,1405,24,1127,45,1599,11
2514,16,1405,24,1127,45,1747,11
2514,16,1405,24,1127,45,1773,11
2514,16,1405,24,1127,45,1799,11
2514,16,1405,24,1127,45,1818,11
2514,16,1405,24,1127,45,1873,11
2514,16,1405,24,1127,45,1940,11
2514,16,1405,24,1127,45,1956,11
2514,16,1405,24,1127,45,1997,11
2514,16,1405,24,1127,45,2068,11
2514,16,1405,24,1127,45,2079,11
2514,16,1405,24,1127,45,2123,11
2514,16,1405,24,1127,45,2196,11
2514,16,1405,24,1127,45,2206,11
2514,16,1405,24,1127,45,2216,11
2514,16,1405,24,1127,45,2244,11
2514,16,1405,24,1127,45,2259,11
2514,16,1405,24,1127,45,2261,11
2514,16,1405,24,1127,45,2289,11
2514,16,1405,24,1127,45,2359,11
2514,16,1405,24,1127,45,2370,11
2514,16,1405,24,1127,45,2405,11
2514,16,1405,24,1340,39,45,11
2514,16,1405,24,1340,39,159,11
2514,16,1405,24,1340,39,272,11
2514,16,1405,24,1340,39,338,11
2514,16,1405,24,1340,39,390,11
2514,16,1405,24,1340,39,457,11
2514,16,1405,24,1340,39,463,11
2514,16,1405,24,1340,39,620,11
2514,16,1405,24,1340,39,700,11
2514,16,1405,24,1340,39,742,11
2514,16,1405,24,1340,39,758,11
2514,16,1405,24,1340,39,879,11
2514,16,1405,24,1340,39,927,11
2514,16,1405,24,1340,39,979,11
2514,16,1405,24,1340,39,1003,11
2514,16,1405,24,1340,39,1044,11
2514,16,1405,24,1340,39,1068,11
2514,16,1405,24,1340,39,1153,11
2514,16,1405,24,1340,39,1186,11
2514,16,1405,24,1340,39,1194,11
2514,16,1405,24,1340,39,1259,11
2514,16,1405,24,1340,39,1260,11
2514,16,1405,24,1340,39,1312,11
2514,16,1405,24,1340,39,1388,11
2514,16,1405,24,1340,39,1391,11
2514,16,1405,24,1340,39,1422,11
2514,16,1405,24,1340,39,1556,11
2514,16,1405,24,1340,39,1568,11
2514,16,1405,24,1340,39,1599,11
2514,16,1405,24,1340,39,1747,11
2514,16,1405,24,1340,39,1773,11
2514,16,1405,24,1340,39,1799,11
2514,16,1405,24,1340,39,1818,11
2514,16,1405,24,1340,39,1873,11
2514,16,1405,24,1340,39,1940,11
2514,16,1405,24,1340,39,1956,11
2514,16,1405,24,1340,39,1997,11
2514,16,1405,24,1340,39,2068,11
2514,16,1405,24,1340,39,2079,11
2514,16,1405,24,1340,39,2123,11
2514,16,1405,24,1340,39,2196,11
2514,16,1405,24,1340,39,2206,11
2514,16,1405,24,1340,39,2216,11
2514,16,1405,24,1340,39,2244,11
2514,16,1405,24,1340,39,2259,11
2514,16,1405,24,1340,39,2261,11
2514,16,1405,24,1340,39,2289,11
2514,16,1405,24,1340,39,2359,11
2514,16,1405,24,1340,39,2370,11
2514,16,1405,24,1340,39,2405,11
2514,16,1405,24,1525,24,45,11
2514,16,1405,24,1525,24,159,11
2514,16,1405,24,1525,24,272,11
2514,16,1405,24,1525,24,338,11
2514,16,1405,24,1525,24,390,11
2514,16,1405,24,1525,24,457,11
2514,16,1405,24,1525,24,463,11
2514,16,1405,24,1525,24,620,11
2514,16,1405,24,1525,24,700,11
2514,16,1405,24,1525,24,742,11
2514,16,1405,24,1525,24,758,11
2514,16,1405,24,1525,24,879,11
2514,16,1405,24,1525,24,927,11
2514,16,1405,24,1525,24,979,11
2514,16,1405,24,1525,24,1003,11
2514,16,1405,24,1525,24,1044,11
2514,16,1405,24,1525,24,1068,11
2514,16,1405,24,1525,24,1153,11
2514,16,1405,24,1525,24,1186,11
2514,16,1405,24,1525,24,1194,11
2514,16,1405,24,1525,24,1259,11
2514,16,1405,24,1525,24,1260,11
2514,16,1405,24,1525,24,1312,11
2514,16,1405,24,1525,24,1388,11
2514,16,1405,24,1525,24,1391,11
2514,16,1405,24,1525,24,1422,11
2514,16,1405,24,1525,24,1556,11
2514,16,1405,24,1525,24,1568,11
2514,16,1405,24,1525,24,1599,11
2514,16,1405,24,1525,24,1747,11
2514,16,1405,24,1525,24,1773,11
2514,16,1405,24,1525,24,1799,11
2514,16,1405,24,1525,24,1818,11
2514,16,1405,24,1525,24,1873,11
2514,16,1405,24,1525,24,1940,11
2514,16,1405,24,1525,24,1956,11
2514,16,1405,24,1525,24,1997,11
2514,16,1405,24,1525,24,2068,11
2514,16,1405,24,1525,24,2079,11
2514,16,1405,24,1525,24,2123,11
2514,16,1405,24,1525,24,2196,11
2514,16,1405,24,1525,24,2206,11
2514,16,1405,24,1525,24,2216,11
2514,16,1405,24,1525,24,2244,11
2514,16,1405,24,1525,24,2259,11
2514,16,1405,24,1525,24,2261,11
2514,16,1405,24,1525,24,2289,11
2514,16,1405,24,1525,24,2359,11
2514,16,1405,24,1525,24,2370,11
2514,16,1405,24,1525,24,2405,11
2514,16,1405,24,1544,21,45,11
2514,16,1405,24,1544,21,159,11
2514,16,1405,24,1544,21,272,11
2514,16,1405,24,1544,21,338,11
2514,16,1405,24,1544,21,390,11
2514,16,1405,24,1544,21,457,11
2514,16,1405,24,1544,21,463,11
2514,16,1405,24,1544,21,620,11
2514,16,1405,24,1544,21,700,11
2514,16,1405,24,1544,21,742,11
2514,16,1405,24,1544,21,758,11
2514,16,1405,24,1544,21,879,11
2514,16,1405,24,1544,21,927,11
2514,16,1405,24,1544,21,979,11
2514,16,1405,24,1544,21,1003,11
2514,16,1405,24,1544,21,1044,11
2514,16,1405,24,1544,21,1068,11
2514,16,1405,24,1544,21,1153,11
2514,16,1405,24,1544,21,1186,11
2514,16,1405,24,1544,21,1194,11
2514,16,1405,24,1544,21,1259,11
2514,16,1405,24,1544,21,1260,11
2514,16,1405,24,1544,21,1312,11
2514,16,1405,24,1544,21,1388,11
2514,16,1405,24,1544,21,1391,11
2514,16,1405,24,1544,21,1422,11
2514,16,1405,24,1544,21,1556,11
2514,16,1405,24,1544,21,1568,11
2514,16,1405,24,1544,21,1599,11
2514,16,1405,24,1544,21,1747,11
2514,16,1405,24,1544,21,1773,11
2514,16,1405,24,1544,21,1799,11
2514,16,1405,24,1544,21,1818,11
2514,16,1405,24,1544,21,1873,11
2514,16,1405,24,1544,21,1940,11
2514,16,1405,24,1544,21,1956,11
2514,16,1405,24,1544,21,1997,11
2514,16,1405,24,1544,21,2068,11
2514,16,1405,24,1544,21,2079,11
2514,16,1405,24,1544,21,2123,11
2514,16,1405,24,1544,21,2196,11
2514,16,1405,24,1544,21,2206,11
2514,16,1405,24,1544,21,2216,11
2514,16,1405,24,1544,21,2244,11
2514,16,1405,24,1544,21,2259,11
2514,16,1405,24,1544,21,2261,11
2514,16,1405,24,1544,21,2289,11
2514,16,1405,24,1544,21,2359,11
2514,16,1405,24,1544,21,2370,11
2514,16,1405,24,1544,21,2405,11
2514,16,1405,24,1571,28,45,11
2514,16,1405,24,1571,28,159,11
2514,16,1405,24,1571,28,272,11
2514,16,1405,24,1571,28,338,11
2514,16,1405,24,1571,28,390,11
2514,16,1405,24,1571,28,457,11
2514,16,1405,24,1571,28,463,11
2514,16,1405,24,1571,28,620,11
2514,16,1405,24,1571,28,700,11
2514,16,1405,24,1571,28,742,11
2514,16,1405,24,1571,28,758,11
2514,16,1405,24,1571,28,879,11
2514,16,1405,24,1571,28,927,11
2514,16,1405,24,1571,28,979,11
2514,16,1405,24,1571,28,1003,11
2514,16,1405,24,1571,28,1044,11
2514,16,1405,24,1571,28,1068,11
2514,16,1405,24,1571,28,1153,11
2514,16,1405,24,1571,28,1186,11
2514,16,1405,24,1571,28,1194,11
2514,16,1405,24,1571,28,1259,11
2514,16,1405,24,1571,28,1260,11
2514,16,1405,24,1571,28,1312,11
2514,16,1405,24,1571,28,1388,11
2514,16,1405,24,1571,28,1391,11
2514,16,1405,24,1571,28,1422,11
2514,16,1405,24,1571,28,1556,11
2514,16,1405,24,1571,28,1568,11
2514,16,1405,24,1571,28,1599,11
2514,16,1405,24,1571,28,1747,11
2514,16,1405,24,1571,28,1773,11
2514,16,1405,24,1571,28,1799,11
2514,16,1405,24,1571,28,1818,11
2514,16,1405,24,1571,28,1873,11
2514,16,1405,24,1571,28,1940,11
2514,16,1405,24,1571,28,1956,11
2514,16,1405,24,1571,28,1997,11
2514,16,1405,24,1571,28,2068,11
2514,16,1405,24,1571,28,2079,11
2514,16,1405,24,1571,28,2123,11
2514,16,1405,24,1571,28,2196,11
2514,16,1405,24,1571,28,2206,11
2514,16,1405,24,1571,28,2216,11
2514,16,1405,24,1571,28,2244,11
2514,16,1405,24,1571,28,2259,11
2514,16,1405,24,1571,28,2261,11
2514,16,1405,24,1571,28,2289,11
2514,16,1405,24,1571,28,2359,11
2514,16,1405,24,1571,28,2370,11
2514,16,1405,24,1571,28,2405,11
2514,16,1405,24,1603,27,45,11
2514,16,1405,24,1603,27,159,11
2514,16,1405,24,1603,27,272,11
2514,16,1405,24,1603,27,338,11
2514,16,1405,24,1603,27,390,11
2514,16,1405,24,1603,27,457,11
2514,16,1405,24,1603,27,463,11
2514,16,1405,24,1603,27,620,11
2514,16,1405,24,1603,27,700,11
2514,16,1405,24,1603,27,742,11
2514,16,1405,24,1603,27,758,11
2514,16,1405,24,1603,27,879,11
2514,16,1405,24,1603,27,927,11
2514,16,1405,24,1603,27,979,11
2514,16,1405,24,1603,27,1003,11
2514,16,1405,24,1603,27,1044,11
2514,16,1405,24,1603,27,1068,11
2514,16,1405,24,1603,27,1153,11
2514,16,1405,24,1603,27,1186,11
2514,16,1405,24,1603,27,1194,11
2514,16,1405,24,1603,27,1259,11
2514,16,1405,24,1603,27,1260,11
2514,16,1405,24,1603,27,1312,11
2514,16,1405,24,1603,27,1388,11
2514,16,1405,24,1603,27,1391,11
2514,16,1405,24,1603,27,1422,11
2514,16,1405,24,1603,27,1556,11
2514,16,1405,24,1603,27,1568,11
2514,16,1405,24,1603,27,1599,11
2514,16,1405,24,1603,27,1747,11
2514,16,1405,24,1603,27,1773,11
2514,16,1405,24,1603,27,1799,11
2514,16,1405,24,1603,27,1818,11
2514,16,1405,24,1603,27,1873,11
2514,16,1405,24,1603,27,1940,11
2514,16,1405,24,1603,27,1956,11
2514,16,1405,24,1603,27,1997,11
2514,16,1405,24,1603,27,2068,11
2514,16,1405,24,1603,27,2079,11
2514,16,1405,24,1603,27,2123,11
2514,16,1405,24,1603,27,2196,11
2514,16,1405,24,1603,27,2206,11
2514,16,1405,24,1603,27,2216,11
2514,16,1405,24,1603,27,2244,11
2514,16,1405,24,1603,27,2259,11
2514,16,1405,24,1603,27,2261,11
2514,16,1405,24,1603,27,2289,11
2514,16,1405,24,1603,27,2359,11
2514,16,1405,24,1603,27,2370,11
2514,16,1405,24,1603,27,2405,11
2514,16,1405,24,1692,44,45,11
2514,16,1405,24,1692,44,159,11
2514,16,1405,24,1692,44,272,11
2514,16,1405,24,1692,44,338,11
2514,16,1405,24,1692,44,390,11
2514,16,1405,24,1692,44,457,11
2514,16,1405,24,1692,44,463,11
2514,16,1405,24,1692,44,620,11
2514,16,1405,24,1692,44,700,11
2514,16,1405,24,1692,44,742,11
2514,16,1405,24,1692,44,758,11
2514,16,1405,24,1692,44,879,11
2514,16,1405,24,1692,44,927,11
2514,16,1405,24,1692,44,979,11
2514,16,1405,24,1692,44,1003,11
2514,16,1405,24,1692,44,1044,11
2514,16,1405,24,1692,44,1068,11
2514,16,1405,24,1692,44,1153,11
2514,16,1405,24,1692,44,1186,11
2514,16,1405,24,1692,44,1194,11
2514,16,1405,24,1692,44,1259,11
2514,16,1405,24,1692,44,1260,11
2514,16,1405,24,1692,44,1312,11
2514,16,1405,24,1692,44,1388,11
2514,16,1405,24,1692,44,1391,11
2514,16,1405,24,1692,44,1422,11
2514,16,1405,24,1692,44,1556,11
2514,16,1405,24,1692,44,1568,11
2514,16,1405,24,1692,44,1599,11
2514,16,1405,24,1692,44,1747,11
2514,16,1405,24,1692,44,1773,11
2514,16,1405,24,1692,44,1799,11
2514,16,1405,24,1692,44,1818,11
2514,16,1405,24,1692,44,1873,11
2514,16,1405,24,1692,44,1940,11
2514,16,1405,24,1692,44,1956,11
2514,16,1405,24,1692,44,1997,11
2514,16,1405,24,1692,44,2068,11
2514,16,1405,24,1692,44,2079,11
2514,16,1405,24,1692,44,2123,11
2514,16,1405,24,1692,44,2196,11
2514,16,1405,24,1692,44,2206,11
2514,16,1405,24,1692,44,2216,11
2514,16,1405,24,1692,44,2244,11
2514,16,1405,24,1692,44,2259,11
2514,16,1405,24,1692,44,2261,11
2514,16,1405,24,1692,44,2289,11
2514,16,1405,24,1692,44,2359,11
2514,16,1405,24,1692,44,2370,11
2514,16,1405,24,1692,44,2405,11
2514,16,1405,24,1891,14,45,11
2514,16,1405,24,1891,14,159,11
2514,16,1405,24,1891,14,272,11
2514,16,1405,24,1891,14,338,11
2514,16,1405,24,1891,14,390,11
2514,16,1405,24,1891,14,457,11
2514,16,1405,24,1891,14,463,11
2514,16,1405,24,1891,14,620,11
2514,16,1405,24,1891,14,700,11
2514,16,1405,24,1891,14,742,11
2514,16,1405,24,1891,14,758,11
2514,16,1405,24,1891,14,879,11
2514,16,1405,24,1891,14,927,11
2514,16,1405,24,1891,14,979,11
2514,16,1405,24,1891,14,1003,11
2514,16,1405,24,1891,14,1044,11
2514,16,1405,24,1891,14,1068,11
2514,16,1405,24,1891,14,1153,11
2514,16,1405,24,1891,14,1186,11
2514,16,1405,24,1891,14,1194,11
2514,16,1405,24,1891,14,1259,11
2514,16,1405,24,1891,14,1260,11
2514,16,1405,24,1891,14,1312,11
2514,16,1405,24,1891,14,1388,11
2514,16,1405,24,1891,14,1391,11
2514,16,1405,24,1891,14,1422,11
2514,16,1405,24,1891,14,1556,11
2514,16,1405,24,1891,14,1568,11
2514,16,1405,24,1891,14,1599,11
2514,16,1405,24,1891,14,1747,11
2514,16,1405,24,1891,14,1773,11
2514,16,1405,24,1891,14,1799,11
2514,16,1405,24,1891,14,1818,11
2514,16,1405,24,1891,14,1873,11
2514,16,1405,24,1891,14,1940,11
2514,16,1405,24,1891,14,1956,11
2514,16,1405,24,1891,14,1997,11
2514,16,1405,24,1891,14,2068,11
2514,16,1405,24,1891,14,2079,11
2514,16,1405,24,1891,14,2123,11
2514,16,1405,24,1891,14,2196,11
2514,16,1405,24,1891,14,2206,11
2514,16,1405,24,1891,14,2216,11
2514,16,1405,24,1891,14,2244,11
2514,16,1405,24,1891,14,2259,11
2514,16,1405,24,1891,14,2261,11
2514,16,1405,24,1891,14,2289,11
2514,16,1405,24,1891,14,2359,11
2514,16,1405,24,1891,14,2370,11
2514,16,1405,24,1891,14,2405,11
2514,16,1405,24,1967,15,45,11
2514,16,1405,24,1967,15,272,11
2514,16,1405,24,1967,15,338,11
2514,16,1405,24,1967,15,390,11
2514,16,1405,24,1967,15,620,11
2514,16,1405,24,1967,15,742,11
2514,16,1405,24,1967,15,758,11
2514,16,1405,24,1967,15,979,11
2514,16,1405,24,1967,15,1044,11
2514,16,1405,24,1967,15,1068,11
2514,16,1405,24,1967,15,1186,11
2514,16,1405,24,1967,15,1259,11
2514,16,1405,24,1967,15,1260,11
2514,16,1405,24,1967,15,1312,11
2514,16,1405,24,1967,15,1391,11
2514,16,1405,24,1967,15,1422,11
2514,16,1405,24,1967,15,1747,11
2514,16,1405,24,1967,15,1773,11
2514,16,1405,24,1967,15,1799,11
2514,16,1405,24,1967,15,1956,11
2514,16,1405,24,1967,15,1997,11
2514,16,1405,24,1967,15,2068,11
2514,16,1405,24,1967,15,2079,11
2514,16,1405,24,1967,15,2206,11
2514,16,1405,24,1967,15,2244,11
2514,16,1405,24,1967,15,2259,11
2514,16,1405,24,1967,15,2261,11
2514,16,1405,24,1967,15,2289,11
2514,16,1405,24,1967,15,2359,11
2514,16,1405,24,1967,15,2405,11
