2514,16,1958,41,368,18,45,11
2514,16,1958,41,368,18,159,11
2514,16,1958,41,368,18,272,11
2514,16,1958,41,368,18,338,11
2514,16,1958,41,368,18,390,11
2514,16,1958,41,368,18,457,11
2514,16,1958,41,368,18,463,11
2514,16,1958,41,368,18,620,11
2514,16,1958,41,368,18,700,11
2514,16,1958,41,368,18,742,11
2514,16,1958,41,368,18,758,11
2514,16,1958,41,368,18,879,11
2514,16,1958,41,368,18,927,11
2514,16,1958,41,368,18,979,11
2514,16,1958,41,368,18,1003,11
2514,16,1958,41,368,18,1044,11
2514,16,1958,41,368,18,1068,11
2514,16,1958,41,368,18,1153,11
2514,16,1958,41,368,18,1186,11
2514,16,1958,41,368,18,1194,11
2514,16,1958,41,368,18,1259,11
2514,16,1958,41,368,18,1260,11
2514,16,1958,41,368,18,1312,11
2514,16,1958,41,368,18,1388,11
2514,16,1958,41,368,18,1391,11
2514,16,1958,41,368,18,1422,11
2514,16,1958,41,368,18,1556,11
2514,16,1958,41,368,18,1568,11
2514,16,1958,41,368,18,1599,11
2514,16,1958,41,368,18,1747,11
2514,16,1958,41,368,18,1773,11
2514,16,1958,41,368,18,1799,11
2514,16,1958,41,368,18,1818,11
2514,16,1958,41,368,18,1873,11
2514,16,1958,41,368,18,1940,11
2514,16,1958,41,368,18,1956,11
2514,16,1958,41,368,18,1997,11
2514,16,1958,41,368,18,2068,11
2514,16,1958,41,368,18,2079,11
2514,16,1958,41,368,18,2123,11
2514,16,1958,41,368,18,2196,11
2514,16,1958,41,368,18,2206,11
2514,16,1958,41,368,18,2216,11
2514,16,1958,41,368,18,2244,11
2514,16,1958,41,368,18,2259,11
2514,16,1958,41,368,18,2261,11
2514,16,1958,41,368,18,2289,11
2514,16,1958,41,368,18,2359,11
2514,16,1958,41,368,18,2370,11
2514,16,1958,41,368,18,2405,11
2514,16,1958,41,561,40,45,11
2514,16,1958,41,561,40,159,11
2514,16,1958,41,561,40,272,11
2514,16,1958,41,561,40,338,11
2514,16,1958,41,561,40,390,11
2514,16,1958,41,561,40,457,11
2514,16,1958,41,561,40,463,11
2514,16,1958,41,561,40,620,11
2514,16,1958,41,561,40,700,11
2514,16,1958,41,561,40,742,11
2514,16,1958,41,561,40,758,11
2514,16,1958,41,561,40,879,11
2514,16,1958,41,561,40,927,11
2514,16,1958,41,561,40,979,11
2514,16,1958,41,561,40,1003,11
2514,16,1958,41,561,40,1044,11
2514,16,1958,41,561,40,1068,11
2514,16,1958,41,561,40,1153,11
2514,16,1958,41,561,40,1186,11
2514,16,1958,41,561,40,1194,11
2514,16,1958,41,561,40,1259,11
2514,16,1958,41,561,40,1260,11
2514,16,1958,41,561,40,1312,11
2514,16,1958,41,561,40,1388,11
2514,16,1958,41,561,40,1391,11
2514,16,1958,41,561,40,1422,11
2514,16,1958,41,561,40,1556,11
2514,16,1958,41,561,40,1568,11
2514,16,1958,41,561,40,1599,11
2514,16,1958,41,561,40,1747,11
2514,16,1958,41,561,40,1773,11
2514,16,1958,41,561,40,1799,11
2514,16,1958,41,561,40,1818,11
2514,16,1958,41,561,40,1873,11
2514,16,1958,41,561,40,1940,11
2514,16,1958,41,561,40,1956,11
2514,16,1958,41,561,40,1997,11
2514,16,1958,41,561,40,2068,11
2514,16,1958,41,561,40,2079,11
2514,16,1958,41,561,40,2123,11
2514,16,1958,41,561,40,2196,11
2514,16,1958,41,561,40,2206,11
2514,16,1958,41,561,40,2216,11
2514,16,1958,41,561,40,2244,11
2514,16,1958,41,561,40,2259,11
2514,16,1958,41,561,40,2261,11
2514,16,1958,41,561,40,2289,11
2514,16,1958,41,561,40,2359,11
2514,16,1958,41,561,40,2370,11
2514,16,1958,41,561,40,2405,11
2514,16,1958,41,567,17,45,11
2514,16,1958,41,567,17,159,11
2514,16,1958,41,567,17,272,11
2514,16,1958,41,567,17,338,11
2514,16,1958,41,567,17,390,11
2514,16,1958,41,567,17,457,11
2514,16,1958,41,567,17,463,11
2514,16,1958,41,567,17,620,11
2514,16,1958,41,567,17,700,11
2514,16,1958,41,567,17,742,11
2514,16,1958,41,567,17,758,11
2514,16,1958,41,567,17,879,11
2514,16,1958,41,567,17,927,11
2514,16,1958,41,567,17,979,11
2514,16,1958,41,567,17,1003,11
2514,16,1958,41,567,17,1044,11
2514,16,1958,41,567,17,1068,11
2514,16,1958,41,567,17,1153,11
2514,16,1958,41,567,17,1186,11
2514,16,1958,41,567,17,1194,11
2514,16,1958,41,567,17,1259,11
2514,16,1958,41,567,17,1260,11
2514,16,1958,41,567,17,1312,11
2514,16,1958,41,567,17,1388,11
2514,16,1958,41,567,17,1391,11
2514,16,1958,41,567,17,1422,11
2514,16,1958,41,567,17,1556,11
2514,16,1958,41,567,17,1568,11
2514,16,1958,41,567,17,1599,11
2514,16,1958,41,567,17,1747,11
2514,16,1958,41,567,17,1773,11
2514,16,1958,41,567,17,1799,11
2514,16,1958,41,567,17,1818,11
2514,16,1958,41,567,17,1873,11
2514,16,1958,41,567,17,1940,11
2514,16,1958,41,567,17,1956,11
2514,16,1958,41,567,17,1997,11
2514,16,1958,41,567,17,2068,11
2514,16,1958,41,567,17,2079,11
2514,16,1958,41,567,17,2123,11
2514,16,1958,41,567,17,2196,11
2514,16,1958,41,567,17,2206,11
2514,16,1958,41,567,17,2216,11
2514,16,1958,41,567,17,2244,11
2514,16,1958,41,567,17,2259,11
2514,16,1958,41,567,17,2261,11
2514,16,1958,41,567,17,2289,11
2514,16,1958,41,567,17,2359,11
2514,16,1958,41,567,17,2370,11
2514,16,1958,41,567,17,2405,11
2514,16,1958,41,574,31,45,11
2514,16,1958,41,574,31,159,11
2514,16,1958,41,574,31,272,11
2514,16,1958,41,574,31,338,11
2514,16,1958,41,574,31,390,11
2514,16,1958,41,574,31,457,11
2514,16,1958,41,574,31,463,11
2514,16,1958,41,574,31,620,11
2514,16,1958,41,574,31,700,11
2514,16,1958,41,574,31,742,11
2514,16,1958,41,574,31,758,11
2514,16,1958,41,574,31,879,11
2514,16,1958,41,574,31,927,11
2514,16,1958,41,574,31,979,11
2514,16,1958,41,574,31,1003,11
2514,16,1958,41,574,31,1044,11
2514,16,1958,41,574,31,1068,11
2514,16,1958,41,574,31,1153,11
2514,16,1958,41,574,31,1186,11
2514,16,1958,41,574,31,1194,11
2514,16,1958,41,574,31,1259,11
2514,16,1958,41,574,31,1260,11
2514,16,1958,41,574,31,1312,11
2514,16,1958,41,574,31,1388,11
2514,16,1958,41,574,31,1391,11
2514,16,1958,41,574,31,1422,11
2514,16,1958,41,574,31,1556,11
2514,16,1958,41,574,31,1568,11
2514,16,1958,41,574,31,1599,11
2514,16,1958,41,574,31,1747,11
2514,16,1958,41,574,31,1773,11
2514,16,1958,41,574,31,1799,11
2514,16,1958,41,574,31,1818,11
2514,16,1958,41,574,31,1873,11
2514,16,1958,41,574,31,1940,11
2514,16,1958,41,574,31,1956,11
2514,16,1958,41,574,31,1997,11
2514,16,1958,41,574,31,2068,11
2514,16,1958,41,574,31,2079,11
2514,16,1958,41,574,31,2123,11
2514,16,1958,41,574,31,2196,11
2514,16,1958,41,574,31,2206,11
2514,16,1958,41,574,31,2216,11
2514,16,1958,41,574,31,2244,11
2514,16,1958,41,574,31,2259,11
2514,16,1958,41,574,31,2261,11
2514,16,1958,41,574,31,2289,11
2514,16,1958,41,574,31,2359,11
2514,16,1958,41,574,31,2370,11
2514,16,1958,41,574,31,2405,11
2514,16,1958,41,806,24,457,11
2514,16,1958,41,806,24,700,11
2514,16,1958,41,806,24,927,11
2514,16,1958,41,806,24,1003,11
2514,16,1958,41,806,24,1153,11
2514,16,1958,41,806,24,1194,11
2514,16,1958,41,806,24,1568,11
2514,16,1958,41,806,24,1599,11
2514,16,1958,41,806,24,1818,11
2514,16,1958,41,806,24,1940,11
2514,16,1958,41,951,9,45,11
2514,16,1958,41,951,9,159,11
2514,16,1958,41,951,9,272,11
2514,16,1958,41,951,9,338,11
2514,16,1958,41,951,9,390,11
2514,16,1958,41,951,9,457,11
2514,16,1958,41,951,9,463,11
2514,16,1958,41,951,9,620,11
2514,16,1958,41,951,9,700,11
2514,16,1958,41,951,9,742,11
2514,16,1958,41,951,9,758,11
2514,16,1958,41,951,9,879,11
2514,16,1958,41,951,9,927,11
2514,16,1958,41,951,9,979,11
2514,16,1958,41,951,9,1003,11
2514,16,1958,41,951,9,1044,11
2514,16,1958,41,951,9,1068,11
2514,16,1958,41,951,9,1153,11
2514,16,1958,41,951,9,1186,11
2514,16,1958,41,951,9,1194,11
2514,16,1958,41,951,9,1259,11
2514,16,1958,41,951,9,1260,11
2514,16,1958,41,951,9,1312,11
2514,16,1958,41,951,9,1388,11
2514,16,1958,41,951,9,1391,11
2514,16,1958,41,951,9,1422,11
2514,16,1958,41,951,9,1556,11
2514,16,1958,41,951,9,1568,11
2514,16,1958,41,951,9,1599,11
2514,16,1958,41,951,9,1747,11
2514,16,1958,41,951,9,1773,11
2514,16,1958,41,951,9,1799,11
2514,16,1958,41,951,9,1818,11
2514,16,1958,41,951,9,1873,11
2514,16,1958,41,951,9,1940,11
2514,16,1958,41,951,9,1956,11
2514,16,1958,41,951,9,1997,11
2514,16,1958,41,951,9,2068,11
2514,16,1958,41,951,9,2079,11
2514,16,1958,41,951,9,2123,11
2514,16,1958,41,951,9,2196,11
2514,16,1958,41,951,9,2206,11
2514,16,1958,41,951,9,2216,11
2514,16,1958,41,951,9,2244,11
2514,16,1958,41,951,9,2259,11
2514,16,1958,41,951,9,2261,11
2514,16,1958,41,951,9,2289,11
2514,16,1958,41,951,9,2359,11
2514,16,1958,41,951,9,2370,11
2514,16,1958,41,951,9,2405,11
2514,16,1958,41,1245,17,45,11
2514,16,1958,41,1245,17,159,11
2514,16,1958,41,1245,17,272,11
2514,16,1958,41,1245,17,338,11
2514,16,1958,41,1245,17,390,11
2514,16,1958,41,1245,17,457,11
2514,16,1958,41,1245,17,463,11
2514,16,1958,41,1245,17,620,11
2514,16,1958,41,1245,17,700,11
2514,16,1958,41,1245,17,742,11
2514,16,1958,41,1245,17,758,11
2514,16,1958,41,1245,17,879,11
2514,16,1958,41,1245,17,927,11
2514,16,1958,41,1245,17,979,11
2514,16,1958,41,1245,17,1003,11
2514,16,1958,41,1245,17,1044,11
2514,16,1958,41,1245,17,1068,11
2514,16,1958,41,1245,17,1153,11
2514,16,1958,41,1245,17,1186,11
2514,16,1958,41,1245,17,1194,11
2514,16,1958,41,1245,17,1259,11
2514,16,1958,41,1245,17,1260,11
2514,16,1958,41,1245,17,1312,11
2514,16,1958,41,1245,17,1388,11
2514,16,1958,41,1245,17,1391,11
2514,16,1958,41,1245,17,1422,11
2514,16,1958,41,1245,17,1556,11
2514,16,1958,41,1245,17,1568,11
2514,16,1958,41,1245,17,1599,11
2514,16,1958,41,1245,17,1747,11
2514,16,1958,41,1245,17,1773,11
2514,16,1958,41,1245,17,1799,11
2514,16,1958,41,1245,17,1818,11
2514,16,1958,41,1245,17,1873,11
2514,16,1958,41,1245,17,1940,11
2514,16,1958,41,1245,17,1956,11
2514,16,1958,41,1245,17,1997,11
2514,16,1958,41,1245,17,2068,11
2514,16,1958,41,1245,17,2079,11
2514,16,1958,41,1245,17,2123,11
2514,16,1958,41,1245,17,2196,11
2514,16,1958,41,1245,17,2206,11
2514,16,1958,41,1245,17,2216,11
2514,16,1958,41,1245,17,2244,11
2514,16,1958,41,1245,17,2259,11
2514,16,1958,41,1245,17,2261,11
2514,16,1958,41,1245,17,2289,11
2514,16,1958,41,1245,17,2359,11
2514,16,1958,41,1245,17,2370,11
2514,16,1958,41,1245,17,2405,11
2514,16,1958,41,1269,26,45,11
2514,16,1958,41,1269,26,159,11
2514,16,1958,41,1269,26,272,11
2514,16,1958,41,1269,26,338,11
2514,16,1958,41,1269,26,390,11
2514,16,1958,41,1269,26,457,11
2514,16,1958,41,1269,26,463,11
2514,16,1958,41,1269,26,620,11
2514,16,1958,41,1269,26,700,11
2514,16,1958,41,1269,26,742,11
2514,16,1958,41,1269,26,758,11
2514,16,1958,41,1269,26,879,11
2514,16,1958,41,1269,26,927,11
2514,16,1958,41,1269,26,979,11
2514,16,1958,41,1269,26,1003,11
2514,16,1958,41,1269,26,1044,11
2514,16,1958,41,1269,26,1068,11
2514,16,1958,41,1269,26,1153,11
2514,16,1958,41,1269,26,1186,11
2514,16,1958,41,1269,26,1194,11
2514,16,1958,41,1269,26,1259,11
2514,16,1958,41,1269,26,1260,11
2514,16,1958,41,1269,26,1312,11
2514,16,1958,41,1269,26,1388,11
2514,16,1958,41,1269,26,1391,11
2514,16,1958,41,1269,26,1422,11
2514,16,1958,41,1269,26,1556,11
2514,16,1958,41,1269,26,1568,11
2514,16,1958,41,1269,26,1599,11
2514,16,1958,41,1269,26,1747,11
2514,16,1958,41,1269,26,1773,11
2514,16,1958,41,1269,26,1799,11
2514,16,1958,41,1269,26,1818,11
2514,16,1958,41,1269,26,1873,11
2514,16,1958,41,1269,26,1940,11
2514,16,1958,41,1269,26,1956,11
2514,16,1958,41,1269,26,1997,11
2514,16,1958,41,1269,26,2068,11
2514,16,1958,41,1269,26,2079,11
2514,16,1958,41,1269,26,2123,11
2514,16,1958,41,1269,26,2196,11
2514,16,1958,41,1269,26,2206,11
2514,16,1958,41,1269,26,2216,11
2514,16,1958,41,1269,26,2244,11
2514,16,1958,41,1269,26,2259,11
2514,16,1958,41,1269,26,2261,11
2514,16,1958,41,1269,26,2289,11
2514,16,1958,41,1269,26,2359,11
2514,16,1958,41,1269,26,2370,11
2514,16,1958,41,1269,26,2405,11
2514,16,1958,41,1298,27,45,11
2514,16,1958,41,1298,27,272,11
2514,16,1958,41,1298,27,338,11
2514,16,1958,41,1298,27,390,11
2514,16,1958,41,1298,27,620,11
2514,16,1958,41,1298,27,742,11
2514,16,1958,41,1298,27,758,11
2514,16,1958,41,1298,27,979,11
2514,16,1958,41,1298,27,1044,11
2514,16,1958,41,1298,27,1068,11
2514,16,1958,41,1298,27,1186,11
2514,16,1958,41,1298,27,1259,11
2514,16,1958,41,1298,27,1260,11
2514,16,1958,41,1298,27,1312,11
2514,16,1958,41,1298,27,1391,11
2514,16,1958,41,1298,27,1422,11
2514,16,1958,41,1298,27,1747,11
2514,16,1958,41,1298,27,1773,11
2514,16,1958,41,1298,27,1799,11
2514,16,1958,41,1298,27,1956,11
2514,16,1958,41,1298,27,1997,11
2514,16,1958,41,1298,27,2068,11
2514,16,1958,41,1298,27,2079,11
2514,16,1958,41,1298,27,2206,11
2514,16,1958,41,1298,27,2244,11
2514,16,1958,41,1298,27,2259,11
2514,16,1958,41,1298,27,2261,11
2514,16,1958,41,1298,27,2289,11
2514,16,1958,41,1298,27,2359,11
2514,16,1958,41,1298,27,2405,11
2514,16,1958,41,1510,29,45,11
2514,16,1958,41,1510,29,159,11
2514,16,1958,41,1510,29,272,11
2514,16,1958,41,1510,29,338,11
2514,16,1958,41,1510,29,390,11
2514,16,1958,41,1510,29,457,11
2514,16,1958,41,1510,29,463,11
2514,16,1958,41,1510,29,620,11
2514,16,1958,41,1510,29,700,11
2514,16,1958,41,1510,29,742,11
2514,16,1958,41,1510,29,758,11
2514,16,1958,41,1510,29,879,11
2514,16,1958,41,1510,29,927,11
2514,16,1958,41,1510,29,979,11
2514,16,1958,41,1510,29,1003,11
2514,16,1958,41,1510,29,1044,11
2514,16,1958,41,1510,29,1068,11
2514,16,1958,41,1510,29,1153,11
2514,16,1958,41,1510,29,1186,11
2514,16,1958,41,1510,29,1194,11
2514,16,1958,41,1510,29,1259,11
2514,16,1958,41,1510,29,1260,11
2514,16,1958,41,1510,29,1312,11
2514,16,1958,41,1510,29,1388,11
2514,16,1958,41,1510,29,1391,11
2514,16,1958,41,1510,29,1422,11
2514,16,1958,41,1510,29,1556,11
2514,16,1958,41,1510,29,1568,11
2514,16,1958,41,1510,29,1599,11
2514,16,1958,41,1510,29,1747,11
2514,16,1958,41,1510,29,1773,11
2514,16,1958,41,1510,29,1799,11
2514,16,1958,41,1510,29,1818,11
2514,16,1958,41,1510,29,1873,11
2514,16,1958,41,1510,29,1940,11
2514,16,1958,41,1510,29,1956,11
2514,16,1958,41,1510,29,1997,11
2514,16,1958,41,1510,29,2068,11
2514,16,1958,41,1510,29,2079,11
2514,16,1958,41,1510,29,2123,11
2514,16,1958,41,1510,29,2196,11
2514,16,1958,41,1510,29,2206,11
2514,16,1958,41,1510,29,2216,11
2514,16,1958,41,1510,29,2244,11
2514,16,1958,41,1510,29,2259,11
2514,16,1958,41,1510,29,2261,11
2514,16,1958,41,1510,29,2289,11
2514,16,1958,41,1510,29,2359,11
2514,16,1958,41,1510,29,2370,11
2514,16,1958,41,1510,29,2405,11
2514,16,1958,41,1536,28,45,11
2514,16,1958,41,1536,28,159,11
2514,16,1958,41,1536,28,272,11
2514,16,1958,41,1536,28,338,11
2514,16,1958,41,1536,28,390,11
2514,16,1958,41,1536,28,457,11
2514,16,1958,41,1536,28,463,11
2514,16,1958,41,1536,28,620,11
2514,16,1958,41,1536,28,700,11
2514,16,1958,41,1536,28,742,11
2514,16,1958,41,1536,28,758,11
2514,16,1958,41,1536,28,879,11
2514,16,1958,41,1536,28,927,11
2514,16,1958,41,1536,28,979,11
2514,16,1958,41,1536,28,1003,11
2514,16,1958,41,1536,28,1044,11
2514,16,1958,41,1536,28,1068,11
2514,16,1958,41,1536,28,1153,11
2514,16,1958,41,1536,28,1186,11
2514,16,1958,41,1536,28,1194,11
2514,16,1958,41,1536,28,1259,11
2514,16,1958,41,1536,28,1260,11
2514,16,1958,41,1536,28,1312,11
2514,16,1958,41,1536,28,1388,11
2514,16,1958,41,1536,28,1391,11
2514,16,1958,41,1536,28,1422,11
2514,16,1958,41,1536,28,1556,11
2514,16,1958,41,1536,28,1568,11
2514,16,1958,41,1536,28,1599,11
2514,16,1958,41,1536,28,1747,11
2514,16,1958,41,1536,28,1773,11
2514,16,1958,41,1536,28,1799,11
2514,16,1958,41,1536,28,1818,11
2514,16,1958,41,1536,28,1873,11
2514,16,1958,41,1536,28,1940,11
2514,16,1958,41,1536,28,1956,11
2514,16,1958,41,1536,28,1997,11
2514,16,1958,41,1536,28,2068,11
2514,16,1958,41,1536,28,2079,11
2514,16,1958,41,1536,28,2123,11
2514,16,1958,41,1536,28,2196,11
2514,16,1958,41,1536,28,2206,11
2514,16,1958,41,1536,28,2216,11
2514,16,1958,41,1536,28,2244,11
2514,16,1958,41,1536,28,2259,11
2514,16,1958,41,1536,28,2261,11
2514,16,1958,41,1536,28,2289,11
2514,16,1958,41,1536,28,2359,11
2514,16,1958,41,1536,28,2370,11
2514,16,1958,41,1536,28,2405,11
2514,16,1958,41,1577,12,45,11
2514,16,1958,41,1577,12,159,11
2514,16,1958,41,1577,12,272,11
2514,16,1958,41,1577,12,338,11
2514,16,1958,41,1577,12,390,11
2514,16,1958,41,1577,12,457,11
2514,16,1958,41,1577,12,463,11
2514,16,1958,41,1577,12,620,11
2514,16,1958,41,1577,12,700,11
2514,16,1958,41,1577,12,742,11
2514,16,1958,41,1577,12,758,11
2514,16,1958,41,1577,12,879,11
2514,16,1958,41,1577,12,927,11
2514,16,1958,41,1577,12,979,11
2514,16,1958,41,1577,12,1003,11
2514,16,1958,41,1577,12,1044,11
2514,16,1958,41,1577,12,1068,11
2514,16,1958,41,1577,12,1153,11
2514,16,1958,41,1577,12,1186,11
2514,16,1958,41,1577,12,1194,11
2514,16,1958,41,1577,12,1259,11
2514,16,1958,41,1577,12,1260,11
2514,16,1958,41,1577,12,1312,11
2514,16,1958,41,1577,12,1388,11
2514,16,1958,41,1577,12,1391,11
2514,16,1958,41,1577,12,1422,11
2514,16,1958,41,1577,12,1556,11
2514,16,1958,41,1577,12,1568,11
2514,16,1958,41,1577,12,1599,11
2514,16,1958,41,1577,12,1747,11
2514,16,1958,41,1577,12,1773,11
2514,16,1958,41,1577,12,1799,11
2514,16,1958,41,1577,12,1818,11
2514,16,1958,41,1577,12,1873,11
2514,16,1958,41,1577,12,1940,11
2514,16,1958,41,1577,12,1956,11
2514,16,1958,41,1577,12,1997,11
2514,16,1958,41,1577,12,2068,11
2514,16,1958,41,1577,12,2079,11
2514,16,1958,41,1577,12,2123,11
2514,16,1958,41,1577,12,2196,11
2514,16,1958,41,1577,12,2206,11
2514,16,1958,41,1577,12,2216,11
2514,16,1958,41,1577,12,2244,11
2514,16,1958,41,1577,12,2259,11
2514,16,1958,41,1577,12,2261,11
2514,16,1958,41,1577,12,2289,11
2514,16,1958,41,1577,12,2359,11
2514,16,1958,41,1577,12,2370,11
2514,16,1958,41,1577,12,2405,11
2514,16,1958,41,1612,30,45,11
2514,16,1958,41,1612,30,159,11
2514,16,1958,41,1612,30,272,11
2514,16,1958,41,1612,30,338,11
2514,16,1958,41,1612,30,390,11
2514,16,1958,41,1612,30,457,11
2514,16,1958,41,1612,30,463,11
2514,16,1958,41,1612,30,620,11
2514,16,1958,41,1612,30,700,11
2514,16,1958,41,1612,30,742,11
2514,16,1958,41,1612,30,758,11
2514,16,1958,41,1612,30,879,11
2514,16,1958,41,1612,30,927,11
2514,16,1958,41,1612,30,979,11
2514,16,1958,41,1612,30,1003,11
2514,16,1958,41,1612,30,1044,11
2514,16,1958,41,1612,30,1068,11
2514,16,1958,41,1612,30,1153,11
2514,16,1958,41,1612,30,1186,11
2514,16,1958,41,1612,30,1194,11
2514,16,1958,41,1612,30,1259,11
2514,16,1958,41,1612,30,1260,11
2514,16,1958,41,1612,30,1312,11
2514,16,1958,41,1612,30,1388,11
2514,16,1958,41,1612,30,1391,11
2514,16,1958,41,1612,30,1422,11
2514,16,1958,41,1612,30,1556,11
2514,16,1958,41,1612,30,1568,11
2514,16,1958,41,1612,30,1599,11
2514,16,1958,41,1612,30,1747,11
2514,16,1958,41,1612,30,1773,11
2514,16,1958,41,1612,30,1799,11
2514,16,1958,41,1612,30,1818,11
2514,16,1958,41,1612,30,1873,11
2514,16,1958,41,1612,30,1940,11
2514,16,1958,41,1612,30,1956,11
2514,16,1958,41,1612,30,1997,11
2514,16,1958,41,1612,30,2068,11
2514,16,1958,41,1612,30,2079,11
2514,16,1958,41,1612,30,2123,11
2514,16,1958,41,1612,30,2196,11
2514,16,1958,41,1612,30,2206,11
2514,16,1958,41,1612,30,2216,11
2514,16,1958,41,1612,30,2244,11
2514,16,1958,41,1612,30,2259,11
2514,16,1958,41,1612,30,2261,11
2514,16,1958,41,1612,30,2289,11
2514,16,1958,41,1612,30,2359,11
2514,16,1958,41,1612,30,2370,11
2514,16,1958,41,1612,30,2405,11
2514,16,1958,41,1689,49,45,11
2514,16,1958,41,1689,49,159,11
2514,16,1958,41,1689,49,272,11
2514,16,1958,41,1689,49,338,11
2514,16,1958,41,1689,49,390,11
2514,16,1958,41,1689,49,457,11
2514,16,1958,41,1689,49,463,11
2514,16,1958,41,1689,49,620,11
2514,16,1958,41,1689,49,700,11
2514,16,1958,41,1689,49,742,11
2514,16,1958,41,1689,49,758,11
2514,16,1958,41,1689,49,879,11
2514,16,1958,41,1689,49,927,11
2514,16,1958,41,1689,49,979,11
2514,16,1958,41,1689,49,1003,11
2514,16,1958,41,1689,49,1044,11
2514,16,1958,41,1689,49,1068,11
2514,16,1958,41,1689,49,1153,11
2514,16,1958,41,1689,49,1186,11
2514,16,1958,41,1689,49,1194,11
2514,16,1958,41,1689,49,1259,11
2514,16,1958,41,1689,49,1260,11
2514,16,1958,41,1689,49,1312,11
2514,16,1958,41,1689,49,1388,11
2514,16,1958,41,1689,49,1391,11
2514,16,1958,41,1689,49,1422,11
2514,16,1958,41,1689,49,1556,11
2514,16,1958,41,1689,49,1568,11
2514,16,1958,41,1689,49,1599,11
2514,16,1958,41,1689,49,1747,11
2514,16,1958,41,1689,49,1773,11
2514,16,1958,41,1689,49,1799,11
2514,16,1958,41,1689,49,1818,11
2514,16,1958,41,1689,49,1873,11
2514,16,1958,41,1689,49,1940,11
2514,16,1958,41,1689,49,1956,11
2514,16,1958,41,1689,49,1997,11
2514,16,1958,41,1689,49,2068,11
2514,16,1958,41,1689,49,2079,11
2514,16,1958,41,1689,49,2123,11
2514,16,1958,41,1689,49,2196,11
2514,16,1958,41,1689,49,2206,11
2514,16,1958,41,1689,49,2216,11
2514,16,1958,41,1689,49,2244,11
2514,16,1958,41,1689,49,2259,11
2514,16,1958,41,1689,49,2261,11
2514,16,1958,41,1689,49,2289,11
2514,16,1958,41,1689,49,2359,11
2514,16,1958,41,1689,49,2370,11
2514,16,1958,41,1689,49,2405,11
