2514,16,1806,9,121,25,45,11
2514,16,1806,9,121,25,159,11
2514,16,1806,9,121,25,272,11
2514,16,1806,9,121,25,338,11
2514,16,1806,9,121,25,390,11
2514,16,1806,9,121,25,457,11
2514,16,1806,9,121,25,463,11
2514,16,1806,9,121,25,620,11
2514,16,1806,9,121,25,700,11
2514,16,1806,9,121,25,742,11
2514,16,1806,9,121,25,758,11
2514,16,1806,9,121,25,879,11
2514,16,1806,9,121,25,927,11
2514,16,1806,9,121,25,979,11
2514,16,1806,9,121,25,1003,11
2514,16,1806,9,121,25,1044,11
2514,16,1806,9,121,25,1068,11
2514,16,1806,9,121,25,1153,11
2514,16,1806,9,121,25,1186,11
2514,16,1806,9,121,25,1194,11
2514,16,1806,9,121,25,1259,11
2514,16,1806,9,121,25,1260,11
2514,16,1806,9,121,25,1312,11
2514,16,1806,9,121,25,1388,11
2514,16,1806,9,121,25,1391,11
2514,16,1806,9,121,25,1422,11
2514,16,1806,9,121,25,1556,11
2514,16,1806,9,121,25,1568,11
2514,16,1806,9,121,25,1599,11
2514,16,1806,9,121,25,1747,11
2514,16,1806,9,121,25,1773,11
2514,16,1806,9,121,25,1799,11
2514,16,1806,9,121,25,1818,11
2514,16,1806,9,121,25,1873,11
2514,16,1806,9,121,25,1940,11
2514,16,1806,9,121,25,1956,11
2514,16,1806,9,121,25,1997,11
2514,16,1806,9,121,25,2068,11
2514,16,1806,9,121,25,2079,11
2514,16,1806,9,121,25,2123,11
2514,16,1806,9,121,25,2196,11
2514,16,1806,9,121,25,2206,11
2514,16,1806,9,121,25,2216,11
2514,16,1806,9,121,25,2244,11
2514,16,1806,9,121,25,2259,11
2514,16,1806,9,121,25,2261,11
2514,16,1806,9,121,25,2289,11
2514,16,1806,9,121,25,2359,11
2514,16,1806,9,121,25,2370,11
2514,16,1806,9,121,25,2405,11
2514,16,1806,9,454,30,45,11
2514,16,1806,9,454,30,159,11
2514,16,1806,9,454,30,272,11
2514,16,1806,9,454,30,338,11
2514,16,1806,9,454,30,390,11
2514,16,1806,9,454,30,457,11
2514,16,1806,9,454,30,463,11
2514,16,1806,9,454,30,620,11
2514,16,1806,9,454,30,700,11
2514,16,1806,9,454,30,742,11
2514,16,1806,9,454,30,758,11
2514,16,1806,9,454,30,879,11
2514,16,1806,9,454,30,927,11
2514,16,1806,9,454,30,979,11
2514,16,1806,9,454,30,1003,11
2514,16,1806,9,454,30,1044,11
2514,16,1806,9,454,30,1068,11
2514,16,1806,9,454,30,1153,11
2514,16,1806,9,454,30,1186,11
2514,16,1806,9,454,30,1194,11
2514,16,1806,9,454,30,1259,11
2514,16,1806,9,454,30,1260,11
2514,16,1806,9,454,30,1312,11
2514,16,1806,9,454,30,1388,11
2514,16,1806,9,454,30,1391,11
2514,16,1806,9,454,30,1422,11
2514,16,1806,9,454,30,1556,11
2514,16,1806,9,454,30,1568,11
2514,16,1806,9,454,30,1599,11
2514,16,1806,9,454,30,1747,11
2514,16,1806,9,454,30,1773,11
2514,16,1806,9,454,30,1799,11
2514,16,1806,9,454,30,1818,11
2514,16,1806,9,454,30,1873,11
2514,16,1806,9,454,30,1940,11
2514,16,1806,9,454,30,1956,11
2514,16,1806,9,454,30,1997,11
2514,16,1806,9,454,30,2068,11
2514,16,1806,9,454,30,2079,11
2514,16,1806,9,454,30,2123,11
2514,16,1806,9,454,30,2196,11
2514,16,1806,9,454,30,2206,11
2514,16,1806,9,454,30,2216,11
2514,16,1806,9,454,30,2244,11
2514,16,1806,9,454,30,2259,11
2514,16,1806,9,454,30,2261,11
2514,16,1806,9,454,30,2289,11
2514,16,1806,9,454,30,2359,11
2514,16,1806,9,454,30,2370,11
2514,16,1806,9,454,30,2405,11
2514,16,1806,9,498,13,45,11
2514,16,1806,9,498,13,159,11
2514,16,1806,9,498,13,272,11
2514,16,1806,9,498,13,338,11
2514,16,1806,9,498,13,390,11
2514,16,1806,9,498,13,457,11
2514,16,1806,9,498,13,463,11
2514,16,1806,9,498,13,620,11
2514,16,1806,9,498,13,700,11
2514,16,1806,9,498,13,742,11
2514,16,1806,9,498,13,758,11
2514,16,1806,9,498,13,879,11
2514,16,1806,9,498,13,927,11
2514,16,1806,9,498,13,979,11
2514,16,1806,9,498,13,1003,11
2514,16,1806,9,498,13,1044,11
2514,16,1806,9,498,13,1068,11
2514,16,1806,9,498,13,1153,11
2514,16,1806,9,498,13,1186,11
2514,16,1806,9,498,13,1194,11
2514,16,1806,9,498,13,1259,11
2514,16,1806,9,498,13,1260,11
2514,16,1806,9,498,13,1312,11
2514,16,1806,9,498,13,1388,11
2514,16,1806,9,498,13,1391,11
2514,16,1806,9,498,13,1422,11
2514,16,1806,9,498,13,1556,11
2514,16,1806,9,498,13,1568,11
2514,16,1806,9,498,13,1599,11
2514,16,1806,9,498,13,1747,11
2514,16,1806,9,498,13,1773,11
2514,16,1806,9,498,13,1799,11
2514,16,1806,9,498,13,1818,11
2514,16,1806,9,498,13,1873,11
2514,16,1806,9,498,13,1940,11
2514,16,1806,9,498,13,1956,11
2514,16,1806,9,498,13,1997,11
2514,16,1806,9,498,13,2068,11
2514,16,1806,9,498,13,2079,11
2514,16,1806,9,498,13,2123,11
2514,16,1806,9,498,13,2196,11
2514,16,1806,9,498,13,2206,11
2514,16,1806,9,498,13,2216,11
2514,16,1806,9,498,13,2244,11
2514,16,1806,9,498,13,2259,11
2514,16,1806,9,498,13,2261,11
2514,16,1806,9,498,13,2289,11
2514,16,1806,9,498,13,2359,11
2514,16,1806,9,498,13,2370,11
2514,16,1806,9,498,13,2405,11
2514,16,1806,9,534,41,45,11
2514,16,1806,9,534,41,159,11
2514,16,1806,9,534,41,272,11
2514,16,1806,9,534,41,338,11
2514,16,1806,9,534,41,390,11
2514,16,1806,9,534,41,457,11
2514,16,1806,9,534,41,463,11
2514,16,1806,9,534,41,620,11
2514,16,1806,9,534,41,700,11
2514,16,1806,9,534,41,742,11
2514,16,1806,9,534,41,758,11
2514,16,1806,9,534,41,879,11
2514,16,1806,9,534,41,927,11
2514,16,1806,9,534,41,979,11
2514,16,1806,9,534,41,1003,11
2514,16,1806,9,534,41,1044,11
2514,16,1806,9,534,41,1068,11
2514,16,1806,9,534,41,1153,11
2514,16,1806,9,534,41,1186,11
2514,16,1806,9,534,41,1194,11
2514,16,1806,9,534,41,1259,11
2514,16,1806,9,534,41,1260,11
2514,16,1806,9,534,41,1312,11
2514,16,1806,9,534,41,1388,11
2514,16,1806,9,534,41,1391,11
2514,16,1806,9,534,41,1422,11
2514,16,1806,9,534,41,1556,11
2514,16,1806,9,534,41,1568,11
2514,16,1806,9,534,41,1599,11
2514,16,1806,9,534,41,1747,11
2514,16,1806,9,534,41,1773,11
2514,16,1806,9,534,41,1799,11
2514,16,1806,9,534,41,1818,11
2514,16,1806,9,534,41,1873,11
2514,16,1806,9,534,41,1940,11
2514,16,1806,9,534,41,1956,11
2514,16,1806,9,534,41,1997,11
2514,16,1806,9,534,41,2068,11
2514,16,1806,9,534,41,2079,11
2514,16,1806,9,534,41,2123,11
2514,16,1806,9,534,41,2196,11
2514,16,1806,9,534,41,2206,11
2514,16,1806,9,534,41,2216,11
2514,16,1806,9,534,41,2244,11
2514,16,1806,9,534,41,2259,11
2514,16,1806,9,534,41,2261,11
2514,16,1806,9,534,41,2289,11
2514,16,1806,9,534,41,2359,11
2514,16,1806,9,534,41,2370,11
2514,16,1806,9,534,41,2405,11
2514,16,1806,9,1082,11,45,11
2514,16,1806,9,1082,11,159,11
2514,16,1806,9,1082,11,272,11
2514,16,1806,9,1082,11,338,11
2514,16,1806,9,1082,11,390,11
2514,16,1806,9,1082,11,457,11
2514,16,1806,9,1082,11,463,11
2514,16,1806,9,1082,11,620,11
2514,16,1806,9,1082,11,700,11
2514,16,1806,9,1082,11,742,11
2514,16,1806,9,1082,11,758,11
2514,16,1806,9,1082,11,879,11
2514,16,1806,9,1082,11,927,11
2514,16,1806,9,1082,11,979,11
2514,16,1806,9,1082,11,1003,11
2514,16,1806,9,1082,11,1044,11
2514,16,1806,9,1082,11,1068,11
2514,16,1806,9,1082,11,1153,11
2514,16,1806,9,1082,11,1186,11
2514,16,1806,9,1082,11,1194,11
2514,16,1806,9,1082,11,1259,11
2514,16,1806,9,1082,11,1260,11
2514,16,1806,9,1082,11,1312,11
2514,16,1806,9,1082,11,1388,11
2514,16,1806,9,1082,11,1391,11
2514,16,1806,9,1082,11,1422,11
2514,16,1806,9,1082,11,1556,11
2514,16,1806,9,1082,11,1568,11
2514,16,1806,9,1082,11,1599,11
2514,16,1806,9,1082,11,1747,11
2514,16,1806,9,1082,11,1773,11
2514,16,1806,9,1082,11,1799,11
2514,16,1806,9,1082,11,1818,11
2514,16,1806,9,1082,11,1873,11
2514,16,1806,9,1082,11,1940,11
2514,16,1806,9,1082,11,1956,11
2514,16,1806,9,1082,11,1997,11
2514,16,1806,9,1082,11,2068,11
2514,16,1806,9,1082,11,2079,11
2514,16,1806,9,1082,11,2123,11
2514,16,1806,9,1082,11,2196,11
2514,16,1806,9,1082,11,2206,11
2514,16,1806,9,1082,11,2216,11
2514,16,1806,9,1082,11,2244,11
2514,16,1806,9,1082,11,2259,11
2514,16,1806,9,1082,11,2261,11
2514,16,1806,9,1082,11,2289,11
2514,16,1806,9,1082,11,2359,11
2514,16,1806,9,1082,11,2370,11
2514,16,1806,9,1082,11,2405,11
2514,16,1806,9,1345,35,159,11
2514,16,1806,9,1345,35,272,11
2514,16,1806,9,1345,35,338,11
2514,16,1806,9,1345,35,457,11
2514,16,1806,9,1345,35,463,11
2514,16,1806,9,1345,35,700,11
2514,16,1806,9,1345,35,742,11
2514,16,1806,9,1345,35,758,11
2514,16,1806,9,1345,35,879,11
2514,16,1806,9,1345,35,927,11
2514,16,1806,9,1345,35,1003,11
2514,16,1806,9,1345,35,1044,11
2514,16,1806,9,1345,35,1068,11
2514,16,1806,9,1345,35,1153,11
2514,16,1806,9,1345,35,1186,11
2514,16,1806,9,1345,35,1194,11
2514,16,1806,9,1345,35,1259,11
2514,16,1806,9,1345,35,1260,11
2514,16,1806,9,1345,35,1312,11
2514,16,1806,9,1345,35,1388,11
2514,16,1806,9,1345,35,1391,11
2514,16,1806,9,1345,35,1422,11
2514,16,1806,9,1345,35,1556,11
2514,16,1806,9,1345,35,1568,11
2514,16,1806,9,1345,35,1599,11
2514,16,1806,9,1345,35,1747,11
2514,16,1806,9,1345,35,1773,11
2514,16,1806,9,1345,35,1818,11
2514,16,1806,9,1345,35,1873,11
2514,16,1806,9,1345,35,1940,11
2514,16,1806,9,1345,35,1997,11
2514,16,1806,9,1345,35,2068,11
2514,16,1806,9,1345,35,2079,11
2514,16,1806,9,1345,35,2123,11
2514,16,1806,9,1345,35,2196,11
2514,16,1806,9,1345,35,2216,11
2514,16,1806,9,1345,35,2259,11
2514,16,1806,9,1345,35,2289,11
2514,16,1806,9,1345,35,2370,11
2514,16,1806,9,1345,35,2405,11
2514,16,1806,9,1451,13,45,11
2514,16,1806,9,1451,13,159,11
2514,16,1806,9,1451,13,272,11
2514,16,1806,9,1451,13,338,11
2514,16,1806,9,1451,13,390,11
2514,16,1806,9,1451,13,457,11
2514,16,1806,9,1451,13,463,11
2514,16,1806,9,1451,13,620,11
2514,16,1806,9,1451,13,700,11
2514,16,1806,9,1451,13,742,11
2514,16,1806,9,1451,13,758,11
2514,16,1806,9,1451,13,879,11
2514,16,1806,9,1451,13,927,11
2514,16,1806,9,1451,13,979,11
2514,16,1806,9,1451,13,1003,11
2514,16,1806,9,1451,13,1044,11
2514,16,1806,9,1451,13,1068,11
2514,16,1806,9,1451,13,1153,11
2514,16,1806,9,1451,13,1186,11
2514,16,1806,9,1451,13,1194,11
2514,16,1806,9,1451,13,1259,11
2514,16,1806,9,1451,13,1260,11
2514,16,1806,9,1451,13,1312,11
2514,16,1806,9,1451,13,1388,11
2514,16,1806,9,1451,13,1391,11
2514,16,1806,9,1451,13,1422,11
2514,16,1806,9,1451,13,1556,11
2514,16,1806,9,1451,13,1568,11
2514,16,1806,9,1451,13,1599,11
2514,16,1806,9,1451,13,1747,11
2514,16,1806,9,1451,13,1773,11
2514,16,1806,9,1451,13,1799,11
2514,16,1806,9,1451,13,1818,11
2514,16,1806,9,1451,13,1873,11
2514,16,1806,9,1451,13,1940,11
2514,16,1806,9,1451,13,1956,11
2514,16,1806,9,1451,13,1997,11
2514,16,1806,9,1451,13,2068,11
2514,16,1806,9,1451,13,2079,11
2514,16,1806,9,1451,13,2123,11
2514,16,1806,9,1451,13,2196,11
2514,16,1806,9,1451,13,2206,11
2514,16,1806,9,1451,13,2216,11
2514,16,1806,9,1451,13,2244,11
2514,16,1806,9,1451,13,2259,11
2514,16,1806,9,1451,13,2261,11
2514,16,1806,9,1451,13,2289,11
2514,16,1806,9,1451,13,2359,11
2514,16,1806,9,1451,13,2370,11
2514,16,1806,9,1451,13,2405,11
2514,16,1806,9,1529,18,45,11
2514,16,1806,9,1529,18,159,11
2514,16,1806,9,1529,18,272,11
2514,16,1806,9,1529,18,338,11
2514,16,1806,9,1529,18,390,11
2514,16,1806,9,1529,18,457,11
2514,16,1806,9,1529,18,463,11
2514,16,1806,9,1529,18,620,11
2514,16,1806,9,1529,18,700,11
2514,16,1806,9,1529,18,742,11
2514,16,1806,9,1529,18,758,11
2514,16,1806,9,1529,18,879,11
2514,16,1806,9,1529,18,927,11
2514,16,1806,9,1529,18,979,11
2514,16,1806,9,1529,18,1003,11
2514,16,1806,9,1529,18,1044,11
2514,16,1806,9,1529,18,1068,11
2514,16,1806,9,1529,18,1153,11
2514,16,1806,9,1529,18,1186,11
2514,16,1806,9,1529,18,1194,11
2514,16,1806,9,1529,18,1259,11
2514,16,1806,9,1529,18,1260,11
2514,16,1806,9,1529,18,1312,11
2514,16,1806,9,1529,18,1388,11
2514,16,1806,9,1529,18,1391,11
2514,16,1806,9,1529,18,1422,11
2514,16,1806,9,1529,18,1556,11
2514,16,1806,9,1529,18,1568,11
2514,16,1806,9,1529,18,1599,11
2514,16,1806,9,1529,18,1747,11
2514,16,1806,9,1529,18,1773,11
2514,16,1806,9,1529,18,1799,11
2514,16,1806,9,1529,18,1818,11
2514,16,1806,9,1529,18,1873,11
2514,16,1806,9,1529,18,1940,11
2514,16,1806,9,1529,18,1956,11
2514,16,1806,9,1529,18,1997,11
2514,16,1806,9,1529,18,2068,11
2514,16,1806,9,1529,18,2079,11
2514,16,1806,9,1529,18,2123,11
2514,16,1806,9,1529,18,2196,11
2514,16,1806,9,1529,18,2206,11
2514,16,1806,9,1529,18,2216,11
2514,16,1806,9,1529,18,2244,11
2514,16,1806,9,1529,18,2259,11
2514,16,1806,9,1529,18,2261,11
2514,16,1806,9,1529,18,2289,11
2514,16,1806,9,1529,18,2359,11
2514,16,1806,9,1529,18,2370,11
2514,16,1806,9,1529,18,2405,11
2514,16,1806,9,1650,41,45,11
2514,16,1806,9,1650,41,159,11
2514,16,1806,9,1650,41,272,11
2514,16,1806,9,1650,41,338,11
2514,16,1806,9,1650,41,390,11
2514,16,1806,9,1650,41,457,11
2514,16,1806,9,1650,41,463,11
2514,16,1806,9,1650,41,620,11
2514,16,1806,9,1650,41,700,11
2514,16,1806,9,1650,41,742,11
2514,16,1806,9,1650,41,758,11
2514,16,1806,9,1650,41,879,11
2514,16,1806,9,1650,41,927,11
2514,16,1806,9,1650,41,979,11
2514,16,1806,9,1650,41,1003,11
2514,16,1806,9,1650,41,1044,11
2514,16,1806,9,1650,41,1068,11
2514,16,1806,9,1650,41,1153,11
2514,16,1806,9,1650,41,1186,11
2514,16,1806,9,1650,41,1194,11
2514,16,1806,9,1650,41,1259,11
2514,16,1806,9,1650,41,1260,11
2514,16,1806,9,1650,41,1312,11
2514,16,1806,9,1650,41,1388,11
2514,16,1806,9,1650,41,1391,11
2514,16,1806,9,1650,41,1422,11
2514,16,1806,9,1650,41,1556,11
2514,16,1806,9,1650,41,1568,11
2514,16,1806,9,1650,41,1599,11
2514,16,1806,9,1650,41,1747,11
2514,16,1806,9,1650,41,1773,11
2514,16,1806,9,1650,41,1799,11
2514,16,1806,9,1650,41,1818,11
2514,16,1806,9,1650,41,1873,11
2514,16,1806,9,1650,41,1940,11
2514,16,1806,9,1650,41,1956,11
2514,16,1806,9,1650,41,1997,11
2514,16,1806,9,1650,41,2068,11
2514,16,1806,9,1650,41,2079,11
2514,16,1806,9,1650,41,2123,11
2514,16,1806,9,1650,41,2196,11
2514,16,1806,9,1650,41,2206,11
2514,16,1806,9,1650,41,2216,11
2514,16,1806,9,1650,41,2244,11
2514,16,1806,9,1650,41,2259,11
2514,16,1806,9,1650,41,2261,11
2514,16,1806,9,1650,41,2289,11
2514,16,1806,9,1650,41,2359,11
2514,16,1806,9,1650,41,2370,11
2514,16,1806,9,1650,41,2405,11
2514,16,1806,9,1765,37,45,11
2514,16,1806,9,1765,37,159,11
2514,16,1806,9,1765,37,272,11
2514,16,1806,9,1765,37,338,11
2514,16,1806,9,1765,37,390,11
2514,16,1806,9,1765,37,457,11
2514,16,1806,9,1765,37,463,11
2514,16,1806,9,1765,37,620,11
2514,16,1806,9,1765,37,700,11
2514,16,1806,9,1765,37,742,11
2514,16,1806,9,1765,37,758,11
2514,16,1806,9,1765,37,879,11
2514,16,1806,9,1765,37,927,11
2514,16,1806,9,1765,37,979,11
2514,16,1806,9,1765,37,1003,11
2514,16,1806,9,1765,37,1044,11
2514,16,1806,9,1765,37,1068,11
2514,16,1806,9,1765,37,1153,11
2514,16,1806,9,1765,37,1186,11
2514,16,1806,9,1765,37,1194,11
2514,16,1806,9,1765,37,1259,11
2514,16,1806,9,1765,37,1260,11
2514,16,1806,9,1765,37,1312,11
2514,16,1806,9,1765,37,1388,11
2514,16,1806,9,1765,37,1391,11
2514,16,1806,9,1765,37,1422,11
2514,16,1806,9,1765,37,1556,11
2514,16,1806,9,1765,37,1568,11
2514,16,1806,9,1765,37,1599,11
2514,16,1806,9,1765,37,1747,11
2514,16,1806,9,1765,37,1773,11
2514,16,1806,9,1765,37,1799,11
2514,16,1806,9,1765,37,1818,11
2514,16,1806,9,1765,37,1873,11
2514,16,1806,9,1765,37,1940,11
2514,16,1806,9,1765,37,1956,11
2514,16,1806,9,1765,37,1997,11
2514,16,1806,9,1765,37,2068,11
2514,16,1806,9,1765,37,2079,11
2514,16,1806,9,1765,37,2123,11
2514,16,1806,9,1765,37,2196,11
2514,16,1806,9,1765,37,2206,11
2514,16,1806,9,1765,37,2216,11
2514,16,1806,9,1765,37,2244,11
2514,16,1806,9,1765,37,2259,11
2514,16,1806,9,1765,37,2261,11
2514,16,1806,9,1765,37,2289,11
2514,16,1806,9,1765,37,2359,11
2514,16,1806,9,1765,37,2370,11
2514,16,1806,9,1765,37,2405,11
2514,16,1806,9,1835,32,45,11
2514,16,1806,9,1835,32,159,11
2514,16,1806,9,1835,32,272,11
2514,16,1806,9,1835,32,338,11
2514,16,1806,9,1835,32,390,11
2514,16,1806,9,1835,32,457,11
2514,16,1806,9,1835,32,463,11
2514,16,1806,9,1835,32,620,11
2514,16,1806,9,1835,32,700,11
2514,16,1806,9,1835,32,742,11
2514,16,1806,9,1835,32,758,11
2514,16,1806,9,1835,32,879,11
2514,16,1806,9,1835,32,927,11
2514,16,1806,9,1835,32,979,11
2514,16,1806,9,1835,32,1003,11
2514,16,1806,9,1835,32,1044,11
2514,16,1806,9,1835,32,1068,11
2514,16,1806,9,1835,32,1153,11
2514,16,1806,9,1835,32,1186,11
2514,16,1806,9,1835,32,1194,11
2514,16,1806,9,1835,32,1259,11
2514,16,1806,9,1835,32,1260,11
2514,16,1806,9,1835,32,1312,11
2514,16,1806,9,1835,32,1388,11
2514,16,1806,9,1835,32,1391,11
2514,16,1806,9,1835,32,1422,11
2514,16,1806,9,1835,32,1556,11
2514,16,1806,9,1835,32,1568,11
2514,16,1806,9,1835,32,1599,11
2514,16,1806,9,1835,32,1747,11
2514,16,1806,9,1835,32,1773,11
2514,16,1806,9,1835,32,1799,11
2514,16,1806,9,1835,32,1818,11
2514,16,1806,9,1835,32,1873,11
2514,16,1806,9,1835,32,1940,11
2514,16,1806,9,1835,32,1956,11
2514,16,1806,9,1835,32,1997,11
2514,16,1806,9,1835,32,2068,11
2514,16,1806,9,1835,32,2079,11
2514,16,1806,9,1835,32,2123,11
2514,16,1806,9,1835,32,2196,11
2514,16,1806,9,1835,32,2206,11
2514,16,1806,9,1835,32,2216,11
2514,16,1806,9,1835,32,2244,11
2514,16,1806,9,1835,32,2259,11
2514,16,1806,9,1835,32,2261,11
2514,16,1806,9,1835,32,2289,11
2514,16,1806,9,1835,32,2359,11
2514,16,1806,9,1835,32,2370,11
2514,16,1806,9,1835,32,2405,11
2514,16,1806,9,1850,29,45,11
2514,16,1806,9,1850,29,159,11
2514,16,1806,9,1850,29,272,11
2514,16,1806,9,1850,29,338,11
2514,16,1806,9,1850,29,390,11
2514,16,1806,9,1850,29,457,11
2514,16,1806,9,1850,29,463,11
2514,16,1806,9,1850,29,620,11
2514,16,1806,9,1850,29,700,11
2514,16,1806,9,1850,29,742,11
2514,16,1806,9,1850,29,758,11
2514,16,1806,9,1850,29,879,11
2514,16,1806,9,1850,29,927,11
2514,16,1806,9,1850,29,979,11
2514,16,1806,9,1850,29,1003,11
2514,16,1806,9,1850,29,1044,11
2514,16,1806,9,1850,29,1068,11
2514,16,1806,9,1850,29,1153,11
2514,16,1806,9,1850,29,1186,11
2514,16,1806,9,1850,29,1194,11
2514,16,1806,9,1850,29,1259,11
2514,16,1806,9,1850,29,1260,11
2514,16,1806,9,1850,29,1312,11
2514,16,1806,9,1850,29,1388,11
2514,16,1806,9,1850,29,1391,11
2514,16,1806,9,1850,29,1422,11
2514,16,1806,9,1850,29,1556,11
2514,16,1806,9,1850,29,1568,11
2514,16,1806,9,1850,29,1599,11
2514,16,1806,9,1850,29,1747,11
2514,16,1806,9,1850,29,1773,11
2514,16,1806,9,1850,29,1799,11
2514,16,1806,9,1850,29,1818,11
2514,16,1806,9,1850,29,1873,11
2514,16,1806,9,1850,29,1940,11
2514,16,1806,9,1850,29,1956,11
2514,16,1806,9,1850,29,1997,11
2514,16,1806,9,1850,29,2068,11
2514,16,1806,9,1850,29,2079,11
2514,16,1806,9,1850,29,2123,11
2514,16,1806,9,1850,29,2196,11
2514,16,1806,9,1850,29,2206,11
2514,16,1806,9,1850,29,2216,11
2514,16,1806,9,1850,29,2244,11
2514,16,1806,9,1850,29,2259,11
2514,16,1806,9,1850,29,2261,11
2514,16,1806,9,1850,29,2289,11
2514,16,1806,9,1850,29,2359,11
2514,16,1806,9,1850,29,2370,11
2514,16,1806,9,1850,29,2405,11
2514,16,1806,9,1947,25,45,11
2514,16,1806,9,1947,25,159,11
2514,16,1806,9,1947,25,272,11
2514,16,1806,9,1947,25,338,11
2514,16,1806,9,1947,25,390,11
2514,16,1806,9,1947,25,457,11
2514,16,1806,9,1947,25,463,11
2514,16,1806,9,1947,25,620,11
2514,16,1806,9,1947,25,700,11
2514,16,1806,9,1947,25,742,11
2514,16,1806,9,1947,25,758,11
2514,16,1806,9,1947,25,879,11
2514,16,1806,9,1947,25,927,11
2514,16,1806,9,1947,25,979,11
2514,16,1806,9,1947,25,1003,11
2514,16,1806,9,1947,25,1044,11
2514,16,1806,9,1947,25,1068,11
2514,16,1806,9,1947,25,1153,11
2514,16,1806,9,1947,25,1186,11
2514,16,1806,9,1947,25,1194,11
2514,16,1806,9,1947,25,1259,11
2514,16,1806,9,1947,25,1260,11
2514,16,1806,9,1947,25,1312,11
2514,16,1806,9,1947,25,1388,11
2514,16,1806,9,1947,25,1391,11
2514,16,1806,9,1947,25,1422,11
2514,16,1806,9,1947,25,1556,11
2514,16,1806,9,1947,25,1568,11
2514,16,1806,9,1947,25,1599,11
2514,16,1806,9,1947,25,1747,11
2514,16,1806,9,1947,25,1773,11
2514,16,1806,9,1947,25,1799,11
2514,16,1806,9,1947,25,1818,11
2514,16,1806,9,1947,25,1873,11
2514,16,1806,9,1947,25,1940,11
2514,16,1806,9,1947,25,1956,11
2514,16,1806,9,1947,25,1997,11
2514,16,1806,9,1947,25,2068,11
2514,16,1806,9,1947,25,2079,11
2514,16,1806,9,1947,25,2123,11
2514,16,1806,9,1947,25,2196,11
2514,16,1806,9,1947,25,2206,11
2514,16,1806,9,1947,25,2216,11
2514,16,1806,9,1947,25,2244,11
2514,16,1806,9,1947,25,2259,11
2514,16,1806,9,1947,25,2261,11
2514,16,1806,9,1947,25,2289,11
2514,16,1806,9,1947,25,2359,11
2514,16,1806,9,1947,25,2370,11
2514,16,1806,9,1947,25,2405,11
