2514,16,1621,28,121,25,45,11
2514,16,1621,28,121,25,159,11
2514,16,1621,28,121,25,272,11
2514,16,1621,28,121,25,338,11
2514,16,1621,28,121,25,390,11
2514,16,1621,28,121,25,457,11
2514,16,1621,28,121,25,463,11
2514,16,1621,28,121,25,620,11
2514,16,1621,28,121,25,700,11
2514,16,1621,28,121,25,742,11
2514,16,1621,28,121,25,758,11
2514,16,1621,28,121,25,879,11
2514,16,1621,28,121,25,927,11
2514,16,1621,28,121,25,979,11
2514,16,1621,28,121,25,1003,11
2514,16,1621,28,121,25,1044,11
2514,16,1621,28,121,25,1068,11
2514,16,1621,28,121,25,1153,11
2514,16,1621,28,121,25,1186,11
2514,16,1621,28,121,25,1194,11
2514,16,1621,28,121,25,1259,11
2514,16,1621,28,121,25,1260,11
2514,16,1621,28,121,25,1312,11
2514,16,1621,28,121,25,1388,11
2514,16,1621,28,121,25,1391,11
2514,16,1621,28,121,25,1422,11
2514,16,1621,28,121,25,1556,11
2514,16,1621,28,121,25,1568,11
2514,16,1621,28,121,25,1599,11
2514,16,1621,28,121,25,1747,11
2514,16,1621,28,121,25,1773,11
2514,16,1621,28,121,25,1799,11
2514,16,1621,28,121,25,1818,11
2514,16,1621,28,121,25,1873,11
2514,16,1621,28,121,25,1940,11
2514,16,1621,28,121,25,1956,11
2514,16,1621,28,121,25,1997,11
2514,16,1621,28,121,25,2068,11
2514,16,1621,28,121,25,2079,11
2514,16,1621,28,121,25,2123,11
2514,16,1621,28,121,25,2196,11
2514,16,1621,28,121,25,2206,11
2514,16,1621,28,121,25,2216,11
2514,16,1621,28,121,25,2244,11
2514,16,1621,28,121,25,2259,11
2514,16,1621,28,121,25,2261,11
2514,16,1621,28,121,25,2289,11
2514,16,1621,28,121,25,2359,11
2514,16,1621,28,121,25,2370,11
2514,16,1621,28,121,25,2405,11
2514,16,1621,28,453,46,45,11
2514,16,1621,28,453,46,159,11
2514,16,1621,28,453,46,272,11
2514,16,1621,28,453,46,338,11
2514,16,1621,28,453,46,390,11
2514,16,1621,28,453,46,457,11
2514,16,1621,28,453,46,463,11
2514,16,1621,28,453,46,620,11
2514,16,1621,28,453,46,700,11
2514,16,1621,28,453,46,742,11
2514,16,1621,28,453,46,758,11
2514,16,1621,28,453,46,879,11
2514,16,1621,28,453,46,927,11
2514,16,1621,28,453,46,979,11
2514,16,1621,28,453,46,1003,11
2514,16,1621,28,453,46,1044,11
2514,16,1621,28,453,46,1068,11
2514,16,1621,28,453,46,1153,11
2514,16,1621,28,453,46,1186,11
2514,16,1621,28,453,46,1194,11
2514,16,1621,28,453,46,1259,11
2514,16,1621,28,453,46,1260,11
2514,16,1621,28,453,46,1312,11
2514,16,1621,28,453,46,1388,11
2514,16,1621,28,453,46,1391,11
2514,16,1621,28,453,46,1422,11
2514,16,1621,28,453,46,1556,11
2514,16,1621,28,453,46,1568,11
2514,16,1621,28,453,46,1599,11
2514,16,1621,28,453,46,1747,11
2514,16,1621,28,453,46,1773,11
2514,16,1621,28,453,46,1799,11
2514,16,1621,28,453,46,1818,11
2514,16,1621,28,453,46,1873,11
2514,16,1621,28,453,46,1940,11
2514,16,1621,28,453,46,1956,11
2514,16,1621,28,453,46,1997,11
2514,16,1621,28,453,46,2068,11
2514,16,1621,28,453,46,2079,11
2514,16,1621,28,453,46,2123,11
2514,16,1621,28,453,46,2196,11
2514,16,1621,28,453,46,2206,11
2514,16,1621,28,453,46,2216,11
2514,16,1621,28,453,46,2244,11
2514,16,1621,28,453,46,2259,11
2514,16,1621,28,453,46,2261,11
2514,16,1621,28,453,46,2289,11
2514,16,1621,28,453,46,2359,11
2514,16,1621,28,453,46,2370,11
2514,16,1621,28,453,46,2405,11
2514,16,1621,28,480,30,45,11
2514,16,1621,28,480,30,159,11
2514,16,1621,28,480,30,272,11
2514,16,1621,28,480,30,338,11
2514,16,1621,28,480,30,390,11
2514,16,1621,28,480,30,457,11
2514,16,1621,28,480,30,463,11
2514,16,1621,28,480,30,620,11
2514,16,1621,28,480,30,700,11
2514,16,1621,28,480,30,742,11
2514,16,1621,28,480,30,758,11
2514,16,1621,28,480,30,879,11
2514,16,1621,28,480,30,927,11
2514,16,1621,28,480,30,979,11
2514,16,1621,28,480,30,1003,11
2514,16,1621,28,480,30,1044,11
2514,16,1621,28,480,30,1068,11
2514,16,1621,28,480,30,1153,11
2514,16,1621,28,480,30,1186,11
2514,16,1621,28,480,30,1194,11
2514,16,1621,28,480,30,1259,11
2514,16,1621,28,480,30,1260,11
2514,16,1621,28,480,30,1312,11
2514,16,1621,28,480,30,1388,11
2514,16,1621,28,480,30,1391,11
2514,16,1621,28,480,30,1422,11
2514,16,1621,28,480,30,1556,11
2514,16,1621,28,480,30,1568,11
2514,16,1621,28,480,30,1599,11
2514,16,1621,28,480,30,1747,11
2514,16,1621,28,480,30,1773,11
2514,16,1621,28,480,30,1799,11
2514,16,1621,28,480,30,1818,11
2514,16,1621,28,480,30,1873,11
2514,16,1621,28,480,30,1940,11
2514,16,1621,28,480,30,1956,11
2514,16,1621,28,480,30,1997,11
2514,16,1621,28,480,30,2068,11
2514,16,1621,28,480,30,2079,11
2514,16,1621,28,480,30,2123,11
2514,16,1621,28,480,30,2196,11
2514,16,1621,28,480,30,2206,11
2514,16,1621,28,480,30,2216,11
2514,16,1621,28,480,30,2244,11
2514,16,1621,28,480,30,2259,11
2514,16,1621,28,480,30,2261,11
2514,16,1621,28,480,30,2289,11
2514,16,1621,28,480,30,2359,11
2514,16,1621,28,480,30,2370,11
2514,16,1621,28,480,30,2405,11
2514,16,1621,28,534,41,45,11
2514,16,1621,28,534,41,159,11
2514,16,1621,28,534,41,272,11
2514,16,1621,28,534,41,338,11
2514,16,1621,28,534,41,390,11
2514,16,1621,28,534,41,457,11
2514,16,1621,28,534,41,463,11
2514,16,1621,28,534,41,620,11
2514,16,1621,28,534,41,700,11
2514,16,1621,28,534,41,742,11
2514,16,1621,28,534,41,758,11
2514,16,1621,28,534,41,879,11
2514,16,1621,28,534,41,927,11
2514,16,1621,28,534,41,979,11
2514,16,1621,28,534,41,1003,11
2514,16,1621,28,534,41,1044,11
2514,16,1621,28,534,41,1068,11
2514,16,1621,28,534,41,1153,11
2514,16,1621,28,534,41,1186,11
2514,16,1621,28,534,41,1194,11
2514,16,1621,28,534,41,1259,11
2514,16,1621,28,534,41,1260,11
2514,16,1621,28,534,41,1312,11
2514,16,1621,28,534,41,1388,11
2514,16,1621,28,534,41,1391,11
2514,16,1621,28,534,41,1422,11
2514,16,1621,28,534,41,1556,11
2514,16,1621,28,534,41,1568,11
2514,16,1621,28,534,41,1599,11
2514,16,1621,28,534,41,1747,11
2514,16,1621,28,534,41,1773,11
2514,16,1621,28,534,41,1799,11
2514,16,1621,28,534,41,1818,11
2514,16,1621,28,534,41,1873,11
2514,16,1621,28,534,41,1940,11
2514,16,1621,28,534,41,1956,11
2514,16,1621,28,534,41,1997,11
2514,16,1621,28,534,41,2068,11
2514,16,1621,28,534,41,2079,11
2514,16,1621,28,534,41,2123,11
2514,16,1621,28,534,41,2196,11
2514,16,1621,28,534,41,2206,11
2514,16,1621,28,534,41,2216,11
2514,16,1621,28,534,41,2244,11
2514,16,1621,28,534,41,2259,11
2514,16,1621,28,534,41,2261,11
2514,16,1621,28,534,41,2289,11
2514,16,1621,28,534,41,2359,11
2514,16,1621,28,534,41,2370,11
2514,16,1621,28,534,41,2405,11
2514,16,1621,28,645,34,159,11
2514,16,1621,28,645,34,272,11
2514,16,1621,28,645,34,338,11
2514,16,1621,28,645,34,457,11
2514,16,1621,28,645,34,463,11
2514,16,1621,28,645,34,700,11
2514,16,1621,28,645,34,742,11
2514,16,1621,28,645,34,758,11
2514,16,1621,28,645,34,879,11
2514,16,1621,28,645,34,927,11
2514,16,1621,28,645,34,1003,11
2514,16,1621,28,645,34,1044,11
2514,16,1621,28,645,34,1068,11
2514,16,1621,28,645,34,1153,11
2514,16,1621,28,645,34,1186,11
2514,16,1621,28,645,34,1194,11
2514,16,1621,28,645,34,1259,11
2514,16,1621,28,645,34,1260,11
2514,16,1621,28,645,34,1312,11
2514,16,1621,28,645,34,1388,11
2514,16,1621,28,645,34,1391,11
2514,16,1621,28,645,34,1422,11
2514,16,1621,28,645,34,1556,11
2514,16,1621,28,645,34,1568,11
2514,16,1621,28,645,34,1599,11
2514,16,1621,28,645,34,1747,11
2514,16,1621,28,645,34,1773,11
2514,16,1621,28,645,34,1818,11
2514,16,1621,28,645,34,1873,11
2514,16,1621,28,645,34,1940,11
2514,16,1621,28,645,34,1997,11
2514,16,1621,28,645,34,2068,11
2514,16,1621,28,645,34,2079,11
2514,16,1621,28,645,34,2123,11
2514,16,1621,28,645,34,2196,11
2514,16,1621,28,645,34,2216,11
2514,16,1621,28,645,34,2259,11
2514,16,1621,28,645,34,2289,11
2514,16,1621,28,645,34,2370,11
2514,16,1621,28,645,34,2405,11
2514,16,1621,28,651,13,45,11
2514,16,1621,28,651,13,159,11
2514,16,1621,28,651,13,272,11
2514,16,1621,28,651,13,338,11
2514,16,1621,28,651,13,390,11
2514,16,1621,28,651,13,457,11
2514,16,1621,28,651,13,463,11
2514,16,1621,28,651,13,620,11
2514,16,1621,28,651,13,700,11
2514,16,1621,28,651,13,742,11
2514,16,1621,28,651,13,758,11
2514,16,1621,28,651,13,879,11
2514,16,1621,28,651,13,927,11
2514,16,1621,28,651,13,979,11
2514,16,1621,28,651,13,1003,11
2514,16,1621,28,651,13,1044,11
2514,16,1621,28,651,13,1068,11
2514,16,1621,28,651,13,1153,11
2514,16,1621,28,651,13,1186,11
2514,16,1621,28,651,13,1194,11
2514,16,1621,28,651,13,1259,11
2514,16,1621,28,651,13,1260,11
2514,16,1621,28,651,13,1312,11
2514,16,1621,28,651,13,1388,11
2514,16,1621,28,651,13,1391,11
2514,16,1621,28,651,13,1422,11
2514,16,1621,28,651,13,1556,11
2514,16,1621,28,651,13,1568,11
2514,16,1621,28,651,13,1599,11
2514,16,1621,28,651,13,1747,11
2514,16,1621,28,651,13,1773,11
2514,16,1621,28,651,13,1799,11
2514,16,1621,28,651,13,1818,11
2514,16,1621,28,651,13,1873,11
2514,16,1621,28,651,13,1940,11
2514,16,1621,28,651,13,1956,11
2514,16,1621,28,651,13,1997,11
2514,16,1621,28,651,13,2068,11
2514,16,1621,28,651,13,2079,11
2514,16,1621,28,651,13,2123,11
2514,16,1621,28,651,13,2196,11
2514,16,1621,28,651,13,2206,11
2514,16,1621,28,651,13,2216,11
2514,16,1621,28,651,13,2244,11
2514,16,1621,28,651,13,2259,11
2514,16,1621,28,651,13,2261,11
2514,16,1621,28,651,13,2289,11
2514,16,1621,28,651,13,2359,11
2514,16,1621,28,651,13,2370,11
2514,16,1621,28,651,13,2405,11
2514,16,1621,28,653,34,45,11
2514,16,1621,28,653,34,159,11
2514,16,1621,28,653,34,272,11
2514,16,1621,28,653,34,338,11
2514,16,1621,28,653,34,390,11
2514,16,1621,28,653,34,457,11
2514,16,1621,28,653,34,463,11
2514,16,1621,28,653,34,620,11
2514,16,1621,28,653,34,700,11
2514,16,1621,28,653,34,742,11
2514,16,1621,28,653,34,758,11
2514,16,1621,28,653,34,879,11
2514,16,1621,28,653,34,927,11
2514,16,1621,28,653,34,979,11
2514,16,1621,28,653,34,1003,11
2514,16,1621,28,653,34,1044,11
2514,16,1621,28,653,34,1068,11
2514,16,1621,28,653,34,1153,11
2514,16,1621,28,653,34,1186,11
2514,16,1621,28,653,34,1194,11
2514,16,1621,28,653,34,1259,11
2514,16,1621,28,653,34,1260,11
2514,16,1621,28,653,34,1312,11
2514,16,1621,28,653,34,1388,11
2514,16,1621,28,653,34,1391,11
2514,16,1621,28,653,34,1422,11
2514,16,1621,28,653,34,1556,11
2514,16,1621,28,653,34,1568,11
2514,16,1621,28,653,34,1599,11
2514,16,1621,28,653,34,1747,11
2514,16,1621,28,653,34,1773,11
2514,16,1621,28,653,34,1799,11
2514,16,1621,28,653,34,1818,11
2514,16,1621,28,653,34,1873,11
2514,16,1621,28,653,34,1940,11
2514,16,1621,28,653,34,1956,11
2514,16,1621,28,653,34,1997,11
2514,16,1621,28,653,34,2068,11
2514,16,1621,28,653,34,2079,11
2514,16,1621,28,653,34,2123,11
2514,16,1621,28,653,34,2196,11
2514,16,1621,28,653,34,2206,11
2514,16,1621,28,653,34,2216,11
2514,16,1621,28,653,34,2244,11
2514,16,1621,28,653,34,2259,11
2514,16,1621,28,653,34,2261,11
2514,16,1621,28,653,34,2289,11
2514,16,1621,28,653,34,2359,11
2514,16,1621,28,653,34,2370,11
2514,16,1621,28,653,34,2405,11
2514,16,1621,28,998,49,45,11
2514,16,1621,28,998,49,159,11
2514,16,1621,28,998,49,272,11
2514,16,1621,28,998,49,338,11
2514,16,1621,28,998,49,390,11
2514,16,1621,28,998,49,457,11
2514,16,1621,28,998,49,463,11
2514,16,1621,28,998,49,620,11
2514,16,1621,28,998,49,700,11
2514,16,1621,28,998,49,742,11
2514,16,1621,28,998,49,758,11
2514,16,1621,28,998,49,879,11
2514,16,1621,28,998,49,927,11
2514,16,1621,28,998,49,979,11
2514,16,1621,28,998,49,1003,11
2514,16,1621,28,998,49,1044,11
2514,16,1621,28,998,49,1068,11
2514,16,1621,28,998,49,1153,11
2514,16,1621,28,998,49,1186,11
2514,16,1621,28,998,49,1194,11
2514,16,1621,28,998,49,1259,11
2514,16,1621,28,998,49,1260,11
2514,16,1621,28,998,49,1312,11
2514,16,1621,28,998,49,1388,11
2514,16,1621,28,998,49,1391,11
2514,16,1621,28,998,49,1422,11
2514,16,1621,28,998,49,1556,11
2514,16,1621,28,998,49,1568,11
2514,16,1621,28,998,49,1599,11
2514,16,1621,28,998,49,1747,11
2514,16,1621,28,998,49,1773,11
2514,16,1621,28,998,49,1799,11
2514,16,1621,28,998,49,1818,11
2514,16,1621,28,998,49,1873,11
2514,16,1621,28,998,49,1940,11
2514,16,1621,28,998,49,1956,11
2514,16,1621,28,998,49,1997,11
2514,16,1621,28,998,49,2068,11
2514,16,1621,28,998,49,2079,11
2514,16,1621,28,998,49,2123,11
2514,16,1621,28,998,49,2196,11
2514,16,1621,28,998,49,2206,11
2514,16,1621,28,998,49,2216,11
2514,16,1621,28,998,49,2244,11
2514,16,1621,28,998,49,2259,11
2514,16,1621,28,998,49,2261,11
2514,16,1621,28,998,49,2289,11
2514,16,1621,28,998,49,2359,11
2514,16,1621,28,998,49,2370,11
2514,16,1621,28,998,49,2405,11
2514,16,1621,28,1345,35,45,11
2514,16,1621,28,1345,35,159,11
2514,16,1621,28,1345,35,272,11
2514,16,1621,28,1345,35,338,11
2514,16,1621,28,1345,35,390,11
2514,16,1621,28,1345,35,457,11
2514,16,1621,28,1345,35,463,11
2514,16,1621,28,1345,35,620,11
2514,16,1621,28,1345,35,700,11
2514,16,1621,28,1345,35,742,11
2514,16,1621,28,1345,35,758,11
2514,16,1621,28,1345,35,879,11
2514,16,1621,28,1345,35,927,11
2514,16,1621,28,1345,35,979,11
2514,16,1621,28,1345,35,1003,11
2514,16,1621,28,1345,35,1044,11
2514,16,1621,28,1345,35,1068,11
2514,16,1621,28,1345,35,1153,11
2514,16,1621,28,1345,35,1186,11
2514,16,1621,28,1345,35,1194,11
2514,16,1621,28,1345,35,1259,11
2514,16,1621,28,1345,35,1260,11
2514,16,1621,28,1345,35,1312,11
2514,16,1621,28,1345,35,1388,11
2514,16,1621,28,1345,35,1391,11
2514,16,1621,28,1345,35,1422,11
2514,16,1621,28,1345,35,1556,11
2514,16,1621,28,1345,35,1568,11
2514,16,1621,28,1345,35,1599,11
2514,16,1621,28,1345,35,1747,11
2514,16,1621,28,1345,35,1773,11
2514,16,1621,28,1345,35,1799,11
2514,16,1621,28,1345,35,1818,11
2514,16,1621,28,1345,35,1873,11
2514,16,1621,28,1345,35,1940,11
2514,16,1621,28,1345,35,1956,11
2514,16,1621,28,1345,35,1997,11
2514,16,1621,28,1345,35,2068,11
2514,16,1621,28,1345,35,2079,11
2514,16,1621,28,1345,35,2123,11
2514,16,1621,28,1345,35,2196,11
2514,16,1621,28,1345,35,2206,11
2514,16,1621,28,1345,35,2216,11
2514,16,1621,28,1345,35,2244,11
2514,16,1621,28,1345,35,2259,11
2514,16,1621,28,1345,35,2261,11
2514,16,1621,28,1345,35,2289,11
2514,16,1621,28,1345,35,2359,11
2514,16,1621,28,1345,35,2370,11
2514,16,1621,28,1345,35,2405,11
2514,16,1621,28,1835,32,45,11
2514,16,1621,28,1835,32,159,11
2514,16,1621,28,1835,32,272,11
2514,16,1621,28,1835,32,338,11
2514,16,1621,28,1835,32,390,11
2514,16,1621,28,1835,32,457,11
2514,16,1621,28,1835,32,463,11
2514,16,1621,28,1835,32,620,11
2514,16,1621,28,1835,32,700,11
2514,16,1621,28,1835,32,742,11
2514,16,1621,28,1835,32,758,11
2514,16,1621,28,1835,32,879,11
2514,16,1621,28,1835,32,927,11
2514,16,1621,28,1835,32,979,11
2514,16,1621,28,1835,32,1003,11
2514,16,1621,28,1835,32,1044,11
2514,16,1621,28,1835,32,1068,11
2514,16,1621,28,1835,32,1153,11
2514,16,1621,28,1835,32,1186,11
2514,16,1621,28,1835,32,1194,11
2514,16,1621,28,1835,32,1259,11
2514,16,1621,28,1835,32,1260,11
2514,16,1621,28,1835,32,1312,11
2514,16,1621,28,1835,32,1388,11
2514,16,1621,28,1835,32,1391,11
2514,16,1621,28,1835,32,1422,11
2514,16,1621,28,1835,32,1556,11
2514,16,1621,28,1835,32,1568,11
2514,16,1621,28,1835,32,1599,11
2514,16,1621,28,1835,32,1747,11
2514,16,1621,28,1835,32,1773,11
2514,16,1621,28,1835,32,1799,11
2514,16,1621,28,1835,32,1818,11
2514,16,1621,28,1835,32,1873,11
2514,16,1621,28,1835,32,1940,11
2514,16,1621,28,1835,32,1956,11
2514,16,1621,28,1835,32,1997,11
2514,16,1621,28,1835,32,2068,11
2514,16,1621,28,1835,32,2079,11
2514,16,1621,28,1835,32,2123,11
2514,16,1621,28,1835,32,2196,11
2514,16,1621,28,1835,32,2206,11
2514,16,1621,28,1835,32,2216,11
2514,16,1621,28,1835,32,2244,11
2514,16,1621,28,1835,32,2259,11
2514,16,1621,28,1835,32,2261,11
2514,16,1621,28,1835,32,2289,11
2514,16,1621,28,1835,32,2359,11
2514,16,1621,28,1835,32,2370,11
2514,16,1621,28,1835,32,2405,11
2514,16,1621,28,1850,29,45,11
2514,16,1621,28,1850,29,159,11
2514,16,1621,28,1850,29,272,11
2514,16,1621,28,1850,29,338,11
2514,16,1621,28,1850,29,390,11
2514,16,1621,28,1850,29,457,11
2514,16,1621,28,1850,29,463,11
2514,16,1621,28,1850,29,620,11
2514,16,1621,28,1850,29,700,11
2514,16,1621,28,1850,29,742,11
2514,16,1621,28,1850,29,758,11
2514,16,1621,28,1850,29,879,11
2514,16,1621,28,1850,29,927,11
2514,16,1621,28,1850,29,979,11
2514,16,1621,28,1850,29,1003,11
2514,16,1621,28,1850,29,1044,11
2514,16,1621,28,1850,29,1068,11
2514,16,1621,28,1850,29,1153,11
2514,16,1621,28,1850,29,1186,11
2514,16,1621,28,1850,29,1194,11
2514,16,1621,28,1850,29,1259,11
2514,16,1621,28,1850,29,1260,11
2514,16,1621,28,1850,29,1312,11
2514,16,1621,28,1850,29,1388,11
2514,16,1621,28,1850,29,1391,11
2514,16,1621,28,1850,29,1422,11
2514,16,1621,28,1850,29,1556,11
2514,16,1621,28,1850,29,1568,11
2514,16,1621,28,1850,29,1599,11
2514,16,1621,28,1850,29,1747,11
2514,16,1621,28,1850,29,1773,11
2514,16,1621,28,1850,29,1799,11
2514,16,1621,28,1850,29,1818,11
2514,16,1621,28,1850,29,1873,11
2514,16,1621,28,1850,29,1940,11
2514,16,1621,28,1850,29,1956,11
2514,16,1621,28,1850,29,1997,11
2514,16,1621,28,1850,29,2068,11
2514,16,1621,28,1850,29,2079,11
2514,16,1621,28,1850,29,2123,11
2514,16,1621,28,1850,29,2196,11
2514,16,1621,28,1850,29,2206,11
2514,16,1621,28,1850,29,2216,11
2514,16,1621,28,1850,29,2244,11
2514,16,1621,28,1850,29,2259,11
2514,16,1621,28,1850,29,2261,11
2514,16,1621,28,1850,29,2289,11
2514,16,1621,28,1850,29,2359,11
2514,16,1621,28,1850,29,2370,11
2514,16,1621,28,1850,29,2405,11
2514,16,1621,28,1869,31,45,11
2514,16,1621,28,1869,31,159,11
2514,16,1621,28,1869,31,272,11
2514,16,1621,28,1869,31,338,11
2514,16,1621,28,1869,31,390,11
2514,16,1621,28,1869,31,457,11
2514,16,1621,28,1869,31,463,11
2514,16,1621,28,1869,31,620,11
2514,16,1621,28,1869,31,700,11
2514,16,1621,28,1869,31,742,11
2514,16,1621,28,1869,31,758,11
2514,16,1621,28,1869,31,879,11
2514,16,1621,28,1869,31,927,11
2514,16,1621,28,1869,31,979,11
2514,16,1621,28,1869,31,1003,11
2514,16,1621,28,1869,31,1044,11
2514,16,1621,28,1869,31,1068,11
2514,16,1621,28,1869,31,1153,11
2514,16,1621,28,1869,31,1186,11
2514,16,1621,28,1869,31,1194,11
2514,16,1621,28,1869,31,1259,11
2514,16,1621,28,1869,31,1260,11
2514,16,1621,28,1869,31,1312,11
2514,16,1621,28,1869,31,1388,11
2514,16,1621,28,1869,31,1391,11
2514,16,1621,28,1869,31,1422,11
2514,16,1621,28,1869,31,1556,11
2514,16,1621,28,1869,31,1568,11
2514,16,1621,28,1869,31,1599,11
2514,16,1621,28,1869,31,1747,11
2514,16,1621,28,1869,31,1773,11
2514,16,1621,28,1869,31,1799,11
2514,16,1621,28,1869,31,1818,11
2514,16,1621,28,1869,31,1873,11
2514,16,1621,28,1869,31,1940,11
2514,16,1621,28,1869,31,1956,11
2514,16,1621,28,1869,31,1997,11
2514,16,1621,28,1869,31,2068,11
2514,16,1621,28,1869,31,2079,11
2514,16,1621,28,1869,31,2123,11
2514,16,1621,28,1869,31,2196,11
2514,16,1621,28,1869,31,2206,11
2514,16,1621,28,1869,31,2216,11
2514,16,1621,28,1869,31,2244,11
2514,16,1621,28,1869,31,2259,11
2514,16,1621,28,1869,31,2261,11
2514,16,1621,28,1869,31,2289,11
2514,16,1621,28,1869,31,2359,11
2514,16,1621,28,1869,31,2370,11
2514,16,1621,28,1869,31,2405,11
2514,16,1621,28,1964,21,45,11
2514,16,1621,28,1964,21,159,11
2514,16,1621,28,1964,21,272,11
2514,16,1621,28,1964,21,338,11
2514,16,1621,28,1964,21,390,11
2514,16,1621,28,1964,21,457,11
2514,16,1621,28,1964,21,463,11
2514,16,1621,28,1964,21,620,11
2514,16,1621,28,1964,21,700,11
2514,16,1621,28,1964,21,742,11
2514,16,1621,28,1964,21,758,11
2514,16,1621,28,1964,21,879,11
2514,16,1621,28,1964,21,927,11
2514,16,1621,28,1964,21,979,11
2514,16,1621,28,1964,21,1003,11
2514,16,1621,28,1964,21,1044,11
2514,16,1621,28,1964,21,1068,11
2514,16,1621,28,1964,21,1153,11
2514,16,1621,28,1964,21,1186,11
2514,16,1621,28,1964,21,1194,11
2514,16,1621,28,1964,21,1259,11
2514,16,1621,28,1964,21,1260,11
2514,16,1621,28,1964,21,1312,11
2514,16,1621,28,1964,21,1388,11
2514,16,1621,28,1964,21,1391,11
2514,16,1621,28,1964,21,1422,11
2514,16,1621,28,1964,21,1556,11
2514,16,1621,28,1964,21,1568,11
2514,16,1621,28,1964,21,1599,11
2514,16,1621,28,1964,21,1747,11
2514,16,1621,28,1964,21,1773,11
2514,16,1621,28,1964,21,1799,11
2514,16,1621,28,1964,21,1818,11
2514,16,1621,28,1964,21,1873,11
2514,16,1621,28,1964,21,1940,11
2514,16,1621,28,1964,21,1956,11
2514,16,1621,28,1964,21,1997,11
2514,16,1621,28,1964,21,2068,11
2514,16,1621,28,1964,21,2079,11
2514,16,1621,28,1964,21,2123,11
2514,16,1621,28,1964,21,2196,11
2514,16,1621,28,1964,21,2206,11
2514,16,1621,28,1964,21,2216,11
2514,16,1621,28,1964,21,2244,11
2514,16,1621,28,1964,21,2259,11
2514,16,1621,28,1964,21,2261,11
2514,16,1621,28,1964,21,2289,11
2514,16,1621,28,1964,21,2359,11
2514,16,1621,28,1964,21,2370,11
2514,16,1621,28,1964,21,2405,11
