2514,16,860,29,124,20,45,11
2514,16,860,29,124,20,159,11
2514,16,860,29,124,20,272,11
2514,16,860,29,124,20,338,11
2514,16,860,29,124,20,390,11
2514,16,860,29,124,20,457,11
2514,16,860,29,124,20,463,11
2514,16,860,29,124,20,620,11
2514,16,860,29,124,20,700,11
2514,16,860,29,124,20,742,11
2514,16,860,29,124,20,758,11
2514,16,860,29,124,20,879,11
2514,16,860,29,124,20,927,11
2514,16,860,29,124,20,979,11
2514,16,860,29,124,20,1003,11
2514,16,860,29,124,20,1044,11
2514,16,860,29,124,20,1068,11
2514,16,860,29,124,20,1153,11
2514,16,860,29,124,20,1186,11
2514,16,860,29,124,20,1194,11
2514,16,860,29,124,20,1259,11
2514,16,860,29,124,20,1260,11
2514,16,860,29,124,20,1312,11
2514,16,860,29,124,20,1388,11
2514,16,860,29,124,20,1391,11
2514,16,860,29,124,20,1422,11
2514,16,860,29,124,20,1556,11
2514,16,860,29,124,20,1568,11
2514,16,860,29,124,20,1599,11
2514,16,860,29,124,20,1747,11
2514,16,860,29,124,20,1773,11
2514,16,860,29,124,20,1799,11
2514,16,860,29,124,20,1818,11
2514,16,860,29,124,20,1873,11
2514,16,860,29,124,20,1940,11
2514,16,860,29,124,20,1956,11
2514,16,860,29,124,20,1997,11
2514,16,860,29,124,20,2068,11
2514,16,860,29,124,20,2079,11
2514,16,860,29,124,20,2123,11
2514,16,860,29,124,20,2196,11
2514,16,860,29,124,20,2206,11
2514,16,860,29,124,20,2216,11
2514,16,860,29,124,20,2244,11
2514,16,860,29,124,20,2259,11
2514,16,860,29,124,20,2261,11
2514,16,860,29,124,20,2289,11
2514,16,860,29,124,20,2359,11
2514,16,860,29,124,20,2370,11
2514,16,860,29,124,20,2405,11
2514,16,860,29,410,44,45,11
2514,16,860,29,410,44,159,11
2514,16,860,29,410,44,272,11
2514,16,860,29,410,44,338,11
2514,16,860,29,410,44,390,11
2514,16,860,29,410,44,457,11
2514,16,860,29,410,44,463,11
2514,16,860,29,410,44,620,11
2514,16,860,29,410,44,700,11
2514,16,860,29,410,44,742,11
2514,16,860,29,410,44,758,11
2514,16,860,29,410,44,879,11
2514,16,860,29,410,44,927,11
2514,16,860,29,410,44,979,11
2514,16,860,29,410,44,1003,11
2514,16,860,29,410,44,1044,11
2514,16,860,29,410,44,1068,11
2514,16,860,29,410,44,1153,11
2514,16,860,29,410,44,1186,11
2514,16,860,29,410,44,1194,11
2514,16,860,29,410,44,1259,11
2514,16,860,29,410,44,1260,11
2514,16,860,29,410,44,1312,11
2514,16,860,29,410,44,1388,11
2514,16,860,29,410,44,1391,11
2514,16,860,29,410,44,1422,11
2514,16,860,29,410,44,1556,11
2514,16,860,29,410,44,1568,11
2514,16,860,29,410,44,1599,11
2514,16,860,29,410,44,1747,11
2514,16,860,29,410,44,1773,11
2514,16,860,29,410,44,1799,11
2514,16,860,29,410,44,1818,11
2514,16,860,29,410,44,1873,11
2514,16,860,29,410,44,1940,11
2514,16,860,29,410,44,1956,11
2514,16,860,29,410,44,1997,11
2514,16,860,29,410,44,2068,11
2514,16,860,29,410,44,2079,11
2514,16,860,29,410,44,2123,11
2514,16,860,29,410,44,2196,11
2514,16,860,29,410,44,2206,11
2514,16,860,29,410,44,2216,11
2514,16,860,29,410,44,2244,11
2514,16,860,29,410,44,2259,11
2514,16,860,29,410,44,2261,11
2514,16,860,29,410,44,2289,11
2514,16,860,29,410,44,2359,11
2514,16,860,29,410,44,2370,11
2514,16,860,29,410,44,2405,11
2514,16,860,29,416,9,45,11
2514,16,860,29,416,9,159,11
2514,16,860,29,416,9,272,11
2514,16,860,29,416,9,338,11
2514,16,860,29,416,9,390,11
2514,16,860,29,416,9,457,11
2514,16,860,29,416,9,463,11
2514,16,860,29,416,9,620,11
2514,16,860,29,416,9,700,11
2514,16,860,29,416,9,742,11
2514,16,860,29,416,9,758,11
2514,16,860,29,416,9,879,11
2514,16,860,29,416,9,927,11
2514,16,860,29,416,9,979,11
2514,16,860,29,416,9,1003,11
2514,16,860,29,416,9,1044,11
2514,16,860,29,416,9,1068,11
2514,16,860,29,416,9,1153,11
2514,16,860,29,416,9,1186,11
2514,16,860,29,416,9,1194,11
2514,16,860,29,416,9,1259,11
2514,16,860,29,416,9,1260,11
2514,16,860,29,416,9,1312,11
2514,16,860,29,416,9,1388,11
2514,16,860,29,416,9,1391,11
2514,16,860,29,416,9,1422,11
2514,16,860,29,416,9,1556,11
2514,16,860,29,416,9,1568,11
2514,16,860,29,416,9,1599,11
2514,16,860,29,416,9,1747,11
2514,16,860,29,416,9,1773,11
2514,16,860,29,416,9,1799,11
2514,16,860,29,416,9,1818,11
2514,16,860,29,416,9,1873,11
2514,16,860,29,416,9,1940,11
2514,16,860,29,416,9,1956,11
2514,16,860,29,416,9,1997,11
2514,16,860,29,416,9,2068,11
2514,16,860,29,416,9,2079,11
2514,16,860,29,416,9,2123,11
2514,16,860,29,416,9,2196,11
2514,16,860,29,416,9,2206,11
2514,16,860,29,416,9,2216,11
2514,16,860,29,416,9,2244,11
2514,16,860,29,416,9,2259,11
2514,16,860,29,416,9,2261,11
2514,16,860,29,416,9,2289,11
2514,16,860,29,416,9,2359,11
2514,16,860,29,416,9,2370,11
2514,16,860,29,416,9,2405,11
2514,16,860,29,868,36,45,11
2514,16,860,29,868,36,159,11
2514,16,860,29,868,36,272,11
2514,16,860,29,868,36,338,11
2514,16,860,29,868,36,390,11
2514,16,860,29,868,36,457,11
2514,16,860,29,868,36,463,11
2514,16,860,29,868,36,620,11
2514,16,860,29,868,36,700,11
2514,16,860,29,868,36,742,11
2514,16,860,29,868,36,758,11
2514,16,860,29,868,36,879,11
2514,16,860,29,868,36,927,11
2514,16,860,29,868,36,979,11
2514,16,860,29,868,36,1003,11
2514,16,860,29,868,36,1044,11
2514,16,860,29,868,36,1068,11
2514,16,860,29,868,36,1153,11
2514,16,860,29,868,36,1186,11
2514,16,860,29,868,36,1194,11
2514,16,860,29,868,36,1259,11
2514,16,860,29,868,36,1260,11
2514,16,860,29,868,36,1312,11
2514,16,860,29,868,36,1388,11
2514,16,860,29,868,36,1391,11
2514,16,860,29,868,36,1422,11
2514,16,860,29,868,36,1556,11
2514,16,860,29,868,36,1568,11
2514,16,860,29,868,36,1599,11
2514,16,860,29,868,36,1747,11
2514,16,860,29,868,36,1773,11
2514,16,860,29,868,36,1799,11
2514,16,860,29,868,36,1818,11
2514,16,860,29,868,36,1873,11
2514,16,860,29,868,36,1940,11
2514,16,860,29,868,36,1956,11
2514,16,860,29,868,36,1997,11
2514,16,860,29,868,36,2068,11
2514,16,860,29,868,36,2079,11
2514,16,860,29,868,36,2123,11
2514,16,860,29,868,36,2196,11
2514,16,860,29,868,36,2206,11
2514,16,860,29,868,36,2216,11
2514,16,860,29,868,36,2244,11
2514,16,860,29,868,36,2259,11
2514,16,860,29,868,36,2261,11
2514,16,860,29,868,36,2289,11
2514,16,860,29,868,36,2359,11
2514,16,860,29,868,36,2370,11
2514,16,860,29,868,36,2405,11
2514,16,860,29,1079,33,45,11
2514,16,860,29,1079,33,159,11
2514,16,860,29,1079,33,272,11
2514,16,860,29,1079,33,338,11
2514,16,860,29,1079,33,390,11
2514,16,860,29,1079,33,457,11
2514,16,860,29,1079,33,463,11
2514,16,860,29,1079,33,620,11
2514,16,860,29,1079,33,700,11
2514,16,860,29,1079,33,742,11
2514,16,860,29,1079,33,758,11
2514,16,860,29,1079,33,879,11
2514,16,860,29,1079,33,927,11
2514,16,860,29,1079,33,979,11
2514,16,860,29,1079,33,1003,11
2514,16,860,29,1079,33,1044,11
2514,16,860,29,1079,33,1068,11
2514,16,860,29,1079,33,1153,11
2514,16,860,29,1079,33,1186,11
2514,16,860,29,1079,33,1194,11
2514,16,860,29,1079,33,1259,11
2514,16,860,29,1079,33,1260,11
2514,16,860,29,1079,33,1312,11
2514,16,860,29,1079,33,1388,11
2514,16,860,29,1079,33,1391,11
2514,16,860,29,1079,33,1422,11
2514,16,860,29,1079,33,1556,11
2514,16,860,29,1079,33,1568,11
2514,16,860,29,1079,33,1599,11
2514,16,860,29,1079,33,1747,11
2514,16,860,29,1079,33,1773,11
2514,16,860,29,1079,33,1799,11
2514,16,860,29,1079,33,1818,11
2514,16,860,29,1079,33,1873,11
2514,16,860,29,1079,33,1940,11
2514,16,860,29,1079,33,1956,11
2514,16,860,29,1079,33,1997,11
2514,16,860,29,1079,33,2068,11
2514,16,860,29,1079,33,2079,11
2514,16,860,29,1079,33,2123,11
2514,16,860,29,1079,33,2196,11
2514,16,860,29,1079,33,2206,11
2514,16,860,29,1079,33,2216,11
2514,16,860,29,1079,33,2244,11
2514,16,860,29,1079,33,2259,11
2514,16,860,29,1079,33,2261,11
2514,16,860,29,1079,33,2289,11
2514,16,860,29,1079,33,2359,11
2514,16,860,29,1079,33,2370,11
2514,16,860,29,1079,33,2405,11
2514,16,860,29,1147,45,45,11
2514,16,860,29,1147,45,159,11
2514,16,860,29,1147,45,272,11
2514,16,860,29,1147,45,338,11
2514,16,860,29,1147,45,390,11
2514,16,860,29,1147,45,457,11
2514,16,860,29,1147,45,463,11
2514,16,860,29,1147,45,620,11
2514,16,860,29,1147,45,700,11
2514,16,860,29,1147,45,742,11
2514,16,860,29,1147,45,758,11
2514,16,860,29,1147,45,879,11
2514,16,860,29,1147,45,927,11
2514,16,860,29,1147,45,979,11
2514,16,860,29,1147,45,1003,11
2514,16,860,29,1147,45,1044,11
2514,16,860,29,1147,45,1068,11
2514,16,860,29,1147,45,1153,11
2514,16,860,29,1147,45,1186,11
2514,16,860,29,1147,45,1194,11
2514,16,860,29,1147,45,1259,11
2514,16,860,29,1147,45,1260,11
2514,16,860,29,1147,45,1312,11
2514,16,860,29,1147,45,1388,11
2514,16,860,29,1147,45,1391,11
2514,16,860,29,1147,45,1422,11
2514,16,860,29,1147,45,1556,11
2514,16,860,29,1147,45,1568,11
2514,16,860,29,1147,45,1599,11
2514,16,860,29,1147,45,1747,11
2514,16,860,29,1147,45,1773,11
2514,16,860,29,1147,45,1799,11
2514,16,860,29,1147,45,1818,11
2514,16,860,29,1147,45,1873,11
2514,16,860,29,1147,45,1940,11
2514,16,860,29,1147,45,1956,11
2514,16,860,29,1147,45,1997,11
2514,16,860,29,1147,45,2068,11
2514,16,860,29,1147,45,2079,11
2514,16,860,29,1147,45,2123,11
2514,16,860,29,1147,45,2196,11
2514,16,860,29,1147,45,2206,11
2514,16,860,29,1147,45,2216,11
2514,16,860,29,1147,45,2244,11
2514,16,860,29,1147,45,2259,11
2514,16,860,29,1147,45,2261,11
2514,16,860,29,1147,45,2289,11
2514,16,860,29,1147,45,2359,11
2514,16,860,29,1147,45,2370,11
2514,16,860,29,1147,45,2405,11
2514,16,860,29,1169,17,45,11
2514,16,860,29,1169,17,159,11
2514,16,860,29,1169,17,272,11
2514,16,860,29,1169,17,338,11
2514,16,860,29,1169,17,390,11
2514,16,860,29,1169,17,457,11
2514,16,860,29,1169,17,463,11
2514,16,860,29,1169,17,620,11
2514,16,860,29,1169,17,700,11
2514,16,860,29,1169,17,742,11
2514,16,860,29,1169,17,758,11
2514,16,860,29,1169,17,879,11
2514,16,860,29,1169,17,927,11
2514,16,860,29,1169,17,979,11
2514,16,860,29,1169,17,1003,11
2514,16,860,29,1169,17,1044,11
2514,16,860,29,1169,17,1068,11
2514,16,860,29,1169,17,1153,11
2514,16,860,29,1169,17,1186,11
2514,16,860,29,1169,17,1194,11
2514,16,860,29,1169,17,1259,11
2514,16,860,29,1169,17,1260,11
2514,16,860,29,1169,17,1312,11
2514,16,860,29,1169,17,1388,11
2514,16,860,29,1169,17,1391,11
2514,16,860,29,1169,17,1422,11
2514,16,860,29,1169,17,1556,11
2514,16,860,29,1169,17,1568,11
2514,16,860,29,1169,17,1599,11
2514,16,860,29,1169,17,1747,11
2514,16,860,29,1169,17,1773,11
2514,16,860,29,1169,17,1799,11
2514,16,860,29,1169,17,1818,11
2514,16,860,29,1169,17,1873,11
2514,16,860,29,1169,17,1940,11
2514,16,860,29,1169,17,1956,11
2514,16,860,29,1169,17,1997,11
2514,16,860,29,1169,17,2068,11
2514,16,860,29,1169,17,2079,11
2514,16,860,29,1169,17,2123,11
2514,16,860,29,1169,17,2196,11
2514,16,860,29,1169,17,2206,11
2514,16,860,29,1169,17,2216,11
2514,16,860,29,1169,17,2244,11
2514,16,860,29,1169,17,2259,11
2514,16,860,29,1169,17,2261,11
2514,16,860,29,1169,17,2289,11
2514,16,860,29,1169,17,2359,11
2514,16,860,29,1169,17,2370,11
2514,16,860,29,1169,17,2405,11
2514,16,860,29,1278,20,45,11
2514,16,860,29,1278,20,159,11
2514,16,860,29,1278,20,272,11
2514,16,860,29,1278,20,338,11
2514,16,860,29,1278,20,390,11
2514,16,860,29,1278,20,457,11
2514,16,860,29,1278,20,463,11
2514,16,860,29,1278,20,620,11
2514,16,860,29,1278,20,700,11
2514,16,860,29,1278,20,742,11
2514,16,860,29,1278,20,758,11
2514,16,860,29,1278,20,879,11
2514,16,860,29,1278,20,927,11
2514,16,860,29,1278,20,979,11
2514,16,860,29,1278,20,1003,11
2514,16,860,29,1278,20,1044,11
2514,16,860,29,1278,20,1068,11
2514,16,860,29,1278,20,1153,11
2514,16,860,29,1278,20,1186,11
2514,16,860,29,1278,20,1194,11
2514,16,860,29,1278,20,1259,11
2514,16,860,29,1278,20,1260,11
2514,16,860,29,1278,20,1312,11
2514,16,860,29,1278,20,1388,11
2514,16,860,29,1278,20,1391,11
2514,16,860,29,1278,20,1422,11
2514,16,860,29,1278,20,1556,11
2514,16,860,29,1278,20,1568,11
2514,16,860,29,1278,20,1599,11
2514,16,860,29,1278,20,1747,11
2514,16,860,29,1278,20,1773,11
2514,16,860,29,1278,20,1799,11
2514,16,860,29,1278,20,1818,11
2514,16,860,29,1278,20,1873,11
2514,16,860,29,1278,20,1940,11
2514,16,860,29,1278,20,1956,11
2514,16,860,29,1278,20,1997,11
2514,16,860,29,1278,20,2068,11
2514,16,860,29,1278,20,2079,11
2514,16,860,29,1278,20,2123,11
2514,16,860,29,1278,20,2196,11
2514,16,860,29,1278,20,2206,11
2514,16,860,29,1278,20,2216,11
2514,16,860,29,1278,20,2244,11
2514,16,860,29,1278,20,2259,11
2514,16,860,29,1278,20,2261,11
2514,16,860,29,1278,20,2289,11
2514,16,860,29,1278,20,2359,11
2514,16,860,29,1278,20,2370,11
2514,16,860,29,1278,20,2405,11
2514,16,860,29,1472,14,45,11
2514,16,860,29,1472,14,159,11
2514,16,860,29,1472,14,272,11
2514,16,860,29,1472,14,338,11
2514,16,860,29,1472,14,390,11
2514,16,860,29,1472,14,457,11
2514,16,860,29,1472,14,463,11
2514,16,860,29,1472,14,620,11
2514,16,860,29,1472,14,700,11
2514,16,860,29,1472,14,742,11
2514,16,860,29,1472,14,758,11
2514,16,860,29,1472,14,879,11
2514,16,860,29,1472,14,927,11
2514,16,860,29,1472,14,979,11
2514,16,860,29,1472,14,1003,11
2514,16,860,29,1472,14,1044,11
2514,16,860,29,1472,14,1068,11
2514,16,860,29,1472,14,1153,11
2514,16,860,29,1472,14,1186,11
2514,16,860,29,1472,14,1194,11
2514,16,860,29,1472,14,1259,11
2514,16,860,29,1472,14,1260,11
2514,16,860,29,1472,14,1312,11
2514,16,860,29,1472,14,1388,11
2514,16,860,29,1472,14,1391,11
2514,16,860,29,1472,14,1422,11
2514,16,860,29,1472,14,1556,11
2514,16,860,29,1472,14,1568,11
2514,16,860,29,1472,14,1599,11
2514,16,860,29,1472,14,1747,11
2514,16,860,29,1472,14,1773,11
2514,16,860,29,1472,14,1799,11
2514,16,860,29,1472,14,1818,11
2514,16,860,29,1472,14,1873,11
2514,16,860,29,1472,14,1940,11
2514,16,860,29,1472,14,1956,11
2514,16,860,29,1472,14,1997,11
2514,16,860,29,1472,14,2068,11
2514,16,860,29,1472,14,2079,11
2514,16,860,29,1472,14,2123,11
2514,16,860,29,1472,14,2196,11
2514,16,860,29,1472,14,2206,11
2514,16,860,29,1472,14,2216,11
2514,16,860,29,1472,14,2244,11
2514,16,860,29,1472,14,2259,11
2514,16,860,29,1472,14,2261,11
2514,16,860,29,1472,14,2289,11
2514,16,860,29,1472,14,2359,11
2514,16,860,29,1472,14,2370,11
2514,16,860,29,1472,14,2405,11
2514,16,860,29,1521,35,45,11
2514,16,860,29,1521,35,159,11
2514,16,860,29,1521,35,272,11
2514,16,860,29,1521,35,338,11
2514,16,860,29,1521,35,390,11
2514,16,860,29,1521,35,457,11
2514,16,860,29,1521,35,463,11
2514,16,860,29,1521,35,620,11
2514,16,860,29,1521,35,700,11
2514,16,860,29,1521,35,742,11
2514,16,860,29,1521,35,758,11
2514,16,860,29,1521,35,879,11
2514,16,860,29,1521,35,927,11
2514,16,860,29,1521,35,979,11
2514,16,860,29,1521,35,1003,11
2514,16,860,29,1521,35,1044,11
2514,16,860,29,1521,35,1068,11
2514,16,860,29,1521,35,1153,11
2514,16,860,29,1521,35,1186,11
2514,16,860,29,1521,35,1194,11
2514,16,860,29,1521,35,1259,11
2514,16,860,29,1521,35,1260,11
2514,16,860,29,1521,35,1312,11
2514,16,860,29,1521,35,1388,11
2514,16,860,29,1521,35,1391,11
2514,16,860,29,1521,35,1422,11
2514,16,860,29,1521,35,1556,11
2514,16,860,29,1521,35,1568,11
2514,16,860,29,1521,35,1599,11
2514,16,860,29,1521,35,1747,11
2514,16,860,29,1521,35,1773,11
2514,16,860,29,1521,35,1799,11
2514,16,860,29,1521,35,1818,11
2514,16,860,29,1521,35,1873,11
2514,16,860,29,1521,35,1940,11
2514,16,860,29,1521,35,1956,11
2514,16,860,29,1521,35,1997,11
2514,16,860,29,1521,35,2068,11
2514,16,860,29,1521,35,2079,11
2514,16,860,29,1521,35,2123,11
2514,16,860,29,1521,35,2196,11
2514,16,860,29,1521,35,2206,11
2514,16,860,29,1521,35,2216,11
2514,16,860,29,1521,35,2244,11
2514,16,860,29,1521,35,2259,11
2514,16,860,29,1521,35,2261,11
2514,16,860,29,1521,35,2289,11
2514,16,860,29,1521,35,2359,11
2514,16,860,29,1521,35,2370,11
2514,16,860,29,1521,35,2405,11
2514,16,860,29,1640,9,45,11
2514,16,860,29,1640,9,390,11
2514,16,860,29,1640,9,620,11
2514,16,860,29,1640,9,979,11
2514,16,860,29,1640,9,1799,11
2514,16,860,29,1640,9,1956,11
2514,16,860,29,1640,9,2206,11
2514,16,860,29,1640,9,2244,11
2514,16,860,29,1640,9,2261,11
2514,16,860,29,1640,9,2359,11
2514,16,860,29,1868,39,45,11
2514,16,860,29,1868,39,159,11
2514,16,860,29,1868,39,272,11
2514,16,860,29,1868,39,338,11
2514,16,860,29,1868,39,390,11
2514,16,860,29,1868,39,457,11
2514,16,860,29,1868,39,463,11
2514,16,860,29,1868,39,620,11
2514,16,860,29,1868,39,700,11
2514,16,860,29,1868,39,742,11
2514,16,860,29,1868,39,758,11
2514,16,860,29,1868,39,879,11
2514,16,860,29,1868,39,927,11
2514,16,860,29,1868,39,979,11
2514,16,860,29,1868,39,1003,11
2514,16,860,29,1868,39,1044,11
2514,16,860,29,1868,39,1068,11
2514,16,860,29,1868,39,1153,11
2514,16,860,29,1868,39,1186,11
2514,16,860,29,1868,39,1194,11
2514,16,860,29,1868,39,1259,11
2514,16,860,29,1868,39,1260,11
2514,16,860,29,1868,39,1312,11
2514,16,860,29,1868,39,1388,11
2514,16,860,29,1868,39,1391,11
2514,16,860,29,1868,39,1422,11
2514,16,860,29,1868,39,1556,11
2514,16,860,29,1868,39,1568,11
2514,16,860,29,1868,39,1599,11
2514,16,860,29,1868,39,1747,11
2514,16,860,29,1868,39,1773,11
2514,16,860,29,1868,39,1799,11
2514,16,860,29,1868,39,1818,11
2514,16,860,29,1868,39,1873,11
2514,16,860,29,1868,39,1940,11
2514,16,860,29,1868,39,1956,11
2514,16,860,29,1868,39,1997,11
2514,16,860,29,1868,39,2068,11
2514,16,860,29,1868,39,2079,11
2514,16,860,29,1868,39,2123,11
2514,16,860,29,1868,39,2196,11
2514,16,860,29,1868,39,2206,11
2514,16,860,29,1868,39,2216,11
2514,16,860,29,1868,39,2244,11
2514,16,860,29,1868,39,2259,11
2514,16,860,29,1868,39,2261,11
2514,16,860,29,1868,39,2289,11
2514,16,860,29,1868,39,2359,11
2514,16,860,29,1868,39,2370,11
2514,16,860,29,1868,39,2405,11
2514,16,860,29,1890,10,159,11
2514,16,860,29,1890,10,272,11
2514,16,860,29,1890,10,457,11
2514,16,860,29,1890,10,463,11
2514,16,860,29,1890,10,700,11
2514,16,860,29,1890,10,879,11
2514,16,860,29,1890,10,927,11
2514,16,860,29,1890,10,1003,11
2514,16,860,29,1890,10,1068,11
2514,16,860,29,1890,10,1153,11
2514,16,860,29,1890,10,1194,11
2514,16,860,29,1890,10,1260,11
2514,16,860,29,1890,10,1388,11
2514,16,860,29,1890,10,1391,11
2514,16,860,29,1890,10,1422,11
2514,16,860,29,1890,10,1556,11
2514,16,860,29,1890,10,1568,11
2514,16,860,29,1890,10,1599,11
2514,16,860,29,1890,10,1747,11
2514,16,860,29,1890,10,1818,11
2514,16,860,29,1890,10,1873,11
2514,16,860,29,1890,10,1940,11
2514,16,860,29,1890,10,2068,11
2514,16,860,29,1890,10,2079,11
2514,16,860,29,1890,10,2123,11
2514,16,860,29,1890,10,2196,11
2514,16,860,29,1890,10,2216,11
2514,16,860,29,1890,10,2259,11
2514,16,860,29,1890,10,2370,11
2514,16,860,29,1890,10,2405,11
2514,16,860,29,1933,40,45,11
2514,16,860,29,1933,40,159,11
2514,16,860,29,1933,40,272,11
2514,16,860,29,1933,40,338,11
2514,16,860,29,1933,40,390,11
2514,16,860,29,1933,40,457,11
2514,16,860,29,1933,40,463,11
2514,16,860,29,1933,40,620,11
2514,16,860,29,1933,40,700,11
2514,16,860,29,1933,40,742,11
2514,16,860,29,1933,40,758,11
2514,16,860,29,1933,40,879,11
2514,16,860,29,1933,40,927,11
2514,16,860,29,1933,40,979,11
2514,16,860,29,1933,40,1003,11
2514,16,860,29,1933,40,1044,11
2514,16,860,29,1933,40,1068,11
2514,16,860,29,1933,40,1153,11
2514,16,860,29,1933,40,1186,11
2514,16,860,29,1933,40,1194,11
2514,16,860,29,1933,40,1259,11
2514,16,860,29,1933,40,1260,11
2514,16,860,29,1933,40,1312,11
2514,16,860,29,1933,40,1388,11
2514,16,860,29,1933,40,1391,11
2514,16,860,29,1933,40,1422,11
2514,16,860,29,1933,40,1556,11
2514,16,860,29,1933,40,1568,11
2514,16,860,29,1933,40,1599,11
2514,16,860,29,1933,40,1747,11
2514,16,860,29,1933,40,1773,11
2514,16,860,29,1933,40,1799,11
2514,16,860,29,1933,40,1818,11
2514,16,860,29,1933,40,1873,11
2514,16,860,29,1933,40,1940,11
2514,16,860,29,1933,40,1956,11
2514,16,860,29,1933,40,1997,11
2514,16,860,29,1933,40,2068,11
2514,16,860,29,1933,40,2079,11
2514,16,860,29,1933,40,2123,11
2514,16,860,29,1933,40,2196,11
2514,16,860,29,1933,40,2206,11
2514,16,860,29,1933,40,2216,11
2514,16,860,29,1933,40,2244,11
2514,16,860,29,1933,40,2259,11
2514,16,860,29,1933,40,2261,11
2514,16,860,29,1933,40,2289,11
2514,16,860,29,1933,40,2359,11
2514,16,860,29,1933,40,2370,11
2514,16,860,29,1933,40,2405,11
