2514,16,1431,40,13,39,45,11
2514,16,1431,40,13,39,159,11
2514,16,1431,40,13,39,272,11
2514,16,1431,40,13,39,338,11
2514,16,1431,40,13,39,390,11
2514,16,1431,40,13,39,457,11
2514,16,1431,40,13,39,463,11
2514,16,1431,40,13,39,620,11
2514,16,1431,40,13,39,700,11
2514,16,1431,40,13,39,742,11
2514,16,1431,40,13,39,758,11
2514,16,1431,40,13,39,879,11
2514,16,1431,40,13,39,927,11
2514,16,1431,40,13,39,979,11
2514,16,1431,40,13,39,1003,11
2514,16,1431,40,13,39,1044,11
2514,16,1431,40,13,39,1068,11
2514,16,1431,40,13,39,1153,11
2514,16,1431,40,13,39,1186,11
2514,16,1431,40,13,39,1194,11
2514,16,1431,40,13,39,1259,11
2514,16,1431,40,13,39,1260,11
2514,16,1431,40,13,39,1312,11
2514,16,1431,40,13,39,1388,11
2514,16,1431,40,13,39,1391,11
2514,16,1431,40,13,39,1422,11
2514,16,1431,40,13,39,1556,11
2514,16,1431,40,13,39,1568,11
2514,16,1431,40,13,39,1599,11
2514,16,1431,40,13,39,1747,11
2514,16,1431,40,13,39,1773,11
2514,16,1431,40,13,39,1799,11
2514,16,1431,40,13,39,1818,11
2514,16,1431,40,13,39,1873,11
2514,16,1431,40,13,39,1940,11
2514,16,1431,40,13,39,1956,11
2514,16,1431,40,13,39,1997,11
2514,16,1431,40,13,39,2068,11
2514,16,1431,40,13,39,2079,11
2514,16,1431,40,13,39,2123,11
2514,16,1431,40,13,39,2196,11
2514,16,1431,40,13,39,2206,11
2514,16,1431,40,13,39,2216,11
2514,16,1431,40,13,39,2244,11
2514,16,1431,40,13,39,2259,11
2514,16,1431,40,13,39,2261,11
2514,16,1431,40,13,39,2289,11
2514,16,1431,40,13,39,2359,11
2514,16,1431,40,13,39,2370,11
2514,16,1431,40,13,39,2405,11
2514,16,1431,40,176,21,159,11
2514,16,1431,40,176,21,272,11
2514,16,1431,40,176,21,338,11
2514,16,1431,40,176,21,457,11
2514,16,1431,40,176,21,463,11
2514,16,1431,40,176,21,700,11
2514,16,1431,40,176,21,742,11
2514,16,1431,40,176,21,758,11
2514,16,1431,40,176,21,879,11
2514,16,1431,40,176,21,927,11
2514,16,1431,40,176,21,1003,11
2514,16,1431,40,176,21,1044,11
2514,16,1431,40,176,21,1068,11
2514,16,1431,40,176,21,1153,11
2514,16,1431,40,176,21,1186,11
2514,16,1431,40,176,21,1194,11
2514,16,1431,40,176,21,1259,11
2514,16,1431,40,176,21,1260,11
2514,16,1431,40,176,21,1312,11
2514,16,1431,40,176,21,1388,11
2514,16,1431,40,176,21,1391,11
2514,16,1431,40,176,21,1422,11
2514,16,1431,40,176,21,1556,11
2514,16,1431,40,176,21,1568,11
2514,16,1431,40,176,21,1599,11
2514,16,1431,40,176,21,1747,11
2514,16,1431,40,176,21,1773,11
2514,16,1431,40,176,21,1818,11
2514,16,1431,40,176,21,1873,11
2514,16,1431,40,176,21,1940,11
2514,16,1431,40,176,21,1997,11
2514,16,1431,40,176,21,2068,11
2514,16,1431,40,176,21,2079,11
2514,16,1431,40,176,21,2123,11
2514,16,1431,40,176,21,2196,11
2514,16,1431,40,176,21,2216,11
2514,16,1431,40,176,21,2259,11
2514,16,1431,40,176,21,2289,11
2514,16,1431,40,176,21,2370,11
2514,16,1431,40,176,21,2405,11
2514,16,1431,40,222,16,45,11
2514,16,1431,40,222,16,159,11
2514,16,1431,40,222,16,272,11
2514,16,1431,40,222,16,338,11
2514,16,1431,40,222,16,390,11
2514,16,1431,40,222,16,457,11
2514,16,1431,40,222,16,463,11
2514,16,1431,40,222,16,620,11
2514,16,1431,40,222,16,700,11
2514,16,1431,40,222,16,742,11
2514,16,1431,40,222,16,758,11
2514,16,1431,40,222,16,879,11
2514,16,1431,40,222,16,927,11
2514,16,1431,40,222,16,979,11
2514,16,1431,40,222,16,1003,11
2514,16,1431,40,222,16,1044,11
2514,16,1431,40,222,16,1068,11
2514,16,1431,40,222,16,1153,11
2514,16,1431,40,222,16,1186,11
2514,16,1431,40,222,16,1194,11
2514,16,1431,40,222,16,1259,11
2514,16,1431,40,222,16,1260,11
2514,16,1431,40,222,16,1312,11
2514,16,1431,40,222,16,1388,11
2514,16,1431,40,222,16,1391,11
2514,16,1431,40,222,16,1422,11
2514,16,1431,40,222,16,1556,11
2514,16,1431,40,222,16,1568,11
2514,16,1431,40,222,16,1599,11
2514,16,1431,40,222,16,1747,11
2514,16,1431,40,222,16,1773,11
2514,16,1431,40,222,16,1799,11
2514,16,1431,40,222,16,1818,11
2514,16,1431,40,222,16,1873,11
2514,16,1431,40,222,16,1940,11
2514,16,1431,40,222,16,1956,11
2514,16,1431,40,222,16,1997,11
2514,16,1431,40,222,16,2068,11
2514,16,1431,40,222,16,2079,11
2514,16,1431,40,222,16,2123,11
2514,16,1431,40,222,16,2196,11
2514,16,1431,40,222,16,2206,11
2514,16,1431,40,222,16,2216,11
2514,16,1431,40,222,16,2244,11
2514,16,1431,40,222,16,2259,11
2514,16,1431,40,222,16,2261,11
2514,16,1431,40,222,16,2289,11
2514,16,1431,40,222,16,2359,11
2514,16,1431,40,222,16,2370,11
2514,16,1431,40,222,16,2405,11
2514,16,1431,40,383,15,45,11
2514,16,1431,40,383,15,159,11
2514,16,1431,40,383,15,272,11
2514,16,1431,40,383,15,338,11
2514,16,1431,40,383,15,390,11
2514,16,1431,40,383,15,457,11
2514,16,1431,40,383,15,463,11
2514,16,1431,40,383,15,620,11
2514,16,1431,40,383,15,700,11
2514,16,1431,40,383,15,742,11
2514,16,1431,40,383,15,758,11
2514,16,1431,40,383,15,879,11
2514,16,1431,40,383,15,927,11
2514,16,1431,40,383,15,979,11
2514,16,1431,40,383,15,1003,11
2514,16,1431,40,383,15,1044,11
2514,16,1431,40,383,15,1068,11
2514,16,1431,40,383,15,1153,11
2514,16,1431,40,383,15,1186,11
2514,16,1431,40,383,15,1194,11
2514,16,1431,40,383,15,1259,11
2514,16,1431,40,383,15,1260,11
2514,16,1431,40,383,15,1312,11
2514,16,1431,40,383,15,1388,11
2514,16,1431,40,383,15,1391,11
2514,16,1431,40,383,15,1422,11
2514,16,1431,40,383,15,1556,11
2514,16,1431,40,383,15,1568,11
2514,16,1431,40,383,15,1599,11
2514,16,1431,40,383,15,1747,11
2514,16,1431,40,383,15,1773,11
2514,16,1431,40,383,15,1799,11
2514,16,1431,40,383,15,1818,11
2514,16,1431,40,383,15,1873,11
2514,16,1431,40,383,15,1940,11
2514,16,1431,40,383,15,1956,11
2514,16,1431,40,383,15,1997,11
2514,16,1431,40,383,15,2068,11
2514,16,1431,40,383,15,2079,11
2514,16,1431,40,383,15,2123,11
2514,16,1431,40,383,15,2196,11
2514,16,1431,40,383,15,2206,11
2514,16,1431,40,383,15,2216,11
2514,16,1431,40,383,15,2244,11
2514,16,1431,40,383,15,2259,11
2514,16,1431,40,383,15,2261,11
2514,16,1431,40,383,15,2289,11
2514,16,1431,40,383,15,2359,11
2514,16,1431,40,383,15,2370,11
2514,16,1431,40,383,15,2405,11
2514,16,1431,40,920,26,45,11
2514,16,1431,40,920,26,159,11
2514,16,1431,40,920,26,272,11
2514,16,1431,40,920,26,338,11
2514,16,1431,40,920,26,390,11
2514,16,1431,40,920,26,457,11
2514,16,1431,40,920,26,463,11
2514,16,1431,40,920,26,620,11
2514,16,1431,40,920,26,700,11
2514,16,1431,40,920,26,742,11
2514,16,1431,40,920,26,758,11
2514,16,1431,40,920,26,879,11
2514,16,1431,40,920,26,927,11
2514,16,1431,40,920,26,979,11
2514,16,1431,40,920,26,1003,11
2514,16,1431,40,920,26,1044,11
2514,16,1431,40,920,26,1068,11
2514,16,1431,40,920,26,1153,11
2514,16,1431,40,920,26,1186,11
2514,16,1431,40,920,26,1194,11
2514,16,1431,40,920,26,1259,11
2514,16,1431,40,920,26,1260,11
2514,16,1431,40,920,26,1312,11
2514,16,1431,40,920,26,1388,11
2514,16,1431,40,920,26,1391,11
2514,16,1431,40,920,26,1422,11
2514,16,1431,40,920,26,1556,11
2514,16,1431,40,920,26,1568,11
2514,16,1431,40,920,26,1599,11
2514,16,1431,40,920,26,1747,11
2514,16,1431,40,920,26,1773,11
2514,16,1431,40,920,26,1799,11
2514,16,1431,40,920,26,1818,11
2514,16,1431,40,920,26,1873,11
2514,16,1431,40,920,26,1940,11
2514,16,1431,40,920,26,1956,11
2514,16,1431,40,920,26,1997,11
2514,16,1431,40,920,26,2068,11
2514,16,1431,40,920,26,2079,11
2514,16,1431,40,920,26,2123,11
2514,16,1431,40,920,26,2196,11
2514,16,1431,40,920,26,2206,11
2514,16,1431,40,920,26,2216,11
2514,16,1431,40,920,26,2244,11
2514,16,1431,40,920,26,2259,11
2514,16,1431,40,920,26,2261,11
2514,16,1431,40,920,26,2289,11
2514,16,1431,40,920,26,2359,11
2514,16,1431,40,920,26,2370,11
2514,16,1431,40,920,26,2405,11
2514,16,1431,40,1161,13,45,11
2514,16,1431,40,1161,13,159,11
2514,16,1431,40,1161,13,272,11
2514,16,1431,40,1161,13,338,11
2514,16,1431,40,1161,13,390,11
2514,16,1431,40,1161,13,457,11
2514,16,1431,40,1161,13,463,11
2514,16,1431,40,1161,13,620,11
2514,16,1431,40,1161,13,700,11
2514,16,1431,40,1161,13,742,11
2514,16,1431,40,1161,13,758,11
2514,16,1431,40,1161,13,879,11
2514,16,1431,40,1161,13,927,11
2514,16,1431,40,1161,13,979,11
2514,16,1431,40,1161,13,1003,11
2514,16,1431,40,1161,13,1044,11
2514,16,1431,40,1161,13,1068,11
2514,16,1431,40,1161,13,1153,11
2514,16,1431,40,1161,13,1186,11
2514,16,1431,40,1161,13,1194,11
2514,16,1431,40,1161,13,1259,11
2514,16,1431,40,1161,13,1260,11
2514,16,1431,40,1161,13,1312,11
2514,16,1431,40,1161,13,1388,11
2514,16,1431,40,1161,13,1391,11
2514,16,1431,40,1161,13,1422,11
2514,16,1431,40,1161,13,1556,11
2514,16,1431,40,1161,13,1568,11
2514,16,1431,40,1161,13,1599,11
2514,16,1431,40,1161,13,1747,11
2514,16,1431,40,1161,13,1773,11
2514,16,1431,40,1161,13,1799,11
2514,16,1431,40,1161,13,1818,11
2514,16,1431,40,1161,13,1873,11
2514,16,1431,40,1161,13,1940,11
2514,16,1431,40,1161,13,1956,11
2514,16,1431,40,1161,13,1997,11
2514,16,1431,40,1161,13,2068,11
2514,16,1431,40,1161,13,2079,11
2514,16,1431,40,1161,13,2123,11
2514,16,1431,40,1161,13,2196,11
2514,16,1431,40,1161,13,2206,11
2514,16,1431,40,1161,13,2216,11
2514,16,1431,40,1161,13,2244,11
2514,16,1431,40,1161,13,2259,11
2514,16,1431,40,1161,13,2261,11
2514,16,1431,40,1161,13,2289,11
2514,16,1431,40,1161,13,2359,11
2514,16,1431,40,1161,13,2370,11
2514,16,1431,40,1161,13,2405,11
2514,16,1431,40,1200,39,45,11
2514,16,1431,40,1200,39,159,11
2514,16,1431,40,1200,39,272,11
2514,16,1431,40,1200,39,338,11
2514,16,1431,40,1200,39,390,11
2514,16,1431,40,1200,39,457,11
2514,16,1431,40,1200,39,463,11
2514,16,1431,40,1200,39,620,11
2514,16,1431,40,1200,39,700,11
2514,16,1431,40,1200,39,742,11
2514,16,1431,40,1200,39,758,11
2514,16,1431,40,1200,39,879,11
2514,16,1431,40,1200,39,927,11
2514,16,1431,40,1200,39,979,11
2514,16,1431,40,1200,39,1003,11
2514,16,1431,40,1200,39,1044,11
2514,16,1431,40,1200,39,1068,11
2514,16,1431,40,1200,39,1153,11
2514,16,1431,40,1200,39,1186,11
2514,16,1431,40,1200,39,1194,11
2514,16,1431,40,1200,39,1259,11
2514,16,1431,40,1200,39,1260,11
2514,16,1431,40,1200,39,1312,11
2514,16,1431,40,1200,39,1388,11
2514,16,1431,40,1200,39,1391,11
2514,16,1431,40,1200,39,1422,11
2514,16,1431,40,1200,39,1556,11
2514,16,1431,40,1200,39,1568,11
2514,16,1431,40,1200,39,1599,11
2514,16,1431,40,1200,39,1747,11
2514,16,1431,40,1200,39,1773,11
2514,16,1431,40,1200,39,1799,11
2514,16,1431,40,1200,39,1818,11
2514,16,1431,40,1200,39,1873,11
2514,16,1431,40,1200,39,1940,11
2514,16,1431,40,1200,39,1956,11
2514,16,1431,40,1200,39,1997,11
2514,16,1431,40,1200,39,2068,11
2514,16,1431,40,1200,39,2079,11
2514,16,1431,40,1200,39,2123,11
2514,16,1431,40,1200,39,2196,11
2514,16,1431,40,1200,39,2206,11
2514,16,1431,40,1200,39,2216,11
2514,16,1431,40,1200,39,2244,11
2514,16,1431,40,1200,39,2259,11
2514,16,1431,40,1200,39,2261,11
2514,16,1431,40,1200,39,2289,11
2514,16,1431,40,1200,39,2359,11
2514,16,1431,40,1200,39,2370,11
2514,16,1431,40,1200,39,2405,11
2514,16,1431,40,1206,26,45,11
2514,16,1431,40,1206,26,159,11
2514,16,1431,40,1206,26,272,11
2514,16,1431,40,1206,26,338,11
2514,16,1431,40,1206,26,390,11
2514,16,1431,40,1206,26,457,11
2514,16,1431,40,1206,26,463,11
2514,16,1431,40,1206,26,620,11
2514,16,1431,40,1206,26,700,11
2514,16,1431,40,1206,26,742,11
2514,16,1431,40,1206,26,758,11
2514,16,1431,40,1206,26,879,11
2514,16,1431,40,1206,26,927,11
2514,16,1431,40,1206,26,979,11
2514,16,1431,40,1206,26,1003,11
2514,16,1431,40,1206,26,1044,11
2514,16,1431,40,1206,26,1068,11
2514,16,1431,40,1206,26,1153,11
2514,16,1431,40,1206,26,1186,11
2514,16,1431,40,1206,26,1194,11
2514,16,1431,40,1206,26,1259,11
2514,16,1431,40,1206,26,1260,11
2514,16,1431,40,1206,26,1312,11
2514,16,1431,40,1206,26,1388,11
2514,16,1431,40,1206,26,1391,11
2514,16,1431,40,1206,26,1422,11
2514,16,1431,40,1206,26,1556,11
2514,16,1431,40,1206,26,1568,11
2514,16,1431,40,1206,26,1599,11
2514,16,1431,40,1206,26,1747,11
2514,16,1431,40,1206,26,1773,11
2514,16,1431,40,1206,26,1799,11
2514,16,1431,40,1206,26,1818,11
2514,16,1431,40,1206,26,1873,11
2514,16,1431,40,1206,26,1940,11
2514,16,1431,40,1206,26,1956,11
2514,16,1431,40,1206,26,1997,11
2514,16,1431,40,1206,26,2068,11
2514,16,1431,40,1206,26,2079,11
2514,16,1431,40,1206,26,2123,11
2514,16,1431,40,1206,26,2196,11
2514,16,1431,40,1206,26,2206,11
2514,16,1431,40,1206,26,2216,11
2514,16,1431,40,1206,26,2244,11
2514,16,1431,40,1206,26,2259,11
2514,16,1431,40,1206,26,2261,11
2514,16,1431,40,1206,26,2289,11
2514,16,1431,40,1206,26,2359,11
2514,16,1431,40,1206,26,2370,11
2514,16,1431,40,1206,26,2405,11
2514,16,1431,40,1663,30,45,11
2514,16,1431,40,1663,30,159,11
2514,16,1431,40,1663,30,272,11
2514,16,1431,40,1663,30,338,11
2514,16,1431,40,1663,30,390,11
2514,16,1431,40,1663,30,457,11
2514,16,1431,40,1663,30,463,11
2514,16,1431,40,1663,30,620,11
2514,16,1431,40,1663,30,700,11
2514,16,1431,40,1663,30,742,11
2514,16,1431,40,1663,30,758,11
2514,16,1431,40,1663,30,879,11
2514,16,1431,40,1663,30,927,11
2514,16,1431,40,1663,30,979,11
2514,16,1431,40,1663,30,1003,11
2514,16,1431,40,1663,30,1044,11
2514,16,1431,40,1663,30,1068,11
2514,16,1431,40,1663,30,1153,11
2514,16,1431,40,1663,30,1186,11
2514,16,1431,40,1663,30,1194,11
2514,16,1431,40,1663,30,1259,11
2514,16,1431,40,1663,30,1260,11
2514,16,1431,40,1663,30,1312,11
2514,16,1431,40,1663,30,1388,11
2514,16,1431,40,1663,30,1391,11
2514,16,1431,40,1663,30,1422,11
2514,16,1431,40,1663,30,1556,11
2514,16,1431,40,1663,30,1568,11
2514,16,1431,40,1663,30,1599,11
2514,16,1431,40,1663,30,1747,11
2514,16,1431,40,1663,30,1773,11
2514,16,1431,40,1663,30,1799,11
2514,16,1431,40,1663,30,1818,11
2514,16,1431,40,1663,30,1873,11
2514,16,1431,40,1663,30,1940,11
2514,16,1431,40,1663,30,1956,11
2514,16,1431,40,1663,30,1997,11
2514,16,1431,40,1663,30,2068,11
2514,16,1431,40,1663,30,2079,11
2514,16,1431,40,1663,30,2123,11
2514,16,1431,40,1663,30,2196,11
2514,16,1431,40,1663,30,2206,11
2514,16,1431,40,1663,30,2216,11
2514,16,1431,40,1663,30,2244,11
2514,16,1431,40,1663,30,2259,11
2514,16,1431,40,1663,30,2261,11
2514,16,1431,40,1663,30,2289,11
2514,16,1431,40,1663,30,2359,11
2514,16,1431,40,1663,30,2370,11
2514,16,1431,40,1663,30,2405,11
2514,16,1431,40,1675,12,45,11
2514,16,1431,40,1675,12,159,11
2514,16,1431,40,1675,12,272,11
2514,16,1431,40,1675,12,338,11
2514,16,1431,40,1675,12,390,11
2514,16,1431,40,1675,12,457,11
2514,16,1431,40,1675,12,463,11
2514,16,1431,40,1675,12,620,11
2514,16,1431,40,1675,12,700,11
2514,16,1431,40,1675,12,742,11
2514,16,1431,40,1675,12,758,11
2514,16,1431,40,1675,12,879,11
2514,16,1431,40,1675,12,927,11
2514,16,1431,40,1675,12,979,11
2514,16,1431,40,1675,12,1003,11
2514,16,1431,40,1675,12,1044,11
2514,16,1431,40,1675,12,1068,11
2514,16,1431,40,1675,12,1153,11
2514,16,1431,40,1675,12,1186,11
2514,16,1431,40,1675,12,1194,11
2514,16,1431,40,1675,12,1259,11
2514,16,1431,40,1675,12,1260,11
2514,16,1431,40,1675,12,1312,11
2514,16,1431,40,1675,12,1388,11
2514,16,1431,40,1675,12,1391,11
2514,16,1431,40,1675,12,1422,11
2514,16,1431,40,1675,12,1556,11
2514,16,1431,40,1675,12,1568,11
2514,16,1431,40,1675,12,1599,11
2514,16,1431,40,1675,12,1747,11
2514,16,1431,40,1675,12,1773,11
2514,16,1431,40,1675,12,1799,11
2514,16,1431,40,1675,12,1818,11
2514,16,1431,40,1675,12,1873,11
2514,16,1431,40,1675,12,1940,11
2514,16,1431,40,1675,12,1956,11
2514,16,1431,40,1675,12,1997,11
2514,16,1431,40,1675,12,2068,11
2514,16,1431,40,1675,12,2079,11
2514,16,1431,40,1675,12,2123,11
2514,16,1431,40,1675,12,2196,11
2514,16,1431,40,1675,12,2206,11
2514,16,1431,40,1675,12,2216,11
2514,16,1431,40,1675,12,2244,11
2514,16,1431,40,1675,12,2259,11
2514,16,1431,40,1675,12,2261,11
2514,16,1431,40,1675,12,2289,11
2514,16,1431,40,1675,12,2359,11
2514,16,1431,40,1675,12,2370,11
2514,16,1431,40,1675,12,2405,11
2514,16,1431,40,1878,12,45,11
2514,16,1431,40,1878,12,159,11
2514,16,1431,40,1878,12,272,11
2514,16,1431,40,1878,12,338,11
2514,16,1431,40,1878,12,390,11
2514,16,1431,40,1878,12,457,11
2514,16,1431,40,1878,12,463,11
2514,16,1431,40,1878,12,620,11
2514,16,1431,40,1878,12,700,11
2514,16,1431,40,1878,12,742,11
2514,16,1431,40,1878,12,758,11
2514,16,1431,40,1878,12,879,11
2514,16,1431,40,1878,12,927,11
2514,16,1431,40,1878,12,979,11
2514,16,1431,40,1878,12,1003,11
2514,16,1431,40,1878,12,1044,11
2514,16,1431,40,1878,12,1068,11
2514,16,1431,40,1878,12,1153,11
2514,16,1431,40,1878,12,1186,11
2514,16,1431,40,1878,12,1194,11
2514,16,1431,40,1878,12,1259,11
2514,16,1431,40,1878,12,1260,11
2514,16,1431,40,1878,12,1312,11
2514,16,1431,40,1878,12,1388,11
2514,16,1431,40,1878,12,1391,11
2514,16,1431,40,1878,12,1422,11
2514,16,1431,40,1878,12,1556,11
2514,16,1431,40,1878,12,1568,11
2514,16,1431,40,1878,12,1599,11
2514,16,1431,40,1878,12,1747,11
2514,16,1431,40,1878,12,1773,11
2514,16,1431,40,1878,12,1799,11
2514,16,1431,40,1878,12,1818,11
2514,16,1431,40,1878,12,1873,11
2514,16,1431,40,1878,12,1940,11
2514,16,1431,40,1878,12,1956,11
2514,16,1431,40,1878,12,1997,11
2514,16,1431,40,1878,12,2068,11
2514,16,1431,40,1878,12,2079,11
2514,16,1431,40,1878,12,2123,11
2514,16,1431,40,1878,12,2196,11
2514,16,1431,40,1878,12,2206,11
2514,16,1431,40,1878,12,2216,11
2514,16,1431,40,1878,12,2244,11
2514,16,1431,40,1878,12,2259,11
2514,16,1431,40,1878,12,2261,11
2514,16,1431,40,1878,12,2289,11
2514,16,1431,40,1878,12,2359,11
2514,16,1431,40,1878,12,2370,11
2514,16,1431,40,1878,12,2405,11
2514,16,1431,40,1885,37,45,11
2514,16,1431,40,1885,37,159,11
2514,16,1431,40,1885,37,272,11
2514,16,1431,40,1885,37,338,11
2514,16,1431,40,1885,37,390,11
2514,16,1431,40,1885,37,457,11
2514,16,1431,40,1885,37,463,11
2514,16,1431,40,1885,37,620,11
2514,16,1431,40,1885,37,700,11
2514,16,1431,40,1885,37,742,11
2514,16,1431,40,1885,37,758,11
2514,16,1431,40,1885,37,879,11
2514,16,1431,40,1885,37,927,11
2514,16,1431,40,1885,37,979,11
2514,16,1431,40,1885,37,1003,11
2514,16,1431,40,1885,37,1044,11
2514,16,1431,40,1885,37,1068,11
2514,16,1431,40,1885,37,1153,11
2514,16,1431,40,1885,37,1186,11
2514,16,1431,40,1885,37,1194,11
2514,16,1431,40,1885,37,1259,11
2514,16,1431,40,1885,37,1260,11
2514,16,1431,40,1885,37,1312,11
2514,16,1431,40,1885,37,1388,11
2514,16,1431,40,1885,37,1391,11
2514,16,1431,40,1885,37,1422,11
2514,16,1431,40,1885,37,1556,11
2514,16,1431,40,1885,37,1568,11
2514,16,1431,40,1885,37,1599,11
2514,16,1431,40,1885,37,1747,11
2514,16,1431,40,1885,37,1773,11
2514,16,1431,40,1885,37,1799,11
2514,16,1431,40,1885,37,1818,11
2514,16,1431,40,1885,37,1873,11
2514,16,1431,40,1885,37,1940,11
2514,16,1431,40,1885,37,1956,11
2514,16,1431,40,1885,37,1997,11
2514,16,1431,40,1885,37,2068,11
2514,16,1431,40,1885,37,2079,11
2514,16,1431,40,1885,37,2123,11
2514,16,1431,40,1885,37,2196,11
2514,16,1431,40,1885,37,2206,11
2514,16,1431,40,1885,37,2216,11
2514,16,1431,40,1885,37,2244,11
2514,16,1431,40,1885,37,2259,11
2514,16,1431,40,1885,37,2261,11
2514,16,1431,40,1885,37,2289,11
2514,16,1431,40,1885,37,2359,11
2514,16,1431,40,1885,37,2370,11
2514,16,1431,40,1885,37,2405,11
2514,16,1431,40,1895,15,45,11
2514,16,1431,40,1895,15,159,11
2514,16,1431,40,1895,15,272,11
2514,16,1431,40,1895,15,338,11
2514,16,1431,40,1895,15,390,11
2514,16,1431,40,1895,15,457,11
2514,16,1431,40,1895,15,463,11
2514,16,1431,40,1895,15,620,11
2514,16,1431,40,1895,15,700,11
2514,16,1431,40,1895,15,742,11
2514,16,1431,40,1895,15,758,11
2514,16,1431,40,1895,15,879,11
2514,16,1431,40,1895,15,927,11
2514,16,1431,40,1895,15,979,11
2514,16,1431,40,1895,15,1003,11
2514,16,1431,40,1895,15,1044,11
2514,16,1431,40,1895,15,1068,11
2514,16,1431,40,1895,15,1153,11
2514,16,1431,40,1895,15,1186,11
2514,16,1431,40,1895,15,1194,11
2514,16,1431,40,1895,15,1259,11
2514,16,1431,40,1895,15,1260,11
2514,16,1431,40,1895,15,1312,11
2514,16,1431,40,1895,15,1388,11
2514,16,1431,40,1895,15,1391,11
2514,16,1431,40,1895,15,1422,11
2514,16,1431,40,1895,15,1556,11
2514,16,1431,40,1895,15,1568,11
2514,16,1431,40,1895,15,1599,11
2514,16,1431,40,1895,15,1747,11
2514,16,1431,40,1895,15,1773,11
2514,16,1431,40,1895,15,1799,11
2514,16,1431,40,1895,15,1818,11
2514,16,1431,40,1895,15,1873,11
2514,16,1431,40,1895,15,1940,11
2514,16,1431,40,1895,15,1956,11
2514,16,1431,40,1895,15,1997,11
2514,16,1431,40,1895,15,2068,11
2514,16,1431,40,1895,15,2079,11
2514,16,1431,40,1895,15,2123,11
2514,16,1431,40,1895,15,2196,11
2514,16,1431,40,1895,15,2206,11
2514,16,1431,40,1895,15,2216,11
2514,16,1431,40,1895,15,2244,11
2514,16,1431,40,1895,15,2259,11
2514,16,1431,40,1895,15,2261,11
2514,16,1431,40,1895,15,2289,11
2514,16,1431,40,1895,15,2359,11
2514,16,1431,40,1895,15,2370,11
2514,16,1431,40,1895,15,2405,11
