2514,16,1744,0,353,12,45,11
2514,16,1744,0,353,12,159,11
2514,16,1744,0,353,12,272,11
2514,16,1744,0,353,12,338,11
2514,16,1744,0,353,12,390,11
2514,16,1744,0,353,12,457,11
2514,16,1744,0,353,12,463,11
2514,16,1744,0,353,12,620,11
2514,16,1744,0,353,12,700,11
2514,16,1744,0,353,12,742,11
2514,16,1744,0,353,12,758,11
2514,16,1744,0,353,12,879,11
2514,16,1744,0,353,12,927,11
2514,16,1744,0,353,12,979,11
2514,16,1744,0,353,12,1003,11
2514,16,1744,0,353,12,1044,11
2514,16,1744,0,353,12,1068,11
2514,16,1744,0,353,12,1153,11
2514,16,1744,0,353,12,1186,11
2514,16,1744,0,353,12,1194,11
2514,16,1744,0,353,12,1259,11
2514,16,1744,0,353,12,1260,11
2514,16,1744,0,353,12,1312,11
2514,16,1744,0,353,12,1388,11
2514,16,1744,0,353,12,1391,11
2514,16,1744,0,353,12,1422,11
2514,16,1744,0,353,12,1556,11
2514,16,1744,0,353,12,1568,11
2514,16,1744,0,353,12,1599,11
2514,16,1744,0,353,12,1747,11
2514,16,1744,0,353,12,1773,11
2514,16,1744,0,353,12,1799,11
2514,16,1744,0,353,12,1818,11
2514,16,1744,0,353,12,1873,11
2514,16,1744,0,353,12,1940,11
2514,16,1744,0,353,12,1956,11
2514,16,1744,0,353,12,1997,11
2514,16,1744,0,353,12,2068,11
2514,16,1744,0,353,12,2079,11
2514,16,1744,0,353,12,2123,11
2514,16,1744,0,353,12,2196,11
2514,16,1744,0,353,12,2206,11
2514,16,1744,0,353,12,2216,11
2514,16,1744,0,353,12,2244,11
2514,16,1744,0,353,12,2259,11
2514,16,1744,0,353,12,2261,11
2514,16,1744,0,353,12,2289,11
2514,16,1744,0,353,12,2359,11
2514,16,1744,0,353,12,2370,11
2514,16,1744,0,353,12,2405,11
2514,16,1744,0,619,16,45,11
2514,16,1744,0,619,16,159,11
2514,16,1744,0,619,16,272,11
2514,16,1744,0,619,16,338,11
2514,16,1744,0,619,16,390,11
2514,16,1744,0,619,16,457,11
2514,16,1744,0,619,16,463,11
2514,16,1744,0,619,16,620,11
2514,16,1744,0,619,16,700,11
2514,16,1744,0,619,16,742,11
2514,16,1744,0,619,16,758,11
2514,16,1744,0,619,16,879,11
2514,16,1744,0,619,16,927,11
2514,16,1744,0,619,16,979,11
2514,16,1744,0,619,16,1003,11
2514,16,1744,0,619,16,1044,11
2514,16,1744,0,619,16,1068,11
2514,16,1744,0,619,16,1153,11
2514,16,1744,0,619,16,1186,11
2514,16,1744,0,619,16,1194,11
2514,16,1744,0,619,16,1259,11
2514,16,1744,0,619,16,1260,11
2514,16,1744,0,619,16,1312,11
2514,16,1744,0,619,16,1388,11
2514,16,1744,0,619,16,1391,11
2514,16,1744,0,619,16,1422,11
2514,16,1744,0,619,16,1556,11
2514,16,1744,0,619,16,1568,11
2514,16,1744,0,619,16,1599,11
2514,16,1744,0,619,16,1747,11
2514,16,1744,0,619,16,1773,11
2514,16,1744,0,619,16,1799,11
2514,16,1744,0,619,16,1818,11
2514,16,1744,0,619,16,1873,11
2514,16,1744,0,619,16,1940,11
2514,16,1744,0,619,16,1956,11
2514,16,1744,0,619,16,1997,11
2514,16,1744,0,619,16,2068,11
2514,16,1744,0,619,16,2079,11
2514,16,1744,0,619,16,2123,11
2514,16,1744,0,619,16,2196,11
2514,16,1744,0,619,16,2206,11
2514,16,1744,0,619,16,2216,11
2514,16,1744,0,619,16,2244,11
2514,16,1744,0,619,16,2259,11
2514,16,1744,0,619,16,2261,11
2514,16,1744,0,619,16,2289,11
2514,16,1744,0,619,16,2359,11
2514,16,1744,0,619,16,2370,11
2514,16,1744,0,619,16,2405,11
2514,16,1744,0,631,41,45,11
2514,16,1744,0,631,41,159,11
2514,16,1744,0,631,41,272,11
2514,16,1744,0,631,41,338,11
2514,16,1744,0,631,41,390,11
2514,16,1744,0,631,41,457,11
2514,16,1744,0,631,41,463,11
2514,16,1744,0,631,41,620,11
2514,16,1744,0,631,41,700,11
2514,16,1744,0,631,41,742,11
2514,16,1744,0,631,41,758,11
2514,16,1744,0,631,41,879,11
2514,16,1744,0,631,41,927,11
2514,16,1744,0,631,41,979,11
2514,16,1744,0,631,41,1003,11
2514,16,1744,0,631,41,1044,11
2514,16,1744,0,631,41,1068,11
2514,16,1744,0,631,41,1153,11
2514,16,1744,0,631,41,1186,11
2514,16,1744,0,631,41,1194,11
2514,16,1744,0,631,41,1259,11
2514,16,1744,0,631,41,1260,11
2514,16,1744,0,631,41,1312,11
2514,16,1744,0,631,41,1388,11
2514,16,1744,0,631,41,1391,11
2514,16,1744,0,631,41,1422,11
2514,16,1744,0,631,41,1556,11
2514,16,1744,0,631,41,1568,11
2514,16,1744,0,631,41,1599,11
2514,16,1744,0,631,41,1747,11
2514,16,1744,0,631,41,1773,11
2514,16,1744,0,631,41,1799,11
2514,16,1744,0,631,41,1818,11
2514,16,1744,0,631,41,1873,11
2514,16,1744,0,631,41,1940,11
2514,16,1744,0,631,41,1956,11
2514,16,1744,0,631,41,1997,11
2514,16,1744,0,631,41,2068,11
2514,16,1744,0,631,41,2079,11
2514,16,1744,0,631,41,2123,11
2514,16,1744,0,631,41,2196,11
2514,16,1744,0,631,41,2206,11
2514,16,1744,0,631,41,2216,11
2514,16,1744,0,631,41,2244,11
2514,16,1744,0,631,41,2259,11
2514,16,1744,0,631,41,2261,11
2514,16,1744,0,631,41,2289,11
2514,16,1744,0,631,41,2359,11
2514,16,1744,0,631,41,2370,11
2514,16,1744,0,631,41,2405,11
2514,16,1744,0,669,25,159,11
2514,16,1744,0,669,25,272,11
2514,16,1744,0,669,25,338,11
2514,16,1744,0,669,25,457,11
2514,16,1744,0,669,25,463,11
2514,16,1744,0,669,25,700,11
2514,16,1744,0,669,25,742,11
2514,16,1744,0,669,25,758,11
2514,16,1744,0,669,25,879,11
2514,16,1744,0,669,25,927,11
2514,16,1744,0,669,25,1003,11
2514,16,1744,0,669,25,1044,11
2514,16,1744,0,669,25,1068,11
2514,16,1744,0,669,25,1153,11
2514,16,1744,0,669,25,1186,11
2514,16,1744,0,669,25,1194,11
2514,16,1744,0,669,25,1259,11
2514,16,1744,0,669,25,1260,11
2514,16,1744,0,669,25,1312,11
2514,16,1744,0,669,25,1388,11
2514,16,1744,0,669,25,1391,11
2514,16,1744,0,669,25,1422,11
2514,16,1744,0,669,25,1556,11
2514,16,1744,0,669,25,1568,11
2514,16,1744,0,669,25,1599,11
2514,16,1744,0,669,25,1747,11
2514,16,1744,0,669,25,1773,11
2514,16,1744,0,669,25,1818,11
2514,16,1744,0,669,25,1873,11
2514,16,1744,0,669,25,1940,11
2514,16,1744,0,669,25,1997,11
2514,16,1744,0,669,25,2068,11
2514,16,1744,0,669,25,2079,11
2514,16,1744,0,669,25,2123,11
2514,16,1744,0,669,25,2196,11
2514,16,1744,0,669,25,2216,11
2514,16,1744,0,669,25,2259,11
2514,16,1744,0,669,25,2289,11
2514,16,1744,0,669,25,2370,11
2514,16,1744,0,669,25,2405,11
2514,16,1744,0,681,9,45,11
2514,16,1744,0,681,9,159,11
2514,16,1744,0,681,9,272,11
2514,16,1744,0,681,9,338,11
2514,16,1744,0,681,9,390,11
2514,16,1744,0,681,9,457,11
2514,16,1744,0,681,9,463,11
2514,16,1744,0,681,9,620,11
2514,16,1744,0,681,9,700,11
2514,16,1744,0,681,9,742,11
2514,16,1744,0,681,9,758,11
2514,16,1744,0,681,9,879,11
2514,16,1744,0,681,9,927,11
2514,16,1744,0,681,9,979,11
2514,16,1744,0,681,9,1003,11
2514,16,1744,0,681,9,1044,11
2514,16,1744,0,681,9,1068,11
2514,16,1744,0,681,9,1153,11
2514,16,1744,0,681,9,1186,11
2514,16,1744,0,681,9,1194,11
2514,16,1744,0,681,9,1259,11
2514,16,1744,0,681,9,1260,11
2514,16,1744,0,681,9,1312,11
2514,16,1744,0,681,9,1388,11
2514,16,1744,0,681,9,1391,11
2514,16,1744,0,681,9,1422,11
2514,16,1744,0,681,9,1556,11
2514,16,1744,0,681,9,1568,11
2514,16,1744,0,681,9,1599,11
2514,16,1744,0,681,9,1747,11
2514,16,1744,0,681,9,1773,11
2514,16,1744,0,681,9,1799,11
2514,16,1744,0,681,9,1818,11
2514,16,1744,0,681,9,1873,11
2514,16,1744,0,681,9,1940,11
2514,16,1744,0,681,9,1956,11
2514,16,1744,0,681,9,1997,11
2514,16,1744,0,681,9,2068,11
2514,16,1744,0,681,9,2079,11
2514,16,1744,0,681,9,2123,11
2514,16,1744,0,681,9,2196,11
2514,16,1744,0,681,9,2206,11
2514,16,1744,0,681,9,2216,11
2514,16,1744,0,681,9,2244,11
2514,16,1744,0,681,9,2259,11
2514,16,1744,0,681,9,2261,11
2514,16,1744,0,681,9,2289,11
2514,16,1744,0,681,9,2359,11
2514,16,1744,0,681,9,2370,11
2514,16,1744,0,681,9,2405,11
2514,16,1744,0,695,48,45,11
2514,16,1744,0,695,48,159,11
2514,16,1744,0,695,48,272,11
2514,16,1744,0,695,48,338,11
2514,16,1744,0,695,48,390,11
2514,16,1744,0,695,48,457,11
2514,16,1744,0,695,48,463,11
2514,16,1744,0,695,48,620,11
2514,16,1744,0,695,48,700,11
2514,16,1744,0,695,48,742,11
2514,16,1744,0,695,48,758,11
2514,16,1744,0,695,48,879,11
2514,16,1744,0,695,48,927,11
2514,16,1744,0,695,48,979,11
2514,16,1744,0,695,48,1003,11
2514,16,1744,0,695,48,1044,11
2514,16,1744,0,695,48,1068,11
2514,16,1744,0,695,48,1153,11
2514,16,1744,0,695,48,1186,11
2514,16,1744,0,695,48,1194,11
2514,16,1744,0,695,48,1259,11
2514,16,1744,0,695,48,1260,11
2514,16,1744,0,695,48,1312,11
2514,16,1744,0,695,48,1388,11
2514,16,1744,0,695,48,1391,11
2514,16,1744,0,695,48,1422,11
2514,16,1744,0,695,48,1556,11
2514,16,1744,0,695,48,1568,11
2514,16,1744,0,695,48,1599,11
2514,16,1744,0,695,48,1747,11
2514,16,1744,0,695,48,1773,11
2514,16,1744,0,695,48,1799,11
2514,16,1744,0,695,48,1818,11
2514,16,1744,0,695,48,1873,11
2514,16,1744,0,695,48,1940,11
2514,16,1744,0,695,48,1956,11
2514,16,1744,0,695,48,1997,11
2514,16,1744,0,695,48,2068,11
2514,16,1744,0,695,48,2079,11
2514,16,1744,0,695,48,2123,11
2514,16,1744,0,695,48,2196,11
2514,16,1744,0,695,48,2206,11
2514,16,1744,0,695,48,2216,11
2514,16,1744,0,695,48,2244,11
2514,16,1744,0,695,48,2259,11
2514,16,1744,0,695,48,2261,11
2514,16,1744,0,695,48,2289,11
2514,16,1744,0,695,48,2359,11
2514,16,1744,0,695,48,2370,11
2514,16,1744,0,695,48,2405,11
2514,16,1744,0,831,14,45,11
2514,16,1744,0,831,14,159,11
2514,16,1744,0,831,14,272,11
2514,16,1744,0,831,14,338,11
2514,16,1744,0,831,14,390,11
2514,16,1744,0,831,14,457,11
2514,16,1744,0,831,14,463,11
2514,16,1744,0,831,14,620,11
2514,16,1744,0,831,14,700,11
2514,16,1744,0,831,14,742,11
2514,16,1744,0,831,14,758,11
2514,16,1744,0,831,14,879,11
2514,16,1744,0,831,14,927,11
2514,16,1744,0,831,14,979,11
2514,16,1744,0,831,14,1003,11
2514,16,1744,0,831,14,1044,11
2514,16,1744,0,831,14,1068,11
2514,16,1744,0,831,14,1153,11
2514,16,1744,0,831,14,1186,11
2514,16,1744,0,831,14,1194,11
2514,16,1744,0,831,14,1259,11
2514,16,1744,0,831,14,1260,11
2514,16,1744,0,831,14,1312,11
2514,16,1744,0,831,14,1388,11
2514,16,1744,0,831,14,1391,11
2514,16,1744,0,831,14,1422,11
2514,16,1744,0,831,14,1556,11
2514,16,1744,0,831,14,1568,11
2514,16,1744,0,831,14,1599,11
2514,16,1744,0,831,14,1747,11
2514,16,1744,0,831,14,1773,11
2514,16,1744,0,831,14,1799,11
2514,16,1744,0,831,14,1818,11
2514,16,1744,0,831,14,1873,11
2514,16,1744,0,831,14,1940,11
2514,16,1744,0,831,14,1956,11
2514,16,1744,0,831,14,1997,11
2514,16,1744,0,831,14,2068,11
2514,16,1744,0,831,14,2079,11
2514,16,1744,0,831,14,2123,11
2514,16,1744,0,831,14,2196,11
2514,16,1744,0,831,14,2206,11
2514,16,1744,0,831,14,2216,11
2514,16,1744,0,831,14,2244,11
2514,16,1744,0,831,14,2259,11
2514,16,1744,0,831,14,2261,11
2514,16,1744,0,831,14,2289,11
2514,16,1744,0,831,14,2359,11
2514,16,1744,0,831,14,2370,11
2514,16,1744,0,831,14,2405,11
2514,16,1744,0,954,34,45,11
2514,16,1744,0,954,34,159,11
2514,16,1744,0,954,34,272,11
2514,16,1744,0,954,34,338,11
2514,16,1744,0,954,34,390,11
2514,16,1744,0,954,34,457,11
2514,16,1744,0,954,34,463,11
2514,16,1744,0,954,34,620,11
2514,16,1744,0,954,34,700,11
2514,16,1744,0,954,34,742,11
2514,16,1744,0,954,34,758,11
2514,16,1744,0,954,34,879,11
2514,16,1744,0,954,34,927,11
2514,16,1744,0,954,34,979,11
2514,16,1744,0,954,34,1003,11
2514,16,1744,0,954,34,1044,11
2514,16,1744,0,954,34,1068,11
2514,16,1744,0,954,34,1153,11
2514,16,1744,0,954,34,1186,11
2514,16,1744,0,954,34,1194,11
2514,16,1744,0,954,34,1259,11
2514,16,1744,0,954,34,1260,11
2514,16,1744,0,954,34,1312,11
2514,16,1744,0,954,34,1388,11
2514,16,1744,0,954,34,1391,11
2514,16,1744,0,954,34,1422,11
2514,16,1744,0,954,34,1556,11
2514,16,1744,0,954,34,1568,11
2514,16,1744,0,954,34,1599,11
2514,16,1744,0,954,34,1747,11
2514,16,1744,0,954,34,1773,11
2514,16,1744,0,954,34,1799,11
2514,16,1744,0,954,34,1818,11
2514,16,1744,0,954,34,1873,11
2514,16,1744,0,954,34,1940,11
2514,16,1744,0,954,34,1956,11
2514,16,1744,0,954,34,1997,11
2514,16,1744,0,954,34,2068,11
2514,16,1744,0,954,34,2079,11
2514,16,1744,0,954,34,2123,11
2514,16,1744,0,954,34,2196,11
2514,16,1744,0,954,34,2206,11
2514,16,1744,0,954,34,2216,11
2514,16,1744,0,954,34,2244,11
2514,16,1744,0,954,34,2259,11
2514,16,1744,0,954,34,2261,11
2514,16,1744,0,954,34,2289,11
2514,16,1744,0,954,34,2359,11
2514,16,1744,0,954,34,2370,11
2514,16,1744,0,954,34,2405,11
2514,16,1744,0,1141,47,45,11
2514,16,1744,0,1141,47,159,11
2514,16,1744,0,1141,47,272,11
2514,16,1744,0,1141,47,338,11
2514,16,1744,0,1141,47,390,11
2514,16,1744,0,1141,47,457,11
2514,16,1744,0,1141,47,463,11
2514,16,1744,0,1141,47,620,11
2514,16,1744,0,1141,47,700,11
2514,16,1744,0,1141,47,742,11
2514,16,1744,0,1141,47,758,11
2514,16,1744,0,1141,47,879,11
2514,16,1744,0,1141,47,927,11
2514,16,1744,0,1141,47,979,11
2514,16,1744,0,1141,47,1003,11
2514,16,1744,0,1141,47,1044,11
2514,16,1744,0,1141,47,1068,11
2514,16,1744,0,1141,47,1153,11
2514,16,1744,0,1141,47,1186,11
2514,16,1744,0,1141,47,1194,11
2514,16,1744,0,1141,47,1259,11
2514,16,1744,0,1141,47,1260,11
2514,16,1744,0,1141,47,1312,11
2514,16,1744,0,1141,47,1388,11
2514,16,1744,0,1141,47,1391,11
2514,16,1744,0,1141,47,1422,11
2514,16,1744,0,1141,47,1556,11
2514,16,1744,0,1141,47,1568,11
2514,16,1744,0,1141,47,1599,11
2514,16,1744,0,1141,47,1747,11
2514,16,1744,0,1141,47,1773,11
2514,16,1744,0,1141,47,1799,11
2514,16,1744,0,1141,47,1818,11
2514,16,1744,0,1141,47,1873,11
2514,16,1744,0,1141,47,1940,11
2514,16,1744,0,1141,47,1956,11
2514,16,1744,0,1141,47,1997,11
2514,16,1744,0,1141,47,2068,11
2514,16,1744,0,1141,47,2079,11
2514,16,1744,0,1141,47,2123,11
2514,16,1744,0,1141,47,2196,11
2514,16,1744,0,1141,47,2206,11
2514,16,1744,0,1141,47,2216,11
2514,16,1744,0,1141,47,2244,11
2514,16,1744,0,1141,47,2259,11
2514,16,1744,0,1141,47,2261,11
2514,16,1744,0,1141,47,2289,11
2514,16,1744,0,1141,47,2359,11
2514,16,1744,0,1141,47,2370,11
2514,16,1744,0,1141,47,2405,11
2514,16,1744,0,1156,33,45,11
2514,16,1744,0,1156,33,159,11
2514,16,1744,0,1156,33,272,11
2514,16,1744,0,1156,33,338,11
2514,16,1744,0,1156,33,390,11
2514,16,1744,0,1156,33,457,11
2514,16,1744,0,1156,33,463,11
2514,16,1744,0,1156,33,620,11
2514,16,1744,0,1156,33,700,11
2514,16,1744,0,1156,33,742,11
2514,16,1744,0,1156,33,758,11
2514,16,1744,0,1156,33,879,11
2514,16,1744,0,1156,33,927,11
2514,16,1744,0,1156,33,979,11
2514,16,1744,0,1156,33,1003,11
2514,16,1744,0,1156,33,1044,11
2514,16,1744,0,1156,33,1068,11
2514,16,1744,0,1156,33,1153,11
2514,16,1744,0,1156,33,1186,11
2514,16,1744,0,1156,33,1194,11
2514,16,1744,0,1156,33,1259,11
2514,16,1744,0,1156,33,1260,11
2514,16,1744,0,1156,33,1312,11
2514,16,1744,0,1156,33,1388,11
2514,16,1744,0,1156,33,1391,11
2514,16,1744,0,1156,33,1422,11
2514,16,1744,0,1156,33,1556,11
2514,16,1744,0,1156,33,1568,11
2514,16,1744,0,1156,33,1599,11
2514,16,1744,0,1156,33,1747,11
2514,16,1744,0,1156,33,1773,11
2514,16,1744,0,1156,33,1799,11
2514,16,1744,0,1156,33,1818,11
2514,16,1744,0,1156,33,1873,11
2514,16,1744,0,1156,33,1940,11
2514,16,1744,0,1156,33,1956,11
2514,16,1744,0,1156,33,1997,11
2514,16,1744,0,1156,33,2068,11
2514,16,1744,0,1156,33,2079,11
2514,16,1744,0,1156,33,2123,11
2514,16,1744,0,1156,33,2196,11
2514,16,1744,0,1156,33,2206,11
2514,16,1744,0,1156,33,2216,11
2514,16,1744,0,1156,33,2244,11
2514,16,1744,0,1156,33,2259,11
2514,16,1744,0,1156,33,2261,11
2514,16,1744,0,1156,33,2289,11
2514,16,1744,0,1156,33,2359,11
2514,16,1744,0,1156,33,2370,11
2514,16,1744,0,1156,33,2405,11
2514,16,1744,0,1417,49,45,11
2514,16,1744,0,1417,49,159,11
2514,16,1744,0,1417,49,272,11
2514,16,1744,0,1417,49,338,11
2514,16,1744,0,1417,49,390,11
2514,16,1744,0,1417,49,457,11
2514,16,1744,0,1417,49,463,11
2514,16,1744,0,1417,49,620,11
2514,16,1744,0,1417,49,700,11
2514,16,1744,0,1417,49,742,11
2514,16,1744,0,1417,49,758,11
2514,16,1744,0,1417,49,879,11
2514,16,1744,0,1417,49,927,11
2514,16,1744,0,1417,49,979,11
2514,16,1744,0,1417,49,1003,11
2514,16,1744,0,1417,49,1044,11
2514,16,1744,0,1417,49,1068,11
2514,16,1744,0,1417,49,1153,11
2514,16,1744,0,1417,49,1186,11
2514,16,1744,0,1417,49,1194,11
2514,16,1744,0,1417,49,1259,11
2514,16,1744,0,1417,49,1260,11
2514,16,1744,0,1417,49,1312,11
2514,16,1744,0,1417,49,1388,11
2514,16,1744,0,1417,49,1391,11
2514,16,1744,0,1417,49,1422,11
2514,16,1744,0,1417,49,1556,11
2514,16,1744,0,1417,49,1568,11
2514,16,1744,0,1417,49,1599,11
2514,16,1744,0,1417,49,1747,11
2514,16,1744,0,1417,49,1773,11
2514,16,1744,0,1417,49,1799,11
2514,16,1744,0,1417,49,1818,11
2514,16,1744,0,1417,49,1873,11
2514,16,1744,0,1417,49,1940,11
2514,16,1744,0,1417,49,1956,11
2514,16,1744,0,1417,49,1997,11
2514,16,1744,0,1417,49,2068,11
2514,16,1744,0,1417,49,2079,11
2514,16,1744,0,1417,49,2123,11
2514,16,1744,0,1417,49,2196,11
2514,16,1744,0,1417,49,2206,11
2514,16,1744,0,1417,49,2216,11
2514,16,1744,0,1417,49,2244,11
2514,16,1744,0,1417,49,2259,11
2514,16,1744,0,1417,49,2261,11
2514,16,1744,0,1417,49,2289,11
2514,16,1744,0,1417,49,2359,11
2514,16,1744,0,1417,49,2370,11
2514,16,1744,0,1417,49,2405,11
2514,16,1744,0,1846,27,45,11
2514,16,1744,0,1846,27,159,11
2514,16,1744,0,1846,27,272,11
2514,16,1744,0,1846,27,338,11
2514,16,1744,0,1846,27,390,11
2514,16,1744,0,1846,27,457,11
2514,16,1744,0,1846,27,463,11
2514,16,1744,0,1846,27,620,11
2514,16,1744,0,1846,27,700,11
2514,16,1744,0,1846,27,742,11
2514,16,1744,0,1846,27,758,11
2514,16,1744,0,1846,27,879,11
2514,16,1744,0,1846,27,927,11
2514,16,1744,0,1846,27,979,11
2514,16,1744,0,1846,27,1003,11
2514,16,1744,0,1846,27,1044,11
2514,16,1744,0,1846,27,1068,11
2514,16,1744,0,1846,27,1153,11
2514,16,1744,0,1846,27,1186,11
2514,16,1744,0,1846,27,1194,11
2514,16,1744,0,1846,27,1259,11
2514,16,1744,0,1846,27,1260,11
2514,16,1744,0,1846,27,1312,11
2514,16,1744,0,1846,27,1388,11
2514,16,1744,0,1846,27,1391,11
2514,16,1744,0,1846,27,1422,11
2514,16,1744,0,1846,27,1556,11
2514,16,1744,0,1846,27,1568,11
2514,16,1744,0,1846,27,1599,11
2514,16,1744,0,1846,27,1747,11
2514,16,1744,0,1846,27,1773,11
2514,16,1744,0,1846,27,1799,11
2514,16,1744,0,1846,27,1818,11
2514,16,1744,0,1846,27,1873,11
2514,16,1744,0,1846,27,1940,11
2514,16,1744,0,1846,27,1956,11
2514,16,1744,0,1846,27,1997,11
2514,16,1744,0,1846,27,2068,11
2514,16,1744,0,1846,27,2079,11
2514,16,1744,0,1846,27,2123,11
2514,16,1744,0,1846,27,2196,11
2514,16,1744,0,1846,27,2206,11
2514,16,1744,0,1846,27,2216,11
2514,16,1744,0,1846,27,2244,11
2514,16,1744,0,1846,27,2259,11
2514,16,1744,0,1846,27,2261,11
2514,16,1744,0,1846,27,2289,11
2514,16,1744,0,1846,27,2359,11
2514,16,1744,0,1846,27,2370,11
2514,16,1744,0,1846,27,2405,11
2514,16,1744,0,1883,32,45,11
2514,16,1744,0,1883,32,159,11
2514,16,1744,0,1883,32,272,11
2514,16,1744,0,1883,32,338,11
2514,16,1744,0,1883,32,390,11
2514,16,1744,0,1883,32,457,11
2514,16,1744,0,1883,32,463,11
2514,16,1744,0,1883,32,620,11
2514,16,1744,0,1883,32,700,11
2514,16,1744,0,1883,32,742,11
2514,16,1744,0,1883,32,758,11
2514,16,1744,0,1883,32,879,11
2514,16,1744,0,1883,32,927,11
2514,16,1744,0,1883,32,979,11
2514,16,1744,0,1883,32,1003,11
2514,16,1744,0,1883,32,1044,11
2514,16,1744,0,1883,32,1068,11
2514,16,1744,0,1883,32,1153,11
2514,16,1744,0,1883,32,1186,11
2514,16,1744,0,1883,32,1194,11
2514,16,1744,0,1883,32,1259,11
2514,16,1744,0,1883,32,1260,11
2514,16,1744,0,1883,32,1312,11
2514,16,1744,0,1883,32,1388,11
2514,16,1744,0,1883,32,1391,11
2514,16,1744,0,1883,32,1422,11
2514,16,1744,0,1883,32,1556,11
2514,16,1744,0,1883,32,1568,11
2514,16,1744,0,1883,32,1599,11
2514,16,1744,0,1883,32,1747,11
2514,16,1744,0,1883,32,1773,11
2514,16,1744,0,1883,32,1799,11
2514,16,1744,0,1883,32,1818,11
2514,16,1744,0,1883,32,1873,11
2514,16,1744,0,1883,32,1940,11
2514,16,1744,0,1883,32,1956,11
2514,16,1744,0,1883,32,1997,11
2514,16,1744,0,1883,32,2068,11
2514,16,1744,0,1883,32,2079,11
2514,16,1744,0,1883,32,2123,11
2514,16,1744,0,1883,32,2196,11
2514,16,1744,0,1883,32,2206,11
2514,16,1744,0,1883,32,2216,11
2514,16,1744,0,1883,32,2244,11
2514,16,1744,0,1883,32,2259,11
2514,16,1744,0,1883,32,2261,11
2514,16,1744,0,1883,32,2289,11
2514,16,1744,0,1883,32,2359,11
2514,16,1744,0,1883,32,2370,11
2514,16,1744,0,1883,32,2405,11
