2514,16,250,39,218,13,45,11
2514,16,250,39,218,13,159,11
2514,16,250,39,218,13,272,11
2514,16,250,39,218,13,338,11
2514,16,250,39,218,13,390,11
2514,16,250,39,218,13,457,11
2514,16,250,39,218,13,463,11
2514,16,250,39,218,13,620,11
2514,16,250,39,218,13,700,11
2514,16,250,39,218,13,742,11
2514,16,250,39,218,13,758,11
2514,16,250,39,218,13,879,11
2514,16,250,39,218,13,927,11
2514,16,250,39,218,13,979,11
2514,16,250,39,218,13,1003,11
2514,16,250,39,218,13,1044,11
2514,16,250,39,218,13,1068,11
2514,16,250,39,218,13,1153,11
2514,16,250,39,218,13,1186,11
2514,16,250,39,218,13,1194,11
2514,16,250,39,218,13,1259,11
2514,16,250,39,218,13,1260,11
2514,16,250,39,218,13,1312,11
2514,16,250,39,218,13,1388,11
2514,16,250,39,218,13,1391,11
2514,16,250,39,218,13,1422,11
2514,16,250,39,218,13,1556,11
2514,16,250,39,218,13,1568,11
2514,16,250,39,218,13,1599,11
2514,16,250,39,218,13,1747,11
2514,16,250,39,218,13,1773,11
2514,16,250,39,218,13,1799,11
2514,16,250,39,218,13,1818,11
2514,16,250,39,218,13,1873,11
2514,16,250,39,218,13,1940,11
2514,16,250,39,218,13,1956,11
2514,16,250,39,218,13,1997,11
2514,16,250,39,218,13,2068,11
2514,16,250,39,218,13,2079,11
2514,16,250,39,218,13,2123,11
2514,16,250,39,218,13,2196,11
2514,16,250,39,218,13,2206,11
2514,16,250,39,218,13,2216,11
2514,16,250,39,218,13,2244,11
2514,16,250,39,218,13,2259,11
2514,16,250,39,218,13,2261,11
2514,16,250,39,218,13,2289,11
2514,16,250,39,218,13,2359,11
2514,16,250,39,218,13,2370,11
2514,16,250,39,218,13,2405,11
2514,16,250,39,382,50,45,11
2514,16,250,39,382,50,159,11
2514,16,250,39,382,50,272,11
2514,16,250,39,382,50,338,11
2514,16,250,39,382,50,390,11
2514,16,250,39,382,50,457,11
2514,16,250,39,382,50,463,11
2514,16,250,39,382,50,620,11
2514,16,250,39,382,50,700,11
2514,16,250,39,382,50,742,11
2514,16,250,39,382,50,758,11
2514,16,250,39,382,50,879,11
2514,16,250,39,382,50,927,11
2514,16,250,39,382,50,979,11
2514,16,250,39,382,50,1003,11
2514,16,250,39,382,50,1044,11
2514,16,250,39,382,50,1068,11
2514,16,250,39,382,50,1153,11
2514,16,250,39,382,50,1186,11
2514,16,250,39,382,50,1194,11
2514,16,250,39,382,50,1259,11
2514,16,250,39,382,50,1260,11
2514,16,250,39,382,50,1312,11
2514,16,250,39,382,50,1388,11
2514,16,250,39,382,50,1391,11
2514,16,250,39,382,50,1422,11
2514,16,250,39,382,50,1556,11
2514,16,250,39,382,50,1568,11
2514,16,250,39,382,50,1599,11
2514,16,250,39,382,50,1747,11
2514,16,250,39,382,50,1773,11
2514,16,250,39,382,50,1799,11
2514,16,250,39,382,50,1818,11
2514,16,250,39,382,50,1873,11
2514,16,250,39,382,50,1940,11
2514,16,250,39,382,50,1956,11
2514,16,250,39,382,50,1997,11
2514,16,250,39,382,50,2068,11
2514,16,250,39,382,50,2079,11
2514,16,250,39,382,50,2123,11
2514,16,250,39,382,50,2196,11
2514,16,250,39,382,50,2206,11
2514,16,250,39,382,50,2216,11
2514,16,250,39,382,50,2244,11
2514,16,250,39,382,50,2259,11
2514,16,250,39,382,50,2261,11
2514,16,250,39,382,50,2289,11
2514,16,250,39,382,50,2359,11
2514,16,250,39,382,50,2370,11
2514,16,250,39,382,50,2405,11
2514,16,250,39,727,14,45,11
2514,16,250,39,727,14,159,11
2514,16,250,39,727,14,272,11
2514,16,250,39,727,14,338,11
2514,16,250,39,727,14,390,11
2514,16,250,39,727,14,457,11
2514,16,250,39,727,14,463,11
2514,16,250,39,727,14,620,11
2514,16,250,39,727,14,700,11
2514,16,250,39,727,14,742,11
2514,16,250,39,727,14,758,11
2514,16,250,39,727,14,879,11
2514,16,250,39,727,14,927,11
2514,16,250,39,727,14,979,11
2514,16,250,39,727,14,1003,11
2514,16,250,39,727,14,1044,11
2514,16,250,39,727,14,1068,11
2514,16,250,39,727,14,1153,11
2514,16,250,39,727,14,1186,11
2514,16,250,39,727,14,1194,11
2514,16,250,39,727,14,1259,11
2514,16,250,39,727,14,1260,11
2514,16,250,39,727,14,1312,11
2514,16,250,39,727,14,1388,11
2514,16,250,39,727,14,1391,11
2514,16,250,39,727,14,1422,11
2514,16,250,39,727,14,1556,11
2514,16,250,39,727,14,1568,11
2514,16,250,39,727,14,1599,11
2514,16,250,39,727,14,1747,11
2514,16,250,39,727,14,1773,11
2514,16,250,39,727,14,1799,11
2514,16,250,39,727,14,1818,11
2514,16,250,39,727,14,1873,11
2514,16,250,39,727,14,1940,11
2514,16,250,39,727,14,1956,11
2514,16,250,39,727,14,1997,11
2514,16,250,39,727,14,2068,11
2514,16,250,39,727,14,2079,11
2514,16,250,39,727,14,2123,11
2514,16,250,39,727,14,2196,11
2514,16,250,39,727,14,2206,11
2514,16,250,39,727,14,2216,11
2514,16,250,39,727,14,2244,11
2514,16,250,39,727,14,2259,11
2514,16,250,39,727,14,2261,11
2514,16,250,39,727,14,2289,11
2514,16,250,39,727,14,2359,11
2514,16,250,39,727,14,2370,11
2514,16,250,39,727,14,2405,11
2514,16,250,39,814,18,45,11
2514,16,250,39,814,18,159,11
2514,16,250,39,814,18,272,11
2514,16,250,39,814,18,338,11
2514,16,250,39,814,18,390,11
2514,16,250,39,814,18,457,11
2514,16,250,39,814,18,463,11
2514,16,250,39,814,18,620,11
2514,16,250,39,814,18,700,11
2514,16,250,39,814,18,742,11
2514,16,250,39,814,18,758,11
2514,16,250,39,814,18,879,11
2514,16,250,39,814,18,927,11
2514,16,250,39,814,18,979,11
2514,16,250,39,814,18,1003,11
2514,16,250,39,814,18,1044,11
2514,16,250,39,814,18,1068,11
2514,16,250,39,814,18,1153,11
2514,16,250,39,814,18,1186,11
2514,16,250,39,814,18,1194,11
2514,16,250,39,814,18,1259,11
2514,16,250,39,814,18,1260,11
2514,16,250,39,814,18,1312,11
2514,16,250,39,814,18,1388,11
2514,16,250,39,814,18,1391,11
2514,16,250,39,814,18,1422,11
2514,16,250,39,814,18,1556,11
2514,16,250,39,814,18,1568,11
2514,16,250,39,814,18,1599,11
2514,16,250,39,814,18,1747,11
2514,16,250,39,814,18,1773,11
2514,16,250,39,814,18,1799,11
2514,16,250,39,814,18,1818,11
2514,16,250,39,814,18,1873,11
2514,16,250,39,814,18,1940,11
2514,16,250,39,814,18,1956,11
2514,16,250,39,814,18,1997,11
2514,16,250,39,814,18,2068,11
2514,16,250,39,814,18,2079,11
2514,16,250,39,814,18,2123,11
2514,16,250,39,814,18,2196,11
2514,16,250,39,814,18,2206,11
2514,16,250,39,814,18,2216,11
2514,16,250,39,814,18,2244,11
2514,16,250,39,814,18,2259,11
2514,16,250,39,814,18,2261,11
2514,16,250,39,814,18,2289,11
2514,16,250,39,814,18,2359,11
2514,16,250,39,814,18,2370,11
2514,16,250,39,814,18,2405,11
2514,16,250,39,816,24,45,11
2514,16,250,39,816,24,159,11
2514,16,250,39,816,24,272,11
2514,16,250,39,816,24,338,11
2514,16,250,39,816,24,390,11
2514,16,250,39,816,24,457,11
2514,16,250,39,816,24,463,11
2514,16,250,39,816,24,620,11
2514,16,250,39,816,24,700,11
2514,16,250,39,816,24,742,11
2514,16,250,39,816,24,758,11
2514,16,250,39,816,24,879,11
2514,16,250,39,816,24,927,11
2514,16,250,39,816,24,979,11
2514,16,250,39,816,24,1003,11
2514,16,250,39,816,24,1044,11
2514,16,250,39,816,24,1068,11
2514,16,250,39,816,24,1153,11
2514,16,250,39,816,24,1186,11
2514,16,250,39,816,24,1194,11
2514,16,250,39,816,24,1259,11
2514,16,250,39,816,24,1260,11
2514,16,250,39,816,24,1312,11
2514,16,250,39,816,24,1388,11
2514,16,250,39,816,24,1391,11
2514,16,250,39,816,24,1422,11
2514,16,250,39,816,24,1556,11
2514,16,250,39,816,24,1568,11
2514,16,250,39,816,24,1599,11
2514,16,250,39,816,24,1747,11
2514,16,250,39,816,24,1773,11
2514,16,250,39,816,24,1799,11
2514,16,250,39,816,24,1818,11
2514,16,250,39,816,24,1873,11
2514,16,250,39,816,24,1940,11
2514,16,250,39,816,24,1956,11
2514,16,250,39,816,24,1997,11
2514,16,250,39,816,24,2068,11
2514,16,250,39,816,24,2079,11
2514,16,250,39,816,24,2123,11
2514,16,250,39,816,24,2196,11
2514,16,250,39,816,24,2206,11
2514,16,250,39,816,24,2216,11
2514,16,250,39,816,24,2244,11
2514,16,250,39,816,24,2259,11
2514,16,250,39,816,24,2261,11
2514,16,250,39,816,24,2289,11
2514,16,250,39,816,24,2359,11
2514,16,250,39,816,24,2370,11
2514,16,250,39,816,24,2405,11
2514,16,250,39,843,11,45,11
2514,16,250,39,843,11,159,11
2514,16,250,39,843,11,272,11
2514,16,250,39,843,11,338,11
2514,16,250,39,843,11,390,11
2514,16,250,39,843,11,457,11
2514,16,250,39,843,11,463,11
2514,16,250,39,843,11,620,11
2514,16,250,39,843,11,700,11
2514,16,250,39,843,11,742,11
2514,16,250,39,843,11,758,11
2514,16,250,39,843,11,879,11
2514,16,250,39,843,11,927,11
2514,16,250,39,843,11,979,11
2514,16,250,39,843,11,1003,11
2514,16,250,39,843,11,1044,11
2514,16,250,39,843,11,1068,11
2514,16,250,39,843,11,1153,11
2514,16,250,39,843,11,1186,11
2514,16,250,39,843,11,1194,11
2514,16,250,39,843,11,1259,11
2514,16,250,39,843,11,1260,11
2514,16,250,39,843,11,1312,11
2514,16,250,39,843,11,1388,11
2514,16,250,39,843,11,1391,11
2514,16,250,39,843,11,1422,11
2514,16,250,39,843,11,1556,11
2514,16,250,39,843,11,1568,11
2514,16,250,39,843,11,1599,11
2514,16,250,39,843,11,1747,11
2514,16,250,39,843,11,1773,11
2514,16,250,39,843,11,1799,11
2514,16,250,39,843,11,1818,11
2514,16,250,39,843,11,1873,11
2514,16,250,39,843,11,1940,11
2514,16,250,39,843,11,1956,11
2514,16,250,39,843,11,1997,11
2514,16,250,39,843,11,2068,11
2514,16,250,39,843,11,2079,11
2514,16,250,39,843,11,2123,11
2514,16,250,39,843,11,2196,11
2514,16,250,39,843,11,2206,11
2514,16,250,39,843,11,2216,11
2514,16,250,39,843,11,2244,11
2514,16,250,39,843,11,2259,11
2514,16,250,39,843,11,2261,11
2514,16,250,39,843,11,2289,11
2514,16,250,39,843,11,2359,11
2514,16,250,39,843,11,2370,11
2514,16,250,39,843,11,2405,11
2514,16,250,39,928,25,45,11
2514,16,250,39,928,25,159,11
2514,16,250,39,928,25,272,11
2514,16,250,39,928,25,338,11
2514,16,250,39,928,25,390,11
2514,16,250,39,928,25,457,11
2514,16,250,39,928,25,463,11
2514,16,250,39,928,25,620,11
2514,16,250,39,928,25,700,11
2514,16,250,39,928,25,742,11
2514,16,250,39,928,25,758,11
2514,16,250,39,928,25,879,11
2514,16,250,39,928,25,927,11
2514,16,250,39,928,25,979,11
2514,16,250,39,928,25,1003,11
2514,16,250,39,928,25,1044,11
2514,16,250,39,928,25,1068,11
2514,16,250,39,928,25,1153,11
2514,16,250,39,928,25,1186,11
2514,16,250,39,928,25,1194,11
2514,16,250,39,928,25,1259,11
2514,16,250,39,928,25,1260,11
2514,16,250,39,928,25,1312,11
2514,16,250,39,928,25,1388,11
2514,16,250,39,928,25,1391,11
2514,16,250,39,928,25,1422,11
2514,16,250,39,928,25,1556,11
2514,16,250,39,928,25,1568,11
2514,16,250,39,928,25,1599,11
2514,16,250,39,928,25,1747,11
2514,16,250,39,928,25,1773,11
2514,16,250,39,928,25,1799,11
2514,16,250,39,928,25,1818,11
2514,16,250,39,928,25,1873,11
2514,16,250,39,928,25,1940,11
2514,16,250,39,928,25,1956,11
2514,16,250,39,928,25,1997,11
2514,16,250,39,928,25,2068,11
2514,16,250,39,928,25,2079,11
2514,16,250,39,928,25,2123,11
2514,16,250,39,928,25,2196,11
2514,16,250,39,928,25,2206,11
2514,16,250,39,928,25,2216,11
2514,16,250,39,928,25,2244,11
2514,16,250,39,928,25,2259,11
2514,16,250,39,928,25,2261,11
2514,16,250,39,928,25,2289,11
2514,16,250,39,928,25,2359,11
2514,16,250,39,928,25,2370,11
2514,16,250,39,928,25,2405,11
2514,16,250,39,1061,26,45,11
2514,16,250,39,1061,26,159,11
2514,16,250,39,1061,26,272,11
2514,16,250,39,1061,26,338,11
2514,16,250,39,1061,26,390,11
2514,16,250,39,1061,26,457,11
2514,16,250,39,1061,26,463,11
2514,16,250,39,1061,26,620,11
2514,16,250,39,1061,26,700,11
2514,16,250,39,1061,26,742,11
2514,16,250,39,1061,26,758,11
2514,16,250,39,1061,26,879,11
2514,16,250,39,1061,26,927,11
2514,16,250,39,1061,26,979,11
2514,16,250,39,1061,26,1003,11
2514,16,250,39,1061,26,1044,11
2514,16,250,39,1061,26,1068,11
2514,16,250,39,1061,26,1153,11
2514,16,250,39,1061,26,1186,11
2514,16,250,39,1061,26,1194,11
2514,16,250,39,1061,26,1259,11
2514,16,250,39,1061,26,1260,11
2514,16,250,39,1061,26,1312,11
2514,16,250,39,1061,26,1388,11
2514,16,250,39,1061,26,1391,11
2514,16,250,39,1061,26,1422,11
2514,16,250,39,1061,26,1556,11
2514,16,250,39,1061,26,1568,11
2514,16,250,39,1061,26,1599,11
2514,16,250,39,1061,26,1747,11
2514,16,250,39,1061,26,1773,11
2514,16,250,39,1061,26,1799,11
2514,16,250,39,1061,26,1818,11
2514,16,250,39,1061,26,1873,11
2514,16,250,39,1061,26,1940,11
2514,16,250,39,1061,26,1956,11
2514,16,250,39,1061,26,1997,11
2514,16,250,39,1061,26,2068,11
2514,16,250,39,1061,26,2079,11
2514,16,250,39,1061,26,2123,11
2514,16,250,39,1061,26,2196,11
2514,16,250,39,1061,26,2206,11
2514,16,250,39,1061,26,2216,11
2514,16,250,39,1061,26,2244,11
2514,16,250,39,1061,26,2259,11
2514,16,250,39,1061,26,2261,11
2514,16,250,39,1061,26,2289,11
2514,16,250,39,1061,26,2359,11
2514,16,250,39,1061,26,2370,11
2514,16,250,39,1061,26,2405,11
2514,16,250,39,1364,49,45,11
2514,16,250,39,1364,49,159,11
2514,16,250,39,1364,49,272,11
2514,16,250,39,1364,49,338,11
2514,16,250,39,1364,49,390,11
2514,16,250,39,1364,49,457,11
2514,16,250,39,1364,49,463,11
2514,16,250,39,1364,49,620,11
2514,16,250,39,1364,49,700,11
2514,16,250,39,1364,49,742,11
2514,16,250,39,1364,49,758,11
2514,16,250,39,1364,49,879,11
2514,16,250,39,1364,49,927,11
2514,16,250,39,1364,49,979,11
2514,16,250,39,1364,49,1003,11
2514,16,250,39,1364,49,1044,11
2514,16,250,39,1364,49,1068,11
2514,16,250,39,1364,49,1153,11
2514,16,250,39,1364,49,1186,11
2514,16,250,39,1364,49,1194,11
2514,16,250,39,1364,49,1259,11
2514,16,250,39,1364,49,1260,11
2514,16,250,39,1364,49,1312,11
2514,16,250,39,1364,49,1388,11
2514,16,250,39,1364,49,1391,11
2514,16,250,39,1364,49,1422,11
2514,16,250,39,1364,49,1556,11
2514,16,250,39,1364,49,1568,11
2514,16,250,39,1364,49,1599,11
2514,16,250,39,1364,49,1747,11
2514,16,250,39,1364,49,1773,11
2514,16,250,39,1364,49,1799,11
2514,16,250,39,1364,49,1818,11
2514,16,250,39,1364,49,1873,11
2514,16,250,39,1364,49,1940,11
2514,16,250,39,1364,49,1956,11
2514,16,250,39,1364,49,1997,11
2514,16,250,39,1364,49,2068,11
2514,16,250,39,1364,49,2079,11
2514,16,250,39,1364,49,2123,11
2514,16,250,39,1364,49,2196,11
2514,16,250,39,1364,49,2206,11
2514,16,250,39,1364,49,2216,11
2514,16,250,39,1364,49,2244,11
2514,16,250,39,1364,49,2259,11
2514,16,250,39,1364,49,2261,11
2514,16,250,39,1364,49,2289,11
2514,16,250,39,1364,49,2359,11
2514,16,250,39,1364,49,2370,11
2514,16,250,39,1364,49,2405,11
2514,16,250,39,1438,24,45,11
2514,16,250,39,1438,24,159,11
2514,16,250,39,1438,24,272,11
2514,16,250,39,1438,24,338,11
2514,16,250,39,1438,24,390,11
2514,16,250,39,1438,24,457,11
2514,16,250,39,1438,24,463,11
2514,16,250,39,1438,24,620,11
2514,16,250,39,1438,24,700,11
2514,16,250,39,1438,24,742,11
2514,16,250,39,1438,24,758,11
2514,16,250,39,1438,24,879,11
2514,16,250,39,1438,24,927,11
2514,16,250,39,1438,24,979,11
2514,16,250,39,1438,24,1003,11
2514,16,250,39,1438,24,1044,11
2514,16,250,39,1438,24,1068,11
2514,16,250,39,1438,24,1153,11
2514,16,250,39,1438,24,1186,11
2514,16,250,39,1438,24,1194,11
2514,16,250,39,1438,24,1259,11
2514,16,250,39,1438,24,1260,11
2514,16,250,39,1438,24,1312,11
2514,16,250,39,1438,24,1388,11
2514,16,250,39,1438,24,1391,11
2514,16,250,39,1438,24,1422,11
2514,16,250,39,1438,24,1556,11
2514,16,250,39,1438,24,1568,11
2514,16,250,39,1438,24,1599,11
2514,16,250,39,1438,24,1747,11
2514,16,250,39,1438,24,1773,11
2514,16,250,39,1438,24,1799,11
2514,16,250,39,1438,24,1818,11
2514,16,250,39,1438,24,1873,11
2514,16,250,39,1438,24,1940,11
2514,16,250,39,1438,24,1956,11
2514,16,250,39,1438,24,1997,11
2514,16,250,39,1438,24,2068,11
2514,16,250,39,1438,24,2079,11
2514,16,250,39,1438,24,2123,11
2514,16,250,39,1438,24,2196,11
2514,16,250,39,1438,24,2206,11
2514,16,250,39,1438,24,2216,11
2514,16,250,39,1438,24,2244,11
2514,16,250,39,1438,24,2259,11
2514,16,250,39,1438,24,2261,11
2514,16,250,39,1438,24,2289,11
2514,16,250,39,1438,24,2359,11
2514,16,250,39,1438,24,2370,11
2514,16,250,39,1438,24,2405,11
2514,16,250,39,1543,16,45,11
2514,16,250,39,1543,16,159,11
2514,16,250,39,1543,16,272,11
2514,16,250,39,1543,16,338,11
2514,16,250,39,1543,16,390,11
2514,16,250,39,1543,16,457,11
2514,16,250,39,1543,16,463,11
2514,16,250,39,1543,16,620,11
2514,16,250,39,1543,16,700,11
2514,16,250,39,1543,16,742,11
2514,16,250,39,1543,16,758,11
2514,16,250,39,1543,16,879,11
2514,16,250,39,1543,16,927,11
2514,16,250,39,1543,16,979,11
2514,16,250,39,1543,16,1003,11
2514,16,250,39,1543,16,1044,11
2514,16,250,39,1543,16,1068,11
2514,16,250,39,1543,16,1153,11
2514,16,250,39,1543,16,1186,11
2514,16,250,39,1543,16,1194,11
2514,16,250,39,1543,16,1259,11
2514,16,250,39,1543,16,1260,11
2514,16,250,39,1543,16,1312,11
2514,16,250,39,1543,16,1388,11
2514,16,250,39,1543,16,1391,11
2514,16,250,39,1543,16,1422,11
2514,16,250,39,1543,16,1556,11
2514,16,250,39,1543,16,1568,11
2514,16,250,39,1543,16,1599,11
2514,16,250,39,1543,16,1747,11
2514,16,250,39,1543,16,1773,11
2514,16,250,39,1543,16,1799,11
2514,16,250,39,1543,16,1818,11
2514,16,250,39,1543,16,1873,11
2514,16,250,39,1543,16,1940,11
2514,16,250,39,1543,16,1956,11
2514,16,250,39,1543,16,1997,11
2514,16,250,39,1543,16,2068,11
2514,16,250,39,1543,16,2079,11
2514,16,250,39,1543,16,2123,11
2514,16,250,39,1543,16,2196,11
2514,16,250,39,1543,16,2206,11
2514,16,250,39,1543,16,2216,11
2514,16,250,39,1543,16,2244,11
2514,16,250,39,1543,16,2259,11
2514,16,250,39,1543,16,2261,11
2514,16,250,39,1543,16,2289,11
2514,16,250,39,1543,16,2359,11
2514,16,250,39,1543,16,2370,11
2514,16,250,39,1543,16,2405,11
2514,16,250,39,1756,21,45,11
2514,16,250,39,1756,21,159,11
2514,16,250,39,1756,21,272,11
2514,16,250,39,1756,21,338,11
2514,16,250,39,1756,21,390,11
2514,16,250,39,1756,21,463,11
2514,16,250,39,1756,21,620,11
2514,16,250,39,1756,21,742,11
2514,16,250,39,1756,21,758,11
2514,16,250,39,1756,21,879,11
2514,16,250,39,1756,21,979,11
2514,16,250,39,1756,21,1044,11
2514,16,250,39,1756,21,1068,11
2514,16,250,39,1756,21,1186,11
2514,16,250,39,1756,21,1259,11
2514,16,250,39,1756,21,1260,11
2514,16,250,39,1756,21,1312,11
2514,16,250,39,1756,21,1388,11
2514,16,250,39,1756,21,1391,11
2514,16,250,39,1756,21,1422,11
2514,16,250,39,1756,21,1556,11
2514,16,250,39,1756,21,1747,11
2514,16,250,39,1756,21,1773,11
2514,16,250,39,1756,21,1799,11
2514,16,250,39,1756,21,1873,11
2514,16,250,39,1756,21,1956,11
2514,16,250,39,1756,21,1997,11
2514,16,250,39,1756,21,2068,11
2514,16,250,39,1756,21,2079,11
2514,16,250,39,1756,21,2123,11
2514,16,250,39,1756,21,2196,11
2514,16,250,39,1756,21,2206,11
2514,16,250,39,1756,21,2216,11
2514,16,250,39,1756,21,2244,11
2514,16,250,39,1756,21,2259,11
2514,16,250,39,1756,21,2261,11
2514,16,250,39,1756,21,2289,11
2514,16,250,39,1756,21,2359,11
2514,16,250,39,1756,21,2370,11
2514,16,250,39,1756,21,2405,11
2514,16,250,39,1968,30,45,11
2514,16,250,39,1968,30,159,11
2514,16,250,39,1968,30,272,11
2514,16,250,39,1968,30,338,11
2514,16,250,39,1968,30,390,11
2514,16,250,39,1968,30,457,11
2514,16,250,39,1968,30,463,11
2514,16,250,39,1968,30,620,11
2514,16,250,39,1968,30,700,11
2514,16,250,39,1968,30,742,11
2514,16,250,39,1968,30,758,11
2514,16,250,39,1968,30,879,11
2514,16,250,39,1968,30,927,11
2514,16,250,39,1968,30,979,11
2514,16,250,39,1968,30,1003,11
2514,16,250,39,1968,30,1044,11
2514,16,250,39,1968,30,1068,11
2514,16,250,39,1968,30,1153,11
2514,16,250,39,1968,30,1186,11
2514,16,250,39,1968,30,1194,11
2514,16,250,39,1968,30,1259,11
2514,16,250,39,1968,30,1260,11
2514,16,250,39,1968,30,1312,11
2514,16,250,39,1968,30,1388,11
2514,16,250,39,1968,30,1391,11
2514,16,250,39,1968,30,1422,11
2514,16,250,39,1968,30,1556,11
2514,16,250,39,1968,30,1568,11
2514,16,250,39,1968,30,1599,11
2514,16,250,39,1968,30,1747,11
2514,16,250,39,1968,30,1773,11
2514,16,250,39,1968,30,1799,11
2514,16,250,39,1968,30,1818,11
2514,16,250,39,1968,30,1873,11
2514,16,250,39,1968,30,1940,11
2514,16,250,39,1968,30,1956,11
2514,16,250,39,1968,30,1997,11
2514,16,250,39,1968,30,2068,11
2514,16,250,39,1968,30,2079,11
2514,16,250,39,1968,30,2123,11
2514,16,250,39,1968,30,2196,11
2514,16,250,39,1968,30,2206,11
2514,16,250,39,1968,30,2216,11
2514,16,250,39,1968,30,2244,11
2514,16,250,39,1968,30,2259,11
2514,16,250,39,1968,30,2261,11
2514,16,250,39,1968,30,2289,11
2514,16,250,39,1968,30,2359,11
2514,16,250,39,1968,30,2370,11
2514,16,250,39,1968,30,2405,11
