2514,16,1365,12,61,16,45,11
2514,16,1365,12,61,16,159,11
2514,16,1365,12,61,16,272,11
2514,16,1365,12,61,16,338,11
2514,16,1365,12,61,16,390,11
2514,16,1365,12,61,16,457,11
2514,16,1365,12,61,16,463,11
2514,16,1365,12,61,16,620,11
2514,16,1365,12,61,16,700,11
2514,16,1365,12,61,16,742,11
2514,16,1365,12,61,16,758,11
2514,16,1365,12,61,16,879,11
2514,16,1365,12,61,16,927,11
2514,16,1365,12,61,16,979,11
2514,16,1365,12,61,16,1003,11
2514,16,1365,12,61,16,1044,11
2514,16,1365,12,61,16,1068,11
2514,16,1365,12,61,16,1153,11
2514,16,1365,12,61,16,1186,11
2514,16,1365,12,61,16,1194,11
2514,16,1365,12,61,16,1259,11
2514,16,1365,12,61,16,1260,11
2514,16,1365,12,61,16,1312,11
2514,16,1365,12,61,16,1388,11
2514,16,1365,12,61,16,1391,11
2514,16,1365,12,61,16,1422,11
2514,16,1365,12,61,16,1556,11
2514,16,1365,12,61,16,1568,11
2514,16,1365,12,61,16,1599,11
2514,16,1365,12,61,16,1747,11
2514,16,1365,12,61,16,1773,11
2514,16,1365,12,61,16,1799,11
2514,16,1365,12,61,16,1818,11
2514,16,1365,12,61,16,1873,11
2514,16,1365,12,61,16,1940,11
2514,16,1365,12,61,16,1956,11
2514,16,1365,12,61,16,1997,11
2514,16,1365,12,61,16,2068,11
2514,16,1365,12,61,16,2079,11
2514,16,1365,12,61,16,2123,11
2514,16,1365,12,61,16,2196,11
2514,16,1365,12,61,16,2206,11
2514,16,1365,12,61,16,2216,11
2514,16,1365,12,61,16,2244,11
2514,16,1365,12,61,16,2259,11
2514,16,1365,12,61,16,2261,11
2514,16,1365,12,61,16,2289,11
2514,16,1365,12,61,16,2359,11
2514,16,1365,12,61,16,2370,11
2514,16,1365,12,61,16,2405,11
2514,16,1365,12,130,18,159,11
2514,16,1365,12,130,18,272,11
2514,16,1365,12,130,18,338,11
2514,16,1365,12,130,18,457,11
2514,16,1365,12,130,18,463,11
2514,16,1365,12,130,18,700,11
2514,16,1365,12,130,18,742,11
2514,16,1365,12,130,18,758,11
2514,16,1365,12,130,18,879,11
2514,16,1365,12,130,18,927,11
2514,16,1365,12,130,18,1003,11
2514,16,1365,12,130,18,1044,11
2514,16,1365,12,130,18,1068,11
2514,16,1365,12,130,18,1153,11
2514,16,1365,12,130,18,1186,11
2514,16,1365,12,130,18,1194,11
2514,16,1365,12,130,18,1259,11
2514,16,1365,12,130,18,1260,11
2514,16,1365,12,130,18,1312,11
2514,16,1365,12,130,18,1388,11
2514,16,1365,12,130,18,1391,11
2514,16,1365,12,130,18,1422,11
2514,16,1365,12,130,18,1556,11
2514,16,1365,12,130,18,1568,11
2514,16,1365,12,130,18,1599,11
2514,16,1365,12,130,18,1747,11
2514,16,1365,12,130,18,1773,11
2514,16,1365,12,130,18,1818,11
2514,16,1365,12,130,18,1873,11
2514,16,1365,12,130,18,1940,11
2514,16,1365,12,130,18,1997,11
2514,16,1365,12,130,18,2068,11
2514,16,1365,12,130,18,2079,11
2514,16,1365,12,130,18,2123,11
2514,16,1365,12,130,18,2196,11
2514,16,1365,12,130,18,2216,11
2514,16,1365,12,130,18,2259,11
2514,16,1365,12,130,18,2289,11
2514,16,1365,12,130,18,2370,11
2514,16,1365,12,130,18,2405,11
2514,16,1365,12,503,47,45,11
2514,16,1365,12,503,47,159,11
2514,16,1365,12,503,47,272,11
2514,16,1365,12,503,47,338,11
2514,16,1365,12,503,47,390,11
2514,16,1365,12,503,47,457,11
2514,16,1365,12,503,47,463,11
2514,16,1365,12,503,47,620,11
2514,16,1365,12,503,47,700,11
2514,16,1365,12,503,47,742,11
2514,16,1365,12,503,47,758,11
2514,16,1365,12,503,47,879,11
2514,16,1365,12,503,47,927,11
2514,16,1365,12,503,47,979,11
2514,16,1365,12,503,47,1003,11
2514,16,1365,12,503,47,1044,11
2514,16,1365,12,503,47,1068,11
2514,16,1365,12,503,47,1153,11
2514,16,1365,12,503,47,1186,11
2514,16,1365,12,503,47,1194,11
2514,16,1365,12,503,47,1259,11
2514,16,1365,12,503,47,1260,11
2514,16,1365,12,503,47,1312,11
2514,16,1365,12,503,47,1388,11
2514,16,1365,12,503,47,1391,11
2514,16,1365,12,503,47,1422,11
2514,16,1365,12,503,47,1556,11
2514,16,1365,12,503,47,1568,11
2514,16,1365,12,503,47,1599,11
2514,16,1365,12,503,47,1747,11
2514,16,1365,12,503,47,1773,11
2514,16,1365,12,503,47,1799,11
2514,16,1365,12,503,47,1818,11
2514,16,1365,12,503,47,1873,11
2514,16,1365,12,503,47,1940,11
2514,16,1365,12,503,47,1956,11
2514,16,1365,12,503,47,1997,11
2514,16,1365,12,503,47,2068,11
2514,16,1365,12,503,47,2079,11
2514,16,1365,12,503,47,2123,11
2514,16,1365,12,503,47,2196,11
2514,16,1365,12,503,47,2206,11
2514,16,1365,12,503,47,2216,11
2514,16,1365,12,503,47,2244,11
2514,16,1365,12,503,47,2259,11
2514,16,1365,12,503,47,2261,11
2514,16,1365,12,503,47,2289,11
2514,16,1365,12,503,47,2359,11
2514,16,1365,12,503,47,2370,11
2514,16,1365,12,503,47,2405,11
2514,16,1365,12,825,43,45,11
2514,16,1365,12,825,43,159,11
2514,16,1365,12,825,43,272,11
2514,16,1365,12,825,43,338,11
2514,16,1365,12,825,43,390,11
2514,16,1365,12,825,43,457,11
2514,16,1365,12,825,43,463,11
2514,16,1365,12,825,43,620,11
2514,16,1365,12,825,43,700,11
2514,16,1365,12,825,43,742,11
2514,16,1365,12,825,43,758,11
2514,16,1365,12,825,43,879,11
2514,16,1365,12,825,43,927,11
2514,16,1365,12,825,43,979,11
2514,16,1365,12,825,43,1003,11
2514,16,1365,12,825,43,1044,11
2514,16,1365,12,825,43,1068,11
2514,16,1365,12,825,43,1153,11
2514,16,1365,12,825,43,1186,11
2514,16,1365,12,825,43,1194,11
2514,16,1365,12,825,43,1259,11
2514,16,1365,12,825,43,1260,11
2514,16,1365,12,825,43,1312,11
2514,16,1365,12,825,43,1388,11
2514,16,1365,12,825,43,1391,11
2514,16,1365,12,825,43,1422,11
2514,16,1365,12,825,43,1556,11
2514,16,1365,12,825,43,1568,11
2514,16,1365,12,825,43,1599,11
2514,16,1365,12,825,43,1747,11
2514,16,1365,12,825,43,1773,11
2514,16,1365,12,825,43,1799,11
2514,16,1365,12,825,43,1818,11
2514,16,1365,12,825,43,1873,11
2514,16,1365,12,825,43,1940,11
2514,16,1365,12,825,43,1956,11
2514,16,1365,12,825,43,1997,11
2514,16,1365,12,825,43,2068,11
2514,16,1365,12,825,43,2079,11
2514,16,1365,12,825,43,2123,11
2514,16,1365,12,825,43,2196,11
2514,16,1365,12,825,43,2206,11
2514,16,1365,12,825,43,2216,11
2514,16,1365,12,825,43,2244,11
2514,16,1365,12,825,43,2259,11
2514,16,1365,12,825,43,2261,11
2514,16,1365,12,825,43,2289,11
2514,16,1365,12,825,43,2359,11
2514,16,1365,12,825,43,2370,11
2514,16,1365,12,825,43,2405,11
2514,16,1365,12,1015,14,45,11
2514,16,1365,12,1015,14,159,11
2514,16,1365,12,1015,14,272,11
2514,16,1365,12,1015,14,338,11
2514,16,1365,12,1015,14,390,11
2514,16,1365,12,1015,14,457,11
2514,16,1365,12,1015,14,463,11
2514,16,1365,12,1015,14,620,11
2514,16,1365,12,1015,14,700,11
2514,16,1365,12,1015,14,742,11
2514,16,1365,12,1015,14,758,11
2514,16,1365,12,1015,14,879,11
2514,16,1365,12,1015,14,927,11
2514,16,1365,12,1015,14,979,11
2514,16,1365,12,1015,14,1003,11
2514,16,1365,12,1015,14,1044,11
2514,16,1365,12,1015,14,1068,11
2514,16,1365,12,1015,14,1153,11
2514,16,1365,12,1015,14,1186,11
2514,16,1365,12,1015,14,1194,11
2514,16,1365,12,1015,14,1259,11
2514,16,1365,12,1015,14,1260,11
2514,16,1365,12,1015,14,1312,11
2514,16,1365,12,1015,14,1388,11
2514,16,1365,12,1015,14,1391,11
2514,16,1365,12,1015,14,1422,11
2514,16,1365,12,1015,14,1556,11
2514,16,1365,12,1015,14,1568,11
2514,16,1365,12,1015,14,1599,11
2514,16,1365,12,1015,14,1747,11
2514,16,1365,12,1015,14,1773,11
2514,16,1365,12,1015,14,1799,11
2514,16,1365,12,1015,14,1818,11
2514,16,1365,12,1015,14,1873,11
2514,16,1365,12,1015,14,1940,11
2514,16,1365,12,1015,14,1956,11
2514,16,1365,12,1015,14,1997,11
2514,16,1365,12,1015,14,2068,11
2514,16,1365,12,1015,14,2079,11
2514,16,1365,12,1015,14,2123,11
2514,16,1365,12,1015,14,2196,11
2514,16,1365,12,1015,14,2206,11
2514,16,1365,12,1015,14,2216,11
2514,16,1365,12,1015,14,2244,11
2514,16,1365,12,1015,14,2259,11
2514,16,1365,12,1015,14,2261,11
2514,16,1365,12,1015,14,2289,11
2514,16,1365,12,1015,14,2359,11
2514,16,1365,12,1015,14,2370,11
2514,16,1365,12,1015,14,2405,11
2514,16,1365,12,1020,45,45,11
2514,16,1365,12,1020,45,159,11
2514,16,1365,12,1020,45,272,11
2514,16,1365,12,1020,45,338,11
2514,16,1365,12,1020,45,390,11
2514,16,1365,12,1020,45,457,11
2514,16,1365,12,1020,45,463,11
2514,16,1365,12,1020,45,620,11
2514,16,1365,12,1020,45,700,11
2514,16,1365,12,1020,45,742,11
2514,16,1365,12,1020,45,758,11
2514,16,1365,12,1020,45,879,11
2514,16,1365,12,1020,45,927,11
2514,16,1365,12,1020,45,979,11
2514,16,1365,12,1020,45,1003,11
2514,16,1365,12,1020,45,1044,11
2514,16,1365,12,1020,45,1068,11
2514,16,1365,12,1020,45,1153,11
2514,16,1365,12,1020,45,1186,11
2514,16,1365,12,1020,45,1194,11
2514,16,1365,12,1020,45,1259,11
2514,16,1365,12,1020,45,1260,11
2514,16,1365,12,1020,45,1312,11
2514,16,1365,12,1020,45,1388,11
2514,16,1365,12,1020,45,1391,11
2514,16,1365,12,1020,45,1422,11
2514,16,1365,12,1020,45,1556,11
2514,16,1365,12,1020,45,1568,11
2514,16,1365,12,1020,45,1599,11
2514,16,1365,12,1020,45,1747,11
2514,16,1365,12,1020,45,1773,11
2514,16,1365,12,1020,45,1799,11
2514,16,1365,12,1020,45,1818,11
2514,16,1365,12,1020,45,1873,11
2514,16,1365,12,1020,45,1940,11
2514,16,1365,12,1020,45,1956,11
2514,16,1365,12,1020,45,1997,11
2514,16,1365,12,1020,45,2068,11
2514,16,1365,12,1020,45,2079,11
2514,16,1365,12,1020,45,2123,11
2514,16,1365,12,1020,45,2196,11
2514,16,1365,12,1020,45,2206,11
2514,16,1365,12,1020,45,2216,11
2514,16,1365,12,1020,45,2244,11
2514,16,1365,12,1020,45,2259,11
2514,16,1365,12,1020,45,2261,11
2514,16,1365,12,1020,45,2289,11
2514,16,1365,12,1020,45,2359,11
2514,16,1365,12,1020,45,2370,11
2514,16,1365,12,1020,45,2405,11
2514,16,1365,12,1205,50,45,11
2514,16,1365,12,1205,50,159,11
2514,16,1365,12,1205,50,272,11
2514,16,1365,12,1205,50,338,11
2514,16,1365,12,1205,50,390,11
2514,16,1365,12,1205,50,457,11
2514,16,1365,12,1205,50,463,11
2514,16,1365,12,1205,50,620,11
2514,16,1365,12,1205,50,700,11
2514,16,1365,12,1205,50,742,11
2514,16,1365,12,1205,50,758,11
2514,16,1365,12,1205,50,879,11
2514,16,1365,12,1205,50,927,11
2514,16,1365,12,1205,50,979,11
2514,16,1365,12,1205,50,1003,11
2514,16,1365,12,1205,50,1044,11
2514,16,1365,12,1205,50,1068,11
2514,16,1365,12,1205,50,1153,11
2514,16,1365,12,1205,50,1186,11
2514,16,1365,12,1205,50,1194,11
2514,16,1365,12,1205,50,1259,11
2514,16,1365,12,1205,50,1260,11
2514,16,1365,12,1205,50,1312,11
2514,16,1365,12,1205,50,1388,11
2514,16,1365,12,1205,50,1391,11
2514,16,1365,12,1205,50,1422,11
2514,16,1365,12,1205,50,1556,11
2514,16,1365,12,1205,50,1568,11
2514,16,1365,12,1205,50,1599,11
2514,16,1365,12,1205,50,1747,11
2514,16,1365,12,1205,50,1773,11
2514,16,1365,12,1205,50,1799,11
2514,16,1365,12,1205,50,1818,11
2514,16,1365,12,1205,50,1873,11
2514,16,1365,12,1205,50,1940,11
2514,16,1365,12,1205,50,1956,11
2514,16,1365,12,1205,50,1997,11
2514,16,1365,12,1205,50,2068,11
2514,16,1365,12,1205,50,2079,11
2514,16,1365,12,1205,50,2123,11
2514,16,1365,12,1205,50,2196,11
2514,16,1365,12,1205,50,2206,11
2514,16,1365,12,1205,50,2216,11
2514,16,1365,12,1205,50,2244,11
2514,16,1365,12,1205,50,2259,11
2514,16,1365,12,1205,50,2261,11
2514,16,1365,12,1205,50,2289,11
2514,16,1365,12,1205,50,2359,11
2514,16,1365,12,1205,50,2370,11
2514,16,1365,12,1205,50,2405,11
2514,16,1365,12,1308,42,45,11
2514,16,1365,12,1308,42,159,11
2514,16,1365,12,1308,42,272,11
2514,16,1365,12,1308,42,338,11
2514,16,1365,12,1308,42,390,11
2514,16,1365,12,1308,42,457,11
2514,16,1365,12,1308,42,463,11
2514,16,1365,12,1308,42,620,11
2514,16,1365,12,1308,42,700,11
2514,16,1365,12,1308,42,742,11
2514,16,1365,12,1308,42,758,11
2514,16,1365,12,1308,42,879,11
2514,16,1365,12,1308,42,927,11
2514,16,1365,12,1308,42,979,11
2514,16,1365,12,1308,42,1003,11
2514,16,1365,12,1308,42,1044,11
2514,16,1365,12,1308,42,1068,11
2514,16,1365,12,1308,42,1153,11
2514,16,1365,12,1308,42,1186,11
2514,16,1365,12,1308,42,1194,11
2514,16,1365,12,1308,42,1259,11
2514,16,1365,12,1308,42,1260,11
2514,16,1365,12,1308,42,1312,11
2514,16,1365,12,1308,42,1388,11
2514,16,1365,12,1308,42,1391,11
2514,16,1365,12,1308,42,1422,11
2514,16,1365,12,1308,42,1556,11
2514,16,1365,12,1308,42,1568,11
2514,16,1365,12,1308,42,1599,11
2514,16,1365,12,1308,42,1747,11
2514,16,1365,12,1308,42,1773,11
2514,16,1365,12,1308,42,1799,11
2514,16,1365,12,1308,42,1818,11
2514,16,1365,12,1308,42,1873,11
2514,16,1365,12,1308,42,1940,11
2514,16,1365,12,1308,42,1956,11
2514,16,1365,12,1308,42,1997,11
2514,16,1365,12,1308,42,2068,11
2514,16,1365,12,1308,42,2079,11
2514,16,1365,12,1308,42,2123,11
2514,16,1365,12,1308,42,2196,11
2514,16,1365,12,1308,42,2206,11
2514,16,1365,12,1308,42,2216,11
2514,16,1365,12,1308,42,2244,11
2514,16,1365,12,1308,42,2259,11
2514,16,1365,12,1308,42,2261,11
2514,16,1365,12,1308,42,2289,11
2514,16,1365,12,1308,42,2359,11
2514,16,1365,12,1308,42,2370,11
2514,16,1365,12,1308,42,2405,11
2514,16,1365,12,1488,14,45,11
2514,16,1365,12,1488,14,159,11
2514,16,1365,12,1488,14,272,11
2514,16,1365,12,1488,14,338,11
2514,16,1365,12,1488,14,390,11
2514,16,1365,12,1488,14,457,11
2514,16,1365,12,1488,14,463,11
2514,16,1365,12,1488,14,620,11
2514,16,1365,12,1488,14,700,11
2514,16,1365,12,1488,14,742,11
2514,16,1365,12,1488,14,758,11
2514,16,1365,12,1488,14,879,11
2514,16,1365,12,1488,14,927,11
2514,16,1365,12,1488,14,979,11
2514,16,1365,12,1488,14,1003,11
2514,16,1365,12,1488,14,1044,11
2514,16,1365,12,1488,14,1068,11
2514,16,1365,12,1488,14,1153,11
2514,16,1365,12,1488,14,1186,11
2514,16,1365,12,1488,14,1194,11
2514,16,1365,12,1488,14,1259,11
2514,16,1365,12,1488,14,1260,11
2514,16,1365,12,1488,14,1312,11
2514,16,1365,12,1488,14,1388,11
2514,16,1365,12,1488,14,1391,11
2514,16,1365,12,1488,14,1422,11
2514,16,1365,12,1488,14,1556,11
2514,16,1365,12,1488,14,1568,11
2514,16,1365,12,1488,14,1599,11
2514,16,1365,12,1488,14,1747,11
2514,16,1365,12,1488,14,1773,11
2514,16,1365,12,1488,14,1799,11
2514,16,1365,12,1488,14,1818,11
2514,16,1365,12,1488,14,1873,11
2514,16,1365,12,1488,14,1940,11
2514,16,1365,12,1488,14,1956,11
2514,16,1365,12,1488,14,1997,11
2514,16,1365,12,1488,14,2068,11
2514,16,1365,12,1488,14,2079,11
2514,16,1365,12,1488,14,2123,11
2514,16,1365,12,1488,14,2196,11
2514,16,1365,12,1488,14,2206,11
2514,16,1365,12,1488,14,2216,11
2514,16,1365,12,1488,14,2244,11
2514,16,1365,12,1488,14,2259,11
2514,16,1365,12,1488,14,2261,11
2514,16,1365,12,1488,14,2289,11
2514,16,1365,12,1488,14,2359,11
2514,16,1365,12,1488,14,2370,11
2514,16,1365,12,1488,14,2405,11
2514,16,1365,12,1661,33,45,11
2514,16,1365,12,1661,33,159,11
2514,16,1365,12,1661,33,272,11
2514,16,1365,12,1661,33,338,11
2514,16,1365,12,1661,33,390,11
2514,16,1365,12,1661,33,457,11
2514,16,1365,12,1661,33,463,11
2514,16,1365,12,1661,33,620,11
2514,16,1365,12,1661,33,700,11
2514,16,1365,12,1661,33,742,11
2514,16,1365,12,1661,33,758,11
2514,16,1365,12,1661,33,879,11
2514,16,1365,12,1661,33,927,11
2514,16,1365,12,1661,33,979,11
2514,16,1365,12,1661,33,1003,11
2514,16,1365,12,1661,33,1044,11
2514,16,1365,12,1661,33,1068,11
2514,16,1365,12,1661,33,1153,11
2514,16,1365,12,1661,33,1186,11
2514,16,1365,12,1661,33,1194,11
2514,16,1365,12,1661,33,1259,11
2514,16,1365,12,1661,33,1260,11
2514,16,1365,12,1661,33,1312,11
2514,16,1365,12,1661,33,1388,11
2514,16,1365,12,1661,33,1391,11
2514,16,1365,12,1661,33,1422,11
2514,16,1365,12,1661,33,1556,11
2514,16,1365,12,1661,33,1568,11
2514,16,1365,12,1661,33,1599,11
2514,16,1365,12,1661,33,1747,11
2514,16,1365,12,1661,33,1773,11
2514,16,1365,12,1661,33,1799,11
2514,16,1365,12,1661,33,1818,11
2514,16,1365,12,1661,33,1873,11
2514,16,1365,12,1661,33,1940,11
2514,16,1365,12,1661,33,1956,11
2514,16,1365,12,1661,33,1997,11
2514,16,1365,12,1661,33,2068,11
2514,16,1365,12,1661,33,2079,11
2514,16,1365,12,1661,33,2123,11
2514,16,1365,12,1661,33,2196,11
2514,16,1365,12,1661,33,2206,11
2514,16,1365,12,1661,33,2216,11
2514,16,1365,12,1661,33,2244,11
2514,16,1365,12,1661,33,2259,11
2514,16,1365,12,1661,33,2261,11
2514,16,1365,12,1661,33,2289,11
2514,16,1365,12,1661,33,2359,11
2514,16,1365,12,1661,33,2370,11
2514,16,1365,12,1661,33,2405,11
2514,16,1365,12,1927,18,45,11
2514,16,1365,12,1927,18,159,11
2514,16,1365,12,1927,18,272,11
2514,16,1365,12,1927,18,338,11
2514,16,1365,12,1927,18,390,11
2514,16,1365,12,1927,18,457,11
2514,16,1365,12,1927,18,463,11
2514,16,1365,12,1927,18,620,11
2514,16,1365,12,1927,18,700,11
2514,16,1365,12,1927,18,742,11
2514,16,1365,12,1927,18,758,11
2514,16,1365,12,1927,18,879,11
2514,16,1365,12,1927,18,927,11
2514,16,1365,12,1927,18,979,11
2514,16,1365,12,1927,18,1003,11
2514,16,1365,12,1927,18,1044,11
2514,16,1365,12,1927,18,1068,11
2514,16,1365,12,1927,18,1153,11
2514,16,1365,12,1927,18,1186,11
2514,16,1365,12,1927,18,1194,11
2514,16,1365,12,1927,18,1259,11
2514,16,1365,12,1927,18,1260,11
2514,16,1365,12,1927,18,1312,11
2514,16,1365,12,1927,18,1388,11
2514,16,1365,12,1927,18,1391,11
2514,16,1365,12,1927,18,1422,11
2514,16,1365,12,1927,18,1556,11
2514,16,1365,12,1927,18,1568,11
2514,16,1365,12,1927,18,1599,11
2514,16,1365,12,1927,18,1747,11
2514,16,1365,12,1927,18,1773,11
2514,16,1365,12,1927,18,1799,11
2514,16,1365,12,1927,18,1818,11
2514,16,1365,12,1927,18,1873,11
2514,16,1365,12,1927,18,1940,11
2514,16,1365,12,1927,18,1956,11
2514,16,1365,12,1927,18,1997,11
2514,16,1365,12,1927,18,2068,11
2514,16,1365,12,1927,18,2079,11
2514,16,1365,12,1927,18,2123,11
2514,16,1365,12,1927,18,2196,11
2514,16,1365,12,1927,18,2206,11
2514,16,1365,12,1927,18,2216,11
2514,16,1365,12,1927,18,2244,11
2514,16,1365,12,1927,18,2259,11
2514,16,1365,12,1927,18,2261,11
2514,16,1365,12,1927,18,2289,11
2514,16,1365,12,1927,18,2359,11
2514,16,1365,12,1927,18,2370,11
2514,16,1365,12,1927,18,2405,11
2514,16,1365,12,1955,49,45,11
2514,16,1365,12,1955,49,159,11
2514,16,1365,12,1955,49,272,11
2514,16,1365,12,1955,49,338,11
2514,16,1365,12,1955,49,390,11
2514,16,1365,12,1955,49,457,11
2514,16,1365,12,1955,49,463,11
2514,16,1365,12,1955,49,620,11
2514,16,1365,12,1955,49,700,11
2514,16,1365,12,1955,49,742,11
2514,16,1365,12,1955,49,758,11
2514,16,1365,12,1955,49,879,11
2514,16,1365,12,1955,49,927,11
2514,16,1365,12,1955,49,979,11
2514,16,1365,12,1955,49,1003,11
2514,16,1365,12,1955,49,1044,11
2514,16,1365,12,1955,49,1068,11
2514,16,1365,12,1955,49,1153,11
2514,16,1365,12,1955,49,1186,11
2514,16,1365,12,1955,49,1194,11
2514,16,1365,12,1955,49,1259,11
2514,16,1365,12,1955,49,1260,11
2514,16,1365,12,1955,49,1312,11
2514,16,1365,12,1955,49,1388,11
2514,16,1365,12,1955,49,1391,11
2514,16,1365,12,1955,49,1422,11
2514,16,1365,12,1955,49,1556,11
2514,16,1365,12,1955,49,1568,11
2514,16,1365,12,1955,49,1599,11
2514,16,1365,12,1955,49,1747,11
2514,16,1365,12,1955,49,1773,11
2514,16,1365,12,1955,49,1799,11
2514,16,1365,12,1955,49,1818,11
2514,16,1365,12,1955,49,1873,11
2514,16,1365,12,1955,49,1940,11
2514,16,1365,12,1955,49,1956,11
2514,16,1365,12,1955,49,1997,11
2514,16,1365,12,1955,49,2068,11
2514,16,1365,12,1955,49,2079,11
2514,16,1365,12,1955,49,2123,11
2514,16,1365,12,1955,49,2196,11
2514,16,1365,12,1955,49,2206,11
2514,16,1365,12,1955,49,2216,11
2514,16,1365,12,1955,49,2244,11
2514,16,1365,12,1955,49,2259,11
2514,16,1365,12,1955,49,2261,11
2514,16,1365,12,1955,49,2289,11
2514,16,1365,12,1955,49,2359,11
2514,16,1365,12,1955,49,2370,11
2514,16,1365,12,1955,49,2405,11
2514,16,1365,12,1978,19,45,11
2514,16,1365,12,1978,19,159,11
2514,16,1365,12,1978,19,272,11
2514,16,1365,12,1978,19,338,11
2514,16,1365,12,1978,19,390,11
2514,16,1365,12,1978,19,457,11
2514,16,1365,12,1978,19,463,11
2514,16,1365,12,1978,19,620,11
2514,16,1365,12,1978,19,700,11
2514,16,1365,12,1978,19,742,11
2514,16,1365,12,1978,19,758,11
2514,16,1365,12,1978,19,879,11
2514,16,1365,12,1978,19,927,11
2514,16,1365,12,1978,19,979,11
2514,16,1365,12,1978,19,1003,11
2514,16,1365,12,1978,19,1044,11
2514,16,1365,12,1978,19,1068,11
2514,16,1365,12,1978,19,1153,11
2514,16,1365,12,1978,19,1186,11
2514,16,1365,12,1978,19,1194,11
2514,16,1365,12,1978,19,1259,11
2514,16,1365,12,1978,19,1260,11
2514,16,1365,12,1978,19,1312,11
2514,16,1365,12,1978,19,1388,11
2514,16,1365,12,1978,19,1391,11
2514,16,1365,12,1978,19,1422,11
2514,16,1365,12,1978,19,1556,11
2514,16,1365,12,1978,19,1568,11
2514,16,1365,12,1978,19,1599,11
2514,16,1365,12,1978,19,1747,11
2514,16,1365,12,1978,19,1773,11
2514,16,1365,12,1978,19,1799,11
2514,16,1365,12,1978,19,1818,11
2514,16,1365,12,1978,19,1873,11
2514,16,1365,12,1978,19,1940,11
2514,16,1365,12,1978,19,1956,11
2514,16,1365,12,1978,19,1997,11
2514,16,1365,12,1978,19,2068,11
2514,16,1365,12,1978,19,2079,11
2514,16,1365,12,1978,19,2123,11
2514,16,1365,12,1978,19,2196,11
2514,16,1365,12,1978,19,2206,11
2514,16,1365,12,1978,19,2216,11
2514,16,1365,12,1978,19,2244,11
2514,16,1365,12,1978,19,2259,11
2514,16,1365,12,1978,19,2261,11
2514,16,1365,12,1978,19,2289,11
2514,16,1365,12,1978,19,2359,11
2514,16,1365,12,1978,19,2370,11
2514,16,1365,12,1978,19,2405,11
