2514,16,97,29,232,38,45,11
2514,16,97,29,232,38,159,11
2514,16,97,29,232,38,272,11
2514,16,97,29,232,38,338,11
2514,16,97,29,232,38,390,11
2514,16,97,29,232,38,457,11
2514,16,97,29,232,38,463,11
2514,16,97,29,232,38,620,11
2514,16,97,29,232,38,700,11
2514,16,97,29,232,38,742,11
2514,16,97,29,232,38,758,11
2514,16,97,29,232,38,879,11
2514,16,97,29,232,38,927,11
2514,16,97,29,232,38,979,11
2514,16,97,29,232,38,1003,11
2514,16,97,29,232,38,1044,11
2514,16,97,29,232,38,1068,11
2514,16,97,29,232,38,1153,11
2514,16,97,29,232,38,1186,11
2514,16,97,29,232,38,1194,11
2514,16,97,29,232,38,1259,11
2514,16,97,29,232,38,1260,11
2514,16,97,29,232,38,1312,11
2514,16,97,29,232,38,1388,11
2514,16,97,29,232,38,1391,11
2514,16,97,29,232,38,1422,11
2514,16,97,29,232,38,1556,11
2514,16,97,29,232,38,1568,11
2514,16,97,29,232,38,1599,11
2514,16,97,29,232,38,1747,11
2514,16,97,29,232,38,1773,11
2514,16,97,29,232,38,1799,11
2514,16,97,29,232,38,1818,11
2514,16,97,29,232,38,1873,11
2514,16,97,29,232,38,1940,11
2514,16,97,29,232,38,1956,11
2514,16,97,29,232,38,1997,11
2514,16,97,29,232,38,2068,11
2514,16,97,29,232,38,2079,11
2514,16,97,29,232,38,2123,11
2514,16,97,29,232,38,2196,11
2514,16,97,29,232,38,2206,11
2514,16,97,29,232,38,2216,11
2514,16,97,29,232,38,2244,11
2514,16,97,29,232,38,2259,11
2514,16,97,29,232,38,2261,11
2514,16,97,29,232,38,2289,11
2514,16,97,29,232,38,2359,11
2514,16,97,29,232,38,2370,11
2514,16,97,29,232,38,2405,11
2514,16,97,29,357,17,45,11
2514,16,97,29,357,17,338,11
2514,16,97,29,357,17,390,11
2514,16,97,29,357,17,620,11
2514,16,97,29,357,17,742,11
2514,16,97,29,357,17,758,11
2514,16,97,29,357,17,979,11
2514,16,97,29,357,17,1044,11
2514,16,97,29,357,17,1186,11
2514,16,97,29,357,17,1259,11
2514,16,97,29,357,17,1312,11
2514,16,97,29,357,17,1773,11
2514,16,97,29,357,17,1799,11
2514,16,97,29,357,17,1956,11
2514,16,97,29,357,17,1997,11
2514,16,97,29,357,17,2206,11
2514,16,97,29,357,17,2244,11
2514,16,97,29,357,17,2261,11
2514,16,97,29,357,17,2289,11
2514,16,97,29,357,17,2359,11
2514,16,97,29,481,47,45,11
2514,16,97,29,481,47,159,11
2514,16,97,29,481,47,272,11
2514,16,97,29,481,47,338,11
2514,16,97,29,481,47,390,11
2514,16,97,29,481,47,457,11
2514,16,97,29,481,47,463,11
2514,16,97,29,481,47,620,11
2514,16,97,29,481,47,700,11
2514,16,97,29,481,47,742,11
2514,16,97,29,481,47,758,11
2514,16,97,29,481,47,879,11
2514,16,97,29,481,47,927,11
2514,16,97,29,481,47,979,11
2514,16,97,29,481,47,1003,11
2514,16,97,29,481,47,1044,11
2514,16,97,29,481,47,1068,11
2514,16,97,29,481,47,1153,11
2514,16,97,29,481,47,1186,11
2514,16,97,29,481,47,1194,11
2514,16,97,29,481,47,1259,11
2514,16,97,29,481,47,1260,11
2514,16,97,29,481,47,1312,11
2514,16,97,29,481,47,1388,11
2514,16,97,29,481,47,1391,11
2514,16,97,29,481,47,1422,11
2514,16,97,29,481,47,1556,11
2514,16,97,29,481,47,1568,11
2514,16,97,29,481,47,1599,11
2514,16,97,29,481,47,1747,11
2514,16,97,29,481,47,1773,11
2514,16,97,29,481,47,1799,11
2514,16,97,29,481,47,1818,11
2514,16,97,29,481,47,1873,11
2514,16,97,29,481,47,1940,11
2514,16,97,29,481,47,1956,11
2514,16,97,29,481,47,1997,11
2514,16,97,29,481,47,2068,11
2514,16,97,29,481,47,2079,11
2514,16,97,29,481,47,2123,11
2514,16,97,29,481,47,2196,11
2514,16,97,29,481,47,2206,11
2514,16,97,29,481,47,2216,11
2514,16,97,29,481,47,2244,11
2514,16,97,29,481,47,2259,11
2514,16,97,29,481,47,2261,11
2514,16,97,29,481,47,2289,11
2514,16,97,29,481,47,2359,11
2514,16,97,29,481,47,2370,11
2514,16,97,29,481,47,2405,11
2514,16,97,29,602,35,45,11
2514,16,97,29,602,35,159,11
2514,16,97,29,602,35,272,11
2514,16,97,29,602,35,338,11
2514,16,97,29,602,35,390,11
2514,16,97,29,602,35,457,11
2514,16,97,29,602,35,463,11
2514,16,97,29,602,35,620,11
2514,16,97,29,602,35,700,11
2514,16,97,29,602,35,742,11
2514,16,97,29,602,35,758,11
2514,16,97,29,602,35,879,11
2514,16,97,29,602,35,927,11
2514,16,97,29,602,35,979,11
2514,16,97,29,602,35,1003,11
2514,16,97,29,602,35,1044,11
2514,16,97,29,602,35,1068,11
2514,16,97,29,602,35,1153,11
2514,16,97,29,602,35,1186,11
2514,16,97,29,602,35,1194,11
2514,16,97,29,602,35,1259,11
2514,16,97,29,602,35,1260,11
2514,16,97,29,602,35,1312,11
2514,16,97,29,602,35,1388,11
2514,16,97,29,602,35,1391,11
2514,16,97,29,602,35,1422,11
2514,16,97,29,602,35,1556,11
2514,16,97,29,602,35,1568,11
2514,16,97,29,602,35,1599,11
2514,16,97,29,602,35,1747,11
2514,16,97,29,602,35,1773,11
2514,16,97,29,602,35,1799,11
2514,16,97,29,602,35,1818,11
2514,16,97,29,602,35,1873,11
2514,16,97,29,602,35,1940,11
2514,16,97,29,602,35,1956,11
2514,16,97,29,602,35,1997,11
2514,16,97,29,602,35,2068,11
2514,16,97,29,602,35,2079,11
2514,16,97,29,602,35,2123,11
2514,16,97,29,602,35,2196,11
2514,16,97,29,602,35,2206,11
2514,16,97,29,602,35,2216,11
2514,16,97,29,602,35,2244,11
2514,16,97,29,602,35,2259,11
2514,16,97,29,602,35,2261,11
2514,16,97,29,602,35,2289,11
2514,16,97,29,602,35,2359,11
2514,16,97,29,602,35,2370,11
2514,16,97,29,602,35,2405,11
2514,16,97,29,685,28,45,11
2514,16,97,29,685,28,159,11
2514,16,97,29,685,28,272,11
2514,16,97,29,685,28,338,11
2514,16,97,29,685,28,390,11
2514,16,97,29,685,28,457,11
2514,16,97,29,685,28,463,11
2514,16,97,29,685,28,620,11
2514,16,97,29,685,28,700,11
2514,16,97,29,685,28,742,11
2514,16,97,29,685,28,758,11
2514,16,97,29,685,28,879,11
2514,16,97,29,685,28,927,11
2514,16,97,29,685,28,979,11
2514,16,97,29,685,28,1003,11
2514,16,97,29,685,28,1044,11
2514,16,97,29,685,28,1068,11
2514,16,97,29,685,28,1153,11
2514,16,97,29,685,28,1186,11
2514,16,97,29,685,28,1194,11
2514,16,97,29,685,28,1259,11
2514,16,97,29,685,28,1260,11
2514,16,97,29,685,28,1312,11
2514,16,97,29,685,28,1388,11
2514,16,97,29,685,28,1391,11
2514,16,97,29,685,28,1422,11
2514,16,97,29,685,28,1556,11
2514,16,97,29,685,28,1568,11
2514,16,97,29,685,28,1599,11
2514,16,97,29,685,28,1747,11
2514,16,97,29,685,28,1773,11
2514,16,97,29,685,28,1799,11
2514,16,97,29,685,28,1818,11
2514,16,97,29,685,28,1873,11
2514,16,97,29,685,28,1940,11
2514,16,97,29,685,28,1956,11
2514,16,97,29,685,28,1997,11
2514,16,97,29,685,28,2068,11
2514,16,97,29,685,28,2079,11
2514,16,97,29,685,28,2123,11
2514,16,97,29,685,28,2196,11
2514,16,97,29,685,28,2206,11
2514,16,97,29,685,28,2216,11
2514,16,97,29,685,28,2244,11
2514,16,97,29,685,28,2259,11
2514,16,97,29,685,28,2261,11
2514,16,97,29,685,28,2289,11
2514,16,97,29,685,28,2359,11
2514,16,97,29,685,28,2370,11
2514,16,97,29,685,28,2405,11
2514,16,97,29,719,30,45,11
2514,16,97,29,719,30,159,11
2514,16,97,29,719,30,272,11
2514,16,97,29,719,30,338,11
2514,16,97,29,719,30,390,11
2514,16,97,29,719,30,457,11
2514,16,97,29,719,30,463,11
2514,16,97,29,719,30,620,11
2514,16,97,29,719,30,700,11
2514,16,97,29,719,30,742,11
2514,16,97,29,719,30,758,11
2514,16,97,29,719,30,879,11
2514,16,97,29,719,30,927,11
2514,16,97,29,719,30,979,11
2514,16,97,29,719,30,1003,11
2514,16,97,29,719,30,1044,11
2514,16,97,29,719,30,1068,11
2514,16,97,29,719,30,1153,11
2514,16,97,29,719,30,1186,11
2514,16,97,29,719,30,1194,11
2514,16,97,29,719,30,1259,11
2514,16,97,29,719,30,1260,11
2514,16,97,29,719,30,1312,11
2514,16,97,29,719,30,1388,11
2514,16,97,29,719,30,1391,11
2514,16,97,29,719,30,1422,11
2514,16,97,29,719,30,1556,11
2514,16,97,29,719,30,1568,11
2514,16,97,29,719,30,1599,11
2514,16,97,29,719,30,1747,11
2514,16,97,29,719,30,1773,11
2514,16,97,29,719,30,1799,11
2514,16,97,29,719,30,1818,11
2514,16,97,29,719,30,1873,11
2514,16,97,29,719,30,1940,11
2514,16,97,29,719,30,1956,11
2514,16,97,29,719,30,1997,11
2514,16,97,29,719,30,2068,11
2514,16,97,29,719,30,2079,11
2514,16,97,29,719,30,2123,11
2514,16,97,29,719,30,2196,11
2514,16,97,29,719,30,2206,11
2514,16,97,29,719,30,2216,11
2514,16,97,29,719,30,2244,11
2514,16,97,29,719,30,2259,11
2514,16,97,29,719,30,2261,11
2514,16,97,29,719,30,2289,11
2514,16,97,29,719,30,2359,11
2514,16,97,29,719,30,2370,11
2514,16,97,29,719,30,2405,11
2514,16,97,29,810,33,45,11
2514,16,97,29,810,33,159,11
2514,16,97,29,810,33,272,11
2514,16,97,29,810,33,338,11
2514,16,97,29,810,33,390,11
2514,16,97,29,810,33,457,11
2514,16,97,29,810,33,463,11
2514,16,97,29,810,33,620,11
2514,16,97,29,810,33,700,11
2514,16,97,29,810,33,742,11
2514,16,97,29,810,33,758,11
2514,16,97,29,810,33,879,11
2514,16,97,29,810,33,927,11
2514,16,97,29,810,33,979,11
2514,16,97,29,810,33,1003,11
2514,16,97,29,810,33,1044,11
2514,16,97,29,810,33,1068,11
2514,16,97,29,810,33,1153,11
2514,16,97,29,810,33,1186,11
2514,16,97,29,810,33,1194,11
2514,16,97,29,810,33,1259,11
2514,16,97,29,810,33,1260,11
2514,16,97,29,810,33,1312,11
2514,16,97,29,810,33,1388,11
2514,16,97,29,810,33,1391,11
2514,16,97,29,810,33,1422,11
2514,16,97,29,810,33,1556,11
2514,16,97,29,810,33,1568,11
2514,16,97,29,810,33,1599,11
2514,16,97,29,810,33,1747,11
2514,16,97,29,810,33,1773,11
2514,16,97,29,810,33,1799,11
2514,16,97,29,810,33,1818,11
2514,16,97,29,810,33,1873,11
2514,16,97,29,810,33,1940,11
2514,16,97,29,810,33,1956,11
2514,16,97,29,810,33,1997,11
2514,16,97,29,810,33,2068,11
2514,16,97,29,810,33,2079,11
2514,16,97,29,810,33,2123,11
2514,16,97,29,810,33,2196,11
2514,16,97,29,810,33,2206,11
2514,16,97,29,810,33,2216,11
2514,16,97,29,810,33,2244,11
2514,16,97,29,810,33,2259,11
2514,16,97,29,810,33,2261,11
2514,16,97,29,810,33,2289,11
2514,16,97,29,810,33,2359,11
2514,16,97,29,810,33,2370,11
2514,16,97,29,810,33,2405,11
2514,16,97,29,1014,10,45,11
2514,16,97,29,1014,10,159,11
2514,16,97,29,1014,10,272,11
2514,16,97,29,1014,10,338,11
2514,16,97,29,1014,10,390,11
2514,16,97,29,1014,10,457,11
2514,16,97,29,1014,10,463,11
2514,16,97,29,1014,10,620,11
2514,16,97,29,1014,10,700,11
2514,16,97,29,1014,10,742,11
2514,16,97,29,1014,10,758,11
2514,16,97,29,1014,10,879,11
2514,16,97,29,1014,10,927,11
2514,16,97,29,1014,10,979,11
2514,16,97,29,1014,10,1003,11
2514,16,97,29,1014,10,1044,11
2514,16,97,29,1014,10,1068,11
2514,16,97,29,1014,10,1153,11
2514,16,97,29,1014,10,1186,11
2514,16,97,29,1014,10,1194,11
2514,16,97,29,1014,10,1259,11
2514,16,97,29,1014,10,1260,11
2514,16,97,29,1014,10,1312,11
2514,16,97,29,1014,10,1388,11
2514,16,97,29,1014,10,1391,11
2514,16,97,29,1014,10,1422,11
2514,16,97,29,1014,10,1556,11
2514,16,97,29,1014,10,1568,11
2514,16,97,29,1014,10,1599,11
2514,16,97,29,1014,10,1747,11
2514,16,97,29,1014,10,1773,11
2514,16,97,29,1014,10,1799,11
2514,16,97,29,1014,10,1818,11
2514,16,97,29,1014,10,1873,11
2514,16,97,29,1014,10,1940,11
2514,16,97,29,1014,10,1956,11
2514,16,97,29,1014,10,1997,11
2514,16,97,29,1014,10,2068,11
2514,16,97,29,1014,10,2079,11
2514,16,97,29,1014,10,2123,11
2514,16,97,29,1014,10,2196,11
2514,16,97,29,1014,10,2206,11
2514,16,97,29,1014,10,2216,11
2514,16,97,29,1014,10,2244,11
2514,16,97,29,1014,10,2259,11
2514,16,97,29,1014,10,2261,11
2514,16,97,29,1014,10,2289,11
2514,16,97,29,1014,10,2359,11
2514,16,97,29,1014,10,2370,11
2514,16,97,29,1014,10,2405,11
2514,16,97,29,1443,50,45,11
2514,16,97,29,1443,50,159,11
2514,16,97,29,1443,50,272,11
2514,16,97,29,1443,50,338,11
2514,16,97,29,1443,50,390,11
2514,16,97,29,1443,50,457,11
2514,16,97,29,1443,50,463,11
2514,16,97,29,1443,50,620,11
2514,16,97,29,1443,50,700,11
2514,16,97,29,1443,50,742,11
2514,16,97,29,1443,50,758,11
2514,16,97,29,1443,50,879,11
2514,16,97,29,1443,50,927,11
2514,16,97,29,1443,50,979,11
2514,16,97,29,1443,50,1003,11
2514,16,97,29,1443,50,1044,11
2514,16,97,29,1443,50,1068,11
2514,16,97,29,1443,50,1153,11
2514,16,97,29,1443,50,1186,11
2514,16,97,29,1443,50,1194,11
2514,16,97,29,1443,50,1259,11
2514,16,97,29,1443,50,1260,11
2514,16,97,29,1443,50,1312,11
2514,16,97,29,1443,50,1388,11
2514,16,97,29,1443,50,1391,11
2514,16,97,29,1443,50,1422,11
2514,16,97,29,1443,50,1556,11
2514,16,97,29,1443,50,1568,11
2514,16,97,29,1443,50,1599,11
2514,16,97,29,1443,50,1747,11
2514,16,97,29,1443,50,1773,11
2514,16,97,29,1443,50,1799,11
2514,16,97,29,1443,50,1818,11
2514,16,97,29,1443,50,1873,11
2514,16,97,29,1443,50,1940,11
2514,16,97,29,1443,50,1956,11
2514,16,97,29,1443,50,1997,11
2514,16,97,29,1443,50,2068,11
2514,16,97,29,1443,50,2079,11
2514,16,97,29,1443,50,2123,11
2514,16,97,29,1443,50,2196,11
2514,16,97,29,1443,50,2206,11
2514,16,97,29,1443,50,2216,11
2514,16,97,29,1443,50,2244,11
2514,16,97,29,1443,50,2259,11
2514,16,97,29,1443,50,2261,11
2514,16,97,29,1443,50,2289,11
2514,16,97,29,1443,50,2359,11
2514,16,97,29,1443,50,2370,11
2514,16,97,29,1443,50,2405,11
2514,16,97,29,1583,34,45,11
2514,16,97,29,1583,34,159,11
2514,16,97,29,1583,34,272,11
2514,16,97,29,1583,34,338,11
2514,16,97,29,1583,34,390,11
2514,16,97,29,1583,34,457,11
2514,16,97,29,1583,34,463,11
2514,16,97,29,1583,34,620,11
2514,16,97,29,1583,34,700,11
2514,16,97,29,1583,34,742,11
2514,16,97,29,1583,34,758,11
2514,16,97,29,1583,34,879,11
2514,16,97,29,1583,34,927,11
2514,16,97,29,1583,34,979,11
2514,16,97,29,1583,34,1003,11
2514,16,97,29,1583,34,1044,11
2514,16,97,29,1583,34,1068,11
2514,16,97,29,1583,34,1153,11
2514,16,97,29,1583,34,1186,11
2514,16,97,29,1583,34,1194,11
2514,16,97,29,1583,34,1259,11
2514,16,97,29,1583,34,1260,11
2514,16,97,29,1583,34,1312,11
2514,16,97,29,1583,34,1388,11
2514,16,97,29,1583,34,1391,11
2514,16,97,29,1583,34,1422,11
2514,16,97,29,1583,34,1556,11
2514,16,97,29,1583,34,1568,11
2514,16,97,29,1583,34,1599,11
2514,16,97,29,1583,34,1747,11
2514,16,97,29,1583,34,1773,11
2514,16,97,29,1583,34,1799,11
2514,16,97,29,1583,34,1818,11
2514,16,97,29,1583,34,1873,11
2514,16,97,29,1583,34,1940,11
2514,16,97,29,1583,34,1956,11
2514,16,97,29,1583,34,1997,11
2514,16,97,29,1583,34,2068,11
2514,16,97,29,1583,34,2079,11
2514,16,97,29,1583,34,2123,11
2514,16,97,29,1583,34,2196,11
2514,16,97,29,1583,34,2206,11
2514,16,97,29,1583,34,2216,11
2514,16,97,29,1583,34,2244,11
2514,16,97,29,1583,34,2259,11
2514,16,97,29,1583,34,2261,11
2514,16,97,29,1583,34,2289,11
2514,16,97,29,1583,34,2359,11
2514,16,97,29,1583,34,2370,11
2514,16,97,29,1583,34,2405,11
2514,16,97,29,1664,9,45,11
2514,16,97,29,1664,9,159,11
2514,16,97,29,1664,9,272,11
2514,16,97,29,1664,9,338,11
2514,16,97,29,1664,9,390,11
2514,16,97,29,1664,9,457,11
2514,16,97,29,1664,9,463,11
2514,16,97,29,1664,9,620,11
2514,16,97,29,1664,9,700,11
2514,16,97,29,1664,9,742,11
2514,16,97,29,1664,9,758,11
2514,16,97,29,1664,9,879,11
2514,16,97,29,1664,9,927,11
2514,16,97,29,1664,9,979,11
2514,16,97,29,1664,9,1003,11
2514,16,97,29,1664,9,1044,11
2514,16,97,29,1664,9,1068,11
2514,16,97,29,1664,9,1153,11
2514,16,97,29,1664,9,1186,11
2514,16,97,29,1664,9,1194,11
2514,16,97,29,1664,9,1259,11
2514,16,97,29,1664,9,1260,11
2514,16,97,29,1664,9,1312,11
2514,16,97,29,1664,9,1388,11
2514,16,97,29,1664,9,1391,11
2514,16,97,29,1664,9,1422,11
2514,16,97,29,1664,9,1556,11
2514,16,97,29,1664,9,1568,11
2514,16,97,29,1664,9,1599,11
2514,16,97,29,1664,9,1747,11
2514,16,97,29,1664,9,1773,11
2514,16,97,29,1664,9,1799,11
2514,16,97,29,1664,9,1818,11
2514,16,97,29,1664,9,1873,11
2514,16,97,29,1664,9,1940,11
2514,16,97,29,1664,9,1956,11
2514,16,97,29,1664,9,1997,11
2514,16,97,29,1664,9,2068,11
2514,16,97,29,1664,9,2079,11
2514,16,97,29,1664,9,2123,11
2514,16,97,29,1664,9,2196,11
2514,16,97,29,1664,9,2206,11
2514,16,97,29,1664,9,2216,11
2514,16,97,29,1664,9,2244,11
2514,16,97,29,1664,9,2259,11
2514,16,97,29,1664,9,2261,11
2514,16,97,29,1664,9,2289,11
2514,16,97,29,1664,9,2359,11
2514,16,97,29,1664,9,2370,11
2514,16,97,29,1664,9,2405,11
2514,16,97,29,1691,41,45,11
2514,16,97,29,1691,41,159,11
2514,16,97,29,1691,41,272,11
2514,16,97,29,1691,41,338,11
2514,16,97,29,1691,41,390,11
2514,16,97,29,1691,41,457,11
2514,16,97,29,1691,41,463,11
2514,16,97,29,1691,41,620,11
2514,16,97,29,1691,41,700,11
2514,16,97,29,1691,41,742,11
2514,16,97,29,1691,41,758,11
2514,16,97,29,1691,41,879,11
2514,16,97,29,1691,41,927,11
2514,16,97,29,1691,41,979,11
2514,16,97,29,1691,41,1003,11
2514,16,97,29,1691,41,1044,11
2514,16,97,29,1691,41,1068,11
2514,16,97,29,1691,41,1153,11
2514,16,97,29,1691,41,1186,11
2514,16,97,29,1691,41,1194,11
2514,16,97,29,1691,41,1259,11
2514,16,97,29,1691,41,1260,11
2514,16,97,29,1691,41,1312,11
2514,16,97,29,1691,41,1388,11
2514,16,97,29,1691,41,1391,11
2514,16,97,29,1691,41,1422,11
2514,16,97,29,1691,41,1556,11
2514,16,97,29,1691,41,1568,11
2514,16,97,29,1691,41,1599,11
2514,16,97,29,1691,41,1747,11
2514,16,97,29,1691,41,1773,11
2514,16,97,29,1691,41,1799,11
2514,16,97,29,1691,41,1818,11
2514,16,97,29,1691,41,1873,11
2514,16,97,29,1691,41,1940,11
2514,16,97,29,1691,41,1956,11
2514,16,97,29,1691,41,1997,11
2514,16,97,29,1691,41,2068,11
2514,16,97,29,1691,41,2079,11
2514,16,97,29,1691,41,2123,11
2514,16,97,29,1691,41,2196,11
2514,16,97,29,1691,41,2206,11
2514,16,97,29,1691,41,2216,11
2514,16,97,29,1691,41,2244,11
2514,16,97,29,1691,41,2259,11
2514,16,97,29,1691,41,2261,11
2514,16,97,29,1691,41,2289,11
2514,16,97,29,1691,41,2359,11
2514,16,97,29,1691,41,2370,11
2514,16,97,29,1691,41,2405,11
2514,16,97,29,1805,29,159,11
2514,16,97,29,1805,29,457,11
2514,16,97,29,1805,29,463,11
2514,16,97,29,1805,29,700,11
2514,16,97,29,1805,29,879,11
2514,16,97,29,1805,29,927,11
2514,16,97,29,1805,29,1003,11
2514,16,97,29,1805,29,1153,11
2514,16,97,29,1805,29,1194,11
2514,16,97,29,1805,29,1388,11
2514,16,97,29,1805,29,1556,11
2514,16,97,29,1805,29,1568,11
2514,16,97,29,1805,29,1599,11
2514,16,97,29,1805,29,1818,11
2514,16,97,29,1805,29,1873,11
2514,16,97,29,1805,29,1940,11
2514,16,97,29,1805,29,2123,11
2514,16,97,29,1805,29,2196,11
2514,16,97,29,1805,29,2216,11
2514,16,97,29,1805,29,2370,11
2514,16,97,29,1936,25,45,11
2514,16,97,29,1936,25,159,11
2514,16,97,29,1936,25,272,11
2514,16,97,29,1936,25,338,11
2514,16,97,29,1936,25,390,11
2514,16,97,29,1936,25,457,11
2514,16,97,29,1936,25,463,11
2514,16,97,29,1936,25,620,11
2514,16,97,29,1936,25,700,11
2514,16,97,29,1936,25,742,11
2514,16,97,29,1936,25,758,11
2514,16,97,29,1936,25,879,11
2514,16,97,29,1936,25,927,11
2514,16,97,29,1936,25,979,11
2514,16,97,29,1936,25,1003,11
2514,16,97,29,1936,25,1044,11
2514,16,97,29,1936,25,1068,11
2514,16,97,29,1936,25,1153,11
2514,16,97,29,1936,25,1186,11
2514,16,97,29,1936,25,1194,11
2514,16,97,29,1936,25,1259,11
2514,16,97,29,1936,25,1260,11
2514,16,97,29,1936,25,1312,11
2514,16,97,29,1936,25,1388,11
2514,16,97,29,1936,25,1391,11
2514,16,97,29,1936,25,1422,11
2514,16,97,29,1936,25,1556,11
2514,16,97,29,1936,25,1568,11
2514,16,97,29,1936,25,1599,11
2514,16,97,29,1936,25,1747,11
2514,16,97,29,1936,25,1773,11
2514,16,97,29,1936,25,1799,11
2514,16,97,29,1936,25,1818,11
2514,16,97,29,1936,25,1873,11
2514,16,97,29,1936,25,1940,11
2514,16,97,29,1936,25,1956,11
2514,16,97,29,1936,25,1997,11
2514,16,97,29,1936,25,2068,11
2514,16,97,29,1936,25,2079,11
2514,16,97,29,1936,25,2123,11
2514,16,97,29,1936,25,2196,11
2514,16,97,29,1936,25,2206,11
2514,16,97,29,1936,25,2216,11
2514,16,97,29,1936,25,2244,11
2514,16,97,29,1936,25,2259,11
2514,16,97,29,1936,25,2261,11
2514,16,97,29,1936,25,2289,11
2514,16,97,29,1936,25,2359,11
2514,16,97,29,1936,25,2370,11
2514,16,97,29,1936,25,2405,11
