2514,16,267,38,372,16,45,11
2514,16,267,38,372,16,272,11
2514,16,267,38,372,16,338,11
2514,16,267,38,372,16,390,11
2514,16,267,38,372,16,620,11
2514,16,267,38,372,16,742,11
2514,16,267,38,372,16,758,11
2514,16,267,38,372,16,979,11
2514,16,267,38,372,16,1044,11
2514,16,267,38,372,16,1068,11
2514,16,267,38,372,16,1186,11
2514,16,267,38,372,16,1259,11
2514,16,267,38,372,16,1260,11
2514,16,267,38,372,16,1312,11
2514,16,267,38,372,16,1391,11
2514,16,267,38,372,16,1422,11
2514,16,267,38,372,16,1747,11
2514,16,267,38,372,16,1773,11
2514,16,267,38,372,16,1799,11
2514,16,267,38,372,16,1956,11
2514,16,267,38,372,16,1997,11
2514,16,267,38,372,16,2068,11
2514,16,267,38,372,16,2079,11
2514,16,267,38,372,16,2206,11
2514,16,267,38,372,16,2244,11
2514,16,267,38,372,16,2259,11
2514,16,267,38,372,16,2261,11
2514,16,267,38,372,16,2289,11
2514,16,267,38,372,16,2359,11
2514,16,267,38,372,16,2405,11
2514,16,267,38,528,42,45,11
2514,16,267,38,528,42,159,11
2514,16,267,38,528,42,272,11
2514,16,267,38,528,42,338,11
2514,16,267,38,528,42,390,11
2514,16,267,38,528,42,457,11
2514,16,267,38,528,42,463,11
2514,16,267,38,528,42,620,11
2514,16,267,38,528,42,700,11
2514,16,267,38,528,42,742,11
2514,16,267,38,528,42,758,11
2514,16,267,38,528,42,879,11
2514,16,267,38,528,42,927,11
2514,16,267,38,528,42,979,11
2514,16,267,38,528,42,1003,11
2514,16,267,38,528,42,1044,11
2514,16,267,38,528,42,1068,11
2514,16,267,38,528,42,1153,11
2514,16,267,38,528,42,1186,11
2514,16,267,38,528,42,1194,11
2514,16,267,38,528,42,1259,11
2514,16,267,38,528,42,1260,11
2514,16,267,38,528,42,1312,11
2514,16,267,38,528,42,1388,11
2514,16,267,38,528,42,1391,11
2514,16,267,38,528,42,1422,11
2514,16,267,38,528,42,1556,11
2514,16,267,38,528,42,1568,11
2514,16,267,38,528,42,1599,11
2514,16,267,38,528,42,1747,11
2514,16,267,38,528,42,1773,11
2514,16,267,38,528,42,1799,11
2514,16,267,38,528,42,1818,11
2514,16,267,38,528,42,1873,11
2514,16,267,38,528,42,1940,11
2514,16,267,38,528,42,1956,11
2514,16,267,38,528,42,1997,11
2514,16,267,38,528,42,2068,11
2514,16,267,38,528,42,2079,11
2514,16,267,38,528,42,2123,11
2514,16,267,38,528,42,2196,11
2514,16,267,38,528,42,2206,11
2514,16,267,38,528,42,2216,11
2514,16,267,38,528,42,2244,11
2514,16,267,38,528,42,2259,11
2514,16,267,38,528,42,2261,11
2514,16,267,38,528,42,2289,11
2514,16,267,38,528,42,2359,11
2514,16,267,38,528,42,2370,11
2514,16,267,38,528,42,2405,11
2514,16,267,38,549,43,45,11
2514,16,267,38,549,43,159,11
2514,16,267,38,549,43,272,11
2514,16,267,38,549,43,338,11
2514,16,267,38,549,43,390,11
2514,16,267,38,549,43,457,11
2514,16,267,38,549,43,463,11
2514,16,267,38,549,43,620,11
2514,16,267,38,549,43,700,11
2514,16,267,38,549,43,742,11
2514,16,267,38,549,43,758,11
2514,16,267,38,549,43,879,11
2514,16,267,38,549,43,927,11
2514,16,267,38,549,43,979,11
2514,16,267,38,549,43,1003,11
2514,16,267,38,549,43,1044,11
2514,16,267,38,549,43,1068,11
2514,16,267,38,549,43,1153,11
2514,16,267,38,549,43,1186,11
2514,16,267,38,549,43,1194,11
2514,16,267,38,549,43,1259,11
2514,16,267,38,549,43,1260,11
2514,16,267,38,549,43,1312,11
2514,16,267,38,549,43,1388,11
2514,16,267,38,549,43,1391,11
2514,16,267,38,549,43,1422,11
2514,16,267,38,549,43,1556,11
2514,16,267,38,549,43,1568,11
2514,16,267,38,549,43,1599,11
2514,16,267,38,549,43,1747,11
2514,16,267,38,549,43,1773,11
2514,16,267,38,549,43,1799,11
2514,16,267,38,549,43,1818,11
2514,16,267,38,549,43,1873,11
2514,16,267,38,549,43,1940,11
2514,16,267,38,549,43,1956,11
2514,16,267,38,549,43,1997,11
2514,16,267,38,549,43,2068,11
2514,16,267,38,549,43,2079,11
2514,16,267,38,549,43,2123,11
2514,16,267,38,549,43,2196,11
2514,16,267,38,549,43,2206,11
2514,16,267,38,549,43,2216,11
2514,16,267,38,549,43,2244,11
2514,16,267,38,549,43,2259,11
2514,16,267,38,549,43,2261,11
2514,16,267,38,549,43,2289,11
2514,16,267,38,549,43,2359,11
2514,16,267,38,549,43,2370,11
2514,16,267,38,549,43,2405,11
2514,16,267,38,604,42,45,11
2514,16,267,38,604,42,159,11
2514,16,267,38,604,42,272,11
2514,16,267,38,604,42,338,11
2514,16,267,38,604,42,390,11
2514,16,267,38,604,42,457,11
2514,16,267,38,604,42,463,11
2514,16,267,38,604,42,620,11
2514,16,267,38,604,42,700,11
2514,16,267,38,604,42,742,11
2514,16,267,38,604,42,758,11
2514,16,267,38,604,42,879,11
2514,16,267,38,604,42,927,11
2514,16,267,38,604,42,979,11
2514,16,267,38,604,42,1003,11
2514,16,267,38,604,42,1044,11
2514,16,267,38,604,42,1068,11
2514,16,267,38,604,42,1153,11
2514,16,267,38,604,42,1186,11
2514,16,267,38,604,42,1194,11
2514,16,267,38,604,42,1259,11
2514,16,267,38,604,42,1260,11
2514,16,267,38,604,42,1312,11
2514,16,267,38,604,42,1388,11
2514,16,267,38,604,42,1391,11
2514,16,267,38,604,42,1422,11
2514,16,267,38,604,42,1556,11
2514,16,267,38,604,42,1568,11
2514,16,267,38,604,42,1599,11
2514,16,267,38,604,42,1747,11
2514,16,267,38,604,42,1773,11
2514,16,267,38,604,42,1799,11
2514,16,267,38,604,42,1818,11
2514,16,267,38,604,42,1873,11
2514,16,267,38,604,42,1940,11
2514,16,267,38,604,42,1956,11
2514,16,267,38,604,42,1997,11
2514,16,267,38,604,42,2068,11
2514,16,267,38,604,42,2079,11
2514,16,267,38,604,42,2123,11
2514,16,267,38,604,42,2196,11
2514,16,267,38,604,42,2206,11
2514,16,267,38,604,42,2216,11
2514,16,267,38,604,42,2244,11
2514,16,267,38,604,42,2259,11
2514,16,267,38,604,42,2261,11
2514,16,267,38,604,42,2289,11
2514,16,267,38,604,42,2359,11
2514,16,267,38,604,42,2370,11
2514,16,267,38,604,42,2405,11
2514,16,267,38,728,34,45,11
2514,16,267,38,728,34,159,11
2514,16,267,38,728,34,272,11
2514,16,267,38,728,34,338,11
2514,16,267,38,728,34,390,11
2514,16,267,38,728,34,457,11
2514,16,267,38,728,34,463,11
2514,16,267,38,728,34,620,11
2514,16,267,38,728,34,700,11
2514,16,267,38,728,34,742,11
2514,16,267,38,728,34,758,11
2514,16,267,38,728,34,879,11
2514,16,267,38,728,34,927,11
2514,16,267,38,728,34,979,11
2514,16,267,38,728,34,1003,11
2514,16,267,38,728,34,1044,11
2514,16,267,38,728,34,1068,11
2514,16,267,38,728,34,1153,11
2514,16,267,38,728,34,1186,11
2514,16,267,38,728,34,1194,11
2514,16,267,38,728,34,1259,11
2514,16,267,38,728,34,1260,11
2514,16,267,38,728,34,1312,11
2514,16,267,38,728,34,1388,11
2514,16,267,38,728,34,1391,11
2514,16,267,38,728,34,1422,11
2514,16,267,38,728,34,1556,11
2514,16,267,38,728,34,1568,11
2514,16,267,38,728,34,1599,11
2514,16,267,38,728,34,1747,11
2514,16,267,38,728,34,1773,11
2514,16,267,38,728,34,1799,11
2514,16,267,38,728,34,1818,11
2514,16,267,38,728,34,1873,11
2514,16,267,38,728,34,1940,11
2514,16,267,38,728,34,1956,11
2514,16,267,38,728,34,1997,11
2514,16,267,38,728,34,2068,11
2514,16,267,38,728,34,2079,11
2514,16,267,38,728,34,2123,11
2514,16,267,38,728,34,2196,11
2514,16,267,38,728,34,2206,11
2514,16,267,38,728,34,2216,11
2514,16,267,38,728,34,2244,11
2514,16,267,38,728,34,2259,11
2514,16,267,38,728,34,2261,11
2514,16,267,38,728,34,2289,11
2514,16,267,38,728,34,2359,11
2514,16,267,38,728,34,2370,11
2514,16,267,38,728,34,2405,11
2514,16,267,38,820,40,457,11
2514,16,267,38,820,40,700,11
2514,16,267,38,820,40,927,11
2514,16,267,38,820,40,1003,11
2514,16,267,38,820,40,1153,11
2514,16,267,38,820,40,1194,11
2514,16,267,38,820,40,1568,11
2514,16,267,38,820,40,1599,11
2514,16,267,38,820,40,1818,11
2514,16,267,38,820,40,1940,11
2514,16,267,38,1127,45,45,11
2514,16,267,38,1127,45,159,11
2514,16,267,38,1127,45,272,11
2514,16,267,38,1127,45,338,11
2514,16,267,38,1127,45,390,11
2514,16,267,38,1127,45,457,11
2514,16,267,38,1127,45,463,11
2514,16,267,38,1127,45,620,11
2514,16,267,38,1127,45,700,11
2514,16,267,38,1127,45,742,11
2514,16,267,38,1127,45,758,11
2514,16,267,38,1127,45,879,11
2514,16,267,38,1127,45,927,11
2514,16,267,38,1127,45,979,11
2514,16,267,38,1127,45,1003,11
2514,16,267,38,1127,45,1044,11
2514,16,267,38,1127,45,1068,11
2514,16,267,38,1127,45,1153,11
2514,16,267,38,1127,45,1186,11
2514,16,267,38,1127,45,1194,11
2514,16,267,38,1127,45,1259,11
2514,16,267,38,1127,45,1260,11
2514,16,267,38,1127,45,1312,11
2514,16,267,38,1127,45,1388,11
2514,16,267,38,1127,45,1391,11
2514,16,267,38,1127,45,1422,11
2514,16,267,38,1127,45,1556,11
2514,16,267,38,1127,45,1568,11
2514,16,267,38,1127,45,1599,11
2514,16,267,38,1127,45,1747,11
2514,16,267,38,1127,45,1773,11
2514,16,267,38,1127,45,1799,11
2514,16,267,38,1127,45,1818,11
2514,16,267,38,1127,45,1873,11
2514,16,267,38,1127,45,1940,11
2514,16,267,38,1127,45,1956,11
2514,16,267,38,1127,45,1997,11
2514,16,267,38,1127,45,2068,11
2514,16,267,38,1127,45,2079,11
2514,16,267,38,1127,45,2123,11
2514,16,267,38,1127,45,2196,11
2514,16,267,38,1127,45,2206,11
2514,16,267,38,1127,45,2216,11
2514,16,267,38,1127,45,2244,11
2514,16,267,38,1127,45,2259,11
2514,16,267,38,1127,45,2261,11
2514,16,267,38,1127,45,2289,11
2514,16,267,38,1127,45,2359,11
2514,16,267,38,1127,45,2370,11
2514,16,267,38,1127,45,2405,11
2514,16,267,38,1311,33,45,11
2514,16,267,38,1311,33,159,11
2514,16,267,38,1311,33,272,11
2514,16,267,38,1311,33,338,11
2514,16,267,38,1311,33,390,11
2514,16,267,38,1311,33,457,11
2514,16,267,38,1311,33,463,11
2514,16,267,38,1311,33,620,11
2514,16,267,38,1311,33,700,11
2514,16,267,38,1311,33,742,11
2514,16,267,38,1311,33,758,11
2514,16,267,38,1311,33,879,11
2514,16,267,38,1311,33,927,11
2514,16,267,38,1311,33,979,11
2514,16,267,38,1311,33,1003,11
2514,16,267,38,1311,33,1044,11
2514,16,267,38,1311,33,1068,11
2514,16,267,38,1311,33,1153,11
2514,16,267,38,1311,33,1186,11
2514,16,267,38,1311,33,1194,11
2514,16,267,38,1311,33,1259,11
2514,16,267,38,1311,33,1260,11
2514,16,267,38,1311,33,1312,11
2514,16,267,38,1311,33,1388,11
2514,16,267,38,1311,33,1391,11
2514,16,267,38,1311,33,1422,11
2514,16,267,38,1311,33,1556,11
2514,16,267,38,1311,33,1568,11
2514,16,267,38,1311,33,1599,11
2514,16,267,38,1311,33,1747,11
2514,16,267,38,1311,33,1773,11
2514,16,267,38,1311,33,1799,11
2514,16,267,38,1311,33,1818,11
2514,16,267,38,1311,33,1873,11
2514,16,267,38,1311,33,1940,11
2514,16,267,38,1311,33,1956,11
2514,16,267,38,1311,33,1997,11
2514,16,267,38,1311,33,2068,11
2514,16,267,38,1311,33,2079,11
2514,16,267,38,1311,33,2123,11
2514,16,267,38,1311,33,2196,11
2514,16,267,38,1311,33,2206,11
2514,16,267,38,1311,33,2216,11
2514,16,267,38,1311,33,2244,11
2514,16,267,38,1311,33,2259,11
2514,16,267,38,1311,33,2261,11
2514,16,267,38,1311,33,2289,11
2514,16,267,38,1311,33,2359,11
2514,16,267,38,1311,33,2370,11
2514,16,267,38,1311,33,2405,11
2514,16,267,38,1462,24,45,11
2514,16,267,38,1462,24,159,11
2514,16,267,38,1462,24,272,11
2514,16,267,38,1462,24,338,11
2514,16,267,38,1462,24,390,11
2514,16,267,38,1462,24,457,11
2514,16,267,38,1462,24,463,11
2514,16,267,38,1462,24,620,11
2514,16,267,38,1462,24,700,11
2514,16,267,38,1462,24,742,11
2514,16,267,38,1462,24,758,11
2514,16,267,38,1462,24,879,11
2514,16,267,38,1462,24,927,11
2514,16,267,38,1462,24,979,11
2514,16,267,38,1462,24,1003,11
2514,16,267,38,1462,24,1044,11
2514,16,267,38,1462,24,1068,11
2514,16,267,38,1462,24,1153,11
2514,16,267,38,1462,24,1186,11
2514,16,267,38,1462,24,1194,11
2514,16,267,38,1462,24,1259,11
2514,16,267,38,1462,24,1260,11
2514,16,267,38,1462,24,1312,11
2514,16,267,38,1462,24,1388,11
2514,16,267,38,1462,24,1391,11
2514,16,267,38,1462,24,1422,11
2514,16,267,38,1462,24,1556,11
2514,16,267,38,1462,24,1568,11
2514,16,267,38,1462,24,1599,11
2514,16,267,38,1462,24,1747,11
2514,16,267,38,1462,24,1773,11
2514,16,267,38,1462,24,1799,11
2514,16,267,38,1462,24,1818,11
2514,16,267,38,1462,24,1873,11
2514,16,267,38,1462,24,1940,11
2514,16,267,38,1462,24,1956,11
2514,16,267,38,1462,24,1997,11
2514,16,267,38,1462,24,2068,11
2514,16,267,38,1462,24,2079,11
2514,16,267,38,1462,24,2123,11
2514,16,267,38,1462,24,2196,11
2514,16,267,38,1462,24,2206,11
2514,16,267,38,1462,24,2216,11
2514,16,267,38,1462,24,2244,11
2514,16,267,38,1462,24,2259,11
2514,16,267,38,1462,24,2261,11
2514,16,267,38,1462,24,2289,11
2514,16,267,38,1462,24,2359,11
2514,16,267,38,1462,24,2370,11
2514,16,267,38,1462,24,2405,11
2514,16,267,38,1519,42,45,11
2514,16,267,38,1519,42,159,11
2514,16,267,38,1519,42,272,11
2514,16,267,38,1519,42,338,11
2514,16,267,38,1519,42,390,11
2514,16,267,38,1519,42,457,11
2514,16,267,38,1519,42,463,11
2514,16,267,38,1519,42,620,11
2514,16,267,38,1519,42,700,11
2514,16,267,38,1519,42,742,11
2514,16,267,38,1519,42,758,11
2514,16,267,38,1519,42,879,11
2514,16,267,38,1519,42,927,11
2514,16,267,38,1519,42,979,11
2514,16,267,38,1519,42,1003,11
2514,16,267,38,1519,42,1044,11
2514,16,267,38,1519,42,1068,11
2514,16,267,38,1519,42,1153,11
2514,16,267,38,1519,42,1186,11
2514,16,267,38,1519,42,1194,11
2514,16,267,38,1519,42,1259,11
2514,16,267,38,1519,42,1260,11
2514,16,267,38,1519,42,1312,11
2514,16,267,38,1519,42,1388,11
2514,16,267,38,1519,42,1391,11
2514,16,267,38,1519,42,1422,11
2514,16,267,38,1519,42,1556,11
2514,16,267,38,1519,42,1568,11
2514,16,267,38,1519,42,1599,11
2514,16,267,38,1519,42,1747,11
2514,16,267,38,1519,42,1773,11
2514,16,267,38,1519,42,1799,11
2514,16,267,38,1519,42,1818,11
2514,16,267,38,1519,42,1873,11
2514,16,267,38,1519,42,1940,11
2514,16,267,38,1519,42,1956,11
2514,16,267,38,1519,42,1997,11
2514,16,267,38,1519,42,2068,11
2514,16,267,38,1519,42,2079,11
2514,16,267,38,1519,42,2123,11
2514,16,267,38,1519,42,2196,11
2514,16,267,38,1519,42,2206,11
2514,16,267,38,1519,42,2216,11
2514,16,267,38,1519,42,2244,11
2514,16,267,38,1519,42,2259,11
2514,16,267,38,1519,42,2261,11
2514,16,267,38,1519,42,2289,11
2514,16,267,38,1519,42,2359,11
2514,16,267,38,1519,42,2370,11
2514,16,267,38,1519,42,2405,11
2514,16,267,38,1544,21,45,11
2514,16,267,38,1544,21,159,11
2514,16,267,38,1544,21,272,11
2514,16,267,38,1544,21,338,11
2514,16,267,38,1544,21,390,11
2514,16,267,38,1544,21,457,11
2514,16,267,38,1544,21,463,11
2514,16,267,38,1544,21,620,11
2514,16,267,38,1544,21,700,11
2514,16,267,38,1544,21,742,11
2514,16,267,38,1544,21,758,11
2514,16,267,38,1544,21,879,11
2514,16,267,38,1544,21,927,11
2514,16,267,38,1544,21,979,11
2514,16,267,38,1544,21,1003,11
2514,16,267,38,1544,21,1044,11
2514,16,267,38,1544,21,1068,11
2514,16,267,38,1544,21,1153,11
2514,16,267,38,1544,21,1186,11
2514,16,267,38,1544,21,1194,11
2514,16,267,38,1544,21,1259,11
2514,16,267,38,1544,21,1260,11
2514,16,267,38,1544,21,1312,11
2514,16,267,38,1544,21,1388,11
2514,16,267,38,1544,21,1391,11
2514,16,267,38,1544,21,1422,11
2514,16,267,38,1544,21,1556,11
2514,16,267,38,1544,21,1568,11
2514,16,267,38,1544,21,1599,11
2514,16,267,38,1544,21,1747,11
2514,16,267,38,1544,21,1773,11
2514,16,267,38,1544,21,1799,11
2514,16,267,38,1544,21,1818,11
2514,16,267,38,1544,21,1873,11
2514,16,267,38,1544,21,1940,11
2514,16,267,38,1544,21,1956,11
2514,16,267,38,1544,21,1997,11
2514,16,267,38,1544,21,2068,11
2514,16,267,38,1544,21,2079,11
2514,16,267,38,1544,21,2123,11
2514,16,267,38,1544,21,2196,11
2514,16,267,38,1544,21,2206,11
2514,16,267,38,1544,21,2216,11
2514,16,267,38,1544,21,2244,11
2514,16,267,38,1544,21,2259,11
2514,16,267,38,1544,21,2261,11
2514,16,267,38,1544,21,2289,11
2514,16,267,38,1544,21,2359,11
2514,16,267,38,1544,21,2370,11
2514,16,267,38,1544,21,2405,11
2514,16,267,38,1569,23,45,11
2514,16,267,38,1569,23,159,11
2514,16,267,38,1569,23,272,11
2514,16,267,38,1569,23,338,11
2514,16,267,38,1569,23,390,11
2514,16,267,38,1569,23,457,11
2514,16,267,38,1569,23,463,11
2514,16,267,38,1569,23,620,11
2514,16,267,38,1569,23,700,11
2514,16,267,38,1569,23,742,11
2514,16,267,38,1569,23,758,11
2514,16,267,38,1569,23,879,11
2514,16,267,38,1569,23,927,11
2514,16,267,38,1569,23,979,11
2514,16,267,38,1569,23,1003,11
2514,16,267,38,1569,23,1044,11
2514,16,267,38,1569,23,1068,11
2514,16,267,38,1569,23,1153,11
2514,16,267,38,1569,23,1186,11
2514,16,267,38,1569,23,1194,11
2514,16,267,38,1569,23,1259,11
2514,16,267,38,1569,23,1260,11
2514,16,267,38,1569,23,1312,11
2514,16,267,38,1569,23,1388,11
2514,16,267,38,1569,23,1391,11
2514,16,267,38,1569,23,1422,11
2514,16,267,38,1569,23,1556,11
2514,16,267,38,1569,23,1568,11
2514,16,267,38,1569,23,1599,11
2514,16,267,38,1569,23,1747,11
2514,16,267,38,1569,23,1773,11
2514,16,267,38,1569,23,1799,11
2514,16,267,38,1569,23,1818,11
2514,16,267,38,1569,23,1873,11
2514,16,267,38,1569,23,1940,11
2514,16,267,38,1569,23,1956,11
2514,16,267,38,1569,23,1997,11
2514,16,267,38,1569,23,2068,11
2514,16,267,38,1569,23,2079,11
2514,16,267,38,1569,23,2123,11
2514,16,267,38,1569,23,2196,11
2514,16,267,38,1569,23,2206,11
2514,16,267,38,1569,23,2216,11
2514,16,267,38,1569,23,2244,11
2514,16,267,38,1569,23,2259,11
2514,16,267,38,1569,23,2261,11
2514,16,267,38,1569,23,2289,11
2514,16,267,38,1569,23,2359,11
2514,16,267,38,1569,23,2370,11
2514,16,267,38,1569,23,2405,11
2514,16,267,38,1692,44,45,11
2514,16,267,38,1692,44,159,11
2514,16,267,38,1692,44,272,11
2514,16,267,38,1692,44,338,11
2514,16,267,38,1692,44,390,11
2514,16,267,38,1692,44,457,11
2514,16,267,38,1692,44,463,11
2514,16,267,38,1692,44,620,11
2514,16,267,38,1692,44,700,11
2514,16,267,38,1692,44,742,11
2514,16,267,38,1692,44,758,11
2514,16,267,38,1692,44,879,11
2514,16,267,38,1692,44,927,11
2514,16,267,38,1692,44,979,11
2514,16,267,38,1692,44,1003,11
2514,16,267,38,1692,44,1044,11
2514,16,267,38,1692,44,1068,11
2514,16,267,38,1692,44,1153,11
2514,16,267,38,1692,44,1186,11
2514,16,267,38,1692,44,1194,11
2514,16,267,38,1692,44,1259,11
2514,16,267,38,1692,44,1260,11
2514,16,267,38,1692,44,1312,11
2514,16,267,38,1692,44,1388,11
2514,16,267,38,1692,44,1391,11
2514,16,267,38,1692,44,1422,11
2514,16,267,38,1692,44,1556,11
2514,16,267,38,1692,44,1568,11
2514,16,267,38,1692,44,1599,11
2514,16,267,38,1692,44,1747,11
2514,16,267,38,1692,44,1773,11
2514,16,267,38,1692,44,1799,11
2514,16,267,38,1692,44,1818,11
2514,16,267,38,1692,44,1873,11
2514,16,267,38,1692,44,1940,11
2514,16,267,38,1692,44,1956,11
2514,16,267,38,1692,44,1997,11
2514,16,267,38,1692,44,2068,11
2514,16,267,38,1692,44,2079,11
2514,16,267,38,1692,44,2123,11
2514,16,267,38,1692,44,2196,11
2514,16,267,38,1692,44,2206,11
2514,16,267,38,1692,44,2216,11
2514,16,267,38,1692,44,2244,11
2514,16,267,38,1692,44,2259,11
2514,16,267,38,1692,44,2261,11
2514,16,267,38,1692,44,2289,11
2514,16,267,38,1692,44,2359,11
2514,16,267,38,1692,44,2370,11
2514,16,267,38,1692,44,2405,11
2514,16,267,38,1693,16,45,11
2514,16,267,38,1693,16,159,11
2514,16,267,38,1693,16,272,11
2514,16,267,38,1693,16,338,11
2514,16,267,38,1693,16,390,11
2514,16,267,38,1693,16,457,11
2514,16,267,38,1693,16,463,11
2514,16,267,38,1693,16,620,11
2514,16,267,38,1693,16,700,11
2514,16,267,38,1693,16,742,11
2514,16,267,38,1693,16,758,11
2514,16,267,38,1693,16,879,11
2514,16,267,38,1693,16,927,11
2514,16,267,38,1693,16,979,11
2514,16,267,38,1693,16,1003,11
2514,16,267,38,1693,16,1044,11
2514,16,267,38,1693,16,1068,11
2514,16,267,38,1693,16,1153,11
2514,16,267,38,1693,16,1186,11
2514,16,267,38,1693,16,1194,11
2514,16,267,38,1693,16,1259,11
2514,16,267,38,1693,16,1260,11
2514,16,267,38,1693,16,1312,11
2514,16,267,38,1693,16,1388,11
2514,16,267,38,1693,16,1391,11
2514,16,267,38,1693,16,1422,11
2514,16,267,38,1693,16,1556,11
2514,16,267,38,1693,16,1568,11
2514,16,267,38,1693,16,1599,11
2514,16,267,38,1693,16,1747,11
2514,16,267,38,1693,16,1773,11
2514,16,267,38,1693,16,1799,11
2514,16,267,38,1693,16,1818,11
2514,16,267,38,1693,16,1873,11
2514,16,267,38,1693,16,1940,11
2514,16,267,38,1693,16,1956,11
2514,16,267,38,1693,16,1997,11
2514,16,267,38,1693,16,2068,11
2514,16,267,38,1693,16,2079,11
2514,16,267,38,1693,16,2123,11
2514,16,267,38,1693,16,2196,11
2514,16,267,38,1693,16,2206,11
2514,16,267,38,1693,16,2216,11
2514,16,267,38,1693,16,2244,11
2514,16,267,38,1693,16,2259,11
2514,16,267,38,1693,16,2261,11
2514,16,267,38,1693,16,2289,11
2514,16,267,38,1693,16,2359,11
2514,16,267,38,1693,16,2370,11
2514,16,267,38,1693,16,2405,11
