2514,16,331,25,284,36,45,11
2514,16,331,25,284,36,159,11
2514,16,331,25,284,36,272,11
2514,16,331,25,284,36,338,11
2514,16,331,25,284,36,390,11
2514,16,331,25,284,36,457,11
2514,16,331,25,284,36,463,11
2514,16,331,25,284,36,620,11
2514,16,331,25,284,36,700,11
2514,16,331,25,284,36,742,11
2514,16,331,25,284,36,758,11
2514,16,331,25,284,36,879,11
2514,16,331,25,284,36,927,11
2514,16,331,25,284,36,979,11
2514,16,331,25,284,36,1003,11
2514,16,331,25,284,36,1044,11
2514,16,331,25,284,36,1068,11
2514,16,331,25,284,36,1153,11
2514,16,331,25,284,36,1186,11
2514,16,331,25,284,36,1194,11
2514,16,331,25,284,36,1259,11
2514,16,331,25,284,36,1260,11
2514,16,331,25,284,36,1312,11
2514,16,331,25,284,36,1388,11
2514,16,331,25,284,36,1391,11
2514,16,331,25,284,36,1422,11
2514,16,331,25,284,36,1556,11
2514,16,331,25,284,36,1568,11
2514,16,331,25,284,36,1599,11
2514,16,331,25,284,36,1747,11
2514,16,331,25,284,36,1773,11
2514,16,331,25,284,36,1799,11
2514,16,331,25,284,36,1818,11
2514,16,331,25,284,36,1873,11
2514,16,331,25,284,36,1940,11
2514,16,331,25,284,36,1956,11
2514,16,331,25,284,36,1997,11
2514,16,331,25,284,36,2068,11
2514,16,331,25,284,36,2079,11
2514,16,331,25,284,36,2123,11
2514,16,331,25,284,36,2196,11
2514,16,331,25,284,36,2206,11
2514,16,331,25,284,36,2216,11
2514,16,331,25,284,36,2244,11
2514,16,331,25,284,36,2259,11
2514,16,331,25,284,36,2261,11
2514,16,331,25,284,36,2289,11
2514,16,331,25,284,36,2359,11
2514,16,331,25,284,36,2370,11
2514,16,331,25,284,36,2405,11
2514,16,331,25,521,11,45,11
2514,16,331,25,521,11,159,11
2514,16,331,25,521,11,272,11
2514,16,331,25,521,11,338,11
2514,16,331,25,521,11,390,11
2514,16,331,25,521,11,457,11
2514,16,331,25,521,11,463,11
2514,16,331,25,521,11,620,11
2514,16,331,25,521,11,700,11
2514,16,331,25,521,11,742,11
2514,16,331,25,521,11,758,11
2514,16,331,25,521,11,879,11
2514,16,331,25,521,11,927,11
2514,16,331,25,521,11,979,11
2514,16,331,25,521,11,1003,11
2514,16,331,25,521,11,1044,11
2514,16,331,25,521,11,1068,11
2514,16,331,25,521,11,1153,11
2514,16,331,25,521,11,1186,11
2514,16,331,25,521,11,1194,11
2514,16,331,25,521,11,1259,11
2514,16,331,25,521,11,1260,11
2514,16,331,25,521,11,1312,11
2514,16,331,25,521,11,1388,11
2514,16,331,25,521,11,1391,11
2514,16,331,25,521,11,1422,11
2514,16,331,25,521,11,1556,11
2514,16,331,25,521,11,1568,11
2514,16,331,25,521,11,1599,11
2514,16,331,25,521,11,1747,11
2514,16,331,25,521,11,1773,11
2514,16,331,25,521,11,1799,11
2514,16,331,25,521,11,1818,11
2514,16,331,25,521,11,1873,11
2514,16,331,25,521,11,1940,11
2514,16,331,25,521,11,1956,11
2514,16,331,25,521,11,1997,11
2514,16,331,25,521,11,2068,11
2514,16,331,25,521,11,2079,11
2514,16,331,25,521,11,2123,11
2514,16,331,25,521,11,2196,11
2514,16,331,25,521,11,2206,11
2514,16,331,25,521,11,2216,11
2514,16,331,25,521,11,2244,11
2514,16,331,25,521,11,2259,11
2514,16,331,25,521,11,2261,11
2514,16,331,25,521,11,2289,11
2514,16,331,25,521,11,2359,11
2514,16,331,25,521,11,2370,11
2514,16,331,25,521,11,2405,11
2514,16,331,25,644,18,45,11
2514,16,331,25,644,18,159,11
2514,16,331,25,644,18,272,11
2514,16,331,25,644,18,338,11
2514,16,331,25,644,18,390,11
2514,16,331,25,644,18,457,11
2514,16,331,25,644,18,463,11
2514,16,331,25,644,18,620,11
2514,16,331,25,644,18,700,11
2514,16,331,25,644,18,742,11
2514,16,331,25,644,18,758,11
2514,16,331,25,644,18,879,11
2514,16,331,25,644,18,927,11
2514,16,331,25,644,18,979,11
2514,16,331,25,644,18,1003,11
2514,16,331,25,644,18,1044,11
2514,16,331,25,644,18,1068,11
2514,16,331,25,644,18,1153,11
2514,16,331,25,644,18,1186,11
2514,16,331,25,644,18,1194,11
2514,16,331,25,644,18,1259,11
2514,16,331,25,644,18,1260,11
2514,16,331,25,644,18,1312,11
2514,16,331,25,644,18,1388,11
2514,16,331,25,644,18,1391,11
2514,16,331,25,644,18,1422,11
2514,16,331,25,644,18,1556,11
2514,16,331,25,644,18,1568,11
2514,16,331,25,644,18,1599,11
2514,16,331,25,644,18,1747,11
2514,16,331,25,644,18,1773,11
2514,16,331,25,644,18,1799,11
2514,16,331,25,644,18,1818,11
2514,16,331,25,644,18,1873,11
2514,16,331,25,644,18,1940,11
2514,16,331,25,644,18,1956,11
2514,16,331,25,644,18,1997,11
2514,16,331,25,644,18,2068,11
2514,16,331,25,644,18,2079,11
2514,16,331,25,644,18,2123,11
2514,16,331,25,644,18,2196,11
2514,16,331,25,644,18,2206,11
2514,16,331,25,644,18,2216,11
2514,16,331,25,644,18,2244,11
2514,16,331,25,644,18,2259,11
2514,16,331,25,644,18,2261,11
2514,16,331,25,644,18,2289,11
2514,16,331,25,644,18,2359,11
2514,16,331,25,644,18,2370,11
2514,16,331,25,644,18,2405,11
2514,16,331,25,771,27,45,11
2514,16,331,25,771,27,159,11
2514,16,331,25,771,27,272,11
2514,16,331,25,771,27,338,11
2514,16,331,25,771,27,390,11
2514,16,331,25,771,27,457,11
2514,16,331,25,771,27,463,11
2514,16,331,25,771,27,620,11
2514,16,331,25,771,27,700,11
2514,16,331,25,771,27,742,11
2514,16,331,25,771,27,758,11
2514,16,331,25,771,27,879,11
2514,16,331,25,771,27,927,11
2514,16,331,25,771,27,979,11
2514,16,331,25,771,27,1003,11
2514,16,331,25,771,27,1044,11
2514,16,331,25,771,27,1068,11
2514,16,331,25,771,27,1153,11
2514,16,331,25,771,27,1186,11
2514,16,331,25,771,27,1194,11
2514,16,331,25,771,27,1259,11
2514,16,331,25,771,27,1260,11
2514,16,331,25,771,27,1312,11
2514,16,331,25,771,27,1388,11
2514,16,331,25,771,27,1391,11
2514,16,331,25,771,27,1422,11
2514,16,331,25,771,27,1556,11
2514,16,331,25,771,27,1568,11
2514,16,331,25,771,27,1599,11
2514,16,331,25,771,27,1747,11
2514,16,331,25,771,27,1773,11
2514,16,331,25,771,27,1799,11
2514,16,331,25,771,27,1818,11
2514,16,331,25,771,27,1873,11
2514,16,331,25,771,27,1940,11
2514,16,331,25,771,27,1956,11
2514,16,331,25,771,27,1997,11
2514,16,331,25,771,27,2068,11
2514,16,331,25,771,27,2079,11
2514,16,331,25,771,27,2123,11
2514,16,331,25,771,27,2196,11
2514,16,331,25,771,27,2206,11
2514,16,331,25,771,27,2216,11
2514,16,331,25,771,27,2244,11
2514,16,331,25,771,27,2259,11
2514,16,331,25,771,27,2261,11
2514,16,331,25,771,27,2289,11
2514,16,331,25,771,27,2359,11
2514,16,331,25,771,27,2370,11
2514,16,331,25,771,27,2405,11
2514,16,331,25,928,25,45,11
2514,16,331,25,928,25,159,11
2514,16,331,25,928,25,272,11
2514,16,331,25,928,25,338,11
2514,16,331,25,928,25,390,11
2514,16,331,25,928,25,457,11
2514,16,331,25,928,25,463,11
2514,16,331,25,928,25,620,11
2514,16,331,25,928,25,700,11
2514,16,331,25,928,25,742,11
2514,16,331,25,928,25,758,11
2514,16,331,25,928,25,879,11
2514,16,331,25,928,25,927,11
2514,16,331,25,928,25,979,11
2514,16,331,25,928,25,1003,11
2514,16,331,25,928,25,1044,11
2514,16,331,25,928,25,1068,11
2514,16,331,25,928,25,1153,11
2514,16,331,25,928,25,1186,11
2514,16,331,25,928,25,1194,11
2514,16,331,25,928,25,1259,11
2514,16,331,25,928,25,1260,11
2514,16,331,25,928,25,1312,11
2514,16,331,25,928,25,1388,11
2514,16,331,25,928,25,1391,11
2514,16,331,25,928,25,1422,11
2514,16,331,25,928,25,1556,11
2514,16,331,25,928,25,1568,11
2514,16,331,25,928,25,1599,11
2514,16,331,25,928,25,1747,11
2514,16,331,25,928,25,1773,11
2514,16,331,25,928,25,1799,11
2514,16,331,25,928,25,1818,11
2514,16,331,25,928,25,1873,11
2514,16,331,25,928,25,1940,11
2514,16,331,25,928,25,1956,11
2514,16,331,25,928,25,1997,11
2514,16,331,25,928,25,2068,11
2514,16,331,25,928,25,2079,11
2514,16,331,25,928,25,2123,11
2514,16,331,25,928,25,2196,11
2514,16,331,25,928,25,2206,11
2514,16,331,25,928,25,2216,11
2514,16,331,25,928,25,2244,11
2514,16,331,25,928,25,2259,11
2514,16,331,25,928,25,2261,11
2514,16,331,25,928,25,2289,11
2514,16,331,25,928,25,2359,11
2514,16,331,25,928,25,2370,11
2514,16,331,25,928,25,2405,11
2514,16,331,25,1003,50,45,11
2514,16,331,25,1003,50,159,11
2514,16,331,25,1003,50,272,11
2514,16,331,25,1003,50,338,11
2514,16,331,25,1003,50,390,11
2514,16,331,25,1003,50,457,11
2514,16,331,25,1003,50,463,11
2514,16,331,25,1003,50,620,11
2514,16,331,25,1003,50,700,11
2514,16,331,25,1003,50,742,11
2514,16,331,25,1003,50,758,11
2514,16,331,25,1003,50,879,11
2514,16,331,25,1003,50,927,11
2514,16,331,25,1003,50,979,11
2514,16,331,25,1003,50,1003,11
2514,16,331,25,1003,50,1044,11
2514,16,331,25,1003,50,1068,11
2514,16,331,25,1003,50,1153,11
2514,16,331,25,1003,50,1186,11
2514,16,331,25,1003,50,1194,11
2514,16,331,25,1003,50,1259,11
2514,16,331,25,1003,50,1260,11
2514,16,331,25,1003,50,1312,11
2514,16,331,25,1003,50,1388,11
2514,16,331,25,1003,50,1391,11
2514,16,331,25,1003,50,1422,11
2514,16,331,25,1003,50,1556,11
2514,16,331,25,1003,50,1568,11
2514,16,331,25,1003,50,1599,11
2514,16,331,25,1003,50,1747,11
2514,16,331,25,1003,50,1773,11
2514,16,331,25,1003,50,1799,11
2514,16,331,25,1003,50,1818,11
2514,16,331,25,1003,50,1873,11
2514,16,331,25,1003,50,1940,11
2514,16,331,25,1003,50,1956,11
2514,16,331,25,1003,50,1997,11
2514,16,331,25,1003,50,2068,11
2514,16,331,25,1003,50,2079,11
2514,16,331,25,1003,50,2123,11
2514,16,331,25,1003,50,2196,11
2514,16,331,25,1003,50,2206,11
2514,16,331,25,1003,50,2216,11
2514,16,331,25,1003,50,2244,11
2514,16,331,25,1003,50,2259,11
2514,16,331,25,1003,50,2261,11
2514,16,331,25,1003,50,2289,11
2514,16,331,25,1003,50,2359,11
2514,16,331,25,1003,50,2370,11
2514,16,331,25,1003,50,2405,11
2514,16,331,25,1061,26,45,11
2514,16,331,25,1061,26,159,11
2514,16,331,25,1061,26,272,11
2514,16,331,25,1061,26,338,11
2514,16,331,25,1061,26,390,11
2514,16,331,25,1061,26,457,11
2514,16,331,25,1061,26,463,11
2514,16,331,25,1061,26,620,11
2514,16,331,25,1061,26,700,11
2514,16,331,25,1061,26,742,11
2514,16,331,25,1061,26,758,11
2514,16,331,25,1061,26,879,11
2514,16,331,25,1061,26,927,11
2514,16,331,25,1061,26,979,11
2514,16,331,25,1061,26,1003,11
2514,16,331,25,1061,26,1044,11
2514,16,331,25,1061,26,1068,11
2514,16,331,25,1061,26,1153,11
2514,16,331,25,1061,26,1186,11
2514,16,331,25,1061,26,1194,11
2514,16,331,25,1061,26,1259,11
2514,16,331,25,1061,26,1260,11
2514,16,331,25,1061,26,1312,11
2514,16,331,25,1061,26,1388,11
2514,16,331,25,1061,26,1391,11
2514,16,331,25,1061,26,1422,11
2514,16,331,25,1061,26,1556,11
2514,16,331,25,1061,26,1568,11
2514,16,331,25,1061,26,1599,11
2514,16,331,25,1061,26,1747,11
2514,16,331,25,1061,26,1773,11
2514,16,331,25,1061,26,1799,11
2514,16,331,25,1061,26,1818,11
2514,16,331,25,1061,26,1873,11
2514,16,331,25,1061,26,1940,11
2514,16,331,25,1061,26,1956,11
2514,16,331,25,1061,26,1997,11
2514,16,331,25,1061,26,2068,11
2514,16,331,25,1061,26,2079,11
2514,16,331,25,1061,26,2123,11
2514,16,331,25,1061,26,2196,11
2514,16,331,25,1061,26,2206,11
2514,16,331,25,1061,26,2216,11
2514,16,331,25,1061,26,2244,11
2514,16,331,25,1061,26,2259,11
2514,16,331,25,1061,26,2261,11
2514,16,331,25,1061,26,2289,11
2514,16,331,25,1061,26,2359,11
2514,16,331,25,1061,26,2370,11
2514,16,331,25,1061,26,2405,11
2514,16,331,25,1111,29,45,11
2514,16,331,25,1111,29,159,11
2514,16,331,25,1111,29,272,11
2514,16,331,25,1111,29,338,11
2514,16,331,25,1111,29,390,11
2514,16,331,25,1111,29,457,11
2514,16,331,25,1111,29,463,11
2514,16,331,25,1111,29,620,11
2514,16,331,25,1111,29,700,11
2514,16,331,25,1111,29,742,11
2514,16,331,25,1111,29,758,11
2514,16,331,25,1111,29,879,11
2514,16,331,25,1111,29,927,11
2514,16,331,25,1111,29,979,11
2514,16,331,25,1111,29,1003,11
2514,16,331,25,1111,29,1044,11
2514,16,331,25,1111,29,1068,11
2514,16,331,25,1111,29,1153,11
2514,16,331,25,1111,29,1186,11
2514,16,331,25,1111,29,1194,11
2514,16,331,25,1111,29,1259,11
2514,16,331,25,1111,29,1260,11
2514,16,331,25,1111,29,1312,11
2514,16,331,25,1111,29,1388,11
2514,16,331,25,1111,29,1391,11
2514,16,331,25,1111,29,1422,11
2514,16,331,25,1111,29,1556,11
2514,16,331,25,1111,29,1568,11
2514,16,331,25,1111,29,1599,11
2514,16,331,25,1111,29,1747,11
2514,16,331,25,1111,29,1773,11
2514,16,331,25,1111,29,1799,11
2514,16,331,25,1111,29,1818,11
2514,16,331,25,1111,29,1873,11
2514,16,331,25,1111,29,1940,11
2514,16,331,25,1111,29,1956,11
2514,16,331,25,1111,29,1997,11
2514,16,331,25,1111,29,2068,11
2514,16,331,25,1111,29,2079,11
2514,16,331,25,1111,29,2123,11
2514,16,331,25,1111,29,2196,11
2514,16,331,25,1111,29,2206,11
2514,16,331,25,1111,29,2216,11
2514,16,331,25,1111,29,2244,11
2514,16,331,25,1111,29,2259,11
2514,16,331,25,1111,29,2261,11
2514,16,331,25,1111,29,2289,11
2514,16,331,25,1111,29,2359,11
2514,16,331,25,1111,29,2370,11
2514,16,331,25,1111,29,2405,11
2514,16,331,25,1174,27,159,11
2514,16,331,25,1174,27,272,11
2514,16,331,25,1174,27,457,11
2514,16,331,25,1174,27,463,11
2514,16,331,25,1174,27,700,11
2514,16,331,25,1174,27,879,11
2514,16,331,25,1174,27,927,11
2514,16,331,25,1174,27,1003,11
2514,16,331,25,1174,27,1068,11
2514,16,331,25,1174,27,1153,11
2514,16,331,25,1174,27,1194,11
2514,16,331,25,1174,27,1260,11
2514,16,331,25,1174,27,1388,11
2514,16,331,25,1174,27,1391,11
2514,16,331,25,1174,27,1422,11
2514,16,331,25,1174,27,1556,11
2514,16,331,25,1174,27,1568,11
2514,16,331,25,1174,27,1599,11
2514,16,331,25,1174,27,1747,11
2514,16,331,25,1174,27,1818,11
2514,16,331,25,1174,27,1873,11
2514,16,331,25,1174,27,1940,11
2514,16,331,25,1174,27,2068,11
2514,16,331,25,1174,27,2079,11
2514,16,331,25,1174,27,2123,11
2514,16,331,25,1174,27,2196,11
2514,16,331,25,1174,27,2216,11
2514,16,331,25,1174,27,2259,11
2514,16,331,25,1174,27,2370,11
2514,16,331,25,1174,27,2405,11
2514,16,331,25,1364,49,45,11
2514,16,331,25,1364,49,390,11
2514,16,331,25,1364,49,620,11
2514,16,331,25,1364,49,979,11
2514,16,331,25,1364,49,1799,11
2514,16,331,25,1364,49,1956,11
2514,16,331,25,1364,49,2206,11
2514,16,331,25,1364,49,2244,11
2514,16,331,25,1364,49,2261,11
2514,16,331,25,1364,49,2359,11
2514,16,331,25,1469,26,45,11
2514,16,331,25,1469,26,159,11
2514,16,331,25,1469,26,272,11
2514,16,331,25,1469,26,338,11
2514,16,331,25,1469,26,390,11
2514,16,331,25,1469,26,457,11
2514,16,331,25,1469,26,463,11
2514,16,331,25,1469,26,620,11
2514,16,331,25,1469,26,700,11
2514,16,331,25,1469,26,742,11
2514,16,331,25,1469,26,758,11
2514,16,331,25,1469,26,879,11
2514,16,331,25,1469,26,927,11
2514,16,331,25,1469,26,979,11
2514,16,331,25,1469,26,1003,11
2514,16,331,25,1469,26,1044,11
2514,16,331,25,1469,26,1068,11
2514,16,331,25,1469,26,1153,11
2514,16,331,25,1469,26,1186,11
2514,16,331,25,1469,26,1194,11
2514,16,331,25,1469,26,1259,11
2514,16,331,25,1469,26,1260,11
2514,16,331,25,1469,26,1312,11
2514,16,331,25,1469,26,1388,11
2514,16,331,25,1469,26,1391,11
2514,16,331,25,1469,26,1422,11
2514,16,331,25,1469,26,1556,11
2514,16,331,25,1469,26,1568,11
2514,16,331,25,1469,26,1599,11
2514,16,331,25,1469,26,1747,11
2514,16,331,25,1469,26,1773,11
2514,16,331,25,1469,26,1799,11
2514,16,331,25,1469,26,1818,11
2514,16,331,25,1469,26,1873,11
2514,16,331,25,1469,26,1940,11
2514,16,331,25,1469,26,1956,11
2514,16,331,25,1469,26,1997,11
2514,16,331,25,1469,26,2068,11
2514,16,331,25,1469,26,2079,11
2514,16,331,25,1469,26,2123,11
2514,16,331,25,1469,26,2196,11
2514,16,331,25,1469,26,2206,11
2514,16,331,25,1469,26,2216,11
2514,16,331,25,1469,26,2244,11
2514,16,331,25,1469,26,2259,11
2514,16,331,25,1469,26,2261,11
2514,16,331,25,1469,26,2289,11
2514,16,331,25,1469,26,2359,11
2514,16,331,25,1469,26,2370,11
2514,16,331,25,1469,26,2405,11
2514,16,331,25,1594,48,45,11
2514,16,331,25,1594,48,159,11
2514,16,331,25,1594,48,272,11
2514,16,331,25,1594,48,338,11
2514,16,331,25,1594,48,390,11
2514,16,331,25,1594,48,457,11
2514,16,331,25,1594,48,463,11
2514,16,331,25,1594,48,620,11
2514,16,331,25,1594,48,700,11
2514,16,331,25,1594,48,742,11
2514,16,331,25,1594,48,758,11
2514,16,331,25,1594,48,879,11
2514,16,331,25,1594,48,927,11
2514,16,331,25,1594,48,979,11
2514,16,331,25,1594,48,1003,11
2514,16,331,25,1594,48,1044,11
2514,16,331,25,1594,48,1068,11
2514,16,331,25,1594,48,1153,11
2514,16,331,25,1594,48,1186,11
2514,16,331,25,1594,48,1194,11
2514,16,331,25,1594,48,1259,11
2514,16,331,25,1594,48,1260,11
2514,16,331,25,1594,48,1312,11
2514,16,331,25,1594,48,1388,11
2514,16,331,25,1594,48,1391,11
2514,16,331,25,1594,48,1422,11
2514,16,331,25,1594,48,1556,11
2514,16,331,25,1594,48,1568,11
2514,16,331,25,1594,48,1599,11
2514,16,331,25,1594,48,1747,11
2514,16,331,25,1594,48,1773,11
2514,16,331,25,1594,48,1799,11
2514,16,331,25,1594,48,1818,11
2514,16,331,25,1594,48,1873,11
2514,16,331,25,1594,48,1940,11
2514,16,331,25,1594,48,1956,11
2514,16,331,25,1594,48,1997,11
2514,16,331,25,1594,48,2068,11
2514,16,331,25,1594,48,2079,11
2514,16,331,25,1594,48,2123,11
2514,16,331,25,1594,48,2196,11
2514,16,331,25,1594,48,2206,11
2514,16,331,25,1594,48,2216,11
2514,16,331,25,1594,48,2244,11
2514,16,331,25,1594,48,2259,11
2514,16,331,25,1594,48,2261,11
2514,16,331,25,1594,48,2289,11
2514,16,331,25,1594,48,2359,11
2514,16,331,25,1594,48,2370,11
2514,16,331,25,1594,48,2405,11
2514,16,331,25,1635,40,45,11
2514,16,331,25,1635,40,159,11
2514,16,331,25,1635,40,272,11
2514,16,331,25,1635,40,338,11
2514,16,331,25,1635,40,390,11
2514,16,331,25,1635,40,457,11
2514,16,331,25,1635,40,463,11
2514,16,331,25,1635,40,620,11
2514,16,331,25,1635,40,700,11
2514,16,331,25,1635,40,742,11
2514,16,331,25,1635,40,758,11
2514,16,331,25,1635,40,879,11
2514,16,331,25,1635,40,927,11
2514,16,331,25,1635,40,979,11
2514,16,331,25,1635,40,1003,11
2514,16,331,25,1635,40,1044,11
2514,16,331,25,1635,40,1068,11
2514,16,331,25,1635,40,1153,11
2514,16,331,25,1635,40,1186,11
2514,16,331,25,1635,40,1194,11
2514,16,331,25,1635,40,1259,11
2514,16,331,25,1635,40,1260,11
2514,16,331,25,1635,40,1312,11
2514,16,331,25,1635,40,1388,11
2514,16,331,25,1635,40,1391,11
2514,16,331,25,1635,40,1422,11
2514,16,331,25,1635,40,1556,11
2514,16,331,25,1635,40,1568,11
2514,16,331,25,1635,40,1599,11
2514,16,331,25,1635,40,1747,11
2514,16,331,25,1635,40,1773,11
2514,16,331,25,1635,40,1799,11
2514,16,331,25,1635,40,1818,11
2514,16,331,25,1635,40,1873,11
2514,16,331,25,1635,40,1940,11
2514,16,331,25,1635,40,1956,11
2514,16,331,25,1635,40,1997,11
2514,16,331,25,1635,40,2068,11
2514,16,331,25,1635,40,2079,11
2514,16,331,25,1635,40,2123,11
2514,16,331,25,1635,40,2196,11
2514,16,331,25,1635,40,2206,11
2514,16,331,25,1635,40,2216,11
2514,16,331,25,1635,40,2244,11
2514,16,331,25,1635,40,2259,11
2514,16,331,25,1635,40,2261,11
2514,16,331,25,1635,40,2289,11
2514,16,331,25,1635,40,2359,11
2514,16,331,25,1635,40,2370,11
2514,16,331,25,1635,40,2405,11
2514,16,331,25,1968,30,45,11
2514,16,331,25,1968,30,159,11
2514,16,331,25,1968,30,272,11
2514,16,331,25,1968,30,338,11
2514,16,331,25,1968,30,390,11
2514,16,331,25,1968,30,457,11
2514,16,331,25,1968,30,463,11
2514,16,331,25,1968,30,620,11
2514,16,331,25,1968,30,700,11
2514,16,331,25,1968,30,742,11
2514,16,331,25,1968,30,758,11
2514,16,331,25,1968,30,879,11
2514,16,331,25,1968,30,927,11
2514,16,331,25,1968,30,979,11
2514,16,331,25,1968,30,1003,11
2514,16,331,25,1968,30,1044,11
2514,16,331,25,1968,30,1068,11
2514,16,331,25,1968,30,1153,11
2514,16,331,25,1968,30,1186,11
2514,16,331,25,1968,30,1194,11
2514,16,331,25,1968,30,1259,11
2514,16,331,25,1968,30,1260,11
2514,16,331,25,1968,30,1312,11
2514,16,331,25,1968,30,1388,11
2514,16,331,25,1968,30,1391,11
2514,16,331,25,1968,30,1422,11
2514,16,331,25,1968,30,1556,11
2514,16,331,25,1968,30,1568,11
2514,16,331,25,1968,30,1599,11
2514,16,331,25,1968,30,1747,11
2514,16,331,25,1968,30,1773,11
2514,16,331,25,1968,30,1799,11
2514,16,331,25,1968,30,1818,11
2514,16,331,25,1968,30,1873,11
2514,16,331,25,1968,30,1940,11
2514,16,331,25,1968,30,1956,11
2514,16,331,25,1968,30,1997,11
2514,16,331,25,1968,30,2068,11
2514,16,331,25,1968,30,2079,11
2514,16,331,25,1968,30,2123,11
2514,16,331,25,1968,30,2196,11
2514,16,331,25,1968,30,2206,11
2514,16,331,25,1968,30,2216,11
2514,16,331,25,1968,30,2244,11
2514,16,331,25,1968,30,2259,11
2514,16,331,25,1968,30,2261,11
2514,16,331,25,1968,30,2289,11
2514,16,331,25,1968,30,2359,11
2514,16,331,25,1968,30,2370,11
2514,16,331,25,1968,30,2405,11
