2514,16,1542,16,18,14,45,11
2514,16,1542,16,18,14,159,11
2514,16,1542,16,18,14,272,11
2514,16,1542,16,18,14,338,11
2514,16,1542,16,18,14,390,11
2514,16,1542,16,18,14,457,11
2514,16,1542,16,18,14,463,11
2514,16,1542,16,18,14,620,11
2514,16,1542,16,18,14,700,11
2514,16,1542,16,18,14,742,11
2514,16,1542,16,18,14,758,11
2514,16,1542,16,18,14,879,11
2514,16,1542,16,18,14,927,11
2514,16,1542,16,18,14,979,11
2514,16,1542,16,18,14,1003,11
2514,16,1542,16,18,14,1044,11
2514,16,1542,16,18,14,1068,11
2514,16,1542,16,18,14,1153,11
2514,16,1542,16,18,14,1186,11
2514,16,1542,16,18,14,1194,11
2514,16,1542,16,18,14,1259,11
2514,16,1542,16,18,14,1260,11
2514,16,1542,16,18,14,1312,11
2514,16,1542,16,18,14,1388,11
2514,16,1542,16,18,14,1391,11
2514,16,1542,16,18,14,1422,11
2514,16,1542,16,18,14,1556,11
2514,16,1542,16,18,14,1568,11
2514,16,1542,16,18,14,1599,11
2514,16,1542,16,18,14,1747,11
2514,16,1542,16,18,14,1773,11
2514,16,1542,16,18,14,1799,11
2514,16,1542,16,18,14,1818,11
2514,16,1542,16,18,14,1873,11
2514,16,1542,16,18,14,1940,11
2514,16,1542,16,18,14,1956,11
2514,16,1542,16,18,14,1997,11
2514,16,1542,16,18,14,2068,11
2514,16,1542,16,18,14,2079,11
2514,16,1542,16,18,14,2123,11
2514,16,1542,16,18,14,2196,11
2514,16,1542,16,18,14,2206,11
2514,16,1542,16,18,14,2216,11
2514,16,1542,16,18,14,2244,11
2514,16,1542,16,18,14,2259,11
2514,16,1542,16,18,14,2261,11
2514,16,1542,16,18,14,2289,11
2514,16,1542,16,18,14,2359,11
2514,16,1542,16,18,14,2370,11
2514,16,1542,16,18,14,2405,11
2514,16,1542,16,23,21,45,11
2514,16,1542,16,23,21,159,11
2514,16,1542,16,23,21,272,11
2514,16,1542,16,23,21,338,11
2514,16,1542,16,23,21,390,11
2514,16,1542,16,23,21,457,11
2514,16,1542,16,23,21,463,11
2514,16,1542,16,23,21,620,11
2514,16,1542,16,23,21,700,11
2514,16,1542,16,23,21,742,11
2514,16,1542,16,23,21,758,11
2514,16,1542,16,23,21,879,11
2514,16,1542,16,23,21,927,11
2514,16,1542,16,23,21,979,11
2514,16,1542,16,23,21,1003,11
2514,16,1542,16,23,21,1044,11
2514,16,1542,16,23,21,1068,11
2514,16,1542,16,23,21,1153,11
2514,16,1542,16,23,21,1186,11
2514,16,1542,16,23,21,1194,11
2514,16,1542,16,23,21,1259,11
2514,16,1542,16,23,21,1260,11
2514,16,1542,16,23,21,1312,11
2514,16,1542,16,23,21,1388,11
2514,16,1542,16,23,21,1391,11
2514,16,1542,16,23,21,1422,11
2514,16,1542,16,23,21,1556,11
2514,16,1542,16,23,21,1568,11
2514,16,1542,16,23,21,1599,11
2514,16,1542,16,23,21,1747,11
2514,16,1542,16,23,21,1773,11
2514,16,1542,16,23,21,1799,11
2514,16,1542,16,23,21,1818,11
2514,16,1542,16,23,21,1873,11
2514,16,1542,16,23,21,1940,11
2514,16,1542,16,23,21,1956,11
2514,16,1542,16,23,21,1997,11
2514,16,1542,16,23,21,2068,11
2514,16,1542,16,23,21,2079,11
2514,16,1542,16,23,21,2123,11
2514,16,1542,16,23,21,2196,11
2514,16,1542,16,23,21,2206,11
2514,16,1542,16,23,21,2216,11
2514,16,1542,16,23,21,2244,11
2514,16,1542,16,23,21,2259,11
2514,16,1542,16,23,21,2261,11
2514,16,1542,16,23,21,2289,11
2514,16,1542,16,23,21,2359,11
2514,16,1542,16,23,21,2370,11
2514,16,1542,16,23,21,2405,11
2514,16,1542,16,150,26,45,11
2514,16,1542,16,150,26,159,11
2514,16,1542,16,150,26,272,11
2514,16,1542,16,150,26,338,11
2514,16,1542,16,150,26,390,11
2514,16,1542,16,150,26,457,11
2514,16,1542,16,150,26,463,11
2514,16,1542,16,150,26,620,11
2514,16,1542,16,150,26,700,11
2514,16,1542,16,150,26,742,11
2514,16,1542,16,150,26,758,11
2514,16,1542,16,150,26,879,11
2514,16,1542,16,150,26,927,11
2514,16,1542,16,150,26,979,11
2514,16,1542,16,150,26,1003,11
2514,16,1542,16,150,26,1044,11
2514,16,1542,16,150,26,1068,11
2514,16,1542,16,150,26,1153,11
2514,16,1542,16,150,26,1186,11
2514,16,1542,16,150,26,1194,11
2514,16,1542,16,150,26,1259,11
2514,16,1542,16,150,26,1260,11
2514,16,1542,16,150,26,1312,11
2514,16,1542,16,150,26,1388,11
2514,16,1542,16,150,26,1391,11
2514,16,1542,16,150,26,1422,11
2514,16,1542,16,150,26,1556,11
2514,16,1542,16,150,26,1568,11
2514,16,1542,16,150,26,1599,11
2514,16,1542,16,150,26,1747,11
2514,16,1542,16,150,26,1773,11
2514,16,1542,16,150,26,1799,11
2514,16,1542,16,150,26,1818,11
2514,16,1542,16,150,26,1873,11
2514,16,1542,16,150,26,1940,11
2514,16,1542,16,150,26,1956,11
2514,16,1542,16,150,26,1997,11
2514,16,1542,16,150,26,2068,11
2514,16,1542,16,150,26,2079,11
2514,16,1542,16,150,26,2123,11
2514,16,1542,16,150,26,2196,11
2514,16,1542,16,150,26,2206,11
2514,16,1542,16,150,26,2216,11
2514,16,1542,16,150,26,2244,11
2514,16,1542,16,150,26,2259,11
2514,16,1542,16,150,26,2261,11
2514,16,1542,16,150,26,2289,11
2514,16,1542,16,150,26,2359,11
2514,16,1542,16,150,26,2370,11
2514,16,1542,16,150,26,2405,11
2514,16,1542,16,260,20,45,11
2514,16,1542,16,260,20,159,11
2514,16,1542,16,260,20,272,11
2514,16,1542,16,260,20,338,11
2514,16,1542,16,260,20,390,11
2514,16,1542,16,260,20,457,11
2514,16,1542,16,260,20,463,11
2514,16,1542,16,260,20,620,11
2514,16,1542,16,260,20,700,11
2514,16,1542,16,260,20,742,11
2514,16,1542,16,260,20,758,11
2514,16,1542,16,260,20,879,11
2514,16,1542,16,260,20,927,11
2514,16,1542,16,260,20,979,11
2514,16,1542,16,260,20,1003,11
2514,16,1542,16,260,20,1044,11
2514,16,1542,16,260,20,1068,11
2514,16,1542,16,260,20,1153,11
2514,16,1542,16,260,20,1186,11
2514,16,1542,16,260,20,1194,11
2514,16,1542,16,260,20,1259,11
2514,16,1542,16,260,20,1260,11
2514,16,1542,16,260,20,1312,11
2514,16,1542,16,260,20,1388,11
2514,16,1542,16,260,20,1391,11
2514,16,1542,16,260,20,1422,11
2514,16,1542,16,260,20,1556,11
2514,16,1542,16,260,20,1568,11
2514,16,1542,16,260,20,1599,11
2514,16,1542,16,260,20,1747,11
2514,16,1542,16,260,20,1773,11
2514,16,1542,16,260,20,1799,11
2514,16,1542,16,260,20,1818,11
2514,16,1542,16,260,20,1873,11
2514,16,1542,16,260,20,1940,11
2514,16,1542,16,260,20,1956,11
2514,16,1542,16,260,20,1997,11
2514,16,1542,16,260,20,2068,11
2514,16,1542,16,260,20,2079,11
2514,16,1542,16,260,20,2123,11
2514,16,1542,16,260,20,2196,11
2514,16,1542,16,260,20,2206,11
2514,16,1542,16,260,20,2216,11
2514,16,1542,16,260,20,2244,11
2514,16,1542,16,260,20,2259,11
2514,16,1542,16,260,20,2261,11
2514,16,1542,16,260,20,2289,11
2514,16,1542,16,260,20,2359,11
2514,16,1542,16,260,20,2370,11
2514,16,1542,16,260,20,2405,11
2514,16,1542,16,268,17,45,11
2514,16,1542,16,268,17,159,11
2514,16,1542,16,268,17,272,11
2514,16,1542,16,268,17,338,11
2514,16,1542,16,268,17,390,11
2514,16,1542,16,268,17,457,11
2514,16,1542,16,268,17,463,11
2514,16,1542,16,268,17,620,11
2514,16,1542,16,268,17,700,11
2514,16,1542,16,268,17,742,11
2514,16,1542,16,268,17,758,11
2514,16,1542,16,268,17,879,11
2514,16,1542,16,268,17,927,11
2514,16,1542,16,268,17,979,11
2514,16,1542,16,268,17,1003,11
2514,16,1542,16,268,17,1044,11
2514,16,1542,16,268,17,1068,11
2514,16,1542,16,268,17,1153,11
2514,16,1542,16,268,17,1186,11
2514,16,1542,16,268,17,1194,11
2514,16,1542,16,268,17,1259,11
2514,16,1542,16,268,17,1260,11
2514,16,1542,16,268,17,1312,11
2514,16,1542,16,268,17,1388,11
2514,16,1542,16,268,17,1391,11
2514,16,1542,16,268,17,1422,11
2514,16,1542,16,268,17,1556,11
2514,16,1542,16,268,17,1568,11
2514,16,1542,16,268,17,1599,11
2514,16,1542,16,268,17,1747,11
2514,16,1542,16,268,17,1773,11
2514,16,1542,16,268,17,1799,11
2514,16,1542,16,268,17,1818,11
2514,16,1542,16,268,17,1873,11
2514,16,1542,16,268,17,1940,11
2514,16,1542,16,268,17,1956,11
2514,16,1542,16,268,17,1997,11
2514,16,1542,16,268,17,2068,11
2514,16,1542,16,268,17,2079,11
2514,16,1542,16,268,17,2123,11
2514,16,1542,16,268,17,2196,11
2514,16,1542,16,268,17,2206,11
2514,16,1542,16,268,17,2216,11
2514,16,1542,16,268,17,2244,11
2514,16,1542,16,268,17,2259,11
2514,16,1542,16,268,17,2261,11
2514,16,1542,16,268,17,2289,11
2514,16,1542,16,268,17,2359,11
2514,16,1542,16,268,17,2370,11
2514,16,1542,16,268,17,2405,11
2514,16,1542,16,494,14,159,11
2514,16,1542,16,494,14,272,11
2514,16,1542,16,494,14,457,11
2514,16,1542,16,494,14,463,11
2514,16,1542,16,494,14,700,11
2514,16,1542,16,494,14,879,11
2514,16,1542,16,494,14,927,11
2514,16,1542,16,494,14,1003,11
2514,16,1542,16,494,14,1068,11
2514,16,1542,16,494,14,1153,11
2514,16,1542,16,494,14,1194,11
2514,16,1542,16,494,14,1260,11
2514,16,1542,16,494,14,1388,11
2514,16,1542,16,494,14,1391,11
2514,16,1542,16,494,14,1422,11
2514,16,1542,16,494,14,1556,11
2514,16,1542,16,494,14,1568,11
2514,16,1542,16,494,14,1599,11
2514,16,1542,16,494,14,1747,11
2514,16,1542,16,494,14,1818,11
2514,16,1542,16,494,14,1873,11
2514,16,1542,16,494,14,1940,11
2514,16,1542,16,494,14,2068,11
2514,16,1542,16,494,14,2079,11
2514,16,1542,16,494,14,2123,11
2514,16,1542,16,494,14,2196,11
2514,16,1542,16,494,14,2216,11
2514,16,1542,16,494,14,2259,11
2514,16,1542,16,494,14,2370,11
2514,16,1542,16,494,14,2405,11
2514,16,1542,16,647,45,45,11
2514,16,1542,16,647,45,159,11
2514,16,1542,16,647,45,272,11
2514,16,1542,16,647,45,338,11
2514,16,1542,16,647,45,390,11
2514,16,1542,16,647,45,457,11
2514,16,1542,16,647,45,463,11
2514,16,1542,16,647,45,620,11
2514,16,1542,16,647,45,700,11
2514,16,1542,16,647,45,742,11
2514,16,1542,16,647,45,758,11
2514,16,1542,16,647,45,879,11
2514,16,1542,16,647,45,927,11
2514,16,1542,16,647,45,979,11
2514,16,1542,16,647,45,1003,11
2514,16,1542,16,647,45,1044,11
2514,16,1542,16,647,45,1068,11
2514,16,1542,16,647,45,1153,11
2514,16,1542,16,647,45,1186,11
2514,16,1542,16,647,45,1194,11
2514,16,1542,16,647,45,1259,11
2514,16,1542,16,647,45,1260,11
2514,16,1542,16,647,45,1312,11
2514,16,1542,16,647,45,1388,11
2514,16,1542,16,647,45,1391,11
2514,16,1542,16,647,45,1422,11
2514,16,1542,16,647,45,1556,11
2514,16,1542,16,647,45,1568,11
2514,16,1542,16,647,45,1599,11
2514,16,1542,16,647,45,1747,11
2514,16,1542,16,647,45,1773,11
2514,16,1542,16,647,45,1799,11
2514,16,1542,16,647,45,1818,11
2514,16,1542,16,647,45,1873,11
2514,16,1542,16,647,45,1940,11
2514,16,1542,16,647,45,1956,11
2514,16,1542,16,647,45,1997,11
2514,16,1542,16,647,45,2068,11
2514,16,1542,16,647,45,2079,11
2514,16,1542,16,647,45,2123,11
2514,16,1542,16,647,45,2196,11
2514,16,1542,16,647,45,2206,11
2514,16,1542,16,647,45,2216,11
2514,16,1542,16,647,45,2244,11
2514,16,1542,16,647,45,2259,11
2514,16,1542,16,647,45,2261,11
2514,16,1542,16,647,45,2289,11
2514,16,1542,16,647,45,2359,11
2514,16,1542,16,647,45,2370,11
2514,16,1542,16,647,45,2405,11
2514,16,1542,16,782,37,45,11
2514,16,1542,16,782,37,159,11
2514,16,1542,16,782,37,272,11
2514,16,1542,16,782,37,338,11
2514,16,1542,16,782,37,390,11
2514,16,1542,16,782,37,457,11
2514,16,1542,16,782,37,463,11
2514,16,1542,16,782,37,620,11
2514,16,1542,16,782,37,700,11
2514,16,1542,16,782,37,742,11
2514,16,1542,16,782,37,758,11
2514,16,1542,16,782,37,879,11
2514,16,1542,16,782,37,927,11
2514,16,1542,16,782,37,979,11
2514,16,1542,16,782,37,1003,11
2514,16,1542,16,782,37,1044,11
2514,16,1542,16,782,37,1068,11
2514,16,1542,16,782,37,1153,11
2514,16,1542,16,782,37,1186,11
2514,16,1542,16,782,37,1194,11
2514,16,1542,16,782,37,1259,11
2514,16,1542,16,782,37,1260,11
2514,16,1542,16,782,37,1312,11
2514,16,1542,16,782,37,1388,11
2514,16,1542,16,782,37,1391,11
2514,16,1542,16,782,37,1422,11
2514,16,1542,16,782,37,1556,11
2514,16,1542,16,782,37,1568,11
2514,16,1542,16,782,37,1599,11
2514,16,1542,16,782,37,1747,11
2514,16,1542,16,782,37,1773,11
2514,16,1542,16,782,37,1799,11
2514,16,1542,16,782,37,1818,11
2514,16,1542,16,782,37,1873,11
2514,16,1542,16,782,37,1940,11
2514,16,1542,16,782,37,1956,11
2514,16,1542,16,782,37,1997,11
2514,16,1542,16,782,37,2068,11
2514,16,1542,16,782,37,2079,11
2514,16,1542,16,782,37,2123,11
2514,16,1542,16,782,37,2196,11
2514,16,1542,16,782,37,2206,11
2514,16,1542,16,782,37,2216,11
2514,16,1542,16,782,37,2244,11
2514,16,1542,16,782,37,2259,11
2514,16,1542,16,782,37,2261,11
2514,16,1542,16,782,37,2289,11
2514,16,1542,16,782,37,2359,11
2514,16,1542,16,782,37,2370,11
2514,16,1542,16,782,37,2405,11
2514,16,1542,16,846,39,45,11
2514,16,1542,16,846,39,159,11
2514,16,1542,16,846,39,272,11
2514,16,1542,16,846,39,338,11
2514,16,1542,16,846,39,390,11
2514,16,1542,16,846,39,457,11
2514,16,1542,16,846,39,463,11
2514,16,1542,16,846,39,620,11
2514,16,1542,16,846,39,700,11
2514,16,1542,16,846,39,742,11
2514,16,1542,16,846,39,758,11
2514,16,1542,16,846,39,879,11
2514,16,1542,16,846,39,927,11
2514,16,1542,16,846,39,979,11
2514,16,1542,16,846,39,1003,11
2514,16,1542,16,846,39,1044,11
2514,16,1542,16,846,39,1068,11
2514,16,1542,16,846,39,1153,11
2514,16,1542,16,846,39,1186,11
2514,16,1542,16,846,39,1194,11
2514,16,1542,16,846,39,1259,11
2514,16,1542,16,846,39,1260,11
2514,16,1542,16,846,39,1312,11
2514,16,1542,16,846,39,1388,11
2514,16,1542,16,846,39,1391,11
2514,16,1542,16,846,39,1422,11
2514,16,1542,16,846,39,1556,11
2514,16,1542,16,846,39,1568,11
2514,16,1542,16,846,39,1599,11
2514,16,1542,16,846,39,1747,11
2514,16,1542,16,846,39,1773,11
2514,16,1542,16,846,39,1799,11
2514,16,1542,16,846,39,1818,11
2514,16,1542,16,846,39,1873,11
2514,16,1542,16,846,39,1940,11
2514,16,1542,16,846,39,1956,11
2514,16,1542,16,846,39,1997,11
2514,16,1542,16,846,39,2068,11
2514,16,1542,16,846,39,2079,11
2514,16,1542,16,846,39,2123,11
2514,16,1542,16,846,39,2196,11
2514,16,1542,16,846,39,2206,11
2514,16,1542,16,846,39,2216,11
2514,16,1542,16,846,39,2244,11
2514,16,1542,16,846,39,2259,11
2514,16,1542,16,846,39,2261,11
2514,16,1542,16,846,39,2289,11
2514,16,1542,16,846,39,2359,11
2514,16,1542,16,846,39,2370,11
2514,16,1542,16,846,39,2405,11
2514,16,1542,16,926,19,45,11
2514,16,1542,16,926,19,159,11
2514,16,1542,16,926,19,272,11
2514,16,1542,16,926,19,338,11
2514,16,1542,16,926,19,390,11
2514,16,1542,16,926,19,457,11
2514,16,1542,16,926,19,463,11
2514,16,1542,16,926,19,620,11
2514,16,1542,16,926,19,700,11
2514,16,1542,16,926,19,742,11
2514,16,1542,16,926,19,758,11
2514,16,1542,16,926,19,879,11
2514,16,1542,16,926,19,927,11
2514,16,1542,16,926,19,979,11
2514,16,1542,16,926,19,1003,11
2514,16,1542,16,926,19,1044,11
2514,16,1542,16,926,19,1068,11
2514,16,1542,16,926,19,1153,11
2514,16,1542,16,926,19,1186,11
2514,16,1542,16,926,19,1194,11
2514,16,1542,16,926,19,1259,11
2514,16,1542,16,926,19,1260,11
2514,16,1542,16,926,19,1312,11
2514,16,1542,16,926,19,1388,11
2514,16,1542,16,926,19,1391,11
2514,16,1542,16,926,19,1422,11
2514,16,1542,16,926,19,1556,11
2514,16,1542,16,926,19,1568,11
2514,16,1542,16,926,19,1599,11
2514,16,1542,16,926,19,1747,11
2514,16,1542,16,926,19,1773,11
2514,16,1542,16,926,19,1799,11
2514,16,1542,16,926,19,1818,11
2514,16,1542,16,926,19,1873,11
2514,16,1542,16,926,19,1940,11
2514,16,1542,16,926,19,1956,11
2514,16,1542,16,926,19,1997,11
2514,16,1542,16,926,19,2068,11
2514,16,1542,16,926,19,2079,11
2514,16,1542,16,926,19,2123,11
2514,16,1542,16,926,19,2196,11
2514,16,1542,16,926,19,2206,11
2514,16,1542,16,926,19,2216,11
2514,16,1542,16,926,19,2244,11
2514,16,1542,16,926,19,2259,11
2514,16,1542,16,926,19,2261,11
2514,16,1542,16,926,19,2289,11
2514,16,1542,16,926,19,2359,11
2514,16,1542,16,926,19,2370,11
2514,16,1542,16,926,19,2405,11
2514,16,1542,16,1000,11,45,11
2514,16,1542,16,1000,11,390,11
2514,16,1542,16,1000,11,620,11
2514,16,1542,16,1000,11,979,11
2514,16,1542,16,1000,11,1799,11
2514,16,1542,16,1000,11,1956,11
2514,16,1542,16,1000,11,2206,11
2514,16,1542,16,1000,11,2244,11
2514,16,1542,16,1000,11,2261,11
2514,16,1542,16,1000,11,2359,11
2514,16,1542,16,1077,45,45,11
2514,16,1542,16,1077,45,159,11
2514,16,1542,16,1077,45,272,11
2514,16,1542,16,1077,45,338,11
2514,16,1542,16,1077,45,390,11
2514,16,1542,16,1077,45,457,11
2514,16,1542,16,1077,45,463,11
2514,16,1542,16,1077,45,620,11
2514,16,1542,16,1077,45,700,11
2514,16,1542,16,1077,45,742,11
2514,16,1542,16,1077,45,758,11
2514,16,1542,16,1077,45,879,11
2514,16,1542,16,1077,45,927,11
2514,16,1542,16,1077,45,979,11
2514,16,1542,16,1077,45,1003,11
2514,16,1542,16,1077,45,1044,11
2514,16,1542,16,1077,45,1068,11
2514,16,1542,16,1077,45,1153,11
2514,16,1542,16,1077,45,1186,11
2514,16,1542,16,1077,45,1194,11
2514,16,1542,16,1077,45,1259,11
2514,16,1542,16,1077,45,1260,11
2514,16,1542,16,1077,45,1312,11
2514,16,1542,16,1077,45,1388,11
2514,16,1542,16,1077,45,1391,11
2514,16,1542,16,1077,45,1422,11
2514,16,1542,16,1077,45,1556,11
2514,16,1542,16,1077,45,1568,11
2514,16,1542,16,1077,45,1599,11
2514,16,1542,16,1077,45,1747,11
2514,16,1542,16,1077,45,1773,11
2514,16,1542,16,1077,45,1799,11
2514,16,1542,16,1077,45,1818,11
2514,16,1542,16,1077,45,1873,11
2514,16,1542,16,1077,45,1940,11
2514,16,1542,16,1077,45,1956,11
2514,16,1542,16,1077,45,1997,11
2514,16,1542,16,1077,45,2068,11
2514,16,1542,16,1077,45,2079,11
2514,16,1542,16,1077,45,2123,11
2514,16,1542,16,1077,45,2196,11
2514,16,1542,16,1077,45,2206,11
2514,16,1542,16,1077,45,2216,11
2514,16,1542,16,1077,45,2244,11
2514,16,1542,16,1077,45,2259,11
2514,16,1542,16,1077,45,2261,11
2514,16,1542,16,1077,45,2289,11
2514,16,1542,16,1077,45,2359,11
2514,16,1542,16,1077,45,2370,11
2514,16,1542,16,1077,45,2405,11
2514,16,1542,16,1146,50,45,11
2514,16,1542,16,1146,50,159,11
2514,16,1542,16,1146,50,272,11
2514,16,1542,16,1146,50,338,11
2514,16,1542,16,1146,50,390,11
2514,16,1542,16,1146,50,457,11
2514,16,1542,16,1146,50,463,11
2514,16,1542,16,1146,50,620,11
2514,16,1542,16,1146,50,700,11
2514,16,1542,16,1146,50,742,11
2514,16,1542,16,1146,50,758,11
2514,16,1542,16,1146,50,879,11
2514,16,1542,16,1146,50,927,11
2514,16,1542,16,1146,50,979,11
2514,16,1542,16,1146,50,1003,11
2514,16,1542,16,1146,50,1044,11
2514,16,1542,16,1146,50,1068,11
2514,16,1542,16,1146,50,1153,11
2514,16,1542,16,1146,50,1186,11
2514,16,1542,16,1146,50,1194,11
2514,16,1542,16,1146,50,1259,11
2514,16,1542,16,1146,50,1260,11
2514,16,1542,16,1146,50,1312,11
2514,16,1542,16,1146,50,1388,11
2514,16,1542,16,1146,50,1391,11
2514,16,1542,16,1146,50,1422,11
2514,16,1542,16,1146,50,1556,11
2514,16,1542,16,1146,50,1568,11
2514,16,1542,16,1146,50,1599,11
2514,16,1542,16,1146,50,1747,11
2514,16,1542,16,1146,50,1773,11
2514,16,1542,16,1146,50,1799,11
2514,16,1542,16,1146,50,1818,11
2514,16,1542,16,1146,50,1873,11
2514,16,1542,16,1146,50,1940,11
2514,16,1542,16,1146,50,1956,11
2514,16,1542,16,1146,50,1997,11
2514,16,1542,16,1146,50,2068,11
2514,16,1542,16,1146,50,2079,11
2514,16,1542,16,1146,50,2123,11
2514,16,1542,16,1146,50,2196,11
2514,16,1542,16,1146,50,2206,11
2514,16,1542,16,1146,50,2216,11
2514,16,1542,16,1146,50,2244,11
2514,16,1542,16,1146,50,2259,11
2514,16,1542,16,1146,50,2261,11
2514,16,1542,16,1146,50,2289,11
2514,16,1542,16,1146,50,2359,11
2514,16,1542,16,1146,50,2370,11
2514,16,1542,16,1146,50,2405,11
2514,16,1542,16,1393,18,45,11
2514,16,1542,16,1393,18,159,11
2514,16,1542,16,1393,18,272,11
2514,16,1542,16,1393,18,338,11
2514,16,1542,16,1393,18,390,11
2514,16,1542,16,1393,18,457,11
2514,16,1542,16,1393,18,463,11
2514,16,1542,16,1393,18,620,11
2514,16,1542,16,1393,18,700,11
2514,16,1542,16,1393,18,742,11
2514,16,1542,16,1393,18,758,11
2514,16,1542,16,1393,18,879,11
2514,16,1542,16,1393,18,927,11
2514,16,1542,16,1393,18,979,11
2514,16,1542,16,1393,18,1003,11
2514,16,1542,16,1393,18,1044,11
2514,16,1542,16,1393,18,1068,11
2514,16,1542,16,1393,18,1153,11
2514,16,1542,16,1393,18,1186,11
2514,16,1542,16,1393,18,1194,11
2514,16,1542,16,1393,18,1259,11
2514,16,1542,16,1393,18,1260,11
2514,16,1542,16,1393,18,1312,11
2514,16,1542,16,1393,18,1388,11
2514,16,1542,16,1393,18,1391,11
2514,16,1542,16,1393,18,1422,11
2514,16,1542,16,1393,18,1556,11
2514,16,1542,16,1393,18,1568,11
2514,16,1542,16,1393,18,1599,11
2514,16,1542,16,1393,18,1747,11
2514,16,1542,16,1393,18,1773,11
2514,16,1542,16,1393,18,1799,11
2514,16,1542,16,1393,18,1818,11
2514,16,1542,16,1393,18,1873,11
2514,16,1542,16,1393,18,1940,11
2514,16,1542,16,1393,18,1956,11
2514,16,1542,16,1393,18,1997,11
2514,16,1542,16,1393,18,2068,11
2514,16,1542,16,1393,18,2079,11
2514,16,1542,16,1393,18,2123,11
2514,16,1542,16,1393,18,2196,11
2514,16,1542,16,1393,18,2206,11
2514,16,1542,16,1393,18,2216,11
2514,16,1542,16,1393,18,2244,11
2514,16,1542,16,1393,18,2259,11
2514,16,1542,16,1393,18,2261,11
2514,16,1542,16,1393,18,2289,11
2514,16,1542,16,1393,18,2359,11
2514,16,1542,16,1393,18,2370,11
2514,16,1542,16,1393,18,2405,11
