2514,16,271,30,62,29,45,11
2514,16,271,30,62,29,159,11
2514,16,271,30,62,29,272,11
2514,16,271,30,62,29,338,11
2514,16,271,30,62,29,390,11
2514,16,271,30,62,29,457,11
2514,16,271,30,62,29,463,11
2514,16,271,30,62,29,620,11
2514,16,271,30,62,29,700,11
2514,16,271,30,62,29,742,11
2514,16,271,30,62,29,758,11
2514,16,271,30,62,29,879,11
2514,16,271,30,62,29,927,11
2514,16,271,30,62,29,979,11
2514,16,271,30,62,29,1003,11
2514,16,271,30,62,29,1044,11
2514,16,271,30,62,29,1068,11
2514,16,271,30,62,29,1153,11
2514,16,271,30,62,29,1186,11
2514,16,271,30,62,29,1194,11
2514,16,271,30,62,29,1259,11
2514,16,271,30,62,29,1260,11
2514,16,271,30,62,29,1312,11
2514,16,271,30,62,29,1388,11
2514,16,271,30,62,29,1391,11
2514,16,271,30,62,29,1422,11
2514,16,271,30,62,29,1556,11
2514,16,271,30,62,29,1568,11
2514,16,271,30,62,29,1599,11
2514,16,271,30,62,29,1747,11
2514,16,271,30,62,29,1773,11
2514,16,271,30,62,29,1799,11
2514,16,271,30,62,29,1818,11
2514,16,271,30,62,29,1873,11
2514,16,271,30,62,29,1940,11
2514,16,271,30,62,29,1956,11
2514,16,271,30,62,29,1997,11
2514,16,271,30,62,29,2068,11
2514,16,271,30,62,29,2079,11
2514,16,271,30,62,29,2123,11
2514,16,271,30,62,29,2196,11
2514,16,271,30,62,29,2206,11
2514,16,271,30,62,29,2216,11
2514,16,271,30,62,29,2244,11
2514,16,271,30,62,29,2259,11
2514,16,271,30,62,29,2261,11
2514,16,271,30,62,29,2289,11
2514,16,271,30,62,29,2359,11
2514,16,271,30,62,29,2370,11
2514,16,271,30,62,29,2405,11
2514,16,271,30,67,9,45,11
2514,16,271,30,67,9,159,11
2514,16,271,30,67,9,272,11
2514,16,271,30,67,9,338,11
2514,16,271,30,67,9,390,11
2514,16,271,30,67,9,457,11
2514,16,271,30,67,9,463,11
2514,16,271,30,67,9,620,11
2514,16,271,30,67,9,700,11
2514,16,271,30,67,9,742,11
2514,16,271,30,67,9,758,11
2514,16,271,30,67,9,879,11
2514,16,271,30,67,9,927,11
2514,16,271,30,67,9,979,11
2514,16,271,30,67,9,1003,11
2514,16,271,30,67,9,1044,11
2514,16,271,30,67,9,1068,11
2514,16,271,30,67,9,1153,11
2514,16,271,30,67,9,1186,11
2514,16,271,30,67,9,1194,11
2514,16,271,30,67,9,1259,11
2514,16,271,30,67,9,1260,11
2514,16,271,30,67,9,1312,11
2514,16,271,30,67,9,1388,11
2514,16,271,30,67,9,1391,11
2514,16,271,30,67,9,1422,11
2514,16,271,30,67,9,1556,11
2514,16,271,30,67,9,1568,11
2514,16,271,30,67,9,1599,11
2514,16,271,30,67,9,1747,11
2514,16,271,30,67,9,1773,11
2514,16,271,30,67,9,1799,11
2514,16,271,30,67,9,1818,11
2514,16,271,30,67,9,1873,11
2514,16,271,30,67,9,1940,11
2514,16,271,30,67,9,1956,11
2514,16,271,30,67,9,1997,11
2514,16,271,30,67,9,2068,11
2514,16,271,30,67,9,2079,11
2514,16,271,30,67,9,2123,11
2514,16,271,30,67,9,2196,11
2514,16,271,30,67,9,2206,11
2514,16,271,30,67,9,2216,11
2514,16,271,30,67,9,2244,11
2514,16,271,30,67,9,2259,11
2514,16,271,30,67,9,2261,11
2514,16,271,30,67,9,2289,11
2514,16,271,30,67,9,2359,11
2514,16,271,30,67,9,2370,11
2514,16,271,30,67,9,2405,11
2514,16,271,30,113,32,45,11
2514,16,271,30,113,32,159,11
2514,16,271,30,113,32,272,11
2514,16,271,30,113,32,338,11
2514,16,271,30,113,32,390,11
2514,16,271,30,113,32,457,11
2514,16,271,30,113,32,463,11
2514,16,271,30,113,32,620,11
2514,16,271,30,113,32,700,11
2514,16,271,30,113,32,742,11
2514,16,271,30,113,32,758,11
2514,16,271,30,113,32,879,11
2514,16,271,30,113,32,927,11
2514,16,271,30,113,32,979,11
2514,16,271,30,113,32,1003,11
2514,16,271,30,113,32,1044,11
2514,16,271,30,113,32,1068,11
2514,16,271,30,113,32,1153,11
2514,16,271,30,113,32,1186,11
2514,16,271,30,113,32,1194,11
2514,16,271,30,113,32,1259,11
2514,16,271,30,113,32,1260,11
2514,16,271,30,113,32,1312,11
2514,16,271,30,113,32,1388,11
2514,16,271,30,113,32,1391,11
2514,16,271,30,113,32,1422,11
2514,16,271,30,113,32,1556,11
2514,16,271,30,113,32,1568,11
2514,16,271,30,113,32,1599,11
2514,16,271,30,113,32,1747,11
2514,16,271,30,113,32,1773,11
2514,16,271,30,113,32,1799,11
2514,16,271,30,113,32,1818,11
2514,16,271,30,113,32,1873,11
2514,16,271,30,113,32,1940,11
2514,16,271,30,113,32,1956,11
2514,16,271,30,113,32,1997,11
2514,16,271,30,113,32,2068,11
2514,16,271,30,113,32,2079,11
2514,16,271,30,113,32,2123,11
2514,16,271,30,113,32,2196,11
2514,16,271,30,113,32,2206,11
2514,16,271,30,113,32,2216,11
2514,16,271,30,113,32,2244,11
2514,16,271,30,113,32,2259,11
2514,16,271,30,113,32,2261,11
2514,16,271,30,113,32,2289,11
2514,16,271,30,113,32,2359,11
2514,16,271,30,113,32,2370,11
2514,16,271,30,113,32,2405,11
2514,16,271,30,273,23,45,11
2514,16,271,30,273,23,159,11
2514,16,271,30,273,23,272,11
2514,16,271,30,273,23,338,11
2514,16,271,30,273,23,390,11
2514,16,271,30,273,23,457,11
2514,16,271,30,273,23,463,11
2514,16,271,30,273,23,620,11
2514,16,271,30,273,23,700,11
2514,16,271,30,273,23,742,11
2514,16,271,30,273,23,758,11
2514,16,271,30,273,23,879,11
2514,16,271,30,273,23,927,11
2514,16,271,30,273,23,979,11
2514,16,271,30,273,23,1003,11
2514,16,271,30,273,23,1044,11
2514,16,271,30,273,23,1068,11
2514,16,271,30,273,23,1153,11
2514,16,271,30,273,23,1186,11
2514,16,271,30,273,23,1194,11
2514,16,271,30,273,23,1259,11
2514,16,271,30,273,23,1260,11
2514,16,271,30,273,23,1312,11
2514,16,271,30,273,23,1388,11
2514,16,271,30,273,23,1391,11
2514,16,271,30,273,23,1422,11
2514,16,271,30,273,23,1556,11
2514,16,271,30,273,23,1568,11
2514,16,271,30,273,23,1599,11
2514,16,271,30,273,23,1747,11
2514,16,271,30,273,23,1773,11
2514,16,271,30,273,23,1799,11
2514,16,271,30,273,23,1818,11
2514,16,271,30,273,23,1873,11
2514,16,271,30,273,23,1940,11
2514,16,271,30,273,23,1956,11
2514,16,271,30,273,23,1997,11
2514,16,271,30,273,23,2068,11
2514,16,271,30,273,23,2079,11
2514,16,271,30,273,23,2123,11
2514,16,271,30,273,23,2196,11
2514,16,271,30,273,23,2206,11
2514,16,271,30,273,23,2216,11
2514,16,271,30,273,23,2244,11
2514,16,271,30,273,23,2259,11
2514,16,271,30,273,23,2261,11
2514,16,271,30,273,23,2289,11
2514,16,271,30,273,23,2359,11
2514,16,271,30,273,23,2370,11
2514,16,271,30,273,23,2405,11
2514,16,271,30,570,40,45,11
2514,16,271,30,570,40,159,11
2514,16,271,30,570,40,272,11
2514,16,271,30,570,40,338,11
2514,16,271,30,570,40,390,11
2514,16,271,30,570,40,457,11
2514,16,271,30,570,40,463,11
2514,16,271,30,570,40,620,11
2514,16,271,30,570,40,700,11
2514,16,271,30,570,40,742,11
2514,16,271,30,570,40,758,11
2514,16,271,30,570,40,879,11
2514,16,271,30,570,40,927,11
2514,16,271,30,570,40,979,11
2514,16,271,30,570,40,1003,11
2514,16,271,30,570,40,1044,11
2514,16,271,30,570,40,1068,11
2514,16,271,30,570,40,1153,11
2514,16,271,30,570,40,1186,11
2514,16,271,30,570,40,1194,11
2514,16,271,30,570,40,1259,11
2514,16,271,30,570,40,1260,11
2514,16,271,30,570,40,1312,11
2514,16,271,30,570,40,1388,11
2514,16,271,30,570,40,1391,11
2514,16,271,30,570,40,1422,11
2514,16,271,30,570,40,1556,11
2514,16,271,30,570,40,1568,11
2514,16,271,30,570,40,1599,11
2514,16,271,30,570,40,1747,11
2514,16,271,30,570,40,1773,11
2514,16,271,30,570,40,1799,11
2514,16,271,30,570,40,1818,11
2514,16,271,30,570,40,1873,11
2514,16,271,30,570,40,1940,11
2514,16,271,30,570,40,1956,11
2514,16,271,30,570,40,1997,11
2514,16,271,30,570,40,2068,11
2514,16,271,30,570,40,2079,11
2514,16,271,30,570,40,2123,11
2514,16,271,30,570,40,2196,11
2514,16,271,30,570,40,2206,11
2514,16,271,30,570,40,2216,11
2514,16,271,30,570,40,2244,11
2514,16,271,30,570,40,2259,11
2514,16,271,30,570,40,2261,11
2514,16,271,30,570,40,2289,11
2514,16,271,30,570,40,2359,11
2514,16,271,30,570,40,2370,11
2514,16,271,30,570,40,2405,11
2514,16,271,30,586,20,45,11
2514,16,271,30,586,20,272,11
2514,16,271,30,586,20,338,11
2514,16,271,30,586,20,390,11
2514,16,271,30,586,20,620,11
2514,16,271,30,586,20,742,11
2514,16,271,30,586,20,758,11
2514,16,271,30,586,20,979,11
2514,16,271,30,586,20,1044,11
2514,16,271,30,586,20,1068,11
2514,16,271,30,586,20,1186,11
2514,16,271,30,586,20,1259,11
2514,16,271,30,586,20,1260,11
2514,16,271,30,586,20,1312,11
2514,16,271,30,586,20,1391,11
2514,16,271,30,586,20,1422,11
2514,16,271,30,586,20,1747,11
2514,16,271,30,586,20,1773,11
2514,16,271,30,586,20,1799,11
2514,16,271,30,586,20,1956,11
2514,16,271,30,586,20,1997,11
2514,16,271,30,586,20,2068,11
2514,16,271,30,586,20,2079,11
2514,16,271,30,586,20,2206,11
2514,16,271,30,586,20,2244,11
2514,16,271,30,586,20,2259,11
2514,16,271,30,586,20,2261,11
2514,16,271,30,586,20,2289,11
2514,16,271,30,586,20,2359,11
2514,16,271,30,586,20,2405,11
2514,16,271,30,750,33,457,11
2514,16,271,30,750,33,700,11
2514,16,271,30,750,33,927,11
2514,16,271,30,750,33,1003,11
2514,16,271,30,750,33,1153,11
2514,16,271,30,750,33,1194,11
2514,16,271,30,750,33,1568,11
2514,16,271,30,750,33,1599,11
2514,16,271,30,750,33,1818,11
2514,16,271,30,750,33,1940,11
2514,16,271,30,765,38,45,11
2514,16,271,30,765,38,159,11
2514,16,271,30,765,38,272,11
2514,16,271,30,765,38,338,11
2514,16,271,30,765,38,390,11
2514,16,271,30,765,38,457,11
2514,16,271,30,765,38,463,11
2514,16,271,30,765,38,620,11
2514,16,271,30,765,38,700,11
2514,16,271,30,765,38,742,11
2514,16,271,30,765,38,758,11
2514,16,271,30,765,38,879,11
2514,16,271,30,765,38,927,11
2514,16,271,30,765,38,979,11
2514,16,271,30,765,38,1003,11
2514,16,271,30,765,38,1044,11
2514,16,271,30,765,38,1068,11
2514,16,271,30,765,38,1153,11
2514,16,271,30,765,38,1186,11
2514,16,271,30,765,38,1194,11
2514,16,271,30,765,38,1259,11
2514,16,271,30,765,38,1260,11
2514,16,271,30,765,38,1312,11
2514,16,271,30,765,38,1388,11
2514,16,271,30,765,38,1391,11
2514,16,271,30,765,38,1422,11
2514,16,271,30,765,38,1556,11
2514,16,271,30,765,38,1568,11
2514,16,271,30,765,38,1599,11
2514,16,271,30,765,38,1747,11
2514,16,271,30,765,38,1773,11
2514,16,271,30,765,38,1799,11
2514,16,271,30,765,38,1818,11
2514,16,271,30,765,38,1873,11
2514,16,271,30,765,38,1940,11
2514,16,271,30,765,38,1956,11
2514,16,271,30,765,38,1997,11
2514,16,271,30,765,38,2068,11
2514,16,271,30,765,38,2079,11
2514,16,271,30,765,38,2123,11
2514,16,271,30,765,38,2196,11
2514,16,271,30,765,38,2206,11
2514,16,271,30,765,38,2216,11
2514,16,271,30,765,38,2244,11
2514,16,271,30,765,38,2259,11
2514,16,271,30,765,38,2261,11
2514,16,271,30,765,38,2289,11
2514,16,271,30,765,38,2359,11
2514,16,271,30,765,38,2370,11
2514,16,271,30,765,38,2405,11
2514,16,271,30,862,49,45,11
2514,16,271,30,862,49,159,11
2514,16,271,30,862,49,272,11
2514,16,271,30,862,49,338,11
2514,16,271,30,862,49,390,11
2514,16,271,30,862,49,457,11
2514,16,271,30,862,49,463,11
2514,16,271,30,862,49,620,11
2514,16,271,30,862,49,700,11
2514,16,271,30,862,49,742,11
2514,16,271,30,862,49,758,11
2514,16,271,30,862,49,879,11
2514,16,271,30,862,49,927,11
2514,16,271,30,862,49,979,11
2514,16,271,30,862,49,1003,11
2514,16,271,30,862,49,1044,11
2514,16,271,30,862,49,1068,11
2514,16,271,30,862,49,1153,11
2514,16,271,30,862,49,1186,11
2514,16,271,30,862,49,1194,11
2514,16,271,30,862,49,1259,11
2514,16,271,30,862,49,1260,11
2514,16,271,30,862,49,1312,11
2514,16,271,30,862,49,1388,11
2514,16,271,30,862,49,1391,11
2514,16,271,30,862,49,1422,11
2514,16,271,30,862,49,1556,11
2514,16,271,30,862,49,1568,11
2514,16,271,30,862,49,1599,11
2514,16,271,30,862,49,1747,11
2514,16,271,30,862,49,1773,11
2514,16,271,30,862,49,1799,11
2514,16,271,30,862,49,1818,11
2514,16,271,30,862,49,1873,11
2514,16,271,30,862,49,1940,11
2514,16,271,30,862,49,1956,11
2514,16,271,30,862,49,1997,11
2514,16,271,30,862,49,2068,11
2514,16,271,30,862,49,2079,11
2514,16,271,30,862,49,2123,11
2514,16,271,30,862,49,2196,11
2514,16,271,30,862,49,2206,11
2514,16,271,30,862,49,2216,11
2514,16,271,30,862,49,2244,11
2514,16,271,30,862,49,2259,11
2514,16,271,30,862,49,2261,11
2514,16,271,30,862,49,2289,11
2514,16,271,30,862,49,2359,11
2514,16,271,30,862,49,2370,11
2514,16,271,30,862,49,2405,11
2514,16,271,30,873,49,45,11
2514,16,271,30,873,49,159,11
2514,16,271,30,873,49,272,11
2514,16,271,30,873,49,338,11
2514,16,271,30,873,49,390,11
2514,16,271,30,873,49,457,11
2514,16,271,30,873,49,463,11
2514,16,271,30,873,49,620,11
2514,16,271,30,873,49,700,11
2514,16,271,30,873,49,742,11
2514,16,271,30,873,49,758,11
2514,16,271,30,873,49,879,11
2514,16,271,30,873,49,927,11
2514,16,271,30,873,49,979,11
2514,16,271,30,873,49,1003,11
2514,16,271,30,873,49,1044,11
2514,16,271,30,873,49,1068,11
2514,16,271,30,873,49,1153,11
2514,16,271,30,873,49,1186,11
2514,16,271,30,873,49,1194,11
2514,16,271,30,873,49,1259,11
2514,16,271,30,873,49,1260,11
2514,16,271,30,873,49,1312,11
2514,16,271,30,873,49,1388,11
2514,16,271,30,873,49,1391,11
2514,16,271,30,873,49,1422,11
2514,16,271,30,873,49,1556,11
2514,16,271,30,873,49,1568,11
2514,16,271,30,873,49,1599,11
2514,16,271,30,873,49,1747,11
2514,16,271,30,873,49,1773,11
2514,16,271,30,873,49,1799,11
2514,16,271,30,873,49,1818,11
2514,16,271,30,873,49,1873,11
2514,16,271,30,873,49,1940,11
2514,16,271,30,873,49,1956,11
2514,16,271,30,873,49,1997,11
2514,16,271,30,873,49,2068,11
2514,16,271,30,873,49,2079,11
2514,16,271,30,873,49,2123,11
2514,16,271,30,873,49,2196,11
2514,16,271,30,873,49,2206,11
2514,16,271,30,873,49,2216,11
2514,16,271,30,873,49,2244,11
2514,16,271,30,873,49,2259,11
2514,16,271,30,873,49,2261,11
2514,16,271,30,873,49,2289,11
2514,16,271,30,873,49,2359,11
2514,16,271,30,873,49,2370,11
2514,16,271,30,873,49,2405,11
2514,16,271,30,1124,28,45,11
2514,16,271,30,1124,28,159,11
2514,16,271,30,1124,28,272,11
2514,16,271,30,1124,28,338,11
2514,16,271,30,1124,28,390,11
2514,16,271,30,1124,28,457,11
2514,16,271,30,1124,28,463,11
2514,16,271,30,1124,28,620,11
2514,16,271,30,1124,28,700,11
2514,16,271,30,1124,28,742,11
2514,16,271,30,1124,28,758,11
2514,16,271,30,1124,28,879,11
2514,16,271,30,1124,28,927,11
2514,16,271,30,1124,28,979,11
2514,16,271,30,1124,28,1003,11
2514,16,271,30,1124,28,1044,11
2514,16,271,30,1124,28,1068,11
2514,16,271,30,1124,28,1153,11
2514,16,271,30,1124,28,1186,11
2514,16,271,30,1124,28,1194,11
2514,16,271,30,1124,28,1259,11
2514,16,271,30,1124,28,1260,11
2514,16,271,30,1124,28,1312,11
2514,16,271,30,1124,28,1388,11
2514,16,271,30,1124,28,1391,11
2514,16,271,30,1124,28,1422,11
2514,16,271,30,1124,28,1556,11
2514,16,271,30,1124,28,1568,11
2514,16,271,30,1124,28,1599,11
2514,16,271,30,1124,28,1747,11
2514,16,271,30,1124,28,1773,11
2514,16,271,30,1124,28,1799,11
2514,16,271,30,1124,28,1818,11
2514,16,271,30,1124,28,1873,11
2514,16,271,30,1124,28,1940,11
2514,16,271,30,1124,28,1956,11
2514,16,271,30,1124,28,1997,11
2514,16,271,30,1124,28,2068,11
2514,16,271,30,1124,28,2079,11
2514,16,271,30,1124,28,2123,11
2514,16,271,30,1124,28,2196,11
2514,16,271,30,1124,28,2206,11
2514,16,271,30,1124,28,2216,11
2514,16,271,30,1124,28,2244,11
2514,16,271,30,1124,28,2259,11
2514,16,271,30,1124,28,2261,11
2514,16,271,30,1124,28,2289,11
2514,16,271,30,1124,28,2359,11
2514,16,271,30,1124,28,2370,11
2514,16,271,30,1124,28,2405,11
2514,16,271,30,1463,30,45,11
2514,16,271,30,1463,30,159,11
2514,16,271,30,1463,30,272,11
2514,16,271,30,1463,30,338,11
2514,16,271,30,1463,30,390,11
2514,16,271,30,1463,30,457,11
2514,16,271,30,1463,30,463,11
2514,16,271,30,1463,30,620,11
2514,16,271,30,1463,30,700,11
2514,16,271,30,1463,30,742,11
2514,16,271,30,1463,30,758,11
2514,16,271,30,1463,30,879,11
2514,16,271,30,1463,30,927,11
2514,16,271,30,1463,30,979,11
2514,16,271,30,1463,30,1003,11
2514,16,271,30,1463,30,1044,11
2514,16,271,30,1463,30,1068,11
2514,16,271,30,1463,30,1153,11
2514,16,271,30,1463,30,1186,11
2514,16,271,30,1463,30,1194,11
2514,16,271,30,1463,30,1259,11
2514,16,271,30,1463,30,1260,11
2514,16,271,30,1463,30,1312,11
2514,16,271,30,1463,30,1388,11
2514,16,271,30,1463,30,1391,11
2514,16,271,30,1463,30,1422,11
2514,16,271,30,1463,30,1556,11
2514,16,271,30,1463,30,1568,11
2514,16,271,30,1463,30,1599,11
2514,16,271,30,1463,30,1747,11
2514,16,271,30,1463,30,1773,11
2514,16,271,30,1463,30,1799,11
2514,16,271,30,1463,30,1818,11
2514,16,271,30,1463,30,1873,11
2514,16,271,30,1463,30,1940,11
2514,16,271,30,1463,30,1956,11
2514,16,271,30,1463,30,1997,11
2514,16,271,30,1463,30,2068,11
2514,16,271,30,1463,30,2079,11
2514,16,271,30,1463,30,2123,11
2514,16,271,30,1463,30,2196,11
2514,16,271,30,1463,30,2206,11
2514,16,271,30,1463,30,2216,11
2514,16,271,30,1463,30,2244,11
2514,16,271,30,1463,30,2259,11
2514,16,271,30,1463,30,2261,11
2514,16,271,30,1463,30,2289,11
2514,16,271,30,1463,30,2359,11
2514,16,271,30,1463,30,2370,11
2514,16,271,30,1463,30,2405,11
2514,16,271,30,1515,16,45,11
2514,16,271,30,1515,16,159,11
2514,16,271,30,1515,16,272,11
2514,16,271,30,1515,16,338,11
2514,16,271,30,1515,16,390,11
2514,16,271,30,1515,16,457,11
2514,16,271,30,1515,16,463,11
2514,16,271,30,1515,16,620,11
2514,16,271,30,1515,16,700,11
2514,16,271,30,1515,16,742,11
2514,16,271,30,1515,16,758,11
2514,16,271,30,1515,16,879,11
2514,16,271,30,1515,16,927,11
2514,16,271,30,1515,16,979,11
2514,16,271,30,1515,16,1003,11
2514,16,271,30,1515,16,1044,11
2514,16,271,30,1515,16,1068,11
2514,16,271,30,1515,16,1153,11
2514,16,271,30,1515,16,1186,11
2514,16,271,30,1515,16,1194,11
2514,16,271,30,1515,16,1259,11
2514,16,271,30,1515,16,1260,11
2514,16,271,30,1515,16,1312,11
2514,16,271,30,1515,16,1388,11
2514,16,271,30,1515,16,1391,11
2514,16,271,30,1515,16,1422,11
2514,16,271,30,1515,16,1556,11
2514,16,271,30,1515,16,1568,11
2514,16,271,30,1515,16,1599,11
2514,16,271,30,1515,16,1747,11
2514,16,271,30,1515,16,1773,11
2514,16,271,30,1515,16,1799,11
2514,16,271,30,1515,16,1818,11
2514,16,271,30,1515,16,1873,11
2514,16,271,30,1515,16,1940,11
2514,16,271,30,1515,16,1956,11
2514,16,271,30,1515,16,1997,11
2514,16,271,30,1515,16,2068,11
2514,16,271,30,1515,16,2079,11
2514,16,271,30,1515,16,2123,11
2514,16,271,30,1515,16,2196,11
2514,16,271,30,1515,16,2206,11
2514,16,271,30,1515,16,2216,11
2514,16,271,30,1515,16,2244,11
2514,16,271,30,1515,16,2259,11
2514,16,271,30,1515,16,2261,11
2514,16,271,30,1515,16,2289,11
2514,16,271,30,1515,16,2359,11
2514,16,271,30,1515,16,2370,11
2514,16,271,30,1515,16,2405,11
2514,16,271,30,1760,47,45,11
2514,16,271,30,1760,47,159,11
2514,16,271,30,1760,47,272,11
2514,16,271,30,1760,47,338,11
2514,16,271,30,1760,47,390,11
2514,16,271,30,1760,47,457,11
2514,16,271,30,1760,47,463,11
2514,16,271,30,1760,47,620,11
2514,16,271,30,1760,47,700,11
2514,16,271,30,1760,47,742,11
2514,16,271,30,1760,47,758,11
2514,16,271,30,1760,47,879,11
2514,16,271,30,1760,47,927,11
2514,16,271,30,1760,47,979,11
2514,16,271,30,1760,47,1003,11
2514,16,271,30,1760,47,1044,11
2514,16,271,30,1760,47,1068,11
2514,16,271,30,1760,47,1153,11
2514,16,271,30,1760,47,1186,11
2514,16,271,30,1760,47,1194,11
2514,16,271,30,1760,47,1259,11
2514,16,271,30,1760,47,1260,11
2514,16,271,30,1760,47,1312,11
2514,16,271,30,1760,47,1388,11
2514,16,271,30,1760,47,1391,11
2514,16,271,30,1760,47,1422,11
2514,16,271,30,1760,47,1556,11
2514,16,271,30,1760,47,1568,11
2514,16,271,30,1760,47,1599,11
2514,16,271,30,1760,47,1747,11
2514,16,271,30,1760,47,1773,11
2514,16,271,30,1760,47,1799,11
2514,16,271,30,1760,47,1818,11
2514,16,271,30,1760,47,1873,11
2514,16,271,30,1760,47,1940,11
2514,16,271,30,1760,47,1956,11
2514,16,271,30,1760,47,1997,11
2514,16,271,30,1760,47,2068,11
2514,16,271,30,1760,47,2079,11
2514,16,271,30,1760,47,2123,11
2514,16,271,30,1760,47,2196,11
2514,16,271,30,1760,47,2206,11
2514,16,271,30,1760,47,2216,11
2514,16,271,30,1760,47,2244,11
2514,16,271,30,1760,47,2259,11
2514,16,271,30,1760,47,2261,11
2514,16,271,30,1760,47,2289,11
2514,16,271,30,1760,47,2359,11
2514,16,271,30,1760,47,2370,11
2514,16,271,30,1760,47,2405,11
