2514,16,158,29,342,29,45,11
2514,16,158,29,342,29,159,11
2514,16,158,29,342,29,272,11
2514,16,158,29,342,29,338,11
2514,16,158,29,342,29,390,11
2514,16,158,29,342,29,457,11
2514,16,158,29,342,29,463,11
2514,16,158,29,342,29,620,11
2514,16,158,29,342,29,700,11
2514,16,158,29,342,29,742,11
2514,16,158,29,342,29,758,11
2514,16,158,29,342,29,879,11
2514,16,158,29,342,29,927,11
2514,16,158,29,342,29,979,11
2514,16,158,29,342,29,1003,11
2514,16,158,29,342,29,1044,11
2514,16,158,29,342,29,1068,11
2514,16,158,29,342,29,1153,11
2514,16,158,29,342,29,1186,11
2514,16,158,29,342,29,1194,11
2514,16,158,29,342,29,1259,11
2514,16,158,29,342,29,1260,11
2514,16,158,29,342,29,1312,11
2514,16,158,29,342,29,1388,11
2514,16,158,29,342,29,1391,11
2514,16,158,29,342,29,1422,11
2514,16,158,29,342,29,1556,11
2514,16,158,29,342,29,1568,11
2514,16,158,29,342,29,1599,11
2514,16,158,29,342,29,1747,11
2514,16,158,29,342,29,1773,11
2514,16,158,29,342,29,1799,11
2514,16,158,29,342,29,1818,11
2514,16,158,29,342,29,1873,11
2514,16,158,29,342,29,1940,11
2514,16,158,29,342,29,1956,11
2514,16,158,29,342,29,1997,11
2514,16,158,29,342,29,2068,11
2514,16,158,29,342,29,2079,11
2514,16,158,29,342,29,2123,11
2514,16,158,29,342,29,2196,11
2514,16,158,29,342,29,2206,11
2514,16,158,29,342,29,2216,11
2514,16,158,29,342,29,2244,11
2514,16,158,29,342,29,2259,11
2514,16,158,29,342,29,2261,11
2514,16,158,29,342,29,2289,11
2514,16,158,29,342,29,2359,11
2514,16,158,29,342,29,2370,11
2514,16,158,29,342,29,2405,11
2514,16,158,29,531,42,45,11
2514,16,158,29,531,42,159,11
2514,16,158,29,531,42,272,11
2514,16,158,29,531,42,338,11
2514,16,158,29,531,42,390,11
2514,16,158,29,531,42,457,11
2514,16,158,29,531,42,463,11
2514,16,158,29,531,42,620,11
2514,16,158,29,531,42,700,11
2514,16,158,29,531,42,742,11
2514,16,158,29,531,42,758,11
2514,16,158,29,531,42,879,11
2514,16,158,29,531,42,927,11
2514,16,158,29,531,42,979,11
2514,16,158,29,531,42,1003,11
2514,16,158,29,531,42,1044,11
2514,16,158,29,531,42,1068,11
2514,16,158,29,531,42,1153,11
2514,16,158,29,531,42,1186,11
2514,16,158,29,531,42,1194,11
2514,16,158,29,531,42,1259,11
2514,16,158,29,531,42,1260,11
2514,16,158,29,531,42,1312,11
2514,16,158,29,531,42,1388,11
2514,16,158,29,531,42,1391,11
2514,16,158,29,531,42,1422,11
2514,16,158,29,531,42,1556,11
2514,16,158,29,531,42,1568,11
2514,16,158,29,531,42,1599,11
2514,16,158,29,531,42,1747,11
2514,16,158,29,531,42,1773,11
2514,16,158,29,531,42,1799,11
2514,16,158,29,531,42,1818,11
2514,16,158,29,531,42,1873,11
2514,16,158,29,531,42,1940,11
2514,16,158,29,531,42,1956,11
2514,16,158,29,531,42,1997,11
2514,16,158,29,531,42,2068,11
2514,16,158,29,531,42,2079,11
2514,16,158,29,531,42,2123,11
2514,16,158,29,531,42,2196,11
2514,16,158,29,531,42,2206,11
2514,16,158,29,531,42,2216,11
2514,16,158,29,531,42,2244,11
2514,16,158,29,531,42,2259,11
2514,16,158,29,531,42,2261,11
2514,16,158,29,531,42,2289,11
2514,16,158,29,531,42,2359,11
2514,16,158,29,531,42,2370,11
2514,16,158,29,531,42,2405,11
2514,16,158,29,556,46,159,11
2514,16,158,29,556,46,457,11
2514,16,158,29,556,46,463,11
2514,16,158,29,556,46,700,11
2514,16,158,29,556,46,879,11
2514,16,158,29,556,46,927,11
2514,16,158,29,556,46,1003,11
2514,16,158,29,556,46,1153,11
2514,16,158,29,556,46,1194,11
2514,16,158,29,556,46,1388,11
2514,16,158,29,556,46,1556,11
2514,16,158,29,556,46,1568,11
2514,16,158,29,556,46,1599,11
2514,16,158,29,556,46,1818,11
2514,16,158,29,556,46,1873,11
2514,16,158,29,556,46,1940,11
2514,16,158,29,556,46,2123,11
2514,16,158,29,556,46,2196,11
2514,16,158,29,556,46,2216,11
2514,16,158,29,556,46,2370,11
2514,16,158,29,607,40,45,11
2514,16,158,29,607,40,159,11
2514,16,158,29,607,40,272,11
2514,16,158,29,607,40,338,11
2514,16,158,29,607,40,390,11
2514,16,158,29,607,40,457,11
2514,16,158,29,607,40,463,11
2514,16,158,29,607,40,620,11
2514,16,158,29,607,40,700,11
2514,16,158,29,607,40,742,11
2514,16,158,29,607,40,758,11
2514,16,158,29,607,40,879,11
2514,16,158,29,607,40,927,11
2514,16,158,29,607,40,979,11
2514,16,158,29,607,40,1003,11
2514,16,158,29,607,40,1044,11
2514,16,158,29,607,40,1068,11
2514,16,158,29,607,40,1153,11
2514,16,158,29,607,40,1186,11
2514,16,158,29,607,40,1194,11
2514,16,158,29,607,40,1259,11
2514,16,158,29,607,40,1260,11
2514,16,158,29,607,40,1312,11
2514,16,158,29,607,40,1388,11
2514,16,158,29,607,40,1391,11
2514,16,158,29,607,40,1422,11
2514,16,158,29,607,40,1556,11
2514,16,158,29,607,40,1568,11
2514,16,158,29,607,40,1599,11
2514,16,158,29,607,40,1747,11
2514,16,158,29,607,40,1773,11
2514,16,158,29,607,40,1799,11
2514,16,158,29,607,40,1818,11
2514,16,158,29,607,40,1873,11
2514,16,158,29,607,40,1940,11
2514,16,158,29,607,40,1956,11
2514,16,158,29,607,40,1997,11
2514,16,158,29,607,40,2068,11
2514,16,158,29,607,40,2079,11
2514,16,158,29,607,40,2123,11
2514,16,158,29,607,40,2196,11
2514,16,158,29,607,40,2206,11
2514,16,158,29,607,40,2216,11
2514,16,158,29,607,40,2244,11
2514,16,158,29,607,40,2259,11
2514,16,158,29,607,40,2261,11
2514,16,158,29,607,40,2289,11
2514,16,158,29,607,40,2359,11
2514,16,158,29,607,40,2370,11
2514,16,158,29,607,40,2405,11
2514,16,158,29,641,43,45,11
2514,16,158,29,641,43,159,11
2514,16,158,29,641,43,272,11
2514,16,158,29,641,43,338,11
2514,16,158,29,641,43,390,11
2514,16,158,29,641,43,457,11
2514,16,158,29,641,43,463,11
2514,16,158,29,641,43,620,11
2514,16,158,29,641,43,700,11
2514,16,158,29,641,43,742,11
2514,16,158,29,641,43,758,11
2514,16,158,29,641,43,879,11
2514,16,158,29,641,43,927,11
2514,16,158,29,641,43,979,11
2514,16,158,29,641,43,1003,11
2514,16,158,29,641,43,1044,11
2514,16,158,29,641,43,1068,11
2514,16,158,29,641,43,1153,11
2514,16,158,29,641,43,1186,11
2514,16,158,29,641,43,1194,11
2514,16,158,29,641,43,1259,11
2514,16,158,29,641,43,1260,11
2514,16,158,29,641,43,1312,11
2514,16,158,29,641,43,1388,11
2514,16,158,29,641,43,1391,11
2514,16,158,29,641,43,1422,11
2514,16,158,29,641,43,1556,11
2514,16,158,29,641,43,1568,11
2514,16,158,29,641,43,1599,11
2514,16,158,29,641,43,1747,11
2514,16,158,29,641,43,1773,11
2514,16,158,29,641,43,1799,11
2514,16,158,29,641,43,1818,11
2514,16,158,29,641,43,1873,11
2514,16,158,29,641,43,1940,11
2514,16,158,29,641,43,1956,11
2514,16,158,29,641,43,1997,11
2514,16,158,29,641,43,2068,11
2514,16,158,29,641,43,2079,11
2514,16,158,29,641,43,2123,11
2514,16,158,29,641,43,2196,11
2514,16,158,29,641,43,2206,11
2514,16,158,29,641,43,2216,11
2514,16,158,29,641,43,2244,11
2514,16,158,29,641,43,2259,11
2514,16,158,29,641,43,2261,11
2514,16,158,29,641,43,2289,11
2514,16,158,29,641,43,2359,11
2514,16,158,29,641,43,2370,11
2514,16,158,29,641,43,2405,11
2514,16,158,29,662,15,45,11
2514,16,158,29,662,15,159,11
2514,16,158,29,662,15,272,11
2514,16,158,29,662,15,338,11
2514,16,158,29,662,15,390,11
2514,16,158,29,662,15,457,11
2514,16,158,29,662,15,463,11
2514,16,158,29,662,15,620,11
2514,16,158,29,662,15,700,11
2514,16,158,29,662,15,742,11
2514,16,158,29,662,15,758,11
2514,16,158,29,662,15,879,11
2514,16,158,29,662,15,927,11
2514,16,158,29,662,15,979,11
2514,16,158,29,662,15,1003,11
2514,16,158,29,662,15,1044,11
2514,16,158,29,662,15,1068,11
2514,16,158,29,662,15,1153,11
2514,16,158,29,662,15,1186,11
2514,16,158,29,662,15,1194,11
2514,16,158,29,662,15,1259,11
2514,16,158,29,662,15,1260,11
2514,16,158,29,662,15,1312,11
2514,16,158,29,662,15,1388,11
2514,16,158,29,662,15,1391,11
2514,16,158,29,662,15,1422,11
2514,16,158,29,662,15,1556,11
2514,16,158,29,662,15,1568,11
2514,16,158,29,662,15,1599,11
2514,16,158,29,662,15,1747,11
2514,16,158,29,662,15,1773,11
2514,16,158,29,662,15,1799,11
2514,16,158,29,662,15,1818,11
2514,16,158,29,662,15,1873,11
2514,16,158,29,662,15,1940,11
2514,16,158,29,662,15,1956,11
2514,16,158,29,662,15,1997,11
2514,16,158,29,662,15,2068,11
2514,16,158,29,662,15,2079,11
2514,16,158,29,662,15,2123,11
2514,16,158,29,662,15,2196,11
2514,16,158,29,662,15,2206,11
2514,16,158,29,662,15,2216,11
2514,16,158,29,662,15,2244,11
2514,16,158,29,662,15,2259,11
2514,16,158,29,662,15,2261,11
2514,16,158,29,662,15,2289,11
2514,16,158,29,662,15,2359,11
2514,16,158,29,662,15,2370,11
2514,16,158,29,662,15,2405,11
2514,16,158,29,830,48,45,11
2514,16,158,29,830,48,159,11
2514,16,158,29,830,48,272,11
2514,16,158,29,830,48,338,11
2514,16,158,29,830,48,390,11
2514,16,158,29,830,48,457,11
2514,16,158,29,830,48,463,11
2514,16,158,29,830,48,620,11
2514,16,158,29,830,48,700,11
2514,16,158,29,830,48,742,11
2514,16,158,29,830,48,758,11
2514,16,158,29,830,48,879,11
2514,16,158,29,830,48,927,11
2514,16,158,29,830,48,979,11
2514,16,158,29,830,48,1003,11
2514,16,158,29,830,48,1044,11
2514,16,158,29,830,48,1068,11
2514,16,158,29,830,48,1153,11
2514,16,158,29,830,48,1186,11
2514,16,158,29,830,48,1194,11
2514,16,158,29,830,48,1259,11
2514,16,158,29,830,48,1260,11
2514,16,158,29,830,48,1312,11
2514,16,158,29,830,48,1388,11
2514,16,158,29,830,48,1391,11
2514,16,158,29,830,48,1422,11
2514,16,158,29,830,48,1556,11
2514,16,158,29,830,48,1568,11
2514,16,158,29,830,48,1599,11
2514,16,158,29,830,48,1747,11
2514,16,158,29,830,48,1773,11
2514,16,158,29,830,48,1799,11
2514,16,158,29,830,48,1818,11
2514,16,158,29,830,48,1873,11
2514,16,158,29,830,48,1940,11
2514,16,158,29,830,48,1956,11
2514,16,158,29,830,48,1997,11
2514,16,158,29,830,48,2068,11
2514,16,158,29,830,48,2079,11
2514,16,158,29,830,48,2123,11
2514,16,158,29,830,48,2196,11
2514,16,158,29,830,48,2206,11
2514,16,158,29,830,48,2216,11
2514,16,158,29,830,48,2244,11
2514,16,158,29,830,48,2259,11
2514,16,158,29,830,48,2261,11
2514,16,158,29,830,48,2289,11
2514,16,158,29,830,48,2359,11
2514,16,158,29,830,48,2370,11
2514,16,158,29,830,48,2405,11
2514,16,158,29,854,22,45,11
2514,16,158,29,854,22,159,11
2514,16,158,29,854,22,272,11
2514,16,158,29,854,22,338,11
2514,16,158,29,854,22,390,11
2514,16,158,29,854,22,457,11
2514,16,158,29,854,22,463,11
2514,16,158,29,854,22,620,11
2514,16,158,29,854,22,700,11
2514,16,158,29,854,22,742,11
2514,16,158,29,854,22,758,11
2514,16,158,29,854,22,879,11
2514,16,158,29,854,22,927,11
2514,16,158,29,854,22,979,11
2514,16,158,29,854,22,1003,11
2514,16,158,29,854,22,1044,11
2514,16,158,29,854,22,1068,11
2514,16,158,29,854,22,1153,11
2514,16,158,29,854,22,1186,11
2514,16,158,29,854,22,1194,11
2514,16,158,29,854,22,1259,11
2514,16,158,29,854,22,1260,11
2514,16,158,29,854,22,1312,11
2514,16,158,29,854,22,1388,11
2514,16,158,29,854,22,1391,11
2514,16,158,29,854,22,1422,11
2514,16,158,29,854,22,1556,11
2514,16,158,29,854,22,1568,11
2514,16,158,29,854,22,1599,11
2514,16,158,29,854,22,1747,11
2514,16,158,29,854,22,1773,11
2514,16,158,29,854,22,1799,11
2514,16,158,29,854,22,1818,11
2514,16,158,29,854,22,1873,11
2514,16,158,29,854,22,1940,11
2514,16,158,29,854,22,1956,11
2514,16,158,29,854,22,1997,11
2514,16,158,29,854,22,2068,11
2514,16,158,29,854,22,2079,11
2514,16,158,29,854,22,2123,11
2514,16,158,29,854,22,2196,11
2514,16,158,29,854,22,2206,11
2514,16,158,29,854,22,2216,11
2514,16,158,29,854,22,2244,11
2514,16,158,29,854,22,2259,11
2514,16,158,29,854,22,2261,11
2514,16,158,29,854,22,2289,11
2514,16,158,29,854,22,2359,11
2514,16,158,29,854,22,2370,11
2514,16,158,29,854,22,2405,11
2514,16,158,29,1140,36,45,11
2514,16,158,29,1140,36,338,11
2514,16,158,29,1140,36,390,11
2514,16,158,29,1140,36,620,11
2514,16,158,29,1140,36,742,11
2514,16,158,29,1140,36,758,11
2514,16,158,29,1140,36,979,11
2514,16,158,29,1140,36,1044,11
2514,16,158,29,1140,36,1186,11
2514,16,158,29,1140,36,1259,11
2514,16,158,29,1140,36,1312,11
2514,16,158,29,1140,36,1773,11
2514,16,158,29,1140,36,1799,11
2514,16,158,29,1140,36,1956,11
2514,16,158,29,1140,36,1997,11
2514,16,158,29,1140,36,2206,11
2514,16,158,29,1140,36,2244,11
2514,16,158,29,1140,36,2261,11
2514,16,158,29,1140,36,2289,11
2514,16,158,29,1140,36,2359,11
2514,16,158,29,1154,46,45,11
2514,16,158,29,1154,46,159,11
2514,16,158,29,1154,46,272,11
2514,16,158,29,1154,46,338,11
2514,16,158,29,1154,46,390,11
2514,16,158,29,1154,46,457,11
2514,16,158,29,1154,46,463,11
2514,16,158,29,1154,46,620,11
2514,16,158,29,1154,46,700,11
2514,16,158,29,1154,46,742,11
2514,16,158,29,1154,46,758,11
2514,16,158,29,1154,46,879,11
2514,16,158,29,1154,46,927,11
2514,16,158,29,1154,46,979,11
2514,16,158,29,1154,46,1003,11
2514,16,158,29,1154,46,1044,11
2514,16,158,29,1154,46,1068,11
2514,16,158,29,1154,46,1153,11
2514,16,158,29,1154,46,1186,11
2514,16,158,29,1154,46,1194,11
2514,16,158,29,1154,46,1259,11
2514,16,158,29,1154,46,1260,11
2514,16,158,29,1154,46,1312,11
2514,16,158,29,1154,46,1388,11
2514,16,158,29,1154,46,1391,11
2514,16,158,29,1154,46,1422,11
2514,16,158,29,1154,46,1556,11
2514,16,158,29,1154,46,1568,11
2514,16,158,29,1154,46,1599,11
2514,16,158,29,1154,46,1747,11
2514,16,158,29,1154,46,1773,11
2514,16,158,29,1154,46,1799,11
2514,16,158,29,1154,46,1818,11
2514,16,158,29,1154,46,1873,11
2514,16,158,29,1154,46,1940,11
2514,16,158,29,1154,46,1956,11
2514,16,158,29,1154,46,1997,11
2514,16,158,29,1154,46,2068,11
2514,16,158,29,1154,46,2079,11
2514,16,158,29,1154,46,2123,11
2514,16,158,29,1154,46,2196,11
2514,16,158,29,1154,46,2206,11
2514,16,158,29,1154,46,2216,11
2514,16,158,29,1154,46,2244,11
2514,16,158,29,1154,46,2259,11
2514,16,158,29,1154,46,2261,11
2514,16,158,29,1154,46,2289,11
2514,16,158,29,1154,46,2359,11
2514,16,158,29,1154,46,2370,11
2514,16,158,29,1154,46,2405,11
2514,16,158,29,1296,41,45,11
2514,16,158,29,1296,41,159,11
2514,16,158,29,1296,41,272,11
2514,16,158,29,1296,41,338,11
2514,16,158,29,1296,41,390,11
2514,16,158,29,1296,41,457,11
2514,16,158,29,1296,41,463,11
2514,16,158,29,1296,41,620,11
2514,16,158,29,1296,41,700,11
2514,16,158,29,1296,41,742,11
2514,16,158,29,1296,41,758,11
2514,16,158,29,1296,41,879,11
2514,16,158,29,1296,41,927,11
2514,16,158,29,1296,41,979,11
2514,16,158,29,1296,41,1003,11
2514,16,158,29,1296,41,1044,11
2514,16,158,29,1296,41,1068,11
2514,16,158,29,1296,41,1153,11
2514,16,158,29,1296,41,1186,11
2514,16,158,29,1296,41,1194,11
2514,16,158,29,1296,41,1259,11
2514,16,158,29,1296,41,1260,11
2514,16,158,29,1296,41,1312,11
2514,16,158,29,1296,41,1388,11
2514,16,158,29,1296,41,1391,11
2514,16,158,29,1296,41,1422,11
2514,16,158,29,1296,41,1556,11
2514,16,158,29,1296,41,1568,11
2514,16,158,29,1296,41,1599,11
2514,16,158,29,1296,41,1747,11
2514,16,158,29,1296,41,1773,11
2514,16,158,29,1296,41,1799,11
2514,16,158,29,1296,41,1818,11
2514,16,158,29,1296,41,1873,11
2514,16,158,29,1296,41,1940,11
2514,16,158,29,1296,41,1956,11
2514,16,158,29,1296,41,1997,11
2514,16,158,29,1296,41,2068,11
2514,16,158,29,1296,41,2079,11
2514,16,158,29,1296,41,2123,11
2514,16,158,29,1296,41,2196,11
2514,16,158,29,1296,41,2206,11
2514,16,158,29,1296,41,2216,11
2514,16,158,29,1296,41,2244,11
2514,16,158,29,1296,41,2259,11
2514,16,158,29,1296,41,2261,11
2514,16,158,29,1296,41,2289,11
2514,16,158,29,1296,41,2359,11
2514,16,158,29,1296,41,2370,11
2514,16,158,29,1296,41,2405,11
2514,16,158,29,1473,21,45,11
2514,16,158,29,1473,21,159,11
2514,16,158,29,1473,21,272,11
2514,16,158,29,1473,21,338,11
2514,16,158,29,1473,21,390,11
2514,16,158,29,1473,21,457,11
2514,16,158,29,1473,21,463,11
2514,16,158,29,1473,21,620,11
2514,16,158,29,1473,21,700,11
2514,16,158,29,1473,21,742,11
2514,16,158,29,1473,21,758,11
2514,16,158,29,1473,21,879,11
2514,16,158,29,1473,21,927,11
2514,16,158,29,1473,21,979,11
2514,16,158,29,1473,21,1003,11
2514,16,158,29,1473,21,1044,11
2514,16,158,29,1473,21,1068,11
2514,16,158,29,1473,21,1153,11
2514,16,158,29,1473,21,1186,11
2514,16,158,29,1473,21,1194,11
2514,16,158,29,1473,21,1259,11
2514,16,158,29,1473,21,1260,11
2514,16,158,29,1473,21,1312,11
2514,16,158,29,1473,21,1388,11
2514,16,158,29,1473,21,1391,11
2514,16,158,29,1473,21,1422,11
2514,16,158,29,1473,21,1556,11
2514,16,158,29,1473,21,1568,11
2514,16,158,29,1473,21,1599,11
2514,16,158,29,1473,21,1747,11
2514,16,158,29,1473,21,1773,11
2514,16,158,29,1473,21,1799,11
2514,16,158,29,1473,21,1818,11
2514,16,158,29,1473,21,1873,11
2514,16,158,29,1473,21,1940,11
2514,16,158,29,1473,21,1956,11
2514,16,158,29,1473,21,1997,11
2514,16,158,29,1473,21,2068,11
2514,16,158,29,1473,21,2079,11
2514,16,158,29,1473,21,2123,11
2514,16,158,29,1473,21,2196,11
2514,16,158,29,1473,21,2206,11
2514,16,158,29,1473,21,2216,11
2514,16,158,29,1473,21,2244,11
2514,16,158,29,1473,21,2259,11
2514,16,158,29,1473,21,2261,11
2514,16,158,29,1473,21,2289,11
2514,16,158,29,1473,21,2359,11
2514,16,158,29,1473,21,2370,11
2514,16,158,29,1473,21,2405,11
2514,16,158,29,1627,18,45,11
2514,16,158,29,1627,18,159,11
2514,16,158,29,1627,18,272,11
2514,16,158,29,1627,18,338,11
2514,16,158,29,1627,18,390,11
2514,16,158,29,1627,18,457,11
2514,16,158,29,1627,18,463,11
2514,16,158,29,1627,18,620,11
2514,16,158,29,1627,18,700,11
2514,16,158,29,1627,18,742,11
2514,16,158,29,1627,18,758,11
2514,16,158,29,1627,18,879,11
2514,16,158,29,1627,18,927,11
2514,16,158,29,1627,18,979,11
2514,16,158,29,1627,18,1003,11
2514,16,158,29,1627,18,1044,11
2514,16,158,29,1627,18,1068,11
2514,16,158,29,1627,18,1153,11
2514,16,158,29,1627,18,1186,11
2514,16,158,29,1627,18,1194,11
2514,16,158,29,1627,18,1259,11
2514,16,158,29,1627,18,1260,11
2514,16,158,29,1627,18,1312,11
2514,16,158,29,1627,18,1388,11
2514,16,158,29,1627,18,1391,11
2514,16,158,29,1627,18,1422,11
2514,16,158,29,1627,18,1556,11
2514,16,158,29,1627,18,1568,11
2514,16,158,29,1627,18,1599,11
2514,16,158,29,1627,18,1747,11
2514,16,158,29,1627,18,1773,11
2514,16,158,29,1627,18,1799,11
2514,16,158,29,1627,18,1818,11
2514,16,158,29,1627,18,1873,11
2514,16,158,29,1627,18,1940,11
2514,16,158,29,1627,18,1956,11
2514,16,158,29,1627,18,1997,11
2514,16,158,29,1627,18,2068,11
2514,16,158,29,1627,18,2079,11
2514,16,158,29,1627,18,2123,11
2514,16,158,29,1627,18,2196,11
2514,16,158,29,1627,18,2206,11
2514,16,158,29,1627,18,2216,11
2514,16,158,29,1627,18,2244,11
2514,16,158,29,1627,18,2259,11
2514,16,158,29,1627,18,2261,11
2514,16,158,29,1627,18,2289,11
2514,16,158,29,1627,18,2359,11
2514,16,158,29,1627,18,2370,11
2514,16,158,29,1627,18,2405,11
2514,16,158,29,1826,27,45,11
2514,16,158,29,1826,27,159,11
2514,16,158,29,1826,27,272,11
2514,16,158,29,1826,27,338,11
2514,16,158,29,1826,27,390,11
2514,16,158,29,1826,27,457,11
2514,16,158,29,1826,27,463,11
2514,16,158,29,1826,27,620,11
2514,16,158,29,1826,27,700,11
2514,16,158,29,1826,27,742,11
2514,16,158,29,1826,27,758,11
2514,16,158,29,1826,27,879,11
2514,16,158,29,1826,27,927,11
2514,16,158,29,1826,27,979,11
2514,16,158,29,1826,27,1003,11
2514,16,158,29,1826,27,1044,11
2514,16,158,29,1826,27,1068,11
2514,16,158,29,1826,27,1153,11
2514,16,158,29,1826,27,1186,11
2514,16,158,29,1826,27,1194,11
2514,16,158,29,1826,27,1259,11
2514,16,158,29,1826,27,1260,11
2514,16,158,29,1826,27,1312,11
2514,16,158,29,1826,27,1388,11
2514,16,158,29,1826,27,1391,11
2514,16,158,29,1826,27,1422,11
2514,16,158,29,1826,27,1556,11
2514,16,158,29,1826,27,1568,11
2514,16,158,29,1826,27,1599,11
2514,16,158,29,1826,27,1747,11
2514,16,158,29,1826,27,1773,11
2514,16,158,29,1826,27,1799,11
2514,16,158,29,1826,27,1818,11
2514,16,158,29,1826,27,1873,11
2514,16,158,29,1826,27,1940,11
2514,16,158,29,1826,27,1956,11
2514,16,158,29,1826,27,1997,11
2514,16,158,29,1826,27,2068,11
2514,16,158,29,1826,27,2079,11
2514,16,158,29,1826,27,2123,11
2514,16,158,29,1826,27,2196,11
2514,16,158,29,1826,27,2206,11
2514,16,158,29,1826,27,2216,11
2514,16,158,29,1826,27,2244,11
2514,16,158,29,1826,27,2259,11
2514,16,158,29,1826,27,2261,11
2514,16,158,29,1826,27,2289,11
2514,16,158,29,1826,27,2359,11
2514,16,158,29,1826,27,2370,11
2514,16,158,29,1826,27,2405,11
