2514,16,1690,41,87,13,45,11
2514,16,1690,41,87,13,159,11
2514,16,1690,41,87,13,272,11
2514,16,1690,41,87,13,338,11
2514,16,1690,41,87,13,390,11
2514,16,1690,41,87,13,457,11
2514,16,1690,41,87,13,463,11
2514,16,1690,41,87,13,620,11
2514,16,1690,41,87,13,700,11
2514,16,1690,41,87,13,742,11
2514,16,1690,41,87,13,758,11
2514,16,1690,41,87,13,879,11
2514,16,1690,41,87,13,927,11
2514,16,1690,41,87,13,979,11
2514,16,1690,41,87,13,1003,11
2514,16,1690,41,87,13,1044,11
2514,16,1690,41,87,13,1068,11
2514,16,1690,41,87,13,1153,11
2514,16,1690,41,87,13,1186,11
2514,16,1690,41,87,13,1194,11
2514,16,1690,41,87,13,1259,11
2514,16,1690,41,87,13,1260,11
2514,16,1690,41,87,13,1312,11
2514,16,1690,41,87,13,1388,11
2514,16,1690,41,87,13,1391,11
2514,16,1690,41,87,13,1422,11
2514,16,1690,41,87,13,1556,11
2514,16,1690,41,87,13,1568,11
2514,16,1690,41,87,13,1599,11
2514,16,1690,41,87,13,1747,11
2514,16,1690,41,87,13,1773,11
2514,16,1690,41,87,13,1799,11
2514,16,1690,41,87,13,1818,11
2514,16,1690,41,87,13,1873,11
2514,16,1690,41,87,13,1940,11
2514,16,1690,41,87,13,1956,11
2514,16,1690,41,87,13,1997,11
2514,16,1690,41,87,13,2068,11
2514,16,1690,41,87,13,2079,11
2514,16,1690,41,87,13,2123,11
2514,16,1690,41,87,13,2196,11
2514,16,1690,41,87,13,2206,11
2514,16,1690,41,87,13,2216,11
2514,16,1690,41,87,13,2244,11
2514,16,1690,41,87,13,2259,11
2514,16,1690,41,87,13,2261,11
2514,16,1690,41,87,13,2289,11
2514,16,1690,41,87,13,2359,11
2514,16,1690,41,87,13,2370,11
2514,16,1690,41,87,13,2405,11
2514,16,1690,41,116,18,45,11
2514,16,1690,41,116,18,159,11
2514,16,1690,41,116,18,272,11
2514,16,1690,41,116,18,338,11
2514,16,1690,41,116,18,390,11
2514,16,1690,41,116,18,457,11
2514,16,1690,41,116,18,463,11
2514,16,1690,41,116,18,620,11
2514,16,1690,41,116,18,700,11
2514,16,1690,41,116,18,742,11
2514,16,1690,41,116,18,758,11
2514,16,1690,41,116,18,879,11
2514,16,1690,41,116,18,927,11
2514,16,1690,41,116,18,979,11
2514,16,1690,41,116,18,1003,11
2514,16,1690,41,116,18,1044,11
2514,16,1690,41,116,18,1068,11
2514,16,1690,41,116,18,1153,11
2514,16,1690,41,116,18,1186,11
2514,16,1690,41,116,18,1194,11
2514,16,1690,41,116,18,1259,11
2514,16,1690,41,116,18,1260,11
2514,16,1690,41,116,18,1312,11
2514,16,1690,41,116,18,1388,11
2514,16,1690,41,116,18,1391,11
2514,16,1690,41,116,18,1422,11
2514,16,1690,41,116,18,1556,11
2514,16,1690,41,116,18,1568,11
2514,16,1690,41,116,18,1599,11
2514,16,1690,41,116,18,1747,11
2514,16,1690,41,116,18,1773,11
2514,16,1690,41,116,18,1799,11
2514,16,1690,41,116,18,1818,11
2514,16,1690,41,116,18,1873,11
2514,16,1690,41,116,18,1940,11
2514,16,1690,41,116,18,1956,11
2514,16,1690,41,116,18,1997,11
2514,16,1690,41,116,18,2068,11
2514,16,1690,41,116,18,2079,11
2514,16,1690,41,116,18,2123,11
2514,16,1690,41,116,18,2196,11
2514,16,1690,41,116,18,2206,11
2514,16,1690,41,116,18,2216,11
2514,16,1690,41,116,18,2244,11
2514,16,1690,41,116,18,2259,11
2514,16,1690,41,116,18,2261,11
2514,16,1690,41,116,18,2289,11
2514,16,1690,41,116,18,2359,11
2514,16,1690,41,116,18,2370,11
2514,16,1690,41,116,18,2405,11
2514,16,1690,41,170,38,45,11
2514,16,1690,41,170,38,159,11
2514,16,1690,41,170,38,272,11
2514,16,1690,41,170,38,338,11
2514,16,1690,41,170,38,390,11
2514,16,1690,41,170,38,457,11
2514,16,1690,41,170,38,463,11
2514,16,1690,41,170,38,620,11
2514,16,1690,41,170,38,700,11
2514,16,1690,41,170,38,742,11
2514,16,1690,41,170,38,758,11
2514,16,1690,41,170,38,879,11
2514,16,1690,41,170,38,927,11
2514,16,1690,41,170,38,979,11
2514,16,1690,41,170,38,1003,11
2514,16,1690,41,170,38,1044,11
2514,16,1690,41,170,38,1068,11
2514,16,1690,41,170,38,1153,11
2514,16,1690,41,170,38,1186,11
2514,16,1690,41,170,38,1194,11
2514,16,1690,41,170,38,1259,11
2514,16,1690,41,170,38,1260,11
2514,16,1690,41,170,38,1312,11
2514,16,1690,41,170,38,1388,11
2514,16,1690,41,170,38,1391,11
2514,16,1690,41,170,38,1422,11
2514,16,1690,41,170,38,1556,11
2514,16,1690,41,170,38,1568,11
2514,16,1690,41,170,38,1599,11
2514,16,1690,41,170,38,1747,11
2514,16,1690,41,170,38,1773,11
2514,16,1690,41,170,38,1799,11
2514,16,1690,41,170,38,1818,11
2514,16,1690,41,170,38,1873,11
2514,16,1690,41,170,38,1940,11
2514,16,1690,41,170,38,1956,11
2514,16,1690,41,170,38,1997,11
2514,16,1690,41,170,38,2068,11
2514,16,1690,41,170,38,2079,11
2514,16,1690,41,170,38,2123,11
2514,16,1690,41,170,38,2196,11
2514,16,1690,41,170,38,2206,11
2514,16,1690,41,170,38,2216,11
2514,16,1690,41,170,38,2244,11
2514,16,1690,41,170,38,2259,11
2514,16,1690,41,170,38,2261,11
2514,16,1690,41,170,38,2289,11
2514,16,1690,41,170,38,2359,11
2514,16,1690,41,170,38,2370,11
2514,16,1690,41,170,38,2405,11
2514,16,1690,41,227,37,45,11
2514,16,1690,41,227,37,159,11
2514,16,1690,41,227,37,272,11
2514,16,1690,41,227,37,338,11
2514,16,1690,41,227,37,390,11
2514,16,1690,41,227,37,457,11
2514,16,1690,41,227,37,463,11
2514,16,1690,41,227,37,620,11
2514,16,1690,41,227,37,700,11
2514,16,1690,41,227,37,742,11
2514,16,1690,41,227,37,758,11
2514,16,1690,41,227,37,879,11
2514,16,1690,41,227,37,927,11
2514,16,1690,41,227,37,979,11
2514,16,1690,41,227,37,1003,11
2514,16,1690,41,227,37,1044,11
2514,16,1690,41,227,37,1068,11
2514,16,1690,41,227,37,1153,11
2514,16,1690,41,227,37,1186,11
2514,16,1690,41,227,37,1194,11
2514,16,1690,41,227,37,1259,11
2514,16,1690,41,227,37,1260,11
2514,16,1690,41,227,37,1312,11
2514,16,1690,41,227,37,1388,11
2514,16,1690,41,227,37,1391,11
2514,16,1690,41,227,37,1422,11
2514,16,1690,41,227,37,1556,11
2514,16,1690,41,227,37,1568,11
2514,16,1690,41,227,37,1599,11
2514,16,1690,41,227,37,1747,11
2514,16,1690,41,227,37,1773,11
2514,16,1690,41,227,37,1799,11
2514,16,1690,41,227,37,1818,11
2514,16,1690,41,227,37,1873,11
2514,16,1690,41,227,37,1940,11
2514,16,1690,41,227,37,1956,11
2514,16,1690,41,227,37,1997,11
2514,16,1690,41,227,37,2068,11
2514,16,1690,41,227,37,2079,11
2514,16,1690,41,227,37,2123,11
2514,16,1690,41,227,37,2196,11
2514,16,1690,41,227,37,2206,11
2514,16,1690,41,227,37,2216,11
2514,16,1690,41,227,37,2244,11
2514,16,1690,41,227,37,2259,11
2514,16,1690,41,227,37,2261,11
2514,16,1690,41,227,37,2289,11
2514,16,1690,41,227,37,2359,11
2514,16,1690,41,227,37,2370,11
2514,16,1690,41,227,37,2405,11
2514,16,1690,41,319,9,45,11
2514,16,1690,41,319,9,159,11
2514,16,1690,41,319,9,272,11
2514,16,1690,41,319,9,338,11
2514,16,1690,41,319,9,390,11
2514,16,1690,41,319,9,457,11
2514,16,1690,41,319,9,463,11
2514,16,1690,41,319,9,620,11
2514,16,1690,41,319,9,700,11
2514,16,1690,41,319,9,742,11
2514,16,1690,41,319,9,758,11
2514,16,1690,41,319,9,879,11
2514,16,1690,41,319,9,927,11
2514,16,1690,41,319,9,979,11
2514,16,1690,41,319,9,1003,11
2514,16,1690,41,319,9,1044,11
2514,16,1690,41,319,9,1068,11
2514,16,1690,41,319,9,1153,11
2514,16,1690,41,319,9,1186,11
2514,16,1690,41,319,9,1194,11
2514,16,1690,41,319,9,1259,11
2514,16,1690,41,319,9,1260,11
2514,16,1690,41,319,9,1312,11
2514,16,1690,41,319,9,1388,11
2514,16,1690,41,319,9,1391,11
2514,16,1690,41,319,9,1422,11
2514,16,1690,41,319,9,1556,11
2514,16,1690,41,319,9,1568,11
2514,16,1690,41,319,9,1599,11
2514,16,1690,41,319,9,1747,11
2514,16,1690,41,319,9,1773,11
2514,16,1690,41,319,9,1799,11
2514,16,1690,41,319,9,1818,11
2514,16,1690,41,319,9,1873,11
2514,16,1690,41,319,9,1940,11
2514,16,1690,41,319,9,1956,11
2514,16,1690,41,319,9,1997,11
2514,16,1690,41,319,9,2068,11
2514,16,1690,41,319,9,2079,11
2514,16,1690,41,319,9,2123,11
2514,16,1690,41,319,9,2196,11
2514,16,1690,41,319,9,2206,11
2514,16,1690,41,319,9,2216,11
2514,16,1690,41,319,9,2244,11
2514,16,1690,41,319,9,2259,11
2514,16,1690,41,319,9,2261,11
2514,16,1690,41,319,9,2289,11
2514,16,1690,41,319,9,2359,11
2514,16,1690,41,319,9,2370,11
2514,16,1690,41,319,9,2405,11
2514,16,1690,41,520,25,45,11
2514,16,1690,41,520,25,159,11
2514,16,1690,41,520,25,272,11
2514,16,1690,41,520,25,338,11
2514,16,1690,41,520,25,390,11
2514,16,1690,41,520,25,457,11
2514,16,1690,41,520,25,463,11
2514,16,1690,41,520,25,620,11
2514,16,1690,41,520,25,700,11
2514,16,1690,41,520,25,742,11
2514,16,1690,41,520,25,758,11
2514,16,1690,41,520,25,879,11
2514,16,1690,41,520,25,927,11
2514,16,1690,41,520,25,979,11
2514,16,1690,41,520,25,1003,11
2514,16,1690,41,520,25,1044,11
2514,16,1690,41,520,25,1068,11
2514,16,1690,41,520,25,1153,11
2514,16,1690,41,520,25,1186,11
2514,16,1690,41,520,25,1194,11
2514,16,1690,41,520,25,1259,11
2514,16,1690,41,520,25,1260,11
2514,16,1690,41,520,25,1312,11
2514,16,1690,41,520,25,1388,11
2514,16,1690,41,520,25,1391,11
2514,16,1690,41,520,25,1422,11
2514,16,1690,41,520,25,1556,11
2514,16,1690,41,520,25,1568,11
2514,16,1690,41,520,25,1599,11
2514,16,1690,41,520,25,1747,11
2514,16,1690,41,520,25,1773,11
2514,16,1690,41,520,25,1799,11
2514,16,1690,41,520,25,1818,11
2514,16,1690,41,520,25,1873,11
2514,16,1690,41,520,25,1940,11
2514,16,1690,41,520,25,1956,11
2514,16,1690,41,520,25,1997,11
2514,16,1690,41,520,25,2068,11
2514,16,1690,41,520,25,2079,11
2514,16,1690,41,520,25,2123,11
2514,16,1690,41,520,25,2196,11
2514,16,1690,41,520,25,2206,11
2514,16,1690,41,520,25,2216,11
2514,16,1690,41,520,25,2244,11
2514,16,1690,41,520,25,2259,11
2514,16,1690,41,520,25,2261,11
2514,16,1690,41,520,25,2289,11
2514,16,1690,41,520,25,2359,11
2514,16,1690,41,520,25,2370,11
2514,16,1690,41,520,25,2405,11
2514,16,1690,41,707,30,45,11
2514,16,1690,41,707,30,159,11
2514,16,1690,41,707,30,272,11
2514,16,1690,41,707,30,338,11
2514,16,1690,41,707,30,390,11
2514,16,1690,41,707,30,457,11
2514,16,1690,41,707,30,463,11
2514,16,1690,41,707,30,620,11
2514,16,1690,41,707,30,700,11
2514,16,1690,41,707,30,742,11
2514,16,1690,41,707,30,758,11
2514,16,1690,41,707,30,879,11
2514,16,1690,41,707,30,927,11
2514,16,1690,41,707,30,979,11
2514,16,1690,41,707,30,1003,11
2514,16,1690,41,707,30,1044,11
2514,16,1690,41,707,30,1068,11
2514,16,1690,41,707,30,1153,11
2514,16,1690,41,707,30,1186,11
2514,16,1690,41,707,30,1194,11
2514,16,1690,41,707,30,1259,11
2514,16,1690,41,707,30,1260,11
2514,16,1690,41,707,30,1312,11
2514,16,1690,41,707,30,1388,11
2514,16,1690,41,707,30,1391,11
2514,16,1690,41,707,30,1422,11
2514,16,1690,41,707,30,1556,11
2514,16,1690,41,707,30,1568,11
2514,16,1690,41,707,30,1599,11
2514,16,1690,41,707,30,1747,11
2514,16,1690,41,707,30,1773,11
2514,16,1690,41,707,30,1799,11
2514,16,1690,41,707,30,1818,11
2514,16,1690,41,707,30,1873,11
2514,16,1690,41,707,30,1940,11
2514,16,1690,41,707,30,1956,11
2514,16,1690,41,707,30,1997,11
2514,16,1690,41,707,30,2068,11
2514,16,1690,41,707,30,2079,11
2514,16,1690,41,707,30,2123,11
2514,16,1690,41,707,30,2196,11
2514,16,1690,41,707,30,2206,11
2514,16,1690,41,707,30,2216,11
2514,16,1690,41,707,30,2244,11
2514,16,1690,41,707,30,2259,11
2514,16,1690,41,707,30,2261,11
2514,16,1690,41,707,30,2289,11
2514,16,1690,41,707,30,2359,11
2514,16,1690,41,707,30,2370,11
2514,16,1690,41,707,30,2405,11
2514,16,1690,41,718,49,45,11
2514,16,1690,41,718,49,159,11
2514,16,1690,41,718,49,272,11
2514,16,1690,41,718,49,338,11
2514,16,1690,41,718,49,390,11
2514,16,1690,41,718,49,457,11
2514,16,1690,41,718,49,463,11
2514,16,1690,41,718,49,620,11
2514,16,1690,41,718,49,700,11
2514,16,1690,41,718,49,742,11
2514,16,1690,41,718,49,758,11
2514,16,1690,41,718,49,879,11
2514,16,1690,41,718,49,927,11
2514,16,1690,41,718,49,979,11
2514,16,1690,41,718,49,1003,11
2514,16,1690,41,718,49,1044,11
2514,16,1690,41,718,49,1068,11
2514,16,1690,41,718,49,1153,11
2514,16,1690,41,718,49,1186,11
2514,16,1690,41,718,49,1194,11
2514,16,1690,41,718,49,1259,11
2514,16,1690,41,718,49,1260,11
2514,16,1690,41,718,49,1312,11
2514,16,1690,41,718,49,1388,11
2514,16,1690,41,718,49,1391,11
2514,16,1690,41,718,49,1422,11
2514,16,1690,41,718,49,1556,11
2514,16,1690,41,718,49,1568,11
2514,16,1690,41,718,49,1599,11
2514,16,1690,41,718,49,1747,11
2514,16,1690,41,718,49,1773,11
2514,16,1690,41,718,49,1799,11
2514,16,1690,41,718,49,1818,11
2514,16,1690,41,718,49,1873,11
2514,16,1690,41,718,49,1940,11
2514,16,1690,41,718,49,1956,11
2514,16,1690,41,718,49,1997,11
2514,16,1690,41,718,49,2068,11
2514,16,1690,41,718,49,2079,11
2514,16,1690,41,718,49,2123,11
2514,16,1690,41,718,49,2196,11
2514,16,1690,41,718,49,2206,11
2514,16,1690,41,718,49,2216,11
2514,16,1690,41,718,49,2244,11
2514,16,1690,41,718,49,2259,11
2514,16,1690,41,718,49,2261,11
2514,16,1690,41,718,49,2289,11
2514,16,1690,41,718,49,2359,11
2514,16,1690,41,718,49,2370,11
2514,16,1690,41,718,49,2405,11
2514,16,1690,41,770,19,45,11
2514,16,1690,41,770,19,159,11
2514,16,1690,41,770,19,272,11
2514,16,1690,41,770,19,338,11
2514,16,1690,41,770,19,390,11
2514,16,1690,41,770,19,457,11
2514,16,1690,41,770,19,463,11
2514,16,1690,41,770,19,620,11
2514,16,1690,41,770,19,700,11
2514,16,1690,41,770,19,742,11
2514,16,1690,41,770,19,758,11
2514,16,1690,41,770,19,879,11
2514,16,1690,41,770,19,927,11
2514,16,1690,41,770,19,979,11
2514,16,1690,41,770,19,1003,11
2514,16,1690,41,770,19,1044,11
2514,16,1690,41,770,19,1068,11
2514,16,1690,41,770,19,1153,11
2514,16,1690,41,770,19,1186,11
2514,16,1690,41,770,19,1194,11
2514,16,1690,41,770,19,1259,11
2514,16,1690,41,770,19,1260,11
2514,16,1690,41,770,19,1312,11
2514,16,1690,41,770,19,1388,11
2514,16,1690,41,770,19,1391,11
2514,16,1690,41,770,19,1422,11
2514,16,1690,41,770,19,1556,11
2514,16,1690,41,770,19,1568,11
2514,16,1690,41,770,19,1599,11
2514,16,1690,41,770,19,1747,11
2514,16,1690,41,770,19,1773,11
2514,16,1690,41,770,19,1799,11
2514,16,1690,41,770,19,1818,11
2514,16,1690,41,770,19,1873,11
2514,16,1690,41,770,19,1940,11
2514,16,1690,41,770,19,1956,11
2514,16,1690,41,770,19,1997,11
2514,16,1690,41,770,19,2068,11
2514,16,1690,41,770,19,2079,11
2514,16,1690,41,770,19,2123,11
2514,16,1690,41,770,19,2196,11
2514,16,1690,41,770,19,2206,11
2514,16,1690,41,770,19,2216,11
2514,16,1690,41,770,19,2244,11
2514,16,1690,41,770,19,2259,11
2514,16,1690,41,770,19,2261,11
2514,16,1690,41,770,19,2289,11
2514,16,1690,41,770,19,2359,11
2514,16,1690,41,770,19,2370,11
2514,16,1690,41,770,19,2405,11
2514,16,1690,41,909,16,45,11
2514,16,1690,41,909,16,338,11
2514,16,1690,41,909,16,390,11
2514,16,1690,41,909,16,620,11
2514,16,1690,41,909,16,742,11
2514,16,1690,41,909,16,758,11
2514,16,1690,41,909,16,979,11
2514,16,1690,41,909,16,1044,11
2514,16,1690,41,909,16,1186,11
2514,16,1690,41,909,16,1259,11
2514,16,1690,41,909,16,1312,11
2514,16,1690,41,909,16,1773,11
2514,16,1690,41,909,16,1799,11
2514,16,1690,41,909,16,1956,11
2514,16,1690,41,909,16,1997,11
2514,16,1690,41,909,16,2206,11
2514,16,1690,41,909,16,2244,11
2514,16,1690,41,909,16,2261,11
2514,16,1690,41,909,16,2289,11
2514,16,1690,41,909,16,2359,11
2514,16,1690,41,1136,31,45,11
2514,16,1690,41,1136,31,159,11
2514,16,1690,41,1136,31,272,11
2514,16,1690,41,1136,31,338,11
2514,16,1690,41,1136,31,390,11
2514,16,1690,41,1136,31,457,11
2514,16,1690,41,1136,31,463,11
2514,16,1690,41,1136,31,620,11
2514,16,1690,41,1136,31,700,11
2514,16,1690,41,1136,31,742,11
2514,16,1690,41,1136,31,758,11
2514,16,1690,41,1136,31,879,11
2514,16,1690,41,1136,31,927,11
2514,16,1690,41,1136,31,979,11
2514,16,1690,41,1136,31,1003,11
2514,16,1690,41,1136,31,1044,11
2514,16,1690,41,1136,31,1068,11
2514,16,1690,41,1136,31,1153,11
2514,16,1690,41,1136,31,1186,11
2514,16,1690,41,1136,31,1194,11
2514,16,1690,41,1136,31,1259,11
2514,16,1690,41,1136,31,1260,11
2514,16,1690,41,1136,31,1312,11
2514,16,1690,41,1136,31,1388,11
2514,16,1690,41,1136,31,1391,11
2514,16,1690,41,1136,31,1422,11
2514,16,1690,41,1136,31,1556,11
2514,16,1690,41,1136,31,1568,11
2514,16,1690,41,1136,31,1599,11
2514,16,1690,41,1136,31,1747,11
2514,16,1690,41,1136,31,1773,11
2514,16,1690,41,1136,31,1799,11
2514,16,1690,41,1136,31,1818,11
2514,16,1690,41,1136,31,1873,11
2514,16,1690,41,1136,31,1940,11
2514,16,1690,41,1136,31,1956,11
2514,16,1690,41,1136,31,1997,11
2514,16,1690,41,1136,31,2068,11
2514,16,1690,41,1136,31,2079,11
2514,16,1690,41,1136,31,2123,11
2514,16,1690,41,1136,31,2196,11
2514,16,1690,41,1136,31,2206,11
2514,16,1690,41,1136,31,2216,11
2514,16,1690,41,1136,31,2244,11
2514,16,1690,41,1136,31,2259,11
2514,16,1690,41,1136,31,2261,11
2514,16,1690,41,1136,31,2289,11
2514,16,1690,41,1136,31,2359,11
2514,16,1690,41,1136,31,2370,11
2514,16,1690,41,1136,31,2405,11
2514,16,1690,41,1280,21,45,11
2514,16,1690,41,1280,21,159,11
2514,16,1690,41,1280,21,272,11
2514,16,1690,41,1280,21,338,11
2514,16,1690,41,1280,21,390,11
2514,16,1690,41,1280,21,457,11
2514,16,1690,41,1280,21,463,11
2514,16,1690,41,1280,21,620,11
2514,16,1690,41,1280,21,700,11
2514,16,1690,41,1280,21,742,11
2514,16,1690,41,1280,21,758,11
2514,16,1690,41,1280,21,879,11
2514,16,1690,41,1280,21,927,11
2514,16,1690,41,1280,21,979,11
2514,16,1690,41,1280,21,1003,11
2514,16,1690,41,1280,21,1044,11
2514,16,1690,41,1280,21,1068,11
2514,16,1690,41,1280,21,1153,11
2514,16,1690,41,1280,21,1186,11
2514,16,1690,41,1280,21,1194,11
2514,16,1690,41,1280,21,1259,11
2514,16,1690,41,1280,21,1260,11
2514,16,1690,41,1280,21,1312,11
2514,16,1690,41,1280,21,1388,11
2514,16,1690,41,1280,21,1391,11
2514,16,1690,41,1280,21,1422,11
2514,16,1690,41,1280,21,1556,11
2514,16,1690,41,1280,21,1568,11
2514,16,1690,41,1280,21,1599,11
2514,16,1690,41,1280,21,1747,11
2514,16,1690,41,1280,21,1773,11
2514,16,1690,41,1280,21,1799,11
2514,16,1690,41,1280,21,1818,11
2514,16,1690,41,1280,21,1873,11
2514,16,1690,41,1280,21,1940,11
2514,16,1690,41,1280,21,1956,11
2514,16,1690,41,1280,21,1997,11
2514,16,1690,41,1280,21,2068,11
2514,16,1690,41,1280,21,2079,11
2514,16,1690,41,1280,21,2123,11
2514,16,1690,41,1280,21,2196,11
2514,16,1690,41,1280,21,2206,11
2514,16,1690,41,1280,21,2216,11
2514,16,1690,41,1280,21,2244,11
2514,16,1690,41,1280,21,2259,11
2514,16,1690,41,1280,21,2261,11
2514,16,1690,41,1280,21,2289,11
2514,16,1690,41,1280,21,2359,11
2514,16,1690,41,1280,21,2370,11
2514,16,1690,41,1280,21,2405,11
2514,16,1690,41,1566,42,159,11
2514,16,1690,41,1566,42,457,11
2514,16,1690,41,1566,42,463,11
2514,16,1690,41,1566,42,700,11
2514,16,1690,41,1566,42,879,11
2514,16,1690,41,1566,42,927,11
2514,16,1690,41,1566,42,1003,11
2514,16,1690,41,1566,42,1153,11
2514,16,1690,41,1566,42,1194,11
2514,16,1690,41,1566,42,1388,11
2514,16,1690,41,1566,42,1556,11
2514,16,1690,41,1566,42,1568,11
2514,16,1690,41,1566,42,1599,11
2514,16,1690,41,1566,42,1818,11
2514,16,1690,41,1566,42,1873,11
2514,16,1690,41,1566,42,1940,11
2514,16,1690,41,1566,42,2123,11
2514,16,1690,41,1566,42,2196,11
2514,16,1690,41,1566,42,2216,11
2514,16,1690,41,1566,42,2370,11
2514,16,1690,41,1807,14,45,11
2514,16,1690,41,1807,14,159,11
2514,16,1690,41,1807,14,272,11
2514,16,1690,41,1807,14,338,11
2514,16,1690,41,1807,14,390,11
2514,16,1690,41,1807,14,457,11
2514,16,1690,41,1807,14,463,11
2514,16,1690,41,1807,14,620,11
2514,16,1690,41,1807,14,700,11
2514,16,1690,41,1807,14,742,11
2514,16,1690,41,1807,14,758,11
2514,16,1690,41,1807,14,879,11
2514,16,1690,41,1807,14,927,11
2514,16,1690,41,1807,14,979,11
2514,16,1690,41,1807,14,1003,11
2514,16,1690,41,1807,14,1044,11
2514,16,1690,41,1807,14,1068,11
2514,16,1690,41,1807,14,1153,11
2514,16,1690,41,1807,14,1186,11
2514,16,1690,41,1807,14,1194,11
2514,16,1690,41,1807,14,1259,11
2514,16,1690,41,1807,14,1260,11
2514,16,1690,41,1807,14,1312,11
2514,16,1690,41,1807,14,1388,11
2514,16,1690,41,1807,14,1391,11
2514,16,1690,41,1807,14,1422,11
2514,16,1690,41,1807,14,1556,11
2514,16,1690,41,1807,14,1568,11
2514,16,1690,41,1807,14,1599,11
2514,16,1690,41,1807,14,1747,11
2514,16,1690,41,1807,14,1773,11
2514,16,1690,41,1807,14,1799,11
2514,16,1690,41,1807,14,1818,11
2514,16,1690,41,1807,14,1873,11
2514,16,1690,41,1807,14,1940,11
2514,16,1690,41,1807,14,1956,11
2514,16,1690,41,1807,14,1997,11
2514,16,1690,41,1807,14,2068,11
2514,16,1690,41,1807,14,2079,11
2514,16,1690,41,1807,14,2123,11
2514,16,1690,41,1807,14,2196,11
2514,16,1690,41,1807,14,2206,11
2514,16,1690,41,1807,14,2216,11
2514,16,1690,41,1807,14,2244,11
2514,16,1690,41,1807,14,2259,11
2514,16,1690,41,1807,14,2261,11
2514,16,1690,41,1807,14,2289,11
2514,16,1690,41,1807,14,2359,11
2514,16,1690,41,1807,14,2370,11
2514,16,1690,41,1807,14,2405,11
