2514,16,1276,15,148,17,45,11
2514,16,1276,15,148,17,390,11
2514,16,1276,15,148,17,620,11
2514,16,1276,15,148,17,979,11
2514,16,1276,15,148,17,1799,11
2514,16,1276,15,148,17,1956,11
2514,16,1276,15,148,17,2206,11
2514,16,1276,15,148,17,2244,11
2514,16,1276,15,148,17,2261,11
2514,16,1276,15,148,17,2359,11
2514,16,1276,15,156,31,45,11
2514,16,1276,15,156,31,159,11
2514,16,1276,15,156,31,272,11
2514,16,1276,15,156,31,338,11
2514,16,1276,15,156,31,390,11
2514,16,1276,15,156,31,457,11
2514,16,1276,15,156,31,463,11
2514,16,1276,15,156,31,620,11
2514,16,1276,15,156,31,700,11
2514,16,1276,15,156,31,742,11
2514,16,1276,15,156,31,758,11
2514,16,1276,15,156,31,879,11
2514,16,1276,15,156,31,927,11
2514,16,1276,15,156,31,979,11
2514,16,1276,15,156,31,1003,11
2514,16,1276,15,156,31,1044,11
2514,16,1276,15,156,31,1068,11
2514,16,1276,15,156,31,1153,11
2514,16,1276,15,156,31,1186,11
2514,16,1276,15,156,31,1194,11
2514,16,1276,15,156,31,1259,11
2514,16,1276,15,156,31,1260,11
2514,16,1276,15,156,31,1312,11
2514,16,1276,15,156,31,1388,11
2514,16,1276,15,156,31,1391,11
2514,16,1276,15,156,31,1422,11
2514,16,1276,15,156,31,1556,11
2514,16,1276,15,156,31,1568,11
2514,16,1276,15,156,31,1599,11
2514,16,1276,15,156,31,1747,11
2514,16,1276,15,156,31,1773,11
2514,16,1276,15,156,31,1799,11
2514,16,1276,15,156,31,1818,11
2514,16,1276,15,156,31,1873,11
2514,16,1276,15,156,31,1940,11
2514,16,1276,15,156,31,1956,11
2514,16,1276,15,156,31,1997,11
2514,16,1276,15,156,31,2068,11
2514,16,1276,15,156,31,2079,11
2514,16,1276,15,156,31,2123,11
2514,16,1276,15,156,31,2196,11
2514,16,1276,15,156,31,2206,11
2514,16,1276,15,156,31,2216,11
2514,16,1276,15,156,31,2244,11
2514,16,1276,15,156,31,2259,11
2514,16,1276,15,156,31,2261,11
2514,16,1276,15,156,31,2289,11
2514,16,1276,15,156,31,2359,11
2514,16,1276,15,156,31,2370,11
2514,16,1276,15,156,31,2405,11
2514,16,1276,15,186,47,45,11
2514,16,1276,15,186,47,159,11
2514,16,1276,15,186,47,272,11
2514,16,1276,15,186,47,338,11
2514,16,1276,15,186,47,390,11
2514,16,1276,15,186,47,457,11
2514,16,1276,15,186,47,463,11
2514,16,1276,15,186,47,620,11
2514,16,1276,15,186,47,700,11
2514,16,1276,15,186,47,742,11
2514,16,1276,15,186,47,758,11
2514,16,1276,15,186,47,879,11
2514,16,1276,15,186,47,927,11
2514,16,1276,15,186,47,979,11
2514,16,1276,15,186,47,1003,11
2514,16,1276,15,186,47,1044,11
2514,16,1276,15,186,47,1068,11
2514,16,1276,15,186,47,1153,11
2514,16,1276,15,186,47,1186,11
2514,16,1276,15,186,47,1194,11
2514,16,1276,15,186,47,1259,11
2514,16,1276,15,186,47,1260,11
2514,16,1276,15,186,47,1312,11
2514,16,1276,15,186,47,1388,11
2514,16,1276,15,186,47,1391,11
2514,16,1276,15,186,47,1422,11
2514,16,1276,15,186,47,1556,11
2514,16,1276,15,186,47,1568,11
2514,16,1276,15,186,47,1599,11
2514,16,1276,15,186,47,1747,11
2514,16,1276,15,186,47,1773,11
2514,16,1276,15,186,47,1799,11
2514,16,1276,15,186,47,1818,11
2514,16,1276,15,186,47,1873,11
2514,16,1276,15,186,47,1940,11
2514,16,1276,15,186,47,1956,11
2514,16,1276,15,186,47,1997,11
2514,16,1276,15,186,47,2068,11
2514,16,1276,15,186,47,2079,11
2514,16,1276,15,186,47,2123,11
2514,16,1276,15,186,47,2196,11
2514,16,1276,15,186,47,2206,11
2514,16,1276,15,186,47,2216,11
2514,16,1276,15,186,47,2244,11
2514,16,1276,15,186,47,2259,11
2514,16,1276,15,186,47,2261,11
2514,16,1276,15,186,47,2289,11
2514,16,1276,15,186,47,2359,11
2514,16,1276,15,186,47,2370,11
2514,16,1276,15,186,47,2405,11
2514,16,1276,15,193,27,45,11
2514,16,1276,15,193,27,159,11
2514,16,1276,15,193,27,272,11
2514,16,1276,15,193,27,338,11
2514,16,1276,15,193,27,390,11
2514,16,1276,15,193,27,457,11
2514,16,1276,15,193,27,463,11
2514,16,1276,15,193,27,620,11
2514,16,1276,15,193,27,700,11
2514,16,1276,15,193,27,742,11
2514,16,1276,15,193,27,758,11
2514,16,1276,15,193,27,879,11
2514,16,1276,15,193,27,927,11
2514,16,1276,15,193,27,979,11
2514,16,1276,15,193,27,1003,11
2514,16,1276,15,193,27,1044,11
2514,16,1276,15,193,27,1068,11
2514,16,1276,15,193,27,1153,11
2514,16,1276,15,193,27,1186,11
2514,16,1276,15,193,27,1194,11
2514,16,1276,15,193,27,1259,11
2514,16,1276,15,193,27,1260,11
2514,16,1276,15,193,27,1312,11
2514,16,1276,15,193,27,1388,11
2514,16,1276,15,193,27,1391,11
2514,16,1276,15,193,27,1422,11
2514,16,1276,15,193,27,1556,11
2514,16,1276,15,193,27,1568,11
2514,16,1276,15,193,27,1599,11
2514,16,1276,15,193,27,1747,11
2514,16,1276,15,193,27,1773,11
2514,16,1276,15,193,27,1799,11
2514,16,1276,15,193,27,1818,11
2514,16,1276,15,193,27,1873,11
2514,16,1276,15,193,27,1940,11
2514,16,1276,15,193,27,1956,11
2514,16,1276,15,193,27,1997,11
2514,16,1276,15,193,27,2068,11
2514,16,1276,15,193,27,2079,11
2514,16,1276,15,193,27,2123,11
2514,16,1276,15,193,27,2196,11
2514,16,1276,15,193,27,2206,11
2514,16,1276,15,193,27,2216,11
2514,16,1276,15,193,27,2244,11
2514,16,1276,15,193,27,2259,11
2514,16,1276,15,193,27,2261,11
2514,16,1276,15,193,27,2289,11
2514,16,1276,15,193,27,2359,11
2514,16,1276,15,193,27,2370,11
2514,16,1276,15,193,27,2405,11
2514,16,1276,15,295,23,45,11
2514,16,1276,15,295,23,159,11
2514,16,1276,15,295,23,272,11
2514,16,1276,15,295,23,338,11
2514,16,1276,15,295,23,390,11
2514,16,1276,15,295,23,457,11
2514,16,1276,15,295,23,463,11
2514,16,1276,15,295,23,620,11
2514,16,1276,15,295,23,700,11
2514,16,1276,15,295,23,742,11
2514,16,1276,15,295,23,758,11
2514,16,1276,15,295,23,879,11
2514,16,1276,15,295,23,927,11
2514,16,1276,15,295,23,979,11
2514,16,1276,15,295,23,1003,11
2514,16,1276,15,295,23,1044,11
2514,16,1276,15,295,23,1068,11
2514,16,1276,15,295,23,1153,11
2514,16,1276,15,295,23,1186,11
2514,16,1276,15,295,23,1194,11
2514,16,1276,15,295,23,1259,11
2514,16,1276,15,295,23,1260,11
2514,16,1276,15,295,23,1312,11
2514,16,1276,15,295,23,1388,11
2514,16,1276,15,295,23,1391,11
2514,16,1276,15,295,23,1422,11
2514,16,1276,15,295,23,1556,11
2514,16,1276,15,295,23,1568,11
2514,16,1276,15,295,23,1599,11
2514,16,1276,15,295,23,1747,11
2514,16,1276,15,295,23,1773,11
2514,16,1276,15,295,23,1799,11
2514,16,1276,15,295,23,1818,11
2514,16,1276,15,295,23,1873,11
2514,16,1276,15,295,23,1940,11
2514,16,1276,15,295,23,1956,11
2514,16,1276,15,295,23,1997,11
2514,16,1276,15,295,23,2068,11
2514,16,1276,15,295,23,2079,11
2514,16,1276,15,295,23,2123,11
2514,16,1276,15,295,23,2196,11
2514,16,1276,15,295,23,2206,11
2514,16,1276,15,295,23,2216,11
2514,16,1276,15,295,23,2244,11
2514,16,1276,15,295,23,2259,11
2514,16,1276,15,295,23,2261,11
2514,16,1276,15,295,23,2289,11
2514,16,1276,15,295,23,2359,11
2514,16,1276,15,295,23,2370,11
2514,16,1276,15,295,23,2405,11
2514,16,1276,15,356,23,45,11
2514,16,1276,15,356,23,159,11
2514,16,1276,15,356,23,272,11
2514,16,1276,15,356,23,338,11
2514,16,1276,15,356,23,390,11
2514,16,1276,15,356,23,457,11
2514,16,1276,15,356,23,463,11
2514,16,1276,15,356,23,620,11
2514,16,1276,15,356,23,700,11
2514,16,1276,15,356,23,742,11
2514,16,1276,15,356,23,758,11
2514,16,1276,15,356,23,879,11
2514,16,1276,15,356,23,927,11
2514,16,1276,15,356,23,979,11
2514,16,1276,15,356,23,1003,11
2514,16,1276,15,356,23,1044,11
2514,16,1276,15,356,23,1068,11
2514,16,1276,15,356,23,1153,11
2514,16,1276,15,356,23,1186,11
2514,16,1276,15,356,23,1194,11
2514,16,1276,15,356,23,1259,11
2514,16,1276,15,356,23,1260,11
2514,16,1276,15,356,23,1312,11
2514,16,1276,15,356,23,1388,11
2514,16,1276,15,356,23,1391,11
2514,16,1276,15,356,23,1422,11
2514,16,1276,15,356,23,1556,11
2514,16,1276,15,356,23,1568,11
2514,16,1276,15,356,23,1599,11
2514,16,1276,15,356,23,1747,11
2514,16,1276,15,356,23,1773,11
2514,16,1276,15,356,23,1799,11
2514,16,1276,15,356,23,1818,11
2514,16,1276,15,356,23,1873,11
2514,16,1276,15,356,23,1940,11
2514,16,1276,15,356,23,1956,11
2514,16,1276,15,356,23,1997,11
2514,16,1276,15,356,23,2068,11
2514,16,1276,15,356,23,2079,11
2514,16,1276,15,356,23,2123,11
2514,16,1276,15,356,23,2196,11
2514,16,1276,15,356,23,2206,11
2514,16,1276,15,356,23,2216,11
2514,16,1276,15,356,23,2244,11
2514,16,1276,15,356,23,2259,11
2514,16,1276,15,356,23,2261,11
2514,16,1276,15,356,23,2289,11
2514,16,1276,15,356,23,2359,11
2514,16,1276,15,356,23,2370,11
2514,16,1276,15,356,23,2405,11
2514,16,1276,15,748,24,45,11
2514,16,1276,15,748,24,159,11
2514,16,1276,15,748,24,272,11
2514,16,1276,15,748,24,338,11
2514,16,1276,15,748,24,390,11
2514,16,1276,15,748,24,457,11
2514,16,1276,15,748,24,463,11
2514,16,1276,15,748,24,620,11
2514,16,1276,15,748,24,700,11
2514,16,1276,15,748,24,742,11
2514,16,1276,15,748,24,758,11
2514,16,1276,15,748,24,879,11
2514,16,1276,15,748,24,927,11
2514,16,1276,15,748,24,979,11
2514,16,1276,15,748,24,1003,11
2514,16,1276,15,748,24,1044,11
2514,16,1276,15,748,24,1068,11
2514,16,1276,15,748,24,1153,11
2514,16,1276,15,748,24,1186,11
2514,16,1276,15,748,24,1194,11
2514,16,1276,15,748,24,1259,11
2514,16,1276,15,748,24,1260,11
2514,16,1276,15,748,24,1312,11
2514,16,1276,15,748,24,1388,11
2514,16,1276,15,748,24,1391,11
2514,16,1276,15,748,24,1422,11
2514,16,1276,15,748,24,1556,11
2514,16,1276,15,748,24,1568,11
2514,16,1276,15,748,24,1599,11
2514,16,1276,15,748,24,1747,11
2514,16,1276,15,748,24,1773,11
2514,16,1276,15,748,24,1799,11
2514,16,1276,15,748,24,1818,11
2514,16,1276,15,748,24,1873,11
2514,16,1276,15,748,24,1940,11
2514,16,1276,15,748,24,1956,11
2514,16,1276,15,748,24,1997,11
2514,16,1276,15,748,24,2068,11
2514,16,1276,15,748,24,2079,11
2514,16,1276,15,748,24,2123,11
2514,16,1276,15,748,24,2196,11
2514,16,1276,15,748,24,2206,11
2514,16,1276,15,748,24,2216,11
2514,16,1276,15,748,24,2244,11
2514,16,1276,15,748,24,2259,11
2514,16,1276,15,748,24,2261,11
2514,16,1276,15,748,24,2289,11
2514,16,1276,15,748,24,2359,11
2514,16,1276,15,748,24,2370,11
2514,16,1276,15,748,24,2405,11
2514,16,1276,15,979,49,45,11
2514,16,1276,15,979,49,159,11
2514,16,1276,15,979,49,272,11
2514,16,1276,15,979,49,338,11
2514,16,1276,15,979,49,390,11
2514,16,1276,15,979,49,457,11
2514,16,1276,15,979,49,463,11
2514,16,1276,15,979,49,620,11
2514,16,1276,15,979,49,700,11
2514,16,1276,15,979,49,742,11
2514,16,1276,15,979,49,758,11
2514,16,1276,15,979,49,879,11
2514,16,1276,15,979,49,927,11
2514,16,1276,15,979,49,979,11
2514,16,1276,15,979,49,1003,11
2514,16,1276,15,979,49,1044,11
2514,16,1276,15,979,49,1068,11
2514,16,1276,15,979,49,1153,11
2514,16,1276,15,979,49,1186,11
2514,16,1276,15,979,49,1194,11
2514,16,1276,15,979,49,1259,11
2514,16,1276,15,979,49,1260,11
2514,16,1276,15,979,49,1312,11
2514,16,1276,15,979,49,1388,11
2514,16,1276,15,979,49,1391,11
2514,16,1276,15,979,49,1422,11
2514,16,1276,15,979,49,1556,11
2514,16,1276,15,979,49,1568,11
2514,16,1276,15,979,49,1599,11
2514,16,1276,15,979,49,1747,11
2514,16,1276,15,979,49,1773,11
2514,16,1276,15,979,49,1799,11
2514,16,1276,15,979,49,1818,11
2514,16,1276,15,979,49,1873,11
2514,16,1276,15,979,49,1940,11
2514,16,1276,15,979,49,1956,11
2514,16,1276,15,979,49,1997,11
2514,16,1276,15,979,49,2068,11
2514,16,1276,15,979,49,2079,11
2514,16,1276,15,979,49,2123,11
2514,16,1276,15,979,49,2196,11
2514,16,1276,15,979,49,2206,11
2514,16,1276,15,979,49,2216,11
2514,16,1276,15,979,49,2244,11
2514,16,1276,15,979,49,2259,11
2514,16,1276,15,979,49,2261,11
2514,16,1276,15,979,49,2289,11
2514,16,1276,15,979,49,2359,11
2514,16,1276,15,979,49,2370,11
2514,16,1276,15,979,49,2405,11
2514,16,1276,15,1273,9,45,11
2514,16,1276,15,1273,9,159,11
2514,16,1276,15,1273,9,272,11
2514,16,1276,15,1273,9,338,11
2514,16,1276,15,1273,9,390,11
2514,16,1276,15,1273,9,457,11
2514,16,1276,15,1273,9,463,11
2514,16,1276,15,1273,9,620,11
2514,16,1276,15,1273,9,700,11
2514,16,1276,15,1273,9,742,11
2514,16,1276,15,1273,9,758,11
2514,16,1276,15,1273,9,879,11
2514,16,1276,15,1273,9,927,11
2514,16,1276,15,1273,9,979,11
2514,16,1276,15,1273,9,1003,11
2514,16,1276,15,1273,9,1044,11
2514,16,1276,15,1273,9,1068,11
2514,16,1276,15,1273,9,1153,11
2514,16,1276,15,1273,9,1186,11
2514,16,1276,15,1273,9,1194,11
2514,16,1276,15,1273,9,1259,11
2514,16,1276,15,1273,9,1260,11
2514,16,1276,15,1273,9,1312,11
2514,16,1276,15,1273,9,1388,11
2514,16,1276,15,1273,9,1391,11
2514,16,1276,15,1273,9,1422,11
2514,16,1276,15,1273,9,1556,11
2514,16,1276,15,1273,9,1568,11
2514,16,1276,15,1273,9,1599,11
2514,16,1276,15,1273,9,1747,11
2514,16,1276,15,1273,9,1773,11
2514,16,1276,15,1273,9,1799,11
2514,16,1276,15,1273,9,1818,11
2514,16,1276,15,1273,9,1873,11
2514,16,1276,15,1273,9,1940,11
2514,16,1276,15,1273,9,1956,11
2514,16,1276,15,1273,9,1997,11
2514,16,1276,15,1273,9,2068,11
2514,16,1276,15,1273,9,2079,11
2514,16,1276,15,1273,9,2123,11
2514,16,1276,15,1273,9,2196,11
2514,16,1276,15,1273,9,2206,11
2514,16,1276,15,1273,9,2216,11
2514,16,1276,15,1273,9,2244,11
2514,16,1276,15,1273,9,2259,11
2514,16,1276,15,1273,9,2261,11
2514,16,1276,15,1273,9,2289,11
2514,16,1276,15,1273,9,2359,11
2514,16,1276,15,1273,9,2370,11
2514,16,1276,15,1273,9,2405,11
2514,16,1276,15,1558,15,45,11
2514,16,1276,15,1558,15,159,11
2514,16,1276,15,1558,15,272,11
2514,16,1276,15,1558,15,338,11
2514,16,1276,15,1558,15,390,11
2514,16,1276,15,1558,15,457,11
2514,16,1276,15,1558,15,463,11
2514,16,1276,15,1558,15,620,11
2514,16,1276,15,1558,15,700,11
2514,16,1276,15,1558,15,742,11
2514,16,1276,15,1558,15,758,11
2514,16,1276,15,1558,15,879,11
2514,16,1276,15,1558,15,927,11
2514,16,1276,15,1558,15,979,11
2514,16,1276,15,1558,15,1003,11
2514,16,1276,15,1558,15,1044,11
2514,16,1276,15,1558,15,1068,11
2514,16,1276,15,1558,15,1153,11
2514,16,1276,15,1558,15,1186,11
2514,16,1276,15,1558,15,1194,11
2514,16,1276,15,1558,15,1259,11
2514,16,1276,15,1558,15,1260,11
2514,16,1276,15,1558,15,1312,11
2514,16,1276,15,1558,15,1388,11
2514,16,1276,15,1558,15,1391,11
2514,16,1276,15,1558,15,1422,11
2514,16,1276,15,1558,15,1556,11
2514,16,1276,15,1558,15,1568,11
2514,16,1276,15,1558,15,1599,11
2514,16,1276,15,1558,15,1747,11
2514,16,1276,15,1558,15,1773,11
2514,16,1276,15,1558,15,1799,11
2514,16,1276,15,1558,15,1818,11
2514,16,1276,15,1558,15,1873,11
2514,16,1276,15,1558,15,1940,11
2514,16,1276,15,1558,15,1956,11
2514,16,1276,15,1558,15,1997,11
2514,16,1276,15,1558,15,2068,11
2514,16,1276,15,1558,15,2079,11
2514,16,1276,15,1558,15,2123,11
2514,16,1276,15,1558,15,2196,11
2514,16,1276,15,1558,15,2206,11
2514,16,1276,15,1558,15,2216,11
2514,16,1276,15,1558,15,2244,11
2514,16,1276,15,1558,15,2259,11
2514,16,1276,15,1558,15,2261,11
2514,16,1276,15,1558,15,2289,11
2514,16,1276,15,1558,15,2359,11
2514,16,1276,15,1558,15,2370,11
2514,16,1276,15,1558,15,2405,11
2514,16,1276,15,1617,28,45,11
2514,16,1276,15,1617,28,159,11
2514,16,1276,15,1617,28,272,11
2514,16,1276,15,1617,28,338,11
2514,16,1276,15,1617,28,390,11
2514,16,1276,15,1617,28,457,11
2514,16,1276,15,1617,28,463,11
2514,16,1276,15,1617,28,620,11
2514,16,1276,15,1617,28,700,11
2514,16,1276,15,1617,28,742,11
2514,16,1276,15,1617,28,758,11
2514,16,1276,15,1617,28,879,11
2514,16,1276,15,1617,28,927,11
2514,16,1276,15,1617,28,979,11
2514,16,1276,15,1617,28,1003,11
2514,16,1276,15,1617,28,1044,11
2514,16,1276,15,1617,28,1068,11
2514,16,1276,15,1617,28,1153,11
2514,16,1276,15,1617,28,1186,11
2514,16,1276,15,1617,28,1194,11
2514,16,1276,15,1617,28,1259,11
2514,16,1276,15,1617,28,1260,11
2514,16,1276,15,1617,28,1312,11
2514,16,1276,15,1617,28,1388,11
2514,16,1276,15,1617,28,1391,11
2514,16,1276,15,1617,28,1422,11
2514,16,1276,15,1617,28,1556,11
2514,16,1276,15,1617,28,1568,11
2514,16,1276,15,1617,28,1599,11
2514,16,1276,15,1617,28,1747,11
2514,16,1276,15,1617,28,1773,11
2514,16,1276,15,1617,28,1799,11
2514,16,1276,15,1617,28,1818,11
2514,16,1276,15,1617,28,1873,11
2514,16,1276,15,1617,28,1940,11
2514,16,1276,15,1617,28,1956,11
2514,16,1276,15,1617,28,1997,11
2514,16,1276,15,1617,28,2068,11
2514,16,1276,15,1617,28,2079,11
2514,16,1276,15,1617,28,2123,11
2514,16,1276,15,1617,28,2196,11
2514,16,1276,15,1617,28,2206,11
2514,16,1276,15,1617,28,2216,11
2514,16,1276,15,1617,28,2244,11
2514,16,1276,15,1617,28,2259,11
2514,16,1276,15,1617,28,2261,11
2514,16,1276,15,1617,28,2289,11
2514,16,1276,15,1617,28,2359,11
2514,16,1276,15,1617,28,2370,11
2514,16,1276,15,1617,28,2405,11
2514,16,1276,15,1681,43,45,11
2514,16,1276,15,1681,43,159,11
2514,16,1276,15,1681,43,272,11
2514,16,1276,15,1681,43,338,11
2514,16,1276,15,1681,43,390,11
2514,16,1276,15,1681,43,457,11
2514,16,1276,15,1681,43,463,11
2514,16,1276,15,1681,43,620,11
2514,16,1276,15,1681,43,700,11
2514,16,1276,15,1681,43,742,11
2514,16,1276,15,1681,43,758,11
2514,16,1276,15,1681,43,879,11
2514,16,1276,15,1681,43,927,11
2514,16,1276,15,1681,43,979,11
2514,16,1276,15,1681,43,1003,11
2514,16,1276,15,1681,43,1044,11
2514,16,1276,15,1681,43,1068,11
2514,16,1276,15,1681,43,1153,11
2514,16,1276,15,1681,43,1186,11
2514,16,1276,15,1681,43,1194,11
2514,16,1276,15,1681,43,1259,11
2514,16,1276,15,1681,43,1260,11
2514,16,1276,15,1681,43,1312,11
2514,16,1276,15,1681,43,1388,11
2514,16,1276,15,1681,43,1391,11
2514,16,1276,15,1681,43,1422,11
2514,16,1276,15,1681,43,1556,11
2514,16,1276,15,1681,43,1568,11
2514,16,1276,15,1681,43,1599,11
2514,16,1276,15,1681,43,1747,11
2514,16,1276,15,1681,43,1773,11
2514,16,1276,15,1681,43,1799,11
2514,16,1276,15,1681,43,1818,11
2514,16,1276,15,1681,43,1873,11
2514,16,1276,15,1681,43,1940,11
2514,16,1276,15,1681,43,1956,11
2514,16,1276,15,1681,43,1997,11
2514,16,1276,15,1681,43,2068,11
2514,16,1276,15,1681,43,2079,11
2514,16,1276,15,1681,43,2123,11
2514,16,1276,15,1681,43,2196,11
2514,16,1276,15,1681,43,2206,11
2514,16,1276,15,1681,43,2216,11
2514,16,1276,15,1681,43,2244,11
2514,16,1276,15,1681,43,2259,11
2514,16,1276,15,1681,43,2261,11
2514,16,1276,15,1681,43,2289,11
2514,16,1276,15,1681,43,2359,11
2514,16,1276,15,1681,43,2370,11
2514,16,1276,15,1681,43,2405,11
2514,16,1276,15,1779,10,159,11
2514,16,1276,15,1779,10,272,11
2514,16,1276,15,1779,10,457,11
2514,16,1276,15,1779,10,463,11
2514,16,1276,15,1779,10,700,11
2514,16,1276,15,1779,10,879,11
2514,16,1276,15,1779,10,927,11
2514,16,1276,15,1779,10,1003,11
2514,16,1276,15,1779,10,1068,11
2514,16,1276,15,1779,10,1153,11
2514,16,1276,15,1779,10,1194,11
2514,16,1276,15,1779,10,1260,11
2514,16,1276,15,1779,10,1388,11
2514,16,1276,15,1779,10,1391,11
2514,16,1276,15,1779,10,1422,11
2514,16,1276,15,1779,10,1556,11
2514,16,1276,15,1779,10,1568,11
2514,16,1276,15,1779,10,1599,11
2514,16,1276,15,1779,10,1747,11
2514,16,1276,15,1779,10,1818,11
2514,16,1276,15,1779,10,1873,11
2514,16,1276,15,1779,10,1940,11
2514,16,1276,15,1779,10,2068,11
2514,16,1276,15,1779,10,2079,11
2514,16,1276,15,1779,10,2123,11
2514,16,1276,15,1779,10,2196,11
2514,16,1276,15,1779,10,2216,11
2514,16,1276,15,1779,10,2259,11
2514,16,1276,15,1779,10,2370,11
2514,16,1276,15,1779,10,2405,11
2514,16,1276,15,1858,34,45,11
2514,16,1276,15,1858,34,159,11
2514,16,1276,15,1858,34,272,11
2514,16,1276,15,1858,34,338,11
2514,16,1276,15,1858,34,390,11
2514,16,1276,15,1858,34,457,11
2514,16,1276,15,1858,34,463,11
2514,16,1276,15,1858,34,620,11
2514,16,1276,15,1858,34,700,11
2514,16,1276,15,1858,34,742,11
2514,16,1276,15,1858,34,758,11
2514,16,1276,15,1858,34,879,11
2514,16,1276,15,1858,34,927,11
2514,16,1276,15,1858,34,979,11
2514,16,1276,15,1858,34,1003,11
2514,16,1276,15,1858,34,1044,11
2514,16,1276,15,1858,34,1068,11
2514,16,1276,15,1858,34,1153,11
2514,16,1276,15,1858,34,1186,11
2514,16,1276,15,1858,34,1194,11
2514,16,1276,15,1858,34,1259,11
2514,16,1276,15,1858,34,1260,11
2514,16,1276,15,1858,34,1312,11
2514,16,1276,15,1858,34,1388,11
2514,16,1276,15,1858,34,1391,11
2514,16,1276,15,1858,34,1422,11
2514,16,1276,15,1858,34,1556,11
2514,16,1276,15,1858,34,1568,11
2514,16,1276,15,1858,34,1599,11
2514,16,1276,15,1858,34,1747,11
2514,16,1276,15,1858,34,1773,11
2514,16,1276,15,1858,34,1799,11
2514,16,1276,15,1858,34,1818,11
2514,16,1276,15,1858,34,1873,11
2514,16,1276,15,1858,34,1940,11
2514,16,1276,15,1858,34,1956,11
2514,16,1276,15,1858,34,1997,11
2514,16,1276,15,1858,34,2068,11
2514,16,1276,15,1858,34,2079,11
2514,16,1276,15,1858,34,2123,11
2514,16,1276,15,1858,34,2196,11
2514,16,1276,15,1858,34,2206,11
2514,16,1276,15,1858,34,2216,11
2514,16,1276,15,1858,34,2244,11
2514,16,1276,15,1858,34,2259,11
2514,16,1276,15,1858,34,2261,11
2514,16,1276,15,1858,34,2289,11
2514,16,1276,15,1858,34,2359,11
2514,16,1276,15,1858,34,2370,11
2514,16,1276,15,1858,34,2405,11
