2514,16,1010,12,88,45,45,11
2514,16,1010,12,88,45,159,11
2514,16,1010,12,88,45,272,11
2514,16,1010,12,88,45,338,11
2514,16,1010,12,88,45,390,11
2514,16,1010,12,88,45,457,11
2514,16,1010,12,88,45,463,11
2514,16,1010,12,88,45,620,11
2514,16,1010,12,88,45,700,11
2514,16,1010,12,88,45,742,11
2514,16,1010,12,88,45,758,11
2514,16,1010,12,88,45,879,11
2514,16,1010,12,88,45,927,11
2514,16,1010,12,88,45,979,11
2514,16,1010,12,88,45,1003,11
2514,16,1010,12,88,45,1044,11
2514,16,1010,12,88,45,1068,11
2514,16,1010,12,88,45,1153,11
2514,16,1010,12,88,45,1186,11
2514,16,1010,12,88,45,1194,11
2514,16,1010,12,88,45,1259,11
2514,16,1010,12,88,45,1260,11
2514,16,1010,12,88,45,1312,11
2514,16,1010,12,88,45,1388,11
2514,16,1010,12,88,45,1391,11
2514,16,1010,12,88,45,1422,11
2514,16,1010,12,88,45,1556,11
2514,16,1010,12,88,45,1568,11
2514,16,1010,12,88,45,1599,11
2514,16,1010,12,88,45,1747,11
2514,16,1010,12,88,45,1773,11
2514,16,1010,12,88,45,1799,11
2514,16,1010,12,88,45,1818,11
2514,16,1010,12,88,45,1873,11
2514,16,1010,12,88,45,1940,11
2514,16,1010,12,88,45,1956,11
2514,16,1010,12,88,45,1997,11
2514,16,1010,12,88,45,2068,11
2514,16,1010,12,88,45,2079,11
2514,16,1010,12,88,45,2123,11
2514,16,1010,12,88,45,2196,11
2514,16,1010,12,88,45,2206,11
2514,16,1010,12,88,45,2216,11
2514,16,1010,12,88,45,2244,11
2514,16,1010,12,88,45,2259,11
2514,16,1010,12,88,45,2261,11
2514,16,1010,12,88,45,2289,11
2514,16,1010,12,88,45,2359,11
2514,16,1010,12,88,45,2370,11
2514,16,1010,12,88,45,2405,11
2514,16,1010,12,137,49,45,11
2514,16,1010,12,137,49,159,11
2514,16,1010,12,137,49,272,11
2514,16,1010,12,137,49,338,11
2514,16,1010,12,137,49,390,11
2514,16,1010,12,137,49,457,11
2514,16,1010,12,137,49,463,11
2514,16,1010,12,137,49,620,11
2514,16,1010,12,137,49,700,11
2514,16,1010,12,137,49,742,11
2514,16,1010,12,137,49,758,11
2514,16,1010,12,137,49,879,11
2514,16,1010,12,137,49,927,11
2514,16,1010,12,137,49,979,11
2514,16,1010,12,137,49,1003,11
2514,16,1010,12,137,49,1044,11
2514,16,1010,12,137,49,1068,11
2514,16,1010,12,137,49,1153,11
2514,16,1010,12,137,49,1186,11
2514,16,1010,12,137,49,1194,11
2514,16,1010,12,137,49,1259,11
2514,16,1010,12,137,49,1260,11
2514,16,1010,12,137,49,1312,11
2514,16,1010,12,137,49,1388,11
2514,16,1010,12,137,49,1391,11
2514,16,1010,12,137,49,1422,11
2514,16,1010,12,137,49,1556,11
2514,16,1010,12,137,49,1568,11
2514,16,1010,12,137,49,1599,11
2514,16,1010,12,137,49,1747,11
2514,16,1010,12,137,49,1773,11
2514,16,1010,12,137,49,1799,11
2514,16,1010,12,137,49,1818,11
2514,16,1010,12,137,49,1873,11
2514,16,1010,12,137,49,1940,11
2514,16,1010,12,137,49,1956,11
2514,16,1010,12,137,49,1997,11
2514,16,1010,12,137,49,2068,11
2514,16,1010,12,137,49,2079,11
2514,16,1010,12,137,49,2123,11
2514,16,1010,12,137,49,2196,11
2514,16,1010,12,137,49,2206,11
2514,16,1010,12,137,49,2216,11
2514,16,1010,12,137,49,2244,11
2514,16,1010,12,137,49,2259,11
2514,16,1010,12,137,49,2261,11
2514,16,1010,12,137,49,2289,11
2514,16,1010,12,137,49,2359,11
2514,16,1010,12,137,49,2370,11
2514,16,1010,12,137,49,2405,11
2514,16,1010,12,339,42,45,11
2514,16,1010,12,339,42,159,11
2514,16,1010,12,339,42,272,11
2514,16,1010,12,339,42,338,11
2514,16,1010,12,339,42,390,11
2514,16,1010,12,339,42,457,11
2514,16,1010,12,339,42,463,11
2514,16,1010,12,339,42,620,11
2514,16,1010,12,339,42,700,11
2514,16,1010,12,339,42,742,11
2514,16,1010,12,339,42,758,11
2514,16,1010,12,339,42,879,11
2514,16,1010,12,339,42,927,11
2514,16,1010,12,339,42,979,11
2514,16,1010,12,339,42,1003,11
2514,16,1010,12,339,42,1044,11
2514,16,1010,12,339,42,1068,11
2514,16,1010,12,339,42,1153,11
2514,16,1010,12,339,42,1186,11
2514,16,1010,12,339,42,1194,11
2514,16,1010,12,339,42,1259,11
2514,16,1010,12,339,42,1260,11
2514,16,1010,12,339,42,1312,11
2514,16,1010,12,339,42,1388,11
2514,16,1010,12,339,42,1391,11
2514,16,1010,12,339,42,1422,11
2514,16,1010,12,339,42,1556,11
2514,16,1010,12,339,42,1568,11
2514,16,1010,12,339,42,1599,11
2514,16,1010,12,339,42,1747,11
2514,16,1010,12,339,42,1773,11
2514,16,1010,12,339,42,1799,11
2514,16,1010,12,339,42,1818,11
2514,16,1010,12,339,42,1873,11
2514,16,1010,12,339,42,1940,11
2514,16,1010,12,339,42,1956,11
2514,16,1010,12,339,42,1997,11
2514,16,1010,12,339,42,2068,11
2514,16,1010,12,339,42,2079,11
2514,16,1010,12,339,42,2123,11
2514,16,1010,12,339,42,2196,11
2514,16,1010,12,339,42,2206,11
2514,16,1010,12,339,42,2216,11
2514,16,1010,12,339,42,2244,11
2514,16,1010,12,339,42,2259,11
2514,16,1010,12,339,42,2261,11
2514,16,1010,12,339,42,2289,11
2514,16,1010,12,339,42,2359,11
2514,16,1010,12,339,42,2370,11
2514,16,1010,12,339,42,2405,11
2514,16,1010,12,400,50,45,11
2514,16,1010,12,400,50,338,11
2514,16,1010,12,400,50,390,11
2514,16,1010,12,400,50,620,11
2514,16,1010,12,400,50,742,11
2514,16,1010,12,400,50,758,11
2514,16,1010,12,400,50,979,11
2514,16,1010,12,400,50,1044,11
2514,16,1010,12,400,50,1186,11
2514,16,1010,12,400,50,1259,11
2514,16,1010,12,400,50,1312,11
2514,16,1010,12,400,50,1773,11
2514,16,1010,12,400,50,1799,11
2514,16,1010,12,400,50,1956,11
2514,16,1010,12,400,50,1997,11
2514,16,1010,12,400,50,2206,11
2514,16,1010,12,400,50,2244,11
2514,16,1010,12,400,50,2261,11
2514,16,1010,12,400,50,2289,11
2514,16,1010,12,400,50,2359,11
2514,16,1010,12,877,50,45,11
2514,16,1010,12,877,50,159,11
2514,16,1010,12,877,50,272,11
2514,16,1010,12,877,50,338,11
2514,16,1010,12,877,50,390,11
2514,16,1010,12,877,50,457,11
2514,16,1010,12,877,50,463,11
2514,16,1010,12,877,50,620,11
2514,16,1010,12,877,50,700,11
2514,16,1010,12,877,50,742,11
2514,16,1010,12,877,50,758,11
2514,16,1010,12,877,50,879,11
2514,16,1010,12,877,50,927,11
2514,16,1010,12,877,50,979,11
2514,16,1010,12,877,50,1003,11
2514,16,1010,12,877,50,1044,11
2514,16,1010,12,877,50,1068,11
2514,16,1010,12,877,50,1153,11
2514,16,1010,12,877,50,1186,11
2514,16,1010,12,877,50,1194,11
2514,16,1010,12,877,50,1259,11
2514,16,1010,12,877,50,1260,11
2514,16,1010,12,877,50,1312,11
2514,16,1010,12,877,50,1388,11
2514,16,1010,12,877,50,1391,11
2514,16,1010,12,877,50,1422,11
2514,16,1010,12,877,50,1556,11
2514,16,1010,12,877,50,1568,11
2514,16,1010,12,877,50,1599,11
2514,16,1010,12,877,50,1747,11
2514,16,1010,12,877,50,1773,11
2514,16,1010,12,877,50,1799,11
2514,16,1010,12,877,50,1818,11
2514,16,1010,12,877,50,1873,11
2514,16,1010,12,877,50,1940,11
2514,16,1010,12,877,50,1956,11
2514,16,1010,12,877,50,1997,11
2514,16,1010,12,877,50,2068,11
2514,16,1010,12,877,50,2079,11
2514,16,1010,12,877,50,2123,11
2514,16,1010,12,877,50,2196,11
2514,16,1010,12,877,50,2206,11
2514,16,1010,12,877,50,2216,11
2514,16,1010,12,877,50,2244,11
2514,16,1010,12,877,50,2259,11
2514,16,1010,12,877,50,2261,11
2514,16,1010,12,877,50,2289,11
2514,16,1010,12,877,50,2359,11
2514,16,1010,12,877,50,2370,11
2514,16,1010,12,877,50,2405,11
2514,16,1010,12,935,30,45,11
2514,16,1010,12,935,30,159,11
2514,16,1010,12,935,30,272,11
2514,16,1010,12,935,30,338,11
2514,16,1010,12,935,30,390,11
2514,16,1010,12,935,30,457,11
2514,16,1010,12,935,30,463,11
2514,16,1010,12,935,30,620,11
2514,16,1010,12,935,30,700,11
2514,16,1010,12,935,30,742,11
2514,16,1010,12,935,30,758,11
2514,16,1010,12,935,30,879,11
2514,16,1010,12,935,30,927,11
2514,16,1010,12,935,30,979,11
2514,16,1010,12,935,30,1003,11
2514,16,1010,12,935,30,1044,11
2514,16,1010,12,935,30,1068,11
2514,16,1010,12,935,30,1153,11
2514,16,1010,12,935,30,1186,11
2514,16,1010,12,935,30,1194,11
2514,16,1010,12,935,30,1259,11
2514,16,1010,12,935,30,1260,11
2514,16,1010,12,935,30,1312,11
2514,16,1010,12,935,30,1388,11
2514,16,1010,12,935,30,1391,11
2514,16,1010,12,935,30,1422,11
2514,16,1010,12,935,30,1556,11
2514,16,1010,12,935,30,1568,11
2514,16,1010,12,935,30,1599,11
2514,16,1010,12,935,30,1747,11
2514,16,1010,12,935,30,1773,11
2514,16,1010,12,935,30,1799,11
2514,16,1010,12,935,30,1818,11
2514,16,1010,12,935,30,1873,11
2514,16,1010,12,935,30,1940,11
2514,16,1010,12,935,30,1956,11
2514,16,1010,12,935,30,1997,11
2514,16,1010,12,935,30,2068,11
2514,16,1010,12,935,30,2079,11
2514,16,1010,12,935,30,2123,11
2514,16,1010,12,935,30,2196,11
2514,16,1010,12,935,30,2206,11
2514,16,1010,12,935,30,2216,11
2514,16,1010,12,935,30,2244,11
2514,16,1010,12,935,30,2259,11
2514,16,1010,12,935,30,2261,11
2514,16,1010,12,935,30,2289,11
2514,16,1010,12,935,30,2359,11
2514,16,1010,12,935,30,2370,11
2514,16,1010,12,935,30,2405,11
2514,16,1010,12,1299,48,159,11
2514,16,1010,12,1299,48,457,11
2514,16,1010,12,1299,48,463,11
2514,16,1010,12,1299,48,700,11
2514,16,1010,12,1299,48,879,11
2514,16,1010,12,1299,48,927,11
2514,16,1010,12,1299,48,1003,11
2514,16,1010,12,1299,48,1153,11
2514,16,1010,12,1299,48,1194,11
2514,16,1010,12,1299,48,1388,11
2514,16,1010,12,1299,48,1556,11
2514,16,1010,12,1299,48,1568,11
2514,16,1010,12,1299,48,1599,11
2514,16,1010,12,1299,48,1818,11
2514,16,1010,12,1299,48,1873,11
2514,16,1010,12,1299,48,1940,11
2514,16,1010,12,1299,48,2123,11
2514,16,1010,12,1299,48,2196,11
2514,16,1010,12,1299,48,2216,11
2514,16,1010,12,1299,48,2370,11
2514,16,1010,12,1355,44,45,11
2514,16,1010,12,1355,44,159,11
2514,16,1010,12,1355,44,272,11
2514,16,1010,12,1355,44,338,11
2514,16,1010,12,1355,44,390,11
2514,16,1010,12,1355,44,457,11
2514,16,1010,12,1355,44,463,11
2514,16,1010,12,1355,44,620,11
2514,16,1010,12,1355,44,700,11
2514,16,1010,12,1355,44,742,11
2514,16,1010,12,1355,44,758,11
2514,16,1010,12,1355,44,879,11
2514,16,1010,12,1355,44,927,11
2514,16,1010,12,1355,44,979,11
2514,16,1010,12,1355,44,1003,11
2514,16,1010,12,1355,44,1044,11
2514,16,1010,12,1355,44,1068,11
2514,16,1010,12,1355,44,1153,11
2514,16,1010,12,1355,44,1186,11
2514,16,1010,12,1355,44,1194,11
2514,16,1010,12,1355,44,1259,11
2514,16,1010,12,1355,44,1260,11
2514,16,1010,12,1355,44,1312,11
2514,16,1010,12,1355,44,1388,11
2514,16,1010,12,1355,44,1391,11
2514,16,1010,12,1355,44,1422,11
2514,16,1010,12,1355,44,1556,11
2514,16,1010,12,1355,44,1568,11
2514,16,1010,12,1355,44,1599,11
2514,16,1010,12,1355,44,1747,11
2514,16,1010,12,1355,44,1773,11
2514,16,1010,12,1355,44,1799,11
2514,16,1010,12,1355,44,1818,11
2514,16,1010,12,1355,44,1873,11
2514,16,1010,12,1355,44,1940,11
2514,16,1010,12,1355,44,1956,11
2514,16,1010,12,1355,44,1997,11
2514,16,1010,12,1355,44,2068,11
2514,16,1010,12,1355,44,2079,11
2514,16,1010,12,1355,44,2123,11
2514,16,1010,12,1355,44,2196,11
2514,16,1010,12,1355,44,2206,11
2514,16,1010,12,1355,44,2216,11
2514,16,1010,12,1355,44,2244,11
2514,16,1010,12,1355,44,2259,11
2514,16,1010,12,1355,44,2261,11
2514,16,1010,12,1355,44,2289,11
2514,16,1010,12,1355,44,2359,11
2514,16,1010,12,1355,44,2370,11
2514,16,1010,12,1355,44,2405,11
2514,16,1010,12,1398,31,45,11
2514,16,1010,12,1398,31,159,11
2514,16,1010,12,1398,31,272,11
2514,16,1010,12,1398,31,338,11
2514,16,1010,12,1398,31,390,11
2514,16,1010,12,1398,31,457,11
2514,16,1010,12,1398,31,463,11
2514,16,1010,12,1398,31,620,11
2514,16,1010,12,1398,31,700,11
2514,16,1010,12,1398,31,742,11
2514,16,1010,12,1398,31,758,11
2514,16,1010,12,1398,31,879,11
2514,16,1010,12,1398,31,927,11
2514,16,1010,12,1398,31,979,11
2514,16,1010,12,1398,31,1003,11
2514,16,1010,12,1398,31,1044,11
2514,16,1010,12,1398,31,1068,11
2514,16,1010,12,1398,31,1153,11
2514,16,1010,12,1398,31,1186,11
2514,16,1010,12,1398,31,1194,11
2514,16,1010,12,1398,31,1259,11
2514,16,1010,12,1398,31,1260,11
2514,16,1010,12,1398,31,1312,11
2514,16,1010,12,1398,31,1388,11
2514,16,1010,12,1398,31,1391,11
2514,16,1010,12,1398,31,1422,11
2514,16,1010,12,1398,31,1556,11
2514,16,1010,12,1398,31,1568,11
2514,16,1010,12,1398,31,1599,11
2514,16,1010,12,1398,31,1747,11
2514,16,1010,12,1398,31,1773,11
2514,16,1010,12,1398,31,1799,11
2514,16,1010,12,1398,31,1818,11
2514,16,1010,12,1398,31,1873,11
2514,16,1010,12,1398,31,1940,11
2514,16,1010,12,1398,31,1956,11
2514,16,1010,12,1398,31,1997,11
2514,16,1010,12,1398,31,2068,11
2514,16,1010,12,1398,31,2079,11
2514,16,1010,12,1398,31,2123,11
2514,16,1010,12,1398,31,2196,11
2514,16,1010,12,1398,31,2206,11
2514,16,1010,12,1398,31,2216,11
2514,16,1010,12,1398,31,2244,11
2514,16,1010,12,1398,31,2259,11
2514,16,1010,12,1398,31,2261,11
2514,16,1010,12,1398,31,2289,11
2514,16,1010,12,1398,31,2359,11
2514,16,1010,12,1398,31,2370,11
2514,16,1010,12,1398,31,2405,11
2514,16,1010,12,1798,20,45,11
2514,16,1010,12,1798,20,159,11
2514,16,1010,12,1798,20,272,11
2514,16,1010,12,1798,20,338,11
2514,16,1010,12,1798,20,390,11
2514,16,1010,12,1798,20,457,11
2514,16,1010,12,1798,20,463,11
2514,16,1010,12,1798,20,620,11
2514,16,1010,12,1798,20,700,11
2514,16,1010,12,1798,20,742,11
2514,16,1010,12,1798,20,758,11
2514,16,1010,12,1798,20,879,11
2514,16,1010,12,1798,20,927,11
2514,16,1010,12,1798,20,979,11
2514,16,1010,12,1798,20,1003,11
2514,16,1010,12,1798,20,1044,11
2514,16,1010,12,1798,20,1068,11
2514,16,1010,12,1798,20,1153,11
2514,16,1010,12,1798,20,1186,11
2514,16,1010,12,1798,20,1194,11
2514,16,1010,12,1798,20,1259,11
2514,16,1010,12,1798,20,1260,11
2514,16,1010,12,1798,20,1312,11
2514,16,1010,12,1798,20,1388,11
2514,16,1010,12,1798,20,1391,11
2514,16,1010,12,1798,20,1422,11
2514,16,1010,12,1798,20,1556,11
2514,16,1010,12,1798,20,1568,11
2514,16,1010,12,1798,20,1599,11
2514,16,1010,12,1798,20,1747,11
2514,16,1010,12,1798,20,1773,11
2514,16,1010,12,1798,20,1799,11
2514,16,1010,12,1798,20,1818,11
2514,16,1010,12,1798,20,1873,11
2514,16,1010,12,1798,20,1940,11
2514,16,1010,12,1798,20,1956,11
2514,16,1010,12,1798,20,1997,11
2514,16,1010,12,1798,20,2068,11
2514,16,1010,12,1798,20,2079,11
2514,16,1010,12,1798,20,2123,11
2514,16,1010,12,1798,20,2196,11
2514,16,1010,12,1798,20,2206,11
2514,16,1010,12,1798,20,2216,11
2514,16,1010,12,1798,20,2244,11
2514,16,1010,12,1798,20,2259,11
2514,16,1010,12,1798,20,2261,11
2514,16,1010,12,1798,20,2289,11
2514,16,1010,12,1798,20,2359,11
2514,16,1010,12,1798,20,2370,11
2514,16,1010,12,1798,20,2405,11
2514,16,1010,12,1854,25,45,11
2514,16,1010,12,1854,25,159,11
2514,16,1010,12,1854,25,272,11
2514,16,1010,12,1854,25,338,11
2514,16,1010,12,1854,25,390,11
2514,16,1010,12,1854,25,457,11
2514,16,1010,12,1854,25,463,11
2514,16,1010,12,1854,25,620,11
2514,16,1010,12,1854,25,700,11
2514,16,1010,12,1854,25,742,11
2514,16,1010,12,1854,25,758,11
2514,16,1010,12,1854,25,879,11
2514,16,1010,12,1854,25,927,11
2514,16,1010,12,1854,25,979,11
2514,16,1010,12,1854,25,1003,11
2514,16,1010,12,1854,25,1044,11
2514,16,1010,12,1854,25,1068,11
2514,16,1010,12,1854,25,1153,11
2514,16,1010,12,1854,25,1186,11
2514,16,1010,12,1854,25,1194,11
2514,16,1010,12,1854,25,1259,11
2514,16,1010,12,1854,25,1260,11
2514,16,1010,12,1854,25,1312,11
2514,16,1010,12,1854,25,1388,11
2514,16,1010,12,1854,25,1391,11
2514,16,1010,12,1854,25,1422,11
2514,16,1010,12,1854,25,1556,11
2514,16,1010,12,1854,25,1568,11
2514,16,1010,12,1854,25,1599,11
2514,16,1010,12,1854,25,1747,11
2514,16,1010,12,1854,25,1773,11
2514,16,1010,12,1854,25,1799,11
2514,16,1010,12,1854,25,1818,11
2514,16,1010,12,1854,25,1873,11
2514,16,1010,12,1854,25,1940,11
2514,16,1010,12,1854,25,1956,11
2514,16,1010,12,1854,25,1997,11
2514,16,1010,12,1854,25,2068,11
2514,16,1010,12,1854,25,2079,11
2514,16,1010,12,1854,25,2123,11
2514,16,1010,12,1854,25,2196,11
2514,16,1010,12,1854,25,2206,11
2514,16,1010,12,1854,25,2216,11
2514,16,1010,12,1854,25,2244,11
2514,16,1010,12,1854,25,2259,11
2514,16,1010,12,1854,25,2261,11
2514,16,1010,12,1854,25,2289,11
2514,16,1010,12,1854,25,2359,11
2514,16,1010,12,1854,25,2370,11
2514,16,1010,12,1854,25,2405,11
2514,16,1010,12,1866,11,45,11
2514,16,1010,12,1866,11,159,11
2514,16,1010,12,1866,11,272,11
2514,16,1010,12,1866,11,338,11
2514,16,1010,12,1866,11,390,11
2514,16,1010,12,1866,11,457,11
2514,16,1010,12,1866,11,463,11
2514,16,1010,12,1866,11,620,11
2514,16,1010,12,1866,11,700,11
2514,16,1010,12,1866,11,742,11
2514,16,1010,12,1866,11,758,11
2514,16,1010,12,1866,11,879,11
2514,16,1010,12,1866,11,927,11
2514,16,1010,12,1866,11,979,11
2514,16,1010,12,1866,11,1003,11
2514,16,1010,12,1866,11,1044,11
2514,16,1010,12,1866,11,1068,11
2514,16,1010,12,1866,11,1153,11
2514,16,1010,12,1866,11,1186,11
2514,16,1010,12,1866,11,1194,11
2514,16,1010,12,1866,11,1259,11
2514,16,1010,12,1866,11,1260,11
2514,16,1010,12,1866,11,1312,11
2514,16,1010,12,1866,11,1388,11
2514,16,1010,12,1866,11,1391,11
2514,16,1010,12,1866,11,1422,11
2514,16,1010,12,1866,11,1556,11
2514,16,1010,12,1866,11,1568,11
2514,16,1010,12,1866,11,1599,11
2514,16,1010,12,1866,11,1747,11
2514,16,1010,12,1866,11,1773,11
2514,16,1010,12,1866,11,1799,11
2514,16,1010,12,1866,11,1818,11
2514,16,1010,12,1866,11,1873,11
2514,16,1010,12,1866,11,1940,11
2514,16,1010,12,1866,11,1956,11
2514,16,1010,12,1866,11,1997,11
2514,16,1010,12,1866,11,2068,11
2514,16,1010,12,1866,11,2079,11
2514,16,1010,12,1866,11,2123,11
2514,16,1010,12,1866,11,2196,11
2514,16,1010,12,1866,11,2206,11
2514,16,1010,12,1866,11,2216,11
2514,16,1010,12,1866,11,2244,11
2514,16,1010,12,1866,11,2259,11
2514,16,1010,12,1866,11,2261,11
2514,16,1010,12,1866,11,2289,11
2514,16,1010,12,1866,11,2359,11
2514,16,1010,12,1866,11,2370,11
2514,16,1010,12,1866,11,2405,11
2514,16,1010,12,1898,31,45,11
2514,16,1010,12,1898,31,159,11
2514,16,1010,12,1898,31,272,11
2514,16,1010,12,1898,31,338,11
2514,16,1010,12,1898,31,390,11
2514,16,1010,12,1898,31,457,11
2514,16,1010,12,1898,31,463,11
2514,16,1010,12,1898,31,620,11
2514,16,1010,12,1898,31,700,11
2514,16,1010,12,1898,31,742,11
2514,16,1010,12,1898,31,758,11
2514,16,1010,12,1898,31,879,11
2514,16,1010,12,1898,31,927,11
2514,16,1010,12,1898,31,979,11
2514,16,1010,12,1898,31,1003,11
2514,16,1010,12,1898,31,1044,11
2514,16,1010,12,1898,31,1068,11
2514,16,1010,12,1898,31,1153,11
2514,16,1010,12,1898,31,1186,11
2514,16,1010,12,1898,31,1194,11
2514,16,1010,12,1898,31,1259,11
2514,16,1010,12,1898,31,1260,11
2514,16,1010,12,1898,31,1312,11
2514,16,1010,12,1898,31,1388,11
2514,16,1010,12,1898,31,1391,11
2514,16,1010,12,1898,31,1422,11
2514,16,1010,12,1898,31,1556,11
2514,16,1010,12,1898,31,1568,11
2514,16,1010,12,1898,31,1599,11
2514,16,1010,12,1898,31,1747,11
2514,16,1010,12,1898,31,1773,11
2514,16,1010,12,1898,31,1799,11
2514,16,1010,12,1898,31,1818,11
2514,16,1010,12,1898,31,1873,11
2514,16,1010,12,1898,31,1940,11
2514,16,1010,12,1898,31,1956,11
2514,16,1010,12,1898,31,1997,11
2514,16,1010,12,1898,31,2068,11
2514,16,1010,12,1898,31,2079,11
2514,16,1010,12,1898,31,2123,11
2514,16,1010,12,1898,31,2196,11
2514,16,1010,12,1898,31,2206,11
2514,16,1010,12,1898,31,2216,11
2514,16,1010,12,1898,31,2244,11
2514,16,1010,12,1898,31,2259,11
2514,16,1010,12,1898,31,2261,11
2514,16,1010,12,1898,31,2289,11
2514,16,1010,12,1898,31,2359,11
2514,16,1010,12,1898,31,2370,11
2514,16,1010,12,1898,31,2405,11
2514,16,1010,12,1904,26,45,11
2514,16,1010,12,1904,26,159,11
2514,16,1010,12,1904,26,272,11
2514,16,1010,12,1904,26,338,11
2514,16,1010,12,1904,26,390,11
2514,16,1010,12,1904,26,457,11
2514,16,1010,12,1904,26,463,11
2514,16,1010,12,1904,26,620,11
2514,16,1010,12,1904,26,700,11
2514,16,1010,12,1904,26,742,11
2514,16,1010,12,1904,26,758,11
2514,16,1010,12,1904,26,879,11
2514,16,1010,12,1904,26,927,11
2514,16,1010,12,1904,26,979,11
2514,16,1010,12,1904,26,1003,11
2514,16,1010,12,1904,26,1044,11
2514,16,1010,12,1904,26,1068,11
2514,16,1010,12,1904,26,1153,11
2514,16,1010,12,1904,26,1186,11
2514,16,1010,12,1904,26,1194,11
2514,16,1010,12,1904,26,1259,11
2514,16,1010,12,1904,26,1260,11
2514,16,1010,12,1904,26,1312,11
2514,16,1010,12,1904,26,1388,11
2514,16,1010,12,1904,26,1391,11
2514,16,1010,12,1904,26,1422,11
2514,16,1010,12,1904,26,1556,11
2514,16,1010,12,1904,26,1568,11
2514,16,1010,12,1904,26,1599,11
2514,16,1010,12,1904,26,1747,11
2514,16,1010,12,1904,26,1773,11
2514,16,1010,12,1904,26,1799,11
2514,16,1010,12,1904,26,1818,11
2514,16,1010,12,1904,26,1873,11
2514,16,1010,12,1904,26,1940,11
2514,16,1010,12,1904,26,1956,11
2514,16,1010,12,1904,26,1997,11
2514,16,1010,12,1904,26,2068,11
2514,16,1010,12,1904,26,2079,11
2514,16,1010,12,1904,26,2123,11
2514,16,1010,12,1904,26,2196,11
2514,16,1010,12,1904,26,2206,11
2514,16,1010,12,1904,26,2216,11
2514,16,1010,12,1904,26,2244,11
2514,16,1010,12,1904,26,2259,11
2514,16,1010,12,1904,26,2261,11
2514,16,1010,12,1904,26,2289,11
2514,16,1010,12,1904,26,2359,11
2514,16,1010,12,1904,26,2370,11
2514,16,1010,12,1904,26,2405,11
