2514,16,1823,19,4,43,45,11
2514,16,1823,19,4,43,159,11
2514,16,1823,19,4,43,272,11
2514,16,1823,19,4,43,338,11
2514,16,1823,19,4,43,390,11
2514,16,1823,19,4,43,457,11
2514,16,1823,19,4,43,463,11
2514,16,1823,19,4,43,620,11
2514,16,1823,19,4,43,700,11
2514,16,1823,19,4,43,742,11
2514,16,1823,19,4,43,758,11
2514,16,1823,19,4,43,879,11
2514,16,1823,19,4,43,927,11
2514,16,1823,19,4,43,979,11
2514,16,1823,19,4,43,1003,11
2514,16,1823,19,4,43,1044,11
2514,16,1823,19,4,43,1068,11
2514,16,1823,19,4,43,1153,11
2514,16,1823,19,4,43,1186,11
2514,16,1823,19,4,43,1194,11
2514,16,1823,19,4,43,1259,11
2514,16,1823,19,4,43,1260,11
2514,16,1823,19,4,43,1312,11
2514,16,1823,19,4,43,1388,11
2514,16,1823,19,4,43,1391,11
2514,16,1823,19,4,43,1422,11
2514,16,1823,19,4,43,1556,11
2514,16,1823,19,4,43,1568,11
2514,16,1823,19,4,43,1599,11
2514,16,1823,19,4,43,1747,11
2514,16,1823,19,4,43,1773,11
2514,16,1823,19,4,43,1799,11
2514,16,1823,19,4,43,1818,11
2514,16,1823,19,4,43,1873,11
2514,16,1823,19,4,43,1940,11
2514,16,1823,19,4,43,1956,11
2514,16,1823,19,4,43,1997,11
2514,16,1823,19,4,43,2068,11
2514,16,1823,19,4,43,2079,11
2514,16,1823,19,4,43,2123,11
2514,16,1823,19,4,43,2196,11
2514,16,1823,19,4,43,2206,11
2514,16,1823,19,4,43,2216,11
2514,16,1823,19,4,43,2244,11
2514,16,1823,19,4,43,2259,11
2514,16,1823,19,4,43,2261,11
2514,16,1823,19,4,43,2289,11
2514,16,1823,19,4,43,2359,11
2514,16,1823,19,4,43,2370,11
2514,16,1823,19,4,43,2405,11
2514,16,1823,19,265,14,45,11
2514,16,1823,19,265,14,159,11
2514,16,1823,19,265,14,272,11
2514,16,1823,19,265,14,338,11
2514,16,1823,19,265,14,390,11
2514,16,1823,19,265,14,457,11
2514,16,1823,19,265,14,463,11
2514,16,1823,19,265,14,620,11
2514,16,1823,19,265,14,700,11
2514,16,1823,19,265,14,742,11
2514,16,1823,19,265,14,758,11
2514,16,1823,19,265,14,879,11
2514,16,1823,19,265,14,927,11
2514,16,1823,19,265,14,979,11
2514,16,1823,19,265,14,1003,11
2514,16,1823,19,265,14,1044,11
2514,16,1823,19,265,14,1068,11
2514,16,1823,19,265,14,1153,11
2514,16,1823,19,265,14,1186,11
2514,16,1823,19,265,14,1194,11
2514,16,1823,19,265,14,1259,11
2514,16,1823,19,265,14,1260,11
2514,16,1823,19,265,14,1312,11
2514,16,1823,19,265,14,1388,11
2514,16,1823,19,265,14,1391,11
2514,16,1823,19,265,14,1422,11
2514,16,1823,19,265,14,1556,11
2514,16,1823,19,265,14,1568,11
2514,16,1823,19,265,14,1599,11
2514,16,1823,19,265,14,1747,11
2514,16,1823,19,265,14,1773,11
2514,16,1823,19,265,14,1799,11
2514,16,1823,19,265,14,1818,11
2514,16,1823,19,265,14,1873,11
2514,16,1823,19,265,14,1940,11
2514,16,1823,19,265,14,1956,11
2514,16,1823,19,265,14,1997,11
2514,16,1823,19,265,14,2068,11
2514,16,1823,19,265,14,2079,11
2514,16,1823,19,265,14,2123,11
2514,16,1823,19,265,14,2196,11
2514,16,1823,19,265,14,2206,11
2514,16,1823,19,265,14,2216,11
2514,16,1823,19,265,14,2244,11
2514,16,1823,19,265,14,2259,11
2514,16,1823,19,265,14,2261,11
2514,16,1823,19,265,14,2289,11
2514,16,1823,19,265,14,2359,11
2514,16,1823,19,265,14,2370,11
2514,16,1823,19,265,14,2405,11
2514,16,1823,19,634,23,45,11
2514,16,1823,19,634,23,159,11
2514,16,1823,19,634,23,272,11
2514,16,1823,19,634,23,338,11
2514,16,1823,19,634,23,390,11
2514,16,1823,19,634,23,457,11
2514,16,1823,19,634,23,463,11
2514,16,1823,19,634,23,620,11
2514,16,1823,19,634,23,700,11
2514,16,1823,19,634,23,742,11
2514,16,1823,19,634,23,758,11
2514,16,1823,19,634,23,879,11
2514,16,1823,19,634,23,927,11
2514,16,1823,19,634,23,979,11
2514,16,1823,19,634,23,1003,11
2514,16,1823,19,634,23,1044,11
2514,16,1823,19,634,23,1068,11
2514,16,1823,19,634,23,1153,11
2514,16,1823,19,634,23,1186,11
2514,16,1823,19,634,23,1194,11
2514,16,1823,19,634,23,1259,11
2514,16,1823,19,634,23,1260,11
2514,16,1823,19,634,23,1312,11
2514,16,1823,19,634,23,1388,11
2514,16,1823,19,634,23,1391,11
2514,16,1823,19,634,23,1422,11
2514,16,1823,19,634,23,1556,11
2514,16,1823,19,634,23,1568,11
2514,16,1823,19,634,23,1599,11
2514,16,1823,19,634,23,1747,11
2514,16,1823,19,634,23,1773,11
2514,16,1823,19,634,23,1799,11
2514,16,1823,19,634,23,1818,11
2514,16,1823,19,634,23,1873,11
2514,16,1823,19,634,23,1940,11
2514,16,1823,19,634,23,1956,11
2514,16,1823,19,634,23,1997,11
2514,16,1823,19,634,23,2068,11
2514,16,1823,19,634,23,2079,11
2514,16,1823,19,634,23,2123,11
2514,16,1823,19,634,23,2196,11
2514,16,1823,19,634,23,2206,11
2514,16,1823,19,634,23,2216,11
2514,16,1823,19,634,23,2244,11
2514,16,1823,19,634,23,2259,11
2514,16,1823,19,634,23,2261,11
2514,16,1823,19,634,23,2289,11
2514,16,1823,19,634,23,2359,11
2514,16,1823,19,634,23,2370,11
2514,16,1823,19,634,23,2405,11
2514,16,1823,19,995,25,457,11
2514,16,1823,19,995,25,700,11
2514,16,1823,19,995,25,927,11
2514,16,1823,19,995,25,1003,11
2514,16,1823,19,995,25,1153,11
2514,16,1823,19,995,25,1194,11
2514,16,1823,19,995,25,1568,11
2514,16,1823,19,995,25,1599,11
2514,16,1823,19,995,25,1818,11
2514,16,1823,19,995,25,1940,11
2514,16,1823,19,1112,34,45,11
2514,16,1823,19,1112,34,159,11
2514,16,1823,19,1112,34,272,11
2514,16,1823,19,1112,34,338,11
2514,16,1823,19,1112,34,390,11
2514,16,1823,19,1112,34,457,11
2514,16,1823,19,1112,34,463,11
2514,16,1823,19,1112,34,620,11
2514,16,1823,19,1112,34,700,11
2514,16,1823,19,1112,34,742,11
2514,16,1823,19,1112,34,758,11
2514,16,1823,19,1112,34,879,11
2514,16,1823,19,1112,34,927,11
2514,16,1823,19,1112,34,979,11
2514,16,1823,19,1112,34,1003,11
2514,16,1823,19,1112,34,1044,11
2514,16,1823,19,1112,34,1068,11
2514,16,1823,19,1112,34,1153,11
2514,16,1823,19,1112,34,1186,11
2514,16,1823,19,1112,34,1194,11
2514,16,1823,19,1112,34,1259,11
2514,16,1823,19,1112,34,1260,11
2514,16,1823,19,1112,34,1312,11
2514,16,1823,19,1112,34,1388,11
2514,16,1823,19,1112,34,1391,11
2514,16,1823,19,1112,34,1422,11
2514,16,1823,19,1112,34,1556,11
2514,16,1823,19,1112,34,1568,11
2514,16,1823,19,1112,34,1599,11
2514,16,1823,19,1112,34,1747,11
2514,16,1823,19,1112,34,1773,11
2514,16,1823,19,1112,34,1799,11
2514,16,1823,19,1112,34,1818,11
2514,16,1823,19,1112,34,1873,11
2514,16,1823,19,1112,34,1940,11
2514,16,1823,19,1112,34,1956,11
2514,16,1823,19,1112,34,1997,11
2514,16,1823,19,1112,34,2068,11
2514,16,1823,19,1112,34,2079,11
2514,16,1823,19,1112,34,2123,11
2514,16,1823,19,1112,34,2196,11
2514,16,1823,19,1112,34,2206,11
2514,16,1823,19,1112,34,2216,11
2514,16,1823,19,1112,34,2244,11
2514,16,1823,19,1112,34,2259,11
2514,16,1823,19,1112,34,2261,11
2514,16,1823,19,1112,34,2289,11
2514,16,1823,19,1112,34,2359,11
2514,16,1823,19,1112,34,2370,11
2514,16,1823,19,1112,34,2405,11
2514,16,1823,19,1167,31,45,11
2514,16,1823,19,1167,31,159,11
2514,16,1823,19,1167,31,272,11
2514,16,1823,19,1167,31,338,11
2514,16,1823,19,1167,31,390,11
2514,16,1823,19,1167,31,457,11
2514,16,1823,19,1167,31,463,11
2514,16,1823,19,1167,31,620,11
2514,16,1823,19,1167,31,700,11
2514,16,1823,19,1167,31,742,11
2514,16,1823,19,1167,31,758,11
2514,16,1823,19,1167,31,879,11
2514,16,1823,19,1167,31,927,11
2514,16,1823,19,1167,31,979,11
2514,16,1823,19,1167,31,1003,11
2514,16,1823,19,1167,31,1044,11
2514,16,1823,19,1167,31,1068,11
2514,16,1823,19,1167,31,1153,11
2514,16,1823,19,1167,31,1186,11
2514,16,1823,19,1167,31,1194,11
2514,16,1823,19,1167,31,1259,11
2514,16,1823,19,1167,31,1260,11
2514,16,1823,19,1167,31,1312,11
2514,16,1823,19,1167,31,1388,11
2514,16,1823,19,1167,31,1391,11
2514,16,1823,19,1167,31,1422,11
2514,16,1823,19,1167,31,1556,11
2514,16,1823,19,1167,31,1568,11
2514,16,1823,19,1167,31,1599,11
2514,16,1823,19,1167,31,1747,11
2514,16,1823,19,1167,31,1773,11
2514,16,1823,19,1167,31,1799,11
2514,16,1823,19,1167,31,1818,11
2514,16,1823,19,1167,31,1873,11
2514,16,1823,19,1167,31,1940,11
2514,16,1823,19,1167,31,1956,11
2514,16,1823,19,1167,31,1997,11
2514,16,1823,19,1167,31,2068,11
2514,16,1823,19,1167,31,2079,11
2514,16,1823,19,1167,31,2123,11
2514,16,1823,19,1167,31,2196,11
2514,16,1823,19,1167,31,2206,11
2514,16,1823,19,1167,31,2216,11
2514,16,1823,19,1167,31,2244,11
2514,16,1823,19,1167,31,2259,11
2514,16,1823,19,1167,31,2261,11
2514,16,1823,19,1167,31,2289,11
2514,16,1823,19,1167,31,2359,11
2514,16,1823,19,1167,31,2370,11
2514,16,1823,19,1167,31,2405,11
2514,16,1823,19,1209,37,45,11
2514,16,1823,19,1209,37,159,11
2514,16,1823,19,1209,37,272,11
2514,16,1823,19,1209,37,338,11
2514,16,1823,19,1209,37,390,11
2514,16,1823,19,1209,37,457,11
2514,16,1823,19,1209,37,463,11
2514,16,1823,19,1209,37,620,11
2514,16,1823,19,1209,37,700,11
2514,16,1823,19,1209,37,742,11
2514,16,1823,19,1209,37,758,11
2514,16,1823,19,1209,37,879,11
2514,16,1823,19,1209,37,927,11
2514,16,1823,19,1209,37,979,11
2514,16,1823,19,1209,37,1003,11
2514,16,1823,19,1209,37,1044,11
2514,16,1823,19,1209,37,1068,11
2514,16,1823,19,1209,37,1153,11
2514,16,1823,19,1209,37,1186,11
2514,16,1823,19,1209,37,1194,11
2514,16,1823,19,1209,37,1259,11
2514,16,1823,19,1209,37,1260,11
2514,16,1823,19,1209,37,1312,11
2514,16,1823,19,1209,37,1388,11
2514,16,1823,19,1209,37,1391,11
2514,16,1823,19,1209,37,1422,11
2514,16,1823,19,1209,37,1556,11
2514,16,1823,19,1209,37,1568,11
2514,16,1823,19,1209,37,1599,11
2514,16,1823,19,1209,37,1747,11
2514,16,1823,19,1209,37,1773,11
2514,16,1823,19,1209,37,1799,11
2514,16,1823,19,1209,37,1818,11
2514,16,1823,19,1209,37,1873,11
2514,16,1823,19,1209,37,1940,11
2514,16,1823,19,1209,37,1956,11
2514,16,1823,19,1209,37,1997,11
2514,16,1823,19,1209,37,2068,11
2514,16,1823,19,1209,37,2079,11
2514,16,1823,19,1209,37,2123,11
2514,16,1823,19,1209,37,2196,11
2514,16,1823,19,1209,37,2206,11
2514,16,1823,19,1209,37,2216,11
2514,16,1823,19,1209,37,2244,11
2514,16,1823,19,1209,37,2259,11
2514,16,1823,19,1209,37,2261,11
2514,16,1823,19,1209,37,2289,11
2514,16,1823,19,1209,37,2359,11
2514,16,1823,19,1209,37,2370,11
2514,16,1823,19,1209,37,2405,11
2514,16,1823,19,1504,9,45,11
2514,16,1823,19,1504,9,159,11
2514,16,1823,19,1504,9,272,11
2514,16,1823,19,1504,9,338,11
2514,16,1823,19,1504,9,390,11
2514,16,1823,19,1504,9,457,11
2514,16,1823,19,1504,9,463,11
2514,16,1823,19,1504,9,620,11
2514,16,1823,19,1504,9,700,11
2514,16,1823,19,1504,9,742,11
2514,16,1823,19,1504,9,758,11
2514,16,1823,19,1504,9,879,11
2514,16,1823,19,1504,9,927,11
2514,16,1823,19,1504,9,979,11
2514,16,1823,19,1504,9,1003,11
2514,16,1823,19,1504,9,1044,11
2514,16,1823,19,1504,9,1068,11
2514,16,1823,19,1504,9,1153,11
2514,16,1823,19,1504,9,1186,11
2514,16,1823,19,1504,9,1194,11
2514,16,1823,19,1504,9,1259,11
2514,16,1823,19,1504,9,1260,11
2514,16,1823,19,1504,9,1312,11
2514,16,1823,19,1504,9,1388,11
2514,16,1823,19,1504,9,1391,11
2514,16,1823,19,1504,9,1422,11
2514,16,1823,19,1504,9,1556,11
2514,16,1823,19,1504,9,1568,11
2514,16,1823,19,1504,9,1599,11
2514,16,1823,19,1504,9,1747,11
2514,16,1823,19,1504,9,1773,11
2514,16,1823,19,1504,9,1799,11
2514,16,1823,19,1504,9,1818,11
2514,16,1823,19,1504,9,1873,11
2514,16,1823,19,1504,9,1940,11
2514,16,1823,19,1504,9,1956,11
2514,16,1823,19,1504,9,1997,11
2514,16,1823,19,1504,9,2068,11
2514,16,1823,19,1504,9,2079,11
2514,16,1823,19,1504,9,2123,11
2514,16,1823,19,1504,9,2196,11
2514,16,1823,19,1504,9,2206,11
2514,16,1823,19,1504,9,2216,11
2514,16,1823,19,1504,9,2244,11
2514,16,1823,19,1504,9,2259,11
2514,16,1823,19,1504,9,2261,11
2514,16,1823,19,1504,9,2289,11
2514,16,1823,19,1504,9,2359,11
2514,16,1823,19,1504,9,2370,11
2514,16,1823,19,1504,9,2405,11
2514,16,1823,19,1531,32,45,11
2514,16,1823,19,1531,32,159,11
2514,16,1823,19,1531,32,272,11
2514,16,1823,19,1531,32,338,11
2514,16,1823,19,1531,32,390,11
2514,16,1823,19,1531,32,457,11
2514,16,1823,19,1531,32,463,11
2514,16,1823,19,1531,32,620,11
2514,16,1823,19,1531,32,700,11
2514,16,1823,19,1531,32,742,11
2514,16,1823,19,1531,32,758,11
2514,16,1823,19,1531,32,879,11
2514,16,1823,19,1531,32,927,11
2514,16,1823,19,1531,32,979,11
2514,16,1823,19,1531,32,1003,11
2514,16,1823,19,1531,32,1044,11
2514,16,1823,19,1531,32,1068,11
2514,16,1823,19,1531,32,1153,11
2514,16,1823,19,1531,32,1186,11
2514,16,1823,19,1531,32,1194,11
2514,16,1823,19,1531,32,1259,11
2514,16,1823,19,1531,32,1260,11
2514,16,1823,19,1531,32,1312,11
2514,16,1823,19,1531,32,1388,11
2514,16,1823,19,1531,32,1391,11
2514,16,1823,19,1531,32,1422,11
2514,16,1823,19,1531,32,1556,11
2514,16,1823,19,1531,32,1568,11
2514,16,1823,19,1531,32,1599,11
2514,16,1823,19,1531,32,1747,11
2514,16,1823,19,1531,32,1773,11
2514,16,1823,19,1531,32,1799,11
2514,16,1823,19,1531,32,1818,11
2514,16,1823,19,1531,32,1873,11
2514,16,1823,19,1531,32,1940,11
2514,16,1823,19,1531,32,1956,11
2514,16,1823,19,1531,32,1997,11
2514,16,1823,19,1531,32,2068,11
2514,16,1823,19,1531,32,2079,11
2514,16,1823,19,1531,32,2123,11
2514,16,1823,19,1531,32,2196,11
2514,16,1823,19,1531,32,2206,11
2514,16,1823,19,1531,32,2216,11
2514,16,1823,19,1531,32,2244,11
2514,16,1823,19,1531,32,2259,11
2514,16,1823,19,1531,32,2261,11
2514,16,1823,19,1531,32,2289,11
2514,16,1823,19,1531,32,2359,11
2514,16,1823,19,1531,32,2370,11
2514,16,1823,19,1531,32,2405,11
2514,16,1823,19,1587,26,45,11
2514,16,1823,19,1587,26,159,11
2514,16,1823,19,1587,26,272,11
2514,16,1823,19,1587,26,338,11
2514,16,1823,19,1587,26,390,11
2514,16,1823,19,1587,26,457,11
2514,16,1823,19,1587,26,463,11
2514,16,1823,19,1587,26,620,11
2514,16,1823,19,1587,26,700,11
2514,16,1823,19,1587,26,742,11
2514,16,1823,19,1587,26,758,11
2514,16,1823,19,1587,26,879,11
2514,16,1823,19,1587,26,927,11
2514,16,1823,19,1587,26,979,11
2514,16,1823,19,1587,26,1003,11
2514,16,1823,19,1587,26,1044,11
2514,16,1823,19,1587,26,1068,11
2514,16,1823,19,1587,26,1153,11
2514,16,1823,19,1587,26,1186,11
2514,16,1823,19,1587,26,1194,11
2514,16,1823,19,1587,26,1259,11
2514,16,1823,19,1587,26,1260,11
2514,16,1823,19,1587,26,1312,11
2514,16,1823,19,1587,26,1388,11
2514,16,1823,19,1587,26,1391,11
2514,16,1823,19,1587,26,1422,11
2514,16,1823,19,1587,26,1556,11
2514,16,1823,19,1587,26,1568,11
2514,16,1823,19,1587,26,1599,11
2514,16,1823,19,1587,26,1747,11
2514,16,1823,19,1587,26,1773,11
2514,16,1823,19,1587,26,1799,11
2514,16,1823,19,1587,26,1818,11
2514,16,1823,19,1587,26,1873,11
2514,16,1823,19,1587,26,1940,11
2514,16,1823,19,1587,26,1956,11
2514,16,1823,19,1587,26,1997,11
2514,16,1823,19,1587,26,2068,11
2514,16,1823,19,1587,26,2079,11
2514,16,1823,19,1587,26,2123,11
2514,16,1823,19,1587,26,2196,11
2514,16,1823,19,1587,26,2206,11
2514,16,1823,19,1587,26,2216,11
2514,16,1823,19,1587,26,2244,11
2514,16,1823,19,1587,26,2259,11
2514,16,1823,19,1587,26,2261,11
2514,16,1823,19,1587,26,2289,11
2514,16,1823,19,1587,26,2359,11
2514,16,1823,19,1587,26,2370,11
2514,16,1823,19,1587,26,2405,11
2514,16,1823,19,1611,18,45,11
2514,16,1823,19,1611,18,159,11
2514,16,1823,19,1611,18,272,11
2514,16,1823,19,1611,18,338,11
2514,16,1823,19,1611,18,390,11
2514,16,1823,19,1611,18,457,11
2514,16,1823,19,1611,18,463,11
2514,16,1823,19,1611,18,620,11
2514,16,1823,19,1611,18,700,11
2514,16,1823,19,1611,18,742,11
2514,16,1823,19,1611,18,758,11
2514,16,1823,19,1611,18,879,11
2514,16,1823,19,1611,18,927,11
2514,16,1823,19,1611,18,979,11
2514,16,1823,19,1611,18,1003,11
2514,16,1823,19,1611,18,1044,11
2514,16,1823,19,1611,18,1068,11
2514,16,1823,19,1611,18,1153,11
2514,16,1823,19,1611,18,1186,11
2514,16,1823,19,1611,18,1194,11
2514,16,1823,19,1611,18,1259,11
2514,16,1823,19,1611,18,1260,11
2514,16,1823,19,1611,18,1312,11
2514,16,1823,19,1611,18,1388,11
2514,16,1823,19,1611,18,1391,11
2514,16,1823,19,1611,18,1422,11
2514,16,1823,19,1611,18,1556,11
2514,16,1823,19,1611,18,1568,11
2514,16,1823,19,1611,18,1599,11
2514,16,1823,19,1611,18,1747,11
2514,16,1823,19,1611,18,1773,11
2514,16,1823,19,1611,18,1799,11
2514,16,1823,19,1611,18,1818,11
2514,16,1823,19,1611,18,1873,11
2514,16,1823,19,1611,18,1940,11
2514,16,1823,19,1611,18,1956,11
2514,16,1823,19,1611,18,1997,11
2514,16,1823,19,1611,18,2068,11
2514,16,1823,19,1611,18,2079,11
2514,16,1823,19,1611,18,2123,11
2514,16,1823,19,1611,18,2196,11
2514,16,1823,19,1611,18,2206,11
2514,16,1823,19,1611,18,2216,11
2514,16,1823,19,1611,18,2244,11
2514,16,1823,19,1611,18,2259,11
2514,16,1823,19,1611,18,2261,11
2514,16,1823,19,1611,18,2289,11
2514,16,1823,19,1611,18,2359,11
2514,16,1823,19,1611,18,2370,11
2514,16,1823,19,1611,18,2405,11
2514,16,1823,19,1705,12,45,11
2514,16,1823,19,1705,12,159,11
2514,16,1823,19,1705,12,272,11
2514,16,1823,19,1705,12,338,11
2514,16,1823,19,1705,12,390,11
2514,16,1823,19,1705,12,457,11
2514,16,1823,19,1705,12,463,11
2514,16,1823,19,1705,12,620,11
2514,16,1823,19,1705,12,700,11
2514,16,1823,19,1705,12,742,11
2514,16,1823,19,1705,12,758,11
2514,16,1823,19,1705,12,879,11
2514,16,1823,19,1705,12,927,11
2514,16,1823,19,1705,12,979,11
2514,16,1823,19,1705,12,1003,11
2514,16,1823,19,1705,12,1044,11
2514,16,1823,19,1705,12,1068,11
2514,16,1823,19,1705,12,1153,11
2514,16,1823,19,1705,12,1186,11
2514,16,1823,19,1705,12,1194,11
2514,16,1823,19,1705,12,1259,11
2514,16,1823,19,1705,12,1260,11
2514,16,1823,19,1705,12,1312,11
2514,16,1823,19,1705,12,1388,11
2514,16,1823,19,1705,12,1391,11
2514,16,1823,19,1705,12,1422,11
2514,16,1823,19,1705,12,1556,11
2514,16,1823,19,1705,12,1568,11
2514,16,1823,19,1705,12,1599,11
2514,16,1823,19,1705,12,1747,11
2514,16,1823,19,1705,12,1773,11
2514,16,1823,19,1705,12,1799,11
2514,16,1823,19,1705,12,1818,11
2514,16,1823,19,1705,12,1873,11
2514,16,1823,19,1705,12,1940,11
2514,16,1823,19,1705,12,1956,11
2514,16,1823,19,1705,12,1997,11
2514,16,1823,19,1705,12,2068,11
2514,16,1823,19,1705,12,2079,11
2514,16,1823,19,1705,12,2123,11
2514,16,1823,19,1705,12,2196,11
2514,16,1823,19,1705,12,2206,11
2514,16,1823,19,1705,12,2216,11
2514,16,1823,19,1705,12,2244,11
2514,16,1823,19,1705,12,2259,11
2514,16,1823,19,1705,12,2261,11
2514,16,1823,19,1705,12,2289,11
2514,16,1823,19,1705,12,2359,11
2514,16,1823,19,1705,12,2370,11
2514,16,1823,19,1705,12,2405,11
2514,16,1823,19,1973,50,45,11
2514,16,1823,19,1973,50,159,11
2514,16,1823,19,1973,50,272,11
2514,16,1823,19,1973,50,338,11
2514,16,1823,19,1973,50,390,11
2514,16,1823,19,1973,50,457,11
2514,16,1823,19,1973,50,463,11
2514,16,1823,19,1973,50,620,11
2514,16,1823,19,1973,50,700,11
2514,16,1823,19,1973,50,742,11
2514,16,1823,19,1973,50,758,11
2514,16,1823,19,1973,50,879,11
2514,16,1823,19,1973,50,927,11
2514,16,1823,19,1973,50,979,11
2514,16,1823,19,1973,50,1003,11
2514,16,1823,19,1973,50,1044,11
2514,16,1823,19,1973,50,1068,11
2514,16,1823,19,1973,50,1153,11
2514,16,1823,19,1973,50,1186,11
2514,16,1823,19,1973,50,1194,11
2514,16,1823,19,1973,50,1259,11
2514,16,1823,19,1973,50,1260,11
2514,16,1823,19,1973,50,1312,11
2514,16,1823,19,1973,50,1388,11
2514,16,1823,19,1973,50,1391,11
2514,16,1823,19,1973,50,1422,11
2514,16,1823,19,1973,50,1556,11
2514,16,1823,19,1973,50,1568,11
2514,16,1823,19,1973,50,1599,11
2514,16,1823,19,1973,50,1747,11
2514,16,1823,19,1973,50,1773,11
2514,16,1823,19,1973,50,1799,11
2514,16,1823,19,1973,50,1818,11
2514,16,1823,19,1973,50,1873,11
2514,16,1823,19,1973,50,1940,11
2514,16,1823,19,1973,50,1956,11
2514,16,1823,19,1973,50,1997,11
2514,16,1823,19,1973,50,2068,11
2514,16,1823,19,1973,50,2079,11
2514,16,1823,19,1973,50,2123,11
2514,16,1823,19,1973,50,2196,11
2514,16,1823,19,1973,50,2206,11
2514,16,1823,19,1973,50,2216,11
2514,16,1823,19,1973,50,2244,11
2514,16,1823,19,1973,50,2259,11
2514,16,1823,19,1973,50,2261,11
2514,16,1823,19,1973,50,2289,11
2514,16,1823,19,1973,50,2359,11
2514,16,1823,19,1973,50,2370,11
2514,16,1823,19,1973,50,2405,11
2514,16,1823,19,1984,42,45,11
2514,16,1823,19,1984,42,272,11
2514,16,1823,19,1984,42,338,11
2514,16,1823,19,1984,42,390,11
2514,16,1823,19,1984,42,620,11
2514,16,1823,19,1984,42,742,11
2514,16,1823,19,1984,42,758,11
2514,16,1823,19,1984,42,979,11
2514,16,1823,19,1984,42,1044,11
2514,16,1823,19,1984,42,1068,11
2514,16,1823,19,1984,42,1186,11
2514,16,1823,19,1984,42,1259,11
2514,16,1823,19,1984,42,1260,11
2514,16,1823,19,1984,42,1312,11
2514,16,1823,19,1984,42,1391,11
2514,16,1823,19,1984,42,1422,11
2514,16,1823,19,1984,42,1747,11
2514,16,1823,19,1984,42,1773,11
2514,16,1823,19,1984,42,1799,11
2514,16,1823,19,1984,42,1956,11
2514,16,1823,19,1984,42,1997,11
2514,16,1823,19,1984,42,2068,11
2514,16,1823,19,1984,42,2079,11
2514,16,1823,19,1984,42,2206,11
2514,16,1823,19,1984,42,2244,11
2514,16,1823,19,1984,42,2259,11
2514,16,1823,19,1984,42,2261,11
2514,16,1823,19,1984,42,2289,11
2514,16,1823,19,1984,42,2359,11
2514,16,1823,19,1984,42,2405,11
