2514,16,596,3,20,39,45,11
2514,16,596,3,20,39,159,11
2514,16,596,3,20,39,272,11
2514,16,596,3,20,39,338,11
2514,16,596,3,20,39,390,11
2514,16,596,3,20,39,457,11
2514,16,596,3,20,39,463,11
2514,16,596,3,20,39,620,11
2514,16,596,3,20,39,700,11
2514,16,596,3,20,39,742,11
2514,16,596,3,20,39,758,11
2514,16,596,3,20,39,879,11
2514,16,596,3,20,39,927,11
2514,16,596,3,20,39,979,11
2514,16,596,3,20,39,1003,11
2514,16,596,3,20,39,1044,11
2514,16,596,3,20,39,1068,11
2514,16,596,3,20,39,1153,11
2514,16,596,3,20,39,1186,11
2514,16,596,3,20,39,1194,11
2514,16,596,3,20,39,1259,11
2514,16,596,3,20,39,1260,11
2514,16,596,3,20,39,1312,11
2514,16,596,3,20,39,1388,11
2514,16,596,3,20,39,1391,11
2514,16,596,3,20,39,1422,11
2514,16,596,3,20,39,1556,11
2514,16,596,3,20,39,1568,11
2514,16,596,3,20,39,1599,11
2514,16,596,3,20,39,1747,11
2514,16,596,3,20,39,1773,11
2514,16,596,3,20,39,1799,11
2514,16,596,3,20,39,1818,11
2514,16,596,3,20,39,1873,11
2514,16,596,3,20,39,1940,11
2514,16,596,3,20,39,1956,11
2514,16,596,3,20,39,1997,11
2514,16,596,3,20,39,2068,11
2514,16,596,3,20,39,2079,11
2514,16,596,3,20,39,2123,11
2514,16,596,3,20,39,2196,11
2514,16,596,3,20,39,2206,11
2514,16,596,3,20,39,2216,11
2514,16,596,3,20,39,2244,11
2514,16,596,3,20,39,2259,11
2514,16,596,3,20,39,2261,11
2514,16,596,3,20,39,2289,11
2514,16,596,3,20,39,2359,11
2514,16,596,3,20,39,2370,11
2514,16,596,3,20,39,2405,11
2514,16,596,3,81,30,45,11
2514,16,596,3,81,30,159,11
2514,16,596,3,81,30,272,11
2514,16,596,3,81,30,338,11
2514,16,596,3,81,30,390,11
2514,16,596,3,81,30,457,11
2514,16,596,3,81,30,463,11
2514,16,596,3,81,30,620,11
2514,16,596,3,81,30,700,11
2514,16,596,3,81,30,742,11
2514,16,596,3,81,30,758,11
2514,16,596,3,81,30,879,11
2514,16,596,3,81,30,927,11
2514,16,596,3,81,30,979,11
2514,16,596,3,81,30,1003,11
2514,16,596,3,81,30,1044,11
2514,16,596,3,81,30,1068,11
2514,16,596,3,81,30,1153,11
2514,16,596,3,81,30,1186,11
2514,16,596,3,81,30,1194,11
2514,16,596,3,81,30,1259,11
2514,16,596,3,81,30,1260,11
2514,16,596,3,81,30,1312,11
2514,16,596,3,81,30,1388,11
2514,16,596,3,81,30,1391,11
2514,16,596,3,81,30,1422,11
2514,16,596,3,81,30,1556,11
2514,16,596,3,81,30,1568,11
2514,16,596,3,81,30,1599,11
2514,16,596,3,81,30,1747,11
2514,16,596,3,81,30,1773,11
2514,16,596,3,81,30,1799,11
2514,16,596,3,81,30,1818,11
2514,16,596,3,81,30,1873,11
2514,16,596,3,81,30,1940,11
2514,16,596,3,81,30,1956,11
2514,16,596,3,81,30,1997,11
2514,16,596,3,81,30,2068,11
2514,16,596,3,81,30,2079,11
2514,16,596,3,81,30,2123,11
2514,16,596,3,81,30,2196,11
2514,16,596,3,81,30,2206,11
2514,16,596,3,81,30,2216,11
2514,16,596,3,81,30,2244,11
2514,16,596,3,81,30,2259,11
2514,16,596,3,81,30,2261,11
2514,16,596,3,81,30,2289,11
2514,16,596,3,81,30,2359,11
2514,16,596,3,81,30,2370,11
2514,16,596,3,81,30,2405,11
2514,16,596,3,95,47,45,11
2514,16,596,3,95,47,159,11
2514,16,596,3,95,47,272,11
2514,16,596,3,95,47,338,11
2514,16,596,3,95,47,390,11
2514,16,596,3,95,47,457,11
2514,16,596,3,95,47,463,11
2514,16,596,3,95,47,620,11
2514,16,596,3,95,47,700,11
2514,16,596,3,95,47,742,11
2514,16,596,3,95,47,758,11
2514,16,596,3,95,47,879,11
2514,16,596,3,95,47,927,11
2514,16,596,3,95,47,979,11
2514,16,596,3,95,47,1003,11
2514,16,596,3,95,47,1044,11
2514,16,596,3,95,47,1068,11
2514,16,596,3,95,47,1153,11
2514,16,596,3,95,47,1186,11
2514,16,596,3,95,47,1194,11
2514,16,596,3,95,47,1259,11
2514,16,596,3,95,47,1260,11
2514,16,596,3,95,47,1312,11
2514,16,596,3,95,47,1388,11
2514,16,596,3,95,47,1391,11
2514,16,596,3,95,47,1422,11
2514,16,596,3,95,47,1556,11
2514,16,596,3,95,47,1568,11
2514,16,596,3,95,47,1599,11
2514,16,596,3,95,47,1747,11
2514,16,596,3,95,47,1773,11
2514,16,596,3,95,47,1799,11
2514,16,596,3,95,47,1818,11
2514,16,596,3,95,47,1873,11
2514,16,596,3,95,47,1940,11
2514,16,596,3,95,47,1956,11
2514,16,596,3,95,47,1997,11
2514,16,596,3,95,47,2068,11
2514,16,596,3,95,47,2079,11
2514,16,596,3,95,47,2123,11
2514,16,596,3,95,47,2196,11
2514,16,596,3,95,47,2206,11
2514,16,596,3,95,47,2216,11
2514,16,596,3,95,47,2244,11
2514,16,596,3,95,47,2259,11
2514,16,596,3,95,47,2261,11
2514,16,596,3,95,47,2289,11
2514,16,596,3,95,47,2359,11
2514,16,596,3,95,47,2370,11
2514,16,596,3,95,47,2405,11
2514,16,596,3,126,34,45,11
2514,16,596,3,126,34,159,11
2514,16,596,3,126,34,272,11
2514,16,596,3,126,34,338,11
2514,16,596,3,126,34,390,11
2514,16,596,3,126,34,457,11
2514,16,596,3,126,34,463,11
2514,16,596,3,126,34,620,11
2514,16,596,3,126,34,700,11
2514,16,596,3,126,34,742,11
2514,16,596,3,126,34,758,11
2514,16,596,3,126,34,879,11
2514,16,596,3,126,34,927,11
2514,16,596,3,126,34,979,11
2514,16,596,3,126,34,1003,11
2514,16,596,3,126,34,1044,11
2514,16,596,3,126,34,1068,11
2514,16,596,3,126,34,1153,11
2514,16,596,3,126,34,1186,11
2514,16,596,3,126,34,1194,11
2514,16,596,3,126,34,1259,11
2514,16,596,3,126,34,1260,11
2514,16,596,3,126,34,1312,11
2514,16,596,3,126,34,1388,11
2514,16,596,3,126,34,1391,11
2514,16,596,3,126,34,1422,11
2514,16,596,3,126,34,1556,11
2514,16,596,3,126,34,1568,11
2514,16,596,3,126,34,1599,11
2514,16,596,3,126,34,1747,11
2514,16,596,3,126,34,1773,11
2514,16,596,3,126,34,1799,11
2514,16,596,3,126,34,1818,11
2514,16,596,3,126,34,1873,11
2514,16,596,3,126,34,1940,11
2514,16,596,3,126,34,1956,11
2514,16,596,3,126,34,1997,11
2514,16,596,3,126,34,2068,11
2514,16,596,3,126,34,2079,11
2514,16,596,3,126,34,2123,11
2514,16,596,3,126,34,2196,11
2514,16,596,3,126,34,2206,11
2514,16,596,3,126,34,2216,11
2514,16,596,3,126,34,2244,11
2514,16,596,3,126,34,2259,11
2514,16,596,3,126,34,2261,11
2514,16,596,3,126,34,2289,11
2514,16,596,3,126,34,2359,11
2514,16,596,3,126,34,2370,11
2514,16,596,3,126,34,2405,11
2514,16,596,3,255,39,45,11
2514,16,596,3,255,39,159,11
2514,16,596,3,255,39,272,11
2514,16,596,3,255,39,338,11
2514,16,596,3,255,39,390,11
2514,16,596,3,255,39,457,11
2514,16,596,3,255,39,463,11
2514,16,596,3,255,39,620,11
2514,16,596,3,255,39,700,11
2514,16,596,3,255,39,742,11
2514,16,596,3,255,39,758,11
2514,16,596,3,255,39,879,11
2514,16,596,3,255,39,927,11
2514,16,596,3,255,39,979,11
2514,16,596,3,255,39,1003,11
2514,16,596,3,255,39,1044,11
2514,16,596,3,255,39,1068,11
2514,16,596,3,255,39,1153,11
2514,16,596,3,255,39,1186,11
2514,16,596,3,255,39,1194,11
2514,16,596,3,255,39,1259,11
2514,16,596,3,255,39,1260,11
2514,16,596,3,255,39,1312,11
2514,16,596,3,255,39,1388,11
2514,16,596,3,255,39,1391,11
2514,16,596,3,255,39,1422,11
2514,16,596,3,255,39,1556,11
2514,16,596,3,255,39,1568,11
2514,16,596,3,255,39,1599,11
2514,16,596,3,255,39,1747,11
2514,16,596,3,255,39,1773,11
2514,16,596,3,255,39,1799,11
2514,16,596,3,255,39,1818,11
2514,16,596,3,255,39,1873,11
2514,16,596,3,255,39,1940,11
2514,16,596,3,255,39,1956,11
2514,16,596,3,255,39,1997,11
2514,16,596,3,255,39,2068,11
2514,16,596,3,255,39,2079,11
2514,16,596,3,255,39,2123,11
2514,16,596,3,255,39,2196,11
2514,16,596,3,255,39,2206,11
2514,16,596,3,255,39,2216,11
2514,16,596,3,255,39,2244,11
2514,16,596,3,255,39,2259,11
2514,16,596,3,255,39,2261,11
2514,16,596,3,255,39,2289,11
2514,16,596,3,255,39,2359,11
2514,16,596,3,255,39,2370,11
2514,16,596,3,255,39,2405,11
2514,16,596,3,406,43,45,11
2514,16,596,3,406,43,159,11
2514,16,596,3,406,43,272,11
2514,16,596,3,406,43,338,11
2514,16,596,3,406,43,390,11
2514,16,596,3,406,43,457,11
2514,16,596,3,406,43,463,11
2514,16,596,3,406,43,620,11
2514,16,596,3,406,43,700,11
2514,16,596,3,406,43,742,11
2514,16,596,3,406,43,758,11
2514,16,596,3,406,43,879,11
2514,16,596,3,406,43,927,11
2514,16,596,3,406,43,979,11
2514,16,596,3,406,43,1003,11
2514,16,596,3,406,43,1044,11
2514,16,596,3,406,43,1068,11
2514,16,596,3,406,43,1153,11
2514,16,596,3,406,43,1186,11
2514,16,596,3,406,43,1194,11
2514,16,596,3,406,43,1259,11
2514,16,596,3,406,43,1260,11
2514,16,596,3,406,43,1312,11
2514,16,596,3,406,43,1388,11
2514,16,596,3,406,43,1391,11
2514,16,596,3,406,43,1422,11
2514,16,596,3,406,43,1556,11
2514,16,596,3,406,43,1568,11
2514,16,596,3,406,43,1599,11
2514,16,596,3,406,43,1747,11
2514,16,596,3,406,43,1773,11
2514,16,596,3,406,43,1799,11
2514,16,596,3,406,43,1818,11
2514,16,596,3,406,43,1873,11
2514,16,596,3,406,43,1940,11
2514,16,596,3,406,43,1956,11
2514,16,596,3,406,43,1997,11
2514,16,596,3,406,43,2068,11
2514,16,596,3,406,43,2079,11
2514,16,596,3,406,43,2123,11
2514,16,596,3,406,43,2196,11
2514,16,596,3,406,43,2206,11
2514,16,596,3,406,43,2216,11
2514,16,596,3,406,43,2244,11
2514,16,596,3,406,43,2259,11
2514,16,596,3,406,43,2261,11
2514,16,596,3,406,43,2289,11
2514,16,596,3,406,43,2359,11
2514,16,596,3,406,43,2370,11
2514,16,596,3,406,43,2405,11
2514,16,596,3,783,47,45,11
2514,16,596,3,783,47,159,11
2514,16,596,3,783,47,272,11
2514,16,596,3,783,47,338,11
2514,16,596,3,783,47,390,11
2514,16,596,3,783,47,457,11
2514,16,596,3,783,47,463,11
2514,16,596,3,783,47,620,11
2514,16,596,3,783,47,700,11
2514,16,596,3,783,47,742,11
2514,16,596,3,783,47,758,11
2514,16,596,3,783,47,879,11
2514,16,596,3,783,47,927,11
2514,16,596,3,783,47,979,11
2514,16,596,3,783,47,1003,11
2514,16,596,3,783,47,1044,11
2514,16,596,3,783,47,1068,11
2514,16,596,3,783,47,1153,11
2514,16,596,3,783,47,1186,11
2514,16,596,3,783,47,1194,11
2514,16,596,3,783,47,1259,11
2514,16,596,3,783,47,1260,11
2514,16,596,3,783,47,1312,11
2514,16,596,3,783,47,1388,11
2514,16,596,3,783,47,1391,11
2514,16,596,3,783,47,1422,11
2514,16,596,3,783,47,1556,11
2514,16,596,3,783,47,1568,11
2514,16,596,3,783,47,1599,11
2514,16,596,3,783,47,1747,11
2514,16,596,3,783,47,1773,11
2514,16,596,3,783,47,1799,11
2514,16,596,3,783,47,1818,11
2514,16,596,3,783,47,1873,11
2514,16,596,3,783,47,1940,11
2514,16,596,3,783,47,1956,11
2514,16,596,3,783,47,1997,11
2514,16,596,3,783,47,2068,11
2514,16,596,3,783,47,2079,11
2514,16,596,3,783,47,2123,11
2514,16,596,3,783,47,2196,11
2514,16,596,3,783,47,2206,11
2514,16,596,3,783,47,2216,11
2514,16,596,3,783,47,2244,11
2514,16,596,3,783,47,2259,11
2514,16,596,3,783,47,2261,11
2514,16,596,3,783,47,2289,11
2514,16,596,3,783,47,2359,11
2514,16,596,3,783,47,2370,11
2514,16,596,3,783,47,2405,11
2514,16,596,3,1204,27,45,11
2514,16,596,3,1204,27,159,11
2514,16,596,3,1204,27,272,11
2514,16,596,3,1204,27,338,11
2514,16,596,3,1204,27,390,11
2514,16,596,3,1204,27,463,11
2514,16,596,3,1204,27,620,11
2514,16,596,3,1204,27,742,11
2514,16,596,3,1204,27,758,11
2514,16,596,3,1204,27,879,11
2514,16,596,3,1204,27,979,11
2514,16,596,3,1204,27,1044,11
2514,16,596,3,1204,27,1068,11
2514,16,596,3,1204,27,1186,11
2514,16,596,3,1204,27,1259,11
2514,16,596,3,1204,27,1260,11
2514,16,596,3,1204,27,1312,11
2514,16,596,3,1204,27,1388,11
2514,16,596,3,1204,27,1391,11
2514,16,596,3,1204,27,1422,11
2514,16,596,3,1204,27,1556,11
2514,16,596,3,1204,27,1747,11
2514,16,596,3,1204,27,1773,11
2514,16,596,3,1204,27,1799,11
2514,16,596,3,1204,27,1873,11
2514,16,596,3,1204,27,1956,11
2514,16,596,3,1204,27,1997,11
2514,16,596,3,1204,27,2068,11
2514,16,596,3,1204,27,2079,11
2514,16,596,3,1204,27,2123,11
2514,16,596,3,1204,27,2196,11
2514,16,596,3,1204,27,2206,11
2514,16,596,3,1204,27,2216,11
2514,16,596,3,1204,27,2244,11
2514,16,596,3,1204,27,2259,11
2514,16,596,3,1204,27,2261,11
2514,16,596,3,1204,27,2289,11
2514,16,596,3,1204,27,2359,11
2514,16,596,3,1204,27,2370,11
2514,16,596,3,1204,27,2405,11
2514,16,596,3,1332,18,45,11
2514,16,596,3,1332,18,159,11
2514,16,596,3,1332,18,272,11
2514,16,596,3,1332,18,338,11
2514,16,596,3,1332,18,390,11
2514,16,596,3,1332,18,457,11
2514,16,596,3,1332,18,463,11
2514,16,596,3,1332,18,620,11
2514,16,596,3,1332,18,700,11
2514,16,596,3,1332,18,742,11
2514,16,596,3,1332,18,758,11
2514,16,596,3,1332,18,879,11
2514,16,596,3,1332,18,927,11
2514,16,596,3,1332,18,979,11
2514,16,596,3,1332,18,1003,11
2514,16,596,3,1332,18,1044,11
2514,16,596,3,1332,18,1068,11
2514,16,596,3,1332,18,1153,11
2514,16,596,3,1332,18,1186,11
2514,16,596,3,1332,18,1194,11
2514,16,596,3,1332,18,1259,11
2514,16,596,3,1332,18,1260,11
2514,16,596,3,1332,18,1312,11
2514,16,596,3,1332,18,1388,11
2514,16,596,3,1332,18,1391,11
2514,16,596,3,1332,18,1422,11
2514,16,596,3,1332,18,1556,11
2514,16,596,3,1332,18,1568,11
2514,16,596,3,1332,18,1599,11
2514,16,596,3,1332,18,1747,11
2514,16,596,3,1332,18,1773,11
2514,16,596,3,1332,18,1799,11
2514,16,596,3,1332,18,1818,11
2514,16,596,3,1332,18,1873,11
2514,16,596,3,1332,18,1940,11
2514,16,596,3,1332,18,1956,11
2514,16,596,3,1332,18,1997,11
2514,16,596,3,1332,18,2068,11
2514,16,596,3,1332,18,2079,11
2514,16,596,3,1332,18,2123,11
2514,16,596,3,1332,18,2196,11
2514,16,596,3,1332,18,2206,11
2514,16,596,3,1332,18,2216,11
2514,16,596,3,1332,18,2244,11
2514,16,596,3,1332,18,2259,11
2514,16,596,3,1332,18,2261,11
2514,16,596,3,1332,18,2289,11
2514,16,596,3,1332,18,2359,11
2514,16,596,3,1332,18,2370,11
2514,16,596,3,1332,18,2405,11
2514,16,596,3,1580,39,45,11
2514,16,596,3,1580,39,159,11
2514,16,596,3,1580,39,272,11
2514,16,596,3,1580,39,338,11
2514,16,596,3,1580,39,390,11
2514,16,596,3,1580,39,457,11
2514,16,596,3,1580,39,463,11
2514,16,596,3,1580,39,620,11
2514,16,596,3,1580,39,700,11
2514,16,596,3,1580,39,742,11
2514,16,596,3,1580,39,758,11
2514,16,596,3,1580,39,879,11
2514,16,596,3,1580,39,927,11
2514,16,596,3,1580,39,979,11
2514,16,596,3,1580,39,1003,11
2514,16,596,3,1580,39,1044,11
2514,16,596,3,1580,39,1068,11
2514,16,596,3,1580,39,1153,11
2514,16,596,3,1580,39,1186,11
2514,16,596,3,1580,39,1194,11
2514,16,596,3,1580,39,1259,11
2514,16,596,3,1580,39,1260,11
2514,16,596,3,1580,39,1312,11
2514,16,596,3,1580,39,1388,11
2514,16,596,3,1580,39,1391,11
2514,16,596,3,1580,39,1422,11
2514,16,596,3,1580,39,1556,11
2514,16,596,3,1580,39,1568,11
2514,16,596,3,1580,39,1599,11
2514,16,596,3,1580,39,1747,11
2514,16,596,3,1580,39,1773,11
2514,16,596,3,1580,39,1799,11
2514,16,596,3,1580,39,1818,11
2514,16,596,3,1580,39,1873,11
2514,16,596,3,1580,39,1940,11
2514,16,596,3,1580,39,1956,11
2514,16,596,3,1580,39,1997,11
2514,16,596,3,1580,39,2068,11
2514,16,596,3,1580,39,2079,11
2514,16,596,3,1580,39,2123,11
2514,16,596,3,1580,39,2196,11
2514,16,596,3,1580,39,2206,11
2514,16,596,3,1580,39,2216,11
2514,16,596,3,1580,39,2244,11
2514,16,596,3,1580,39,2259,11
2514,16,596,3,1580,39,2261,11
2514,16,596,3,1580,39,2289,11
2514,16,596,3,1580,39,2359,11
2514,16,596,3,1580,39,2370,11
2514,16,596,3,1580,39,2405,11
2514,16,596,3,1722,10,45,11
2514,16,596,3,1722,10,159,11
2514,16,596,3,1722,10,272,11
2514,16,596,3,1722,10,338,11
2514,16,596,3,1722,10,390,11
2514,16,596,3,1722,10,457,11
2514,16,596,3,1722,10,463,11
2514,16,596,3,1722,10,620,11
2514,16,596,3,1722,10,700,11
2514,16,596,3,1722,10,742,11
2514,16,596,3,1722,10,758,11
2514,16,596,3,1722,10,879,11
2514,16,596,3,1722,10,927,11
2514,16,596,3,1722,10,979,11
2514,16,596,3,1722,10,1003,11
2514,16,596,3,1722,10,1044,11
2514,16,596,3,1722,10,1068,11
2514,16,596,3,1722,10,1153,11
2514,16,596,3,1722,10,1186,11
2514,16,596,3,1722,10,1194,11
2514,16,596,3,1722,10,1259,11
2514,16,596,3,1722,10,1260,11
2514,16,596,3,1722,10,1312,11
2514,16,596,3,1722,10,1388,11
2514,16,596,3,1722,10,1391,11
2514,16,596,3,1722,10,1422,11
2514,16,596,3,1722,10,1556,11
2514,16,596,3,1722,10,1568,11
2514,16,596,3,1722,10,1599,11
2514,16,596,3,1722,10,1747,11
2514,16,596,3,1722,10,1773,11
2514,16,596,3,1722,10,1799,11
2514,16,596,3,1722,10,1818,11
2514,16,596,3,1722,10,1873,11
2514,16,596,3,1722,10,1940,11
2514,16,596,3,1722,10,1956,11
2514,16,596,3,1722,10,1997,11
2514,16,596,3,1722,10,2068,11
2514,16,596,3,1722,10,2079,11
2514,16,596,3,1722,10,2123,11
2514,16,596,3,1722,10,2196,11
2514,16,596,3,1722,10,2206,11
2514,16,596,3,1722,10,2216,11
2514,16,596,3,1722,10,2244,11
2514,16,596,3,1722,10,2259,11
2514,16,596,3,1722,10,2261,11
2514,16,596,3,1722,10,2289,11
2514,16,596,3,1722,10,2359,11
2514,16,596,3,1722,10,2370,11
2514,16,596,3,1722,10,2405,11
2514,16,596,3,1759,30,45,11
2514,16,596,3,1759,30,159,11
2514,16,596,3,1759,30,272,11
2514,16,596,3,1759,30,338,11
2514,16,596,3,1759,30,390,11
2514,16,596,3,1759,30,457,11
2514,16,596,3,1759,30,463,11
2514,16,596,3,1759,30,620,11
2514,16,596,3,1759,30,700,11
2514,16,596,3,1759,30,742,11
2514,16,596,3,1759,30,758,11
2514,16,596,3,1759,30,879,11
2514,16,596,3,1759,30,927,11
2514,16,596,3,1759,30,979,11
2514,16,596,3,1759,30,1003,11
2514,16,596,3,1759,30,1044,11
2514,16,596,3,1759,30,1068,11
2514,16,596,3,1759,30,1153,11
2514,16,596,3,1759,30,1186,11
2514,16,596,3,1759,30,1194,11
2514,16,596,3,1759,30,1259,11
2514,16,596,3,1759,30,1260,11
2514,16,596,3,1759,30,1312,11
2514,16,596,3,1759,30,1388,11
2514,16,596,3,1759,30,1391,11
2514,16,596,3,1759,30,1422,11
2514,16,596,3,1759,30,1556,11
2514,16,596,3,1759,30,1568,11
2514,16,596,3,1759,30,1599,11
2514,16,596,3,1759,30,1747,11
2514,16,596,3,1759,30,1773,11
2514,16,596,3,1759,30,1799,11
2514,16,596,3,1759,30,1818,11
2514,16,596,3,1759,30,1873,11
2514,16,596,3,1759,30,1940,11
2514,16,596,3,1759,30,1956,11
2514,16,596,3,1759,30,1997,11
2514,16,596,3,1759,30,2068,11
2514,16,596,3,1759,30,2079,11
2514,16,596,3,1759,30,2123,11
2514,16,596,3,1759,30,2196,11
2514,16,596,3,1759,30,2206,11
2514,16,596,3,1759,30,2216,11
2514,16,596,3,1759,30,2244,11
2514,16,596,3,1759,30,2259,11
2514,16,596,3,1759,30,2261,11
2514,16,596,3,1759,30,2289,11
2514,16,596,3,1759,30,2359,11
2514,16,596,3,1759,30,2370,11
2514,16,596,3,1759,30,2405,11
2514,16,596,3,1776,23,45,11
2514,16,596,3,1776,23,159,11
2514,16,596,3,1776,23,272,11
2514,16,596,3,1776,23,338,11
2514,16,596,3,1776,23,390,11
2514,16,596,3,1776,23,457,11
2514,16,596,3,1776,23,463,11
2514,16,596,3,1776,23,620,11
2514,16,596,3,1776,23,700,11
2514,16,596,3,1776,23,742,11
2514,16,596,3,1776,23,758,11
2514,16,596,3,1776,23,879,11
2514,16,596,3,1776,23,927,11
2514,16,596,3,1776,23,979,11
2514,16,596,3,1776,23,1003,11
2514,16,596,3,1776,23,1044,11
2514,16,596,3,1776,23,1068,11
2514,16,596,3,1776,23,1153,11
2514,16,596,3,1776,23,1186,11
2514,16,596,3,1776,23,1194,11
2514,16,596,3,1776,23,1259,11
2514,16,596,3,1776,23,1260,11
2514,16,596,3,1776,23,1312,11
2514,16,596,3,1776,23,1388,11
2514,16,596,3,1776,23,1391,11
2514,16,596,3,1776,23,1422,11
2514,16,596,3,1776,23,1556,11
2514,16,596,3,1776,23,1568,11
2514,16,596,3,1776,23,1599,11
2514,16,596,3,1776,23,1747,11
2514,16,596,3,1776,23,1773,11
2514,16,596,3,1776,23,1799,11
2514,16,596,3,1776,23,1818,11
2514,16,596,3,1776,23,1873,11
2514,16,596,3,1776,23,1940,11
2514,16,596,3,1776,23,1956,11
2514,16,596,3,1776,23,1997,11
2514,16,596,3,1776,23,2068,11
2514,16,596,3,1776,23,2079,11
2514,16,596,3,1776,23,2123,11
2514,16,596,3,1776,23,2196,11
2514,16,596,3,1776,23,2206,11
2514,16,596,3,1776,23,2216,11
2514,16,596,3,1776,23,2244,11
2514,16,596,3,1776,23,2259,11
2514,16,596,3,1776,23,2261,11
2514,16,596,3,1776,23,2289,11
2514,16,596,3,1776,23,2359,11
2514,16,596,3,1776,23,2370,11
2514,16,596,3,1776,23,2405,11
