2514,16,1483,41,8,36,45,11
2514,16,1483,41,8,36,159,11
2514,16,1483,41,8,36,272,11
2514,16,1483,41,8,36,338,11
2514,16,1483,41,8,36,390,11
2514,16,1483,41,8,36,457,11
2514,16,1483,41,8,36,463,11
2514,16,1483,41,8,36,620,11
2514,16,1483,41,8,36,700,11
2514,16,1483,41,8,36,742,11
2514,16,1483,41,8,36,758,11
2514,16,1483,41,8,36,879,11
2514,16,1483,41,8,36,927,11
2514,16,1483,41,8,36,979,11
2514,16,1483,41,8,36,1003,11
2514,16,1483,41,8,36,1044,11
2514,16,1483,41,8,36,1068,11
2514,16,1483,41,8,36,1153,11
2514,16,1483,41,8,36,1186,11
2514,16,1483,41,8,36,1194,11
2514,16,1483,41,8,36,1259,11
2514,16,1483,41,8,36,1260,11
2514,16,1483,41,8,36,1312,11
2514,16,1483,41,8,36,1388,11
2514,16,1483,41,8,36,1391,11
2514,16,1483,41,8,36,1422,11
2514,16,1483,41,8,36,1556,11
2514,16,1483,41,8,36,1568,11
2514,16,1483,41,8,36,1599,11
2514,16,1483,41,8,36,1747,11
2514,16,1483,41,8,36,1773,11
2514,16,1483,41,8,36,1799,11
2514,16,1483,41,8,36,1818,11
2514,16,1483,41,8,36,1873,11
2514,16,1483,41,8,36,1940,11
2514,16,1483,41,8,36,1956,11
2514,16,1483,41,8,36,1997,11
2514,16,1483,41,8,36,2068,11
2514,16,1483,41,8,36,2079,11
2514,16,1483,41,8,36,2123,11
2514,16,1483,41,8,36,2196,11
2514,16,1483,41,8,36,2206,11
2514,16,1483,41,8,36,2216,11
2514,16,1483,41,8,36,2244,11
2514,16,1483,41,8,36,2259,11
2514,16,1483,41,8,36,2261,11
2514,16,1483,41,8,36,2289,11
2514,16,1483,41,8,36,2359,11
2514,16,1483,41,8,36,2370,11
2514,16,1483,41,8,36,2405,11
2514,16,1483,41,538,47,45,11
2514,16,1483,41,538,47,159,11
2514,16,1483,41,538,47,272,11
2514,16,1483,41,538,47,338,11
2514,16,1483,41,538,47,390,11
2514,16,1483,41,538,47,457,11
2514,16,1483,41,538,47,463,11
2514,16,1483,41,538,47,620,11
2514,16,1483,41,538,47,700,11
2514,16,1483,41,538,47,742,11
2514,16,1483,41,538,47,758,11
2514,16,1483,41,538,47,879,11
2514,16,1483,41,538,47,927,11
2514,16,1483,41,538,47,979,11
2514,16,1483,41,538,47,1003,11
2514,16,1483,41,538,47,1044,11
2514,16,1483,41,538,47,1068,11
2514,16,1483,41,538,47,1153,11
2514,16,1483,41,538,47,1186,11
2514,16,1483,41,538,47,1194,11
2514,16,1483,41,538,47,1259,11
2514,16,1483,41,538,47,1260,11
2514,16,1483,41,538,47,1312,11
2514,16,1483,41,538,47,1388,11
2514,16,1483,41,538,47,1391,11
2514,16,1483,41,538,47,1422,11
2514,16,1483,41,538,47,1556,11
2514,16,1483,41,538,47,1568,11
2514,16,1483,41,538,47,1599,11
2514,16,1483,41,538,47,1747,11
2514,16,1483,41,538,47,1773,11
2514,16,1483,41,538,47,1799,11
2514,16,1483,41,538,47,1818,11
2514,16,1483,41,538,47,1873,11
2514,16,1483,41,538,47,1940,11
2514,16,1483,41,538,47,1956,11
2514,16,1483,41,538,47,1997,11
2514,16,1483,41,538,47,2068,11
2514,16,1483,41,538,47,2079,11
2514,16,1483,41,538,47,2123,11
2514,16,1483,41,538,47,2196,11
2514,16,1483,41,538,47,2206,11
2514,16,1483,41,538,47,2216,11
2514,16,1483,41,538,47,2244,11
2514,16,1483,41,538,47,2259,11
2514,16,1483,41,538,47,2261,11
2514,16,1483,41,538,47,2289,11
2514,16,1483,41,538,47,2359,11
2514,16,1483,41,538,47,2370,11
2514,16,1483,41,538,47,2405,11
2514,16,1483,41,702,34,45,11
2514,16,1483,41,702,34,159,11
2514,16,1483,41,702,34,272,11
2514,16,1483,41,702,34,338,11
2514,16,1483,41,702,34,390,11
2514,16,1483,41,702,34,457,11
2514,16,1483,41,702,34,463,11
2514,16,1483,41,702,34,620,11
2514,16,1483,41,702,34,700,11
2514,16,1483,41,702,34,742,11
2514,16,1483,41,702,34,758,11
2514,16,1483,41,702,34,879,11
2514,16,1483,41,702,34,927,11
2514,16,1483,41,702,34,979,11
2514,16,1483,41,702,34,1003,11
2514,16,1483,41,702,34,1044,11
2514,16,1483,41,702,34,1068,11
2514,16,1483,41,702,34,1153,11
2514,16,1483,41,702,34,1186,11
2514,16,1483,41,702,34,1194,11
2514,16,1483,41,702,34,1259,11
2514,16,1483,41,702,34,1260,11
2514,16,1483,41,702,34,1312,11
2514,16,1483,41,702,34,1388,11
2514,16,1483,41,702,34,1391,11
2514,16,1483,41,702,34,1422,11
2514,16,1483,41,702,34,1556,11
2514,16,1483,41,702,34,1568,11
2514,16,1483,41,702,34,1599,11
2514,16,1483,41,702,34,1747,11
2514,16,1483,41,702,34,1773,11
2514,16,1483,41,702,34,1799,11
2514,16,1483,41,702,34,1818,11
2514,16,1483,41,702,34,1873,11
2514,16,1483,41,702,34,1940,11
2514,16,1483,41,702,34,1956,11
2514,16,1483,41,702,34,1997,11
2514,16,1483,41,702,34,2068,11
2514,16,1483,41,702,34,2079,11
2514,16,1483,41,702,34,2123,11
2514,16,1483,41,702,34,2196,11
2514,16,1483,41,702,34,2206,11
2514,16,1483,41,702,34,2216,11
2514,16,1483,41,702,34,2244,11
2514,16,1483,41,702,34,2259,11
2514,16,1483,41,702,34,2261,11
2514,16,1483,41,702,34,2289,11
2514,16,1483,41,702,34,2359,11
2514,16,1483,41,702,34,2370,11
2514,16,1483,41,702,34,2405,11
2514,16,1483,41,827,43,45,11
2514,16,1483,41,827,43,159,11
2514,16,1483,41,827,43,272,11
2514,16,1483,41,827,43,338,11
2514,16,1483,41,827,43,390,11
2514,16,1483,41,827,43,457,11
2514,16,1483,41,827,43,463,11
2514,16,1483,41,827,43,620,11
2514,16,1483,41,827,43,700,11
2514,16,1483,41,827,43,742,11
2514,16,1483,41,827,43,758,11
2514,16,1483,41,827,43,879,11
2514,16,1483,41,827,43,927,11
2514,16,1483,41,827,43,979,11
2514,16,1483,41,827,43,1003,11
2514,16,1483,41,827,43,1044,11
2514,16,1483,41,827,43,1068,11
2514,16,1483,41,827,43,1153,11
2514,16,1483,41,827,43,1186,11
2514,16,1483,41,827,43,1194,11
2514,16,1483,41,827,43,1259,11
2514,16,1483,41,827,43,1260,11
2514,16,1483,41,827,43,1312,11
2514,16,1483,41,827,43,1388,11
2514,16,1483,41,827,43,1391,11
2514,16,1483,41,827,43,1422,11
2514,16,1483,41,827,43,1556,11
2514,16,1483,41,827,43,1568,11
2514,16,1483,41,827,43,1599,11
2514,16,1483,41,827,43,1747,11
2514,16,1483,41,827,43,1773,11
2514,16,1483,41,827,43,1799,11
2514,16,1483,41,827,43,1818,11
2514,16,1483,41,827,43,1873,11
2514,16,1483,41,827,43,1940,11
2514,16,1483,41,827,43,1956,11
2514,16,1483,41,827,43,1997,11
2514,16,1483,41,827,43,2068,11
2514,16,1483,41,827,43,2079,11
2514,16,1483,41,827,43,2123,11
2514,16,1483,41,827,43,2196,11
2514,16,1483,41,827,43,2206,11
2514,16,1483,41,827,43,2216,11
2514,16,1483,41,827,43,2244,11
2514,16,1483,41,827,43,2259,11
2514,16,1483,41,827,43,2261,11
2514,16,1483,41,827,43,2289,11
2514,16,1483,41,827,43,2359,11
2514,16,1483,41,827,43,2370,11
2514,16,1483,41,827,43,2405,11
2514,16,1483,41,944,43,45,11
2514,16,1483,41,944,43,159,11
2514,16,1483,41,944,43,272,11
2514,16,1483,41,944,43,338,11
2514,16,1483,41,944,43,390,11
2514,16,1483,41,944,43,457,11
2514,16,1483,41,944,43,463,11
2514,16,1483,41,944,43,620,11
2514,16,1483,41,944,43,700,11
2514,16,1483,41,944,43,742,11
2514,16,1483,41,944,43,758,11
2514,16,1483,41,944,43,879,11
2514,16,1483,41,944,43,927,11
2514,16,1483,41,944,43,979,11
2514,16,1483,41,944,43,1003,11
2514,16,1483,41,944,43,1044,11
2514,16,1483,41,944,43,1068,11
2514,16,1483,41,944,43,1153,11
2514,16,1483,41,944,43,1186,11
2514,16,1483,41,944,43,1194,11
2514,16,1483,41,944,43,1259,11
2514,16,1483,41,944,43,1260,11
2514,16,1483,41,944,43,1312,11
2514,16,1483,41,944,43,1388,11
2514,16,1483,41,944,43,1391,11
2514,16,1483,41,944,43,1422,11
2514,16,1483,41,944,43,1556,11
2514,16,1483,41,944,43,1568,11
2514,16,1483,41,944,43,1599,11
2514,16,1483,41,944,43,1747,11
2514,16,1483,41,944,43,1773,11
2514,16,1483,41,944,43,1799,11
2514,16,1483,41,944,43,1818,11
2514,16,1483,41,944,43,1873,11
2514,16,1483,41,944,43,1940,11
2514,16,1483,41,944,43,1956,11
2514,16,1483,41,944,43,1997,11
2514,16,1483,41,944,43,2068,11
2514,16,1483,41,944,43,2079,11
2514,16,1483,41,944,43,2123,11
2514,16,1483,41,944,43,2196,11
2514,16,1483,41,944,43,2206,11
2514,16,1483,41,944,43,2216,11
2514,16,1483,41,944,43,2244,11
2514,16,1483,41,944,43,2259,11
2514,16,1483,41,944,43,2261,11
2514,16,1483,41,944,43,2289,11
2514,16,1483,41,944,43,2359,11
2514,16,1483,41,944,43,2370,11
2514,16,1483,41,944,43,2405,11
2514,16,1483,41,975,23,45,11
2514,16,1483,41,975,23,159,11
2514,16,1483,41,975,23,272,11
2514,16,1483,41,975,23,338,11
2514,16,1483,41,975,23,390,11
2514,16,1483,41,975,23,457,11
2514,16,1483,41,975,23,463,11
2514,16,1483,41,975,23,620,11
2514,16,1483,41,975,23,700,11
2514,16,1483,41,975,23,742,11
2514,16,1483,41,975,23,758,11
2514,16,1483,41,975,23,879,11
2514,16,1483,41,975,23,927,11
2514,16,1483,41,975,23,979,11
2514,16,1483,41,975,23,1003,11
2514,16,1483,41,975,23,1044,11
2514,16,1483,41,975,23,1068,11
2514,16,1483,41,975,23,1153,11
2514,16,1483,41,975,23,1186,11
2514,16,1483,41,975,23,1194,11
2514,16,1483,41,975,23,1259,11
2514,16,1483,41,975,23,1260,11
2514,16,1483,41,975,23,1312,11
2514,16,1483,41,975,23,1388,11
2514,16,1483,41,975,23,1391,11
2514,16,1483,41,975,23,1422,11
2514,16,1483,41,975,23,1556,11
2514,16,1483,41,975,23,1568,11
2514,16,1483,41,975,23,1599,11
2514,16,1483,41,975,23,1747,11
2514,16,1483,41,975,23,1773,11
2514,16,1483,41,975,23,1799,11
2514,16,1483,41,975,23,1818,11
2514,16,1483,41,975,23,1873,11
2514,16,1483,41,975,23,1940,11
2514,16,1483,41,975,23,1956,11
2514,16,1483,41,975,23,1997,11
2514,16,1483,41,975,23,2068,11
2514,16,1483,41,975,23,2079,11
2514,16,1483,41,975,23,2123,11
2514,16,1483,41,975,23,2196,11
2514,16,1483,41,975,23,2206,11
2514,16,1483,41,975,23,2216,11
2514,16,1483,41,975,23,2244,11
2514,16,1483,41,975,23,2259,11
2514,16,1483,41,975,23,2261,11
2514,16,1483,41,975,23,2289,11
2514,16,1483,41,975,23,2359,11
2514,16,1483,41,975,23,2370,11
2514,16,1483,41,975,23,2405,11
2514,16,1483,41,1391,44,45,11
2514,16,1483,41,1391,44,159,11
2514,16,1483,41,1391,44,272,11
2514,16,1483,41,1391,44,338,11
2514,16,1483,41,1391,44,390,11
2514,16,1483,41,1391,44,457,11
2514,16,1483,41,1391,44,463,11
2514,16,1483,41,1391,44,620,11
2514,16,1483,41,1391,44,700,11
2514,16,1483,41,1391,44,742,11
2514,16,1483,41,1391,44,758,11
2514,16,1483,41,1391,44,879,11
2514,16,1483,41,1391,44,927,11
2514,16,1483,41,1391,44,979,11
2514,16,1483,41,1391,44,1003,11
2514,16,1483,41,1391,44,1044,11
2514,16,1483,41,1391,44,1068,11
2514,16,1483,41,1391,44,1153,11
2514,16,1483,41,1391,44,1186,11
2514,16,1483,41,1391,44,1194,11
2514,16,1483,41,1391,44,1259,11
2514,16,1483,41,1391,44,1260,11
2514,16,1483,41,1391,44,1312,11
2514,16,1483,41,1391,44,1388,11
2514,16,1483,41,1391,44,1391,11
2514,16,1483,41,1391,44,1422,11
2514,16,1483,41,1391,44,1556,11
2514,16,1483,41,1391,44,1568,11
2514,16,1483,41,1391,44,1599,11
2514,16,1483,41,1391,44,1747,11
2514,16,1483,41,1391,44,1773,11
2514,16,1483,41,1391,44,1799,11
2514,16,1483,41,1391,44,1818,11
2514,16,1483,41,1391,44,1873,11
2514,16,1483,41,1391,44,1940,11
2514,16,1483,41,1391,44,1956,11
2514,16,1483,41,1391,44,1997,11
2514,16,1483,41,1391,44,2068,11
2514,16,1483,41,1391,44,2079,11
2514,16,1483,41,1391,44,2123,11
2514,16,1483,41,1391,44,2196,11
2514,16,1483,41,1391,44,2206,11
2514,16,1483,41,1391,44,2216,11
2514,16,1483,41,1391,44,2244,11
2514,16,1483,41,1391,44,2259,11
2514,16,1483,41,1391,44,2261,11
2514,16,1483,41,1391,44,2289,11
2514,16,1483,41,1391,44,2359,11
2514,16,1483,41,1391,44,2370,11
2514,16,1483,41,1391,44,2405,11
2514,16,1483,41,1537,19,159,11
2514,16,1483,41,1537,19,457,11
2514,16,1483,41,1537,19,463,11
2514,16,1483,41,1537,19,700,11
2514,16,1483,41,1537,19,879,11
2514,16,1483,41,1537,19,927,11
2514,16,1483,41,1537,19,1003,11
2514,16,1483,41,1537,19,1153,11
2514,16,1483,41,1537,19,1194,11
2514,16,1483,41,1537,19,1388,11
2514,16,1483,41,1537,19,1556,11
2514,16,1483,41,1537,19,1568,11
2514,16,1483,41,1537,19,1599,11
2514,16,1483,41,1537,19,1818,11
2514,16,1483,41,1537,19,1873,11
2514,16,1483,41,1537,19,1940,11
2514,16,1483,41,1537,19,2123,11
2514,16,1483,41,1537,19,2196,11
2514,16,1483,41,1537,19,2216,11
2514,16,1483,41,1537,19,2370,11
2514,16,1483,41,1584,13,45,11
2514,16,1483,41,1584,13,338,11
2514,16,1483,41,1584,13,390,11
2514,16,1483,41,1584,13,620,11
2514,16,1483,41,1584,13,742,11
2514,16,1483,41,1584,13,758,11
2514,16,1483,41,1584,13,979,11
2514,16,1483,41,1584,13,1044,11
2514,16,1483,41,1584,13,1186,11
2514,16,1483,41,1584,13,1259,11
2514,16,1483,41,1584,13,1312,11
2514,16,1483,41,1584,13,1773,11
2514,16,1483,41,1584,13,1799,11
2514,16,1483,41,1584,13,1956,11
2514,16,1483,41,1584,13,1997,11
2514,16,1483,41,1584,13,2206,11
2514,16,1483,41,1584,13,2244,11
2514,16,1483,41,1584,13,2261,11
2514,16,1483,41,1584,13,2289,11
2514,16,1483,41,1584,13,2359,11
2514,16,1483,41,1633,42,45,11
2514,16,1483,41,1633,42,159,11
2514,16,1483,41,1633,42,272,11
2514,16,1483,41,1633,42,338,11
2514,16,1483,41,1633,42,390,11
2514,16,1483,41,1633,42,457,11
2514,16,1483,41,1633,42,463,11
2514,16,1483,41,1633,42,620,11
2514,16,1483,41,1633,42,700,11
2514,16,1483,41,1633,42,742,11
2514,16,1483,41,1633,42,758,11
2514,16,1483,41,1633,42,879,11
2514,16,1483,41,1633,42,927,11
2514,16,1483,41,1633,42,979,11
2514,16,1483,41,1633,42,1003,11
2514,16,1483,41,1633,42,1044,11
2514,16,1483,41,1633,42,1068,11
2514,16,1483,41,1633,42,1153,11
2514,16,1483,41,1633,42,1186,11
2514,16,1483,41,1633,42,1194,11
2514,16,1483,41,1633,42,1259,11
2514,16,1483,41,1633,42,1260,11
2514,16,1483,41,1633,42,1312,11
2514,16,1483,41,1633,42,1388,11
2514,16,1483,41,1633,42,1391,11
2514,16,1483,41,1633,42,1422,11
2514,16,1483,41,1633,42,1556,11
2514,16,1483,41,1633,42,1568,11
2514,16,1483,41,1633,42,1599,11
2514,16,1483,41,1633,42,1747,11
2514,16,1483,41,1633,42,1773,11
2514,16,1483,41,1633,42,1799,11
2514,16,1483,41,1633,42,1818,11
2514,16,1483,41,1633,42,1873,11
2514,16,1483,41,1633,42,1940,11
2514,16,1483,41,1633,42,1956,11
2514,16,1483,41,1633,42,1997,11
2514,16,1483,41,1633,42,2068,11
2514,16,1483,41,1633,42,2079,11
2514,16,1483,41,1633,42,2123,11
2514,16,1483,41,1633,42,2196,11
2514,16,1483,41,1633,42,2206,11
2514,16,1483,41,1633,42,2216,11
2514,16,1483,41,1633,42,2244,11
2514,16,1483,41,1633,42,2259,11
2514,16,1483,41,1633,42,2261,11
2514,16,1483,41,1633,42,2289,11
2514,16,1483,41,1633,42,2359,11
2514,16,1483,41,1633,42,2370,11
2514,16,1483,41,1633,42,2405,11
2514,16,1483,41,1639,43,45,11
2514,16,1483,41,1639,43,159,11
2514,16,1483,41,1639,43,272,11
2514,16,1483,41,1639,43,338,11
2514,16,1483,41,1639,43,390,11
2514,16,1483,41,1639,43,457,11
2514,16,1483,41,1639,43,463,11
2514,16,1483,41,1639,43,620,11
2514,16,1483,41,1639,43,700,11
2514,16,1483,41,1639,43,742,11
2514,16,1483,41,1639,43,758,11
2514,16,1483,41,1639,43,879,11
2514,16,1483,41,1639,43,927,11
2514,16,1483,41,1639,43,979,11
2514,16,1483,41,1639,43,1003,11
2514,16,1483,41,1639,43,1044,11
2514,16,1483,41,1639,43,1068,11
2514,16,1483,41,1639,43,1153,11
2514,16,1483,41,1639,43,1186,11
2514,16,1483,41,1639,43,1194,11
2514,16,1483,41,1639,43,1259,11
2514,16,1483,41,1639,43,1260,11
2514,16,1483,41,1639,43,1312,11
2514,16,1483,41,1639,43,1388,11
2514,16,1483,41,1639,43,1391,11
2514,16,1483,41,1639,43,1422,11
2514,16,1483,41,1639,43,1556,11
2514,16,1483,41,1639,43,1568,11
2514,16,1483,41,1639,43,1599,11
2514,16,1483,41,1639,43,1747,11
2514,16,1483,41,1639,43,1773,11
2514,16,1483,41,1639,43,1799,11
2514,16,1483,41,1639,43,1818,11
2514,16,1483,41,1639,43,1873,11
2514,16,1483,41,1639,43,1940,11
2514,16,1483,41,1639,43,1956,11
2514,16,1483,41,1639,43,1997,11
2514,16,1483,41,1639,43,2068,11
2514,16,1483,41,1639,43,2079,11
2514,16,1483,41,1639,43,2123,11
2514,16,1483,41,1639,43,2196,11
2514,16,1483,41,1639,43,2206,11
2514,16,1483,41,1639,43,2216,11
2514,16,1483,41,1639,43,2244,11
2514,16,1483,41,1639,43,2259,11
2514,16,1483,41,1639,43,2261,11
2514,16,1483,41,1639,43,2289,11
2514,16,1483,41,1639,43,2359,11
2514,16,1483,41,1639,43,2370,11
2514,16,1483,41,1639,43,2405,11
2514,16,1483,41,1785,47,45,11
2514,16,1483,41,1785,47,159,11
2514,16,1483,41,1785,47,272,11
2514,16,1483,41,1785,47,338,11
2514,16,1483,41,1785,47,390,11
2514,16,1483,41,1785,47,457,11
2514,16,1483,41,1785,47,463,11
2514,16,1483,41,1785,47,620,11
2514,16,1483,41,1785,47,700,11
2514,16,1483,41,1785,47,742,11
2514,16,1483,41,1785,47,758,11
2514,16,1483,41,1785,47,879,11
2514,16,1483,41,1785,47,927,11
2514,16,1483,41,1785,47,979,11
2514,16,1483,41,1785,47,1003,11
2514,16,1483,41,1785,47,1044,11
2514,16,1483,41,1785,47,1068,11
2514,16,1483,41,1785,47,1153,11
2514,16,1483,41,1785,47,1186,11
2514,16,1483,41,1785,47,1194,11
2514,16,1483,41,1785,47,1259,11
2514,16,1483,41,1785,47,1260,11
2514,16,1483,41,1785,47,1312,11
2514,16,1483,41,1785,47,1388,11
2514,16,1483,41,1785,47,1391,11
2514,16,1483,41,1785,47,1422,11
2514,16,1483,41,1785,47,1556,11
2514,16,1483,41,1785,47,1568,11
2514,16,1483,41,1785,47,1599,11
2514,16,1483,41,1785,47,1747,11
2514,16,1483,41,1785,47,1773,11
2514,16,1483,41,1785,47,1799,11
2514,16,1483,41,1785,47,1818,11
2514,16,1483,41,1785,47,1873,11
2514,16,1483,41,1785,47,1940,11
2514,16,1483,41,1785,47,1956,11
2514,16,1483,41,1785,47,1997,11
2514,16,1483,41,1785,47,2068,11
2514,16,1483,41,1785,47,2079,11
2514,16,1483,41,1785,47,2123,11
2514,16,1483,41,1785,47,2196,11
2514,16,1483,41,1785,47,2206,11
2514,16,1483,41,1785,47,2216,11
2514,16,1483,41,1785,47,2244,11
2514,16,1483,41,1785,47,2259,11
2514,16,1483,41,1785,47,2261,11
2514,16,1483,41,1785,47,2289,11
2514,16,1483,41,1785,47,2359,11
2514,16,1483,41,1785,47,2370,11
2514,16,1483,41,1785,47,2405,11
2514,16,1483,41,1944,37,45,11
2514,16,1483,41,1944,37,159,11
2514,16,1483,41,1944,37,272,11
2514,16,1483,41,1944,37,338,11
2514,16,1483,41,1944,37,390,11
2514,16,1483,41,1944,37,457,11
2514,16,1483,41,1944,37,463,11
2514,16,1483,41,1944,37,620,11
2514,16,1483,41,1944,37,700,11
2514,16,1483,41,1944,37,742,11
2514,16,1483,41,1944,37,758,11
2514,16,1483,41,1944,37,879,11
2514,16,1483,41,1944,37,927,11
2514,16,1483,41,1944,37,979,11
2514,16,1483,41,1944,37,1003,11
2514,16,1483,41,1944,37,1044,11
2514,16,1483,41,1944,37,1068,11
2514,16,1483,41,1944,37,1153,11
2514,16,1483,41,1944,37,1186,11
2514,16,1483,41,1944,37,1194,11
2514,16,1483,41,1944,37,1259,11
2514,16,1483,41,1944,37,1260,11
2514,16,1483,41,1944,37,1312,11
2514,16,1483,41,1944,37,1388,11
2514,16,1483,41,1944,37,1391,11
2514,16,1483,41,1944,37,1422,11
2514,16,1483,41,1944,37,1556,11
2514,16,1483,41,1944,37,1568,11
2514,16,1483,41,1944,37,1599,11
2514,16,1483,41,1944,37,1747,11
2514,16,1483,41,1944,37,1773,11
2514,16,1483,41,1944,37,1799,11
2514,16,1483,41,1944,37,1818,11
2514,16,1483,41,1944,37,1873,11
2514,16,1483,41,1944,37,1940,11
2514,16,1483,41,1944,37,1956,11
2514,16,1483,41,1944,37,1997,11
2514,16,1483,41,1944,37,2068,11
2514,16,1483,41,1944,37,2079,11
2514,16,1483,41,1944,37,2123,11
2514,16,1483,41,1944,37,2196,11
2514,16,1483,41,1944,37,2206,11
2514,16,1483,41,1944,37,2216,11
2514,16,1483,41,1944,37,2244,11
2514,16,1483,41,1944,37,2259,11
2514,16,1483,41,1944,37,2261,11
2514,16,1483,41,1944,37,2289,11
2514,16,1483,41,1944,37,2359,11
2514,16,1483,41,1944,37,2370,11
2514,16,1483,41,1944,37,2405,11
2514,16,1483,41,1948,33,45,11
2514,16,1483,41,1948,33,159,11
2514,16,1483,41,1948,33,272,11
2514,16,1483,41,1948,33,338,11
2514,16,1483,41,1948,33,390,11
2514,16,1483,41,1948,33,457,11
2514,16,1483,41,1948,33,463,11
2514,16,1483,41,1948,33,620,11
2514,16,1483,41,1948,33,700,11
2514,16,1483,41,1948,33,742,11
2514,16,1483,41,1948,33,758,11
2514,16,1483,41,1948,33,879,11
2514,16,1483,41,1948,33,927,11
2514,16,1483,41,1948,33,979,11
2514,16,1483,41,1948,33,1003,11
2514,16,1483,41,1948,33,1044,11
2514,16,1483,41,1948,33,1068,11
2514,16,1483,41,1948,33,1153,11
2514,16,1483,41,1948,33,1186,11
2514,16,1483,41,1948,33,1194,11
2514,16,1483,41,1948,33,1259,11
2514,16,1483,41,1948,33,1260,11
2514,16,1483,41,1948,33,1312,11
2514,16,1483,41,1948,33,1388,11
2514,16,1483,41,1948,33,1391,11
2514,16,1483,41,1948,33,1422,11
2514,16,1483,41,1948,33,1556,11
2514,16,1483,41,1948,33,1568,11
2514,16,1483,41,1948,33,1599,11
2514,16,1483,41,1948,33,1747,11
2514,16,1483,41,1948,33,1773,11
2514,16,1483,41,1948,33,1799,11
2514,16,1483,41,1948,33,1818,11
2514,16,1483,41,1948,33,1873,11
2514,16,1483,41,1948,33,1940,11
2514,16,1483,41,1948,33,1956,11
2514,16,1483,41,1948,33,1997,11
2514,16,1483,41,1948,33,2068,11
2514,16,1483,41,1948,33,2079,11
2514,16,1483,41,1948,33,2123,11
2514,16,1483,41,1948,33,2196,11
2514,16,1483,41,1948,33,2206,11
2514,16,1483,41,1948,33,2216,11
2514,16,1483,41,1948,33,2244,11
2514,16,1483,41,1948,33,2259,11
2514,16,1483,41,1948,33,2261,11
2514,16,1483,41,1948,33,2289,11
2514,16,1483,41,1948,33,2359,11
2514,16,1483,41,1948,33,2370,11
2514,16,1483,41,1948,33,2405,11
