2514,16,1024,41,67,9,45,11
2514,16,1024,41,67,9,159,11
2514,16,1024,41,67,9,272,11
2514,16,1024,41,67,9,338,11
2514,16,1024,41,67,9,390,11
2514,16,1024,41,67,9,457,11
2514,16,1024,41,67,9,463,11
2514,16,1024,41,67,9,620,11
2514,16,1024,41,67,9,700,11
2514,16,1024,41,67,9,742,11
2514,16,1024,41,67,9,758,11
2514,16,1024,41,67,9,879,11
2514,16,1024,41,67,9,927,11
2514,16,1024,41,67,9,979,11
2514,16,1024,41,67,9,1003,11
2514,16,1024,41,67,9,1044,11
2514,16,1024,41,67,9,1068,11
2514,16,1024,41,67,9,1153,11
2514,16,1024,41,67,9,1186,11
2514,16,1024,41,67,9,1194,11
2514,16,1024,41,67,9,1259,11
2514,16,1024,41,67,9,1260,11
2514,16,1024,41,67,9,1312,11
2514,16,1024,41,67,9,1388,11
2514,16,1024,41,67,9,1391,11
2514,16,1024,41,67,9,1422,11
2514,16,1024,41,67,9,1556,11
2514,16,1024,41,67,9,1568,11
2514,16,1024,41,67,9,1599,11
2514,16,1024,41,67,9,1747,11
2514,16,1024,41,67,9,1773,11
2514,16,1024,41,67,9,1799,11
2514,16,1024,41,67,9,1818,11
2514,16,1024,41,67,9,1873,11
2514,16,1024,41,67,9,1940,11
2514,16,1024,41,67,9,1956,11
2514,16,1024,41,67,9,1997,11
2514,16,1024,41,67,9,2068,11
2514,16,1024,41,67,9,2079,11
2514,16,1024,41,67,9,2123,11
2514,16,1024,41,67,9,2196,11
2514,16,1024,41,67,9,2206,11
2514,16,1024,41,67,9,2216,11
2514,16,1024,41,67,9,2244,11
2514,16,1024,41,67,9,2259,11
2514,16,1024,41,67,9,2261,11
2514,16,1024,41,67,9,2289,11
2514,16,1024,41,67,9,2359,11
2514,16,1024,41,67,9,2370,11
2514,16,1024,41,67,9,2405,11
2514,16,1024,41,245,39,45,11
2514,16,1024,41,245,39,159,11
2514,16,1024,41,245,39,272,11
2514,16,1024,41,245,39,338,11
2514,16,1024,41,245,39,390,11
2514,16,1024,41,245,39,457,11
2514,16,1024,41,245,39,463,11
2514,16,1024,41,245,39,620,11
2514,16,1024,41,245,39,700,11
2514,16,1024,41,245,39,742,11
2514,16,1024,41,245,39,758,11
2514,16,1024,41,245,39,879,11
2514,16,1024,41,245,39,927,11
2514,16,1024,41,245,39,979,11
2514,16,1024,41,245,39,1003,11
2514,16,1024,41,245,39,1044,11
2514,16,1024,41,245,39,1068,11
2514,16,1024,41,245,39,1153,11
2514,16,1024,41,245,39,1186,11
2514,16,1024,41,245,39,1194,11
2514,16,1024,41,245,39,1259,11
2514,16,1024,41,245,39,1260,11
2514,16,1024,41,245,39,1312,11
2514,16,1024,41,245,39,1388,11
2514,16,1024,41,245,39,1391,11
2514,16,1024,41,245,39,1422,11
2514,16,1024,41,245,39,1556,11
2514,16,1024,41,245,39,1568,11
2514,16,1024,41,245,39,1599,11
2514,16,1024,41,245,39,1747,11
2514,16,1024,41,245,39,1773,11
2514,16,1024,41,245,39,1799,11
2514,16,1024,41,245,39,1818,11
2514,16,1024,41,245,39,1873,11
2514,16,1024,41,245,39,1940,11
2514,16,1024,41,245,39,1956,11
2514,16,1024,41,245,39,1997,11
2514,16,1024,41,245,39,2068,11
2514,16,1024,41,245,39,2079,11
2514,16,1024,41,245,39,2123,11
2514,16,1024,41,245,39,2196,11
2514,16,1024,41,245,39,2206,11
2514,16,1024,41,245,39,2216,11
2514,16,1024,41,245,39,2244,11
2514,16,1024,41,245,39,2259,11
2514,16,1024,41,245,39,2261,11
2514,16,1024,41,245,39,2289,11
2514,16,1024,41,245,39,2359,11
2514,16,1024,41,245,39,2370,11
2514,16,1024,41,245,39,2405,11
2514,16,1024,41,399,36,45,11
2514,16,1024,41,399,36,159,11
2514,16,1024,41,399,36,272,11
2514,16,1024,41,399,36,338,11
2514,16,1024,41,399,36,390,11
2514,16,1024,41,399,36,457,11
2514,16,1024,41,399,36,463,11
2514,16,1024,41,399,36,620,11
2514,16,1024,41,399,36,700,11
2514,16,1024,41,399,36,742,11
2514,16,1024,41,399,36,758,11
2514,16,1024,41,399,36,879,11
2514,16,1024,41,399,36,927,11
2514,16,1024,41,399,36,979,11
2514,16,1024,41,399,36,1003,11
2514,16,1024,41,399,36,1044,11
2514,16,1024,41,399,36,1068,11
2514,16,1024,41,399,36,1153,11
2514,16,1024,41,399,36,1186,11
2514,16,1024,41,399,36,1194,11
2514,16,1024,41,399,36,1259,11
2514,16,1024,41,399,36,1260,11
2514,16,1024,41,399,36,1312,11
2514,16,1024,41,399,36,1388,11
2514,16,1024,41,399,36,1391,11
2514,16,1024,41,399,36,1422,11
2514,16,1024,41,399,36,1556,11
2514,16,1024,41,399,36,1568,11
2514,16,1024,41,399,36,1599,11
2514,16,1024,41,399,36,1747,11
2514,16,1024,41,399,36,1773,11
2514,16,1024,41,399,36,1799,11
2514,16,1024,41,399,36,1818,11
2514,16,1024,41,399,36,1873,11
2514,16,1024,41,399,36,1940,11
2514,16,1024,41,399,36,1956,11
2514,16,1024,41,399,36,1997,11
2514,16,1024,41,399,36,2068,11
2514,16,1024,41,399,36,2079,11
2514,16,1024,41,399,36,2123,11
2514,16,1024,41,399,36,2196,11
2514,16,1024,41,399,36,2206,11
2514,16,1024,41,399,36,2216,11
2514,16,1024,41,399,36,2244,11
2514,16,1024,41,399,36,2259,11
2514,16,1024,41,399,36,2261,11
2514,16,1024,41,399,36,2289,11
2514,16,1024,41,399,36,2359,11
2514,16,1024,41,399,36,2370,11
2514,16,1024,41,399,36,2405,11
2514,16,1024,41,448,30,45,11
2514,16,1024,41,448,30,159,11
2514,16,1024,41,448,30,272,11
2514,16,1024,41,448,30,338,11
2514,16,1024,41,448,30,390,11
2514,16,1024,41,448,30,457,11
2514,16,1024,41,448,30,463,11
2514,16,1024,41,448,30,620,11
2514,16,1024,41,448,30,700,11
2514,16,1024,41,448,30,742,11
2514,16,1024,41,448,30,758,11
2514,16,1024,41,448,30,879,11
2514,16,1024,41,448,30,927,11
2514,16,1024,41,448,30,979,11
2514,16,1024,41,448,30,1003,11
2514,16,1024,41,448,30,1044,11
2514,16,1024,41,448,30,1068,11
2514,16,1024,41,448,30,1153,11
2514,16,1024,41,448,30,1186,11
2514,16,1024,41,448,30,1194,11
2514,16,1024,41,448,30,1259,11
2514,16,1024,41,448,30,1260,11
2514,16,1024,41,448,30,1312,11
2514,16,1024,41,448,30,1388,11
2514,16,1024,41,448,30,1391,11
2514,16,1024,41,448,30,1422,11
2514,16,1024,41,448,30,1556,11
2514,16,1024,41,448,30,1568,11
2514,16,1024,41,448,30,1599,11
2514,16,1024,41,448,30,1747,11
2514,16,1024,41,448,30,1773,11
2514,16,1024,41,448,30,1799,11
2514,16,1024,41,448,30,1818,11
2514,16,1024,41,448,30,1873,11
2514,16,1024,41,448,30,1940,11
2514,16,1024,41,448,30,1956,11
2514,16,1024,41,448,30,1997,11
2514,16,1024,41,448,30,2068,11
2514,16,1024,41,448,30,2079,11
2514,16,1024,41,448,30,2123,11
2514,16,1024,41,448,30,2196,11
2514,16,1024,41,448,30,2206,11
2514,16,1024,41,448,30,2216,11
2514,16,1024,41,448,30,2244,11
2514,16,1024,41,448,30,2259,11
2514,16,1024,41,448,30,2261,11
2514,16,1024,41,448,30,2289,11
2514,16,1024,41,448,30,2359,11
2514,16,1024,41,448,30,2370,11
2514,16,1024,41,448,30,2405,11
2514,16,1024,41,570,40,45,11
2514,16,1024,41,570,40,272,11
2514,16,1024,41,570,40,338,11
2514,16,1024,41,570,40,390,11
2514,16,1024,41,570,40,620,11
2514,16,1024,41,570,40,742,11
2514,16,1024,41,570,40,758,11
2514,16,1024,41,570,40,979,11
2514,16,1024,41,570,40,1044,11
2514,16,1024,41,570,40,1068,11
2514,16,1024,41,570,40,1186,11
2514,16,1024,41,570,40,1259,11
2514,16,1024,41,570,40,1260,11
2514,16,1024,41,570,40,1312,11
2514,16,1024,41,570,40,1391,11
2514,16,1024,41,570,40,1422,11
2514,16,1024,41,570,40,1747,11
2514,16,1024,41,570,40,1773,11
2514,16,1024,41,570,40,1799,11
2514,16,1024,41,570,40,1956,11
2514,16,1024,41,570,40,1997,11
2514,16,1024,41,570,40,2068,11
2514,16,1024,41,570,40,2079,11
2514,16,1024,41,570,40,2206,11
2514,16,1024,41,570,40,2244,11
2514,16,1024,41,570,40,2259,11
2514,16,1024,41,570,40,2261,11
2514,16,1024,41,570,40,2289,11
2514,16,1024,41,570,40,2359,11
2514,16,1024,41,570,40,2405,11
2514,16,1024,41,750,33,45,11
2514,16,1024,41,750,33,159,11
2514,16,1024,41,750,33,272,11
2514,16,1024,41,750,33,338,11
2514,16,1024,41,750,33,390,11
2514,16,1024,41,750,33,457,11
2514,16,1024,41,750,33,463,11
2514,16,1024,41,750,33,620,11
2514,16,1024,41,750,33,700,11
2514,16,1024,41,750,33,742,11
2514,16,1024,41,750,33,758,11
2514,16,1024,41,750,33,879,11
2514,16,1024,41,750,33,927,11
2514,16,1024,41,750,33,979,11
2514,16,1024,41,750,33,1003,11
2514,16,1024,41,750,33,1044,11
2514,16,1024,41,750,33,1068,11
2514,16,1024,41,750,33,1153,11
2514,16,1024,41,750,33,1186,11
2514,16,1024,41,750,33,1194,11
2514,16,1024,41,750,33,1259,11
2514,16,1024,41,750,33,1260,11
2514,16,1024,41,750,33,1312,11
2514,16,1024,41,750,33,1388,11
2514,16,1024,41,750,33,1391,11
2514,16,1024,41,750,33,1422,11
2514,16,1024,41,750,33,1556,11
2514,16,1024,41,750,33,1568,11
2514,16,1024,41,750,33,1599,11
2514,16,1024,41,750,33,1747,11
2514,16,1024,41,750,33,1773,11
2514,16,1024,41,750,33,1799,11
2514,16,1024,41,750,33,1818,11
2514,16,1024,41,750,33,1873,11
2514,16,1024,41,750,33,1940,11
2514,16,1024,41,750,33,1956,11
2514,16,1024,41,750,33,1997,11
2514,16,1024,41,750,33,2068,11
2514,16,1024,41,750,33,2079,11
2514,16,1024,41,750,33,2123,11
2514,16,1024,41,750,33,2196,11
2514,16,1024,41,750,33,2206,11
2514,16,1024,41,750,33,2216,11
2514,16,1024,41,750,33,2244,11
2514,16,1024,41,750,33,2259,11
2514,16,1024,41,750,33,2261,11
2514,16,1024,41,750,33,2289,11
2514,16,1024,41,750,33,2359,11
2514,16,1024,41,750,33,2370,11
2514,16,1024,41,750,33,2405,11
2514,16,1024,41,873,49,45,11
2514,16,1024,41,873,49,159,11
2514,16,1024,41,873,49,272,11
2514,16,1024,41,873,49,338,11
2514,16,1024,41,873,49,390,11
2514,16,1024,41,873,49,457,11
2514,16,1024,41,873,49,463,11
2514,16,1024,41,873,49,620,11
2514,16,1024,41,873,49,700,11
2514,16,1024,41,873,49,742,11
2514,16,1024,41,873,49,758,11
2514,16,1024,41,873,49,879,11
2514,16,1024,41,873,49,927,11
2514,16,1024,41,873,49,979,11
2514,16,1024,41,873,49,1003,11
2514,16,1024,41,873,49,1044,11
2514,16,1024,41,873,49,1068,11
2514,16,1024,41,873,49,1153,11
2514,16,1024,41,873,49,1186,11
2514,16,1024,41,873,49,1194,11
2514,16,1024,41,873,49,1259,11
2514,16,1024,41,873,49,1260,11
2514,16,1024,41,873,49,1312,11
2514,16,1024,41,873,49,1388,11
2514,16,1024,41,873,49,1391,11
2514,16,1024,41,873,49,1422,11
2514,16,1024,41,873,49,1556,11
2514,16,1024,41,873,49,1568,11
2514,16,1024,41,873,49,1599,11
2514,16,1024,41,873,49,1747,11
2514,16,1024,41,873,49,1773,11
2514,16,1024,41,873,49,1799,11
2514,16,1024,41,873,49,1818,11
2514,16,1024,41,873,49,1873,11
2514,16,1024,41,873,49,1940,11
2514,16,1024,41,873,49,1956,11
2514,16,1024,41,873,49,1997,11
2514,16,1024,41,873,49,2068,11
2514,16,1024,41,873,49,2079,11
2514,16,1024,41,873,49,2123,11
2514,16,1024,41,873,49,2196,11
2514,16,1024,41,873,49,2206,11
2514,16,1024,41,873,49,2216,11
2514,16,1024,41,873,49,2244,11
2514,16,1024,41,873,49,2259,11
2514,16,1024,41,873,49,2261,11
2514,16,1024,41,873,49,2289,11
2514,16,1024,41,873,49,2359,11
2514,16,1024,41,873,49,2370,11
2514,16,1024,41,873,49,2405,11
2514,16,1024,41,915,33,45,11
2514,16,1024,41,915,33,159,11
2514,16,1024,41,915,33,272,11
2514,16,1024,41,915,33,338,11
2514,16,1024,41,915,33,390,11
2514,16,1024,41,915,33,457,11
2514,16,1024,41,915,33,463,11
2514,16,1024,41,915,33,620,11
2514,16,1024,41,915,33,700,11
2514,16,1024,41,915,33,742,11
2514,16,1024,41,915,33,758,11
2514,16,1024,41,915,33,879,11
2514,16,1024,41,915,33,927,11
2514,16,1024,41,915,33,979,11
2514,16,1024,41,915,33,1003,11
2514,16,1024,41,915,33,1044,11
2514,16,1024,41,915,33,1068,11
2514,16,1024,41,915,33,1153,11
2514,16,1024,41,915,33,1186,11
2514,16,1024,41,915,33,1194,11
2514,16,1024,41,915,33,1259,11
2514,16,1024,41,915,33,1260,11
2514,16,1024,41,915,33,1312,11
2514,16,1024,41,915,33,1388,11
2514,16,1024,41,915,33,1391,11
2514,16,1024,41,915,33,1422,11
2514,16,1024,41,915,33,1556,11
2514,16,1024,41,915,33,1568,11
2514,16,1024,41,915,33,1599,11
2514,16,1024,41,915,33,1747,11
2514,16,1024,41,915,33,1773,11
2514,16,1024,41,915,33,1799,11
2514,16,1024,41,915,33,1818,11
2514,16,1024,41,915,33,1873,11
2514,16,1024,41,915,33,1940,11
2514,16,1024,41,915,33,1956,11
2514,16,1024,41,915,33,1997,11
2514,16,1024,41,915,33,2068,11
2514,16,1024,41,915,33,2079,11
2514,16,1024,41,915,33,2123,11
2514,16,1024,41,915,33,2196,11
2514,16,1024,41,915,33,2206,11
2514,16,1024,41,915,33,2216,11
2514,16,1024,41,915,33,2244,11
2514,16,1024,41,915,33,2259,11
2514,16,1024,41,915,33,2261,11
2514,16,1024,41,915,33,2289,11
2514,16,1024,41,915,33,2359,11
2514,16,1024,41,915,33,2370,11
2514,16,1024,41,915,33,2405,11
2514,16,1024,41,1107,19,45,11
2514,16,1024,41,1107,19,159,11
2514,16,1024,41,1107,19,272,11
2514,16,1024,41,1107,19,338,11
2514,16,1024,41,1107,19,390,11
2514,16,1024,41,1107,19,457,11
2514,16,1024,41,1107,19,463,11
2514,16,1024,41,1107,19,620,11
2514,16,1024,41,1107,19,700,11
2514,16,1024,41,1107,19,742,11
2514,16,1024,41,1107,19,758,11
2514,16,1024,41,1107,19,879,11
2514,16,1024,41,1107,19,927,11
2514,16,1024,41,1107,19,979,11
2514,16,1024,41,1107,19,1003,11
2514,16,1024,41,1107,19,1044,11
2514,16,1024,41,1107,19,1068,11
2514,16,1024,41,1107,19,1153,11
2514,16,1024,41,1107,19,1186,11
2514,16,1024,41,1107,19,1194,11
2514,16,1024,41,1107,19,1259,11
2514,16,1024,41,1107,19,1260,11
2514,16,1024,41,1107,19,1312,11
2514,16,1024,41,1107,19,1388,11
2514,16,1024,41,1107,19,1391,11
2514,16,1024,41,1107,19,1422,11
2514,16,1024,41,1107,19,1556,11
2514,16,1024,41,1107,19,1568,11
2514,16,1024,41,1107,19,1599,11
2514,16,1024,41,1107,19,1747,11
2514,16,1024,41,1107,19,1773,11
2514,16,1024,41,1107,19,1799,11
2514,16,1024,41,1107,19,1818,11
2514,16,1024,41,1107,19,1873,11
2514,16,1024,41,1107,19,1940,11
2514,16,1024,41,1107,19,1956,11
2514,16,1024,41,1107,19,1997,11
2514,16,1024,41,1107,19,2068,11
2514,16,1024,41,1107,19,2079,11
2514,16,1024,41,1107,19,2123,11
2514,16,1024,41,1107,19,2196,11
2514,16,1024,41,1107,19,2206,11
2514,16,1024,41,1107,19,2216,11
2514,16,1024,41,1107,19,2244,11
2514,16,1024,41,1107,19,2259,11
2514,16,1024,41,1107,19,2261,11
2514,16,1024,41,1107,19,2289,11
2514,16,1024,41,1107,19,2359,11
2514,16,1024,41,1107,19,2370,11
2514,16,1024,41,1107,19,2405,11
2514,16,1024,41,1318,33,457,11
2514,16,1024,41,1318,33,700,11
2514,16,1024,41,1318,33,927,11
2514,16,1024,41,1318,33,1003,11
2514,16,1024,41,1318,33,1153,11
2514,16,1024,41,1318,33,1194,11
2514,16,1024,41,1318,33,1568,11
2514,16,1024,41,1318,33,1599,11
2514,16,1024,41,1318,33,1818,11
2514,16,1024,41,1318,33,1940,11
2514,16,1024,41,1389,23,45,11
2514,16,1024,41,1389,23,159,11
2514,16,1024,41,1389,23,272,11
2514,16,1024,41,1389,23,338,11
2514,16,1024,41,1389,23,390,11
2514,16,1024,41,1389,23,457,11
2514,16,1024,41,1389,23,463,11
2514,16,1024,41,1389,23,620,11
2514,16,1024,41,1389,23,700,11
2514,16,1024,41,1389,23,742,11
2514,16,1024,41,1389,23,758,11
2514,16,1024,41,1389,23,879,11
2514,16,1024,41,1389,23,927,11
2514,16,1024,41,1389,23,979,11
2514,16,1024,41,1389,23,1003,11
2514,16,1024,41,1389,23,1044,11
2514,16,1024,41,1389,23,1068,11
2514,16,1024,41,1389,23,1153,11
2514,16,1024,41,1389,23,1186,11
2514,16,1024,41,1389,23,1194,11
2514,16,1024,41,1389,23,1259,11
2514,16,1024,41,1389,23,1260,11
2514,16,1024,41,1389,23,1312,11
2514,16,1024,41,1389,23,1388,11
2514,16,1024,41,1389,23,1391,11
2514,16,1024,41,1389,23,1422,11
2514,16,1024,41,1389,23,1556,11
2514,16,1024,41,1389,23,1568,11
2514,16,1024,41,1389,23,1599,11
2514,16,1024,41,1389,23,1747,11
2514,16,1024,41,1389,23,1773,11
2514,16,1024,41,1389,23,1799,11
2514,16,1024,41,1389,23,1818,11
2514,16,1024,41,1389,23,1873,11
2514,16,1024,41,1389,23,1940,11
2514,16,1024,41,1389,23,1956,11
2514,16,1024,41,1389,23,1997,11
2514,16,1024,41,1389,23,2068,11
2514,16,1024,41,1389,23,2079,11
2514,16,1024,41,1389,23,2123,11
2514,16,1024,41,1389,23,2196,11
2514,16,1024,41,1389,23,2206,11
2514,16,1024,41,1389,23,2216,11
2514,16,1024,41,1389,23,2244,11
2514,16,1024,41,1389,23,2259,11
2514,16,1024,41,1389,23,2261,11
2514,16,1024,41,1389,23,2289,11
2514,16,1024,41,1389,23,2359,11
2514,16,1024,41,1389,23,2370,11
2514,16,1024,41,1389,23,2405,11
2514,16,1024,41,1463,30,45,11
2514,16,1024,41,1463,30,159,11
2514,16,1024,41,1463,30,272,11
2514,16,1024,41,1463,30,338,11
2514,16,1024,41,1463,30,390,11
2514,16,1024,41,1463,30,457,11
2514,16,1024,41,1463,30,463,11
2514,16,1024,41,1463,30,620,11
2514,16,1024,41,1463,30,700,11
2514,16,1024,41,1463,30,742,11
2514,16,1024,41,1463,30,758,11
2514,16,1024,41,1463,30,879,11
2514,16,1024,41,1463,30,927,11
2514,16,1024,41,1463,30,979,11
2514,16,1024,41,1463,30,1003,11
2514,16,1024,41,1463,30,1044,11
2514,16,1024,41,1463,30,1068,11
2514,16,1024,41,1463,30,1153,11
2514,16,1024,41,1463,30,1186,11
2514,16,1024,41,1463,30,1194,11
2514,16,1024,41,1463,30,1259,11
2514,16,1024,41,1463,30,1260,11
2514,16,1024,41,1463,30,1312,11
2514,16,1024,41,1463,30,1388,11
2514,16,1024,41,1463,30,1391,11
2514,16,1024,41,1463,30,1422,11
2514,16,1024,41,1463,30,1556,11
2514,16,1024,41,1463,30,1568,11
2514,16,1024,41,1463,30,1599,11
2514,16,1024,41,1463,30,1747,11
2514,16,1024,41,1463,30,1773,11
2514,16,1024,41,1463,30,1799,11
2514,16,1024,41,1463,30,1818,11
2514,16,1024,41,1463,30,1873,11
2514,16,1024,41,1463,30,1940,11
2514,16,1024,41,1463,30,1956,11
2514,16,1024,41,1463,30,1997,11
2514,16,1024,41,1463,30,2068,11
2514,16,1024,41,1463,30,2079,11
2514,16,1024,41,1463,30,2123,11
2514,16,1024,41,1463,30,2196,11
2514,16,1024,41,1463,30,2206,11
2514,16,1024,41,1463,30,2216,11
2514,16,1024,41,1463,30,2244,11
2514,16,1024,41,1463,30,2259,11
2514,16,1024,41,1463,30,2261,11
2514,16,1024,41,1463,30,2289,11
2514,16,1024,41,1463,30,2359,11
2514,16,1024,41,1463,30,2370,11
2514,16,1024,41,1463,30,2405,11
2514,16,1024,41,1614,13,45,11
2514,16,1024,41,1614,13,159,11
2514,16,1024,41,1614,13,272,11
2514,16,1024,41,1614,13,338,11
2514,16,1024,41,1614,13,390,11
2514,16,1024,41,1614,13,457,11
2514,16,1024,41,1614,13,463,11
2514,16,1024,41,1614,13,620,11
2514,16,1024,41,1614,13,700,11
2514,16,1024,41,1614,13,742,11
2514,16,1024,41,1614,13,758,11
2514,16,1024,41,1614,13,879,11
2514,16,1024,41,1614,13,927,11
2514,16,1024,41,1614,13,979,11
2514,16,1024,41,1614,13,1003,11
2514,16,1024,41,1614,13,1044,11
2514,16,1024,41,1614,13,1068,11
2514,16,1024,41,1614,13,1153,11
2514,16,1024,41,1614,13,1186,11
2514,16,1024,41,1614,13,1194,11
2514,16,1024,41,1614,13,1259,11
2514,16,1024,41,1614,13,1260,11
2514,16,1024,41,1614,13,1312,11
2514,16,1024,41,1614,13,1388,11
2514,16,1024,41,1614,13,1391,11
2514,16,1024,41,1614,13,1422,11
2514,16,1024,41,1614,13,1556,11
2514,16,1024,41,1614,13,1568,11
2514,16,1024,41,1614,13,1599,11
2514,16,1024,41,1614,13,1747,11
2514,16,1024,41,1614,13,1773,11
2514,16,1024,41,1614,13,1799,11
2514,16,1024,41,1614,13,1818,11
2514,16,1024,41,1614,13,1873,11
2514,16,1024,41,1614,13,1940,11
2514,16,1024,41,1614,13,1956,11
2514,16,1024,41,1614,13,1997,11
2514,16,1024,41,1614,13,2068,11
2514,16,1024,41,1614,13,2079,11
2514,16,1024,41,1614,13,2123,11
2514,16,1024,41,1614,13,2196,11
2514,16,1024,41,1614,13,2206,11
2514,16,1024,41,1614,13,2216,11
2514,16,1024,41,1614,13,2244,11
2514,16,1024,41,1614,13,2259,11
2514,16,1024,41,1614,13,2261,11
2514,16,1024,41,1614,13,2289,11
2514,16,1024,41,1614,13,2359,11
2514,16,1024,41,1614,13,2370,11
2514,16,1024,41,1614,13,2405,11
2514,16,1024,41,1760,47,45,11
2514,16,1024,41,1760,47,159,11
2514,16,1024,41,1760,47,272,11
2514,16,1024,41,1760,47,338,11
2514,16,1024,41,1760,47,390,11
2514,16,1024,41,1760,47,457,11
2514,16,1024,41,1760,47,463,11
2514,16,1024,41,1760,47,620,11
2514,16,1024,41,1760,47,700,11
2514,16,1024,41,1760,47,742,11
2514,16,1024,41,1760,47,758,11
2514,16,1024,41,1760,47,879,11
2514,16,1024,41,1760,47,927,11
2514,16,1024,41,1760,47,979,11
2514,16,1024,41,1760,47,1003,11
2514,16,1024,41,1760,47,1044,11
2514,16,1024,41,1760,47,1068,11
2514,16,1024,41,1760,47,1153,11
2514,16,1024,41,1760,47,1186,11
2514,16,1024,41,1760,47,1194,11
2514,16,1024,41,1760,47,1259,11
2514,16,1024,41,1760,47,1260,11
2514,16,1024,41,1760,47,1312,11
2514,16,1024,41,1760,47,1388,11
2514,16,1024,41,1760,47,1391,11
2514,16,1024,41,1760,47,1422,11
2514,16,1024,41,1760,47,1556,11
2514,16,1024,41,1760,47,1568,11
2514,16,1024,41,1760,47,1599,11
2514,16,1024,41,1760,47,1747,11
2514,16,1024,41,1760,47,1773,11
2514,16,1024,41,1760,47,1799,11
2514,16,1024,41,1760,47,1818,11
2514,16,1024,41,1760,47,1873,11
2514,16,1024,41,1760,47,1940,11
2514,16,1024,41,1760,47,1956,11
2514,16,1024,41,1760,47,1997,11
2514,16,1024,41,1760,47,2068,11
2514,16,1024,41,1760,47,2079,11
2514,16,1024,41,1760,47,2123,11
2514,16,1024,41,1760,47,2196,11
2514,16,1024,41,1760,47,2206,11
2514,16,1024,41,1760,47,2216,11
2514,16,1024,41,1760,47,2244,11
2514,16,1024,41,1760,47,2259,11
2514,16,1024,41,1760,47,2261,11
2514,16,1024,41,1760,47,2289,11
2514,16,1024,41,1760,47,2359,11
2514,16,1024,41,1760,47,2370,11
2514,16,1024,41,1760,47,2405,11
