2514,16,1047,4,48,32,45,11
2514,16,1047,4,48,32,159,11
2514,16,1047,4,48,32,272,11
2514,16,1047,4,48,32,338,11
2514,16,1047,4,48,32,390,11
2514,16,1047,4,48,32,457,11
2514,16,1047,4,48,32,463,11
2514,16,1047,4,48,32,620,11
2514,16,1047,4,48,32,700,11
2514,16,1047,4,48,32,742,11
2514,16,1047,4,48,32,758,11
2514,16,1047,4,48,32,879,11
2514,16,1047,4,48,32,927,11
2514,16,1047,4,48,32,979,11
2514,16,1047,4,48,32,1003,11
2514,16,1047,4,48,32,1044,11
2514,16,1047,4,48,32,1068,11
2514,16,1047,4,48,32,1153,11
2514,16,1047,4,48,32,1186,11
2514,16,1047,4,48,32,1194,11
2514,16,1047,4,48,32,1259,11
2514,16,1047,4,48,32,1260,11
2514,16,1047,4,48,32,1312,11
2514,16,1047,4,48,32,1388,11
2514,16,1047,4,48,32,1391,11
2514,16,1047,4,48,32,1422,11
2514,16,1047,4,48,32,1556,11
2514,16,1047,4,48,32,1568,11
2514,16,1047,4,48,32,1599,11
2514,16,1047,4,48,32,1747,11
2514,16,1047,4,48,32,1773,11
2514,16,1047,4,48,32,1799,11
2514,16,1047,4,48,32,1818,11
2514,16,1047,4,48,32,1873,11
2514,16,1047,4,48,32,1940,11
2514,16,1047,4,48,32,1956,11
2514,16,1047,4,48,32,1997,11
2514,16,1047,4,48,32,2068,11
2514,16,1047,4,48,32,2079,11
2514,16,1047,4,48,32,2123,11
2514,16,1047,4,48,32,2196,11
2514,16,1047,4,48,32,2206,11
2514,16,1047,4,48,32,2216,11
2514,16,1047,4,48,32,2244,11
2514,16,1047,4,48,32,2259,11
2514,16,1047,4,48,32,2261,11
2514,16,1047,4,48,32,2289,11
2514,16,1047,4,48,32,2359,11
2514,16,1047,4,48,32,2370,11
2514,16,1047,4,48,32,2405,11
2514,16,1047,4,791,19,45,11
2514,16,1047,4,791,19,159,11
2514,16,1047,4,791,19,272,11
2514,16,1047,4,791,19,338,11
2514,16,1047,4,791,19,390,11
2514,16,1047,4,791,19,457,11
2514,16,1047,4,791,19,463,11
2514,16,1047,4,791,19,620,11
2514,16,1047,4,791,19,700,11
2514,16,1047,4,791,19,742,11
2514,16,1047,4,791,19,758,11
2514,16,1047,4,791,19,879,11
2514,16,1047,4,791,19,927,11
2514,16,1047,4,791,19,979,11
2514,16,1047,4,791,19,1003,11
2514,16,1047,4,791,19,1044,11
2514,16,1047,4,791,19,1068,11
2514,16,1047,4,791,19,1153,11
2514,16,1047,4,791,19,1186,11
2514,16,1047,4,791,19,1194,11
2514,16,1047,4,791,19,1259,11
2514,16,1047,4,791,19,1260,11
2514,16,1047,4,791,19,1312,11
2514,16,1047,4,791,19,1388,11
2514,16,1047,4,791,19,1391,11
2514,16,1047,4,791,19,1422,11
2514,16,1047,4,791,19,1556,11
2514,16,1047,4,791,19,1568,11
2514,16,1047,4,791,19,1599,11
2514,16,1047,4,791,19,1747,11
2514,16,1047,4,791,19,1773,11
2514,16,1047,4,791,19,1799,11
2514,16,1047,4,791,19,1818,11
2514,16,1047,4,791,19,1873,11
2514,16,1047,4,791,19,1940,11
2514,16,1047,4,791,19,1956,11
2514,16,1047,4,791,19,1997,11
2514,16,1047,4,791,19,2068,11
2514,16,1047,4,791,19,2079,11
2514,16,1047,4,791,19,2123,11
2514,16,1047,4,791,19,2196,11
2514,16,1047,4,791,19,2206,11
2514,16,1047,4,791,19,2216,11
2514,16,1047,4,791,19,2244,11
2514,16,1047,4,791,19,2259,11
2514,16,1047,4,791,19,2261,11
2514,16,1047,4,791,19,2289,11
2514,16,1047,4,791,19,2359,11
2514,16,1047,4,791,19,2370,11
2514,16,1047,4,791,19,2405,11
2514,16,1047,4,835,40,45,11
2514,16,1047,4,835,40,159,11
2514,16,1047,4,835,40,272,11
2514,16,1047,4,835,40,338,11
2514,16,1047,4,835,40,390,11
2514,16,1047,4,835,40,457,11
2514,16,1047,4,835,40,463,11
2514,16,1047,4,835,40,620,11
2514,16,1047,4,835,40,700,11
2514,16,1047,4,835,40,742,11
2514,16,1047,4,835,40,758,11
2514,16,1047,4,835,40,879,11
2514,16,1047,4,835,40,927,11
2514,16,1047,4,835,40,979,11
2514,16,1047,4,835,40,1003,11
2514,16,1047,4,835,40,1044,11
2514,16,1047,4,835,40,1068,11
2514,16,1047,4,835,40,1153,11
2514,16,1047,4,835,40,1186,11
2514,16,1047,4,835,40,1194,11
2514,16,1047,4,835,40,1259,11
2514,16,1047,4,835,40,1260,11
2514,16,1047,4,835,40,1312,11
2514,16,1047,4,835,40,1388,11
2514,16,1047,4,835,40,1391,11
2514,16,1047,4,835,40,1422,11
2514,16,1047,4,835,40,1556,11
2514,16,1047,4,835,40,1568,11
2514,16,1047,4,835,40,1599,11
2514,16,1047,4,835,40,1747,11
2514,16,1047,4,835,40,1773,11
2514,16,1047,4,835,40,1799,11
2514,16,1047,4,835,40,1818,11
2514,16,1047,4,835,40,1873,11
2514,16,1047,4,835,40,1940,11
2514,16,1047,4,835,40,1956,11
2514,16,1047,4,835,40,1997,11
2514,16,1047,4,835,40,2068,11
2514,16,1047,4,835,40,2079,11
2514,16,1047,4,835,40,2123,11
2514,16,1047,4,835,40,2196,11
2514,16,1047,4,835,40,2206,11
2514,16,1047,4,835,40,2216,11
2514,16,1047,4,835,40,2244,11
2514,16,1047,4,835,40,2259,11
2514,16,1047,4,835,40,2261,11
2514,16,1047,4,835,40,2289,11
2514,16,1047,4,835,40,2359,11
2514,16,1047,4,835,40,2370,11
2514,16,1047,4,835,40,2405,11
2514,16,1047,4,951,9,45,11
2514,16,1047,4,951,9,159,11
2514,16,1047,4,951,9,272,11
2514,16,1047,4,951,9,338,11
2514,16,1047,4,951,9,390,11
2514,16,1047,4,951,9,457,11
2514,16,1047,4,951,9,463,11
2514,16,1047,4,951,9,620,11
2514,16,1047,4,951,9,700,11
2514,16,1047,4,951,9,742,11
2514,16,1047,4,951,9,758,11
2514,16,1047,4,951,9,879,11
2514,16,1047,4,951,9,927,11
2514,16,1047,4,951,9,979,11
2514,16,1047,4,951,9,1003,11
2514,16,1047,4,951,9,1044,11
2514,16,1047,4,951,9,1068,11
2514,16,1047,4,951,9,1153,11
2514,16,1047,4,951,9,1186,11
2514,16,1047,4,951,9,1194,11
2514,16,1047,4,951,9,1259,11
2514,16,1047,4,951,9,1260,11
2514,16,1047,4,951,9,1312,11
2514,16,1047,4,951,9,1388,11
2514,16,1047,4,951,9,1391,11
2514,16,1047,4,951,9,1422,11
2514,16,1047,4,951,9,1556,11
2514,16,1047,4,951,9,1568,11
2514,16,1047,4,951,9,1599,11
2514,16,1047,4,951,9,1747,11
2514,16,1047,4,951,9,1773,11
2514,16,1047,4,951,9,1799,11
2514,16,1047,4,951,9,1818,11
2514,16,1047,4,951,9,1873,11
2514,16,1047,4,951,9,1940,11
2514,16,1047,4,951,9,1956,11
2514,16,1047,4,951,9,1997,11
2514,16,1047,4,951,9,2068,11
2514,16,1047,4,951,9,2079,11
2514,16,1047,4,951,9,2123,11
2514,16,1047,4,951,9,2196,11
2514,16,1047,4,951,9,2206,11
2514,16,1047,4,951,9,2216,11
2514,16,1047,4,951,9,2244,11
2514,16,1047,4,951,9,2259,11
2514,16,1047,4,951,9,2261,11
2514,16,1047,4,951,9,2289,11
2514,16,1047,4,951,9,2359,11
2514,16,1047,4,951,9,2370,11
2514,16,1047,4,951,9,2405,11
2514,16,1047,4,1245,17,45,11
2514,16,1047,4,1245,17,159,11
2514,16,1047,4,1245,17,272,11
2514,16,1047,4,1245,17,338,11
2514,16,1047,4,1245,17,390,11
2514,16,1047,4,1245,17,457,11
2514,16,1047,4,1245,17,463,11
2514,16,1047,4,1245,17,620,11
2514,16,1047,4,1245,17,700,11
2514,16,1047,4,1245,17,742,11
2514,16,1047,4,1245,17,758,11
2514,16,1047,4,1245,17,879,11
2514,16,1047,4,1245,17,927,11
2514,16,1047,4,1245,17,979,11
2514,16,1047,4,1245,17,1003,11
2514,16,1047,4,1245,17,1044,11
2514,16,1047,4,1245,17,1068,11
2514,16,1047,4,1245,17,1153,11
2514,16,1047,4,1245,17,1186,11
2514,16,1047,4,1245,17,1194,11
2514,16,1047,4,1245,17,1259,11
2514,16,1047,4,1245,17,1260,11
2514,16,1047,4,1245,17,1312,11
2514,16,1047,4,1245,17,1388,11
2514,16,1047,4,1245,17,1391,11
2514,16,1047,4,1245,17,1422,11
2514,16,1047,4,1245,17,1556,11
2514,16,1047,4,1245,17,1568,11
2514,16,1047,4,1245,17,1599,11
2514,16,1047,4,1245,17,1747,11
2514,16,1047,4,1245,17,1773,11
2514,16,1047,4,1245,17,1799,11
2514,16,1047,4,1245,17,1818,11
2514,16,1047,4,1245,17,1873,11
2514,16,1047,4,1245,17,1940,11
2514,16,1047,4,1245,17,1956,11
2514,16,1047,4,1245,17,1997,11
2514,16,1047,4,1245,17,2068,11
2514,16,1047,4,1245,17,2079,11
2514,16,1047,4,1245,17,2123,11
2514,16,1047,4,1245,17,2196,11
2514,16,1047,4,1245,17,2206,11
2514,16,1047,4,1245,17,2216,11
2514,16,1047,4,1245,17,2244,11
2514,16,1047,4,1245,17,2259,11
2514,16,1047,4,1245,17,2261,11
2514,16,1047,4,1245,17,2289,11
2514,16,1047,4,1245,17,2359,11
2514,16,1047,4,1245,17,2370,11
2514,16,1047,4,1245,17,2405,11
2514,16,1047,4,1269,26,45,11
2514,16,1047,4,1269,26,159,11
2514,16,1047,4,1269,26,272,11
2514,16,1047,4,1269,26,338,11
2514,16,1047,4,1269,26,390,11
2514,16,1047,4,1269,26,457,11
2514,16,1047,4,1269,26,463,11
2514,16,1047,4,1269,26,620,11
2514,16,1047,4,1269,26,700,11
2514,16,1047,4,1269,26,742,11
2514,16,1047,4,1269,26,758,11
2514,16,1047,4,1269,26,879,11
2514,16,1047,4,1269,26,927,11
2514,16,1047,4,1269,26,979,11
2514,16,1047,4,1269,26,1003,11
2514,16,1047,4,1269,26,1044,11
2514,16,1047,4,1269,26,1068,11
2514,16,1047,4,1269,26,1153,11
2514,16,1047,4,1269,26,1186,11
2514,16,1047,4,1269,26,1194,11
2514,16,1047,4,1269,26,1259,11
2514,16,1047,4,1269,26,1260,11
2514,16,1047,4,1269,26,1312,11
2514,16,1047,4,1269,26,1388,11
2514,16,1047,4,1269,26,1391,11
2514,16,1047,4,1269,26,1422,11
2514,16,1047,4,1269,26,1556,11
2514,16,1047,4,1269,26,1568,11
2514,16,1047,4,1269,26,1599,11
2514,16,1047,4,1269,26,1747,11
2514,16,1047,4,1269,26,1773,11
2514,16,1047,4,1269,26,1799,11
2514,16,1047,4,1269,26,1818,11
2514,16,1047,4,1269,26,1873,11
2514,16,1047,4,1269,26,1940,11
2514,16,1047,4,1269,26,1956,11
2514,16,1047,4,1269,26,1997,11
2514,16,1047,4,1269,26,2068,11
2514,16,1047,4,1269,26,2079,11
2514,16,1047,4,1269,26,2123,11
2514,16,1047,4,1269,26,2196,11
2514,16,1047,4,1269,26,2206,11
2514,16,1047,4,1269,26,2216,11
2514,16,1047,4,1269,26,2244,11
2514,16,1047,4,1269,26,2259,11
2514,16,1047,4,1269,26,2261,11
2514,16,1047,4,1269,26,2289,11
2514,16,1047,4,1269,26,2359,11
2514,16,1047,4,1269,26,2370,11
2514,16,1047,4,1269,26,2405,11
2514,16,1047,4,1298,27,45,11
2514,16,1047,4,1298,27,159,11
2514,16,1047,4,1298,27,272,11
2514,16,1047,4,1298,27,338,11
2514,16,1047,4,1298,27,390,11
2514,16,1047,4,1298,27,457,11
2514,16,1047,4,1298,27,463,11
2514,16,1047,4,1298,27,620,11
2514,16,1047,4,1298,27,700,11
2514,16,1047,4,1298,27,742,11
2514,16,1047,4,1298,27,758,11
2514,16,1047,4,1298,27,879,11
2514,16,1047,4,1298,27,927,11
2514,16,1047,4,1298,27,979,11
2514,16,1047,4,1298,27,1003,11
2514,16,1047,4,1298,27,1044,11
2514,16,1047,4,1298,27,1068,11
2514,16,1047,4,1298,27,1153,11
2514,16,1047,4,1298,27,1186,11
2514,16,1047,4,1298,27,1194,11
2514,16,1047,4,1298,27,1259,11
2514,16,1047,4,1298,27,1260,11
2514,16,1047,4,1298,27,1312,11
2514,16,1047,4,1298,27,1388,11
2514,16,1047,4,1298,27,1391,11
2514,16,1047,4,1298,27,1422,11
2514,16,1047,4,1298,27,1556,11
2514,16,1047,4,1298,27,1568,11
2514,16,1047,4,1298,27,1599,11
2514,16,1047,4,1298,27,1747,11
2514,16,1047,4,1298,27,1773,11
2514,16,1047,4,1298,27,1799,11
2514,16,1047,4,1298,27,1818,11
2514,16,1047,4,1298,27,1873,11
2514,16,1047,4,1298,27,1940,11
2514,16,1047,4,1298,27,1956,11
2514,16,1047,4,1298,27,1997,11
2514,16,1047,4,1298,27,2068,11
2514,16,1047,4,1298,27,2079,11
2514,16,1047,4,1298,27,2123,11
2514,16,1047,4,1298,27,2196,11
2514,16,1047,4,1298,27,2206,11
2514,16,1047,4,1298,27,2216,11
2514,16,1047,4,1298,27,2244,11
2514,16,1047,4,1298,27,2259,11
2514,16,1047,4,1298,27,2261,11
2514,16,1047,4,1298,27,2289,11
2514,16,1047,4,1298,27,2359,11
2514,16,1047,4,1298,27,2370,11
2514,16,1047,4,1298,27,2405,11
2514,16,1047,4,1420,46,45,11
2514,16,1047,4,1420,46,159,11
2514,16,1047,4,1420,46,272,11
2514,16,1047,4,1420,46,338,11
2514,16,1047,4,1420,46,390,11
2514,16,1047,4,1420,46,457,11
2514,16,1047,4,1420,46,463,11
2514,16,1047,4,1420,46,620,11
2514,16,1047,4,1420,46,700,11
2514,16,1047,4,1420,46,742,11
2514,16,1047,4,1420,46,758,11
2514,16,1047,4,1420,46,879,11
2514,16,1047,4,1420,46,927,11
2514,16,1047,4,1420,46,979,11
2514,16,1047,4,1420,46,1003,11
2514,16,1047,4,1420,46,1044,11
2514,16,1047,4,1420,46,1068,11
2514,16,1047,4,1420,46,1153,11
2514,16,1047,4,1420,46,1186,11
2514,16,1047,4,1420,46,1194,11
2514,16,1047,4,1420,46,1259,11
2514,16,1047,4,1420,46,1260,11
2514,16,1047,4,1420,46,1312,11
2514,16,1047,4,1420,46,1388,11
2514,16,1047,4,1420,46,1391,11
2514,16,1047,4,1420,46,1422,11
2514,16,1047,4,1420,46,1556,11
2514,16,1047,4,1420,46,1568,11
2514,16,1047,4,1420,46,1599,11
2514,16,1047,4,1420,46,1747,11
2514,16,1047,4,1420,46,1773,11
2514,16,1047,4,1420,46,1799,11
2514,16,1047,4,1420,46,1818,11
2514,16,1047,4,1420,46,1873,11
2514,16,1047,4,1420,46,1940,11
2514,16,1047,4,1420,46,1956,11
2514,16,1047,4,1420,46,1997,11
2514,16,1047,4,1420,46,2068,11
2514,16,1047,4,1420,46,2079,11
2514,16,1047,4,1420,46,2123,11
2514,16,1047,4,1420,46,2196,11
2514,16,1047,4,1420,46,2206,11
2514,16,1047,4,1420,46,2216,11
2514,16,1047,4,1420,46,2244,11
2514,16,1047,4,1420,46,2259,11
2514,16,1047,4,1420,46,2261,11
2514,16,1047,4,1420,46,2289,11
2514,16,1047,4,1420,46,2359,11
2514,16,1047,4,1420,46,2370,11
2514,16,1047,4,1420,46,2405,11
2514,16,1047,4,1536,28,45,11
2514,16,1047,4,1536,28,159,11
2514,16,1047,4,1536,28,272,11
2514,16,1047,4,1536,28,338,11
2514,16,1047,4,1536,28,390,11
2514,16,1047,4,1536,28,457,11
2514,16,1047,4,1536,28,463,11
2514,16,1047,4,1536,28,620,11
2514,16,1047,4,1536,28,700,11
2514,16,1047,4,1536,28,742,11
2514,16,1047,4,1536,28,758,11
2514,16,1047,4,1536,28,879,11
2514,16,1047,4,1536,28,927,11
2514,16,1047,4,1536,28,979,11
2514,16,1047,4,1536,28,1003,11
2514,16,1047,4,1536,28,1044,11
2514,16,1047,4,1536,28,1068,11
2514,16,1047,4,1536,28,1153,11
2514,16,1047,4,1536,28,1186,11
2514,16,1047,4,1536,28,1194,11
2514,16,1047,4,1536,28,1259,11
2514,16,1047,4,1536,28,1260,11
2514,16,1047,4,1536,28,1312,11
2514,16,1047,4,1536,28,1388,11
2514,16,1047,4,1536,28,1391,11
2514,16,1047,4,1536,28,1422,11
2514,16,1047,4,1536,28,1556,11
2514,16,1047,4,1536,28,1568,11
2514,16,1047,4,1536,28,1599,11
2514,16,1047,4,1536,28,1747,11
2514,16,1047,4,1536,28,1773,11
2514,16,1047,4,1536,28,1799,11
2514,16,1047,4,1536,28,1818,11
2514,16,1047,4,1536,28,1873,11
2514,16,1047,4,1536,28,1940,11
2514,16,1047,4,1536,28,1956,11
2514,16,1047,4,1536,28,1997,11
2514,16,1047,4,1536,28,2068,11
2514,16,1047,4,1536,28,2079,11
2514,16,1047,4,1536,28,2123,11
2514,16,1047,4,1536,28,2196,11
2514,16,1047,4,1536,28,2206,11
2514,16,1047,4,1536,28,2216,11
2514,16,1047,4,1536,28,2244,11
2514,16,1047,4,1536,28,2259,11
2514,16,1047,4,1536,28,2261,11
2514,16,1047,4,1536,28,2289,11
2514,16,1047,4,1536,28,2359,11
2514,16,1047,4,1536,28,2370,11
2514,16,1047,4,1536,28,2405,11
2514,16,1047,4,1577,12,45,11
2514,16,1047,4,1577,12,159,11
2514,16,1047,4,1577,12,272,11
2514,16,1047,4,1577,12,338,11
2514,16,1047,4,1577,12,390,11
2514,16,1047,4,1577,12,457,11
2514,16,1047,4,1577,12,463,11
2514,16,1047,4,1577,12,620,11
2514,16,1047,4,1577,12,700,11
2514,16,1047,4,1577,12,742,11
2514,16,1047,4,1577,12,758,11
2514,16,1047,4,1577,12,879,11
2514,16,1047,4,1577,12,927,11
2514,16,1047,4,1577,12,979,11
2514,16,1047,4,1577,12,1003,11
2514,16,1047,4,1577,12,1044,11
2514,16,1047,4,1577,12,1068,11
2514,16,1047,4,1577,12,1153,11
2514,16,1047,4,1577,12,1186,11
2514,16,1047,4,1577,12,1194,11
2514,16,1047,4,1577,12,1259,11
2514,16,1047,4,1577,12,1260,11
2514,16,1047,4,1577,12,1312,11
2514,16,1047,4,1577,12,1388,11
2514,16,1047,4,1577,12,1391,11
2514,16,1047,4,1577,12,1422,11
2514,16,1047,4,1577,12,1556,11
2514,16,1047,4,1577,12,1568,11
2514,16,1047,4,1577,12,1599,11
2514,16,1047,4,1577,12,1747,11
2514,16,1047,4,1577,12,1773,11
2514,16,1047,4,1577,12,1799,11
2514,16,1047,4,1577,12,1818,11
2514,16,1047,4,1577,12,1873,11
2514,16,1047,4,1577,12,1940,11
2514,16,1047,4,1577,12,1956,11
2514,16,1047,4,1577,12,1997,11
2514,16,1047,4,1577,12,2068,11
2514,16,1047,4,1577,12,2079,11
2514,16,1047,4,1577,12,2123,11
2514,16,1047,4,1577,12,2196,11
2514,16,1047,4,1577,12,2206,11
2514,16,1047,4,1577,12,2216,11
2514,16,1047,4,1577,12,2244,11
2514,16,1047,4,1577,12,2259,11
2514,16,1047,4,1577,12,2261,11
2514,16,1047,4,1577,12,2289,11
2514,16,1047,4,1577,12,2359,11
2514,16,1047,4,1577,12,2370,11
2514,16,1047,4,1577,12,2405,11
2514,16,1047,4,1612,30,159,11
2514,16,1047,4,1612,30,272,11
2514,16,1047,4,1612,30,338,11
2514,16,1047,4,1612,30,457,11
2514,16,1047,4,1612,30,463,11
2514,16,1047,4,1612,30,700,11
2514,16,1047,4,1612,30,742,11
2514,16,1047,4,1612,30,758,11
2514,16,1047,4,1612,30,879,11
2514,16,1047,4,1612,30,927,11
2514,16,1047,4,1612,30,1003,11
2514,16,1047,4,1612,30,1044,11
2514,16,1047,4,1612,30,1068,11
2514,16,1047,4,1612,30,1153,11
2514,16,1047,4,1612,30,1186,11
2514,16,1047,4,1612,30,1194,11
2514,16,1047,4,1612,30,1259,11
2514,16,1047,4,1612,30,1260,11
2514,16,1047,4,1612,30,1312,11
2514,16,1047,4,1612,30,1388,11
2514,16,1047,4,1612,30,1391,11
2514,16,1047,4,1612,30,1422,11
2514,16,1047,4,1612,30,1556,11
2514,16,1047,4,1612,30,1568,11
2514,16,1047,4,1612,30,1599,11
2514,16,1047,4,1612,30,1747,11
2514,16,1047,4,1612,30,1773,11
2514,16,1047,4,1612,30,1818,11
2514,16,1047,4,1612,30,1873,11
2514,16,1047,4,1612,30,1940,11
2514,16,1047,4,1612,30,1997,11
2514,16,1047,4,1612,30,2068,11
2514,16,1047,4,1612,30,2079,11
2514,16,1047,4,1612,30,2123,11
2514,16,1047,4,1612,30,2196,11
2514,16,1047,4,1612,30,2216,11
2514,16,1047,4,1612,30,2259,11
2514,16,1047,4,1612,30,2289,11
2514,16,1047,4,1612,30,2370,11
2514,16,1047,4,1612,30,2405,11
2514,16,1047,4,1679,47,45,11
2514,16,1047,4,1679,47,159,11
2514,16,1047,4,1679,47,272,11
2514,16,1047,4,1679,47,338,11
2514,16,1047,4,1679,47,390,11
2514,16,1047,4,1679,47,457,11
2514,16,1047,4,1679,47,463,11
2514,16,1047,4,1679,47,620,11
2514,16,1047,4,1679,47,700,11
2514,16,1047,4,1679,47,742,11
2514,16,1047,4,1679,47,758,11
2514,16,1047,4,1679,47,879,11
2514,16,1047,4,1679,47,927,11
2514,16,1047,4,1679,47,979,11
2514,16,1047,4,1679,47,1003,11
2514,16,1047,4,1679,47,1044,11
2514,16,1047,4,1679,47,1068,11
2514,16,1047,4,1679,47,1153,11
2514,16,1047,4,1679,47,1186,11
2514,16,1047,4,1679,47,1194,11
2514,16,1047,4,1679,47,1259,11
2514,16,1047,4,1679,47,1260,11
2514,16,1047,4,1679,47,1312,11
2514,16,1047,4,1679,47,1388,11
2514,16,1047,4,1679,47,1391,11
2514,16,1047,4,1679,47,1422,11
2514,16,1047,4,1679,47,1556,11
2514,16,1047,4,1679,47,1568,11
2514,16,1047,4,1679,47,1599,11
2514,16,1047,4,1679,47,1747,11
2514,16,1047,4,1679,47,1773,11
2514,16,1047,4,1679,47,1799,11
2514,16,1047,4,1679,47,1818,11
2514,16,1047,4,1679,47,1873,11
2514,16,1047,4,1679,47,1940,11
2514,16,1047,4,1679,47,1956,11
2514,16,1047,4,1679,47,1997,11
2514,16,1047,4,1679,47,2068,11
2514,16,1047,4,1679,47,2079,11
2514,16,1047,4,1679,47,2123,11
2514,16,1047,4,1679,47,2196,11
2514,16,1047,4,1679,47,2206,11
2514,16,1047,4,1679,47,2216,11
2514,16,1047,4,1679,47,2244,11
2514,16,1047,4,1679,47,2259,11
2514,16,1047,4,1679,47,2261,11
2514,16,1047,4,1679,47,2289,11
2514,16,1047,4,1679,47,2359,11
2514,16,1047,4,1679,47,2370,11
2514,16,1047,4,1679,47,2405,11
2514,16,1047,4,1725,32,45,11
2514,16,1047,4,1725,32,159,11
2514,16,1047,4,1725,32,272,11
2514,16,1047,4,1725,32,338,11
2514,16,1047,4,1725,32,390,11
2514,16,1047,4,1725,32,457,11
2514,16,1047,4,1725,32,463,11
2514,16,1047,4,1725,32,620,11
2514,16,1047,4,1725,32,700,11
2514,16,1047,4,1725,32,742,11
2514,16,1047,4,1725,32,758,11
2514,16,1047,4,1725,32,879,11
2514,16,1047,4,1725,32,927,11
2514,16,1047,4,1725,32,979,11
2514,16,1047,4,1725,32,1003,11
2514,16,1047,4,1725,32,1044,11
2514,16,1047,4,1725,32,1068,11
2514,16,1047,4,1725,32,1153,11
2514,16,1047,4,1725,32,1186,11
2514,16,1047,4,1725,32,1194,11
2514,16,1047,4,1725,32,1259,11
2514,16,1047,4,1725,32,1260,11
2514,16,1047,4,1725,32,1312,11
2514,16,1047,4,1725,32,1388,11
2514,16,1047,4,1725,32,1391,11
2514,16,1047,4,1725,32,1422,11
2514,16,1047,4,1725,32,1556,11
2514,16,1047,4,1725,32,1568,11
2514,16,1047,4,1725,32,1599,11
2514,16,1047,4,1725,32,1747,11
2514,16,1047,4,1725,32,1773,11
2514,16,1047,4,1725,32,1799,11
2514,16,1047,4,1725,32,1818,11
2514,16,1047,4,1725,32,1873,11
2514,16,1047,4,1725,32,1940,11
2514,16,1047,4,1725,32,1956,11
2514,16,1047,4,1725,32,1997,11
2514,16,1047,4,1725,32,2068,11
2514,16,1047,4,1725,32,2079,11
2514,16,1047,4,1725,32,2123,11
2514,16,1047,4,1725,32,2196,11
2514,16,1047,4,1725,32,2206,11
2514,16,1047,4,1725,32,2216,11
2514,16,1047,4,1725,32,2244,11
2514,16,1047,4,1725,32,2259,11
2514,16,1047,4,1725,32,2261,11
2514,16,1047,4,1725,32,2289,11
2514,16,1047,4,1725,32,2359,11
2514,16,1047,4,1725,32,2370,11
2514,16,1047,4,1725,32,2405,11
