2514,16,1918,16,147,11,45,11
2514,16,1918,16,147,11,159,11
2514,16,1918,16,147,11,272,11
2514,16,1918,16,147,11,338,11
2514,16,1918,16,147,11,390,11
2514,16,1918,16,147,11,457,11
2514,16,1918,16,147,11,463,11
2514,16,1918,16,147,11,620,11
2514,16,1918,16,147,11,700,11
2514,16,1918,16,147,11,742,11
2514,16,1918,16,147,11,758,11
2514,16,1918,16,147,11,879,11
2514,16,1918,16,147,11,927,11
2514,16,1918,16,147,11,979,11
2514,16,1918,16,147,11,1003,11
2514,16,1918,16,147,11,1044,11
2514,16,1918,16,147,11,1068,11
2514,16,1918,16,147,11,1153,11
2514,16,1918,16,147,11,1186,11
2514,16,1918,16,147,11,1194,11
2514,16,1918,16,147,11,1259,11
2514,16,1918,16,147,11,1260,11
2514,16,1918,16,147,11,1312,11
2514,16,1918,16,147,11,1388,11
2514,16,1918,16,147,11,1391,11
2514,16,1918,16,147,11,1422,11
2514,16,1918,16,147,11,1556,11
2514,16,1918,16,147,11,1568,11
2514,16,1918,16,147,11,1599,11
2514,16,1918,16,147,11,1747,11
2514,16,1918,16,147,11,1773,11
2514,16,1918,16,147,11,1799,11
2514,16,1918,16,147,11,1818,11
2514,16,1918,16,147,11,1873,11
2514,16,1918,16,147,11,1940,11
2514,16,1918,16,147,11,1956,11
2514,16,1918,16,147,11,1997,11
2514,16,1918,16,147,11,2068,11
2514,16,1918,16,147,11,2079,11
2514,16,1918,16,147,11,2123,11
2514,16,1918,16,147,11,2196,11
2514,16,1918,16,147,11,2206,11
2514,16,1918,16,147,11,2216,11
2514,16,1918,16,147,11,2244,11
2514,16,1918,16,147,11,2259,11
2514,16,1918,16,147,11,2261,11
2514,16,1918,16,147,11,2289,11
2514,16,1918,16,147,11,2359,11
2514,16,1918,16,147,11,2370,11
2514,16,1918,16,147,11,2405,11
2514,16,1918,16,673,24,45,11
2514,16,1918,16,673,24,159,11
2514,16,1918,16,673,24,272,11
2514,16,1918,16,673,24,338,11
2514,16,1918,16,673,24,390,11
2514,16,1918,16,673,24,457,11
2514,16,1918,16,673,24,463,11
2514,16,1918,16,673,24,620,11
2514,16,1918,16,673,24,700,11
2514,16,1918,16,673,24,742,11
2514,16,1918,16,673,24,758,11
2514,16,1918,16,673,24,879,11
2514,16,1918,16,673,24,927,11
2514,16,1918,16,673,24,979,11
2514,16,1918,16,673,24,1003,11
2514,16,1918,16,673,24,1044,11
2514,16,1918,16,673,24,1068,11
2514,16,1918,16,673,24,1153,11
2514,16,1918,16,673,24,1186,11
2514,16,1918,16,673,24,1194,11
2514,16,1918,16,673,24,1259,11
2514,16,1918,16,673,24,1260,11
2514,16,1918,16,673,24,1312,11
2514,16,1918,16,673,24,1388,11
2514,16,1918,16,673,24,1391,11
2514,16,1918,16,673,24,1422,11
2514,16,1918,16,673,24,1556,11
2514,16,1918,16,673,24,1568,11
2514,16,1918,16,673,24,1599,11
2514,16,1918,16,673,24,1747,11
2514,16,1918,16,673,24,1773,11
2514,16,1918,16,673,24,1799,11
2514,16,1918,16,673,24,1818,11
2514,16,1918,16,673,24,1873,11
2514,16,1918,16,673,24,1940,11
2514,16,1918,16,673,24,1956,11
2514,16,1918,16,673,24,1997,11
2514,16,1918,16,673,24,2068,11
2514,16,1918,16,673,24,2079,11
2514,16,1918,16,673,24,2123,11
2514,16,1918,16,673,24,2196,11
2514,16,1918,16,673,24,2206,11
2514,16,1918,16,673,24,2216,11
2514,16,1918,16,673,24,2244,11
2514,16,1918,16,673,24,2259,11
2514,16,1918,16,673,24,2261,11
2514,16,1918,16,673,24,2289,11
2514,16,1918,16,673,24,2359,11
2514,16,1918,16,673,24,2370,11
2514,16,1918,16,673,24,2405,11
2514,16,1918,16,693,25,45,11
2514,16,1918,16,693,25,159,11
2514,16,1918,16,693,25,272,11
2514,16,1918,16,693,25,338,11
2514,16,1918,16,693,25,390,11
2514,16,1918,16,693,25,457,11
2514,16,1918,16,693,25,463,11
2514,16,1918,16,693,25,620,11
2514,16,1918,16,693,25,700,11
2514,16,1918,16,693,25,742,11
2514,16,1918,16,693,25,758,11
2514,16,1918,16,693,25,879,11
2514,16,1918,16,693,25,927,11
2514,16,1918,16,693,25,979,11
2514,16,1918,16,693,25,1003,11
2514,16,1918,16,693,25,1044,11
2514,16,1918,16,693,25,1068,11
2514,16,1918,16,693,25,1153,11
2514,16,1918,16,693,25,1186,11
2514,16,1918,16,693,25,1194,11
2514,16,1918,16,693,25,1259,11
2514,16,1918,16,693,25,1260,11
2514,16,1918,16,693,25,1312,11
2514,16,1918,16,693,25,1388,11
2514,16,1918,16,693,25,1391,11
2514,16,1918,16,693,25,1422,11
2514,16,1918,16,693,25,1556,11
2514,16,1918,16,693,25,1568,11
2514,16,1918,16,693,25,1599,11
2514,16,1918,16,693,25,1747,11
2514,16,1918,16,693,25,1773,11
2514,16,1918,16,693,25,1799,11
2514,16,1918,16,693,25,1818,11
2514,16,1918,16,693,25,1873,11
2514,16,1918,16,693,25,1940,11
2514,16,1918,16,693,25,1956,11
2514,16,1918,16,693,25,1997,11
2514,16,1918,16,693,25,2068,11
2514,16,1918,16,693,25,2079,11
2514,16,1918,16,693,25,2123,11
2514,16,1918,16,693,25,2196,11
2514,16,1918,16,693,25,2206,11
2514,16,1918,16,693,25,2216,11
2514,16,1918,16,693,25,2244,11
2514,16,1918,16,693,25,2259,11
2514,16,1918,16,693,25,2261,11
2514,16,1918,16,693,25,2289,11
2514,16,1918,16,693,25,2359,11
2514,16,1918,16,693,25,2370,11
2514,16,1918,16,693,25,2405,11
2514,16,1918,16,802,50,45,11
2514,16,1918,16,802,50,159,11
2514,16,1918,16,802,50,272,11
2514,16,1918,16,802,50,338,11
2514,16,1918,16,802,50,390,11
2514,16,1918,16,802,50,457,11
2514,16,1918,16,802,50,463,11
2514,16,1918,16,802,50,620,11
2514,16,1918,16,802,50,700,11
2514,16,1918,16,802,50,742,11
2514,16,1918,16,802,50,758,11
2514,16,1918,16,802,50,879,11
2514,16,1918,16,802,50,927,11
2514,16,1918,16,802,50,979,11
2514,16,1918,16,802,50,1003,11
2514,16,1918,16,802,50,1044,11
2514,16,1918,16,802,50,1068,11
2514,16,1918,16,802,50,1153,11
2514,16,1918,16,802,50,1186,11
2514,16,1918,16,802,50,1194,11
2514,16,1918,16,802,50,1259,11
2514,16,1918,16,802,50,1260,11
2514,16,1918,16,802,50,1312,11
2514,16,1918,16,802,50,1388,11
2514,16,1918,16,802,50,1391,11
2514,16,1918,16,802,50,1422,11
2514,16,1918,16,802,50,1556,11
2514,16,1918,16,802,50,1568,11
2514,16,1918,16,802,50,1599,11
2514,16,1918,16,802,50,1747,11
2514,16,1918,16,802,50,1773,11
2514,16,1918,16,802,50,1799,11
2514,16,1918,16,802,50,1818,11
2514,16,1918,16,802,50,1873,11
2514,16,1918,16,802,50,1940,11
2514,16,1918,16,802,50,1956,11
2514,16,1918,16,802,50,1997,11
2514,16,1918,16,802,50,2068,11
2514,16,1918,16,802,50,2079,11
2514,16,1918,16,802,50,2123,11
2514,16,1918,16,802,50,2196,11
2514,16,1918,16,802,50,2206,11
2514,16,1918,16,802,50,2216,11
2514,16,1918,16,802,50,2244,11
2514,16,1918,16,802,50,2259,11
2514,16,1918,16,802,50,2261,11
2514,16,1918,16,802,50,2289,11
2514,16,1918,16,802,50,2359,11
2514,16,1918,16,802,50,2370,11
2514,16,1918,16,802,50,2405,11
2514,16,1918,16,829,32,45,11
2514,16,1918,16,829,32,159,11
2514,16,1918,16,829,32,272,11
2514,16,1918,16,829,32,338,11
2514,16,1918,16,829,32,390,11
2514,16,1918,16,829,32,457,11
2514,16,1918,16,829,32,463,11
2514,16,1918,16,829,32,620,11
2514,16,1918,16,829,32,700,11
2514,16,1918,16,829,32,742,11
2514,16,1918,16,829,32,758,11
2514,16,1918,16,829,32,879,11
2514,16,1918,16,829,32,927,11
2514,16,1918,16,829,32,979,11
2514,16,1918,16,829,32,1003,11
2514,16,1918,16,829,32,1044,11
2514,16,1918,16,829,32,1068,11
2514,16,1918,16,829,32,1153,11
2514,16,1918,16,829,32,1186,11
2514,16,1918,16,829,32,1194,11
2514,16,1918,16,829,32,1259,11
2514,16,1918,16,829,32,1260,11
2514,16,1918,16,829,32,1312,11
2514,16,1918,16,829,32,1388,11
2514,16,1918,16,829,32,1391,11
2514,16,1918,16,829,32,1422,11
2514,16,1918,16,829,32,1556,11
2514,16,1918,16,829,32,1568,11
2514,16,1918,16,829,32,1599,11
2514,16,1918,16,829,32,1747,11
2514,16,1918,16,829,32,1773,11
2514,16,1918,16,829,32,1799,11
2514,16,1918,16,829,32,1818,11
2514,16,1918,16,829,32,1873,11
2514,16,1918,16,829,32,1940,11
2514,16,1918,16,829,32,1956,11
2514,16,1918,16,829,32,1997,11
2514,16,1918,16,829,32,2068,11
2514,16,1918,16,829,32,2079,11
2514,16,1918,16,829,32,2123,11
2514,16,1918,16,829,32,2196,11
2514,16,1918,16,829,32,2206,11
2514,16,1918,16,829,32,2216,11
2514,16,1918,16,829,32,2244,11
2514,16,1918,16,829,32,2259,11
2514,16,1918,16,829,32,2261,11
2514,16,1918,16,829,32,2289,11
2514,16,1918,16,829,32,2359,11
2514,16,1918,16,829,32,2370,11
2514,16,1918,16,829,32,2405,11
2514,16,1918,16,1050,34,45,11
2514,16,1918,16,1050,34,159,11
2514,16,1918,16,1050,34,272,11
2514,16,1918,16,1050,34,338,11
2514,16,1918,16,1050,34,390,11
2514,16,1918,16,1050,34,457,11
2514,16,1918,16,1050,34,463,11
2514,16,1918,16,1050,34,620,11
2514,16,1918,16,1050,34,700,11
2514,16,1918,16,1050,34,742,11
2514,16,1918,16,1050,34,758,11
2514,16,1918,16,1050,34,879,11
2514,16,1918,16,1050,34,927,11
2514,16,1918,16,1050,34,979,11
2514,16,1918,16,1050,34,1003,11
2514,16,1918,16,1050,34,1044,11
2514,16,1918,16,1050,34,1068,11
2514,16,1918,16,1050,34,1153,11
2514,16,1918,16,1050,34,1186,11
2514,16,1918,16,1050,34,1194,11
2514,16,1918,16,1050,34,1259,11
2514,16,1918,16,1050,34,1260,11
2514,16,1918,16,1050,34,1312,11
2514,16,1918,16,1050,34,1388,11
2514,16,1918,16,1050,34,1391,11
2514,16,1918,16,1050,34,1422,11
2514,16,1918,16,1050,34,1556,11
2514,16,1918,16,1050,34,1568,11
2514,16,1918,16,1050,34,1599,11
2514,16,1918,16,1050,34,1747,11
2514,16,1918,16,1050,34,1773,11
2514,16,1918,16,1050,34,1799,11
2514,16,1918,16,1050,34,1818,11
2514,16,1918,16,1050,34,1873,11
2514,16,1918,16,1050,34,1940,11
2514,16,1918,16,1050,34,1956,11
2514,16,1918,16,1050,34,1997,11
2514,16,1918,16,1050,34,2068,11
2514,16,1918,16,1050,34,2079,11
2514,16,1918,16,1050,34,2123,11
2514,16,1918,16,1050,34,2196,11
2514,16,1918,16,1050,34,2206,11
2514,16,1918,16,1050,34,2216,11
2514,16,1918,16,1050,34,2244,11
2514,16,1918,16,1050,34,2259,11
2514,16,1918,16,1050,34,2261,11
2514,16,1918,16,1050,34,2289,11
2514,16,1918,16,1050,34,2359,11
2514,16,1918,16,1050,34,2370,11
2514,16,1918,16,1050,34,2405,11
2514,16,1918,16,1067,12,45,11
2514,16,1918,16,1067,12,159,11
2514,16,1918,16,1067,12,272,11
2514,16,1918,16,1067,12,338,11
2514,16,1918,16,1067,12,390,11
2514,16,1918,16,1067,12,457,11
2514,16,1918,16,1067,12,463,11
2514,16,1918,16,1067,12,620,11
2514,16,1918,16,1067,12,700,11
2514,16,1918,16,1067,12,742,11
2514,16,1918,16,1067,12,758,11
2514,16,1918,16,1067,12,879,11
2514,16,1918,16,1067,12,927,11
2514,16,1918,16,1067,12,979,11
2514,16,1918,16,1067,12,1003,11
2514,16,1918,16,1067,12,1044,11
2514,16,1918,16,1067,12,1068,11
2514,16,1918,16,1067,12,1153,11
2514,16,1918,16,1067,12,1186,11
2514,16,1918,16,1067,12,1194,11
2514,16,1918,16,1067,12,1259,11
2514,16,1918,16,1067,12,1260,11
2514,16,1918,16,1067,12,1312,11
2514,16,1918,16,1067,12,1388,11
2514,16,1918,16,1067,12,1391,11
2514,16,1918,16,1067,12,1422,11
2514,16,1918,16,1067,12,1556,11
2514,16,1918,16,1067,12,1568,11
2514,16,1918,16,1067,12,1599,11
2514,16,1918,16,1067,12,1747,11
2514,16,1918,16,1067,12,1773,11
2514,16,1918,16,1067,12,1799,11
2514,16,1918,16,1067,12,1818,11
2514,16,1918,16,1067,12,1873,11
2514,16,1918,16,1067,12,1940,11
2514,16,1918,16,1067,12,1956,11
2514,16,1918,16,1067,12,1997,11
2514,16,1918,16,1067,12,2068,11
2514,16,1918,16,1067,12,2079,11
2514,16,1918,16,1067,12,2123,11
2514,16,1918,16,1067,12,2196,11
2514,16,1918,16,1067,12,2206,11
2514,16,1918,16,1067,12,2216,11
2514,16,1918,16,1067,12,2244,11
2514,16,1918,16,1067,12,2259,11
2514,16,1918,16,1067,12,2261,11
2514,16,1918,16,1067,12,2289,11
2514,16,1918,16,1067,12,2359,11
2514,16,1918,16,1067,12,2370,11
2514,16,1918,16,1067,12,2405,11
2514,16,1918,16,1116,34,45,11
2514,16,1918,16,1116,34,159,11
2514,16,1918,16,1116,34,272,11
2514,16,1918,16,1116,34,338,11
2514,16,1918,16,1116,34,390,11
2514,16,1918,16,1116,34,457,11
2514,16,1918,16,1116,34,463,11
2514,16,1918,16,1116,34,620,11
2514,16,1918,16,1116,34,700,11
2514,16,1918,16,1116,34,742,11
2514,16,1918,16,1116,34,758,11
2514,16,1918,16,1116,34,879,11
2514,16,1918,16,1116,34,927,11
2514,16,1918,16,1116,34,979,11
2514,16,1918,16,1116,34,1003,11
2514,16,1918,16,1116,34,1044,11
2514,16,1918,16,1116,34,1068,11
2514,16,1918,16,1116,34,1153,11
2514,16,1918,16,1116,34,1186,11
2514,16,1918,16,1116,34,1194,11
2514,16,1918,16,1116,34,1259,11
2514,16,1918,16,1116,34,1260,11
2514,16,1918,16,1116,34,1312,11
2514,16,1918,16,1116,34,1388,11
2514,16,1918,16,1116,34,1391,11
2514,16,1918,16,1116,34,1422,11
2514,16,1918,16,1116,34,1556,11
2514,16,1918,16,1116,34,1568,11
2514,16,1918,16,1116,34,1599,11
2514,16,1918,16,1116,34,1747,11
2514,16,1918,16,1116,34,1773,11
2514,16,1918,16,1116,34,1799,11
2514,16,1918,16,1116,34,1818,11
2514,16,1918,16,1116,34,1873,11
2514,16,1918,16,1116,34,1940,11
2514,16,1918,16,1116,34,1956,11
2514,16,1918,16,1116,34,1997,11
2514,16,1918,16,1116,34,2068,11
2514,16,1918,16,1116,34,2079,11
2514,16,1918,16,1116,34,2123,11
2514,16,1918,16,1116,34,2196,11
2514,16,1918,16,1116,34,2206,11
2514,16,1918,16,1116,34,2216,11
2514,16,1918,16,1116,34,2244,11
2514,16,1918,16,1116,34,2259,11
2514,16,1918,16,1116,34,2261,11
2514,16,1918,16,1116,34,2289,11
2514,16,1918,16,1116,34,2359,11
2514,16,1918,16,1116,34,2370,11
2514,16,1918,16,1116,34,2405,11
2514,16,1918,16,1411,17,45,11
2514,16,1918,16,1411,17,159,11
2514,16,1918,16,1411,17,272,11
2514,16,1918,16,1411,17,338,11
2514,16,1918,16,1411,17,390,11
2514,16,1918,16,1411,17,457,11
2514,16,1918,16,1411,17,463,11
2514,16,1918,16,1411,17,620,11
2514,16,1918,16,1411,17,700,11
2514,16,1918,16,1411,17,742,11
2514,16,1918,16,1411,17,758,11
2514,16,1918,16,1411,17,879,11
2514,16,1918,16,1411,17,927,11
2514,16,1918,16,1411,17,979,11
2514,16,1918,16,1411,17,1003,11
2514,16,1918,16,1411,17,1044,11
2514,16,1918,16,1411,17,1068,11
2514,16,1918,16,1411,17,1153,11
2514,16,1918,16,1411,17,1186,11
2514,16,1918,16,1411,17,1194,11
2514,16,1918,16,1411,17,1259,11
2514,16,1918,16,1411,17,1260,11
2514,16,1918,16,1411,17,1312,11
2514,16,1918,16,1411,17,1388,11
2514,16,1918,16,1411,17,1391,11
2514,16,1918,16,1411,17,1422,11
2514,16,1918,16,1411,17,1556,11
2514,16,1918,16,1411,17,1568,11
2514,16,1918,16,1411,17,1599,11
2514,16,1918,16,1411,17,1747,11
2514,16,1918,16,1411,17,1773,11
2514,16,1918,16,1411,17,1799,11
2514,16,1918,16,1411,17,1818,11
2514,16,1918,16,1411,17,1873,11
2514,16,1918,16,1411,17,1940,11
2514,16,1918,16,1411,17,1956,11
2514,16,1918,16,1411,17,1997,11
2514,16,1918,16,1411,17,2068,11
2514,16,1918,16,1411,17,2079,11
2514,16,1918,16,1411,17,2123,11
2514,16,1918,16,1411,17,2196,11
2514,16,1918,16,1411,17,2206,11
2514,16,1918,16,1411,17,2216,11
2514,16,1918,16,1411,17,2244,11
2514,16,1918,16,1411,17,2259,11
2514,16,1918,16,1411,17,2261,11
2514,16,1918,16,1411,17,2289,11
2514,16,1918,16,1411,17,2359,11
2514,16,1918,16,1411,17,2370,11
2514,16,1918,16,1411,17,2405,11
2514,16,1918,16,1478,13,45,11
2514,16,1918,16,1478,13,159,11
2514,16,1918,16,1478,13,272,11
2514,16,1918,16,1478,13,338,11
2514,16,1918,16,1478,13,390,11
2514,16,1918,16,1478,13,457,11
2514,16,1918,16,1478,13,463,11
2514,16,1918,16,1478,13,620,11
2514,16,1918,16,1478,13,700,11
2514,16,1918,16,1478,13,742,11
2514,16,1918,16,1478,13,758,11
2514,16,1918,16,1478,13,879,11
2514,16,1918,16,1478,13,927,11
2514,16,1918,16,1478,13,979,11
2514,16,1918,16,1478,13,1003,11
2514,16,1918,16,1478,13,1044,11
2514,16,1918,16,1478,13,1068,11
2514,16,1918,16,1478,13,1153,11
2514,16,1918,16,1478,13,1186,11
2514,16,1918,16,1478,13,1194,11
2514,16,1918,16,1478,13,1259,11
2514,16,1918,16,1478,13,1260,11
2514,16,1918,16,1478,13,1312,11
2514,16,1918,16,1478,13,1388,11
2514,16,1918,16,1478,13,1391,11
2514,16,1918,16,1478,13,1422,11
2514,16,1918,16,1478,13,1556,11
2514,16,1918,16,1478,13,1568,11
2514,16,1918,16,1478,13,1599,11
2514,16,1918,16,1478,13,1747,11
2514,16,1918,16,1478,13,1773,11
2514,16,1918,16,1478,13,1799,11
2514,16,1918,16,1478,13,1818,11
2514,16,1918,16,1478,13,1873,11
2514,16,1918,16,1478,13,1940,11
2514,16,1918,16,1478,13,1956,11
2514,16,1918,16,1478,13,1997,11
2514,16,1918,16,1478,13,2068,11
2514,16,1918,16,1478,13,2079,11
2514,16,1918,16,1478,13,2123,11
2514,16,1918,16,1478,13,2196,11
2514,16,1918,16,1478,13,2206,11
2514,16,1918,16,1478,13,2216,11
2514,16,1918,16,1478,13,2244,11
2514,16,1918,16,1478,13,2259,11
2514,16,1918,16,1478,13,2261,11
2514,16,1918,16,1478,13,2289,11
2514,16,1918,16,1478,13,2359,11
2514,16,1918,16,1478,13,2370,11
2514,16,1918,16,1478,13,2405,11
2514,16,1918,16,1652,24,45,11
2514,16,1918,16,1652,24,159,11
2514,16,1918,16,1652,24,272,11
2514,16,1918,16,1652,24,338,11
2514,16,1918,16,1652,24,390,11
2514,16,1918,16,1652,24,457,11
2514,16,1918,16,1652,24,463,11
2514,16,1918,16,1652,24,620,11
2514,16,1918,16,1652,24,700,11
2514,16,1918,16,1652,24,742,11
2514,16,1918,16,1652,24,758,11
2514,16,1918,16,1652,24,879,11
2514,16,1918,16,1652,24,927,11
2514,16,1918,16,1652,24,979,11
2514,16,1918,16,1652,24,1003,11
2514,16,1918,16,1652,24,1044,11
2514,16,1918,16,1652,24,1068,11
2514,16,1918,16,1652,24,1153,11
2514,16,1918,16,1652,24,1186,11
2514,16,1918,16,1652,24,1194,11
2514,16,1918,16,1652,24,1259,11
2514,16,1918,16,1652,24,1260,11
2514,16,1918,16,1652,24,1312,11
2514,16,1918,16,1652,24,1388,11
2514,16,1918,16,1652,24,1391,11
2514,16,1918,16,1652,24,1422,11
2514,16,1918,16,1652,24,1556,11
2514,16,1918,16,1652,24,1568,11
2514,16,1918,16,1652,24,1599,11
2514,16,1918,16,1652,24,1747,11
2514,16,1918,16,1652,24,1773,11
2514,16,1918,16,1652,24,1799,11
2514,16,1918,16,1652,24,1818,11
2514,16,1918,16,1652,24,1873,11
2514,16,1918,16,1652,24,1940,11
2514,16,1918,16,1652,24,1956,11
2514,16,1918,16,1652,24,1997,11
2514,16,1918,16,1652,24,2068,11
2514,16,1918,16,1652,24,2079,11
2514,16,1918,16,1652,24,2123,11
2514,16,1918,16,1652,24,2196,11
2514,16,1918,16,1652,24,2206,11
2514,16,1918,16,1652,24,2216,11
2514,16,1918,16,1652,24,2244,11
2514,16,1918,16,1652,24,2259,11
2514,16,1918,16,1652,24,2261,11
2514,16,1918,16,1652,24,2289,11
2514,16,1918,16,1652,24,2359,11
2514,16,1918,16,1652,24,2370,11
2514,16,1918,16,1652,24,2405,11
2514,16,1918,16,1768,13,45,11
2514,16,1918,16,1768,13,159,11
2514,16,1918,16,1768,13,272,11
2514,16,1918,16,1768,13,338,11
2514,16,1918,16,1768,13,390,11
2514,16,1918,16,1768,13,457,11
2514,16,1918,16,1768,13,463,11
2514,16,1918,16,1768,13,620,11
2514,16,1918,16,1768,13,700,11
2514,16,1918,16,1768,13,742,11
2514,16,1918,16,1768,13,758,11
2514,16,1918,16,1768,13,879,11
2514,16,1918,16,1768,13,927,11
2514,16,1918,16,1768,13,979,11
2514,16,1918,16,1768,13,1003,11
2514,16,1918,16,1768,13,1044,11
2514,16,1918,16,1768,13,1068,11
2514,16,1918,16,1768,13,1153,11
2514,16,1918,16,1768,13,1186,11
2514,16,1918,16,1768,13,1194,11
2514,16,1918,16,1768,13,1259,11
2514,16,1918,16,1768,13,1260,11
2514,16,1918,16,1768,13,1312,11
2514,16,1918,16,1768,13,1388,11
2514,16,1918,16,1768,13,1391,11
2514,16,1918,16,1768,13,1422,11
2514,16,1918,16,1768,13,1556,11
2514,16,1918,16,1768,13,1568,11
2514,16,1918,16,1768,13,1599,11
2514,16,1918,16,1768,13,1747,11
2514,16,1918,16,1768,13,1773,11
2514,16,1918,16,1768,13,1799,11
2514,16,1918,16,1768,13,1818,11
2514,16,1918,16,1768,13,1873,11
2514,16,1918,16,1768,13,1940,11
2514,16,1918,16,1768,13,1956,11
2514,16,1918,16,1768,13,1997,11
2514,16,1918,16,1768,13,2068,11
2514,16,1918,16,1768,13,2079,11
2514,16,1918,16,1768,13,2123,11
2514,16,1918,16,1768,13,2196,11
2514,16,1918,16,1768,13,2206,11
2514,16,1918,16,1768,13,2216,11
2514,16,1918,16,1768,13,2244,11
2514,16,1918,16,1768,13,2259,11
2514,16,1918,16,1768,13,2261,11
2514,16,1918,16,1768,13,2289,11
2514,16,1918,16,1768,13,2359,11
2514,16,1918,16,1768,13,2370,11
2514,16,1918,16,1768,13,2405,11
2514,16,1918,16,1824,11,45,11
2514,16,1918,16,1824,11,159,11
2514,16,1918,16,1824,11,272,11
2514,16,1918,16,1824,11,338,11
2514,16,1918,16,1824,11,390,11
2514,16,1918,16,1824,11,463,11
2514,16,1918,16,1824,11,620,11
2514,16,1918,16,1824,11,742,11
2514,16,1918,16,1824,11,758,11
2514,16,1918,16,1824,11,879,11
2514,16,1918,16,1824,11,979,11
2514,16,1918,16,1824,11,1044,11
2514,16,1918,16,1824,11,1068,11
2514,16,1918,16,1824,11,1186,11
2514,16,1918,16,1824,11,1259,11
2514,16,1918,16,1824,11,1260,11
2514,16,1918,16,1824,11,1312,11
2514,16,1918,16,1824,11,1388,11
2514,16,1918,16,1824,11,1391,11
2514,16,1918,16,1824,11,1422,11
2514,16,1918,16,1824,11,1556,11
2514,16,1918,16,1824,11,1747,11
2514,16,1918,16,1824,11,1773,11
2514,16,1918,16,1824,11,1799,11
2514,16,1918,16,1824,11,1873,11
2514,16,1918,16,1824,11,1956,11
2514,16,1918,16,1824,11,1997,11
2514,16,1918,16,1824,11,2068,11
2514,16,1918,16,1824,11,2079,11
2514,16,1918,16,1824,11,2123,11
2514,16,1918,16,1824,11,2196,11
2514,16,1918,16,1824,11,2206,11
2514,16,1918,16,1824,11,2216,11
2514,16,1918,16,1824,11,2244,11
2514,16,1918,16,1824,11,2259,11
2514,16,1918,16,1824,11,2261,11
2514,16,1918,16,1824,11,2289,11
2514,16,1918,16,1824,11,2359,11
2514,16,1918,16,1824,11,2370,11
2514,16,1918,16,1824,11,2405,11
