2514,16,1174,18,38,40,45,11
2514,16,1174,18,38,40,159,11
2514,16,1174,18,38,40,272,11
2514,16,1174,18,38,40,338,11
2514,16,1174,18,38,40,390,11
2514,16,1174,18,38,40,457,11
2514,16,1174,18,38,40,463,11
2514,16,1174,18,38,40,620,11
2514,16,1174,18,38,40,700,11
2514,16,1174,18,38,40,742,11
2514,16,1174,18,38,40,758,11
2514,16,1174,18,38,40,879,11
2514,16,1174,18,38,40,927,11
2514,16,1174,18,38,40,979,11
2514,16,1174,18,38,40,1003,11
2514,16,1174,18,38,40,1044,11
2514,16,1174,18,38,40,1068,11
2514,16,1174,18,38,40,1153,11
2514,16,1174,18,38,40,1186,11
2514,16,1174,18,38,40,1194,11
2514,16,1174,18,38,40,1259,11
2514,16,1174,18,38,40,1260,11
2514,16,1174,18,38,40,1312,11
2514,16,1174,18,38,40,1388,11
2514,16,1174,18,38,40,1391,11
2514,16,1174,18,38,40,1422,11
2514,16,1174,18,38,40,1556,11
2514,16,1174,18,38,40,1568,11
2514,16,1174,18,38,40,1599,11
2514,16,1174,18,38,40,1747,11
2514,16,1174,18,38,40,1773,11
2514,16,1174,18,38,40,1799,11
2514,16,1174,18,38,40,1818,11
2514,16,1174,18,38,40,1873,11
2514,16,1174,18,38,40,1940,11
2514,16,1174,18,38,40,1956,11
2514,16,1174,18,38,40,1997,11
2514,16,1174,18,38,40,2068,11
2514,16,1174,18,38,40,2079,11
2514,16,1174,18,38,40,2123,11
2514,16,1174,18,38,40,2196,11
2514,16,1174,18,38,40,2206,11
2514,16,1174,18,38,40,2216,11
2514,16,1174,18,38,40,2244,11
2514,16,1174,18,38,40,2259,11
2514,16,1174,18,38,40,2261,11
2514,16,1174,18,38,40,2289,11
2514,16,1174,18,38,40,2359,11
2514,16,1174,18,38,40,2370,11
2514,16,1174,18,38,40,2405,11
2514,16,1174,18,84,35,45,11
2514,16,1174,18,84,35,159,11
2514,16,1174,18,84,35,272,11
2514,16,1174,18,84,35,338,11
2514,16,1174,18,84,35,390,11
2514,16,1174,18,84,35,457,11
2514,16,1174,18,84,35,463,11
2514,16,1174,18,84,35,620,11
2514,16,1174,18,84,35,700,11
2514,16,1174,18,84,35,742,11
2514,16,1174,18,84,35,758,11
2514,16,1174,18,84,35,879,11
2514,16,1174,18,84,35,927,11
2514,16,1174,18,84,35,979,11
2514,16,1174,18,84,35,1003,11
2514,16,1174,18,84,35,1044,11
2514,16,1174,18,84,35,1068,11
2514,16,1174,18,84,35,1153,11
2514,16,1174,18,84,35,1186,11
2514,16,1174,18,84,35,1194,11
2514,16,1174,18,84,35,1259,11
2514,16,1174,18,84,35,1260,11
2514,16,1174,18,84,35,1312,11
2514,16,1174,18,84,35,1388,11
2514,16,1174,18,84,35,1391,11
2514,16,1174,18,84,35,1422,11
2514,16,1174,18,84,35,1556,11
2514,16,1174,18,84,35,1568,11
2514,16,1174,18,84,35,1599,11
2514,16,1174,18,84,35,1747,11
2514,16,1174,18,84,35,1773,11
2514,16,1174,18,84,35,1799,11
2514,16,1174,18,84,35,1818,11
2514,16,1174,18,84,35,1873,11
2514,16,1174,18,84,35,1940,11
2514,16,1174,18,84,35,1956,11
2514,16,1174,18,84,35,1997,11
2514,16,1174,18,84,35,2068,11
2514,16,1174,18,84,35,2079,11
2514,16,1174,18,84,35,2123,11
2514,16,1174,18,84,35,2196,11
2514,16,1174,18,84,35,2206,11
2514,16,1174,18,84,35,2216,11
2514,16,1174,18,84,35,2244,11
2514,16,1174,18,84,35,2259,11
2514,16,1174,18,84,35,2261,11
2514,16,1174,18,84,35,2289,11
2514,16,1174,18,84,35,2359,11
2514,16,1174,18,84,35,2370,11
2514,16,1174,18,84,35,2405,11
2514,16,1174,18,374,37,45,11
2514,16,1174,18,374,37,159,11
2514,16,1174,18,374,37,272,11
2514,16,1174,18,374,37,338,11
2514,16,1174,18,374,37,390,11
2514,16,1174,18,374,37,457,11
2514,16,1174,18,374,37,463,11
2514,16,1174,18,374,37,620,11
2514,16,1174,18,374,37,700,11
2514,16,1174,18,374,37,742,11
2514,16,1174,18,374,37,758,11
2514,16,1174,18,374,37,879,11
2514,16,1174,18,374,37,927,11
2514,16,1174,18,374,37,979,11
2514,16,1174,18,374,37,1003,11
2514,16,1174,18,374,37,1044,11
2514,16,1174,18,374,37,1068,11
2514,16,1174,18,374,37,1153,11
2514,16,1174,18,374,37,1186,11
2514,16,1174,18,374,37,1194,11
2514,16,1174,18,374,37,1259,11
2514,16,1174,18,374,37,1260,11
2514,16,1174,18,374,37,1312,11
2514,16,1174,18,374,37,1388,11
2514,16,1174,18,374,37,1391,11
2514,16,1174,18,374,37,1422,11
2514,16,1174,18,374,37,1556,11
2514,16,1174,18,374,37,1568,11
2514,16,1174,18,374,37,1599,11
2514,16,1174,18,374,37,1747,11
2514,16,1174,18,374,37,1773,11
2514,16,1174,18,374,37,1799,11
2514,16,1174,18,374,37,1818,11
2514,16,1174,18,374,37,1873,11
2514,16,1174,18,374,37,1940,11
2514,16,1174,18,374,37,1956,11
2514,16,1174,18,374,37,1997,11
2514,16,1174,18,374,37,2068,11
2514,16,1174,18,374,37,2079,11
2514,16,1174,18,374,37,2123,11
2514,16,1174,18,374,37,2196,11
2514,16,1174,18,374,37,2206,11
2514,16,1174,18,374,37,2216,11
2514,16,1174,18,374,37,2244,11
2514,16,1174,18,374,37,2259,11
2514,16,1174,18,374,37,2261,11
2514,16,1174,18,374,37,2289,11
2514,16,1174,18,374,37,2359,11
2514,16,1174,18,374,37,2370,11
2514,16,1174,18,374,37,2405,11
2514,16,1174,18,426,21,159,11
2514,16,1174,18,426,21,457,11
2514,16,1174,18,426,21,463,11
2514,16,1174,18,426,21,700,11
2514,16,1174,18,426,21,879,11
2514,16,1174,18,426,21,927,11
2514,16,1174,18,426,21,1003,11
2514,16,1174,18,426,21,1153,11
2514,16,1174,18,426,21,1194,11
2514,16,1174,18,426,21,1388,11
2514,16,1174,18,426,21,1556,11
2514,16,1174,18,426,21,1568,11
2514,16,1174,18,426,21,1599,11
2514,16,1174,18,426,21,1818,11
2514,16,1174,18,426,21,1873,11
2514,16,1174,18,426,21,1940,11
2514,16,1174,18,426,21,2123,11
2514,16,1174,18,426,21,2196,11
2514,16,1174,18,426,21,2216,11
2514,16,1174,18,426,21,2370,11
2514,16,1174,18,513,50,45,11
2514,16,1174,18,513,50,159,11
2514,16,1174,18,513,50,272,11
2514,16,1174,18,513,50,338,11
2514,16,1174,18,513,50,390,11
2514,16,1174,18,513,50,457,11
2514,16,1174,18,513,50,463,11
2514,16,1174,18,513,50,620,11
2514,16,1174,18,513,50,700,11
2514,16,1174,18,513,50,742,11
2514,16,1174,18,513,50,758,11
2514,16,1174,18,513,50,879,11
2514,16,1174,18,513,50,927,11
2514,16,1174,18,513,50,979,11
2514,16,1174,18,513,50,1003,11
2514,16,1174,18,513,50,1044,11
2514,16,1174,18,513,50,1068,11
2514,16,1174,18,513,50,1153,11
2514,16,1174,18,513,50,1186,11
2514,16,1174,18,513,50,1194,11
2514,16,1174,18,513,50,1259,11
2514,16,1174,18,513,50,1260,11
2514,16,1174,18,513,50,1312,11
2514,16,1174,18,513,50,1388,11
2514,16,1174,18,513,50,1391,11
2514,16,1174,18,513,50,1422,11
2514,16,1174,18,513,50,1556,11
2514,16,1174,18,513,50,1568,11
2514,16,1174,18,513,50,1599,11
2514,16,1174,18,513,50,1747,11
2514,16,1174,18,513,50,1773,11
2514,16,1174,18,513,50,1799,11
2514,16,1174,18,513,50,1818,11
2514,16,1174,18,513,50,1873,11
2514,16,1174,18,513,50,1940,11
2514,16,1174,18,513,50,1956,11
2514,16,1174,18,513,50,1997,11
2514,16,1174,18,513,50,2068,11
2514,16,1174,18,513,50,2079,11
2514,16,1174,18,513,50,2123,11
2514,16,1174,18,513,50,2196,11
2514,16,1174,18,513,50,2206,11
2514,16,1174,18,513,50,2216,11
2514,16,1174,18,513,50,2244,11
2514,16,1174,18,513,50,2259,11
2514,16,1174,18,513,50,2261,11
2514,16,1174,18,513,50,2289,11
2514,16,1174,18,513,50,2359,11
2514,16,1174,18,513,50,2370,11
2514,16,1174,18,513,50,2405,11
2514,16,1174,18,523,33,45,11
2514,16,1174,18,523,33,159,11
2514,16,1174,18,523,33,272,11
2514,16,1174,18,523,33,338,11
2514,16,1174,18,523,33,390,11
2514,16,1174,18,523,33,457,11
2514,16,1174,18,523,33,463,11
2514,16,1174,18,523,33,620,11
2514,16,1174,18,523,33,700,11
2514,16,1174,18,523,33,742,11
2514,16,1174,18,523,33,758,11
2514,16,1174,18,523,33,879,11
2514,16,1174,18,523,33,927,11
2514,16,1174,18,523,33,979,11
2514,16,1174,18,523,33,1003,11
2514,16,1174,18,523,33,1044,11
2514,16,1174,18,523,33,1068,11
2514,16,1174,18,523,33,1153,11
2514,16,1174,18,523,33,1186,11
2514,16,1174,18,523,33,1194,11
2514,16,1174,18,523,33,1259,11
2514,16,1174,18,523,33,1260,11
2514,16,1174,18,523,33,1312,11
2514,16,1174,18,523,33,1388,11
2514,16,1174,18,523,33,1391,11
2514,16,1174,18,523,33,1422,11
2514,16,1174,18,523,33,1556,11
2514,16,1174,18,523,33,1568,11
2514,16,1174,18,523,33,1599,11
2514,16,1174,18,523,33,1747,11
2514,16,1174,18,523,33,1773,11
2514,16,1174,18,523,33,1799,11
2514,16,1174,18,523,33,1818,11
2514,16,1174,18,523,33,1873,11
2514,16,1174,18,523,33,1940,11
2514,16,1174,18,523,33,1956,11
2514,16,1174,18,523,33,1997,11
2514,16,1174,18,523,33,2068,11
2514,16,1174,18,523,33,2079,11
2514,16,1174,18,523,33,2123,11
2514,16,1174,18,523,33,2196,11
2514,16,1174,18,523,33,2206,11
2514,16,1174,18,523,33,2216,11
2514,16,1174,18,523,33,2244,11
2514,16,1174,18,523,33,2259,11
2514,16,1174,18,523,33,2261,11
2514,16,1174,18,523,33,2289,11
2514,16,1174,18,523,33,2359,11
2514,16,1174,18,523,33,2370,11
2514,16,1174,18,523,33,2405,11
2514,16,1174,18,1210,12,45,11
2514,16,1174,18,1210,12,159,11
2514,16,1174,18,1210,12,272,11
2514,16,1174,18,1210,12,338,11
2514,16,1174,18,1210,12,390,11
2514,16,1174,18,1210,12,457,11
2514,16,1174,18,1210,12,463,11
2514,16,1174,18,1210,12,620,11
2514,16,1174,18,1210,12,700,11
2514,16,1174,18,1210,12,742,11
2514,16,1174,18,1210,12,758,11
2514,16,1174,18,1210,12,879,11
2514,16,1174,18,1210,12,927,11
2514,16,1174,18,1210,12,979,11
2514,16,1174,18,1210,12,1003,11
2514,16,1174,18,1210,12,1044,11
2514,16,1174,18,1210,12,1068,11
2514,16,1174,18,1210,12,1153,11
2514,16,1174,18,1210,12,1186,11
2514,16,1174,18,1210,12,1194,11
2514,16,1174,18,1210,12,1259,11
2514,16,1174,18,1210,12,1260,11
2514,16,1174,18,1210,12,1312,11
2514,16,1174,18,1210,12,1388,11
2514,16,1174,18,1210,12,1391,11
2514,16,1174,18,1210,12,1422,11
2514,16,1174,18,1210,12,1556,11
2514,16,1174,18,1210,12,1568,11
2514,16,1174,18,1210,12,1599,11
2514,16,1174,18,1210,12,1747,11
2514,16,1174,18,1210,12,1773,11
2514,16,1174,18,1210,12,1799,11
2514,16,1174,18,1210,12,1818,11
2514,16,1174,18,1210,12,1873,11
2514,16,1174,18,1210,12,1940,11
2514,16,1174,18,1210,12,1956,11
2514,16,1174,18,1210,12,1997,11
2514,16,1174,18,1210,12,2068,11
2514,16,1174,18,1210,12,2079,11
2514,16,1174,18,1210,12,2123,11
2514,16,1174,18,1210,12,2196,11
2514,16,1174,18,1210,12,2206,11
2514,16,1174,18,1210,12,2216,11
2514,16,1174,18,1210,12,2244,11
2514,16,1174,18,1210,12,2259,11
2514,16,1174,18,1210,12,2261,11
2514,16,1174,18,1210,12,2289,11
2514,16,1174,18,1210,12,2359,11
2514,16,1174,18,1210,12,2370,11
2514,16,1174,18,1210,12,2405,11
2514,16,1174,18,1353,16,45,11
2514,16,1174,18,1353,16,159,11
2514,16,1174,18,1353,16,272,11
2514,16,1174,18,1353,16,338,11
2514,16,1174,18,1353,16,390,11
2514,16,1174,18,1353,16,457,11
2514,16,1174,18,1353,16,463,11
2514,16,1174,18,1353,16,620,11
2514,16,1174,18,1353,16,700,11
2514,16,1174,18,1353,16,742,11
2514,16,1174,18,1353,16,758,11
2514,16,1174,18,1353,16,879,11
2514,16,1174,18,1353,16,927,11
2514,16,1174,18,1353,16,979,11
2514,16,1174,18,1353,16,1003,11
2514,16,1174,18,1353,16,1044,11
2514,16,1174,18,1353,16,1068,11
2514,16,1174,18,1353,16,1153,11
2514,16,1174,18,1353,16,1186,11
2514,16,1174,18,1353,16,1194,11
2514,16,1174,18,1353,16,1259,11
2514,16,1174,18,1353,16,1260,11
2514,16,1174,18,1353,16,1312,11
2514,16,1174,18,1353,16,1388,11
2514,16,1174,18,1353,16,1391,11
2514,16,1174,18,1353,16,1422,11
2514,16,1174,18,1353,16,1556,11
2514,16,1174,18,1353,16,1568,11
2514,16,1174,18,1353,16,1599,11
2514,16,1174,18,1353,16,1747,11
2514,16,1174,18,1353,16,1773,11
2514,16,1174,18,1353,16,1799,11
2514,16,1174,18,1353,16,1818,11
2514,16,1174,18,1353,16,1873,11
2514,16,1174,18,1353,16,1940,11
2514,16,1174,18,1353,16,1956,11
2514,16,1174,18,1353,16,1997,11
2514,16,1174,18,1353,16,2068,11
2514,16,1174,18,1353,16,2079,11
2514,16,1174,18,1353,16,2123,11
2514,16,1174,18,1353,16,2196,11
2514,16,1174,18,1353,16,2206,11
2514,16,1174,18,1353,16,2216,11
2514,16,1174,18,1353,16,2244,11
2514,16,1174,18,1353,16,2259,11
2514,16,1174,18,1353,16,2261,11
2514,16,1174,18,1353,16,2289,11
2514,16,1174,18,1353,16,2359,11
2514,16,1174,18,1353,16,2370,11
2514,16,1174,18,1353,16,2405,11
2514,16,1174,18,1466,29,45,11
2514,16,1174,18,1466,29,338,11
2514,16,1174,18,1466,29,390,11
2514,16,1174,18,1466,29,620,11
2514,16,1174,18,1466,29,742,11
2514,16,1174,18,1466,29,758,11
2514,16,1174,18,1466,29,979,11
2514,16,1174,18,1466,29,1044,11
2514,16,1174,18,1466,29,1186,11
2514,16,1174,18,1466,29,1259,11
2514,16,1174,18,1466,29,1312,11
2514,16,1174,18,1466,29,1773,11
2514,16,1174,18,1466,29,1799,11
2514,16,1174,18,1466,29,1956,11
2514,16,1174,18,1466,29,1997,11
2514,16,1174,18,1466,29,2206,11
2514,16,1174,18,1466,29,2244,11
2514,16,1174,18,1466,29,2261,11
2514,16,1174,18,1466,29,2289,11
2514,16,1174,18,1466,29,2359,11
2514,16,1174,18,1528,46,45,11
2514,16,1174,18,1528,46,159,11
2514,16,1174,18,1528,46,272,11
2514,16,1174,18,1528,46,338,11
2514,16,1174,18,1528,46,390,11
2514,16,1174,18,1528,46,457,11
2514,16,1174,18,1528,46,463,11
2514,16,1174,18,1528,46,620,11
2514,16,1174,18,1528,46,700,11
2514,16,1174,18,1528,46,742,11
2514,16,1174,18,1528,46,758,11
2514,16,1174,18,1528,46,879,11
2514,16,1174,18,1528,46,927,11
2514,16,1174,18,1528,46,979,11
2514,16,1174,18,1528,46,1003,11
2514,16,1174,18,1528,46,1044,11
2514,16,1174,18,1528,46,1068,11
2514,16,1174,18,1528,46,1153,11
2514,16,1174,18,1528,46,1186,11
2514,16,1174,18,1528,46,1194,11
2514,16,1174,18,1528,46,1259,11
2514,16,1174,18,1528,46,1260,11
2514,16,1174,18,1528,46,1312,11
2514,16,1174,18,1528,46,1388,11
2514,16,1174,18,1528,46,1391,11
2514,16,1174,18,1528,46,1422,11
2514,16,1174,18,1528,46,1556,11
2514,16,1174,18,1528,46,1568,11
2514,16,1174,18,1528,46,1599,11
2514,16,1174,18,1528,46,1747,11
2514,16,1174,18,1528,46,1773,11
2514,16,1174,18,1528,46,1799,11
2514,16,1174,18,1528,46,1818,11
2514,16,1174,18,1528,46,1873,11
2514,16,1174,18,1528,46,1940,11
2514,16,1174,18,1528,46,1956,11
2514,16,1174,18,1528,46,1997,11
2514,16,1174,18,1528,46,2068,11
2514,16,1174,18,1528,46,2079,11
2514,16,1174,18,1528,46,2123,11
2514,16,1174,18,1528,46,2196,11
2514,16,1174,18,1528,46,2206,11
2514,16,1174,18,1528,46,2216,11
2514,16,1174,18,1528,46,2244,11
2514,16,1174,18,1528,46,2259,11
2514,16,1174,18,1528,46,2261,11
2514,16,1174,18,1528,46,2289,11
2514,16,1174,18,1528,46,2359,11
2514,16,1174,18,1528,46,2370,11
2514,16,1174,18,1528,46,2405,11
2514,16,1174,18,1685,30,45,11
2514,16,1174,18,1685,30,159,11
2514,16,1174,18,1685,30,272,11
2514,16,1174,18,1685,30,338,11
2514,16,1174,18,1685,30,390,11
2514,16,1174,18,1685,30,457,11
2514,16,1174,18,1685,30,463,11
2514,16,1174,18,1685,30,620,11
2514,16,1174,18,1685,30,700,11
2514,16,1174,18,1685,30,742,11
2514,16,1174,18,1685,30,758,11
2514,16,1174,18,1685,30,879,11
2514,16,1174,18,1685,30,927,11
2514,16,1174,18,1685,30,979,11
2514,16,1174,18,1685,30,1003,11
2514,16,1174,18,1685,30,1044,11
2514,16,1174,18,1685,30,1068,11
2514,16,1174,18,1685,30,1153,11
2514,16,1174,18,1685,30,1186,11
2514,16,1174,18,1685,30,1194,11
2514,16,1174,18,1685,30,1259,11
2514,16,1174,18,1685,30,1260,11
2514,16,1174,18,1685,30,1312,11
2514,16,1174,18,1685,30,1388,11
2514,16,1174,18,1685,30,1391,11
2514,16,1174,18,1685,30,1422,11
2514,16,1174,18,1685,30,1556,11
2514,16,1174,18,1685,30,1568,11
2514,16,1174,18,1685,30,1599,11
2514,16,1174,18,1685,30,1747,11
2514,16,1174,18,1685,30,1773,11
2514,16,1174,18,1685,30,1799,11
2514,16,1174,18,1685,30,1818,11
2514,16,1174,18,1685,30,1873,11
2514,16,1174,18,1685,30,1940,11
2514,16,1174,18,1685,30,1956,11
2514,16,1174,18,1685,30,1997,11
2514,16,1174,18,1685,30,2068,11
2514,16,1174,18,1685,30,2079,11
2514,16,1174,18,1685,30,2123,11
2514,16,1174,18,1685,30,2196,11
2514,16,1174,18,1685,30,2206,11
2514,16,1174,18,1685,30,2216,11
2514,16,1174,18,1685,30,2244,11
2514,16,1174,18,1685,30,2259,11
2514,16,1174,18,1685,30,2261,11
2514,16,1174,18,1685,30,2289,11
2514,16,1174,18,1685,30,2359,11
2514,16,1174,18,1685,30,2370,11
2514,16,1174,18,1685,30,2405,11
2514,16,1174,18,1870,43,45,11
2514,16,1174,18,1870,43,159,11
2514,16,1174,18,1870,43,272,11
2514,16,1174,18,1870,43,338,11
2514,16,1174,18,1870,43,390,11
2514,16,1174,18,1870,43,457,11
2514,16,1174,18,1870,43,463,11
2514,16,1174,18,1870,43,620,11
2514,16,1174,18,1870,43,700,11
2514,16,1174,18,1870,43,742,11
2514,16,1174,18,1870,43,758,11
2514,16,1174,18,1870,43,879,11
2514,16,1174,18,1870,43,927,11
2514,16,1174,18,1870,43,979,11
2514,16,1174,18,1870,43,1003,11
2514,16,1174,18,1870,43,1044,11
2514,16,1174,18,1870,43,1068,11
2514,16,1174,18,1870,43,1153,11
2514,16,1174,18,1870,43,1186,11
2514,16,1174,18,1870,43,1194,11
2514,16,1174,18,1870,43,1259,11
2514,16,1174,18,1870,43,1260,11
2514,16,1174,18,1870,43,1312,11
2514,16,1174,18,1870,43,1388,11
2514,16,1174,18,1870,43,1391,11
2514,16,1174,18,1870,43,1422,11
2514,16,1174,18,1870,43,1556,11
2514,16,1174,18,1870,43,1568,11
2514,16,1174,18,1870,43,1599,11
2514,16,1174,18,1870,43,1747,11
2514,16,1174,18,1870,43,1773,11
2514,16,1174,18,1870,43,1799,11
2514,16,1174,18,1870,43,1818,11
2514,16,1174,18,1870,43,1873,11
2514,16,1174,18,1870,43,1940,11
2514,16,1174,18,1870,43,1956,11
2514,16,1174,18,1870,43,1997,11
2514,16,1174,18,1870,43,2068,11
2514,16,1174,18,1870,43,2079,11
2514,16,1174,18,1870,43,2123,11
2514,16,1174,18,1870,43,2196,11
2514,16,1174,18,1870,43,2206,11
2514,16,1174,18,1870,43,2216,11
2514,16,1174,18,1870,43,2244,11
2514,16,1174,18,1870,43,2259,11
2514,16,1174,18,1870,43,2261,11
2514,16,1174,18,1870,43,2289,11
2514,16,1174,18,1870,43,2359,11
2514,16,1174,18,1870,43,2370,11
2514,16,1174,18,1870,43,2405,11
2514,16,1174,18,1919,10,45,11
2514,16,1174,18,1919,10,159,11
2514,16,1174,18,1919,10,272,11
2514,16,1174,18,1919,10,338,11
2514,16,1174,18,1919,10,390,11
2514,16,1174,18,1919,10,457,11
2514,16,1174,18,1919,10,463,11
2514,16,1174,18,1919,10,620,11
2514,16,1174,18,1919,10,700,11
2514,16,1174,18,1919,10,742,11
2514,16,1174,18,1919,10,758,11
2514,16,1174,18,1919,10,879,11
2514,16,1174,18,1919,10,927,11
2514,16,1174,18,1919,10,979,11
2514,16,1174,18,1919,10,1003,11
2514,16,1174,18,1919,10,1044,11
2514,16,1174,18,1919,10,1068,11
2514,16,1174,18,1919,10,1153,11
2514,16,1174,18,1919,10,1186,11
2514,16,1174,18,1919,10,1194,11
2514,16,1174,18,1919,10,1259,11
2514,16,1174,18,1919,10,1260,11
2514,16,1174,18,1919,10,1312,11
2514,16,1174,18,1919,10,1388,11
2514,16,1174,18,1919,10,1391,11
2514,16,1174,18,1919,10,1422,11
2514,16,1174,18,1919,10,1556,11
2514,16,1174,18,1919,10,1568,11
2514,16,1174,18,1919,10,1599,11
2514,16,1174,18,1919,10,1747,11
2514,16,1174,18,1919,10,1773,11
2514,16,1174,18,1919,10,1799,11
2514,16,1174,18,1919,10,1818,11
2514,16,1174,18,1919,10,1873,11
2514,16,1174,18,1919,10,1940,11
2514,16,1174,18,1919,10,1956,11
2514,16,1174,18,1919,10,1997,11
2514,16,1174,18,1919,10,2068,11
2514,16,1174,18,1919,10,2079,11
2514,16,1174,18,1919,10,2123,11
2514,16,1174,18,1919,10,2196,11
2514,16,1174,18,1919,10,2206,11
2514,16,1174,18,1919,10,2216,11
2514,16,1174,18,1919,10,2244,11
2514,16,1174,18,1919,10,2259,11
2514,16,1174,18,1919,10,2261,11
2514,16,1174,18,1919,10,2289,11
2514,16,1174,18,1919,10,2359,11
2514,16,1174,18,1919,10,2370,11
2514,16,1174,18,1919,10,2405,11
2514,16,1174,18,1923,34,45,11
2514,16,1174,18,1923,34,159,11
2514,16,1174,18,1923,34,272,11
2514,16,1174,18,1923,34,338,11
2514,16,1174,18,1923,34,390,11
2514,16,1174,18,1923,34,457,11
2514,16,1174,18,1923,34,463,11
2514,16,1174,18,1923,34,620,11
2514,16,1174,18,1923,34,700,11
2514,16,1174,18,1923,34,742,11
2514,16,1174,18,1923,34,758,11
2514,16,1174,18,1923,34,879,11
2514,16,1174,18,1923,34,927,11
2514,16,1174,18,1923,34,979,11
2514,16,1174,18,1923,34,1003,11
2514,16,1174,18,1923,34,1044,11
2514,16,1174,18,1923,34,1068,11
2514,16,1174,18,1923,34,1153,11
2514,16,1174,18,1923,34,1186,11
2514,16,1174,18,1923,34,1194,11
2514,16,1174,18,1923,34,1259,11
2514,16,1174,18,1923,34,1260,11
2514,16,1174,18,1923,34,1312,11
2514,16,1174,18,1923,34,1388,11
2514,16,1174,18,1923,34,1391,11
2514,16,1174,18,1923,34,1422,11
2514,16,1174,18,1923,34,1556,11
2514,16,1174,18,1923,34,1568,11
2514,16,1174,18,1923,34,1599,11
2514,16,1174,18,1923,34,1747,11
2514,16,1174,18,1923,34,1773,11
2514,16,1174,18,1923,34,1799,11
2514,16,1174,18,1923,34,1818,11
2514,16,1174,18,1923,34,1873,11
2514,16,1174,18,1923,34,1940,11
2514,16,1174,18,1923,34,1956,11
2514,16,1174,18,1923,34,1997,11
2514,16,1174,18,1923,34,2068,11
2514,16,1174,18,1923,34,2079,11
2514,16,1174,18,1923,34,2123,11
2514,16,1174,18,1923,34,2196,11
2514,16,1174,18,1923,34,2206,11
2514,16,1174,18,1923,34,2216,11
2514,16,1174,18,1923,34,2244,11
2514,16,1174,18,1923,34,2259,11
2514,16,1174,18,1923,34,2261,11
2514,16,1174,18,1923,34,2289,11
2514,16,1174,18,1923,34,2359,11
2514,16,1174,18,1923,34,2370,11
2514,16,1174,18,1923,34,2405,11
