2514,16,1242,43,23,21,45,11
2514,16,1242,43,23,21,159,11
2514,16,1242,43,23,21,272,11
2514,16,1242,43,23,21,338,11
2514,16,1242,43,23,21,390,11
2514,16,1242,43,23,21,457,11
2514,16,1242,43,23,21,463,11
2514,16,1242,43,23,21,620,11
2514,16,1242,43,23,21,700,11
2514,16,1242,43,23,21,742,11
2514,16,1242,43,23,21,758,11
2514,16,1242,43,23,21,879,11
2514,16,1242,43,23,21,927,11
2514,16,1242,43,23,21,979,11
2514,16,1242,43,23,21,1003,11
2514,16,1242,43,23,21,1044,11
2514,16,1242,43,23,21,1068,11
2514,16,1242,43,23,21,1153,11
2514,16,1242,43,23,21,1186,11
2514,16,1242,43,23,21,1194,11
2514,16,1242,43,23,21,1259,11
2514,16,1242,43,23,21,1260,11
2514,16,1242,43,23,21,1312,11
2514,16,1242,43,23,21,1388,11
2514,16,1242,43,23,21,1391,11
2514,16,1242,43,23,21,1422,11
2514,16,1242,43,23,21,1556,11
2514,16,1242,43,23,21,1568,11
2514,16,1242,43,23,21,1599,11
2514,16,1242,43,23,21,1747,11
2514,16,1242,43,23,21,1773,11
2514,16,1242,43,23,21,1799,11
2514,16,1242,43,23,21,1818,11
2514,16,1242,43,23,21,1873,11
2514,16,1242,43,23,21,1940,11
2514,16,1242,43,23,21,1956,11
2514,16,1242,43,23,21,1997,11
2514,16,1242,43,23,21,2068,11
2514,16,1242,43,23,21,2079,11
2514,16,1242,43,23,21,2123,11
2514,16,1242,43,23,21,2196,11
2514,16,1242,43,23,21,2206,11
2514,16,1242,43,23,21,2216,11
2514,16,1242,43,23,21,2244,11
2514,16,1242,43,23,21,2259,11
2514,16,1242,43,23,21,2261,11
2514,16,1242,43,23,21,2289,11
2514,16,1242,43,23,21,2359,11
2514,16,1242,43,23,21,2370,11
2514,16,1242,43,23,21,2405,11
2514,16,1242,43,39,48,45,11
2514,16,1242,43,39,48,159,11
2514,16,1242,43,39,48,272,11
2514,16,1242,43,39,48,338,11
2514,16,1242,43,39,48,390,11
2514,16,1242,43,39,48,457,11
2514,16,1242,43,39,48,463,11
2514,16,1242,43,39,48,620,11
2514,16,1242,43,39,48,700,11
2514,16,1242,43,39,48,742,11
2514,16,1242,43,39,48,758,11
2514,16,1242,43,39,48,879,11
2514,16,1242,43,39,48,927,11
2514,16,1242,43,39,48,979,11
2514,16,1242,43,39,48,1003,11
2514,16,1242,43,39,48,1044,11
2514,16,1242,43,39,48,1068,11
2514,16,1242,43,39,48,1153,11
2514,16,1242,43,39,48,1186,11
2514,16,1242,43,39,48,1194,11
2514,16,1242,43,39,48,1259,11
2514,16,1242,43,39,48,1260,11
2514,16,1242,43,39,48,1312,11
2514,16,1242,43,39,48,1388,11
2514,16,1242,43,39,48,1391,11
2514,16,1242,43,39,48,1422,11
2514,16,1242,43,39,48,1556,11
2514,16,1242,43,39,48,1568,11
2514,16,1242,43,39,48,1599,11
2514,16,1242,43,39,48,1747,11
2514,16,1242,43,39,48,1773,11
2514,16,1242,43,39,48,1799,11
2514,16,1242,43,39,48,1818,11
2514,16,1242,43,39,48,1873,11
2514,16,1242,43,39,48,1940,11
2514,16,1242,43,39,48,1956,11
2514,16,1242,43,39,48,1997,11
2514,16,1242,43,39,48,2068,11
2514,16,1242,43,39,48,2079,11
2514,16,1242,43,39,48,2123,11
2514,16,1242,43,39,48,2196,11
2514,16,1242,43,39,48,2206,11
2514,16,1242,43,39,48,2216,11
2514,16,1242,43,39,48,2244,11
2514,16,1242,43,39,48,2259,11
2514,16,1242,43,39,48,2261,11
2514,16,1242,43,39,48,2289,11
2514,16,1242,43,39,48,2359,11
2514,16,1242,43,39,48,2370,11
2514,16,1242,43,39,48,2405,11
2514,16,1242,43,188,28,45,11
2514,16,1242,43,188,28,159,11
2514,16,1242,43,188,28,272,11
2514,16,1242,43,188,28,338,11
2514,16,1242,43,188,28,390,11
2514,16,1242,43,188,28,457,11
2514,16,1242,43,188,28,463,11
2514,16,1242,43,188,28,620,11
2514,16,1242,43,188,28,700,11
2514,16,1242,43,188,28,742,11
2514,16,1242,43,188,28,758,11
2514,16,1242,43,188,28,879,11
2514,16,1242,43,188,28,927,11
2514,16,1242,43,188,28,979,11
2514,16,1242,43,188,28,1003,11
2514,16,1242,43,188,28,1044,11
2514,16,1242,43,188,28,1068,11
2514,16,1242,43,188,28,1153,11
2514,16,1242,43,188,28,1186,11
2514,16,1242,43,188,28,1194,11
2514,16,1242,43,188,28,1259,11
2514,16,1242,43,188,28,1260,11
2514,16,1242,43,188,28,1312,11
2514,16,1242,43,188,28,1388,11
2514,16,1242,43,188,28,1391,11
2514,16,1242,43,188,28,1422,11
2514,16,1242,43,188,28,1556,11
2514,16,1242,43,188,28,1568,11
2514,16,1242,43,188,28,1599,11
2514,16,1242,43,188,28,1747,11
2514,16,1242,43,188,28,1773,11
2514,16,1242,43,188,28,1799,11
2514,16,1242,43,188,28,1818,11
2514,16,1242,43,188,28,1873,11
2514,16,1242,43,188,28,1940,11
2514,16,1242,43,188,28,1956,11
2514,16,1242,43,188,28,1997,11
2514,16,1242,43,188,28,2068,11
2514,16,1242,43,188,28,2079,11
2514,16,1242,43,188,28,2123,11
2514,16,1242,43,188,28,2196,11
2514,16,1242,43,188,28,2206,11
2514,16,1242,43,188,28,2216,11
2514,16,1242,43,188,28,2244,11
2514,16,1242,43,188,28,2259,11
2514,16,1242,43,188,28,2261,11
2514,16,1242,43,188,28,2289,11
2514,16,1242,43,188,28,2359,11
2514,16,1242,43,188,28,2370,11
2514,16,1242,43,188,28,2405,11
2514,16,1242,43,260,20,159,11
2514,16,1242,43,260,20,457,11
2514,16,1242,43,260,20,463,11
2514,16,1242,43,260,20,700,11
2514,16,1242,43,260,20,879,11
2514,16,1242,43,260,20,927,11
2514,16,1242,43,260,20,1003,11
2514,16,1242,43,260,20,1153,11
2514,16,1242,43,260,20,1194,11
2514,16,1242,43,260,20,1388,11
2514,16,1242,43,260,20,1556,11
2514,16,1242,43,260,20,1568,11
2514,16,1242,43,260,20,1599,11
2514,16,1242,43,260,20,1818,11
2514,16,1242,43,260,20,1873,11
2514,16,1242,43,260,20,1940,11
2514,16,1242,43,260,20,2123,11
2514,16,1242,43,260,20,2196,11
2514,16,1242,43,260,20,2216,11
2514,16,1242,43,260,20,2370,11
2514,16,1242,43,263,24,45,11
2514,16,1242,43,263,24,338,11
2514,16,1242,43,263,24,390,11
2514,16,1242,43,263,24,620,11
2514,16,1242,43,263,24,742,11
2514,16,1242,43,263,24,758,11
2514,16,1242,43,263,24,979,11
2514,16,1242,43,263,24,1044,11
2514,16,1242,43,263,24,1186,11
2514,16,1242,43,263,24,1259,11
2514,16,1242,43,263,24,1312,11
2514,16,1242,43,263,24,1773,11
2514,16,1242,43,263,24,1799,11
2514,16,1242,43,263,24,1956,11
2514,16,1242,43,263,24,1997,11
2514,16,1242,43,263,24,2206,11
2514,16,1242,43,263,24,2244,11
2514,16,1242,43,263,24,2261,11
2514,16,1242,43,263,24,2289,11
2514,16,1242,43,263,24,2359,11
2514,16,1242,43,987,13,45,11
2514,16,1242,43,987,13,159,11
2514,16,1242,43,987,13,272,11
2514,16,1242,43,987,13,338,11
2514,16,1242,43,987,13,390,11
2514,16,1242,43,987,13,457,11
2514,16,1242,43,987,13,463,11
2514,16,1242,43,987,13,620,11
2514,16,1242,43,987,13,700,11
2514,16,1242,43,987,13,742,11
2514,16,1242,43,987,13,758,11
2514,16,1242,43,987,13,879,11
2514,16,1242,43,987,13,927,11
2514,16,1242,43,987,13,979,11
2514,16,1242,43,987,13,1003,11
2514,16,1242,43,987,13,1044,11
2514,16,1242,43,987,13,1068,11
2514,16,1242,43,987,13,1153,11
2514,16,1242,43,987,13,1186,11
2514,16,1242,43,987,13,1194,11
2514,16,1242,43,987,13,1259,11
2514,16,1242,43,987,13,1260,11
2514,16,1242,43,987,13,1312,11
2514,16,1242,43,987,13,1388,11
2514,16,1242,43,987,13,1391,11
2514,16,1242,43,987,13,1422,11
2514,16,1242,43,987,13,1556,11
2514,16,1242,43,987,13,1568,11
2514,16,1242,43,987,13,1599,11
2514,16,1242,43,987,13,1747,11
2514,16,1242,43,987,13,1773,11
2514,16,1242,43,987,13,1799,11
2514,16,1242,43,987,13,1818,11
2514,16,1242,43,987,13,1873,11
2514,16,1242,43,987,13,1940,11
2514,16,1242,43,987,13,1956,11
2514,16,1242,43,987,13,1997,11
2514,16,1242,43,987,13,2068,11
2514,16,1242,43,987,13,2079,11
2514,16,1242,43,987,13,2123,11
2514,16,1242,43,987,13,2196,11
2514,16,1242,43,987,13,2206,11
2514,16,1242,43,987,13,2216,11
2514,16,1242,43,987,13,2244,11
2514,16,1242,43,987,13,2259,11
2514,16,1242,43,987,13,2261,11
2514,16,1242,43,987,13,2289,11
2514,16,1242,43,987,13,2359,11
2514,16,1242,43,987,13,2370,11
2514,16,1242,43,987,13,2405,11
2514,16,1242,43,1000,11,45,11
2514,16,1242,43,1000,11,159,11
2514,16,1242,43,1000,11,272,11
2514,16,1242,43,1000,11,338,11
2514,16,1242,43,1000,11,390,11
2514,16,1242,43,1000,11,457,11
2514,16,1242,43,1000,11,463,11
2514,16,1242,43,1000,11,620,11
2514,16,1242,43,1000,11,700,11
2514,16,1242,43,1000,11,742,11
2514,16,1242,43,1000,11,758,11
2514,16,1242,43,1000,11,879,11
2514,16,1242,43,1000,11,927,11
2514,16,1242,43,1000,11,979,11
2514,16,1242,43,1000,11,1003,11
2514,16,1242,43,1000,11,1044,11
2514,16,1242,43,1000,11,1068,11
2514,16,1242,43,1000,11,1153,11
2514,16,1242,43,1000,11,1186,11
2514,16,1242,43,1000,11,1194,11
2514,16,1242,43,1000,11,1259,11
2514,16,1242,43,1000,11,1260,11
2514,16,1242,43,1000,11,1312,11
2514,16,1242,43,1000,11,1388,11
2514,16,1242,43,1000,11,1391,11
2514,16,1242,43,1000,11,1422,11
2514,16,1242,43,1000,11,1556,11
2514,16,1242,43,1000,11,1568,11
2514,16,1242,43,1000,11,1599,11
2514,16,1242,43,1000,11,1747,11
2514,16,1242,43,1000,11,1773,11
2514,16,1242,43,1000,11,1799,11
2514,16,1242,43,1000,11,1818,11
2514,16,1242,43,1000,11,1873,11
2514,16,1242,43,1000,11,1940,11
2514,16,1242,43,1000,11,1956,11
2514,16,1242,43,1000,11,1997,11
2514,16,1242,43,1000,11,2068,11
2514,16,1242,43,1000,11,2079,11
2514,16,1242,43,1000,11,2123,11
2514,16,1242,43,1000,11,2196,11
2514,16,1242,43,1000,11,2206,11
2514,16,1242,43,1000,11,2216,11
2514,16,1242,43,1000,11,2244,11
2514,16,1242,43,1000,11,2259,11
2514,16,1242,43,1000,11,2261,11
2514,16,1242,43,1000,11,2289,11
2514,16,1242,43,1000,11,2359,11
2514,16,1242,43,1000,11,2370,11
2514,16,1242,43,1000,11,2405,11
2514,16,1242,43,1049,19,45,11
2514,16,1242,43,1049,19,159,11
2514,16,1242,43,1049,19,272,11
2514,16,1242,43,1049,19,338,11
2514,16,1242,43,1049,19,390,11
2514,16,1242,43,1049,19,457,11
2514,16,1242,43,1049,19,463,11
2514,16,1242,43,1049,19,620,11
2514,16,1242,43,1049,19,700,11
2514,16,1242,43,1049,19,742,11
2514,16,1242,43,1049,19,758,11
2514,16,1242,43,1049,19,879,11
2514,16,1242,43,1049,19,927,11
2514,16,1242,43,1049,19,979,11
2514,16,1242,43,1049,19,1003,11
2514,16,1242,43,1049,19,1044,11
2514,16,1242,43,1049,19,1068,11
2514,16,1242,43,1049,19,1153,11
2514,16,1242,43,1049,19,1186,11
2514,16,1242,43,1049,19,1194,11
2514,16,1242,43,1049,19,1259,11
2514,16,1242,43,1049,19,1260,11
2514,16,1242,43,1049,19,1312,11
2514,16,1242,43,1049,19,1388,11
2514,16,1242,43,1049,19,1391,11
2514,16,1242,43,1049,19,1422,11
2514,16,1242,43,1049,19,1556,11
2514,16,1242,43,1049,19,1568,11
2514,16,1242,43,1049,19,1599,11
2514,16,1242,43,1049,19,1747,11
2514,16,1242,43,1049,19,1773,11
2514,16,1242,43,1049,19,1799,11
2514,16,1242,43,1049,19,1818,11
2514,16,1242,43,1049,19,1873,11
2514,16,1242,43,1049,19,1940,11
2514,16,1242,43,1049,19,1956,11
2514,16,1242,43,1049,19,1997,11
2514,16,1242,43,1049,19,2068,11
2514,16,1242,43,1049,19,2079,11
2514,16,1242,43,1049,19,2123,11
2514,16,1242,43,1049,19,2196,11
2514,16,1242,43,1049,19,2206,11
2514,16,1242,43,1049,19,2216,11
2514,16,1242,43,1049,19,2244,11
2514,16,1242,43,1049,19,2259,11
2514,16,1242,43,1049,19,2261,11
2514,16,1242,43,1049,19,2289,11
2514,16,1242,43,1049,19,2359,11
2514,16,1242,43,1049,19,2370,11
2514,16,1242,43,1049,19,2405,11
2514,16,1242,43,1096,44,45,11
2514,16,1242,43,1096,44,159,11
2514,16,1242,43,1096,44,272,11
2514,16,1242,43,1096,44,338,11
2514,16,1242,43,1096,44,390,11
2514,16,1242,43,1096,44,457,11
2514,16,1242,43,1096,44,463,11
2514,16,1242,43,1096,44,620,11
2514,16,1242,43,1096,44,700,11
2514,16,1242,43,1096,44,742,11
2514,16,1242,43,1096,44,758,11
2514,16,1242,43,1096,44,879,11
2514,16,1242,43,1096,44,927,11
2514,16,1242,43,1096,44,979,11
2514,16,1242,43,1096,44,1003,11
2514,16,1242,43,1096,44,1044,11
2514,16,1242,43,1096,44,1068,11
2514,16,1242,43,1096,44,1153,11
2514,16,1242,43,1096,44,1186,11
2514,16,1242,43,1096,44,1194,11
2514,16,1242,43,1096,44,1259,11
2514,16,1242,43,1096,44,1260,11
2514,16,1242,43,1096,44,1312,11
2514,16,1242,43,1096,44,1388,11
2514,16,1242,43,1096,44,1391,11
2514,16,1242,43,1096,44,1422,11
2514,16,1242,43,1096,44,1556,11
2514,16,1242,43,1096,44,1568,11
2514,16,1242,43,1096,44,1599,11
2514,16,1242,43,1096,44,1747,11
2514,16,1242,43,1096,44,1773,11
2514,16,1242,43,1096,44,1799,11
2514,16,1242,43,1096,44,1818,11
2514,16,1242,43,1096,44,1873,11
2514,16,1242,43,1096,44,1940,11
2514,16,1242,43,1096,44,1956,11
2514,16,1242,43,1096,44,1997,11
2514,16,1242,43,1096,44,2068,11
2514,16,1242,43,1096,44,2079,11
2514,16,1242,43,1096,44,2123,11
2514,16,1242,43,1096,44,2196,11
2514,16,1242,43,1096,44,2206,11
2514,16,1242,43,1096,44,2216,11
2514,16,1242,43,1096,44,2244,11
2514,16,1242,43,1096,44,2259,11
2514,16,1242,43,1096,44,2261,11
2514,16,1242,43,1096,44,2289,11
2514,16,1242,43,1096,44,2359,11
2514,16,1242,43,1096,44,2370,11
2514,16,1242,43,1096,44,2405,11
2514,16,1242,43,1282,12,45,11
2514,16,1242,43,1282,12,159,11
2514,16,1242,43,1282,12,272,11
2514,16,1242,43,1282,12,338,11
2514,16,1242,43,1282,12,390,11
2514,16,1242,43,1282,12,457,11
2514,16,1242,43,1282,12,463,11
2514,16,1242,43,1282,12,620,11
2514,16,1242,43,1282,12,700,11
2514,16,1242,43,1282,12,742,11
2514,16,1242,43,1282,12,758,11
2514,16,1242,43,1282,12,879,11
2514,16,1242,43,1282,12,927,11
2514,16,1242,43,1282,12,979,11
2514,16,1242,43,1282,12,1003,11
2514,16,1242,43,1282,12,1044,11
2514,16,1242,43,1282,12,1068,11
2514,16,1242,43,1282,12,1153,11
2514,16,1242,43,1282,12,1186,11
2514,16,1242,43,1282,12,1194,11
2514,16,1242,43,1282,12,1259,11
2514,16,1242,43,1282,12,1260,11
2514,16,1242,43,1282,12,1312,11
2514,16,1242,43,1282,12,1388,11
2514,16,1242,43,1282,12,1391,11
2514,16,1242,43,1282,12,1422,11
2514,16,1242,43,1282,12,1556,11
2514,16,1242,43,1282,12,1568,11
2514,16,1242,43,1282,12,1599,11
2514,16,1242,43,1282,12,1747,11
2514,16,1242,43,1282,12,1773,11
2514,16,1242,43,1282,12,1799,11
2514,16,1242,43,1282,12,1818,11
2514,16,1242,43,1282,12,1873,11
2514,16,1242,43,1282,12,1940,11
2514,16,1242,43,1282,12,1956,11
2514,16,1242,43,1282,12,1997,11
2514,16,1242,43,1282,12,2068,11
2514,16,1242,43,1282,12,2079,11
2514,16,1242,43,1282,12,2123,11
2514,16,1242,43,1282,12,2196,11
2514,16,1242,43,1282,12,2206,11
2514,16,1242,43,1282,12,2216,11
2514,16,1242,43,1282,12,2244,11
2514,16,1242,43,1282,12,2259,11
2514,16,1242,43,1282,12,2261,11
2514,16,1242,43,1282,12,2289,11
2514,16,1242,43,1282,12,2359,11
2514,16,1242,43,1282,12,2370,11
2514,16,1242,43,1282,12,2405,11
2514,16,1242,43,1382,28,45,11
2514,16,1242,43,1382,28,159,11
2514,16,1242,43,1382,28,272,11
2514,16,1242,43,1382,28,338,11
2514,16,1242,43,1382,28,390,11
2514,16,1242,43,1382,28,457,11
2514,16,1242,43,1382,28,463,11
2514,16,1242,43,1382,28,620,11
2514,16,1242,43,1382,28,700,11
2514,16,1242,43,1382,28,742,11
2514,16,1242,43,1382,28,758,11
2514,16,1242,43,1382,28,879,11
2514,16,1242,43,1382,28,927,11
2514,16,1242,43,1382,28,979,11
2514,16,1242,43,1382,28,1003,11
2514,16,1242,43,1382,28,1044,11
2514,16,1242,43,1382,28,1068,11
2514,16,1242,43,1382,28,1153,11
2514,16,1242,43,1382,28,1186,11
2514,16,1242,43,1382,28,1194,11
2514,16,1242,43,1382,28,1259,11
2514,16,1242,43,1382,28,1260,11
2514,16,1242,43,1382,28,1312,11
2514,16,1242,43,1382,28,1388,11
2514,16,1242,43,1382,28,1391,11
2514,16,1242,43,1382,28,1422,11
2514,16,1242,43,1382,28,1556,11
2514,16,1242,43,1382,28,1568,11
2514,16,1242,43,1382,28,1599,11
2514,16,1242,43,1382,28,1747,11
2514,16,1242,43,1382,28,1773,11
2514,16,1242,43,1382,28,1799,11
2514,16,1242,43,1382,28,1818,11
2514,16,1242,43,1382,28,1873,11
2514,16,1242,43,1382,28,1940,11
2514,16,1242,43,1382,28,1956,11
2514,16,1242,43,1382,28,1997,11
2514,16,1242,43,1382,28,2068,11
2514,16,1242,43,1382,28,2079,11
2514,16,1242,43,1382,28,2123,11
2514,16,1242,43,1382,28,2196,11
2514,16,1242,43,1382,28,2206,11
2514,16,1242,43,1382,28,2216,11
2514,16,1242,43,1382,28,2244,11
2514,16,1242,43,1382,28,2259,11
2514,16,1242,43,1382,28,2261,11
2514,16,1242,43,1382,28,2289,11
2514,16,1242,43,1382,28,2359,11
2514,16,1242,43,1382,28,2370,11
2514,16,1242,43,1382,28,2405,11
2514,16,1242,43,1479,11,45,11
2514,16,1242,43,1479,11,159,11
2514,16,1242,43,1479,11,272,11
2514,16,1242,43,1479,11,338,11
2514,16,1242,43,1479,11,390,11
2514,16,1242,43,1479,11,457,11
2514,16,1242,43,1479,11,463,11
2514,16,1242,43,1479,11,620,11
2514,16,1242,43,1479,11,700,11
2514,16,1242,43,1479,11,742,11
2514,16,1242,43,1479,11,758,11
2514,16,1242,43,1479,11,879,11
2514,16,1242,43,1479,11,927,11
2514,16,1242,43,1479,11,979,11
2514,16,1242,43,1479,11,1003,11
2514,16,1242,43,1479,11,1044,11
2514,16,1242,43,1479,11,1068,11
2514,16,1242,43,1479,11,1153,11
2514,16,1242,43,1479,11,1186,11
2514,16,1242,43,1479,11,1194,11
2514,16,1242,43,1479,11,1259,11
2514,16,1242,43,1479,11,1260,11
2514,16,1242,43,1479,11,1312,11
2514,16,1242,43,1479,11,1388,11
2514,16,1242,43,1479,11,1391,11
2514,16,1242,43,1479,11,1422,11
2514,16,1242,43,1479,11,1556,11
2514,16,1242,43,1479,11,1568,11
2514,16,1242,43,1479,11,1599,11
2514,16,1242,43,1479,11,1747,11
2514,16,1242,43,1479,11,1773,11
2514,16,1242,43,1479,11,1799,11
2514,16,1242,43,1479,11,1818,11
2514,16,1242,43,1479,11,1873,11
2514,16,1242,43,1479,11,1940,11
2514,16,1242,43,1479,11,1956,11
2514,16,1242,43,1479,11,1997,11
2514,16,1242,43,1479,11,2068,11
2514,16,1242,43,1479,11,2079,11
2514,16,1242,43,1479,11,2123,11
2514,16,1242,43,1479,11,2196,11
2514,16,1242,43,1479,11,2206,11
2514,16,1242,43,1479,11,2216,11
2514,16,1242,43,1479,11,2244,11
2514,16,1242,43,1479,11,2259,11
2514,16,1242,43,1479,11,2261,11
2514,16,1242,43,1479,11,2289,11
2514,16,1242,43,1479,11,2359,11
2514,16,1242,43,1479,11,2370,11
2514,16,1242,43,1479,11,2405,11
2514,16,1242,43,1520,22,45,11
2514,16,1242,43,1520,22,159,11
2514,16,1242,43,1520,22,272,11
2514,16,1242,43,1520,22,338,11
2514,16,1242,43,1520,22,390,11
2514,16,1242,43,1520,22,457,11
2514,16,1242,43,1520,22,463,11
2514,16,1242,43,1520,22,620,11
2514,16,1242,43,1520,22,700,11
2514,16,1242,43,1520,22,742,11
2514,16,1242,43,1520,22,758,11
2514,16,1242,43,1520,22,879,11
2514,16,1242,43,1520,22,927,11
2514,16,1242,43,1520,22,979,11
2514,16,1242,43,1520,22,1003,11
2514,16,1242,43,1520,22,1044,11
2514,16,1242,43,1520,22,1068,11
2514,16,1242,43,1520,22,1153,11
2514,16,1242,43,1520,22,1186,11
2514,16,1242,43,1520,22,1194,11
2514,16,1242,43,1520,22,1259,11
2514,16,1242,43,1520,22,1260,11
2514,16,1242,43,1520,22,1312,11
2514,16,1242,43,1520,22,1388,11
2514,16,1242,43,1520,22,1391,11
2514,16,1242,43,1520,22,1422,11
2514,16,1242,43,1520,22,1556,11
2514,16,1242,43,1520,22,1568,11
2514,16,1242,43,1520,22,1599,11
2514,16,1242,43,1520,22,1747,11
2514,16,1242,43,1520,22,1773,11
2514,16,1242,43,1520,22,1799,11
2514,16,1242,43,1520,22,1818,11
2514,16,1242,43,1520,22,1873,11
2514,16,1242,43,1520,22,1940,11
2514,16,1242,43,1520,22,1956,11
2514,16,1242,43,1520,22,1997,11
2514,16,1242,43,1520,22,2068,11
2514,16,1242,43,1520,22,2079,11
2514,16,1242,43,1520,22,2123,11
2514,16,1242,43,1520,22,2196,11
2514,16,1242,43,1520,22,2206,11
2514,16,1242,43,1520,22,2216,11
2514,16,1242,43,1520,22,2244,11
2514,16,1242,43,1520,22,2259,11
2514,16,1242,43,1520,22,2261,11
2514,16,1242,43,1520,22,2289,11
2514,16,1242,43,1520,22,2359,11
2514,16,1242,43,1520,22,2370,11
2514,16,1242,43,1520,22,2405,11
2514,16,1242,43,1838,14,45,11
2514,16,1242,43,1838,14,159,11
2514,16,1242,43,1838,14,272,11
2514,16,1242,43,1838,14,338,11
2514,16,1242,43,1838,14,390,11
2514,16,1242,43,1838,14,457,11
2514,16,1242,43,1838,14,463,11
2514,16,1242,43,1838,14,620,11
2514,16,1242,43,1838,14,700,11
2514,16,1242,43,1838,14,742,11
2514,16,1242,43,1838,14,758,11
2514,16,1242,43,1838,14,879,11
2514,16,1242,43,1838,14,927,11
2514,16,1242,43,1838,14,979,11
2514,16,1242,43,1838,14,1003,11
2514,16,1242,43,1838,14,1044,11
2514,16,1242,43,1838,14,1068,11
2514,16,1242,43,1838,14,1153,11
2514,16,1242,43,1838,14,1186,11
2514,16,1242,43,1838,14,1194,11
2514,16,1242,43,1838,14,1259,11
2514,16,1242,43,1838,14,1260,11
2514,16,1242,43,1838,14,1312,11
2514,16,1242,43,1838,14,1388,11
2514,16,1242,43,1838,14,1391,11
2514,16,1242,43,1838,14,1422,11
2514,16,1242,43,1838,14,1556,11
2514,16,1242,43,1838,14,1568,11
2514,16,1242,43,1838,14,1599,11
2514,16,1242,43,1838,14,1747,11
2514,16,1242,43,1838,14,1773,11
2514,16,1242,43,1838,14,1799,11
2514,16,1242,43,1838,14,1818,11
2514,16,1242,43,1838,14,1873,11
2514,16,1242,43,1838,14,1940,11
2514,16,1242,43,1838,14,1956,11
2514,16,1242,43,1838,14,1997,11
2514,16,1242,43,1838,14,2068,11
2514,16,1242,43,1838,14,2079,11
2514,16,1242,43,1838,14,2123,11
2514,16,1242,43,1838,14,2196,11
2514,16,1242,43,1838,14,2206,11
2514,16,1242,43,1838,14,2216,11
2514,16,1242,43,1838,14,2244,11
2514,16,1242,43,1838,14,2259,11
2514,16,1242,43,1838,14,2261,11
2514,16,1242,43,1838,14,2289,11
2514,16,1242,43,1838,14,2359,11
2514,16,1242,43,1838,14,2370,11
2514,16,1242,43,1838,14,2405,11
