2514,16,1242,43,609,43,45,11
2514,16,1242,43,609,43,159,11
2514,16,1242,43,609,43,272,11
2514,16,1242,43,609,43,338,11
2514,16,1242,43,609,43,390,11
2514,16,1242,43,609,43,457,11
2514,16,1242,43,609,43,463,11
2514,16,1242,43,609,43,620,11
2514,16,1242,43,609,43,700,11
2514,16,1242,43,609,43,742,11
2514,16,1242,43,609,43,758,11
2514,16,1242,43,609,43,879,11
2514,16,1242,43,609,43,927,11
2514,16,1242,43,609,43,979,11
2514,16,1242,43,609,43,1003,11
2514,16,1242,43,609,43,1044,11
2514,16,1242,43,609,43,1068,11
2514,16,1242,43,609,43,1153,11
2514,16,1242,43,609,43,1186,11
2514,16,1242,43,609,43,1194,11
2514,16,1242,43,609,43,1259,11
2514,16,1242,43,609,43,1260,11
2514,16,1242,43,609,43,1312,11
2514,16,1242,43,609,43,1388,11
2514,16,1242,43,609,43,1391,11
2514,16,1242,43,609,43,1422,11
2514,16,1242,43,609,43,1556,11
2514,16,1242,43,609,43,1568,11
2514,16,1242,43,609,43,1599,11
2514,16,1242,43,609,43,1747,11
2514,16,1242,43,609,43,1773,11
2514,16,1242,43,609,43,1799,11
2514,16,1242,43,609,43,1818,11
2514,16,1242,43,609,43,1873,11
2514,16,1242,43,609,43,1940,11
2514,16,1242,43,609,43,1956,11
2514,16,1242,43,609,43,1997,11
2514,16,1242,43,609,43,2068,11
2514,16,1242,43,609,43,2079,11
2514,16,1242,43,609,43,2123,11
2514,16,1242,43,609,43,2196,11
2514,16,1242,43,609,43,2206,11
2514,16,1242,43,609,43,2216,11
2514,16,1242,43,609,43,2244,11
2514,16,1242,43,609,43,2259,11
2514,16,1242,43,609,43,2261,11
2514,16,1242,43,609,43,2289,11
2514,16,1242,43,609,43,2359,11
2514,16,1242,43,609,43,2370,11
2514,16,1242,43,609,43,2405,11
2514,16,1242,43,658,17,45,11
2514,16,1242,43,658,17,159,11
2514,16,1242,43,658,17,272,11
2514,16,1242,43,658,17,338,11
2514,16,1242,43,658,17,390,11
2514,16,1242,43,658,17,457,11
2514,16,1242,43,658,17,463,11
2514,16,1242,43,658,17,620,11
2514,16,1242,43,658,17,700,11
2514,16,1242,43,658,17,742,11
2514,16,1242,43,658,17,758,11
2514,16,1242,43,658,17,879,11
2514,16,1242,43,658,17,927,11
2514,16,1242,43,658,17,979,11
2514,16,1242,43,658,17,1003,11
2514,16,1242,43,658,17,1044,11
2514,16,1242,43,658,17,1068,11
2514,16,1242,43,658,17,1153,11
2514,16,1242,43,658,17,1186,11
2514,16,1242,43,658,17,1194,11
2514,16,1242,43,658,17,1259,11
2514,16,1242,43,658,17,1260,11
2514,16,1242,43,658,17,1312,11
2514,16,1242,43,658,17,1388,11
2514,16,1242,43,658,17,1391,11
2514,16,1242,43,658,17,1422,11
2514,16,1242,43,658,17,1556,11
2514,16,1242,43,658,17,1568,11
2514,16,1242,43,658,17,1599,11
2514,16,1242,43,658,17,1747,11
2514,16,1242,43,658,17,1773,11
2514,16,1242,43,658,17,1799,11
2514,16,1242,43,658,17,1818,11
2514,16,1242,43,658,17,1873,11
2514,16,1242,43,658,17,1940,11
2514,16,1242,43,658,17,1956,11
2514,16,1242,43,658,17,1997,11
2514,16,1242,43,658,17,2068,11
2514,16,1242,43,658,17,2079,11
2514,16,1242,43,658,17,2123,11
2514,16,1242,43,658,17,2196,11
2514,16,1242,43,658,17,2206,11
2514,16,1242,43,658,17,2216,11
2514,16,1242,43,658,17,2244,11
2514,16,1242,43,658,17,2259,11
2514,16,1242,43,658,17,2261,11
2514,16,1242,43,658,17,2289,11
2514,16,1242,43,658,17,2359,11
2514,16,1242,43,658,17,2370,11
2514,16,1242,43,658,17,2405,11
2514,16,1242,43,667,35,45,11
2514,16,1242,43,667,35,159,11
2514,16,1242,43,667,35,272,11
2514,16,1242,43,667,35,338,11
2514,16,1242,43,667,35,390,11
2514,16,1242,43,667,35,457,11
2514,16,1242,43,667,35,463,11
2514,16,1242,43,667,35,620,11
2514,16,1242,43,667,35,700,11
2514,16,1242,43,667,35,742,11
2514,16,1242,43,667,35,758,11
2514,16,1242,43,667,35,879,11
2514,16,1242,43,667,35,927,11
2514,16,1242,43,667,35,979,11
2514,16,1242,43,667,35,1003,11
2514,16,1242,43,667,35,1044,11
2514,16,1242,43,667,35,1068,11
2514,16,1242,43,667,35,1153,11
2514,16,1242,43,667,35,1186,11
2514,16,1242,43,667,35,1194,11
2514,16,1242,43,667,35,1259,11
2514,16,1242,43,667,35,1260,11
2514,16,1242,43,667,35,1312,11
2514,16,1242,43,667,35,1388,11
2514,16,1242,43,667,35,1391,11
2514,16,1242,43,667,35,1422,11
2514,16,1242,43,667,35,1556,11
2514,16,1242,43,667,35,1568,11
2514,16,1242,43,667,35,1599,11
2514,16,1242,43,667,35,1747,11
2514,16,1242,43,667,35,1773,11
2514,16,1242,43,667,35,1799,11
2514,16,1242,43,667,35,1818,11
2514,16,1242,43,667,35,1873,11
2514,16,1242,43,667,35,1940,11
2514,16,1242,43,667,35,1956,11
2514,16,1242,43,667,35,1997,11
2514,16,1242,43,667,35,2068,11
2514,16,1242,43,667,35,2079,11
2514,16,1242,43,667,35,2123,11
2514,16,1242,43,667,35,2196,11
2514,16,1242,43,667,35,2206,11
2514,16,1242,43,667,35,2216,11
2514,16,1242,43,667,35,2244,11
2514,16,1242,43,667,35,2259,11
2514,16,1242,43,667,35,2261,11
2514,16,1242,43,667,35,2289,11
2514,16,1242,43,667,35,2359,11
2514,16,1242,43,667,35,2370,11
2514,16,1242,43,667,35,2405,11
2514,16,1242,43,742,20,45,11
2514,16,1242,43,742,20,159,11
2514,16,1242,43,742,20,272,11
2514,16,1242,43,742,20,338,11
2514,16,1242,43,742,20,390,11
2514,16,1242,43,742,20,457,11
2514,16,1242,43,742,20,463,11
2514,16,1242,43,742,20,620,11
2514,16,1242,43,742,20,700,11
2514,16,1242,43,742,20,742,11
2514,16,1242,43,742,20,758,11
2514,16,1242,43,742,20,879,11
2514,16,1242,43,742,20,927,11
2514,16,1242,43,742,20,979,11
2514,16,1242,43,742,20,1003,11
2514,16,1242,43,742,20,1044,11
2514,16,1242,43,742,20,1068,11
2514,16,1242,43,742,20,1153,11
2514,16,1242,43,742,20,1186,11
2514,16,1242,43,742,20,1194,11
2514,16,1242,43,742,20,1259,11
2514,16,1242,43,742,20,1260,11
2514,16,1242,43,742,20,1312,11
2514,16,1242,43,742,20,1388,11
2514,16,1242,43,742,20,1391,11
2514,16,1242,43,742,20,1422,11
2514,16,1242,43,742,20,1556,11
2514,16,1242,43,742,20,1568,11
2514,16,1242,43,742,20,1599,11
2514,16,1242,43,742,20,1747,11
2514,16,1242,43,742,20,1773,11
2514,16,1242,43,742,20,1799,11
2514,16,1242,43,742,20,1818,11
2514,16,1242,43,742,20,1873,11
2514,16,1242,43,742,20,1940,11
2514,16,1242,43,742,20,1956,11
2514,16,1242,43,742,20,1997,11
2514,16,1242,43,742,20,2068,11
2514,16,1242,43,742,20,2079,11
2514,16,1242,43,742,20,2123,11
2514,16,1242,43,742,20,2196,11
2514,16,1242,43,742,20,2206,11
2514,16,1242,43,742,20,2216,11
2514,16,1242,43,742,20,2244,11
2514,16,1242,43,742,20,2259,11
2514,16,1242,43,742,20,2261,11
2514,16,1242,43,742,20,2289,11
2514,16,1242,43,742,20,2359,11
2514,16,1242,43,742,20,2370,11
2514,16,1242,43,742,20,2405,11
2514,16,1242,43,749,34,45,11
2514,16,1242,43,749,34,159,11
2514,16,1242,43,749,34,272,11
2514,16,1242,43,749,34,338,11
2514,16,1242,43,749,34,390,11
2514,16,1242,43,749,34,457,11
2514,16,1242,43,749,34,463,11
2514,16,1242,43,749,34,620,11
2514,16,1242,43,749,34,700,11
2514,16,1242,43,749,34,742,11
2514,16,1242,43,749,34,758,11
2514,16,1242,43,749,34,879,11
2514,16,1242,43,749,34,927,11
2514,16,1242,43,749,34,979,11
2514,16,1242,43,749,34,1003,11
2514,16,1242,43,749,34,1044,11
2514,16,1242,43,749,34,1068,11
2514,16,1242,43,749,34,1153,11
2514,16,1242,43,749,34,1186,11
2514,16,1242,43,749,34,1194,11
2514,16,1242,43,749,34,1259,11
2514,16,1242,43,749,34,1260,11
2514,16,1242,43,749,34,1312,11
2514,16,1242,43,749,34,1388,11
2514,16,1242,43,749,34,1391,11
2514,16,1242,43,749,34,1422,11
2514,16,1242,43,749,34,1556,11
2514,16,1242,43,749,34,1568,11
2514,16,1242,43,749,34,1599,11
2514,16,1242,43,749,34,1747,11
2514,16,1242,43,749,34,1773,11
2514,16,1242,43,749,34,1799,11
2514,16,1242,43,749,34,1818,11
2514,16,1242,43,749,34,1873,11
2514,16,1242,43,749,34,1940,11
2514,16,1242,43,749,34,1956,11
2514,16,1242,43,749,34,1997,11
2514,16,1242,43,749,34,2068,11
2514,16,1242,43,749,34,2079,11
2514,16,1242,43,749,34,2123,11
2514,16,1242,43,749,34,2196,11
2514,16,1242,43,749,34,2206,11
2514,16,1242,43,749,34,2216,11
2514,16,1242,43,749,34,2244,11
2514,16,1242,43,749,34,2259,11
2514,16,1242,43,749,34,2261,11
2514,16,1242,43,749,34,2289,11
2514,16,1242,43,749,34,2359,11
2514,16,1242,43,749,34,2370,11
2514,16,1242,43,749,34,2405,11
2514,16,1242,43,898,44,45,11
2514,16,1242,43,898,44,159,11
2514,16,1242,43,898,44,272,11
2514,16,1242,43,898,44,338,11
2514,16,1242,43,898,44,390,11
2514,16,1242,43,898,44,457,11
2514,16,1242,43,898,44,463,11
2514,16,1242,43,898,44,620,11
2514,16,1242,43,898,44,700,11
2514,16,1242,43,898,44,742,11
2514,16,1242,43,898,44,758,11
2514,16,1242,43,898,44,879,11
2514,16,1242,43,898,44,927,11
2514,16,1242,43,898,44,979,11
2514,16,1242,43,898,44,1003,11
2514,16,1242,43,898,44,1044,11
2514,16,1242,43,898,44,1068,11
2514,16,1242,43,898,44,1153,11
2514,16,1242,43,898,44,1186,11
2514,16,1242,43,898,44,1194,11
2514,16,1242,43,898,44,1259,11
2514,16,1242,43,898,44,1260,11
2514,16,1242,43,898,44,1312,11
2514,16,1242,43,898,44,1388,11
2514,16,1242,43,898,44,1391,11
2514,16,1242,43,898,44,1422,11
2514,16,1242,43,898,44,1556,11
2514,16,1242,43,898,44,1568,11
2514,16,1242,43,898,44,1599,11
2514,16,1242,43,898,44,1747,11
2514,16,1242,43,898,44,1773,11
2514,16,1242,43,898,44,1799,11
2514,16,1242,43,898,44,1818,11
2514,16,1242,43,898,44,1873,11
2514,16,1242,43,898,44,1940,11
2514,16,1242,43,898,44,1956,11
2514,16,1242,43,898,44,1997,11
2514,16,1242,43,898,44,2068,11
2514,16,1242,43,898,44,2079,11
2514,16,1242,43,898,44,2123,11
2514,16,1242,43,898,44,2196,11
2514,16,1242,43,898,44,2206,11
2514,16,1242,43,898,44,2216,11
2514,16,1242,43,898,44,2244,11
2514,16,1242,43,898,44,2259,11
2514,16,1242,43,898,44,2261,11
2514,16,1242,43,898,44,2289,11
2514,16,1242,43,898,44,2359,11
2514,16,1242,43,898,44,2370,11
2514,16,1242,43,898,44,2405,11
2514,16,1242,43,968,41,457,11
2514,16,1242,43,968,41,700,11
2514,16,1242,43,968,41,927,11
2514,16,1242,43,968,41,1003,11
2514,16,1242,43,968,41,1153,11
2514,16,1242,43,968,41,1194,11
2514,16,1242,43,968,41,1568,11
2514,16,1242,43,968,41,1599,11
2514,16,1242,43,968,41,1818,11
2514,16,1242,43,968,41,1940,11
2514,16,1242,43,1149,29,45,11
2514,16,1242,43,1149,29,159,11
2514,16,1242,43,1149,29,272,11
2514,16,1242,43,1149,29,338,11
2514,16,1242,43,1149,29,390,11
2514,16,1242,43,1149,29,457,11
2514,16,1242,43,1149,29,463,11
2514,16,1242,43,1149,29,620,11
2514,16,1242,43,1149,29,700,11
2514,16,1242,43,1149,29,742,11
2514,16,1242,43,1149,29,758,11
2514,16,1242,43,1149,29,879,11
2514,16,1242,43,1149,29,927,11
2514,16,1242,43,1149,29,979,11
2514,16,1242,43,1149,29,1003,11
2514,16,1242,43,1149,29,1044,11
2514,16,1242,43,1149,29,1068,11
2514,16,1242,43,1149,29,1153,11
2514,16,1242,43,1149,29,1186,11
2514,16,1242,43,1149,29,1194,11
2514,16,1242,43,1149,29,1259,11
2514,16,1242,43,1149,29,1260,11
2514,16,1242,43,1149,29,1312,11
2514,16,1242,43,1149,29,1388,11
2514,16,1242,43,1149,29,1391,11
2514,16,1242,43,1149,29,1422,11
2514,16,1242,43,1149,29,1556,11
2514,16,1242,43,1149,29,1568,11
2514,16,1242,43,1149,29,1599,11
2514,16,1242,43,1149,29,1747,11
2514,16,1242,43,1149,29,1773,11
2514,16,1242,43,1149,29,1799,11
2514,16,1242,43,1149,29,1818,11
2514,16,1242,43,1149,29,1873,11
2514,16,1242,43,1149,29,1940,11
2514,16,1242,43,1149,29,1956,11
2514,16,1242,43,1149,29,1997,11
2514,16,1242,43,1149,29,2068,11
2514,16,1242,43,1149,29,2079,11
2514,16,1242,43,1149,29,2123,11
2514,16,1242,43,1149,29,2196,11
2514,16,1242,43,1149,29,2206,11
2514,16,1242,43,1149,29,2216,11
2514,16,1242,43,1149,29,2244,11
2514,16,1242,43,1149,29,2259,11
2514,16,1242,43,1149,29,2261,11
2514,16,1242,43,1149,29,2289,11
2514,16,1242,43,1149,29,2359,11
2514,16,1242,43,1149,29,2370,11
2514,16,1242,43,1149,29,2405,11
2514,16,1242,43,1157,49,45,11
2514,16,1242,43,1157,49,159,11
2514,16,1242,43,1157,49,272,11
2514,16,1242,43,1157,49,338,11
2514,16,1242,43,1157,49,390,11
2514,16,1242,43,1157,49,457,11
2514,16,1242,43,1157,49,463,11
2514,16,1242,43,1157,49,620,11
2514,16,1242,43,1157,49,700,11
2514,16,1242,43,1157,49,742,11
2514,16,1242,43,1157,49,758,11
2514,16,1242,43,1157,49,879,11
2514,16,1242,43,1157,49,927,11
2514,16,1242,43,1157,49,979,11
2514,16,1242,43,1157,49,1003,11
2514,16,1242,43,1157,49,1044,11
2514,16,1242,43,1157,49,1068,11
2514,16,1242,43,1157,49,1153,11
2514,16,1242,43,1157,49,1186,11
2514,16,1242,43,1157,49,1194,11
2514,16,1242,43,1157,49,1259,11
2514,16,1242,43,1157,49,1260,11
2514,16,1242,43,1157,49,1312,11
2514,16,1242,43,1157,49,1388,11
2514,16,1242,43,1157,49,1391,11
2514,16,1242,43,1157,49,1422,11
2514,16,1242,43,1157,49,1556,11
2514,16,1242,43,1157,49,1568,11
2514,16,1242,43,1157,49,1599,11
2514,16,1242,43,1157,49,1747,11
2514,16,1242,43,1157,49,1773,11
2514,16,1242,43,1157,49,1799,11
2514,16,1242,43,1157,49,1818,11
2514,16,1242,43,1157,49,1873,11
2514,16,1242,43,1157,49,1940,11
2514,16,1242,43,1157,49,1956,11
2514,16,1242,43,1157,49,1997,11
2514,16,1242,43,1157,49,2068,11
2514,16,1242,43,1157,49,2079,11
2514,16,1242,43,1157,49,2123,11
2514,16,1242,43,1157,49,2196,11
2514,16,1242,43,1157,49,2206,11
2514,16,1242,43,1157,49,2216,11
2514,16,1242,43,1157,49,2244,11
2514,16,1242,43,1157,49,2259,11
2514,16,1242,43,1157,49,2261,11
2514,16,1242,43,1157,49,2289,11
2514,16,1242,43,1157,49,2359,11
2514,16,1242,43,1157,49,2370,11
2514,16,1242,43,1157,49,2405,11
2514,16,1242,43,1291,21,45,11
2514,16,1242,43,1291,21,159,11
2514,16,1242,43,1291,21,272,11
2514,16,1242,43,1291,21,338,11
2514,16,1242,43,1291,21,390,11
2514,16,1242,43,1291,21,457,11
2514,16,1242,43,1291,21,463,11
2514,16,1242,43,1291,21,620,11
2514,16,1242,43,1291,21,700,11
2514,16,1242,43,1291,21,742,11
2514,16,1242,43,1291,21,758,11
2514,16,1242,43,1291,21,879,11
2514,16,1242,43,1291,21,927,11
2514,16,1242,43,1291,21,979,11
2514,16,1242,43,1291,21,1003,11
2514,16,1242,43,1291,21,1044,11
2514,16,1242,43,1291,21,1068,11
2514,16,1242,43,1291,21,1153,11
2514,16,1242,43,1291,21,1186,11
2514,16,1242,43,1291,21,1194,11
2514,16,1242,43,1291,21,1259,11
2514,16,1242,43,1291,21,1260,11
2514,16,1242,43,1291,21,1312,11
2514,16,1242,43,1291,21,1388,11
2514,16,1242,43,1291,21,1391,11
2514,16,1242,43,1291,21,1422,11
2514,16,1242,43,1291,21,1556,11
2514,16,1242,43,1291,21,1568,11
2514,16,1242,43,1291,21,1599,11
2514,16,1242,43,1291,21,1747,11
2514,16,1242,43,1291,21,1773,11
2514,16,1242,43,1291,21,1799,11
2514,16,1242,43,1291,21,1818,11
2514,16,1242,43,1291,21,1873,11
2514,16,1242,43,1291,21,1940,11
2514,16,1242,43,1291,21,1956,11
2514,16,1242,43,1291,21,1997,11
2514,16,1242,43,1291,21,2068,11
2514,16,1242,43,1291,21,2079,11
2514,16,1242,43,1291,21,2123,11
2514,16,1242,43,1291,21,2196,11
2514,16,1242,43,1291,21,2206,11
2514,16,1242,43,1291,21,2216,11
2514,16,1242,43,1291,21,2244,11
2514,16,1242,43,1291,21,2259,11
2514,16,1242,43,1291,21,2261,11
2514,16,1242,43,1291,21,2289,11
2514,16,1242,43,1291,21,2359,11
2514,16,1242,43,1291,21,2370,11
2514,16,1242,43,1291,21,2405,11
2514,16,1242,43,1387,39,45,11
2514,16,1242,43,1387,39,159,11
2514,16,1242,43,1387,39,272,11
2514,16,1242,43,1387,39,338,11
2514,16,1242,43,1387,39,390,11
2514,16,1242,43,1387,39,457,11
2514,16,1242,43,1387,39,463,11
2514,16,1242,43,1387,39,620,11
2514,16,1242,43,1387,39,700,11
2514,16,1242,43,1387,39,742,11
2514,16,1242,43,1387,39,758,11
2514,16,1242,43,1387,39,879,11
2514,16,1242,43,1387,39,927,11
2514,16,1242,43,1387,39,979,11
2514,16,1242,43,1387,39,1003,11
2514,16,1242,43,1387,39,1044,11
2514,16,1242,43,1387,39,1068,11
2514,16,1242,43,1387,39,1153,11
2514,16,1242,43,1387,39,1186,11
2514,16,1242,43,1387,39,1194,11
2514,16,1242,43,1387,39,1259,11
2514,16,1242,43,1387,39,1260,11
2514,16,1242,43,1387,39,1312,11
2514,16,1242,43,1387,39,1388,11
2514,16,1242,43,1387,39,1391,11
2514,16,1242,43,1387,39,1422,11
2514,16,1242,43,1387,39,1556,11
2514,16,1242,43,1387,39,1568,11
2514,16,1242,43,1387,39,1599,11
2514,16,1242,43,1387,39,1747,11
2514,16,1242,43,1387,39,1773,11
2514,16,1242,43,1387,39,1799,11
2514,16,1242,43,1387,39,1818,11
2514,16,1242,43,1387,39,1873,11
2514,16,1242,43,1387,39,1940,11
2514,16,1242,43,1387,39,1956,11
2514,16,1242,43,1387,39,1997,11
2514,16,1242,43,1387,39,2068,11
2514,16,1242,43,1387,39,2079,11
2514,16,1242,43,1387,39,2123,11
2514,16,1242,43,1387,39,2196,11
2514,16,1242,43,1387,39,2206,11
2514,16,1242,43,1387,39,2216,11
2514,16,1242,43,1387,39,2244,11
2514,16,1242,43,1387,39,2259,11
2514,16,1242,43,1387,39,2261,11
2514,16,1242,43,1387,39,2289,11
2514,16,1242,43,1387,39,2359,11
2514,16,1242,43,1387,39,2370,11
2514,16,1242,43,1387,39,2405,11
2514,16,1242,43,1570,48,45,11
2514,16,1242,43,1570,48,159,11
2514,16,1242,43,1570,48,272,11
2514,16,1242,43,1570,48,338,11
2514,16,1242,43,1570,48,390,11
2514,16,1242,43,1570,48,457,11
2514,16,1242,43,1570,48,463,11
2514,16,1242,43,1570,48,620,11
2514,16,1242,43,1570,48,700,11
2514,16,1242,43,1570,48,742,11
2514,16,1242,43,1570,48,758,11
2514,16,1242,43,1570,48,879,11
2514,16,1242,43,1570,48,927,11
2514,16,1242,43,1570,48,979,11
2514,16,1242,43,1570,48,1003,11
2514,16,1242,43,1570,48,1044,11
2514,16,1242,43,1570,48,1068,11
2514,16,1242,43,1570,48,1153,11
2514,16,1242,43,1570,48,1186,11
2514,16,1242,43,1570,48,1194,11
2514,16,1242,43,1570,48,1259,11
2514,16,1242,43,1570,48,1260,11
2514,16,1242,43,1570,48,1312,11
2514,16,1242,43,1570,48,1388,11
2514,16,1242,43,1570,48,1391,11
2514,16,1242,43,1570,48,1422,11
2514,16,1242,43,1570,48,1556,11
2514,16,1242,43,1570,48,1568,11
2514,16,1242,43,1570,48,1599,11
2514,16,1242,43,1570,48,1747,11
2514,16,1242,43,1570,48,1773,11
2514,16,1242,43,1570,48,1799,11
2514,16,1242,43,1570,48,1818,11
2514,16,1242,43,1570,48,1873,11
2514,16,1242,43,1570,48,1940,11
2514,16,1242,43,1570,48,1956,11
2514,16,1242,43,1570,48,1997,11
2514,16,1242,43,1570,48,2068,11
2514,16,1242,43,1570,48,2079,11
2514,16,1242,43,1570,48,2123,11
2514,16,1242,43,1570,48,2196,11
2514,16,1242,43,1570,48,2206,11
2514,16,1242,43,1570,48,2216,11
2514,16,1242,43,1570,48,2244,11
2514,16,1242,43,1570,48,2259,11
2514,16,1242,43,1570,48,2261,11
2514,16,1242,43,1570,48,2289,11
2514,16,1242,43,1570,48,2359,11
2514,16,1242,43,1570,48,2370,11
2514,16,1242,43,1570,48,2405,11
2514,16,1242,43,1600,13,45,11
2514,16,1242,43,1600,13,159,11
2514,16,1242,43,1600,13,272,11
2514,16,1242,43,1600,13,338,11
2514,16,1242,43,1600,13,390,11
2514,16,1242,43,1600,13,457,11
2514,16,1242,43,1600,13,463,11
2514,16,1242,43,1600,13,620,11
2514,16,1242,43,1600,13,700,11
2514,16,1242,43,1600,13,742,11
2514,16,1242,43,1600,13,758,11
2514,16,1242,43,1600,13,879,11
2514,16,1242,43,1600,13,927,11
2514,16,1242,43,1600,13,979,11
2514,16,1242,43,1600,13,1003,11
2514,16,1242,43,1600,13,1044,11
2514,16,1242,43,1600,13,1068,11
2514,16,1242,43,1600,13,1153,11
2514,16,1242,43,1600,13,1186,11
2514,16,1242,43,1600,13,1194,11
2514,16,1242,43,1600,13,1259,11
2514,16,1242,43,1600,13,1260,11
2514,16,1242,43,1600,13,1312,11
2514,16,1242,43,1600,13,1388,11
2514,16,1242,43,1600,13,1391,11
2514,16,1242,43,1600,13,1422,11
2514,16,1242,43,1600,13,1556,11
2514,16,1242,43,1600,13,1568,11
2514,16,1242,43,1600,13,1599,11
2514,16,1242,43,1600,13,1747,11
2514,16,1242,43,1600,13,1773,11
2514,16,1242,43,1600,13,1799,11
2514,16,1242,43,1600,13,1818,11
2514,16,1242,43,1600,13,1873,11
2514,16,1242,43,1600,13,1940,11
2514,16,1242,43,1600,13,1956,11
2514,16,1242,43,1600,13,1997,11
2514,16,1242,43,1600,13,2068,11
2514,16,1242,43,1600,13,2079,11
2514,16,1242,43,1600,13,2123,11
2514,16,1242,43,1600,13,2196,11
2514,16,1242,43,1600,13,2206,11
2514,16,1242,43,1600,13,2216,11
2514,16,1242,43,1600,13,2244,11
2514,16,1242,43,1600,13,2259,11
2514,16,1242,43,1600,13,2261,11
2514,16,1242,43,1600,13,2289,11
2514,16,1242,43,1600,13,2359,11
2514,16,1242,43,1600,13,2370,11
2514,16,1242,43,1600,13,2405,11
2514,16,1242,43,1621,35,45,11
2514,16,1242,43,1621,35,272,11
2514,16,1242,43,1621,35,338,11
2514,16,1242,43,1621,35,390,11
2514,16,1242,43,1621,35,620,11
2514,16,1242,43,1621,35,742,11
2514,16,1242,43,1621,35,758,11
2514,16,1242,43,1621,35,979,11
2514,16,1242,43,1621,35,1044,11
2514,16,1242,43,1621,35,1068,11
2514,16,1242,43,1621,35,1186,11
2514,16,1242,43,1621,35,1259,11
2514,16,1242,43,1621,35,1260,11
2514,16,1242,43,1621,35,1312,11
2514,16,1242,43,1621,35,1391,11
2514,16,1242,43,1621,35,1422,11
2514,16,1242,43,1621,35,1747,11
2514,16,1242,43,1621,35,1773,11
2514,16,1242,43,1621,35,1799,11
2514,16,1242,43,1621,35,1956,11
2514,16,1242,43,1621,35,1997,11
2514,16,1242,43,1621,35,2068,11
2514,16,1242,43,1621,35,2079,11
2514,16,1242,43,1621,35,2206,11
2514,16,1242,43,1621,35,2244,11
2514,16,1242,43,1621,35,2259,11
2514,16,1242,43,1621,35,2261,11
2514,16,1242,43,1621,35,2289,11
2514,16,1242,43,1621,35,2359,11
2514,16,1242,43,1621,35,2405,11
