2514,16,388,35,33,49,45,11
2514,16,388,35,33,49,159,11
2514,16,388,35,33,49,272,11
2514,16,388,35,33,49,338,11
2514,16,388,35,33,49,390,11
2514,16,388,35,33,49,457,11
2514,16,388,35,33,49,463,11
2514,16,388,35,33,49,620,11
2514,16,388,35,33,49,700,11
2514,16,388,35,33,49,742,11
2514,16,388,35,33,49,758,11
2514,16,388,35,33,49,879,11
2514,16,388,35,33,49,927,11
2514,16,388,35,33,49,979,11
2514,16,388,35,33,49,1003,11
2514,16,388,35,33,49,1044,11
2514,16,388,35,33,49,1068,11
2514,16,388,35,33,49,1153,11
2514,16,388,35,33,49,1186,11
2514,16,388,35,33,49,1194,11
2514,16,388,35,33,49,1259,11
2514,16,388,35,33,49,1260,11
2514,16,388,35,33,49,1312,11
2514,16,388,35,33,49,1388,11
2514,16,388,35,33,49,1391,11
2514,16,388,35,33,49,1422,11
2514,16,388,35,33,49,1556,11
2514,16,388,35,33,49,1568,11
2514,16,388,35,33,49,1599,11
2514,16,388,35,33,49,1747,11
2514,16,388,35,33,49,1773,11
2514,16,388,35,33,49,1799,11
2514,16,388,35,33,49,1818,11
2514,16,388,35,33,49,1873,11
2514,16,388,35,33,49,1940,11
2514,16,388,35,33,49,1956,11
2514,16,388,35,33,49,1997,11
2514,16,388,35,33,49,2068,11
2514,16,388,35,33,49,2079,11
2514,16,388,35,33,49,2123,11
2514,16,388,35,33,49,2196,11
2514,16,388,35,33,49,2206,11
2514,16,388,35,33,49,2216,11
2514,16,388,35,33,49,2244,11
2514,16,388,35,33,49,2259,11
2514,16,388,35,33,49,2261,11
2514,16,388,35,33,49,2289,11
2514,16,388,35,33,49,2359,11
2514,16,388,35,33,49,2370,11
2514,16,388,35,33,49,2405,11
2514,16,388,35,185,26,45,11
2514,16,388,35,185,26,159,11
2514,16,388,35,185,26,272,11
2514,16,388,35,185,26,338,11
2514,16,388,35,185,26,390,11
2514,16,388,35,185,26,457,11
2514,16,388,35,185,26,463,11
2514,16,388,35,185,26,620,11
2514,16,388,35,185,26,700,11
2514,16,388,35,185,26,742,11
2514,16,388,35,185,26,758,11
2514,16,388,35,185,26,879,11
2514,16,388,35,185,26,927,11
2514,16,388,35,185,26,979,11
2514,16,388,35,185,26,1003,11
2514,16,388,35,185,26,1044,11
2514,16,388,35,185,26,1068,11
2514,16,388,35,185,26,1153,11
2514,16,388,35,185,26,1186,11
2514,16,388,35,185,26,1194,11
2514,16,388,35,185,26,1259,11
2514,16,388,35,185,26,1260,11
2514,16,388,35,185,26,1312,11
2514,16,388,35,185,26,1388,11
2514,16,388,35,185,26,1391,11
2514,16,388,35,185,26,1422,11
2514,16,388,35,185,26,1556,11
2514,16,388,35,185,26,1568,11
2514,16,388,35,185,26,1599,11
2514,16,388,35,185,26,1747,11
2514,16,388,35,185,26,1773,11
2514,16,388,35,185,26,1799,11
2514,16,388,35,185,26,1818,11
2514,16,388,35,185,26,1873,11
2514,16,388,35,185,26,1940,11
2514,16,388,35,185,26,1956,11
2514,16,388,35,185,26,1997,11
2514,16,388,35,185,26,2068,11
2514,16,388,35,185,26,2079,11
2514,16,388,35,185,26,2123,11
2514,16,388,35,185,26,2196,11
2514,16,388,35,185,26,2206,11
2514,16,388,35,185,26,2216,11
2514,16,388,35,185,26,2244,11
2514,16,388,35,185,26,2259,11
2514,16,388,35,185,26,2261,11
2514,16,388,35,185,26,2289,11
2514,16,388,35,185,26,2359,11
2514,16,388,35,185,26,2370,11
2514,16,388,35,185,26,2405,11
2514,16,388,35,207,49,45,11
2514,16,388,35,207,49,272,11
2514,16,388,35,207,49,338,11
2514,16,388,35,207,49,390,11
2514,16,388,35,207,49,620,11
2514,16,388,35,207,49,742,11
2514,16,388,35,207,49,758,11
2514,16,388,35,207,49,979,11
2514,16,388,35,207,49,1044,11
2514,16,388,35,207,49,1068,11
2514,16,388,35,207,49,1186,11
2514,16,388,35,207,49,1259,11
2514,16,388,35,207,49,1260,11
2514,16,388,35,207,49,1312,11
2514,16,388,35,207,49,1391,11
2514,16,388,35,207,49,1422,11
2514,16,388,35,207,49,1747,11
2514,16,388,35,207,49,1773,11
2514,16,388,35,207,49,1799,11
2514,16,388,35,207,49,1956,11
2514,16,388,35,207,49,1997,11
2514,16,388,35,207,49,2068,11
2514,16,388,35,207,49,2079,11
2514,16,388,35,207,49,2206,11
2514,16,388,35,207,49,2244,11
2514,16,388,35,207,49,2259,11
2514,16,388,35,207,49,2261,11
2514,16,388,35,207,49,2289,11
2514,16,388,35,207,49,2359,11
2514,16,388,35,207,49,2405,11
2514,16,388,35,439,29,457,11
2514,16,388,35,439,29,700,11
2514,16,388,35,439,29,927,11
2514,16,388,35,439,29,1003,11
2514,16,388,35,439,29,1153,11
2514,16,388,35,439,29,1194,11
2514,16,388,35,439,29,1568,11
2514,16,388,35,439,29,1599,11
2514,16,388,35,439,29,1818,11
2514,16,388,35,439,29,1940,11
2514,16,388,35,557,46,45,11
2514,16,388,35,557,46,159,11
2514,16,388,35,557,46,272,11
2514,16,388,35,557,46,338,11
2514,16,388,35,557,46,390,11
2514,16,388,35,557,46,457,11
2514,16,388,35,557,46,463,11
2514,16,388,35,557,46,620,11
2514,16,388,35,557,46,700,11
2514,16,388,35,557,46,742,11
2514,16,388,35,557,46,758,11
2514,16,388,35,557,46,879,11
2514,16,388,35,557,46,927,11
2514,16,388,35,557,46,979,11
2514,16,388,35,557,46,1003,11
2514,16,388,35,557,46,1044,11
2514,16,388,35,557,46,1068,11
2514,16,388,35,557,46,1153,11
2514,16,388,35,557,46,1186,11
2514,16,388,35,557,46,1194,11
2514,16,388,35,557,46,1259,11
2514,16,388,35,557,46,1260,11
2514,16,388,35,557,46,1312,11
2514,16,388,35,557,46,1388,11
2514,16,388,35,557,46,1391,11
2514,16,388,35,557,46,1422,11
2514,16,388,35,557,46,1556,11
2514,16,388,35,557,46,1568,11
2514,16,388,35,557,46,1599,11
2514,16,388,35,557,46,1747,11
2514,16,388,35,557,46,1773,11
2514,16,388,35,557,46,1799,11
2514,16,388,35,557,46,1818,11
2514,16,388,35,557,46,1873,11
2514,16,388,35,557,46,1940,11
2514,16,388,35,557,46,1956,11
2514,16,388,35,557,46,1997,11
2514,16,388,35,557,46,2068,11
2514,16,388,35,557,46,2079,11
2514,16,388,35,557,46,2123,11
2514,16,388,35,557,46,2196,11
2514,16,388,35,557,46,2206,11
2514,16,388,35,557,46,2216,11
2514,16,388,35,557,46,2244,11
2514,16,388,35,557,46,2259,11
2514,16,388,35,557,46,2261,11
2514,16,388,35,557,46,2289,11
2514,16,388,35,557,46,2359,11
2514,16,388,35,557,46,2370,11
2514,16,388,35,557,46,2405,11
2514,16,388,35,787,10,45,11
2514,16,388,35,787,10,159,11
2514,16,388,35,787,10,272,11
2514,16,388,35,787,10,338,11
2514,16,388,35,787,10,390,11
2514,16,388,35,787,10,457,11
2514,16,388,35,787,10,463,11
2514,16,388,35,787,10,620,11
2514,16,388,35,787,10,700,11
2514,16,388,35,787,10,742,11
2514,16,388,35,787,10,758,11
2514,16,388,35,787,10,879,11
2514,16,388,35,787,10,927,11
2514,16,388,35,787,10,979,11
2514,16,388,35,787,10,1003,11
2514,16,388,35,787,10,1044,11
2514,16,388,35,787,10,1068,11
2514,16,388,35,787,10,1153,11
2514,16,388,35,787,10,1186,11
2514,16,388,35,787,10,1194,11
2514,16,388,35,787,10,1259,11
2514,16,388,35,787,10,1260,11
2514,16,388,35,787,10,1312,11
2514,16,388,35,787,10,1388,11
2514,16,388,35,787,10,1391,11
2514,16,388,35,787,10,1422,11
2514,16,388,35,787,10,1556,11
2514,16,388,35,787,10,1568,11
2514,16,388,35,787,10,1599,11
2514,16,388,35,787,10,1747,11
2514,16,388,35,787,10,1773,11
2514,16,388,35,787,10,1799,11
2514,16,388,35,787,10,1818,11
2514,16,388,35,787,10,1873,11
2514,16,388,35,787,10,1940,11
2514,16,388,35,787,10,1956,11
2514,16,388,35,787,10,1997,11
2514,16,388,35,787,10,2068,11
2514,16,388,35,787,10,2079,11
2514,16,388,35,787,10,2123,11
2514,16,388,35,787,10,2196,11
2514,16,388,35,787,10,2206,11
2514,16,388,35,787,10,2216,11
2514,16,388,35,787,10,2244,11
2514,16,388,35,787,10,2259,11
2514,16,388,35,787,10,2261,11
2514,16,388,35,787,10,2289,11
2514,16,388,35,787,10,2359,11
2514,16,388,35,787,10,2370,11
2514,16,388,35,787,10,2405,11
2514,16,388,35,1159,36,45,11
2514,16,388,35,1159,36,159,11
2514,16,388,35,1159,36,272,11
2514,16,388,35,1159,36,338,11
2514,16,388,35,1159,36,390,11
2514,16,388,35,1159,36,457,11
2514,16,388,35,1159,36,463,11
2514,16,388,35,1159,36,620,11
2514,16,388,35,1159,36,700,11
2514,16,388,35,1159,36,742,11
2514,16,388,35,1159,36,758,11
2514,16,388,35,1159,36,879,11
2514,16,388,35,1159,36,927,11
2514,16,388,35,1159,36,979,11
2514,16,388,35,1159,36,1003,11
2514,16,388,35,1159,36,1044,11
2514,16,388,35,1159,36,1068,11
2514,16,388,35,1159,36,1153,11
2514,16,388,35,1159,36,1186,11
2514,16,388,35,1159,36,1194,11
2514,16,388,35,1159,36,1259,11
2514,16,388,35,1159,36,1260,11
2514,16,388,35,1159,36,1312,11
2514,16,388,35,1159,36,1388,11
2514,16,388,35,1159,36,1391,11
2514,16,388,35,1159,36,1422,11
2514,16,388,35,1159,36,1556,11
2514,16,388,35,1159,36,1568,11
2514,16,388,35,1159,36,1599,11
2514,16,388,35,1159,36,1747,11
2514,16,388,35,1159,36,1773,11
2514,16,388,35,1159,36,1799,11
2514,16,388,35,1159,36,1818,11
2514,16,388,35,1159,36,1873,11
2514,16,388,35,1159,36,1940,11
2514,16,388,35,1159,36,1956,11
2514,16,388,35,1159,36,1997,11
2514,16,388,35,1159,36,2068,11
2514,16,388,35,1159,36,2079,11
2514,16,388,35,1159,36,2123,11
2514,16,388,35,1159,36,2196,11
2514,16,388,35,1159,36,2206,11
2514,16,388,35,1159,36,2216,11
2514,16,388,35,1159,36,2244,11
2514,16,388,35,1159,36,2259,11
2514,16,388,35,1159,36,2261,11
2514,16,388,35,1159,36,2289,11
2514,16,388,35,1159,36,2359,11
2514,16,388,35,1159,36,2370,11
2514,16,388,35,1159,36,2405,11
2514,16,388,35,1253,11,45,11
2514,16,388,35,1253,11,159,11
2514,16,388,35,1253,11,272,11
2514,16,388,35,1253,11,338,11
2514,16,388,35,1253,11,390,11
2514,16,388,35,1253,11,457,11
2514,16,388,35,1253,11,463,11
2514,16,388,35,1253,11,620,11
2514,16,388,35,1253,11,700,11
2514,16,388,35,1253,11,742,11
2514,16,388,35,1253,11,758,11
2514,16,388,35,1253,11,879,11
2514,16,388,35,1253,11,927,11
2514,16,388,35,1253,11,979,11
2514,16,388,35,1253,11,1003,11
2514,16,388,35,1253,11,1044,11
2514,16,388,35,1253,11,1068,11
2514,16,388,35,1253,11,1153,11
2514,16,388,35,1253,11,1186,11
2514,16,388,35,1253,11,1194,11
2514,16,388,35,1253,11,1259,11
2514,16,388,35,1253,11,1260,11
2514,16,388,35,1253,11,1312,11
2514,16,388,35,1253,11,1388,11
2514,16,388,35,1253,11,1391,11
2514,16,388,35,1253,11,1422,11
2514,16,388,35,1253,11,1556,11
2514,16,388,35,1253,11,1568,11
2514,16,388,35,1253,11,1599,11
2514,16,388,35,1253,11,1747,11
2514,16,388,35,1253,11,1773,11
2514,16,388,35,1253,11,1799,11
2514,16,388,35,1253,11,1818,11
2514,16,388,35,1253,11,1873,11
2514,16,388,35,1253,11,1940,11
2514,16,388,35,1253,11,1956,11
2514,16,388,35,1253,11,1997,11
2514,16,388,35,1253,11,2068,11
2514,16,388,35,1253,11,2079,11
2514,16,388,35,1253,11,2123,11
2514,16,388,35,1253,11,2196,11
2514,16,388,35,1253,11,2206,11
2514,16,388,35,1253,11,2216,11
2514,16,388,35,1253,11,2244,11
2514,16,388,35,1253,11,2259,11
2514,16,388,35,1253,11,2261,11
2514,16,388,35,1253,11,2289,11
2514,16,388,35,1253,11,2359,11
2514,16,388,35,1253,11,2370,11
2514,16,388,35,1253,11,2405,11
2514,16,388,35,1254,33,45,11
2514,16,388,35,1254,33,159,11
2514,16,388,35,1254,33,272,11
2514,16,388,35,1254,33,338,11
2514,16,388,35,1254,33,390,11
2514,16,388,35,1254,33,457,11
2514,16,388,35,1254,33,463,11
2514,16,388,35,1254,33,620,11
2514,16,388,35,1254,33,700,11
2514,16,388,35,1254,33,742,11
2514,16,388,35,1254,33,758,11
2514,16,388,35,1254,33,879,11
2514,16,388,35,1254,33,927,11
2514,16,388,35,1254,33,979,11
2514,16,388,35,1254,33,1003,11
2514,16,388,35,1254,33,1044,11
2514,16,388,35,1254,33,1068,11
2514,16,388,35,1254,33,1153,11
2514,16,388,35,1254,33,1186,11
2514,16,388,35,1254,33,1194,11
2514,16,388,35,1254,33,1259,11
2514,16,388,35,1254,33,1260,11
2514,16,388,35,1254,33,1312,11
2514,16,388,35,1254,33,1388,11
2514,16,388,35,1254,33,1391,11
2514,16,388,35,1254,33,1422,11
2514,16,388,35,1254,33,1556,11
2514,16,388,35,1254,33,1568,11
2514,16,388,35,1254,33,1599,11
2514,16,388,35,1254,33,1747,11
2514,16,388,35,1254,33,1773,11
2514,16,388,35,1254,33,1799,11
2514,16,388,35,1254,33,1818,11
2514,16,388,35,1254,33,1873,11
2514,16,388,35,1254,33,1940,11
2514,16,388,35,1254,33,1956,11
2514,16,388,35,1254,33,1997,11
2514,16,388,35,1254,33,2068,11
2514,16,388,35,1254,33,2079,11
2514,16,388,35,1254,33,2123,11
2514,16,388,35,1254,33,2196,11
2514,16,388,35,1254,33,2206,11
2514,16,388,35,1254,33,2216,11
2514,16,388,35,1254,33,2244,11
2514,16,388,35,1254,33,2259,11
2514,16,388,35,1254,33,2261,11
2514,16,388,35,1254,33,2289,11
2514,16,388,35,1254,33,2359,11
2514,16,388,35,1254,33,2370,11
2514,16,388,35,1254,33,2405,11
2514,16,388,35,1506,41,45,11
2514,16,388,35,1506,41,159,11
2514,16,388,35,1506,41,272,11
2514,16,388,35,1506,41,338,11
2514,16,388,35,1506,41,390,11
2514,16,388,35,1506,41,457,11
2514,16,388,35,1506,41,463,11
2514,16,388,35,1506,41,620,11
2514,16,388,35,1506,41,700,11
2514,16,388,35,1506,41,742,11
2514,16,388,35,1506,41,758,11
2514,16,388,35,1506,41,879,11
2514,16,388,35,1506,41,927,11
2514,16,388,35,1506,41,979,11
2514,16,388,35,1506,41,1003,11
2514,16,388,35,1506,41,1044,11
2514,16,388,35,1506,41,1068,11
2514,16,388,35,1506,41,1153,11
2514,16,388,35,1506,41,1186,11
2514,16,388,35,1506,41,1194,11
2514,16,388,35,1506,41,1259,11
2514,16,388,35,1506,41,1260,11
2514,16,388,35,1506,41,1312,11
2514,16,388,35,1506,41,1388,11
2514,16,388,35,1506,41,1391,11
2514,16,388,35,1506,41,1422,11
2514,16,388,35,1506,41,1556,11
2514,16,388,35,1506,41,1568,11
2514,16,388,35,1506,41,1599,11
2514,16,388,35,1506,41,1747,11
2514,16,388,35,1506,41,1773,11
2514,16,388,35,1506,41,1799,11
2514,16,388,35,1506,41,1818,11
2514,16,388,35,1506,41,1873,11
2514,16,388,35,1506,41,1940,11
2514,16,388,35,1506,41,1956,11
2514,16,388,35,1506,41,1997,11
2514,16,388,35,1506,41,2068,11
2514,16,388,35,1506,41,2079,11
2514,16,388,35,1506,41,2123,11
2514,16,388,35,1506,41,2196,11
2514,16,388,35,1506,41,2206,11
2514,16,388,35,1506,41,2216,11
2514,16,388,35,1506,41,2244,11
2514,16,388,35,1506,41,2259,11
2514,16,388,35,1506,41,2261,11
2514,16,388,35,1506,41,2289,11
2514,16,388,35,1506,41,2359,11
2514,16,388,35,1506,41,2370,11
2514,16,388,35,1506,41,2405,11
2514,16,388,35,1764,41,45,11
2514,16,388,35,1764,41,159,11
2514,16,388,35,1764,41,272,11
2514,16,388,35,1764,41,338,11
2514,16,388,35,1764,41,390,11
2514,16,388,35,1764,41,457,11
2514,16,388,35,1764,41,463,11
2514,16,388,35,1764,41,620,11
2514,16,388,35,1764,41,700,11
2514,16,388,35,1764,41,742,11
2514,16,388,35,1764,41,758,11
2514,16,388,35,1764,41,879,11
2514,16,388,35,1764,41,927,11
2514,16,388,35,1764,41,979,11
2514,16,388,35,1764,41,1003,11
2514,16,388,35,1764,41,1044,11
2514,16,388,35,1764,41,1068,11
2514,16,388,35,1764,41,1153,11
2514,16,388,35,1764,41,1186,11
2514,16,388,35,1764,41,1194,11
2514,16,388,35,1764,41,1259,11
2514,16,388,35,1764,41,1260,11
2514,16,388,35,1764,41,1312,11
2514,16,388,35,1764,41,1388,11
2514,16,388,35,1764,41,1391,11
2514,16,388,35,1764,41,1422,11
2514,16,388,35,1764,41,1556,11
2514,16,388,35,1764,41,1568,11
2514,16,388,35,1764,41,1599,11
2514,16,388,35,1764,41,1747,11
2514,16,388,35,1764,41,1773,11
2514,16,388,35,1764,41,1799,11
2514,16,388,35,1764,41,1818,11
2514,16,388,35,1764,41,1873,11
2514,16,388,35,1764,41,1940,11
2514,16,388,35,1764,41,1956,11
2514,16,388,35,1764,41,1997,11
2514,16,388,35,1764,41,2068,11
2514,16,388,35,1764,41,2079,11
2514,16,388,35,1764,41,2123,11
2514,16,388,35,1764,41,2196,11
2514,16,388,35,1764,41,2206,11
2514,16,388,35,1764,41,2216,11
2514,16,388,35,1764,41,2244,11
2514,16,388,35,1764,41,2259,11
2514,16,388,35,1764,41,2261,11
2514,16,388,35,1764,41,2289,11
2514,16,388,35,1764,41,2359,11
2514,16,388,35,1764,41,2370,11
2514,16,388,35,1764,41,2405,11
2514,16,388,35,1859,22,45,11
2514,16,388,35,1859,22,159,11
2514,16,388,35,1859,22,272,11
2514,16,388,35,1859,22,338,11
2514,16,388,35,1859,22,390,11
2514,16,388,35,1859,22,457,11
2514,16,388,35,1859,22,463,11
2514,16,388,35,1859,22,620,11
2514,16,388,35,1859,22,700,11
2514,16,388,35,1859,22,742,11
2514,16,388,35,1859,22,758,11
2514,16,388,35,1859,22,879,11
2514,16,388,35,1859,22,927,11
2514,16,388,35,1859,22,979,11
2514,16,388,35,1859,22,1003,11
2514,16,388,35,1859,22,1044,11
2514,16,388,35,1859,22,1068,11
2514,16,388,35,1859,22,1153,11
2514,16,388,35,1859,22,1186,11
2514,16,388,35,1859,22,1194,11
2514,16,388,35,1859,22,1259,11
2514,16,388,35,1859,22,1260,11
2514,16,388,35,1859,22,1312,11
2514,16,388,35,1859,22,1388,11
2514,16,388,35,1859,22,1391,11
2514,16,388,35,1859,22,1422,11
2514,16,388,35,1859,22,1556,11
2514,16,388,35,1859,22,1568,11
2514,16,388,35,1859,22,1599,11
2514,16,388,35,1859,22,1747,11
2514,16,388,35,1859,22,1773,11
2514,16,388,35,1859,22,1799,11
2514,16,388,35,1859,22,1818,11
2514,16,388,35,1859,22,1873,11
2514,16,388,35,1859,22,1940,11
2514,16,388,35,1859,22,1956,11
2514,16,388,35,1859,22,1997,11
2514,16,388,35,1859,22,2068,11
2514,16,388,35,1859,22,2079,11
2514,16,388,35,1859,22,2123,11
2514,16,388,35,1859,22,2196,11
2514,16,388,35,1859,22,2206,11
2514,16,388,35,1859,22,2216,11
2514,16,388,35,1859,22,2244,11
2514,16,388,35,1859,22,2259,11
2514,16,388,35,1859,22,2261,11
2514,16,388,35,1859,22,2289,11
2514,16,388,35,1859,22,2359,11
2514,16,388,35,1859,22,2370,11
2514,16,388,35,1859,22,2405,11
2514,16,388,35,1916,40,45,11
2514,16,388,35,1916,40,159,11
2514,16,388,35,1916,40,272,11
2514,16,388,35,1916,40,338,11
2514,16,388,35,1916,40,390,11
2514,16,388,35,1916,40,457,11
2514,16,388,35,1916,40,463,11
2514,16,388,35,1916,40,620,11
2514,16,388,35,1916,40,700,11
2514,16,388,35,1916,40,742,11
2514,16,388,35,1916,40,758,11
2514,16,388,35,1916,40,879,11
2514,16,388,35,1916,40,927,11
2514,16,388,35,1916,40,979,11
2514,16,388,35,1916,40,1003,11
2514,16,388,35,1916,40,1044,11
2514,16,388,35,1916,40,1068,11
2514,16,388,35,1916,40,1153,11
2514,16,388,35,1916,40,1186,11
2514,16,388,35,1916,40,1194,11
2514,16,388,35,1916,40,1259,11
2514,16,388,35,1916,40,1260,11
2514,16,388,35,1916,40,1312,11
2514,16,388,35,1916,40,1388,11
2514,16,388,35,1916,40,1391,11
2514,16,388,35,1916,40,1422,11
2514,16,388,35,1916,40,1556,11
2514,16,388,35,1916,40,1568,11
2514,16,388,35,1916,40,1599,11
2514,16,388,35,1916,40,1747,11
2514,16,388,35,1916,40,1773,11
2514,16,388,35,1916,40,1799,11
2514,16,388,35,1916,40,1818,11
2514,16,388,35,1916,40,1873,11
2514,16,388,35,1916,40,1940,11
2514,16,388,35,1916,40,1956,11
2514,16,388,35,1916,40,1997,11
2514,16,388,35,1916,40,2068,11
2514,16,388,35,1916,40,2079,11
2514,16,388,35,1916,40,2123,11
2514,16,388,35,1916,40,2196,11
2514,16,388,35,1916,40,2206,11
2514,16,388,35,1916,40,2216,11
2514,16,388,35,1916,40,2244,11
2514,16,388,35,1916,40,2259,11
2514,16,388,35,1916,40,2261,11
2514,16,388,35,1916,40,2289,11
2514,16,388,35,1916,40,2359,11
2514,16,388,35,1916,40,2370,11
2514,16,388,35,1916,40,2405,11
2514,16,388,35,1924,43,45,11
2514,16,388,35,1924,43,159,11
2514,16,388,35,1924,43,272,11
2514,16,388,35,1924,43,338,11
2514,16,388,35,1924,43,390,11
2514,16,388,35,1924,43,457,11
2514,16,388,35,1924,43,463,11
2514,16,388,35,1924,43,620,11
2514,16,388,35,1924,43,700,11
2514,16,388,35,1924,43,742,11
2514,16,388,35,1924,43,758,11
2514,16,388,35,1924,43,879,11
2514,16,388,35,1924,43,927,11
2514,16,388,35,1924,43,979,11
2514,16,388,35,1924,43,1003,11
2514,16,388,35,1924,43,1044,11
2514,16,388,35,1924,43,1068,11
2514,16,388,35,1924,43,1153,11
2514,16,388,35,1924,43,1186,11
2514,16,388,35,1924,43,1194,11
2514,16,388,35,1924,43,1259,11
2514,16,388,35,1924,43,1260,11
2514,16,388,35,1924,43,1312,11
2514,16,388,35,1924,43,1388,11
2514,16,388,35,1924,43,1391,11
2514,16,388,35,1924,43,1422,11
2514,16,388,35,1924,43,1556,11
2514,16,388,35,1924,43,1568,11
2514,16,388,35,1924,43,1599,11
2514,16,388,35,1924,43,1747,11
2514,16,388,35,1924,43,1773,11
2514,16,388,35,1924,43,1799,11
2514,16,388,35,1924,43,1818,11
2514,16,388,35,1924,43,1873,11
2514,16,388,35,1924,43,1940,11
2514,16,388,35,1924,43,1956,11
2514,16,388,35,1924,43,1997,11
2514,16,388,35,1924,43,2068,11
2514,16,388,35,1924,43,2079,11
2514,16,388,35,1924,43,2123,11
2514,16,388,35,1924,43,2196,11
2514,16,388,35,1924,43,2206,11
2514,16,388,35,1924,43,2216,11
2514,16,388,35,1924,43,2244,11
2514,16,388,35,1924,43,2259,11
2514,16,388,35,1924,43,2261,11
2514,16,388,35,1924,43,2289,11
2514,16,388,35,1924,43,2359,11
2514,16,388,35,1924,43,2370,11
2514,16,388,35,1924,43,2405,11
