2514,16,809,17,35,32,45,11
2514,16,809,17,35,32,159,11
2514,16,809,17,35,32,272,11
2514,16,809,17,35,32,338,11
2514,16,809,17,35,32,390,11
2514,16,809,17,35,32,457,11
2514,16,809,17,35,32,463,11
2514,16,809,17,35,32,620,11
2514,16,809,17,35,32,700,11
2514,16,809,17,35,32,742,11
2514,16,809,17,35,32,758,11
2514,16,809,17,35,32,879,11
2514,16,809,17,35,32,927,11
2514,16,809,17,35,32,979,11
2514,16,809,17,35,32,1003,11
2514,16,809,17,35,32,1044,11
2514,16,809,17,35,32,1068,11
2514,16,809,17,35,32,1153,11
2514,16,809,17,35,32,1186,11
2514,16,809,17,35,32,1194,11
2514,16,809,17,35,32,1259,11
2514,16,809,17,35,32,1260,11
2514,16,809,17,35,32,1312,11
2514,16,809,17,35,32,1388,11
2514,16,809,17,35,32,1391,11
2514,16,809,17,35,32,1422,11
2514,16,809,17,35,32,1556,11
2514,16,809,17,35,32,1568,11
2514,16,809,17,35,32,1599,11
2514,16,809,17,35,32,1747,11
2514,16,809,17,35,32,1773,11
2514,16,809,17,35,32,1799,11
2514,16,809,17,35,32,1818,11
2514,16,809,17,35,32,1873,11
2514,16,809,17,35,32,1940,11
2514,16,809,17,35,32,1956,11
2514,16,809,17,35,32,1997,11
2514,16,809,17,35,32,2068,11
2514,16,809,17,35,32,2079,11
2514,16,809,17,35,32,2123,11
2514,16,809,17,35,32,2196,11
2514,16,809,17,35,32,2206,11
2514,16,809,17,35,32,2216,11
2514,16,809,17,35,32,2244,11
2514,16,809,17,35,32,2259,11
2514,16,809,17,35,32,2261,11
2514,16,809,17,35,32,2289,11
2514,16,809,17,35,32,2359,11
2514,16,809,17,35,32,2370,11
2514,16,809,17,35,32,2405,11
2514,16,809,17,371,18,45,11
2514,16,809,17,371,18,159,11
2514,16,809,17,371,18,272,11
2514,16,809,17,371,18,338,11
2514,16,809,17,371,18,390,11
2514,16,809,17,371,18,457,11
2514,16,809,17,371,18,463,11
2514,16,809,17,371,18,620,11
2514,16,809,17,371,18,700,11
2514,16,809,17,371,18,742,11
2514,16,809,17,371,18,758,11
2514,16,809,17,371,18,879,11
2514,16,809,17,371,18,927,11
2514,16,809,17,371,18,979,11
2514,16,809,17,371,18,1003,11
2514,16,809,17,371,18,1044,11
2514,16,809,17,371,18,1068,11
2514,16,809,17,371,18,1153,11
2514,16,809,17,371,18,1186,11
2514,16,809,17,371,18,1194,11
2514,16,809,17,371,18,1259,11
2514,16,809,17,371,18,1260,11
2514,16,809,17,371,18,1312,11
2514,16,809,17,371,18,1388,11
2514,16,809,17,371,18,1391,11
2514,16,809,17,371,18,1422,11
2514,16,809,17,371,18,1556,11
2514,16,809,17,371,18,1568,11
2514,16,809,17,371,18,1599,11
2514,16,809,17,371,18,1747,11
2514,16,809,17,371,18,1773,11
2514,16,809,17,371,18,1799,11
2514,16,809,17,371,18,1818,11
2514,16,809,17,371,18,1873,11
2514,16,809,17,371,18,1940,11
2514,16,809,17,371,18,1956,11
2514,16,809,17,371,18,1997,11
2514,16,809,17,371,18,2068,11
2514,16,809,17,371,18,2079,11
2514,16,809,17,371,18,2123,11
2514,16,809,17,371,18,2196,11
2514,16,809,17,371,18,2206,11
2514,16,809,17,371,18,2216,11
2514,16,809,17,371,18,2244,11
2514,16,809,17,371,18,2259,11
2514,16,809,17,371,18,2261,11
2514,16,809,17,371,18,2289,11
2514,16,809,17,371,18,2359,11
2514,16,809,17,371,18,2370,11
2514,16,809,17,371,18,2405,11
2514,16,809,17,426,21,45,11
2514,16,809,17,426,21,159,11
2514,16,809,17,426,21,272,11
2514,16,809,17,426,21,338,11
2514,16,809,17,426,21,390,11
2514,16,809,17,426,21,457,11
2514,16,809,17,426,21,463,11
2514,16,809,17,426,21,620,11
2514,16,809,17,426,21,700,11
2514,16,809,17,426,21,742,11
2514,16,809,17,426,21,758,11
2514,16,809,17,426,21,879,11
2514,16,809,17,426,21,927,11
2514,16,809,17,426,21,979,11
2514,16,809,17,426,21,1003,11
2514,16,809,17,426,21,1044,11
2514,16,809,17,426,21,1068,11
2514,16,809,17,426,21,1153,11
2514,16,809,17,426,21,1186,11
2514,16,809,17,426,21,1194,11
2514,16,809,17,426,21,1259,11
2514,16,809,17,426,21,1260,11
2514,16,809,17,426,21,1312,11
2514,16,809,17,426,21,1388,11
2514,16,809,17,426,21,1391,11
2514,16,809,17,426,21,1422,11
2514,16,809,17,426,21,1556,11
2514,16,809,17,426,21,1568,11
2514,16,809,17,426,21,1599,11
2514,16,809,17,426,21,1747,11
2514,16,809,17,426,21,1773,11
2514,16,809,17,426,21,1799,11
2514,16,809,17,426,21,1818,11
2514,16,809,17,426,21,1873,11
2514,16,809,17,426,21,1940,11
2514,16,809,17,426,21,1956,11
2514,16,809,17,426,21,1997,11
2514,16,809,17,426,21,2068,11
2514,16,809,17,426,21,2079,11
2514,16,809,17,426,21,2123,11
2514,16,809,17,426,21,2196,11
2514,16,809,17,426,21,2206,11
2514,16,809,17,426,21,2216,11
2514,16,809,17,426,21,2244,11
2514,16,809,17,426,21,2259,11
2514,16,809,17,426,21,2261,11
2514,16,809,17,426,21,2289,11
2514,16,809,17,426,21,2359,11
2514,16,809,17,426,21,2370,11
2514,16,809,17,426,21,2405,11
2514,16,809,17,541,18,45,11
2514,16,809,17,541,18,159,11
2514,16,809,17,541,18,272,11
2514,16,809,17,541,18,338,11
2514,16,809,17,541,18,390,11
2514,16,809,17,541,18,457,11
2514,16,809,17,541,18,463,11
2514,16,809,17,541,18,620,11
2514,16,809,17,541,18,700,11
2514,16,809,17,541,18,742,11
2514,16,809,17,541,18,758,11
2514,16,809,17,541,18,879,11
2514,16,809,17,541,18,927,11
2514,16,809,17,541,18,979,11
2514,16,809,17,541,18,1003,11
2514,16,809,17,541,18,1044,11
2514,16,809,17,541,18,1068,11
2514,16,809,17,541,18,1153,11
2514,16,809,17,541,18,1186,11
2514,16,809,17,541,18,1194,11
2514,16,809,17,541,18,1259,11
2514,16,809,17,541,18,1260,11
2514,16,809,17,541,18,1312,11
2514,16,809,17,541,18,1388,11
2514,16,809,17,541,18,1391,11
2514,16,809,17,541,18,1422,11
2514,16,809,17,541,18,1556,11
2514,16,809,17,541,18,1568,11
2514,16,809,17,541,18,1599,11
2514,16,809,17,541,18,1747,11
2514,16,809,17,541,18,1773,11
2514,16,809,17,541,18,1799,11
2514,16,809,17,541,18,1818,11
2514,16,809,17,541,18,1873,11
2514,16,809,17,541,18,1940,11
2514,16,809,17,541,18,1956,11
2514,16,809,17,541,18,1997,11
2514,16,809,17,541,18,2068,11
2514,16,809,17,541,18,2079,11
2514,16,809,17,541,18,2123,11
2514,16,809,17,541,18,2196,11
2514,16,809,17,541,18,2206,11
2514,16,809,17,541,18,2216,11
2514,16,809,17,541,18,2244,11
2514,16,809,17,541,18,2259,11
2514,16,809,17,541,18,2261,11
2514,16,809,17,541,18,2289,11
2514,16,809,17,541,18,2359,11
2514,16,809,17,541,18,2370,11
2514,16,809,17,541,18,2405,11
2514,16,809,17,562,30,45,11
2514,16,809,17,562,30,159,11
2514,16,809,17,562,30,272,11
2514,16,809,17,562,30,338,11
2514,16,809,17,562,30,390,11
2514,16,809,17,562,30,457,11
2514,16,809,17,562,30,463,11
2514,16,809,17,562,30,620,11
2514,16,809,17,562,30,700,11
2514,16,809,17,562,30,742,11
2514,16,809,17,562,30,758,11
2514,16,809,17,562,30,879,11
2514,16,809,17,562,30,927,11
2514,16,809,17,562,30,979,11
2514,16,809,17,562,30,1003,11
2514,16,809,17,562,30,1044,11
2514,16,809,17,562,30,1068,11
2514,16,809,17,562,30,1153,11
2514,16,809,17,562,30,1186,11
2514,16,809,17,562,30,1194,11
2514,16,809,17,562,30,1259,11
2514,16,809,17,562,30,1260,11
2514,16,809,17,562,30,1312,11
2514,16,809,17,562,30,1388,11
2514,16,809,17,562,30,1391,11
2514,16,809,17,562,30,1422,11
2514,16,809,17,562,30,1556,11
2514,16,809,17,562,30,1568,11
2514,16,809,17,562,30,1599,11
2514,16,809,17,562,30,1747,11
2514,16,809,17,562,30,1773,11
2514,16,809,17,562,30,1799,11
2514,16,809,17,562,30,1818,11
2514,16,809,17,562,30,1873,11
2514,16,809,17,562,30,1940,11
2514,16,809,17,562,30,1956,11
2514,16,809,17,562,30,1997,11
2514,16,809,17,562,30,2068,11
2514,16,809,17,562,30,2079,11
2514,16,809,17,562,30,2123,11
2514,16,809,17,562,30,2196,11
2514,16,809,17,562,30,2206,11
2514,16,809,17,562,30,2216,11
2514,16,809,17,562,30,2244,11
2514,16,809,17,562,30,2259,11
2514,16,809,17,562,30,2261,11
2514,16,809,17,562,30,2289,11
2514,16,809,17,562,30,2359,11
2514,16,809,17,562,30,2370,11
2514,16,809,17,562,30,2405,11
2514,16,809,17,637,25,45,11
2514,16,809,17,637,25,159,11
2514,16,809,17,637,25,272,11
2514,16,809,17,637,25,338,11
2514,16,809,17,637,25,390,11
2514,16,809,17,637,25,457,11
2514,16,809,17,637,25,463,11
2514,16,809,17,637,25,620,11
2514,16,809,17,637,25,700,11
2514,16,809,17,637,25,742,11
2514,16,809,17,637,25,758,11
2514,16,809,17,637,25,879,11
2514,16,809,17,637,25,927,11
2514,16,809,17,637,25,979,11
2514,16,809,17,637,25,1003,11
2514,16,809,17,637,25,1044,11
2514,16,809,17,637,25,1068,11
2514,16,809,17,637,25,1153,11
2514,16,809,17,637,25,1186,11
2514,16,809,17,637,25,1194,11
2514,16,809,17,637,25,1259,11
2514,16,809,17,637,25,1260,11
2514,16,809,17,637,25,1312,11
2514,16,809,17,637,25,1388,11
2514,16,809,17,637,25,1391,11
2514,16,809,17,637,25,1422,11
2514,16,809,17,637,25,1556,11
2514,16,809,17,637,25,1568,11
2514,16,809,17,637,25,1599,11
2514,16,809,17,637,25,1747,11
2514,16,809,17,637,25,1773,11
2514,16,809,17,637,25,1799,11
2514,16,809,17,637,25,1818,11
2514,16,809,17,637,25,1873,11
2514,16,809,17,637,25,1940,11
2514,16,809,17,637,25,1956,11
2514,16,809,17,637,25,1997,11
2514,16,809,17,637,25,2068,11
2514,16,809,17,637,25,2079,11
2514,16,809,17,637,25,2123,11
2514,16,809,17,637,25,2196,11
2514,16,809,17,637,25,2206,11
2514,16,809,17,637,25,2216,11
2514,16,809,17,637,25,2244,11
2514,16,809,17,637,25,2259,11
2514,16,809,17,637,25,2261,11
2514,16,809,17,637,25,2289,11
2514,16,809,17,637,25,2359,11
2514,16,809,17,637,25,2370,11
2514,16,809,17,637,25,2405,11
2514,16,809,17,1353,16,45,11
2514,16,809,17,1353,16,159,11
2514,16,809,17,1353,16,272,11
2514,16,809,17,1353,16,338,11
2514,16,809,17,1353,16,390,11
2514,16,809,17,1353,16,457,11
2514,16,809,17,1353,16,463,11
2514,16,809,17,1353,16,620,11
2514,16,809,17,1353,16,700,11
2514,16,809,17,1353,16,742,11
2514,16,809,17,1353,16,758,11
2514,16,809,17,1353,16,879,11
2514,16,809,17,1353,16,927,11
2514,16,809,17,1353,16,979,11
2514,16,809,17,1353,16,1003,11
2514,16,809,17,1353,16,1044,11
2514,16,809,17,1353,16,1068,11
2514,16,809,17,1353,16,1153,11
2514,16,809,17,1353,16,1186,11
2514,16,809,17,1353,16,1194,11
2514,16,809,17,1353,16,1259,11
2514,16,809,17,1353,16,1260,11
2514,16,809,17,1353,16,1312,11
2514,16,809,17,1353,16,1388,11
2514,16,809,17,1353,16,1391,11
2514,16,809,17,1353,16,1422,11
2514,16,809,17,1353,16,1556,11
2514,16,809,17,1353,16,1568,11
2514,16,809,17,1353,16,1599,11
2514,16,809,17,1353,16,1747,11
2514,16,809,17,1353,16,1773,11
2514,16,809,17,1353,16,1799,11
2514,16,809,17,1353,16,1818,11
2514,16,809,17,1353,16,1873,11
2514,16,809,17,1353,16,1940,11
2514,16,809,17,1353,16,1956,11
2514,16,809,17,1353,16,1997,11
2514,16,809,17,1353,16,2068,11
2514,16,809,17,1353,16,2079,11
2514,16,809,17,1353,16,2123,11
2514,16,809,17,1353,16,2196,11
2514,16,809,17,1353,16,2206,11
2514,16,809,17,1353,16,2216,11
2514,16,809,17,1353,16,2244,11
2514,16,809,17,1353,16,2259,11
2514,16,809,17,1353,16,2261,11
2514,16,809,17,1353,16,2289,11
2514,16,809,17,1353,16,2359,11
2514,16,809,17,1353,16,2370,11
2514,16,809,17,1353,16,2405,11
2514,16,809,17,1383,20,45,11
2514,16,809,17,1383,20,159,11
2514,16,809,17,1383,20,272,11
2514,16,809,17,1383,20,338,11
2514,16,809,17,1383,20,390,11
2514,16,809,17,1383,20,457,11
2514,16,809,17,1383,20,463,11
2514,16,809,17,1383,20,620,11
2514,16,809,17,1383,20,700,11
2514,16,809,17,1383,20,742,11
2514,16,809,17,1383,20,758,11
2514,16,809,17,1383,20,879,11
2514,16,809,17,1383,20,927,11
2514,16,809,17,1383,20,979,11
2514,16,809,17,1383,20,1003,11
2514,16,809,17,1383,20,1044,11
2514,16,809,17,1383,20,1068,11
2514,16,809,17,1383,20,1153,11
2514,16,809,17,1383,20,1186,11
2514,16,809,17,1383,20,1194,11
2514,16,809,17,1383,20,1259,11
2514,16,809,17,1383,20,1260,11
2514,16,809,17,1383,20,1312,11
2514,16,809,17,1383,20,1388,11
2514,16,809,17,1383,20,1391,11
2514,16,809,17,1383,20,1422,11
2514,16,809,17,1383,20,1556,11
2514,16,809,17,1383,20,1568,11
2514,16,809,17,1383,20,1599,11
2514,16,809,17,1383,20,1747,11
2514,16,809,17,1383,20,1773,11
2514,16,809,17,1383,20,1799,11
2514,16,809,17,1383,20,1818,11
2514,16,809,17,1383,20,1873,11
2514,16,809,17,1383,20,1940,11
2514,16,809,17,1383,20,1956,11
2514,16,809,17,1383,20,1997,11
2514,16,809,17,1383,20,2068,11
2514,16,809,17,1383,20,2079,11
2514,16,809,17,1383,20,2123,11
2514,16,809,17,1383,20,2196,11
2514,16,809,17,1383,20,2206,11
2514,16,809,17,1383,20,2216,11
2514,16,809,17,1383,20,2244,11
2514,16,809,17,1383,20,2259,11
2514,16,809,17,1383,20,2261,11
2514,16,809,17,1383,20,2289,11
2514,16,809,17,1383,20,2359,11
2514,16,809,17,1383,20,2370,11
2514,16,809,17,1383,20,2405,11
2514,16,809,17,1528,46,45,11
2514,16,809,17,1528,46,159,11
2514,16,809,17,1528,46,272,11
2514,16,809,17,1528,46,338,11
2514,16,809,17,1528,46,390,11
2514,16,809,17,1528,46,457,11
2514,16,809,17,1528,46,463,11
2514,16,809,17,1528,46,620,11
2514,16,809,17,1528,46,700,11
2514,16,809,17,1528,46,742,11
2514,16,809,17,1528,46,758,11
2514,16,809,17,1528,46,879,11
2514,16,809,17,1528,46,927,11
2514,16,809,17,1528,46,979,11
2514,16,809,17,1528,46,1003,11
2514,16,809,17,1528,46,1044,11
2514,16,809,17,1528,46,1068,11
2514,16,809,17,1528,46,1153,11
2514,16,809,17,1528,46,1186,11
2514,16,809,17,1528,46,1194,11
2514,16,809,17,1528,46,1259,11
2514,16,809,17,1528,46,1260,11
2514,16,809,17,1528,46,1312,11
2514,16,809,17,1528,46,1388,11
2514,16,809,17,1528,46,1391,11
2514,16,809,17,1528,46,1422,11
2514,16,809,17,1528,46,1556,11
2514,16,809,17,1528,46,1568,11
2514,16,809,17,1528,46,1599,11
2514,16,809,17,1528,46,1747,11
2514,16,809,17,1528,46,1773,11
2514,16,809,17,1528,46,1799,11
2514,16,809,17,1528,46,1818,11
2514,16,809,17,1528,46,1873,11
2514,16,809,17,1528,46,1940,11
2514,16,809,17,1528,46,1956,11
2514,16,809,17,1528,46,1997,11
2514,16,809,17,1528,46,2068,11
2514,16,809,17,1528,46,2079,11
2514,16,809,17,1528,46,2123,11
2514,16,809,17,1528,46,2196,11
2514,16,809,17,1528,46,2206,11
2514,16,809,17,1528,46,2216,11
2514,16,809,17,1528,46,2244,11
2514,16,809,17,1528,46,2259,11
2514,16,809,17,1528,46,2261,11
2514,16,809,17,1528,46,2289,11
2514,16,809,17,1528,46,2359,11
2514,16,809,17,1528,46,2370,11
2514,16,809,17,1528,46,2405,11
2514,16,809,17,1777,35,45,11
2514,16,809,17,1777,35,159,11
2514,16,809,17,1777,35,272,11
2514,16,809,17,1777,35,338,11
2514,16,809,17,1777,35,390,11
2514,16,809,17,1777,35,457,11
2514,16,809,17,1777,35,463,11
2514,16,809,17,1777,35,620,11
2514,16,809,17,1777,35,700,11
2514,16,809,17,1777,35,742,11
2514,16,809,17,1777,35,758,11
2514,16,809,17,1777,35,879,11
2514,16,809,17,1777,35,927,11
2514,16,809,17,1777,35,979,11
2514,16,809,17,1777,35,1003,11
2514,16,809,17,1777,35,1044,11
2514,16,809,17,1777,35,1068,11
2514,16,809,17,1777,35,1153,11
2514,16,809,17,1777,35,1186,11
2514,16,809,17,1777,35,1194,11
2514,16,809,17,1777,35,1259,11
2514,16,809,17,1777,35,1260,11
2514,16,809,17,1777,35,1312,11
2514,16,809,17,1777,35,1388,11
2514,16,809,17,1777,35,1391,11
2514,16,809,17,1777,35,1422,11
2514,16,809,17,1777,35,1556,11
2514,16,809,17,1777,35,1568,11
2514,16,809,17,1777,35,1599,11
2514,16,809,17,1777,35,1747,11
2514,16,809,17,1777,35,1773,11
2514,16,809,17,1777,35,1799,11
2514,16,809,17,1777,35,1818,11
2514,16,809,17,1777,35,1873,11
2514,16,809,17,1777,35,1940,11
2514,16,809,17,1777,35,1956,11
2514,16,809,17,1777,35,1997,11
2514,16,809,17,1777,35,2068,11
2514,16,809,17,1777,35,2079,11
2514,16,809,17,1777,35,2123,11
2514,16,809,17,1777,35,2196,11
2514,16,809,17,1777,35,2206,11
2514,16,809,17,1777,35,2216,11
2514,16,809,17,1777,35,2244,11
2514,16,809,17,1777,35,2259,11
2514,16,809,17,1777,35,2261,11
2514,16,809,17,1777,35,2289,11
2514,16,809,17,1777,35,2359,11
2514,16,809,17,1777,35,2370,11
2514,16,809,17,1777,35,2405,11
2514,16,809,17,1833,16,45,11
2514,16,809,17,1833,16,159,11
2514,16,809,17,1833,16,272,11
2514,16,809,17,1833,16,338,11
2514,16,809,17,1833,16,390,11
2514,16,809,17,1833,16,457,11
2514,16,809,17,1833,16,463,11
2514,16,809,17,1833,16,620,11
2514,16,809,17,1833,16,700,11
2514,16,809,17,1833,16,742,11
2514,16,809,17,1833,16,758,11
2514,16,809,17,1833,16,879,11
2514,16,809,17,1833,16,927,11
2514,16,809,17,1833,16,979,11
2514,16,809,17,1833,16,1003,11
2514,16,809,17,1833,16,1044,11
2514,16,809,17,1833,16,1068,11
2514,16,809,17,1833,16,1153,11
2514,16,809,17,1833,16,1186,11
2514,16,809,17,1833,16,1194,11
2514,16,809,17,1833,16,1259,11
2514,16,809,17,1833,16,1260,11
2514,16,809,17,1833,16,1312,11
2514,16,809,17,1833,16,1388,11
2514,16,809,17,1833,16,1391,11
2514,16,809,17,1833,16,1422,11
2514,16,809,17,1833,16,1556,11
2514,16,809,17,1833,16,1568,11
2514,16,809,17,1833,16,1599,11
2514,16,809,17,1833,16,1747,11
2514,16,809,17,1833,16,1773,11
2514,16,809,17,1833,16,1799,11
2514,16,809,17,1833,16,1818,11
2514,16,809,17,1833,16,1873,11
2514,16,809,17,1833,16,1940,11
2514,16,809,17,1833,16,1956,11
2514,16,809,17,1833,16,1997,11
2514,16,809,17,1833,16,2068,11
2514,16,809,17,1833,16,2079,11
2514,16,809,17,1833,16,2123,11
2514,16,809,17,1833,16,2196,11
2514,16,809,17,1833,16,2206,11
2514,16,809,17,1833,16,2216,11
2514,16,809,17,1833,16,2244,11
2514,16,809,17,1833,16,2259,11
2514,16,809,17,1833,16,2261,11
2514,16,809,17,1833,16,2289,11
2514,16,809,17,1833,16,2359,11
2514,16,809,17,1833,16,2370,11
2514,16,809,17,1833,16,2405,11
2514,16,809,17,1923,34,45,11
2514,16,809,17,1923,34,159,11
2514,16,809,17,1923,34,272,11
2514,16,809,17,1923,34,338,11
2514,16,809,17,1923,34,390,11
2514,16,809,17,1923,34,463,11
2514,16,809,17,1923,34,620,11
2514,16,809,17,1923,34,742,11
2514,16,809,17,1923,34,758,11
2514,16,809,17,1923,34,879,11
2514,16,809,17,1923,34,979,11
2514,16,809,17,1923,34,1044,11
2514,16,809,17,1923,34,1068,11
2514,16,809,17,1923,34,1186,11
2514,16,809,17,1923,34,1259,11
2514,16,809,17,1923,34,1260,11
2514,16,809,17,1923,34,1312,11
2514,16,809,17,1923,34,1388,11
2514,16,809,17,1923,34,1391,11
2514,16,809,17,1923,34,1422,11
2514,16,809,17,1923,34,1556,11
2514,16,809,17,1923,34,1747,11
2514,16,809,17,1923,34,1773,11
2514,16,809,17,1923,34,1799,11
2514,16,809,17,1923,34,1873,11
2514,16,809,17,1923,34,1956,11
2514,16,809,17,1923,34,1997,11
2514,16,809,17,1923,34,2068,11
2514,16,809,17,1923,34,2079,11
2514,16,809,17,1923,34,2123,11
2514,16,809,17,1923,34,2196,11
2514,16,809,17,1923,34,2206,11
2514,16,809,17,1923,34,2216,11
2514,16,809,17,1923,34,2244,11
2514,16,809,17,1923,34,2259,11
2514,16,809,17,1923,34,2261,11
2514,16,809,17,1923,34,2289,11
2514,16,809,17,1923,34,2359,11
2514,16,809,17,1923,34,2370,11
2514,16,809,17,1923,34,2405,11
2514,16,809,17,1985,14,45,11
2514,16,809,17,1985,14,159,11
2514,16,809,17,1985,14,272,11
2514,16,809,17,1985,14,338,11
2514,16,809,17,1985,14,390,11
2514,16,809,17,1985,14,457,11
2514,16,809,17,1985,14,463,11
2514,16,809,17,1985,14,620,11
2514,16,809,17,1985,14,700,11
2514,16,809,17,1985,14,742,11
2514,16,809,17,1985,14,758,11
2514,16,809,17,1985,14,879,11
2514,16,809,17,1985,14,927,11
2514,16,809,17,1985,14,979,11
2514,16,809,17,1985,14,1003,11
2514,16,809,17,1985,14,1044,11
2514,16,809,17,1985,14,1068,11
2514,16,809,17,1985,14,1153,11
2514,16,809,17,1985,14,1186,11
2514,16,809,17,1985,14,1194,11
2514,16,809,17,1985,14,1259,11
2514,16,809,17,1985,14,1260,11
2514,16,809,17,1985,14,1312,11
2514,16,809,17,1985,14,1388,11
2514,16,809,17,1985,14,1391,11
2514,16,809,17,1985,14,1422,11
2514,16,809,17,1985,14,1556,11
2514,16,809,17,1985,14,1568,11
2514,16,809,17,1985,14,1599,11
2514,16,809,17,1985,14,1747,11
2514,16,809,17,1985,14,1773,11
2514,16,809,17,1985,14,1799,11
2514,16,809,17,1985,14,1818,11
2514,16,809,17,1985,14,1873,11
2514,16,809,17,1985,14,1940,11
2514,16,809,17,1985,14,1956,11
2514,16,809,17,1985,14,1997,11
2514,16,809,17,1985,14,2068,11
2514,16,809,17,1985,14,2079,11
2514,16,809,17,1985,14,2123,11
2514,16,809,17,1985,14,2196,11
2514,16,809,17,1985,14,2206,11
2514,16,809,17,1985,14,2216,11
2514,16,809,17,1985,14,2244,11
2514,16,809,17,1985,14,2259,11
2514,16,809,17,1985,14,2261,11
2514,16,809,17,1985,14,2289,11
2514,16,809,17,1985,14,2359,11
2514,16,809,17,1985,14,2370,11
2514,16,809,17,1985,14,2405,11
