2514,16,1805,34,264,19,45,11
2514,16,1805,34,264,19,159,11
2514,16,1805,34,264,19,272,11
2514,16,1805,34,264,19,338,11
2514,16,1805,34,264,19,390,11
2514,16,1805,34,264,19,457,11
2514,16,1805,34,264,19,463,11
2514,16,1805,34,264,19,620,11
2514,16,1805,34,264,19,700,11
2514,16,1805,34,264,19,742,11
2514,16,1805,34,264,19,758,11
2514,16,1805,34,264,19,879,11
2514,16,1805,34,264,19,927,11
2514,16,1805,34,264,19,979,11
2514,16,1805,34,264,19,1003,11
2514,16,1805,34,264,19,1044,11
2514,16,1805,34,264,19,1068,11
2514,16,1805,34,264,19,1153,11
2514,16,1805,34,264,19,1186,11
2514,16,1805,34,264,19,1194,11
2514,16,1805,34,264,19,1259,11
2514,16,1805,34,264,19,1260,11
2514,16,1805,34,264,19,1312,11
2514,16,1805,34,264,19,1388,11
2514,16,1805,34,264,19,1391,11
2514,16,1805,34,264,19,1422,11
2514,16,1805,34,264,19,1556,11
2514,16,1805,34,264,19,1568,11
2514,16,1805,34,264,19,1599,11
2514,16,1805,34,264,19,1747,11
2514,16,1805,34,264,19,1773,11
2514,16,1805,34,264,19,1799,11
2514,16,1805,34,264,19,1818,11
2514,16,1805,34,264,19,1873,11
2514,16,1805,34,264,19,1940,11
2514,16,1805,34,264,19,1956,11
2514,16,1805,34,264,19,1997,11
2514,16,1805,34,264,19,2068,11
2514,16,1805,34,264,19,2079,11
2514,16,1805,34,264,19,2123,11
2514,16,1805,34,264,19,2196,11
2514,16,1805,34,264,19,2206,11
2514,16,1805,34,264,19,2216,11
2514,16,1805,34,264,19,2244,11
2514,16,1805,34,264,19,2259,11
2514,16,1805,34,264,19,2261,11
2514,16,1805,34,264,19,2289,11
2514,16,1805,34,264,19,2359,11
2514,16,1805,34,264,19,2370,11
2514,16,1805,34,264,19,2405,11
2514,16,1805,34,419,12,45,11
2514,16,1805,34,419,12,159,11
2514,16,1805,34,419,12,272,11
2514,16,1805,34,419,12,338,11
2514,16,1805,34,419,12,390,11
2514,16,1805,34,419,12,463,11
2514,16,1805,34,419,12,620,11
2514,16,1805,34,419,12,742,11
2514,16,1805,34,419,12,758,11
2514,16,1805,34,419,12,879,11
2514,16,1805,34,419,12,979,11
2514,16,1805,34,419,12,1044,11
2514,16,1805,34,419,12,1068,11
2514,16,1805,34,419,12,1186,11
2514,16,1805,34,419,12,1259,11
2514,16,1805,34,419,12,1260,11
2514,16,1805,34,419,12,1312,11
2514,16,1805,34,419,12,1388,11
2514,16,1805,34,419,12,1391,11
2514,16,1805,34,419,12,1422,11
2514,16,1805,34,419,12,1556,11
2514,16,1805,34,419,12,1747,11
2514,16,1805,34,419,12,1773,11
2514,16,1805,34,419,12,1799,11
2514,16,1805,34,419,12,1873,11
2514,16,1805,34,419,12,1956,11
2514,16,1805,34,419,12,1997,11
2514,16,1805,34,419,12,2068,11
2514,16,1805,34,419,12,2079,11
2514,16,1805,34,419,12,2123,11
2514,16,1805,34,419,12,2196,11
2514,16,1805,34,419,12,2206,11
2514,16,1805,34,419,12,2216,11
2514,16,1805,34,419,12,2244,11
2514,16,1805,34,419,12,2259,11
2514,16,1805,34,419,12,2261,11
2514,16,1805,34,419,12,2289,11
2514,16,1805,34,419,12,2359,11
2514,16,1805,34,419,12,2370,11
2514,16,1805,34,419,12,2405,11
2514,16,1805,34,482,29,45,11
2514,16,1805,34,482,29,159,11
2514,16,1805,34,482,29,272,11
2514,16,1805,34,482,29,338,11
2514,16,1805,34,482,29,390,11
2514,16,1805,34,482,29,457,11
2514,16,1805,34,482,29,463,11
2514,16,1805,34,482,29,620,11
2514,16,1805,34,482,29,700,11
2514,16,1805,34,482,29,742,11
2514,16,1805,34,482,29,758,11
2514,16,1805,34,482,29,879,11
2514,16,1805,34,482,29,927,11
2514,16,1805,34,482,29,979,11
2514,16,1805,34,482,29,1003,11
2514,16,1805,34,482,29,1044,11
2514,16,1805,34,482,29,1068,11
2514,16,1805,34,482,29,1153,11
2514,16,1805,34,482,29,1186,11
2514,16,1805,34,482,29,1194,11
2514,16,1805,34,482,29,1259,11
2514,16,1805,34,482,29,1260,11
2514,16,1805,34,482,29,1312,11
2514,16,1805,34,482,29,1388,11
2514,16,1805,34,482,29,1391,11
2514,16,1805,34,482,29,1422,11
2514,16,1805,34,482,29,1556,11
2514,16,1805,34,482,29,1568,11
2514,16,1805,34,482,29,1599,11
2514,16,1805,34,482,29,1747,11
2514,16,1805,34,482,29,1773,11
2514,16,1805,34,482,29,1799,11
2514,16,1805,34,482,29,1818,11
2514,16,1805,34,482,29,1873,11
2514,16,1805,34,482,29,1940,11
2514,16,1805,34,482,29,1956,11
2514,16,1805,34,482,29,1997,11
2514,16,1805,34,482,29,2068,11
2514,16,1805,34,482,29,2079,11
2514,16,1805,34,482,29,2123,11
2514,16,1805,34,482,29,2196,11
2514,16,1805,34,482,29,2206,11
2514,16,1805,34,482,29,2216,11
2514,16,1805,34,482,29,2244,11
2514,16,1805,34,482,29,2259,11
2514,16,1805,34,482,29,2261,11
2514,16,1805,34,482,29,2289,11
2514,16,1805,34,482,29,2359,11
2514,16,1805,34,482,29,2370,11
2514,16,1805,34,482,29,2405,11
2514,16,1805,34,548,41,45,11
2514,16,1805,34,548,41,159,11
2514,16,1805,34,548,41,272,11
2514,16,1805,34,548,41,338,11
2514,16,1805,34,548,41,390,11
2514,16,1805,34,548,41,457,11
2514,16,1805,34,548,41,463,11
2514,16,1805,34,548,41,620,11
2514,16,1805,34,548,41,700,11
2514,16,1805,34,548,41,742,11
2514,16,1805,34,548,41,758,11
2514,16,1805,34,548,41,879,11
2514,16,1805,34,548,41,927,11
2514,16,1805,34,548,41,979,11
2514,16,1805,34,548,41,1003,11
2514,16,1805,34,548,41,1044,11
2514,16,1805,34,548,41,1068,11
2514,16,1805,34,548,41,1153,11
2514,16,1805,34,548,41,1186,11
2514,16,1805,34,548,41,1194,11
2514,16,1805,34,548,41,1259,11
2514,16,1805,34,548,41,1260,11
2514,16,1805,34,548,41,1312,11
2514,16,1805,34,548,41,1388,11
2514,16,1805,34,548,41,1391,11
2514,16,1805,34,548,41,1422,11
2514,16,1805,34,548,41,1556,11
2514,16,1805,34,548,41,1568,11
2514,16,1805,34,548,41,1599,11
2514,16,1805,34,548,41,1747,11
2514,16,1805,34,548,41,1773,11
2514,16,1805,34,548,41,1799,11
2514,16,1805,34,548,41,1818,11
2514,16,1805,34,548,41,1873,11
2514,16,1805,34,548,41,1940,11
2514,16,1805,34,548,41,1956,11
2514,16,1805,34,548,41,1997,11
2514,16,1805,34,548,41,2068,11
2514,16,1805,34,548,41,2079,11
2514,16,1805,34,548,41,2123,11
2514,16,1805,34,548,41,2196,11
2514,16,1805,34,548,41,2206,11
2514,16,1805,34,548,41,2216,11
2514,16,1805,34,548,41,2244,11
2514,16,1805,34,548,41,2259,11
2514,16,1805,34,548,41,2261,11
2514,16,1805,34,548,41,2289,11
2514,16,1805,34,548,41,2359,11
2514,16,1805,34,548,41,2370,11
2514,16,1805,34,548,41,2405,11
2514,16,1805,34,692,21,45,11
2514,16,1805,34,692,21,159,11
2514,16,1805,34,692,21,272,11
2514,16,1805,34,692,21,338,11
2514,16,1805,34,692,21,390,11
2514,16,1805,34,692,21,457,11
2514,16,1805,34,692,21,463,11
2514,16,1805,34,692,21,620,11
2514,16,1805,34,692,21,700,11
2514,16,1805,34,692,21,742,11
2514,16,1805,34,692,21,758,11
2514,16,1805,34,692,21,879,11
2514,16,1805,34,692,21,927,11
2514,16,1805,34,692,21,979,11
2514,16,1805,34,692,21,1003,11
2514,16,1805,34,692,21,1044,11
2514,16,1805,34,692,21,1068,11
2514,16,1805,34,692,21,1153,11
2514,16,1805,34,692,21,1186,11
2514,16,1805,34,692,21,1194,11
2514,16,1805,34,692,21,1259,11
2514,16,1805,34,692,21,1260,11
2514,16,1805,34,692,21,1312,11
2514,16,1805,34,692,21,1388,11
2514,16,1805,34,692,21,1391,11
2514,16,1805,34,692,21,1422,11
2514,16,1805,34,692,21,1556,11
2514,16,1805,34,692,21,1568,11
2514,16,1805,34,692,21,1599,11
2514,16,1805,34,692,21,1747,11
2514,16,1805,34,692,21,1773,11
2514,16,1805,34,692,21,1799,11
2514,16,1805,34,692,21,1818,11
2514,16,1805,34,692,21,1873,11
2514,16,1805,34,692,21,1940,11
2514,16,1805,34,692,21,1956,11
2514,16,1805,34,692,21,1997,11
2514,16,1805,34,692,21,2068,11
2514,16,1805,34,692,21,2079,11
2514,16,1805,34,692,21,2123,11
2514,16,1805,34,692,21,2196,11
2514,16,1805,34,692,21,2206,11
2514,16,1805,34,692,21,2216,11
2514,16,1805,34,692,21,2244,11
2514,16,1805,34,692,21,2259,11
2514,16,1805,34,692,21,2261,11
2514,16,1805,34,692,21,2289,11
2514,16,1805,34,692,21,2359,11
2514,16,1805,34,692,21,2370,11
2514,16,1805,34,692,21,2405,11
2514,16,1805,34,724,21,45,11
2514,16,1805,34,724,21,159,11
2514,16,1805,34,724,21,272,11
2514,16,1805,34,724,21,338,11
2514,16,1805,34,724,21,390,11
2514,16,1805,34,724,21,457,11
2514,16,1805,34,724,21,463,11
2514,16,1805,34,724,21,620,11
2514,16,1805,34,724,21,700,11
2514,16,1805,34,724,21,742,11
2514,16,1805,34,724,21,758,11
2514,16,1805,34,724,21,879,11
2514,16,1805,34,724,21,927,11
2514,16,1805,34,724,21,979,11
2514,16,1805,34,724,21,1003,11
2514,16,1805,34,724,21,1044,11
2514,16,1805,34,724,21,1068,11
2514,16,1805,34,724,21,1153,11
2514,16,1805,34,724,21,1186,11
2514,16,1805,34,724,21,1194,11
2514,16,1805,34,724,21,1259,11
2514,16,1805,34,724,21,1260,11
2514,16,1805,34,724,21,1312,11
2514,16,1805,34,724,21,1388,11
2514,16,1805,34,724,21,1391,11
2514,16,1805,34,724,21,1422,11
2514,16,1805,34,724,21,1556,11
2514,16,1805,34,724,21,1568,11
2514,16,1805,34,724,21,1599,11
2514,16,1805,34,724,21,1747,11
2514,16,1805,34,724,21,1773,11
2514,16,1805,34,724,21,1799,11
2514,16,1805,34,724,21,1818,11
2514,16,1805,34,724,21,1873,11
2514,16,1805,34,724,21,1940,11
2514,16,1805,34,724,21,1956,11
2514,16,1805,34,724,21,1997,11
2514,16,1805,34,724,21,2068,11
2514,16,1805,34,724,21,2079,11
2514,16,1805,34,724,21,2123,11
2514,16,1805,34,724,21,2196,11
2514,16,1805,34,724,21,2206,11
2514,16,1805,34,724,21,2216,11
2514,16,1805,34,724,21,2244,11
2514,16,1805,34,724,21,2259,11
2514,16,1805,34,724,21,2261,11
2514,16,1805,34,724,21,2289,11
2514,16,1805,34,724,21,2359,11
2514,16,1805,34,724,21,2370,11
2514,16,1805,34,724,21,2405,11
2514,16,1805,34,822,28,45,11
2514,16,1805,34,822,28,159,11
2514,16,1805,34,822,28,272,11
2514,16,1805,34,822,28,338,11
2514,16,1805,34,822,28,390,11
2514,16,1805,34,822,28,457,11
2514,16,1805,34,822,28,463,11
2514,16,1805,34,822,28,620,11
2514,16,1805,34,822,28,700,11
2514,16,1805,34,822,28,742,11
2514,16,1805,34,822,28,758,11
2514,16,1805,34,822,28,879,11
2514,16,1805,34,822,28,927,11
2514,16,1805,34,822,28,979,11
2514,16,1805,34,822,28,1003,11
2514,16,1805,34,822,28,1044,11
2514,16,1805,34,822,28,1068,11
2514,16,1805,34,822,28,1153,11
2514,16,1805,34,822,28,1186,11
2514,16,1805,34,822,28,1194,11
2514,16,1805,34,822,28,1259,11
2514,16,1805,34,822,28,1260,11
2514,16,1805,34,822,28,1312,11
2514,16,1805,34,822,28,1388,11
2514,16,1805,34,822,28,1391,11
2514,16,1805,34,822,28,1422,11
2514,16,1805,34,822,28,1556,11
2514,16,1805,34,822,28,1568,11
2514,16,1805,34,822,28,1599,11
2514,16,1805,34,822,28,1747,11
2514,16,1805,34,822,28,1773,11
2514,16,1805,34,822,28,1799,11
2514,16,1805,34,822,28,1818,11
2514,16,1805,34,822,28,1873,11
2514,16,1805,34,822,28,1940,11
2514,16,1805,34,822,28,1956,11
2514,16,1805,34,822,28,1997,11
2514,16,1805,34,822,28,2068,11
2514,16,1805,34,822,28,2079,11
2514,16,1805,34,822,28,2123,11
2514,16,1805,34,822,28,2196,11
2514,16,1805,34,822,28,2206,11
2514,16,1805,34,822,28,2216,11
2514,16,1805,34,822,28,2244,11
2514,16,1805,34,822,28,2259,11
2514,16,1805,34,822,28,2261,11
2514,16,1805,34,822,28,2289,11
2514,16,1805,34,822,28,2359,11
2514,16,1805,34,822,28,2370,11
2514,16,1805,34,822,28,2405,11
2514,16,1805,34,850,43,45,11
2514,16,1805,34,850,43,159,11
2514,16,1805,34,850,43,272,11
2514,16,1805,34,850,43,338,11
2514,16,1805,34,850,43,390,11
2514,16,1805,34,850,43,457,11
2514,16,1805,34,850,43,463,11
2514,16,1805,34,850,43,620,11
2514,16,1805,34,850,43,700,11
2514,16,1805,34,850,43,742,11
2514,16,1805,34,850,43,758,11
2514,16,1805,34,850,43,879,11
2514,16,1805,34,850,43,927,11
2514,16,1805,34,850,43,979,11
2514,16,1805,34,850,43,1003,11
2514,16,1805,34,850,43,1044,11
2514,16,1805,34,850,43,1068,11
2514,16,1805,34,850,43,1153,11
2514,16,1805,34,850,43,1186,11
2514,16,1805,34,850,43,1194,11
2514,16,1805,34,850,43,1259,11
2514,16,1805,34,850,43,1260,11
2514,16,1805,34,850,43,1312,11
2514,16,1805,34,850,43,1388,11
2514,16,1805,34,850,43,1391,11
2514,16,1805,34,850,43,1422,11
2514,16,1805,34,850,43,1556,11
2514,16,1805,34,850,43,1568,11
2514,16,1805,34,850,43,1599,11
2514,16,1805,34,850,43,1747,11
2514,16,1805,34,850,43,1773,11
2514,16,1805,34,850,43,1799,11
2514,16,1805,34,850,43,1818,11
2514,16,1805,34,850,43,1873,11
2514,16,1805,34,850,43,1940,11
2514,16,1805,34,850,43,1956,11
2514,16,1805,34,850,43,1997,11
2514,16,1805,34,850,43,2068,11
2514,16,1805,34,850,43,2079,11
2514,16,1805,34,850,43,2123,11
2514,16,1805,34,850,43,2196,11
2514,16,1805,34,850,43,2206,11
2514,16,1805,34,850,43,2216,11
2514,16,1805,34,850,43,2244,11
2514,16,1805,34,850,43,2259,11
2514,16,1805,34,850,43,2261,11
2514,16,1805,34,850,43,2289,11
2514,16,1805,34,850,43,2359,11
2514,16,1805,34,850,43,2370,11
2514,16,1805,34,850,43,2405,11
2514,16,1805,34,950,50,45,11
2514,16,1805,34,950,50,159,11
2514,16,1805,34,950,50,272,11
2514,16,1805,34,950,50,338,11
2514,16,1805,34,950,50,390,11
2514,16,1805,34,950,50,457,11
2514,16,1805,34,950,50,463,11
2514,16,1805,34,950,50,620,11
2514,16,1805,34,950,50,700,11
2514,16,1805,34,950,50,742,11
2514,16,1805,34,950,50,758,11
2514,16,1805,34,950,50,879,11
2514,16,1805,34,950,50,927,11
2514,16,1805,34,950,50,979,11
2514,16,1805,34,950,50,1003,11
2514,16,1805,34,950,50,1044,11
2514,16,1805,34,950,50,1068,11
2514,16,1805,34,950,50,1153,11
2514,16,1805,34,950,50,1186,11
2514,16,1805,34,950,50,1194,11
2514,16,1805,34,950,50,1259,11
2514,16,1805,34,950,50,1260,11
2514,16,1805,34,950,50,1312,11
2514,16,1805,34,950,50,1388,11
2514,16,1805,34,950,50,1391,11
2514,16,1805,34,950,50,1422,11
2514,16,1805,34,950,50,1556,11
2514,16,1805,34,950,50,1568,11
2514,16,1805,34,950,50,1599,11
2514,16,1805,34,950,50,1747,11
2514,16,1805,34,950,50,1773,11
2514,16,1805,34,950,50,1799,11
2514,16,1805,34,950,50,1818,11
2514,16,1805,34,950,50,1873,11
2514,16,1805,34,950,50,1940,11
2514,16,1805,34,950,50,1956,11
2514,16,1805,34,950,50,1997,11
2514,16,1805,34,950,50,2068,11
2514,16,1805,34,950,50,2079,11
2514,16,1805,34,950,50,2123,11
2514,16,1805,34,950,50,2196,11
2514,16,1805,34,950,50,2206,11
2514,16,1805,34,950,50,2216,11
2514,16,1805,34,950,50,2244,11
2514,16,1805,34,950,50,2259,11
2514,16,1805,34,950,50,2261,11
2514,16,1805,34,950,50,2289,11
2514,16,1805,34,950,50,2359,11
2514,16,1805,34,950,50,2370,11
2514,16,1805,34,950,50,2405,11
2514,16,1805,34,1290,22,45,11
2514,16,1805,34,1290,22,159,11
2514,16,1805,34,1290,22,272,11
2514,16,1805,34,1290,22,338,11
2514,16,1805,34,1290,22,390,11
2514,16,1805,34,1290,22,457,11
2514,16,1805,34,1290,22,463,11
2514,16,1805,34,1290,22,620,11
2514,16,1805,34,1290,22,700,11
2514,16,1805,34,1290,22,742,11
2514,16,1805,34,1290,22,758,11
2514,16,1805,34,1290,22,879,11
2514,16,1805,34,1290,22,927,11
2514,16,1805,34,1290,22,979,11
2514,16,1805,34,1290,22,1003,11
2514,16,1805,34,1290,22,1044,11
2514,16,1805,34,1290,22,1068,11
2514,16,1805,34,1290,22,1153,11
2514,16,1805,34,1290,22,1186,11
2514,16,1805,34,1290,22,1194,11
2514,16,1805,34,1290,22,1259,11
2514,16,1805,34,1290,22,1260,11
2514,16,1805,34,1290,22,1312,11
2514,16,1805,34,1290,22,1388,11
2514,16,1805,34,1290,22,1391,11
2514,16,1805,34,1290,22,1422,11
2514,16,1805,34,1290,22,1556,11
2514,16,1805,34,1290,22,1568,11
2514,16,1805,34,1290,22,1599,11
2514,16,1805,34,1290,22,1747,11
2514,16,1805,34,1290,22,1773,11
2514,16,1805,34,1290,22,1799,11
2514,16,1805,34,1290,22,1818,11
2514,16,1805,34,1290,22,1873,11
2514,16,1805,34,1290,22,1940,11
2514,16,1805,34,1290,22,1956,11
2514,16,1805,34,1290,22,1997,11
2514,16,1805,34,1290,22,2068,11
2514,16,1805,34,1290,22,2079,11
2514,16,1805,34,1290,22,2123,11
2514,16,1805,34,1290,22,2196,11
2514,16,1805,34,1290,22,2206,11
2514,16,1805,34,1290,22,2216,11
2514,16,1805,34,1290,22,2244,11
2514,16,1805,34,1290,22,2259,11
2514,16,1805,34,1290,22,2261,11
2514,16,1805,34,1290,22,2289,11
2514,16,1805,34,1290,22,2359,11
2514,16,1805,34,1290,22,2370,11
2514,16,1805,34,1290,22,2405,11
2514,16,1805,34,1800,32,45,11
2514,16,1805,34,1800,32,159,11
2514,16,1805,34,1800,32,272,11
2514,16,1805,34,1800,32,338,11
2514,16,1805,34,1800,32,390,11
2514,16,1805,34,1800,32,457,11
2514,16,1805,34,1800,32,463,11
2514,16,1805,34,1800,32,620,11
2514,16,1805,34,1800,32,700,11
2514,16,1805,34,1800,32,742,11
2514,16,1805,34,1800,32,758,11
2514,16,1805,34,1800,32,879,11
2514,16,1805,34,1800,32,927,11
2514,16,1805,34,1800,32,979,11
2514,16,1805,34,1800,32,1003,11
2514,16,1805,34,1800,32,1044,11
2514,16,1805,34,1800,32,1068,11
2514,16,1805,34,1800,32,1153,11
2514,16,1805,34,1800,32,1186,11
2514,16,1805,34,1800,32,1194,11
2514,16,1805,34,1800,32,1259,11
2514,16,1805,34,1800,32,1260,11
2514,16,1805,34,1800,32,1312,11
2514,16,1805,34,1800,32,1388,11
2514,16,1805,34,1800,32,1391,11
2514,16,1805,34,1800,32,1422,11
2514,16,1805,34,1800,32,1556,11
2514,16,1805,34,1800,32,1568,11
2514,16,1805,34,1800,32,1599,11
2514,16,1805,34,1800,32,1747,11
2514,16,1805,34,1800,32,1773,11
2514,16,1805,34,1800,32,1799,11
2514,16,1805,34,1800,32,1818,11
2514,16,1805,34,1800,32,1873,11
2514,16,1805,34,1800,32,1940,11
2514,16,1805,34,1800,32,1956,11
2514,16,1805,34,1800,32,1997,11
2514,16,1805,34,1800,32,2068,11
2514,16,1805,34,1800,32,2079,11
2514,16,1805,34,1800,32,2123,11
2514,16,1805,34,1800,32,2196,11
2514,16,1805,34,1800,32,2206,11
2514,16,1805,34,1800,32,2216,11
2514,16,1805,34,1800,32,2244,11
2514,16,1805,34,1800,32,2259,11
2514,16,1805,34,1800,32,2261,11
2514,16,1805,34,1800,32,2289,11
2514,16,1805,34,1800,32,2359,11
2514,16,1805,34,1800,32,2370,11
2514,16,1805,34,1800,32,2405,11
2514,16,1805,34,1874,41,45,11
2514,16,1805,34,1874,41,159,11
2514,16,1805,34,1874,41,272,11
2514,16,1805,34,1874,41,338,11
2514,16,1805,34,1874,41,390,11
2514,16,1805,34,1874,41,457,11
2514,16,1805,34,1874,41,463,11
2514,16,1805,34,1874,41,620,11
2514,16,1805,34,1874,41,700,11
2514,16,1805,34,1874,41,742,11
2514,16,1805,34,1874,41,758,11
2514,16,1805,34,1874,41,879,11
2514,16,1805,34,1874,41,927,11
2514,16,1805,34,1874,41,979,11
2514,16,1805,34,1874,41,1003,11
2514,16,1805,34,1874,41,1044,11
2514,16,1805,34,1874,41,1068,11
2514,16,1805,34,1874,41,1153,11
2514,16,1805,34,1874,41,1186,11
2514,16,1805,34,1874,41,1194,11
2514,16,1805,34,1874,41,1259,11
2514,16,1805,34,1874,41,1260,11
2514,16,1805,34,1874,41,1312,11
2514,16,1805,34,1874,41,1388,11
2514,16,1805,34,1874,41,1391,11
2514,16,1805,34,1874,41,1422,11
2514,16,1805,34,1874,41,1556,11
2514,16,1805,34,1874,41,1568,11
2514,16,1805,34,1874,41,1599,11
2514,16,1805,34,1874,41,1747,11
2514,16,1805,34,1874,41,1773,11
2514,16,1805,34,1874,41,1799,11
2514,16,1805,34,1874,41,1818,11
2514,16,1805,34,1874,41,1873,11
2514,16,1805,34,1874,41,1940,11
2514,16,1805,34,1874,41,1956,11
2514,16,1805,34,1874,41,1997,11
2514,16,1805,34,1874,41,2068,11
2514,16,1805,34,1874,41,2079,11
2514,16,1805,34,1874,41,2123,11
2514,16,1805,34,1874,41,2196,11
2514,16,1805,34,1874,41,2206,11
2514,16,1805,34,1874,41,2216,11
2514,16,1805,34,1874,41,2244,11
2514,16,1805,34,1874,41,2259,11
2514,16,1805,34,1874,41,2261,11
2514,16,1805,34,1874,41,2289,11
2514,16,1805,34,1874,41,2359,11
2514,16,1805,34,1874,41,2370,11
2514,16,1805,34,1874,41,2405,11
2514,16,1805,34,1910,48,45,11
2514,16,1805,34,1910,48,159,11
2514,16,1805,34,1910,48,272,11
2514,16,1805,34,1910,48,338,11
2514,16,1805,34,1910,48,390,11
2514,16,1805,34,1910,48,457,11
2514,16,1805,34,1910,48,463,11
2514,16,1805,34,1910,48,620,11
2514,16,1805,34,1910,48,700,11
2514,16,1805,34,1910,48,742,11
2514,16,1805,34,1910,48,758,11
2514,16,1805,34,1910,48,879,11
2514,16,1805,34,1910,48,927,11
2514,16,1805,34,1910,48,979,11
2514,16,1805,34,1910,48,1003,11
2514,16,1805,34,1910,48,1044,11
2514,16,1805,34,1910,48,1068,11
2514,16,1805,34,1910,48,1153,11
2514,16,1805,34,1910,48,1186,11
2514,16,1805,34,1910,48,1194,11
2514,16,1805,34,1910,48,1259,11
2514,16,1805,34,1910,48,1260,11
2514,16,1805,34,1910,48,1312,11
2514,16,1805,34,1910,48,1388,11
2514,16,1805,34,1910,48,1391,11
2514,16,1805,34,1910,48,1422,11
2514,16,1805,34,1910,48,1556,11
2514,16,1805,34,1910,48,1568,11
2514,16,1805,34,1910,48,1599,11
2514,16,1805,34,1910,48,1747,11
2514,16,1805,34,1910,48,1773,11
2514,16,1805,34,1910,48,1799,11
2514,16,1805,34,1910,48,1818,11
2514,16,1805,34,1910,48,1873,11
2514,16,1805,34,1910,48,1940,11
2514,16,1805,34,1910,48,1956,11
2514,16,1805,34,1910,48,1997,11
2514,16,1805,34,1910,48,2068,11
2514,16,1805,34,1910,48,2079,11
2514,16,1805,34,1910,48,2123,11
2514,16,1805,34,1910,48,2196,11
2514,16,1805,34,1910,48,2206,11
2514,16,1805,34,1910,48,2216,11
2514,16,1805,34,1910,48,2244,11
2514,16,1805,34,1910,48,2259,11
2514,16,1805,34,1910,48,2261,11
2514,16,1805,34,1910,48,2289,11
2514,16,1805,34,1910,48,2359,11
2514,16,1805,34,1910,48,2370,11
2514,16,1805,34,1910,48,2405,11
