2514,16,630,24,224,33,159,11
2514,16,630,24,224,33,272,11
2514,16,630,24,224,33,457,11
2514,16,630,24,224,33,463,11
2514,16,630,24,224,33,700,11
2514,16,630,24,224,33,879,11
2514,16,630,24,224,33,927,11
2514,16,630,24,224,33,1003,11
2514,16,630,24,224,33,1068,11
2514,16,630,24,224,33,1153,11
2514,16,630,24,224,33,1194,11
2514,16,630,24,224,33,1260,11
2514,16,630,24,224,33,1388,11
2514,16,630,24,224,33,1391,11
2514,16,630,24,224,33,1422,11
2514,16,630,24,224,33,1556,11
2514,16,630,24,224,33,1568,11
2514,16,630,24,224,33,1599,11
2514,16,630,24,224,33,1747,11
2514,16,630,24,224,33,1818,11
2514,16,630,24,224,33,1873,11
2514,16,630,24,224,33,1940,11
2514,16,630,24,224,33,2068,11
2514,16,630,24,224,33,2079,11
2514,16,630,24,224,33,2123,11
2514,16,630,24,224,33,2196,11
2514,16,630,24,224,33,2216,11
2514,16,630,24,224,33,2259,11
2514,16,630,24,224,33,2370,11
2514,16,630,24,224,33,2405,11
2514,16,630,24,294,22,45,11
2514,16,630,24,294,22,159,11
2514,16,630,24,294,22,272,11
2514,16,630,24,294,22,338,11
2514,16,630,24,294,22,390,11
2514,16,630,24,294,22,457,11
2514,16,630,24,294,22,463,11
2514,16,630,24,294,22,620,11
2514,16,630,24,294,22,700,11
2514,16,630,24,294,22,742,11
2514,16,630,24,294,22,758,11
2514,16,630,24,294,22,879,11
2514,16,630,24,294,22,927,11
2514,16,630,24,294,22,979,11
2514,16,630,24,294,22,1003,11
2514,16,630,24,294,22,1044,11
2514,16,630,24,294,22,1068,11
2514,16,630,24,294,22,1153,11
2514,16,630,24,294,22,1186,11
2514,16,630,24,294,22,1194,11
2514,16,630,24,294,22,1259,11
2514,16,630,24,294,22,1260,11
2514,16,630,24,294,22,1312,11
2514,16,630,24,294,22,1388,11
2514,16,630,24,294,22,1391,11
2514,16,630,24,294,22,1422,11
2514,16,630,24,294,22,1556,11
2514,16,630,24,294,22,1568,11
2514,16,630,24,294,22,1599,11
2514,16,630,24,294,22,1747,11
2514,16,630,24,294,22,1773,11
2514,16,630,24,294,22,1799,11
2514,16,630,24,294,22,1818,11
2514,16,630,24,294,22,1873,11
2514,16,630,24,294,22,1940,11
2514,16,630,24,294,22,1956,11
2514,16,630,24,294,22,1997,11
2514,16,630,24,294,22,2068,11
2514,16,630,24,294,22,2079,11
2514,16,630,24,294,22,2123,11
2514,16,630,24,294,22,2196,11
2514,16,630,24,294,22,2206,11
2514,16,630,24,294,22,2216,11
2514,16,630,24,294,22,2244,11
2514,16,630,24,294,22,2259,11
2514,16,630,24,294,22,2261,11
2514,16,630,24,294,22,2289,11
2514,16,630,24,294,22,2359,11
2514,16,630,24,294,22,2370,11
2514,16,630,24,294,22,2405,11
2514,16,630,24,304,19,45,11
2514,16,630,24,304,19,159,11
2514,16,630,24,304,19,272,11
2514,16,630,24,304,19,338,11
2514,16,630,24,304,19,390,11
2514,16,630,24,304,19,457,11
2514,16,630,24,304,19,463,11
2514,16,630,24,304,19,620,11
2514,16,630,24,304,19,700,11
2514,16,630,24,304,19,742,11
2514,16,630,24,304,19,758,11
2514,16,630,24,304,19,879,11
2514,16,630,24,304,19,927,11
2514,16,630,24,304,19,979,11
2514,16,630,24,304,19,1003,11
2514,16,630,24,304,19,1044,11
2514,16,630,24,304,19,1068,11
2514,16,630,24,304,19,1153,11
2514,16,630,24,304,19,1186,11
2514,16,630,24,304,19,1194,11
2514,16,630,24,304,19,1259,11
2514,16,630,24,304,19,1260,11
2514,16,630,24,304,19,1312,11
2514,16,630,24,304,19,1388,11
2514,16,630,24,304,19,1391,11
2514,16,630,24,304,19,1422,11
2514,16,630,24,304,19,1556,11
2514,16,630,24,304,19,1568,11
2514,16,630,24,304,19,1599,11
2514,16,630,24,304,19,1747,11
2514,16,630,24,304,19,1773,11
2514,16,630,24,304,19,1799,11
2514,16,630,24,304,19,1818,11
2514,16,630,24,304,19,1873,11
2514,16,630,24,304,19,1940,11
2514,16,630,24,304,19,1956,11
2514,16,630,24,304,19,1997,11
2514,16,630,24,304,19,2068,11
2514,16,630,24,304,19,2079,11
2514,16,630,24,304,19,2123,11
2514,16,630,24,304,19,2196,11
2514,16,630,24,304,19,2206,11
2514,16,630,24,304,19,2216,11
2514,16,630,24,304,19,2244,11
2514,16,630,24,304,19,2259,11
2514,16,630,24,304,19,2261,11
2514,16,630,24,304,19,2289,11
2514,16,630,24,304,19,2359,11
2514,16,630,24,304,19,2370,11
2514,16,630,24,304,19,2405,11
2514,16,630,24,329,33,45,11
2514,16,630,24,329,33,159,11
2514,16,630,24,329,33,272,11
2514,16,630,24,329,33,338,11
2514,16,630,24,329,33,390,11
2514,16,630,24,329,33,457,11
2514,16,630,24,329,33,463,11
2514,16,630,24,329,33,620,11
2514,16,630,24,329,33,700,11
2514,16,630,24,329,33,742,11
2514,16,630,24,329,33,758,11
2514,16,630,24,329,33,879,11
2514,16,630,24,329,33,927,11
2514,16,630,24,329,33,979,11
2514,16,630,24,329,33,1003,11
2514,16,630,24,329,33,1044,11
2514,16,630,24,329,33,1068,11
2514,16,630,24,329,33,1153,11
2514,16,630,24,329,33,1186,11
2514,16,630,24,329,33,1194,11
2514,16,630,24,329,33,1259,11
2514,16,630,24,329,33,1260,11
2514,16,630,24,329,33,1312,11
2514,16,630,24,329,33,1388,11
2514,16,630,24,329,33,1391,11
2514,16,630,24,329,33,1422,11
2514,16,630,24,329,33,1556,11
2514,16,630,24,329,33,1568,11
2514,16,630,24,329,33,1599,11
2514,16,630,24,329,33,1747,11
2514,16,630,24,329,33,1773,11
2514,16,630,24,329,33,1799,11
2514,16,630,24,329,33,1818,11
2514,16,630,24,329,33,1873,11
2514,16,630,24,329,33,1940,11
2514,16,630,24,329,33,1956,11
2514,16,630,24,329,33,1997,11
2514,16,630,24,329,33,2068,11
2514,16,630,24,329,33,2079,11
2514,16,630,24,329,33,2123,11
2514,16,630,24,329,33,2196,11
2514,16,630,24,329,33,2206,11
2514,16,630,24,329,33,2216,11
2514,16,630,24,329,33,2244,11
2514,16,630,24,329,33,2259,11
2514,16,630,24,329,33,2261,11
2514,16,630,24,329,33,2289,11
2514,16,630,24,329,33,2359,11
2514,16,630,24,329,33,2370,11
2514,16,630,24,329,33,2405,11
2514,16,630,24,390,32,45,11
2514,16,630,24,390,32,159,11
2514,16,630,24,390,32,272,11
2514,16,630,24,390,32,338,11
2514,16,630,24,390,32,390,11
2514,16,630,24,390,32,457,11
2514,16,630,24,390,32,463,11
2514,16,630,24,390,32,620,11
2514,16,630,24,390,32,700,11
2514,16,630,24,390,32,742,11
2514,16,630,24,390,32,758,11
2514,16,630,24,390,32,879,11
2514,16,630,24,390,32,927,11
2514,16,630,24,390,32,979,11
2514,16,630,24,390,32,1003,11
2514,16,630,24,390,32,1044,11
2514,16,630,24,390,32,1068,11
2514,16,630,24,390,32,1153,11
2514,16,630,24,390,32,1186,11
2514,16,630,24,390,32,1194,11
2514,16,630,24,390,32,1259,11
2514,16,630,24,390,32,1260,11
2514,16,630,24,390,32,1312,11
2514,16,630,24,390,32,1388,11
2514,16,630,24,390,32,1391,11
2514,16,630,24,390,32,1422,11
2514,16,630,24,390,32,1556,11
2514,16,630,24,390,32,1568,11
2514,16,630,24,390,32,1599,11
2514,16,630,24,390,32,1747,11
2514,16,630,24,390,32,1773,11
2514,16,630,24,390,32,1799,11
2514,16,630,24,390,32,1818,11
2514,16,630,24,390,32,1873,11
2514,16,630,24,390,32,1940,11
2514,16,630,24,390,32,1956,11
2514,16,630,24,390,32,1997,11
2514,16,630,24,390,32,2068,11
2514,16,630,24,390,32,2079,11
2514,16,630,24,390,32,2123,11
2514,16,630,24,390,32,2196,11
2514,16,630,24,390,32,2206,11
2514,16,630,24,390,32,2216,11
2514,16,630,24,390,32,2244,11
2514,16,630,24,390,32,2259,11
2514,16,630,24,390,32,2261,11
2514,16,630,24,390,32,2289,11
2514,16,630,24,390,32,2359,11
2514,16,630,24,390,32,2370,11
2514,16,630,24,390,32,2405,11
2514,16,630,24,484,46,45,11
2514,16,630,24,484,46,159,11
2514,16,630,24,484,46,272,11
2514,16,630,24,484,46,338,11
2514,16,630,24,484,46,390,11
2514,16,630,24,484,46,457,11
2514,16,630,24,484,46,463,11
2514,16,630,24,484,46,620,11
2514,16,630,24,484,46,700,11
2514,16,630,24,484,46,742,11
2514,16,630,24,484,46,758,11
2514,16,630,24,484,46,879,11
2514,16,630,24,484,46,927,11
2514,16,630,24,484,46,979,11
2514,16,630,24,484,46,1003,11
2514,16,630,24,484,46,1044,11
2514,16,630,24,484,46,1068,11
2514,16,630,24,484,46,1153,11
2514,16,630,24,484,46,1186,11
2514,16,630,24,484,46,1194,11
2514,16,630,24,484,46,1259,11
2514,16,630,24,484,46,1260,11
2514,16,630,24,484,46,1312,11
2514,16,630,24,484,46,1388,11
2514,16,630,24,484,46,1391,11
2514,16,630,24,484,46,1422,11
2514,16,630,24,484,46,1556,11
2514,16,630,24,484,46,1568,11
2514,16,630,24,484,46,1599,11
2514,16,630,24,484,46,1747,11
2514,16,630,24,484,46,1773,11
2514,16,630,24,484,46,1799,11
2514,16,630,24,484,46,1818,11
2514,16,630,24,484,46,1873,11
2514,16,630,24,484,46,1940,11
2514,16,630,24,484,46,1956,11
2514,16,630,24,484,46,1997,11
2514,16,630,24,484,46,2068,11
2514,16,630,24,484,46,2079,11
2514,16,630,24,484,46,2123,11
2514,16,630,24,484,46,2196,11
2514,16,630,24,484,46,2206,11
2514,16,630,24,484,46,2216,11
2514,16,630,24,484,46,2244,11
2514,16,630,24,484,46,2259,11
2514,16,630,24,484,46,2261,11
2514,16,630,24,484,46,2289,11
2514,16,630,24,484,46,2359,11
2514,16,630,24,484,46,2370,11
2514,16,630,24,484,46,2405,11
2514,16,630,24,512,43,45,11
2514,16,630,24,512,43,159,11
2514,16,630,24,512,43,272,11
2514,16,630,24,512,43,338,11
2514,16,630,24,512,43,390,11
2514,16,630,24,512,43,457,11
2514,16,630,24,512,43,463,11
2514,16,630,24,512,43,620,11
2514,16,630,24,512,43,700,11
2514,16,630,24,512,43,742,11
2514,16,630,24,512,43,758,11
2514,16,630,24,512,43,879,11
2514,16,630,24,512,43,927,11
2514,16,630,24,512,43,979,11
2514,16,630,24,512,43,1003,11
2514,16,630,24,512,43,1044,11
2514,16,630,24,512,43,1068,11
2514,16,630,24,512,43,1153,11
2514,16,630,24,512,43,1186,11
2514,16,630,24,512,43,1194,11
2514,16,630,24,512,43,1259,11
2514,16,630,24,512,43,1260,11
2514,16,630,24,512,43,1312,11
2514,16,630,24,512,43,1388,11
2514,16,630,24,512,43,1391,11
2514,16,630,24,512,43,1422,11
2514,16,630,24,512,43,1556,11
2514,16,630,24,512,43,1568,11
2514,16,630,24,512,43,1599,11
2514,16,630,24,512,43,1747,11
2514,16,630,24,512,43,1773,11
2514,16,630,24,512,43,1799,11
2514,16,630,24,512,43,1818,11
2514,16,630,24,512,43,1873,11
2514,16,630,24,512,43,1940,11
2514,16,630,24,512,43,1956,11
2514,16,630,24,512,43,1997,11
2514,16,630,24,512,43,2068,11
2514,16,630,24,512,43,2079,11
2514,16,630,24,512,43,2123,11
2514,16,630,24,512,43,2196,11
2514,16,630,24,512,43,2206,11
2514,16,630,24,512,43,2216,11
2514,16,630,24,512,43,2244,11
2514,16,630,24,512,43,2259,11
2514,16,630,24,512,43,2261,11
2514,16,630,24,512,43,2289,11
2514,16,630,24,512,43,2359,11
2514,16,630,24,512,43,2370,11
2514,16,630,24,512,43,2405,11
2514,16,630,24,595,32,45,11
2514,16,630,24,595,32,159,11
2514,16,630,24,595,32,272,11
2514,16,630,24,595,32,338,11
2514,16,630,24,595,32,390,11
2514,16,630,24,595,32,457,11
2514,16,630,24,595,32,463,11
2514,16,630,24,595,32,620,11
2514,16,630,24,595,32,700,11
2514,16,630,24,595,32,742,11
2514,16,630,24,595,32,758,11
2514,16,630,24,595,32,879,11
2514,16,630,24,595,32,927,11
2514,16,630,24,595,32,979,11
2514,16,630,24,595,32,1003,11
2514,16,630,24,595,32,1044,11
2514,16,630,24,595,32,1068,11
2514,16,630,24,595,32,1153,11
2514,16,630,24,595,32,1186,11
2514,16,630,24,595,32,1194,11
2514,16,630,24,595,32,1259,11
2514,16,630,24,595,32,1260,11
2514,16,630,24,595,32,1312,11
2514,16,630,24,595,32,1388,11
2514,16,630,24,595,32,1391,11
2514,16,630,24,595,32,1422,11
2514,16,630,24,595,32,1556,11
2514,16,630,24,595,32,1568,11
2514,16,630,24,595,32,1599,11
2514,16,630,24,595,32,1747,11
2514,16,630,24,595,32,1773,11
2514,16,630,24,595,32,1799,11
2514,16,630,24,595,32,1818,11
2514,16,630,24,595,32,1873,11
2514,16,630,24,595,32,1940,11
2514,16,630,24,595,32,1956,11
2514,16,630,24,595,32,1997,11
2514,16,630,24,595,32,2068,11
2514,16,630,24,595,32,2079,11
2514,16,630,24,595,32,2123,11
2514,16,630,24,595,32,2196,11
2514,16,630,24,595,32,2206,11
2514,16,630,24,595,32,2216,11
2514,16,630,24,595,32,2244,11
2514,16,630,24,595,32,2259,11
2514,16,630,24,595,32,2261,11
2514,16,630,24,595,32,2289,11
2514,16,630,24,595,32,2359,11
2514,16,630,24,595,32,2370,11
2514,16,630,24,595,32,2405,11
2514,16,630,24,756,13,45,11
2514,16,630,24,756,13,390,11
2514,16,630,24,756,13,620,11
2514,16,630,24,756,13,979,11
2514,16,630,24,756,13,1799,11
2514,16,630,24,756,13,1956,11
2514,16,630,24,756,13,2206,11
2514,16,630,24,756,13,2244,11
2514,16,630,24,756,13,2261,11
2514,16,630,24,756,13,2359,11
2514,16,630,24,924,37,45,11
2514,16,630,24,924,37,159,11
2514,16,630,24,924,37,272,11
2514,16,630,24,924,37,338,11
2514,16,630,24,924,37,390,11
2514,16,630,24,924,37,457,11
2514,16,630,24,924,37,463,11
2514,16,630,24,924,37,620,11
2514,16,630,24,924,37,700,11
2514,16,630,24,924,37,742,11
2514,16,630,24,924,37,758,11
2514,16,630,24,924,37,879,11
2514,16,630,24,924,37,927,11
2514,16,630,24,924,37,979,11
2514,16,630,24,924,37,1003,11
2514,16,630,24,924,37,1044,11
2514,16,630,24,924,37,1068,11
2514,16,630,24,924,37,1153,11
2514,16,630,24,924,37,1186,11
2514,16,630,24,924,37,1194,11
2514,16,630,24,924,37,1259,11
2514,16,630,24,924,37,1260,11
2514,16,630,24,924,37,1312,11
2514,16,630,24,924,37,1388,11
2514,16,630,24,924,37,1391,11
2514,16,630,24,924,37,1422,11
2514,16,630,24,924,37,1556,11
2514,16,630,24,924,37,1568,11
2514,16,630,24,924,37,1599,11
2514,16,630,24,924,37,1747,11
2514,16,630,24,924,37,1773,11
2514,16,630,24,924,37,1799,11
2514,16,630,24,924,37,1818,11
2514,16,630,24,924,37,1873,11
2514,16,630,24,924,37,1940,11
2514,16,630,24,924,37,1956,11
2514,16,630,24,924,37,1997,11
2514,16,630,24,924,37,2068,11
2514,16,630,24,924,37,2079,11
2514,16,630,24,924,37,2123,11
2514,16,630,24,924,37,2196,11
2514,16,630,24,924,37,2206,11
2514,16,630,24,924,37,2216,11
2514,16,630,24,924,37,2244,11
2514,16,630,24,924,37,2259,11
2514,16,630,24,924,37,2261,11
2514,16,630,24,924,37,2289,11
2514,16,630,24,924,37,2359,11
2514,16,630,24,924,37,2370,11
2514,16,630,24,924,37,2405,11
2514,16,630,24,1456,20,45,11
2514,16,630,24,1456,20,159,11
2514,16,630,24,1456,20,272,11
2514,16,630,24,1456,20,338,11
2514,16,630,24,1456,20,390,11
2514,16,630,24,1456,20,457,11
2514,16,630,24,1456,20,463,11
2514,16,630,24,1456,20,620,11
2514,16,630,24,1456,20,700,11
2514,16,630,24,1456,20,742,11
2514,16,630,24,1456,20,758,11
2514,16,630,24,1456,20,879,11
2514,16,630,24,1456,20,927,11
2514,16,630,24,1456,20,979,11
2514,16,630,24,1456,20,1003,11
2514,16,630,24,1456,20,1044,11
2514,16,630,24,1456,20,1068,11
2514,16,630,24,1456,20,1153,11
2514,16,630,24,1456,20,1186,11
2514,16,630,24,1456,20,1194,11
2514,16,630,24,1456,20,1259,11
2514,16,630,24,1456,20,1260,11
2514,16,630,24,1456,20,1312,11
2514,16,630,24,1456,20,1388,11
2514,16,630,24,1456,20,1391,11
2514,16,630,24,1456,20,1422,11
2514,16,630,24,1456,20,1556,11
2514,16,630,24,1456,20,1568,11
2514,16,630,24,1456,20,1599,11
2514,16,630,24,1456,20,1747,11
2514,16,630,24,1456,20,1773,11
2514,16,630,24,1456,20,1799,11
2514,16,630,24,1456,20,1818,11
2514,16,630,24,1456,20,1873,11
2514,16,630,24,1456,20,1940,11
2514,16,630,24,1456,20,1956,11
2514,16,630,24,1456,20,1997,11
2514,16,630,24,1456,20,2068,11
2514,16,630,24,1456,20,2079,11
2514,16,630,24,1456,20,2123,11
2514,16,630,24,1456,20,2196,11
2514,16,630,24,1456,20,2206,11
2514,16,630,24,1456,20,2216,11
2514,16,630,24,1456,20,2244,11
2514,16,630,24,1456,20,2259,11
2514,16,630,24,1456,20,2261,11
2514,16,630,24,1456,20,2289,11
2514,16,630,24,1456,20,2359,11
2514,16,630,24,1456,20,2370,11
2514,16,630,24,1456,20,2405,11
2514,16,630,24,1601,15,45,11
2514,16,630,24,1601,15,159,11
2514,16,630,24,1601,15,272,11
2514,16,630,24,1601,15,338,11
2514,16,630,24,1601,15,390,11
2514,16,630,24,1601,15,457,11
2514,16,630,24,1601,15,463,11
2514,16,630,24,1601,15,620,11
2514,16,630,24,1601,15,700,11
2514,16,630,24,1601,15,742,11
2514,16,630,24,1601,15,758,11
2514,16,630,24,1601,15,879,11
2514,16,630,24,1601,15,927,11
2514,16,630,24,1601,15,979,11
2514,16,630,24,1601,15,1003,11
2514,16,630,24,1601,15,1044,11
2514,16,630,24,1601,15,1068,11
2514,16,630,24,1601,15,1153,11
2514,16,630,24,1601,15,1186,11
2514,16,630,24,1601,15,1194,11
2514,16,630,24,1601,15,1259,11
2514,16,630,24,1601,15,1260,11
2514,16,630,24,1601,15,1312,11
2514,16,630,24,1601,15,1388,11
2514,16,630,24,1601,15,1391,11
2514,16,630,24,1601,15,1422,11
2514,16,630,24,1601,15,1556,11
2514,16,630,24,1601,15,1568,11
2514,16,630,24,1601,15,1599,11
2514,16,630,24,1601,15,1747,11
2514,16,630,24,1601,15,1773,11
2514,16,630,24,1601,15,1799,11
2514,16,630,24,1601,15,1818,11
2514,16,630,24,1601,15,1873,11
2514,16,630,24,1601,15,1940,11
2514,16,630,24,1601,15,1956,11
2514,16,630,24,1601,15,1997,11
2514,16,630,24,1601,15,2068,11
2514,16,630,24,1601,15,2079,11
2514,16,630,24,1601,15,2123,11
2514,16,630,24,1601,15,2196,11
2514,16,630,24,1601,15,2206,11
2514,16,630,24,1601,15,2216,11
2514,16,630,24,1601,15,2244,11
2514,16,630,24,1601,15,2259,11
2514,16,630,24,1601,15,2261,11
2514,16,630,24,1601,15,2289,11
2514,16,630,24,1601,15,2359,11
2514,16,630,24,1601,15,2370,11
2514,16,630,24,1601,15,2405,11
2514,16,630,24,1648,48,45,11
2514,16,630,24,1648,48,159,11
2514,16,630,24,1648,48,272,11
2514,16,630,24,1648,48,338,11
2514,16,630,24,1648,48,390,11
2514,16,630,24,1648,48,457,11
2514,16,630,24,1648,48,463,11
2514,16,630,24,1648,48,620,11
2514,16,630,24,1648,48,700,11
2514,16,630,24,1648,48,742,11
2514,16,630,24,1648,48,758,11
2514,16,630,24,1648,48,879,11
2514,16,630,24,1648,48,927,11
2514,16,630,24,1648,48,979,11
2514,16,630,24,1648,48,1003,11
2514,16,630,24,1648,48,1044,11
2514,16,630,24,1648,48,1068,11
2514,16,630,24,1648,48,1153,11
2514,16,630,24,1648,48,1186,11
2514,16,630,24,1648,48,1194,11
2514,16,630,24,1648,48,1259,11
2514,16,630,24,1648,48,1260,11
2514,16,630,24,1648,48,1312,11
2514,16,630,24,1648,48,1388,11
2514,16,630,24,1648,48,1391,11
2514,16,630,24,1648,48,1422,11
2514,16,630,24,1648,48,1556,11
2514,16,630,24,1648,48,1568,11
2514,16,630,24,1648,48,1599,11
2514,16,630,24,1648,48,1747,11
2514,16,630,24,1648,48,1773,11
2514,16,630,24,1648,48,1799,11
2514,16,630,24,1648,48,1818,11
2514,16,630,24,1648,48,1873,11
2514,16,630,24,1648,48,1940,11
2514,16,630,24,1648,48,1956,11
2514,16,630,24,1648,48,1997,11
2514,16,630,24,1648,48,2068,11
2514,16,630,24,1648,48,2079,11
2514,16,630,24,1648,48,2123,11
2514,16,630,24,1648,48,2196,11
2514,16,630,24,1648,48,2206,11
2514,16,630,24,1648,48,2216,11
2514,16,630,24,1648,48,2244,11
2514,16,630,24,1648,48,2259,11
2514,16,630,24,1648,48,2261,11
2514,16,630,24,1648,48,2289,11
2514,16,630,24,1648,48,2359,11
2514,16,630,24,1648,48,2370,11
2514,16,630,24,1648,48,2405,11
2514,16,630,24,1715,50,45,11
2514,16,630,24,1715,50,159,11
2514,16,630,24,1715,50,272,11
2514,16,630,24,1715,50,338,11
2514,16,630,24,1715,50,390,11
2514,16,630,24,1715,50,457,11
2514,16,630,24,1715,50,463,11
2514,16,630,24,1715,50,620,11
2514,16,630,24,1715,50,700,11
2514,16,630,24,1715,50,742,11
2514,16,630,24,1715,50,758,11
2514,16,630,24,1715,50,879,11
2514,16,630,24,1715,50,927,11
2514,16,630,24,1715,50,979,11
2514,16,630,24,1715,50,1003,11
2514,16,630,24,1715,50,1044,11
2514,16,630,24,1715,50,1068,11
2514,16,630,24,1715,50,1153,11
2514,16,630,24,1715,50,1186,11
2514,16,630,24,1715,50,1194,11
2514,16,630,24,1715,50,1259,11
2514,16,630,24,1715,50,1260,11
2514,16,630,24,1715,50,1312,11
2514,16,630,24,1715,50,1388,11
2514,16,630,24,1715,50,1391,11
2514,16,630,24,1715,50,1422,11
2514,16,630,24,1715,50,1556,11
2514,16,630,24,1715,50,1568,11
2514,16,630,24,1715,50,1599,11
2514,16,630,24,1715,50,1747,11
2514,16,630,24,1715,50,1773,11
2514,16,630,24,1715,50,1799,11
2514,16,630,24,1715,50,1818,11
2514,16,630,24,1715,50,1873,11
2514,16,630,24,1715,50,1940,11
2514,16,630,24,1715,50,1956,11
2514,16,630,24,1715,50,1997,11
2514,16,630,24,1715,50,2068,11
2514,16,630,24,1715,50,2079,11
2514,16,630,24,1715,50,2123,11
2514,16,630,24,1715,50,2196,11
2514,16,630,24,1715,50,2206,11
2514,16,630,24,1715,50,2216,11
2514,16,630,24,1715,50,2244,11
2514,16,630,24,1715,50,2259,11
2514,16,630,24,1715,50,2261,11
2514,16,630,24,1715,50,2289,11
2514,16,630,24,1715,50,2359,11
2514,16,630,24,1715,50,2370,11
2514,16,630,24,1715,50,2405,11
