2514,16,1806,9,88,45,45,11
2514,16,1806,9,88,45,159,11
2514,16,1806,9,88,45,272,11
2514,16,1806,9,88,45,338,11
2514,16,1806,9,88,45,390,11
2514,16,1806,9,88,45,457,11
2514,16,1806,9,88,45,463,11
2514,16,1806,9,88,45,620,11
2514,16,1806,9,88,45,700,11
2514,16,1806,9,88,45,742,11
2514,16,1806,9,88,45,758,11
2514,16,1806,9,88,45,879,11
2514,16,1806,9,88,45,927,11
2514,16,1806,9,88,45,979,11
2514,16,1806,9,88,45,1003,11
2514,16,1806,9,88,45,1044,11
2514,16,1806,9,88,45,1068,11
2514,16,1806,9,88,45,1153,11
2514,16,1806,9,88,45,1186,11
2514,16,1806,9,88,45,1194,11
2514,16,1806,9,88,45,1259,11
2514,16,1806,9,88,45,1260,11
2514,16,1806,9,88,45,1312,11
2514,16,1806,9,88,45,1388,11
2514,16,1806,9,88,45,1391,11
2514,16,1806,9,88,45,1422,11
2514,16,1806,9,88,45,1556,11
2514,16,1806,9,88,45,1568,11
2514,16,1806,9,88,45,1599,11
2514,16,1806,9,88,45,1747,11
2514,16,1806,9,88,45,1773,11
2514,16,1806,9,88,45,1799,11
2514,16,1806,9,88,45,1818,11
2514,16,1806,9,88,45,1873,11
2514,16,1806,9,88,45,1940,11
2514,16,1806,9,88,45,1956,11
2514,16,1806,9,88,45,1997,11
2514,16,1806,9,88,45,2068,11
2514,16,1806,9,88,45,2079,11
2514,16,1806,9,88,45,2123,11
2514,16,1806,9,88,45,2196,11
2514,16,1806,9,88,45,2206,11
2514,16,1806,9,88,45,2216,11
2514,16,1806,9,88,45,2244,11
2514,16,1806,9,88,45,2259,11
2514,16,1806,9,88,45,2261,11
2514,16,1806,9,88,45,2289,11
2514,16,1806,9,88,45,2359,11
2514,16,1806,9,88,45,2370,11
2514,16,1806,9,88,45,2405,11
2514,16,1806,9,137,49,45,11
2514,16,1806,9,137,49,159,11
2514,16,1806,9,137,49,272,11
2514,16,1806,9,137,49,338,11
2514,16,1806,9,137,49,390,11
2514,16,1806,9,137,49,457,11
2514,16,1806,9,137,49,463,11
2514,16,1806,9,137,49,620,11
2514,16,1806,9,137,49,700,11
2514,16,1806,9,137,49,742,11
2514,16,1806,9,137,49,758,11
2514,16,1806,9,137,49,879,11
2514,16,1806,9,137,49,927,11
2514,16,1806,9,137,49,979,11
2514,16,1806,9,137,49,1003,11
2514,16,1806,9,137,49,1044,11
2514,16,1806,9,137,49,1068,11
2514,16,1806,9,137,49,1153,11
2514,16,1806,9,137,49,1186,11
2514,16,1806,9,137,49,1194,11
2514,16,1806,9,137,49,1259,11
2514,16,1806,9,137,49,1260,11
2514,16,1806,9,137,49,1312,11
2514,16,1806,9,137,49,1388,11
2514,16,1806,9,137,49,1391,11
2514,16,1806,9,137,49,1422,11
2514,16,1806,9,137,49,1556,11
2514,16,1806,9,137,49,1568,11
2514,16,1806,9,137,49,1599,11
2514,16,1806,9,137,49,1747,11
2514,16,1806,9,137,49,1773,11
2514,16,1806,9,137,49,1799,11
2514,16,1806,9,137,49,1818,11
2514,16,1806,9,137,49,1873,11
2514,16,1806,9,137,49,1940,11
2514,16,1806,9,137,49,1956,11
2514,16,1806,9,137,49,1997,11
2514,16,1806,9,137,49,2068,11
2514,16,1806,9,137,49,2079,11
2514,16,1806,9,137,49,2123,11
2514,16,1806,9,137,49,2196,11
2514,16,1806,9,137,49,2206,11
2514,16,1806,9,137,49,2216,11
2514,16,1806,9,137,49,2244,11
2514,16,1806,9,137,49,2259,11
2514,16,1806,9,137,49,2261,11
2514,16,1806,9,137,49,2289,11
2514,16,1806,9,137,49,2359,11
2514,16,1806,9,137,49,2370,11
2514,16,1806,9,137,49,2405,11
2514,16,1806,9,221,38,159,11
2514,16,1806,9,221,38,272,11
2514,16,1806,9,221,38,338,11
2514,16,1806,9,221,38,457,11
2514,16,1806,9,221,38,463,11
2514,16,1806,9,221,38,700,11
2514,16,1806,9,221,38,742,11
2514,16,1806,9,221,38,758,11
2514,16,1806,9,221,38,879,11
2514,16,1806,9,221,38,927,11
2514,16,1806,9,221,38,1003,11
2514,16,1806,9,221,38,1044,11
2514,16,1806,9,221,38,1068,11
2514,16,1806,9,221,38,1153,11
2514,16,1806,9,221,38,1186,11
2514,16,1806,9,221,38,1194,11
2514,16,1806,9,221,38,1259,11
2514,16,1806,9,221,38,1260,11
2514,16,1806,9,221,38,1312,11
2514,16,1806,9,221,38,1388,11
2514,16,1806,9,221,38,1391,11
2514,16,1806,9,221,38,1422,11
2514,16,1806,9,221,38,1556,11
2514,16,1806,9,221,38,1568,11
2514,16,1806,9,221,38,1599,11
2514,16,1806,9,221,38,1747,11
2514,16,1806,9,221,38,1773,11
2514,16,1806,9,221,38,1818,11
2514,16,1806,9,221,38,1873,11
2514,16,1806,9,221,38,1940,11
2514,16,1806,9,221,38,1997,11
2514,16,1806,9,221,38,2068,11
2514,16,1806,9,221,38,2079,11
2514,16,1806,9,221,38,2123,11
2514,16,1806,9,221,38,2196,11
2514,16,1806,9,221,38,2216,11
2514,16,1806,9,221,38,2259,11
2514,16,1806,9,221,38,2289,11
2514,16,1806,9,221,38,2370,11
2514,16,1806,9,221,38,2405,11
2514,16,1806,9,339,42,45,11
2514,16,1806,9,339,42,159,11
2514,16,1806,9,339,42,272,11
2514,16,1806,9,339,42,338,11
2514,16,1806,9,339,42,390,11
2514,16,1806,9,339,42,457,11
2514,16,1806,9,339,42,463,11
2514,16,1806,9,339,42,620,11
2514,16,1806,9,339,42,700,11
2514,16,1806,9,339,42,742,11
2514,16,1806,9,339,42,758,11
2514,16,1806,9,339,42,879,11
2514,16,1806,9,339,42,927,11
2514,16,1806,9,339,42,979,11
2514,16,1806,9,339,42,1003,11
2514,16,1806,9,339,42,1044,11
2514,16,1806,9,339,42,1068,11
2514,16,1806,9,339,42,1153,11
2514,16,1806,9,339,42,1186,11
2514,16,1806,9,339,42,1194,11
2514,16,1806,9,339,42,1259,11
2514,16,1806,9,339,42,1260,11
2514,16,1806,9,339,42,1312,11
2514,16,1806,9,339,42,1388,11
2514,16,1806,9,339,42,1391,11
2514,16,1806,9,339,42,1422,11
2514,16,1806,9,339,42,1556,11
2514,16,1806,9,339,42,1568,11
2514,16,1806,9,339,42,1599,11
2514,16,1806,9,339,42,1747,11
2514,16,1806,9,339,42,1773,11
2514,16,1806,9,339,42,1799,11
2514,16,1806,9,339,42,1818,11
2514,16,1806,9,339,42,1873,11
2514,16,1806,9,339,42,1940,11
2514,16,1806,9,339,42,1956,11
2514,16,1806,9,339,42,1997,11
2514,16,1806,9,339,42,2068,11
2514,16,1806,9,339,42,2079,11
2514,16,1806,9,339,42,2123,11
2514,16,1806,9,339,42,2196,11
2514,16,1806,9,339,42,2206,11
2514,16,1806,9,339,42,2216,11
2514,16,1806,9,339,42,2244,11
2514,16,1806,9,339,42,2259,11
2514,16,1806,9,339,42,2261,11
2514,16,1806,9,339,42,2289,11
2514,16,1806,9,339,42,2359,11
2514,16,1806,9,339,42,2370,11
2514,16,1806,9,339,42,2405,11
2514,16,1806,9,701,19,45,11
2514,16,1806,9,701,19,159,11
2514,16,1806,9,701,19,272,11
2514,16,1806,9,701,19,338,11
2514,16,1806,9,701,19,390,11
2514,16,1806,9,701,19,457,11
2514,16,1806,9,701,19,463,11
2514,16,1806,9,701,19,620,11
2514,16,1806,9,701,19,700,11
2514,16,1806,9,701,19,742,11
2514,16,1806,9,701,19,758,11
2514,16,1806,9,701,19,879,11
2514,16,1806,9,701,19,927,11
2514,16,1806,9,701,19,979,11
2514,16,1806,9,701,19,1003,11
2514,16,1806,9,701,19,1044,11
2514,16,1806,9,701,19,1068,11
2514,16,1806,9,701,19,1153,11
2514,16,1806,9,701,19,1186,11
2514,16,1806,9,701,19,1194,11
2514,16,1806,9,701,19,1259,11
2514,16,1806,9,701,19,1260,11
2514,16,1806,9,701,19,1312,11
2514,16,1806,9,701,19,1388,11
2514,16,1806,9,701,19,1391,11
2514,16,1806,9,701,19,1422,11
2514,16,1806,9,701,19,1556,11
2514,16,1806,9,701,19,1568,11
2514,16,1806,9,701,19,1599,11
2514,16,1806,9,701,19,1747,11
2514,16,1806,9,701,19,1773,11
2514,16,1806,9,701,19,1799,11
2514,16,1806,9,701,19,1818,11
2514,16,1806,9,701,19,1873,11
2514,16,1806,9,701,19,1940,11
2514,16,1806,9,701,19,1956,11
2514,16,1806,9,701,19,1997,11
2514,16,1806,9,701,19,2068,11
2514,16,1806,9,701,19,2079,11
2514,16,1806,9,701,19,2123,11
2514,16,1806,9,701,19,2196,11
2514,16,1806,9,701,19,2206,11
2514,16,1806,9,701,19,2216,11
2514,16,1806,9,701,19,2244,11
2514,16,1806,9,701,19,2259,11
2514,16,1806,9,701,19,2261,11
2514,16,1806,9,701,19,2289,11
2514,16,1806,9,701,19,2359,11
2514,16,1806,9,701,19,2370,11
2514,16,1806,9,701,19,2405,11
2514,16,1806,9,935,30,45,11
2514,16,1806,9,935,30,159,11
2514,16,1806,9,935,30,272,11
2514,16,1806,9,935,30,338,11
2514,16,1806,9,935,30,390,11
2514,16,1806,9,935,30,457,11
2514,16,1806,9,935,30,463,11
2514,16,1806,9,935,30,620,11
2514,16,1806,9,935,30,700,11
2514,16,1806,9,935,30,742,11
2514,16,1806,9,935,30,758,11
2514,16,1806,9,935,30,879,11
2514,16,1806,9,935,30,927,11
2514,16,1806,9,935,30,979,11
2514,16,1806,9,935,30,1003,11
2514,16,1806,9,935,30,1044,11
2514,16,1806,9,935,30,1068,11
2514,16,1806,9,935,30,1153,11
2514,16,1806,9,935,30,1186,11
2514,16,1806,9,935,30,1194,11
2514,16,1806,9,935,30,1259,11
2514,16,1806,9,935,30,1260,11
2514,16,1806,9,935,30,1312,11
2514,16,1806,9,935,30,1388,11
2514,16,1806,9,935,30,1391,11
2514,16,1806,9,935,30,1422,11
2514,16,1806,9,935,30,1556,11
2514,16,1806,9,935,30,1568,11
2514,16,1806,9,935,30,1599,11
2514,16,1806,9,935,30,1747,11
2514,16,1806,9,935,30,1773,11
2514,16,1806,9,935,30,1799,11
2514,16,1806,9,935,30,1818,11
2514,16,1806,9,935,30,1873,11
2514,16,1806,9,935,30,1940,11
2514,16,1806,9,935,30,1956,11
2514,16,1806,9,935,30,1997,11
2514,16,1806,9,935,30,2068,11
2514,16,1806,9,935,30,2079,11
2514,16,1806,9,935,30,2123,11
2514,16,1806,9,935,30,2196,11
2514,16,1806,9,935,30,2206,11
2514,16,1806,9,935,30,2216,11
2514,16,1806,9,935,30,2244,11
2514,16,1806,9,935,30,2259,11
2514,16,1806,9,935,30,2261,11
2514,16,1806,9,935,30,2289,11
2514,16,1806,9,935,30,2359,11
2514,16,1806,9,935,30,2370,11
2514,16,1806,9,935,30,2405,11
2514,16,1806,9,946,41,45,11
2514,16,1806,9,946,41,159,11
2514,16,1806,9,946,41,272,11
2514,16,1806,9,946,41,338,11
2514,16,1806,9,946,41,390,11
2514,16,1806,9,946,41,457,11
2514,16,1806,9,946,41,463,11
2514,16,1806,9,946,41,620,11
2514,16,1806,9,946,41,700,11
2514,16,1806,9,946,41,742,11
2514,16,1806,9,946,41,758,11
2514,16,1806,9,946,41,879,11
2514,16,1806,9,946,41,927,11
2514,16,1806,9,946,41,979,11
2514,16,1806,9,946,41,1003,11
2514,16,1806,9,946,41,1044,11
2514,16,1806,9,946,41,1068,11
2514,16,1806,9,946,41,1153,11
2514,16,1806,9,946,41,1186,11
2514,16,1806,9,946,41,1194,11
2514,16,1806,9,946,41,1259,11
2514,16,1806,9,946,41,1260,11
2514,16,1806,9,946,41,1312,11
2514,16,1806,9,946,41,1388,11
2514,16,1806,9,946,41,1391,11
2514,16,1806,9,946,41,1422,11
2514,16,1806,9,946,41,1556,11
2514,16,1806,9,946,41,1568,11
2514,16,1806,9,946,41,1599,11
2514,16,1806,9,946,41,1747,11
2514,16,1806,9,946,41,1773,11
2514,16,1806,9,946,41,1799,11
2514,16,1806,9,946,41,1818,11
2514,16,1806,9,946,41,1873,11
2514,16,1806,9,946,41,1940,11
2514,16,1806,9,946,41,1956,11
2514,16,1806,9,946,41,1997,11
2514,16,1806,9,946,41,2068,11
2514,16,1806,9,946,41,2079,11
2514,16,1806,9,946,41,2123,11
2514,16,1806,9,946,41,2196,11
2514,16,1806,9,946,41,2206,11
2514,16,1806,9,946,41,2216,11
2514,16,1806,9,946,41,2244,11
2514,16,1806,9,946,41,2259,11
2514,16,1806,9,946,41,2261,11
2514,16,1806,9,946,41,2289,11
2514,16,1806,9,946,41,2359,11
2514,16,1806,9,946,41,2370,11
2514,16,1806,9,946,41,2405,11
2514,16,1806,9,1299,48,45,11
2514,16,1806,9,1299,48,159,11
2514,16,1806,9,1299,48,272,11
2514,16,1806,9,1299,48,338,11
2514,16,1806,9,1299,48,390,11
2514,16,1806,9,1299,48,457,11
2514,16,1806,9,1299,48,463,11
2514,16,1806,9,1299,48,620,11
2514,16,1806,9,1299,48,700,11
2514,16,1806,9,1299,48,742,11
2514,16,1806,9,1299,48,758,11
2514,16,1806,9,1299,48,879,11
2514,16,1806,9,1299,48,927,11
2514,16,1806,9,1299,48,979,11
2514,16,1806,9,1299,48,1003,11
2514,16,1806,9,1299,48,1044,11
2514,16,1806,9,1299,48,1068,11
2514,16,1806,9,1299,48,1153,11
2514,16,1806,9,1299,48,1186,11
2514,16,1806,9,1299,48,1194,11
2514,16,1806,9,1299,48,1259,11
2514,16,1806,9,1299,48,1260,11
2514,16,1806,9,1299,48,1312,11
2514,16,1806,9,1299,48,1388,11
2514,16,1806,9,1299,48,1391,11
2514,16,1806,9,1299,48,1422,11
2514,16,1806,9,1299,48,1556,11
2514,16,1806,9,1299,48,1568,11
2514,16,1806,9,1299,48,1599,11
2514,16,1806,9,1299,48,1747,11
2514,16,1806,9,1299,48,1773,11
2514,16,1806,9,1299,48,1799,11
2514,16,1806,9,1299,48,1818,11
2514,16,1806,9,1299,48,1873,11
2514,16,1806,9,1299,48,1940,11
2514,16,1806,9,1299,48,1956,11
2514,16,1806,9,1299,48,1997,11
2514,16,1806,9,1299,48,2068,11
2514,16,1806,9,1299,48,2079,11
2514,16,1806,9,1299,48,2123,11
2514,16,1806,9,1299,48,2196,11
2514,16,1806,9,1299,48,2206,11
2514,16,1806,9,1299,48,2216,11
2514,16,1806,9,1299,48,2244,11
2514,16,1806,9,1299,48,2259,11
2514,16,1806,9,1299,48,2261,11
2514,16,1806,9,1299,48,2289,11
2514,16,1806,9,1299,48,2359,11
2514,16,1806,9,1299,48,2370,11
2514,16,1806,9,1299,48,2405,11
2514,16,1806,9,1446,27,45,11
2514,16,1806,9,1446,27,159,11
2514,16,1806,9,1446,27,272,11
2514,16,1806,9,1446,27,338,11
2514,16,1806,9,1446,27,390,11
2514,16,1806,9,1446,27,457,11
2514,16,1806,9,1446,27,463,11
2514,16,1806,9,1446,27,620,11
2514,16,1806,9,1446,27,700,11
2514,16,1806,9,1446,27,742,11
2514,16,1806,9,1446,27,758,11
2514,16,1806,9,1446,27,879,11
2514,16,1806,9,1446,27,927,11
2514,16,1806,9,1446,27,979,11
2514,16,1806,9,1446,27,1003,11
2514,16,1806,9,1446,27,1044,11
2514,16,1806,9,1446,27,1068,11
2514,16,1806,9,1446,27,1153,11
2514,16,1806,9,1446,27,1186,11
2514,16,1806,9,1446,27,1194,11
2514,16,1806,9,1446,27,1259,11
2514,16,1806,9,1446,27,1260,11
2514,16,1806,9,1446,27,1312,11
2514,16,1806,9,1446,27,1388,11
2514,16,1806,9,1446,27,1391,11
2514,16,1806,9,1446,27,1422,11
2514,16,1806,9,1446,27,1556,11
2514,16,1806,9,1446,27,1568,11
2514,16,1806,9,1446,27,1599,11
2514,16,1806,9,1446,27,1747,11
2514,16,1806,9,1446,27,1773,11
2514,16,1806,9,1446,27,1799,11
2514,16,1806,9,1446,27,1818,11
2514,16,1806,9,1446,27,1873,11
2514,16,1806,9,1446,27,1940,11
2514,16,1806,9,1446,27,1956,11
2514,16,1806,9,1446,27,1997,11
2514,16,1806,9,1446,27,2068,11
2514,16,1806,9,1446,27,2079,11
2514,16,1806,9,1446,27,2123,11
2514,16,1806,9,1446,27,2196,11
2514,16,1806,9,1446,27,2206,11
2514,16,1806,9,1446,27,2216,11
2514,16,1806,9,1446,27,2244,11
2514,16,1806,9,1446,27,2259,11
2514,16,1806,9,1446,27,2261,11
2514,16,1806,9,1446,27,2289,11
2514,16,1806,9,1446,27,2359,11
2514,16,1806,9,1446,27,2370,11
2514,16,1806,9,1446,27,2405,11
2514,16,1806,9,1702,37,45,11
2514,16,1806,9,1702,37,159,11
2514,16,1806,9,1702,37,272,11
2514,16,1806,9,1702,37,338,11
2514,16,1806,9,1702,37,390,11
2514,16,1806,9,1702,37,457,11
2514,16,1806,9,1702,37,463,11
2514,16,1806,9,1702,37,620,11
2514,16,1806,9,1702,37,700,11
2514,16,1806,9,1702,37,742,11
2514,16,1806,9,1702,37,758,11
2514,16,1806,9,1702,37,879,11
2514,16,1806,9,1702,37,927,11
2514,16,1806,9,1702,37,979,11
2514,16,1806,9,1702,37,1003,11
2514,16,1806,9,1702,37,1044,11
2514,16,1806,9,1702,37,1068,11
2514,16,1806,9,1702,37,1153,11
2514,16,1806,9,1702,37,1186,11
2514,16,1806,9,1702,37,1194,11
2514,16,1806,9,1702,37,1259,11
2514,16,1806,9,1702,37,1260,11
2514,16,1806,9,1702,37,1312,11
2514,16,1806,9,1702,37,1388,11
2514,16,1806,9,1702,37,1391,11
2514,16,1806,9,1702,37,1422,11
2514,16,1806,9,1702,37,1556,11
2514,16,1806,9,1702,37,1568,11
2514,16,1806,9,1702,37,1599,11
2514,16,1806,9,1702,37,1747,11
2514,16,1806,9,1702,37,1773,11
2514,16,1806,9,1702,37,1799,11
2514,16,1806,9,1702,37,1818,11
2514,16,1806,9,1702,37,1873,11
2514,16,1806,9,1702,37,1940,11
2514,16,1806,9,1702,37,1956,11
2514,16,1806,9,1702,37,1997,11
2514,16,1806,9,1702,37,2068,11
2514,16,1806,9,1702,37,2079,11
2514,16,1806,9,1702,37,2123,11
2514,16,1806,9,1702,37,2196,11
2514,16,1806,9,1702,37,2206,11
2514,16,1806,9,1702,37,2216,11
2514,16,1806,9,1702,37,2244,11
2514,16,1806,9,1702,37,2259,11
2514,16,1806,9,1702,37,2261,11
2514,16,1806,9,1702,37,2289,11
2514,16,1806,9,1702,37,2359,11
2514,16,1806,9,1702,37,2370,11
2514,16,1806,9,1702,37,2405,11
2514,16,1806,9,1898,31,45,11
2514,16,1806,9,1898,31,159,11
2514,16,1806,9,1898,31,272,11
2514,16,1806,9,1898,31,338,11
2514,16,1806,9,1898,31,390,11
2514,16,1806,9,1898,31,457,11
2514,16,1806,9,1898,31,463,11
2514,16,1806,9,1898,31,620,11
2514,16,1806,9,1898,31,700,11
2514,16,1806,9,1898,31,742,11
2514,16,1806,9,1898,31,758,11
2514,16,1806,9,1898,31,879,11
2514,16,1806,9,1898,31,927,11
2514,16,1806,9,1898,31,979,11
2514,16,1806,9,1898,31,1003,11
2514,16,1806,9,1898,31,1044,11
2514,16,1806,9,1898,31,1068,11
2514,16,1806,9,1898,31,1153,11
2514,16,1806,9,1898,31,1186,11
2514,16,1806,9,1898,31,1194,11
2514,16,1806,9,1898,31,1259,11
2514,16,1806,9,1898,31,1260,11
2514,16,1806,9,1898,31,1312,11
2514,16,1806,9,1898,31,1388,11
2514,16,1806,9,1898,31,1391,11
2514,16,1806,9,1898,31,1422,11
2514,16,1806,9,1898,31,1556,11
2514,16,1806,9,1898,31,1568,11
2514,16,1806,9,1898,31,1599,11
2514,16,1806,9,1898,31,1747,11
2514,16,1806,9,1898,31,1773,11
2514,16,1806,9,1898,31,1799,11
2514,16,1806,9,1898,31,1818,11
2514,16,1806,9,1898,31,1873,11
2514,16,1806,9,1898,31,1940,11
2514,16,1806,9,1898,31,1956,11
2514,16,1806,9,1898,31,1997,11
2514,16,1806,9,1898,31,2068,11
2514,16,1806,9,1898,31,2079,11
2514,16,1806,9,1898,31,2123,11
2514,16,1806,9,1898,31,2196,11
2514,16,1806,9,1898,31,2206,11
2514,16,1806,9,1898,31,2216,11
2514,16,1806,9,1898,31,2244,11
2514,16,1806,9,1898,31,2259,11
2514,16,1806,9,1898,31,2261,11
2514,16,1806,9,1898,31,2289,11
2514,16,1806,9,1898,31,2359,11
2514,16,1806,9,1898,31,2370,11
2514,16,1806,9,1898,31,2405,11
2514,16,1806,9,1904,26,45,11
2514,16,1806,9,1904,26,159,11
2514,16,1806,9,1904,26,272,11
2514,16,1806,9,1904,26,338,11
2514,16,1806,9,1904,26,390,11
2514,16,1806,9,1904,26,457,11
2514,16,1806,9,1904,26,463,11
2514,16,1806,9,1904,26,620,11
2514,16,1806,9,1904,26,700,11
2514,16,1806,9,1904,26,742,11
2514,16,1806,9,1904,26,758,11
2514,16,1806,9,1904,26,879,11
2514,16,1806,9,1904,26,927,11
2514,16,1806,9,1904,26,979,11
2514,16,1806,9,1904,26,1003,11
2514,16,1806,9,1904,26,1044,11
2514,16,1806,9,1904,26,1068,11
2514,16,1806,9,1904,26,1153,11
2514,16,1806,9,1904,26,1186,11
2514,16,1806,9,1904,26,1194,11
2514,16,1806,9,1904,26,1259,11
2514,16,1806,9,1904,26,1260,11
2514,16,1806,9,1904,26,1312,11
2514,16,1806,9,1904,26,1388,11
2514,16,1806,9,1904,26,1391,11
2514,16,1806,9,1904,26,1422,11
2514,16,1806,9,1904,26,1556,11
2514,16,1806,9,1904,26,1568,11
2514,16,1806,9,1904,26,1599,11
2514,16,1806,9,1904,26,1747,11
2514,16,1806,9,1904,26,1773,11
2514,16,1806,9,1904,26,1799,11
2514,16,1806,9,1904,26,1818,11
2514,16,1806,9,1904,26,1873,11
2514,16,1806,9,1904,26,1940,11
2514,16,1806,9,1904,26,1956,11
2514,16,1806,9,1904,26,1997,11
2514,16,1806,9,1904,26,2068,11
2514,16,1806,9,1904,26,2079,11
2514,16,1806,9,1904,26,2123,11
2514,16,1806,9,1904,26,2196,11
2514,16,1806,9,1904,26,2206,11
2514,16,1806,9,1904,26,2216,11
2514,16,1806,9,1904,26,2244,11
2514,16,1806,9,1904,26,2259,11
2514,16,1806,9,1904,26,2261,11
2514,16,1806,9,1904,26,2289,11
2514,16,1806,9,1904,26,2359,11
2514,16,1806,9,1904,26,2370,11
2514,16,1806,9,1904,26,2405,11
2514,16,1806,9,1969,20,45,11
2514,16,1806,9,1969,20,159,11
2514,16,1806,9,1969,20,272,11
2514,16,1806,9,1969,20,338,11
2514,16,1806,9,1969,20,390,11
2514,16,1806,9,1969,20,457,11
2514,16,1806,9,1969,20,463,11
2514,16,1806,9,1969,20,620,11
2514,16,1806,9,1969,20,700,11
2514,16,1806,9,1969,20,742,11
2514,16,1806,9,1969,20,758,11
2514,16,1806,9,1969,20,879,11
2514,16,1806,9,1969,20,927,11
2514,16,1806,9,1969,20,979,11
2514,16,1806,9,1969,20,1003,11
2514,16,1806,9,1969,20,1044,11
2514,16,1806,9,1969,20,1068,11
2514,16,1806,9,1969,20,1153,11
2514,16,1806,9,1969,20,1186,11
2514,16,1806,9,1969,20,1194,11
2514,16,1806,9,1969,20,1259,11
2514,16,1806,9,1969,20,1260,11
2514,16,1806,9,1969,20,1312,11
2514,16,1806,9,1969,20,1388,11
2514,16,1806,9,1969,20,1391,11
2514,16,1806,9,1969,20,1422,11
2514,16,1806,9,1969,20,1556,11
2514,16,1806,9,1969,20,1568,11
2514,16,1806,9,1969,20,1599,11
2514,16,1806,9,1969,20,1747,11
2514,16,1806,9,1969,20,1773,11
2514,16,1806,9,1969,20,1799,11
2514,16,1806,9,1969,20,1818,11
2514,16,1806,9,1969,20,1873,11
2514,16,1806,9,1969,20,1940,11
2514,16,1806,9,1969,20,1956,11
2514,16,1806,9,1969,20,1997,11
2514,16,1806,9,1969,20,2068,11
2514,16,1806,9,1969,20,2079,11
2514,16,1806,9,1969,20,2123,11
2514,16,1806,9,1969,20,2196,11
2514,16,1806,9,1969,20,2206,11
2514,16,1806,9,1969,20,2216,11
2514,16,1806,9,1969,20,2244,11
2514,16,1806,9,1969,20,2259,11
2514,16,1806,9,1969,20,2261,11
2514,16,1806,9,1969,20,2289,11
2514,16,1806,9,1969,20,2359,11
2514,16,1806,9,1969,20,2370,11
2514,16,1806,9,1969,20,2405,11
