2514,16,1621,28,49,29,45,11
2514,16,1621,28,49,29,159,11
2514,16,1621,28,49,29,272,11
2514,16,1621,28,49,29,338,11
2514,16,1621,28,49,29,390,11
2514,16,1621,28,49,29,457,11
2514,16,1621,28,49,29,463,11
2514,16,1621,28,49,29,620,11
2514,16,1621,28,49,29,700,11
2514,16,1621,28,49,29,742,11
2514,16,1621,28,49,29,758,11
2514,16,1621,28,49,29,879,11
2514,16,1621,28,49,29,927,11
2514,16,1621,28,49,29,979,11
2514,16,1621,28,49,29,1003,11
2514,16,1621,28,49,29,1044,11
2514,16,1621,28,49,29,1068,11
2514,16,1621,28,49,29,1153,11
2514,16,1621,28,49,29,1186,11
2514,16,1621,28,49,29,1194,11
2514,16,1621,28,49,29,1259,11
2514,16,1621,28,49,29,1260,11
2514,16,1621,28,49,29,1312,11
2514,16,1621,28,49,29,1388,11
2514,16,1621,28,49,29,1391,11
2514,16,1621,28,49,29,1422,11
2514,16,1621,28,49,29,1556,11
2514,16,1621,28,49,29,1568,11
2514,16,1621,28,49,29,1599,11
2514,16,1621,28,49,29,1747,11
2514,16,1621,28,49,29,1773,11
2514,16,1621,28,49,29,1799,11
2514,16,1621,28,49,29,1818,11
2514,16,1621,28,49,29,1873,11
2514,16,1621,28,49,29,1940,11
2514,16,1621,28,49,29,1956,11
2514,16,1621,28,49,29,1997,11
2514,16,1621,28,49,29,2068,11
2514,16,1621,28,49,29,2079,11
2514,16,1621,28,49,29,2123,11
2514,16,1621,28,49,29,2196,11
2514,16,1621,28,49,29,2206,11
2514,16,1621,28,49,29,2216,11
2514,16,1621,28,49,29,2244,11
2514,16,1621,28,49,29,2259,11
2514,16,1621,28,49,29,2261,11
2514,16,1621,28,49,29,2289,11
2514,16,1621,28,49,29,2359,11
2514,16,1621,28,49,29,2370,11
2514,16,1621,28,49,29,2405,11
2514,16,1621,28,429,47,45,11
2514,16,1621,28,429,47,159,11
2514,16,1621,28,429,47,272,11
2514,16,1621,28,429,47,338,11
2514,16,1621,28,429,47,390,11
2514,16,1621,28,429,47,457,11
2514,16,1621,28,429,47,463,11
2514,16,1621,28,429,47,620,11
2514,16,1621,28,429,47,700,11
2514,16,1621,28,429,47,742,11
2514,16,1621,28,429,47,758,11
2514,16,1621,28,429,47,879,11
2514,16,1621,28,429,47,927,11
2514,16,1621,28,429,47,979,11
2514,16,1621,28,429,47,1003,11
2514,16,1621,28,429,47,1044,11
2514,16,1621,28,429,47,1068,11
2514,16,1621,28,429,47,1153,11
2514,16,1621,28,429,47,1186,11
2514,16,1621,28,429,47,1194,11
2514,16,1621,28,429,47,1259,11
2514,16,1621,28,429,47,1260,11
2514,16,1621,28,429,47,1312,11
2514,16,1621,28,429,47,1388,11
2514,16,1621,28,429,47,1391,11
2514,16,1621,28,429,47,1422,11
2514,16,1621,28,429,47,1556,11
2514,16,1621,28,429,47,1568,11
2514,16,1621,28,429,47,1599,11
2514,16,1621,28,429,47,1747,11
2514,16,1621,28,429,47,1773,11
2514,16,1621,28,429,47,1799,11
2514,16,1621,28,429,47,1818,11
2514,16,1621,28,429,47,1873,11
2514,16,1621,28,429,47,1940,11
2514,16,1621,28,429,47,1956,11
2514,16,1621,28,429,47,1997,11
2514,16,1621,28,429,47,2068,11
2514,16,1621,28,429,47,2079,11
2514,16,1621,28,429,47,2123,11
2514,16,1621,28,429,47,2196,11
2514,16,1621,28,429,47,2206,11
2514,16,1621,28,429,47,2216,11
2514,16,1621,28,429,47,2244,11
2514,16,1621,28,429,47,2259,11
2514,16,1621,28,429,47,2261,11
2514,16,1621,28,429,47,2289,11
2514,16,1621,28,429,47,2359,11
2514,16,1621,28,429,47,2370,11
2514,16,1621,28,429,47,2405,11
2514,16,1621,28,431,20,45,11
2514,16,1621,28,431,20,159,11
2514,16,1621,28,431,20,272,11
2514,16,1621,28,431,20,338,11
2514,16,1621,28,431,20,390,11
2514,16,1621,28,431,20,457,11
2514,16,1621,28,431,20,463,11
2514,16,1621,28,431,20,620,11
2514,16,1621,28,431,20,700,11
2514,16,1621,28,431,20,742,11
2514,16,1621,28,431,20,758,11
2514,16,1621,28,431,20,879,11
2514,16,1621,28,431,20,927,11
2514,16,1621,28,431,20,979,11
2514,16,1621,28,431,20,1003,11
2514,16,1621,28,431,20,1044,11
2514,16,1621,28,431,20,1068,11
2514,16,1621,28,431,20,1153,11
2514,16,1621,28,431,20,1186,11
2514,16,1621,28,431,20,1194,11
2514,16,1621,28,431,20,1259,11
2514,16,1621,28,431,20,1260,11
2514,16,1621,28,431,20,1312,11
2514,16,1621,28,431,20,1388,11
2514,16,1621,28,431,20,1391,11
2514,16,1621,28,431,20,1422,11
2514,16,1621,28,431,20,1556,11
2514,16,1621,28,431,20,1568,11
2514,16,1621,28,431,20,1599,11
2514,16,1621,28,431,20,1747,11
2514,16,1621,28,431,20,1773,11
2514,16,1621,28,431,20,1799,11
2514,16,1621,28,431,20,1818,11
2514,16,1621,28,431,20,1873,11
2514,16,1621,28,431,20,1940,11
2514,16,1621,28,431,20,1956,11
2514,16,1621,28,431,20,1997,11
2514,16,1621,28,431,20,2068,11
2514,16,1621,28,431,20,2079,11
2514,16,1621,28,431,20,2123,11
2514,16,1621,28,431,20,2196,11
2514,16,1621,28,431,20,2206,11
2514,16,1621,28,431,20,2216,11
2514,16,1621,28,431,20,2244,11
2514,16,1621,28,431,20,2259,11
2514,16,1621,28,431,20,2261,11
2514,16,1621,28,431,20,2289,11
2514,16,1621,28,431,20,2359,11
2514,16,1621,28,431,20,2370,11
2514,16,1621,28,431,20,2405,11
2514,16,1621,28,436,40,45,11
2514,16,1621,28,436,40,159,11
2514,16,1621,28,436,40,272,11
2514,16,1621,28,436,40,338,11
2514,16,1621,28,436,40,390,11
2514,16,1621,28,436,40,457,11
2514,16,1621,28,436,40,463,11
2514,16,1621,28,436,40,620,11
2514,16,1621,28,436,40,700,11
2514,16,1621,28,436,40,742,11
2514,16,1621,28,436,40,758,11
2514,16,1621,28,436,40,879,11
2514,16,1621,28,436,40,927,11
2514,16,1621,28,436,40,979,11
2514,16,1621,28,436,40,1003,11
2514,16,1621,28,436,40,1044,11
2514,16,1621,28,436,40,1068,11
2514,16,1621,28,436,40,1153,11
2514,16,1621,28,436,40,1186,11
2514,16,1621,28,436,40,1194,11
2514,16,1621,28,436,40,1259,11
2514,16,1621,28,436,40,1260,11
2514,16,1621,28,436,40,1312,11
2514,16,1621,28,436,40,1388,11
2514,16,1621,28,436,40,1391,11
2514,16,1621,28,436,40,1422,11
2514,16,1621,28,436,40,1556,11
2514,16,1621,28,436,40,1568,11
2514,16,1621,28,436,40,1599,11
2514,16,1621,28,436,40,1747,11
2514,16,1621,28,436,40,1773,11
2514,16,1621,28,436,40,1799,11
2514,16,1621,28,436,40,1818,11
2514,16,1621,28,436,40,1873,11
2514,16,1621,28,436,40,1940,11
2514,16,1621,28,436,40,1956,11
2514,16,1621,28,436,40,1997,11
2514,16,1621,28,436,40,2068,11
2514,16,1621,28,436,40,2079,11
2514,16,1621,28,436,40,2123,11
2514,16,1621,28,436,40,2196,11
2514,16,1621,28,436,40,2206,11
2514,16,1621,28,436,40,2216,11
2514,16,1621,28,436,40,2244,11
2514,16,1621,28,436,40,2259,11
2514,16,1621,28,436,40,2261,11
2514,16,1621,28,436,40,2289,11
2514,16,1621,28,436,40,2359,11
2514,16,1621,28,436,40,2370,11
2514,16,1621,28,436,40,2405,11
2514,16,1621,28,559,24,45,11
2514,16,1621,28,559,24,159,11
2514,16,1621,28,559,24,272,11
2514,16,1621,28,559,24,338,11
2514,16,1621,28,559,24,390,11
2514,16,1621,28,559,24,457,11
2514,16,1621,28,559,24,463,11
2514,16,1621,28,559,24,620,11
2514,16,1621,28,559,24,700,11
2514,16,1621,28,559,24,742,11
2514,16,1621,28,559,24,758,11
2514,16,1621,28,559,24,879,11
2514,16,1621,28,559,24,927,11
2514,16,1621,28,559,24,979,11
2514,16,1621,28,559,24,1003,11
2514,16,1621,28,559,24,1044,11
2514,16,1621,28,559,24,1068,11
2514,16,1621,28,559,24,1153,11
2514,16,1621,28,559,24,1186,11
2514,16,1621,28,559,24,1194,11
2514,16,1621,28,559,24,1259,11
2514,16,1621,28,559,24,1260,11
2514,16,1621,28,559,24,1312,11
2514,16,1621,28,559,24,1388,11
2514,16,1621,28,559,24,1391,11
2514,16,1621,28,559,24,1422,11
2514,16,1621,28,559,24,1556,11
2514,16,1621,28,559,24,1568,11
2514,16,1621,28,559,24,1599,11
2514,16,1621,28,559,24,1747,11
2514,16,1621,28,559,24,1773,11
2514,16,1621,28,559,24,1799,11
2514,16,1621,28,559,24,1818,11
2514,16,1621,28,559,24,1873,11
2514,16,1621,28,559,24,1940,11
2514,16,1621,28,559,24,1956,11
2514,16,1621,28,559,24,1997,11
2514,16,1621,28,559,24,2068,11
2514,16,1621,28,559,24,2079,11
2514,16,1621,28,559,24,2123,11
2514,16,1621,28,559,24,2196,11
2514,16,1621,28,559,24,2206,11
2514,16,1621,28,559,24,2216,11
2514,16,1621,28,559,24,2244,11
2514,16,1621,28,559,24,2259,11
2514,16,1621,28,559,24,2261,11
2514,16,1621,28,559,24,2289,11
2514,16,1621,28,559,24,2359,11
2514,16,1621,28,559,24,2370,11
2514,16,1621,28,559,24,2405,11
2514,16,1621,28,1011,14,45,11
2514,16,1621,28,1011,14,159,11
2514,16,1621,28,1011,14,272,11
2514,16,1621,28,1011,14,338,11
2514,16,1621,28,1011,14,390,11
2514,16,1621,28,1011,14,457,11
2514,16,1621,28,1011,14,463,11
2514,16,1621,28,1011,14,620,11
2514,16,1621,28,1011,14,700,11
2514,16,1621,28,1011,14,742,11
2514,16,1621,28,1011,14,758,11
2514,16,1621,28,1011,14,879,11
2514,16,1621,28,1011,14,927,11
2514,16,1621,28,1011,14,979,11
2514,16,1621,28,1011,14,1003,11
2514,16,1621,28,1011,14,1044,11
2514,16,1621,28,1011,14,1068,11
2514,16,1621,28,1011,14,1153,11
2514,16,1621,28,1011,14,1186,11
2514,16,1621,28,1011,14,1194,11
2514,16,1621,28,1011,14,1259,11
2514,16,1621,28,1011,14,1260,11
2514,16,1621,28,1011,14,1312,11
2514,16,1621,28,1011,14,1388,11
2514,16,1621,28,1011,14,1391,11
2514,16,1621,28,1011,14,1422,11
2514,16,1621,28,1011,14,1556,11
2514,16,1621,28,1011,14,1568,11
2514,16,1621,28,1011,14,1599,11
2514,16,1621,28,1011,14,1747,11
2514,16,1621,28,1011,14,1773,11
2514,16,1621,28,1011,14,1799,11
2514,16,1621,28,1011,14,1818,11
2514,16,1621,28,1011,14,1873,11
2514,16,1621,28,1011,14,1940,11
2514,16,1621,28,1011,14,1956,11
2514,16,1621,28,1011,14,1997,11
2514,16,1621,28,1011,14,2068,11
2514,16,1621,28,1011,14,2079,11
2514,16,1621,28,1011,14,2123,11
2514,16,1621,28,1011,14,2196,11
2514,16,1621,28,1011,14,2206,11
2514,16,1621,28,1011,14,2216,11
2514,16,1621,28,1011,14,2244,11
2514,16,1621,28,1011,14,2259,11
2514,16,1621,28,1011,14,2261,11
2514,16,1621,28,1011,14,2289,11
2514,16,1621,28,1011,14,2359,11
2514,16,1621,28,1011,14,2370,11
2514,16,1621,28,1011,14,2405,11
2514,16,1621,28,1036,46,45,11
2514,16,1621,28,1036,46,159,11
2514,16,1621,28,1036,46,272,11
2514,16,1621,28,1036,46,338,11
2514,16,1621,28,1036,46,390,11
2514,16,1621,28,1036,46,457,11
2514,16,1621,28,1036,46,463,11
2514,16,1621,28,1036,46,620,11
2514,16,1621,28,1036,46,700,11
2514,16,1621,28,1036,46,742,11
2514,16,1621,28,1036,46,758,11
2514,16,1621,28,1036,46,879,11
2514,16,1621,28,1036,46,927,11
2514,16,1621,28,1036,46,979,11
2514,16,1621,28,1036,46,1003,11
2514,16,1621,28,1036,46,1044,11
2514,16,1621,28,1036,46,1068,11
2514,16,1621,28,1036,46,1153,11
2514,16,1621,28,1036,46,1186,11
2514,16,1621,28,1036,46,1194,11
2514,16,1621,28,1036,46,1259,11
2514,16,1621,28,1036,46,1260,11
2514,16,1621,28,1036,46,1312,11
2514,16,1621,28,1036,46,1388,11
2514,16,1621,28,1036,46,1391,11
2514,16,1621,28,1036,46,1422,11
2514,16,1621,28,1036,46,1556,11
2514,16,1621,28,1036,46,1568,11
2514,16,1621,28,1036,46,1599,11
2514,16,1621,28,1036,46,1747,11
2514,16,1621,28,1036,46,1773,11
2514,16,1621,28,1036,46,1799,11
2514,16,1621,28,1036,46,1818,11
2514,16,1621,28,1036,46,1873,11
2514,16,1621,28,1036,46,1940,11
2514,16,1621,28,1036,46,1956,11
2514,16,1621,28,1036,46,1997,11
2514,16,1621,28,1036,46,2068,11
2514,16,1621,28,1036,46,2079,11
2514,16,1621,28,1036,46,2123,11
2514,16,1621,28,1036,46,2196,11
2514,16,1621,28,1036,46,2206,11
2514,16,1621,28,1036,46,2216,11
2514,16,1621,28,1036,46,2244,11
2514,16,1621,28,1036,46,2259,11
2514,16,1621,28,1036,46,2261,11
2514,16,1621,28,1036,46,2289,11
2514,16,1621,28,1036,46,2359,11
2514,16,1621,28,1036,46,2370,11
2514,16,1621,28,1036,46,2405,11
2514,16,1621,28,1101,19,45,11
2514,16,1621,28,1101,19,159,11
2514,16,1621,28,1101,19,272,11
2514,16,1621,28,1101,19,338,11
2514,16,1621,28,1101,19,390,11
2514,16,1621,28,1101,19,457,11
2514,16,1621,28,1101,19,463,11
2514,16,1621,28,1101,19,620,11
2514,16,1621,28,1101,19,700,11
2514,16,1621,28,1101,19,742,11
2514,16,1621,28,1101,19,758,11
2514,16,1621,28,1101,19,879,11
2514,16,1621,28,1101,19,927,11
2514,16,1621,28,1101,19,979,11
2514,16,1621,28,1101,19,1003,11
2514,16,1621,28,1101,19,1044,11
2514,16,1621,28,1101,19,1068,11
2514,16,1621,28,1101,19,1153,11
2514,16,1621,28,1101,19,1186,11
2514,16,1621,28,1101,19,1194,11
2514,16,1621,28,1101,19,1259,11
2514,16,1621,28,1101,19,1260,11
2514,16,1621,28,1101,19,1312,11
2514,16,1621,28,1101,19,1388,11
2514,16,1621,28,1101,19,1391,11
2514,16,1621,28,1101,19,1422,11
2514,16,1621,28,1101,19,1556,11
2514,16,1621,28,1101,19,1568,11
2514,16,1621,28,1101,19,1599,11
2514,16,1621,28,1101,19,1747,11
2514,16,1621,28,1101,19,1773,11
2514,16,1621,28,1101,19,1799,11
2514,16,1621,28,1101,19,1818,11
2514,16,1621,28,1101,19,1873,11
2514,16,1621,28,1101,19,1940,11
2514,16,1621,28,1101,19,1956,11
2514,16,1621,28,1101,19,1997,11
2514,16,1621,28,1101,19,2068,11
2514,16,1621,28,1101,19,2079,11
2514,16,1621,28,1101,19,2123,11
2514,16,1621,28,1101,19,2196,11
2514,16,1621,28,1101,19,2206,11
2514,16,1621,28,1101,19,2216,11
2514,16,1621,28,1101,19,2244,11
2514,16,1621,28,1101,19,2259,11
2514,16,1621,28,1101,19,2261,11
2514,16,1621,28,1101,19,2289,11
2514,16,1621,28,1101,19,2359,11
2514,16,1621,28,1101,19,2370,11
2514,16,1621,28,1101,19,2405,11
2514,16,1621,28,1372,21,45,11
2514,16,1621,28,1372,21,159,11
2514,16,1621,28,1372,21,272,11
2514,16,1621,28,1372,21,338,11
2514,16,1621,28,1372,21,390,11
2514,16,1621,28,1372,21,457,11
2514,16,1621,28,1372,21,463,11
2514,16,1621,28,1372,21,620,11
2514,16,1621,28,1372,21,700,11
2514,16,1621,28,1372,21,742,11
2514,16,1621,28,1372,21,758,11
2514,16,1621,28,1372,21,879,11
2514,16,1621,28,1372,21,927,11
2514,16,1621,28,1372,21,979,11
2514,16,1621,28,1372,21,1003,11
2514,16,1621,28,1372,21,1044,11
2514,16,1621,28,1372,21,1068,11
2514,16,1621,28,1372,21,1153,11
2514,16,1621,28,1372,21,1186,11
2514,16,1621,28,1372,21,1194,11
2514,16,1621,28,1372,21,1259,11
2514,16,1621,28,1372,21,1260,11
2514,16,1621,28,1372,21,1312,11
2514,16,1621,28,1372,21,1388,11
2514,16,1621,28,1372,21,1391,11
2514,16,1621,28,1372,21,1422,11
2514,16,1621,28,1372,21,1556,11
2514,16,1621,28,1372,21,1568,11
2514,16,1621,28,1372,21,1599,11
2514,16,1621,28,1372,21,1747,11
2514,16,1621,28,1372,21,1773,11
2514,16,1621,28,1372,21,1799,11
2514,16,1621,28,1372,21,1818,11
2514,16,1621,28,1372,21,1873,11
2514,16,1621,28,1372,21,1940,11
2514,16,1621,28,1372,21,1956,11
2514,16,1621,28,1372,21,1997,11
2514,16,1621,28,1372,21,2068,11
2514,16,1621,28,1372,21,2079,11
2514,16,1621,28,1372,21,2123,11
2514,16,1621,28,1372,21,2196,11
2514,16,1621,28,1372,21,2206,11
2514,16,1621,28,1372,21,2216,11
2514,16,1621,28,1372,21,2244,11
2514,16,1621,28,1372,21,2259,11
2514,16,1621,28,1372,21,2261,11
2514,16,1621,28,1372,21,2289,11
2514,16,1621,28,1372,21,2359,11
2514,16,1621,28,1372,21,2370,11
2514,16,1621,28,1372,21,2405,11
2514,16,1621,28,1586,24,45,11
2514,16,1621,28,1586,24,159,11
2514,16,1621,28,1586,24,272,11
2514,16,1621,28,1586,24,338,11
2514,16,1621,28,1586,24,390,11
2514,16,1621,28,1586,24,463,11
2514,16,1621,28,1586,24,620,11
2514,16,1621,28,1586,24,742,11
2514,16,1621,28,1586,24,758,11
2514,16,1621,28,1586,24,879,11
2514,16,1621,28,1586,24,979,11
2514,16,1621,28,1586,24,1044,11
2514,16,1621,28,1586,24,1068,11
2514,16,1621,28,1586,24,1186,11
2514,16,1621,28,1586,24,1259,11
2514,16,1621,28,1586,24,1260,11
2514,16,1621,28,1586,24,1312,11
2514,16,1621,28,1586,24,1388,11
2514,16,1621,28,1586,24,1391,11
2514,16,1621,28,1586,24,1422,11
2514,16,1621,28,1586,24,1556,11
2514,16,1621,28,1586,24,1747,11
2514,16,1621,28,1586,24,1773,11
2514,16,1621,28,1586,24,1799,11
2514,16,1621,28,1586,24,1873,11
2514,16,1621,28,1586,24,1956,11
2514,16,1621,28,1586,24,1997,11
2514,16,1621,28,1586,24,2068,11
2514,16,1621,28,1586,24,2079,11
2514,16,1621,28,1586,24,2123,11
2514,16,1621,28,1586,24,2196,11
2514,16,1621,28,1586,24,2206,11
2514,16,1621,28,1586,24,2216,11
2514,16,1621,28,1586,24,2244,11
2514,16,1621,28,1586,24,2259,11
2514,16,1621,28,1586,24,2261,11
2514,16,1621,28,1586,24,2289,11
2514,16,1621,28,1586,24,2359,11
2514,16,1621,28,1586,24,2370,11
2514,16,1621,28,1586,24,2405,11
2514,16,1621,28,1752,29,45,11
2514,16,1621,28,1752,29,159,11
2514,16,1621,28,1752,29,272,11
2514,16,1621,28,1752,29,338,11
2514,16,1621,28,1752,29,390,11
2514,16,1621,28,1752,29,457,11
2514,16,1621,28,1752,29,463,11
2514,16,1621,28,1752,29,620,11
2514,16,1621,28,1752,29,700,11
2514,16,1621,28,1752,29,742,11
2514,16,1621,28,1752,29,758,11
2514,16,1621,28,1752,29,879,11
2514,16,1621,28,1752,29,927,11
2514,16,1621,28,1752,29,979,11
2514,16,1621,28,1752,29,1003,11
2514,16,1621,28,1752,29,1044,11
2514,16,1621,28,1752,29,1068,11
2514,16,1621,28,1752,29,1153,11
2514,16,1621,28,1752,29,1186,11
2514,16,1621,28,1752,29,1194,11
2514,16,1621,28,1752,29,1259,11
2514,16,1621,28,1752,29,1260,11
2514,16,1621,28,1752,29,1312,11
2514,16,1621,28,1752,29,1388,11
2514,16,1621,28,1752,29,1391,11
2514,16,1621,28,1752,29,1422,11
2514,16,1621,28,1752,29,1556,11
2514,16,1621,28,1752,29,1568,11
2514,16,1621,28,1752,29,1599,11
2514,16,1621,28,1752,29,1747,11
2514,16,1621,28,1752,29,1773,11
2514,16,1621,28,1752,29,1799,11
2514,16,1621,28,1752,29,1818,11
2514,16,1621,28,1752,29,1873,11
2514,16,1621,28,1752,29,1940,11
2514,16,1621,28,1752,29,1956,11
2514,16,1621,28,1752,29,1997,11
2514,16,1621,28,1752,29,2068,11
2514,16,1621,28,1752,29,2079,11
2514,16,1621,28,1752,29,2123,11
2514,16,1621,28,1752,29,2196,11
2514,16,1621,28,1752,29,2206,11
2514,16,1621,28,1752,29,2216,11
2514,16,1621,28,1752,29,2244,11
2514,16,1621,28,1752,29,2259,11
2514,16,1621,28,1752,29,2261,11
2514,16,1621,28,1752,29,2289,11
2514,16,1621,28,1752,29,2359,11
2514,16,1621,28,1752,29,2370,11
2514,16,1621,28,1752,29,2405,11
2514,16,1621,28,1963,34,45,11
2514,16,1621,28,1963,34,159,11
2514,16,1621,28,1963,34,272,11
2514,16,1621,28,1963,34,338,11
2514,16,1621,28,1963,34,390,11
2514,16,1621,28,1963,34,457,11
2514,16,1621,28,1963,34,463,11
2514,16,1621,28,1963,34,620,11
2514,16,1621,28,1963,34,700,11
2514,16,1621,28,1963,34,742,11
2514,16,1621,28,1963,34,758,11
2514,16,1621,28,1963,34,879,11
2514,16,1621,28,1963,34,927,11
2514,16,1621,28,1963,34,979,11
2514,16,1621,28,1963,34,1003,11
2514,16,1621,28,1963,34,1044,11
2514,16,1621,28,1963,34,1068,11
2514,16,1621,28,1963,34,1153,11
2514,16,1621,28,1963,34,1186,11
2514,16,1621,28,1963,34,1194,11
2514,16,1621,28,1963,34,1259,11
2514,16,1621,28,1963,34,1260,11
2514,16,1621,28,1963,34,1312,11
2514,16,1621,28,1963,34,1388,11
2514,16,1621,28,1963,34,1391,11
2514,16,1621,28,1963,34,1422,11
2514,16,1621,28,1963,34,1556,11
2514,16,1621,28,1963,34,1568,11
2514,16,1621,28,1963,34,1599,11
2514,16,1621,28,1963,34,1747,11
2514,16,1621,28,1963,34,1773,11
2514,16,1621,28,1963,34,1799,11
2514,16,1621,28,1963,34,1818,11
2514,16,1621,28,1963,34,1873,11
2514,16,1621,28,1963,34,1940,11
2514,16,1621,28,1963,34,1956,11
2514,16,1621,28,1963,34,1997,11
2514,16,1621,28,1963,34,2068,11
2514,16,1621,28,1963,34,2079,11
2514,16,1621,28,1963,34,2123,11
2514,16,1621,28,1963,34,2196,11
2514,16,1621,28,1963,34,2206,11
2514,16,1621,28,1963,34,2216,11
2514,16,1621,28,1963,34,2244,11
2514,16,1621,28,1963,34,2259,11
2514,16,1621,28,1963,34,2261,11
2514,16,1621,28,1963,34,2289,11
2514,16,1621,28,1963,34,2359,11
2514,16,1621,28,1963,34,2370,11
2514,16,1621,28,1963,34,2405,11
2514,16,1621,28,1977,14,45,11
2514,16,1621,28,1977,14,159,11
2514,16,1621,28,1977,14,272,11
2514,16,1621,28,1977,14,338,11
2514,16,1621,28,1977,14,390,11
2514,16,1621,28,1977,14,457,11
2514,16,1621,28,1977,14,463,11
2514,16,1621,28,1977,14,620,11
2514,16,1621,28,1977,14,700,11
2514,16,1621,28,1977,14,742,11
2514,16,1621,28,1977,14,758,11
2514,16,1621,28,1977,14,879,11
2514,16,1621,28,1977,14,927,11
2514,16,1621,28,1977,14,979,11
2514,16,1621,28,1977,14,1003,11
2514,16,1621,28,1977,14,1044,11
2514,16,1621,28,1977,14,1068,11
2514,16,1621,28,1977,14,1153,11
2514,16,1621,28,1977,14,1186,11
2514,16,1621,28,1977,14,1194,11
2514,16,1621,28,1977,14,1259,11
2514,16,1621,28,1977,14,1260,11
2514,16,1621,28,1977,14,1312,11
2514,16,1621,28,1977,14,1388,11
2514,16,1621,28,1977,14,1391,11
2514,16,1621,28,1977,14,1422,11
2514,16,1621,28,1977,14,1556,11
2514,16,1621,28,1977,14,1568,11
2514,16,1621,28,1977,14,1599,11
2514,16,1621,28,1977,14,1747,11
2514,16,1621,28,1977,14,1773,11
2514,16,1621,28,1977,14,1799,11
2514,16,1621,28,1977,14,1818,11
2514,16,1621,28,1977,14,1873,11
2514,16,1621,28,1977,14,1940,11
2514,16,1621,28,1977,14,1956,11
2514,16,1621,28,1977,14,1997,11
2514,16,1621,28,1977,14,2068,11
2514,16,1621,28,1977,14,2079,11
2514,16,1621,28,1977,14,2123,11
2514,16,1621,28,1977,14,2196,11
2514,16,1621,28,1977,14,2206,11
2514,16,1621,28,1977,14,2216,11
2514,16,1621,28,1977,14,2244,11
2514,16,1621,28,1977,14,2259,11
2514,16,1621,28,1977,14,2261,11
2514,16,1621,28,1977,14,2289,11
2514,16,1621,28,1977,14,2359,11
2514,16,1621,28,1977,14,2370,11
2514,16,1621,28,1977,14,2405,11
