2514,16,1834,18,341,29,45,11
2514,16,1834,18,341,29,159,11
2514,16,1834,18,341,29,272,11
2514,16,1834,18,341,29,338,11
2514,16,1834,18,341,29,390,11
2514,16,1834,18,341,29,457,11
2514,16,1834,18,341,29,463,11
2514,16,1834,18,341,29,620,11
2514,16,1834,18,341,29,700,11
2514,16,1834,18,341,29,742,11
2514,16,1834,18,341,29,758,11
2514,16,1834,18,341,29,879,11
2514,16,1834,18,341,29,927,11
2514,16,1834,18,341,29,979,11
2514,16,1834,18,341,29,1003,11
2514,16,1834,18,341,29,1044,11
2514,16,1834,18,341,29,1068,11
2514,16,1834,18,341,29,1153,11
2514,16,1834,18,341,29,1186,11
2514,16,1834,18,341,29,1194,11
2514,16,1834,18,341,29,1259,11
2514,16,1834,18,341,29,1260,11
2514,16,1834,18,341,29,1312,11
2514,16,1834,18,341,29,1388,11
2514,16,1834,18,341,29,1391,11
2514,16,1834,18,341,29,1422,11
2514,16,1834,18,341,29,1556,11
2514,16,1834,18,341,29,1568,11
2514,16,1834,18,341,29,1599,11
2514,16,1834,18,341,29,1747,11
2514,16,1834,18,341,29,1773,11
2514,16,1834,18,341,29,1799,11
2514,16,1834,18,341,29,1818,11
2514,16,1834,18,341,29,1873,11
2514,16,1834,18,341,29,1940,11
2514,16,1834,18,341,29,1956,11
2514,16,1834,18,341,29,1997,11
2514,16,1834,18,341,29,2068,11
2514,16,1834,18,341,29,2079,11
2514,16,1834,18,341,29,2123,11
2514,16,1834,18,341,29,2196,11
2514,16,1834,18,341,29,2206,11
2514,16,1834,18,341,29,2216,11
2514,16,1834,18,341,29,2244,11
2514,16,1834,18,341,29,2259,11
2514,16,1834,18,341,29,2261,11
2514,16,1834,18,341,29,2289,11
2514,16,1834,18,341,29,2359,11
2514,16,1834,18,341,29,2370,11
2514,16,1834,18,341,29,2405,11
2514,16,1834,18,350,9,45,11
2514,16,1834,18,350,9,159,11
2514,16,1834,18,350,9,272,11
2514,16,1834,18,350,9,338,11
2514,16,1834,18,350,9,390,11
2514,16,1834,18,350,9,457,11
2514,16,1834,18,350,9,463,11
2514,16,1834,18,350,9,620,11
2514,16,1834,18,350,9,700,11
2514,16,1834,18,350,9,742,11
2514,16,1834,18,350,9,758,11
2514,16,1834,18,350,9,879,11
2514,16,1834,18,350,9,927,11
2514,16,1834,18,350,9,979,11
2514,16,1834,18,350,9,1003,11
2514,16,1834,18,350,9,1044,11
2514,16,1834,18,350,9,1068,11
2514,16,1834,18,350,9,1153,11
2514,16,1834,18,350,9,1186,11
2514,16,1834,18,350,9,1194,11
2514,16,1834,18,350,9,1259,11
2514,16,1834,18,350,9,1260,11
2514,16,1834,18,350,9,1312,11
2514,16,1834,18,350,9,1388,11
2514,16,1834,18,350,9,1391,11
2514,16,1834,18,350,9,1422,11
2514,16,1834,18,350,9,1556,11
2514,16,1834,18,350,9,1568,11
2514,16,1834,18,350,9,1599,11
2514,16,1834,18,350,9,1747,11
2514,16,1834,18,350,9,1773,11
2514,16,1834,18,350,9,1799,11
2514,16,1834,18,350,9,1818,11
2514,16,1834,18,350,9,1873,11
2514,16,1834,18,350,9,1940,11
2514,16,1834,18,350,9,1956,11
2514,16,1834,18,350,9,1997,11
2514,16,1834,18,350,9,2068,11
2514,16,1834,18,350,9,2079,11
2514,16,1834,18,350,9,2123,11
2514,16,1834,18,350,9,2196,11
2514,16,1834,18,350,9,2206,11
2514,16,1834,18,350,9,2216,11
2514,16,1834,18,350,9,2244,11
2514,16,1834,18,350,9,2259,11
2514,16,1834,18,350,9,2261,11
2514,16,1834,18,350,9,2289,11
2514,16,1834,18,350,9,2359,11
2514,16,1834,18,350,9,2370,11
2514,16,1834,18,350,9,2405,11
2514,16,1834,18,487,11,45,11
2514,16,1834,18,487,11,159,11
2514,16,1834,18,487,11,272,11
2514,16,1834,18,487,11,338,11
2514,16,1834,18,487,11,390,11
2514,16,1834,18,487,11,457,11
2514,16,1834,18,487,11,463,11
2514,16,1834,18,487,11,620,11
2514,16,1834,18,487,11,700,11
2514,16,1834,18,487,11,742,11
2514,16,1834,18,487,11,758,11
2514,16,1834,18,487,11,879,11
2514,16,1834,18,487,11,927,11
2514,16,1834,18,487,11,979,11
2514,16,1834,18,487,11,1003,11
2514,16,1834,18,487,11,1044,11
2514,16,1834,18,487,11,1068,11
2514,16,1834,18,487,11,1153,11
2514,16,1834,18,487,11,1186,11
2514,16,1834,18,487,11,1194,11
2514,16,1834,18,487,11,1259,11
2514,16,1834,18,487,11,1260,11
2514,16,1834,18,487,11,1312,11
2514,16,1834,18,487,11,1388,11
2514,16,1834,18,487,11,1391,11
2514,16,1834,18,487,11,1422,11
2514,16,1834,18,487,11,1556,11
2514,16,1834,18,487,11,1568,11
2514,16,1834,18,487,11,1599,11
2514,16,1834,18,487,11,1747,11
2514,16,1834,18,487,11,1773,11
2514,16,1834,18,487,11,1799,11
2514,16,1834,18,487,11,1818,11
2514,16,1834,18,487,11,1873,11
2514,16,1834,18,487,11,1940,11
2514,16,1834,18,487,11,1956,11
2514,16,1834,18,487,11,1997,11
2514,16,1834,18,487,11,2068,11
2514,16,1834,18,487,11,2079,11
2514,16,1834,18,487,11,2123,11
2514,16,1834,18,487,11,2196,11
2514,16,1834,18,487,11,2206,11
2514,16,1834,18,487,11,2216,11
2514,16,1834,18,487,11,2244,11
2514,16,1834,18,487,11,2259,11
2514,16,1834,18,487,11,2261,11
2514,16,1834,18,487,11,2289,11
2514,16,1834,18,487,11,2359,11
2514,16,1834,18,487,11,2370,11
2514,16,1834,18,487,11,2405,11
2514,16,1834,18,515,48,45,11
2514,16,1834,18,515,48,159,11
2514,16,1834,18,515,48,272,11
2514,16,1834,18,515,48,338,11
2514,16,1834,18,515,48,390,11
2514,16,1834,18,515,48,457,11
2514,16,1834,18,515,48,463,11
2514,16,1834,18,515,48,620,11
2514,16,1834,18,515,48,700,11
2514,16,1834,18,515,48,742,11
2514,16,1834,18,515,48,758,11
2514,16,1834,18,515,48,879,11
2514,16,1834,18,515,48,927,11
2514,16,1834,18,515,48,979,11
2514,16,1834,18,515,48,1003,11
2514,16,1834,18,515,48,1044,11
2514,16,1834,18,515,48,1068,11
2514,16,1834,18,515,48,1153,11
2514,16,1834,18,515,48,1186,11
2514,16,1834,18,515,48,1194,11
2514,16,1834,18,515,48,1259,11
2514,16,1834,18,515,48,1260,11
2514,16,1834,18,515,48,1312,11
2514,16,1834,18,515,48,1388,11
2514,16,1834,18,515,48,1391,11
2514,16,1834,18,515,48,1422,11
2514,16,1834,18,515,48,1556,11
2514,16,1834,18,515,48,1568,11
2514,16,1834,18,515,48,1599,11
2514,16,1834,18,515,48,1747,11
2514,16,1834,18,515,48,1773,11
2514,16,1834,18,515,48,1799,11
2514,16,1834,18,515,48,1818,11
2514,16,1834,18,515,48,1873,11
2514,16,1834,18,515,48,1940,11
2514,16,1834,18,515,48,1956,11
2514,16,1834,18,515,48,1997,11
2514,16,1834,18,515,48,2068,11
2514,16,1834,18,515,48,2079,11
2514,16,1834,18,515,48,2123,11
2514,16,1834,18,515,48,2196,11
2514,16,1834,18,515,48,2206,11
2514,16,1834,18,515,48,2216,11
2514,16,1834,18,515,48,2244,11
2514,16,1834,18,515,48,2259,11
2514,16,1834,18,515,48,2261,11
2514,16,1834,18,515,48,2289,11
2514,16,1834,18,515,48,2359,11
2514,16,1834,18,515,48,2370,11
2514,16,1834,18,515,48,2405,11
2514,16,1834,18,902,17,45,11
2514,16,1834,18,902,17,390,11
2514,16,1834,18,902,17,620,11
2514,16,1834,18,902,17,979,11
2514,16,1834,18,902,17,1799,11
2514,16,1834,18,902,17,1956,11
2514,16,1834,18,902,17,2206,11
2514,16,1834,18,902,17,2244,11
2514,16,1834,18,902,17,2261,11
2514,16,1834,18,902,17,2359,11
2514,16,1834,18,943,32,45,11
2514,16,1834,18,943,32,159,11
2514,16,1834,18,943,32,272,11
2514,16,1834,18,943,32,338,11
2514,16,1834,18,943,32,390,11
2514,16,1834,18,943,32,457,11
2514,16,1834,18,943,32,463,11
2514,16,1834,18,943,32,620,11
2514,16,1834,18,943,32,700,11
2514,16,1834,18,943,32,742,11
2514,16,1834,18,943,32,758,11
2514,16,1834,18,943,32,879,11
2514,16,1834,18,943,32,927,11
2514,16,1834,18,943,32,979,11
2514,16,1834,18,943,32,1003,11
2514,16,1834,18,943,32,1044,11
2514,16,1834,18,943,32,1068,11
2514,16,1834,18,943,32,1153,11
2514,16,1834,18,943,32,1186,11
2514,16,1834,18,943,32,1194,11
2514,16,1834,18,943,32,1259,11
2514,16,1834,18,943,32,1260,11
2514,16,1834,18,943,32,1312,11
2514,16,1834,18,943,32,1388,11
2514,16,1834,18,943,32,1391,11
2514,16,1834,18,943,32,1422,11
2514,16,1834,18,943,32,1556,11
2514,16,1834,18,943,32,1568,11
2514,16,1834,18,943,32,1599,11
2514,16,1834,18,943,32,1747,11
2514,16,1834,18,943,32,1773,11
2514,16,1834,18,943,32,1799,11
2514,16,1834,18,943,32,1818,11
2514,16,1834,18,943,32,1873,11
2514,16,1834,18,943,32,1940,11
2514,16,1834,18,943,32,1956,11
2514,16,1834,18,943,32,1997,11
2514,16,1834,18,943,32,2068,11
2514,16,1834,18,943,32,2079,11
2514,16,1834,18,943,32,2123,11
2514,16,1834,18,943,32,2196,11
2514,16,1834,18,943,32,2206,11
2514,16,1834,18,943,32,2216,11
2514,16,1834,18,943,32,2244,11
2514,16,1834,18,943,32,2259,11
2514,16,1834,18,943,32,2261,11
2514,16,1834,18,943,32,2289,11
2514,16,1834,18,943,32,2359,11
2514,16,1834,18,943,32,2370,11
2514,16,1834,18,943,32,2405,11
2514,16,1834,18,1023,42,45,11
2514,16,1834,18,1023,42,159,11
2514,16,1834,18,1023,42,272,11
2514,16,1834,18,1023,42,338,11
2514,16,1834,18,1023,42,390,11
2514,16,1834,18,1023,42,457,11
2514,16,1834,18,1023,42,463,11
2514,16,1834,18,1023,42,620,11
2514,16,1834,18,1023,42,700,11
2514,16,1834,18,1023,42,742,11
2514,16,1834,18,1023,42,758,11
2514,16,1834,18,1023,42,879,11
2514,16,1834,18,1023,42,927,11
2514,16,1834,18,1023,42,979,11
2514,16,1834,18,1023,42,1003,11
2514,16,1834,18,1023,42,1044,11
2514,16,1834,18,1023,42,1068,11
2514,16,1834,18,1023,42,1153,11
2514,16,1834,18,1023,42,1186,11
2514,16,1834,18,1023,42,1194,11
2514,16,1834,18,1023,42,1259,11
2514,16,1834,18,1023,42,1260,11
2514,16,1834,18,1023,42,1312,11
2514,16,1834,18,1023,42,1388,11
2514,16,1834,18,1023,42,1391,11
2514,16,1834,18,1023,42,1422,11
2514,16,1834,18,1023,42,1556,11
2514,16,1834,18,1023,42,1568,11
2514,16,1834,18,1023,42,1599,11
2514,16,1834,18,1023,42,1747,11
2514,16,1834,18,1023,42,1773,11
2514,16,1834,18,1023,42,1799,11
2514,16,1834,18,1023,42,1818,11
2514,16,1834,18,1023,42,1873,11
2514,16,1834,18,1023,42,1940,11
2514,16,1834,18,1023,42,1956,11
2514,16,1834,18,1023,42,1997,11
2514,16,1834,18,1023,42,2068,11
2514,16,1834,18,1023,42,2079,11
2514,16,1834,18,1023,42,2123,11
2514,16,1834,18,1023,42,2196,11
2514,16,1834,18,1023,42,2206,11
2514,16,1834,18,1023,42,2216,11
2514,16,1834,18,1023,42,2244,11
2514,16,1834,18,1023,42,2259,11
2514,16,1834,18,1023,42,2261,11
2514,16,1834,18,1023,42,2289,11
2514,16,1834,18,1023,42,2359,11
2514,16,1834,18,1023,42,2370,11
2514,16,1834,18,1023,42,2405,11
2514,16,1834,18,1034,26,159,11
2514,16,1834,18,1034,26,272,11
2514,16,1834,18,1034,26,457,11
2514,16,1834,18,1034,26,463,11
2514,16,1834,18,1034,26,700,11
2514,16,1834,18,1034,26,879,11
2514,16,1834,18,1034,26,927,11
2514,16,1834,18,1034,26,1003,11
2514,16,1834,18,1034,26,1068,11
2514,16,1834,18,1034,26,1153,11
2514,16,1834,18,1034,26,1194,11
2514,16,1834,18,1034,26,1260,11
2514,16,1834,18,1034,26,1388,11
2514,16,1834,18,1034,26,1391,11
2514,16,1834,18,1034,26,1422,11
2514,16,1834,18,1034,26,1556,11
2514,16,1834,18,1034,26,1568,11
2514,16,1834,18,1034,26,1599,11
2514,16,1834,18,1034,26,1747,11
2514,16,1834,18,1034,26,1818,11
2514,16,1834,18,1034,26,1873,11
2514,16,1834,18,1034,26,1940,11
2514,16,1834,18,1034,26,2068,11
2514,16,1834,18,1034,26,2079,11
2514,16,1834,18,1034,26,2123,11
2514,16,1834,18,1034,26,2196,11
2514,16,1834,18,1034,26,2216,11
2514,16,1834,18,1034,26,2259,11
2514,16,1834,18,1034,26,2370,11
2514,16,1834,18,1034,26,2405,11
2514,16,1834,18,1301,20,45,11
2514,16,1834,18,1301,20,159,11
2514,16,1834,18,1301,20,272,11
2514,16,1834,18,1301,20,338,11
2514,16,1834,18,1301,20,390,11
2514,16,1834,18,1301,20,457,11
2514,16,1834,18,1301,20,463,11
2514,16,1834,18,1301,20,620,11
2514,16,1834,18,1301,20,700,11
2514,16,1834,18,1301,20,742,11
2514,16,1834,18,1301,20,758,11
2514,16,1834,18,1301,20,879,11
2514,16,1834,18,1301,20,927,11
2514,16,1834,18,1301,20,979,11
2514,16,1834,18,1301,20,1003,11
2514,16,1834,18,1301,20,1044,11
2514,16,1834,18,1301,20,1068,11
2514,16,1834,18,1301,20,1153,11
2514,16,1834,18,1301,20,1186,11
2514,16,1834,18,1301,20,1194,11
2514,16,1834,18,1301,20,1259,11
2514,16,1834,18,1301,20,1260,11
2514,16,1834,18,1301,20,1312,11
2514,16,1834,18,1301,20,1388,11
2514,16,1834,18,1301,20,1391,11
2514,16,1834,18,1301,20,1422,11
2514,16,1834,18,1301,20,1556,11
2514,16,1834,18,1301,20,1568,11
2514,16,1834,18,1301,20,1599,11
2514,16,1834,18,1301,20,1747,11
2514,16,1834,18,1301,20,1773,11
2514,16,1834,18,1301,20,1799,11
2514,16,1834,18,1301,20,1818,11
2514,16,1834,18,1301,20,1873,11
2514,16,1834,18,1301,20,1940,11
2514,16,1834,18,1301,20,1956,11
2514,16,1834,18,1301,20,1997,11
2514,16,1834,18,1301,20,2068,11
2514,16,1834,18,1301,20,2079,11
2514,16,1834,18,1301,20,2123,11
2514,16,1834,18,1301,20,2196,11
2514,16,1834,18,1301,20,2206,11
2514,16,1834,18,1301,20,2216,11
2514,16,1834,18,1301,20,2244,11
2514,16,1834,18,1301,20,2259,11
2514,16,1834,18,1301,20,2261,11
2514,16,1834,18,1301,20,2289,11
2514,16,1834,18,1301,20,2359,11
2514,16,1834,18,1301,20,2370,11
2514,16,1834,18,1301,20,2405,11
2514,16,1834,18,1660,45,45,11
2514,16,1834,18,1660,45,159,11
2514,16,1834,18,1660,45,272,11
2514,16,1834,18,1660,45,338,11
2514,16,1834,18,1660,45,390,11
2514,16,1834,18,1660,45,457,11
2514,16,1834,18,1660,45,463,11
2514,16,1834,18,1660,45,620,11
2514,16,1834,18,1660,45,700,11
2514,16,1834,18,1660,45,742,11
2514,16,1834,18,1660,45,758,11
2514,16,1834,18,1660,45,879,11
2514,16,1834,18,1660,45,927,11
2514,16,1834,18,1660,45,979,11
2514,16,1834,18,1660,45,1003,11
2514,16,1834,18,1660,45,1044,11
2514,16,1834,18,1660,45,1068,11
2514,16,1834,18,1660,45,1153,11
2514,16,1834,18,1660,45,1186,11
2514,16,1834,18,1660,45,1194,11
2514,16,1834,18,1660,45,1259,11
2514,16,1834,18,1660,45,1260,11
2514,16,1834,18,1660,45,1312,11
2514,16,1834,18,1660,45,1388,11
2514,16,1834,18,1660,45,1391,11
2514,16,1834,18,1660,45,1422,11
2514,16,1834,18,1660,45,1556,11
2514,16,1834,18,1660,45,1568,11
2514,16,1834,18,1660,45,1599,11
2514,16,1834,18,1660,45,1747,11
2514,16,1834,18,1660,45,1773,11
2514,16,1834,18,1660,45,1799,11
2514,16,1834,18,1660,45,1818,11
2514,16,1834,18,1660,45,1873,11
2514,16,1834,18,1660,45,1940,11
2514,16,1834,18,1660,45,1956,11
2514,16,1834,18,1660,45,1997,11
2514,16,1834,18,1660,45,2068,11
2514,16,1834,18,1660,45,2079,11
2514,16,1834,18,1660,45,2123,11
2514,16,1834,18,1660,45,2196,11
2514,16,1834,18,1660,45,2206,11
2514,16,1834,18,1660,45,2216,11
2514,16,1834,18,1660,45,2244,11
2514,16,1834,18,1660,45,2259,11
2514,16,1834,18,1660,45,2261,11
2514,16,1834,18,1660,45,2289,11
2514,16,1834,18,1660,45,2359,11
2514,16,1834,18,1660,45,2370,11
2514,16,1834,18,1660,45,2405,11
2514,16,1834,18,1671,44,45,11
2514,16,1834,18,1671,44,159,11
2514,16,1834,18,1671,44,272,11
2514,16,1834,18,1671,44,338,11
2514,16,1834,18,1671,44,390,11
2514,16,1834,18,1671,44,457,11
2514,16,1834,18,1671,44,463,11
2514,16,1834,18,1671,44,620,11
2514,16,1834,18,1671,44,700,11
2514,16,1834,18,1671,44,742,11
2514,16,1834,18,1671,44,758,11
2514,16,1834,18,1671,44,879,11
2514,16,1834,18,1671,44,927,11
2514,16,1834,18,1671,44,979,11
2514,16,1834,18,1671,44,1003,11
2514,16,1834,18,1671,44,1044,11
2514,16,1834,18,1671,44,1068,11
2514,16,1834,18,1671,44,1153,11
2514,16,1834,18,1671,44,1186,11
2514,16,1834,18,1671,44,1194,11
2514,16,1834,18,1671,44,1259,11
2514,16,1834,18,1671,44,1260,11
2514,16,1834,18,1671,44,1312,11
2514,16,1834,18,1671,44,1388,11
2514,16,1834,18,1671,44,1391,11
2514,16,1834,18,1671,44,1422,11
2514,16,1834,18,1671,44,1556,11
2514,16,1834,18,1671,44,1568,11
2514,16,1834,18,1671,44,1599,11
2514,16,1834,18,1671,44,1747,11
2514,16,1834,18,1671,44,1773,11
2514,16,1834,18,1671,44,1799,11
2514,16,1834,18,1671,44,1818,11
2514,16,1834,18,1671,44,1873,11
2514,16,1834,18,1671,44,1940,11
2514,16,1834,18,1671,44,1956,11
2514,16,1834,18,1671,44,1997,11
2514,16,1834,18,1671,44,2068,11
2514,16,1834,18,1671,44,2079,11
2514,16,1834,18,1671,44,2123,11
2514,16,1834,18,1671,44,2196,11
2514,16,1834,18,1671,44,2206,11
2514,16,1834,18,1671,44,2216,11
2514,16,1834,18,1671,44,2244,11
2514,16,1834,18,1671,44,2259,11
2514,16,1834,18,1671,44,2261,11
2514,16,1834,18,1671,44,2289,11
2514,16,1834,18,1671,44,2359,11
2514,16,1834,18,1671,44,2370,11
2514,16,1834,18,1671,44,2405,11
2514,16,1834,18,1834,45,45,11
2514,16,1834,18,1834,45,159,11
2514,16,1834,18,1834,45,272,11
2514,16,1834,18,1834,45,338,11
2514,16,1834,18,1834,45,390,11
2514,16,1834,18,1834,45,457,11
2514,16,1834,18,1834,45,463,11
2514,16,1834,18,1834,45,620,11
2514,16,1834,18,1834,45,700,11
2514,16,1834,18,1834,45,742,11
2514,16,1834,18,1834,45,758,11
2514,16,1834,18,1834,45,879,11
2514,16,1834,18,1834,45,927,11
2514,16,1834,18,1834,45,979,11
2514,16,1834,18,1834,45,1003,11
2514,16,1834,18,1834,45,1044,11
2514,16,1834,18,1834,45,1068,11
2514,16,1834,18,1834,45,1153,11
2514,16,1834,18,1834,45,1186,11
2514,16,1834,18,1834,45,1194,11
2514,16,1834,18,1834,45,1259,11
2514,16,1834,18,1834,45,1260,11
2514,16,1834,18,1834,45,1312,11
2514,16,1834,18,1834,45,1388,11
2514,16,1834,18,1834,45,1391,11
2514,16,1834,18,1834,45,1422,11
2514,16,1834,18,1834,45,1556,11
2514,16,1834,18,1834,45,1568,11
2514,16,1834,18,1834,45,1599,11
2514,16,1834,18,1834,45,1747,11
2514,16,1834,18,1834,45,1773,11
2514,16,1834,18,1834,45,1799,11
2514,16,1834,18,1834,45,1818,11
2514,16,1834,18,1834,45,1873,11
2514,16,1834,18,1834,45,1940,11
2514,16,1834,18,1834,45,1956,11
2514,16,1834,18,1834,45,1997,11
2514,16,1834,18,1834,45,2068,11
2514,16,1834,18,1834,45,2079,11
2514,16,1834,18,1834,45,2123,11
2514,16,1834,18,1834,45,2196,11
2514,16,1834,18,1834,45,2206,11
2514,16,1834,18,1834,45,2216,11
2514,16,1834,18,1834,45,2244,11
2514,16,1834,18,1834,45,2259,11
2514,16,1834,18,1834,45,2261,11
2514,16,1834,18,1834,45,2289,11
2514,16,1834,18,1834,45,2359,11
2514,16,1834,18,1834,45,2370,11
2514,16,1834,18,1834,45,2405,11
2514,16,1834,18,1925,31,45,11
2514,16,1834,18,1925,31,159,11
2514,16,1834,18,1925,31,272,11
2514,16,1834,18,1925,31,338,11
2514,16,1834,18,1925,31,390,11
2514,16,1834,18,1925,31,457,11
2514,16,1834,18,1925,31,463,11
2514,16,1834,18,1925,31,620,11
2514,16,1834,18,1925,31,700,11
2514,16,1834,18,1925,31,742,11
2514,16,1834,18,1925,31,758,11
2514,16,1834,18,1925,31,879,11
2514,16,1834,18,1925,31,927,11
2514,16,1834,18,1925,31,979,11
2514,16,1834,18,1925,31,1003,11
2514,16,1834,18,1925,31,1044,11
2514,16,1834,18,1925,31,1068,11
2514,16,1834,18,1925,31,1153,11
2514,16,1834,18,1925,31,1186,11
2514,16,1834,18,1925,31,1194,11
2514,16,1834,18,1925,31,1259,11
2514,16,1834,18,1925,31,1260,11
2514,16,1834,18,1925,31,1312,11
2514,16,1834,18,1925,31,1388,11
2514,16,1834,18,1925,31,1391,11
2514,16,1834,18,1925,31,1422,11
2514,16,1834,18,1925,31,1556,11
2514,16,1834,18,1925,31,1568,11
2514,16,1834,18,1925,31,1599,11
2514,16,1834,18,1925,31,1747,11
2514,16,1834,18,1925,31,1773,11
2514,16,1834,18,1925,31,1799,11
2514,16,1834,18,1925,31,1818,11
2514,16,1834,18,1925,31,1873,11
2514,16,1834,18,1925,31,1940,11
2514,16,1834,18,1925,31,1956,11
2514,16,1834,18,1925,31,1997,11
2514,16,1834,18,1925,31,2068,11
2514,16,1834,18,1925,31,2079,11
2514,16,1834,18,1925,31,2123,11
2514,16,1834,18,1925,31,2196,11
2514,16,1834,18,1925,31,2206,11
2514,16,1834,18,1925,31,2216,11
2514,16,1834,18,1925,31,2244,11
2514,16,1834,18,1925,31,2259,11
2514,16,1834,18,1925,31,2261,11
2514,16,1834,18,1925,31,2289,11
2514,16,1834,18,1925,31,2359,11
2514,16,1834,18,1925,31,2370,11
2514,16,1834,18,1925,31,2405,11
2514,16,1834,18,1989,21,45,11
2514,16,1834,18,1989,21,159,11
2514,16,1834,18,1989,21,272,11
2514,16,1834,18,1989,21,338,11
2514,16,1834,18,1989,21,390,11
2514,16,1834,18,1989,21,457,11
2514,16,1834,18,1989,21,463,11
2514,16,1834,18,1989,21,620,11
2514,16,1834,18,1989,21,700,11
2514,16,1834,18,1989,21,742,11
2514,16,1834,18,1989,21,758,11
2514,16,1834,18,1989,21,879,11
2514,16,1834,18,1989,21,927,11
2514,16,1834,18,1989,21,979,11
2514,16,1834,18,1989,21,1003,11
2514,16,1834,18,1989,21,1044,11
2514,16,1834,18,1989,21,1068,11
2514,16,1834,18,1989,21,1153,11
2514,16,1834,18,1989,21,1186,11
2514,16,1834,18,1989,21,1194,11
2514,16,1834,18,1989,21,1259,11
2514,16,1834,18,1989,21,1260,11
2514,16,1834,18,1989,21,1312,11
2514,16,1834,18,1989,21,1388,11
2514,16,1834,18,1989,21,1391,11
2514,16,1834,18,1989,21,1422,11
2514,16,1834,18,1989,21,1556,11
2514,16,1834,18,1989,21,1568,11
2514,16,1834,18,1989,21,1599,11
2514,16,1834,18,1989,21,1747,11
2514,16,1834,18,1989,21,1773,11
2514,16,1834,18,1989,21,1799,11
2514,16,1834,18,1989,21,1818,11
2514,16,1834,18,1989,21,1873,11
2514,16,1834,18,1989,21,1940,11
2514,16,1834,18,1989,21,1956,11
2514,16,1834,18,1989,21,1997,11
2514,16,1834,18,1989,21,2068,11
2514,16,1834,18,1989,21,2079,11
2514,16,1834,18,1989,21,2123,11
2514,16,1834,18,1989,21,2196,11
2514,16,1834,18,1989,21,2206,11
2514,16,1834,18,1989,21,2216,11
2514,16,1834,18,1989,21,2244,11
2514,16,1834,18,1989,21,2259,11
2514,16,1834,18,1989,21,2261,11
2514,16,1834,18,1989,21,2289,11
2514,16,1834,18,1989,21,2359,11
2514,16,1834,18,1989,21,2370,11
2514,16,1834,18,1989,21,2405,11
