2514,16,1542,16,437,38,45,11
2514,16,1542,16,437,38,159,11
2514,16,1542,16,437,38,272,11
2514,16,1542,16,437,38,338,11
2514,16,1542,16,437,38,390,11
2514,16,1542,16,437,38,457,11
2514,16,1542,16,437,38,463,11
2514,16,1542,16,437,38,620,11
2514,16,1542,16,437,38,700,11
2514,16,1542,16,437,38,742,11
2514,16,1542,16,437,38,758,11
2514,16,1542,16,437,38,879,11
2514,16,1542,16,437,38,927,11
2514,16,1542,16,437,38,979,11
2514,16,1542,16,437,38,1003,11
2514,16,1542,16,437,38,1044,11
2514,16,1542,16,437,38,1068,11
2514,16,1542,16,437,38,1153,11
2514,16,1542,16,437,38,1186,11
2514,16,1542,16,437,38,1194,11
2514,16,1542,16,437,38,1259,11
2514,16,1542,16,437,38,1260,11
2514,16,1542,16,437,38,1312,11
2514,16,1542,16,437,38,1388,11
2514,16,1542,16,437,38,1391,11
2514,16,1542,16,437,38,1422,11
2514,16,1542,16,437,38,1556,11
2514,16,1542,16,437,38,1568,11
2514,16,1542,16,437,38,1599,11
2514,16,1542,16,437,38,1747,11
2514,16,1542,16,437,38,1773,11
2514,16,1542,16,437,38,1799,11
2514,16,1542,16,437,38,1818,11
2514,16,1542,16,437,38,1873,11
2514,16,1542,16,437,38,1940,11
2514,16,1542,16,437,38,1956,11
2514,16,1542,16,437,38,1997,11
2514,16,1542,16,437,38,2068,11
2514,16,1542,16,437,38,2079,11
2514,16,1542,16,437,38,2123,11
2514,16,1542,16,437,38,2196,11
2514,16,1542,16,437,38,2206,11
2514,16,1542,16,437,38,2216,11
2514,16,1542,16,437,38,2244,11
2514,16,1542,16,437,38,2259,11
2514,16,1542,16,437,38,2261,11
2514,16,1542,16,437,38,2289,11
2514,16,1542,16,437,38,2359,11
2514,16,1542,16,437,38,2370,11
2514,16,1542,16,437,38,2405,11
2514,16,1542,16,505,42,45,11
2514,16,1542,16,505,42,159,11
2514,16,1542,16,505,42,272,11
2514,16,1542,16,505,42,338,11
2514,16,1542,16,505,42,390,11
2514,16,1542,16,505,42,457,11
2514,16,1542,16,505,42,463,11
2514,16,1542,16,505,42,620,11
2514,16,1542,16,505,42,700,11
2514,16,1542,16,505,42,742,11
2514,16,1542,16,505,42,758,11
2514,16,1542,16,505,42,879,11
2514,16,1542,16,505,42,927,11
2514,16,1542,16,505,42,979,11
2514,16,1542,16,505,42,1003,11
2514,16,1542,16,505,42,1044,11
2514,16,1542,16,505,42,1068,11
2514,16,1542,16,505,42,1153,11
2514,16,1542,16,505,42,1186,11
2514,16,1542,16,505,42,1194,11
2514,16,1542,16,505,42,1259,11
2514,16,1542,16,505,42,1260,11
2514,16,1542,16,505,42,1312,11
2514,16,1542,16,505,42,1388,11
2514,16,1542,16,505,42,1391,11
2514,16,1542,16,505,42,1422,11
2514,16,1542,16,505,42,1556,11
2514,16,1542,16,505,42,1568,11
2514,16,1542,16,505,42,1599,11
2514,16,1542,16,505,42,1747,11
2514,16,1542,16,505,42,1773,11
2514,16,1542,16,505,42,1799,11
2514,16,1542,16,505,42,1818,11
2514,16,1542,16,505,42,1873,11
2514,16,1542,16,505,42,1940,11
2514,16,1542,16,505,42,1956,11
2514,16,1542,16,505,42,1997,11
2514,16,1542,16,505,42,2068,11
2514,16,1542,16,505,42,2079,11
2514,16,1542,16,505,42,2123,11
2514,16,1542,16,505,42,2196,11
2514,16,1542,16,505,42,2206,11
2514,16,1542,16,505,42,2216,11
2514,16,1542,16,505,42,2244,11
2514,16,1542,16,505,42,2259,11
2514,16,1542,16,505,42,2261,11
2514,16,1542,16,505,42,2289,11
2514,16,1542,16,505,42,2359,11
2514,16,1542,16,505,42,2370,11
2514,16,1542,16,505,42,2405,11
2514,16,1542,16,599,45,45,11
2514,16,1542,16,599,45,159,11
2514,16,1542,16,599,45,272,11
2514,16,1542,16,599,45,338,11
2514,16,1542,16,599,45,390,11
2514,16,1542,16,599,45,457,11
2514,16,1542,16,599,45,463,11
2514,16,1542,16,599,45,620,11
2514,16,1542,16,599,45,700,11
2514,16,1542,16,599,45,742,11
2514,16,1542,16,599,45,758,11
2514,16,1542,16,599,45,879,11
2514,16,1542,16,599,45,927,11
2514,16,1542,16,599,45,979,11
2514,16,1542,16,599,45,1003,11
2514,16,1542,16,599,45,1044,11
2514,16,1542,16,599,45,1068,11
2514,16,1542,16,599,45,1153,11
2514,16,1542,16,599,45,1186,11
2514,16,1542,16,599,45,1194,11
2514,16,1542,16,599,45,1259,11
2514,16,1542,16,599,45,1260,11
2514,16,1542,16,599,45,1312,11
2514,16,1542,16,599,45,1388,11
2514,16,1542,16,599,45,1391,11
2514,16,1542,16,599,45,1422,11
2514,16,1542,16,599,45,1556,11
2514,16,1542,16,599,45,1568,11
2514,16,1542,16,599,45,1599,11
2514,16,1542,16,599,45,1747,11
2514,16,1542,16,599,45,1773,11
2514,16,1542,16,599,45,1799,11
2514,16,1542,16,599,45,1818,11
2514,16,1542,16,599,45,1873,11
2514,16,1542,16,599,45,1940,11
2514,16,1542,16,599,45,1956,11
2514,16,1542,16,599,45,1997,11
2514,16,1542,16,599,45,2068,11
2514,16,1542,16,599,45,2079,11
2514,16,1542,16,599,45,2123,11
2514,16,1542,16,599,45,2196,11
2514,16,1542,16,599,45,2206,11
2514,16,1542,16,599,45,2216,11
2514,16,1542,16,599,45,2244,11
2514,16,1542,16,599,45,2259,11
2514,16,1542,16,599,45,2261,11
2514,16,1542,16,599,45,2289,11
2514,16,1542,16,599,45,2359,11
2514,16,1542,16,599,45,2370,11
2514,16,1542,16,599,45,2405,11
2514,16,1542,16,625,45,45,11
2514,16,1542,16,625,45,159,11
2514,16,1542,16,625,45,272,11
2514,16,1542,16,625,45,338,11
2514,16,1542,16,625,45,390,11
2514,16,1542,16,625,45,457,11
2514,16,1542,16,625,45,463,11
2514,16,1542,16,625,45,620,11
2514,16,1542,16,625,45,700,11
2514,16,1542,16,625,45,742,11
2514,16,1542,16,625,45,758,11
2514,16,1542,16,625,45,879,11
2514,16,1542,16,625,45,927,11
2514,16,1542,16,625,45,979,11
2514,16,1542,16,625,45,1003,11
2514,16,1542,16,625,45,1044,11
2514,16,1542,16,625,45,1068,11
2514,16,1542,16,625,45,1153,11
2514,16,1542,16,625,45,1186,11
2514,16,1542,16,625,45,1194,11
2514,16,1542,16,625,45,1259,11
2514,16,1542,16,625,45,1260,11
2514,16,1542,16,625,45,1312,11
2514,16,1542,16,625,45,1388,11
2514,16,1542,16,625,45,1391,11
2514,16,1542,16,625,45,1422,11
2514,16,1542,16,625,45,1556,11
2514,16,1542,16,625,45,1568,11
2514,16,1542,16,625,45,1599,11
2514,16,1542,16,625,45,1747,11
2514,16,1542,16,625,45,1773,11
2514,16,1542,16,625,45,1799,11
2514,16,1542,16,625,45,1818,11
2514,16,1542,16,625,45,1873,11
2514,16,1542,16,625,45,1940,11
2514,16,1542,16,625,45,1956,11
2514,16,1542,16,625,45,1997,11
2514,16,1542,16,625,45,2068,11
2514,16,1542,16,625,45,2079,11
2514,16,1542,16,625,45,2123,11
2514,16,1542,16,625,45,2196,11
2514,16,1542,16,625,45,2206,11
2514,16,1542,16,625,45,2216,11
2514,16,1542,16,625,45,2244,11
2514,16,1542,16,625,45,2259,11
2514,16,1542,16,625,45,2261,11
2514,16,1542,16,625,45,2289,11
2514,16,1542,16,625,45,2359,11
2514,16,1542,16,625,45,2370,11
2514,16,1542,16,625,45,2405,11
2514,16,1542,16,654,35,45,11
2514,16,1542,16,654,35,159,11
2514,16,1542,16,654,35,272,11
2514,16,1542,16,654,35,338,11
2514,16,1542,16,654,35,390,11
2514,16,1542,16,654,35,457,11
2514,16,1542,16,654,35,463,11
2514,16,1542,16,654,35,620,11
2514,16,1542,16,654,35,700,11
2514,16,1542,16,654,35,742,11
2514,16,1542,16,654,35,758,11
2514,16,1542,16,654,35,879,11
2514,16,1542,16,654,35,927,11
2514,16,1542,16,654,35,979,11
2514,16,1542,16,654,35,1003,11
2514,16,1542,16,654,35,1044,11
2514,16,1542,16,654,35,1068,11
2514,16,1542,16,654,35,1153,11
2514,16,1542,16,654,35,1186,11
2514,16,1542,16,654,35,1194,11
2514,16,1542,16,654,35,1259,11
2514,16,1542,16,654,35,1260,11
2514,16,1542,16,654,35,1312,11
2514,16,1542,16,654,35,1388,11
2514,16,1542,16,654,35,1391,11
2514,16,1542,16,654,35,1422,11
2514,16,1542,16,654,35,1556,11
2514,16,1542,16,654,35,1568,11
2514,16,1542,16,654,35,1599,11
2514,16,1542,16,654,35,1747,11
2514,16,1542,16,654,35,1773,11
2514,16,1542,16,654,35,1799,11
2514,16,1542,16,654,35,1818,11
2514,16,1542,16,654,35,1873,11
2514,16,1542,16,654,35,1940,11
2514,16,1542,16,654,35,1956,11
2514,16,1542,16,654,35,1997,11
2514,16,1542,16,654,35,2068,11
2514,16,1542,16,654,35,2079,11
2514,16,1542,16,654,35,2123,11
2514,16,1542,16,654,35,2196,11
2514,16,1542,16,654,35,2206,11
2514,16,1542,16,654,35,2216,11
2514,16,1542,16,654,35,2244,11
2514,16,1542,16,654,35,2259,11
2514,16,1542,16,654,35,2261,11
2514,16,1542,16,654,35,2289,11
2514,16,1542,16,654,35,2359,11
2514,16,1542,16,654,35,2370,11
2514,16,1542,16,654,35,2405,11
2514,16,1542,16,879,39,45,11
2514,16,1542,16,879,39,159,11
2514,16,1542,16,879,39,272,11
2514,16,1542,16,879,39,338,11
2514,16,1542,16,879,39,390,11
2514,16,1542,16,879,39,457,11
2514,16,1542,16,879,39,463,11
2514,16,1542,16,879,39,620,11
2514,16,1542,16,879,39,700,11
2514,16,1542,16,879,39,742,11
2514,16,1542,16,879,39,758,11
2514,16,1542,16,879,39,879,11
2514,16,1542,16,879,39,927,11
2514,16,1542,16,879,39,979,11
2514,16,1542,16,879,39,1003,11
2514,16,1542,16,879,39,1044,11
2514,16,1542,16,879,39,1068,11
2514,16,1542,16,879,39,1153,11
2514,16,1542,16,879,39,1186,11
2514,16,1542,16,879,39,1194,11
2514,16,1542,16,879,39,1259,11
2514,16,1542,16,879,39,1260,11
2514,16,1542,16,879,39,1312,11
2514,16,1542,16,879,39,1388,11
2514,16,1542,16,879,39,1391,11
2514,16,1542,16,879,39,1422,11
2514,16,1542,16,879,39,1556,11
2514,16,1542,16,879,39,1568,11
2514,16,1542,16,879,39,1599,11
2514,16,1542,16,879,39,1747,11
2514,16,1542,16,879,39,1773,11
2514,16,1542,16,879,39,1799,11
2514,16,1542,16,879,39,1818,11
2514,16,1542,16,879,39,1873,11
2514,16,1542,16,879,39,1940,11
2514,16,1542,16,879,39,1956,11
2514,16,1542,16,879,39,1997,11
2514,16,1542,16,879,39,2068,11
2514,16,1542,16,879,39,2079,11
2514,16,1542,16,879,39,2123,11
2514,16,1542,16,879,39,2196,11
2514,16,1542,16,879,39,2206,11
2514,16,1542,16,879,39,2216,11
2514,16,1542,16,879,39,2244,11
2514,16,1542,16,879,39,2259,11
2514,16,1542,16,879,39,2261,11
2514,16,1542,16,879,39,2289,11
2514,16,1542,16,879,39,2359,11
2514,16,1542,16,879,39,2370,11
2514,16,1542,16,879,39,2405,11
2514,16,1542,16,1027,15,159,11
2514,16,1542,16,1027,15,457,11
2514,16,1542,16,1027,15,463,11
2514,16,1542,16,1027,15,700,11
2514,16,1542,16,1027,15,879,11
2514,16,1542,16,1027,15,927,11
2514,16,1542,16,1027,15,1003,11
2514,16,1542,16,1027,15,1153,11
2514,16,1542,16,1027,15,1194,11
2514,16,1542,16,1027,15,1388,11
2514,16,1542,16,1027,15,1556,11
2514,16,1542,16,1027,15,1568,11
2514,16,1542,16,1027,15,1599,11
2514,16,1542,16,1027,15,1818,11
2514,16,1542,16,1027,15,1873,11
2514,16,1542,16,1027,15,1940,11
2514,16,1542,16,1027,15,2123,11
2514,16,1542,16,1027,15,2196,11
2514,16,1542,16,1027,15,2216,11
2514,16,1542,16,1027,15,2370,11
2514,16,1542,16,1056,45,45,11
2514,16,1542,16,1056,45,159,11
2514,16,1542,16,1056,45,272,11
2514,16,1542,16,1056,45,338,11
2514,16,1542,16,1056,45,390,11
2514,16,1542,16,1056,45,457,11
2514,16,1542,16,1056,45,463,11
2514,16,1542,16,1056,45,620,11
2514,16,1542,16,1056,45,700,11
2514,16,1542,16,1056,45,742,11
2514,16,1542,16,1056,45,758,11
2514,16,1542,16,1056,45,879,11
2514,16,1542,16,1056,45,927,11
2514,16,1542,16,1056,45,979,11
2514,16,1542,16,1056,45,1003,11
2514,16,1542,16,1056,45,1044,11
2514,16,1542,16,1056,45,1068,11
2514,16,1542,16,1056,45,1153,11
2514,16,1542,16,1056,45,1186,11
2514,16,1542,16,1056,45,1194,11
2514,16,1542,16,1056,45,1259,11
2514,16,1542,16,1056,45,1260,11
2514,16,1542,16,1056,45,1312,11
2514,16,1542,16,1056,45,1388,11
2514,16,1542,16,1056,45,1391,11
2514,16,1542,16,1056,45,1422,11
2514,16,1542,16,1056,45,1556,11
2514,16,1542,16,1056,45,1568,11
2514,16,1542,16,1056,45,1599,11
2514,16,1542,16,1056,45,1747,11
2514,16,1542,16,1056,45,1773,11
2514,16,1542,16,1056,45,1799,11
2514,16,1542,16,1056,45,1818,11
2514,16,1542,16,1056,45,1873,11
2514,16,1542,16,1056,45,1940,11
2514,16,1542,16,1056,45,1956,11
2514,16,1542,16,1056,45,1997,11
2514,16,1542,16,1056,45,2068,11
2514,16,1542,16,1056,45,2079,11
2514,16,1542,16,1056,45,2123,11
2514,16,1542,16,1056,45,2196,11
2514,16,1542,16,1056,45,2206,11
2514,16,1542,16,1056,45,2216,11
2514,16,1542,16,1056,45,2244,11
2514,16,1542,16,1056,45,2259,11
2514,16,1542,16,1056,45,2261,11
2514,16,1542,16,1056,45,2289,11
2514,16,1542,16,1056,45,2359,11
2514,16,1542,16,1056,45,2370,11
2514,16,1542,16,1056,45,2405,11
2514,16,1542,16,1098,22,45,11
2514,16,1542,16,1098,22,159,11
2514,16,1542,16,1098,22,272,11
2514,16,1542,16,1098,22,338,11
2514,16,1542,16,1098,22,390,11
2514,16,1542,16,1098,22,457,11
2514,16,1542,16,1098,22,463,11
2514,16,1542,16,1098,22,620,11
2514,16,1542,16,1098,22,700,11
2514,16,1542,16,1098,22,742,11
2514,16,1542,16,1098,22,758,11
2514,16,1542,16,1098,22,879,11
2514,16,1542,16,1098,22,927,11
2514,16,1542,16,1098,22,979,11
2514,16,1542,16,1098,22,1003,11
2514,16,1542,16,1098,22,1044,11
2514,16,1542,16,1098,22,1068,11
2514,16,1542,16,1098,22,1153,11
2514,16,1542,16,1098,22,1186,11
2514,16,1542,16,1098,22,1194,11
2514,16,1542,16,1098,22,1259,11
2514,16,1542,16,1098,22,1260,11
2514,16,1542,16,1098,22,1312,11
2514,16,1542,16,1098,22,1388,11
2514,16,1542,16,1098,22,1391,11
2514,16,1542,16,1098,22,1422,11
2514,16,1542,16,1098,22,1556,11
2514,16,1542,16,1098,22,1568,11
2514,16,1542,16,1098,22,1599,11
2514,16,1542,16,1098,22,1747,11
2514,16,1542,16,1098,22,1773,11
2514,16,1542,16,1098,22,1799,11
2514,16,1542,16,1098,22,1818,11
2514,16,1542,16,1098,22,1873,11
2514,16,1542,16,1098,22,1940,11
2514,16,1542,16,1098,22,1956,11
2514,16,1542,16,1098,22,1997,11
2514,16,1542,16,1098,22,2068,11
2514,16,1542,16,1098,22,2079,11
2514,16,1542,16,1098,22,2123,11
2514,16,1542,16,1098,22,2196,11
2514,16,1542,16,1098,22,2206,11
2514,16,1542,16,1098,22,2216,11
2514,16,1542,16,1098,22,2244,11
2514,16,1542,16,1098,22,2259,11
2514,16,1542,16,1098,22,2261,11
2514,16,1542,16,1098,22,2289,11
2514,16,1542,16,1098,22,2359,11
2514,16,1542,16,1098,22,2370,11
2514,16,1542,16,1098,22,2405,11
2514,16,1542,16,1173,16,45,11
2514,16,1542,16,1173,16,338,11
2514,16,1542,16,1173,16,390,11
2514,16,1542,16,1173,16,620,11
2514,16,1542,16,1173,16,742,11
2514,16,1542,16,1173,16,758,11
2514,16,1542,16,1173,16,979,11
2514,16,1542,16,1173,16,1044,11
2514,16,1542,16,1173,16,1186,11
2514,16,1542,16,1173,16,1259,11
2514,16,1542,16,1173,16,1312,11
2514,16,1542,16,1173,16,1773,11
2514,16,1542,16,1173,16,1799,11
2514,16,1542,16,1173,16,1956,11
2514,16,1542,16,1173,16,1997,11
2514,16,1542,16,1173,16,2206,11
2514,16,1542,16,1173,16,2244,11
2514,16,1542,16,1173,16,2261,11
2514,16,1542,16,1173,16,2289,11
2514,16,1542,16,1173,16,2359,11
2514,16,1542,16,1293,49,45,11
2514,16,1542,16,1293,49,159,11
2514,16,1542,16,1293,49,272,11
2514,16,1542,16,1293,49,338,11
2514,16,1542,16,1293,49,390,11
2514,16,1542,16,1293,49,457,11
2514,16,1542,16,1293,49,463,11
2514,16,1542,16,1293,49,620,11
2514,16,1542,16,1293,49,700,11
2514,16,1542,16,1293,49,742,11
2514,16,1542,16,1293,49,758,11
2514,16,1542,16,1293,49,879,11
2514,16,1542,16,1293,49,927,11
2514,16,1542,16,1293,49,979,11
2514,16,1542,16,1293,49,1003,11
2514,16,1542,16,1293,49,1044,11
2514,16,1542,16,1293,49,1068,11
2514,16,1542,16,1293,49,1153,11
2514,16,1542,16,1293,49,1186,11
2514,16,1542,16,1293,49,1194,11
2514,16,1542,16,1293,49,1259,11
2514,16,1542,16,1293,49,1260,11
2514,16,1542,16,1293,49,1312,11
2514,16,1542,16,1293,49,1388,11
2514,16,1542,16,1293,49,1391,11
2514,16,1542,16,1293,49,1422,11
2514,16,1542,16,1293,49,1556,11
2514,16,1542,16,1293,49,1568,11
2514,16,1542,16,1293,49,1599,11
2514,16,1542,16,1293,49,1747,11
2514,16,1542,16,1293,49,1773,11
2514,16,1542,16,1293,49,1799,11
2514,16,1542,16,1293,49,1818,11
2514,16,1542,16,1293,49,1873,11
2514,16,1542,16,1293,49,1940,11
2514,16,1542,16,1293,49,1956,11
2514,16,1542,16,1293,49,1997,11
2514,16,1542,16,1293,49,2068,11
2514,16,1542,16,1293,49,2079,11
2514,16,1542,16,1293,49,2123,11
2514,16,1542,16,1293,49,2196,11
2514,16,1542,16,1293,49,2206,11
2514,16,1542,16,1293,49,2216,11
2514,16,1542,16,1293,49,2244,11
2514,16,1542,16,1293,49,2259,11
2514,16,1542,16,1293,49,2261,11
2514,16,1542,16,1293,49,2289,11
2514,16,1542,16,1293,49,2359,11
2514,16,1542,16,1293,49,2370,11
2514,16,1542,16,1293,49,2405,11
2514,16,1542,16,1427,37,45,11
2514,16,1542,16,1427,37,159,11
2514,16,1542,16,1427,37,272,11
2514,16,1542,16,1427,37,338,11
2514,16,1542,16,1427,37,390,11
2514,16,1542,16,1427,37,457,11
2514,16,1542,16,1427,37,463,11
2514,16,1542,16,1427,37,620,11
2514,16,1542,16,1427,37,700,11
2514,16,1542,16,1427,37,742,11
2514,16,1542,16,1427,37,758,11
2514,16,1542,16,1427,37,879,11
2514,16,1542,16,1427,37,927,11
2514,16,1542,16,1427,37,979,11
2514,16,1542,16,1427,37,1003,11
2514,16,1542,16,1427,37,1044,11
2514,16,1542,16,1427,37,1068,11
2514,16,1542,16,1427,37,1153,11
2514,16,1542,16,1427,37,1186,11
2514,16,1542,16,1427,37,1194,11
2514,16,1542,16,1427,37,1259,11
2514,16,1542,16,1427,37,1260,11
2514,16,1542,16,1427,37,1312,11
2514,16,1542,16,1427,37,1388,11
2514,16,1542,16,1427,37,1391,11
2514,16,1542,16,1427,37,1422,11
2514,16,1542,16,1427,37,1556,11
2514,16,1542,16,1427,37,1568,11
2514,16,1542,16,1427,37,1599,11
2514,16,1542,16,1427,37,1747,11
2514,16,1542,16,1427,37,1773,11
2514,16,1542,16,1427,37,1799,11
2514,16,1542,16,1427,37,1818,11
2514,16,1542,16,1427,37,1873,11
2514,16,1542,16,1427,37,1940,11
2514,16,1542,16,1427,37,1956,11
2514,16,1542,16,1427,37,1997,11
2514,16,1542,16,1427,37,2068,11
2514,16,1542,16,1427,37,2079,11
2514,16,1542,16,1427,37,2123,11
2514,16,1542,16,1427,37,2196,11
2514,16,1542,16,1427,37,2206,11
2514,16,1542,16,1427,37,2216,11
2514,16,1542,16,1427,37,2244,11
2514,16,1542,16,1427,37,2259,11
2514,16,1542,16,1427,37,2261,11
2514,16,1542,16,1427,37,2289,11
2514,16,1542,16,1427,37,2359,11
2514,16,1542,16,1427,37,2370,11
2514,16,1542,16,1427,37,2405,11
2514,16,1542,16,1860,13,45,11
2514,16,1542,16,1860,13,159,11
2514,16,1542,16,1860,13,272,11
2514,16,1542,16,1860,13,338,11
2514,16,1542,16,1860,13,390,11
2514,16,1542,16,1860,13,457,11
2514,16,1542,16,1860,13,463,11
2514,16,1542,16,1860,13,620,11
2514,16,1542,16,1860,13,700,11
2514,16,1542,16,1860,13,742,11
2514,16,1542,16,1860,13,758,11
2514,16,1542,16,1860,13,879,11
2514,16,1542,16,1860,13,927,11
2514,16,1542,16,1860,13,979,11
2514,16,1542,16,1860,13,1003,11
2514,16,1542,16,1860,13,1044,11
2514,16,1542,16,1860,13,1068,11
2514,16,1542,16,1860,13,1153,11
2514,16,1542,16,1860,13,1186,11
2514,16,1542,16,1860,13,1194,11
2514,16,1542,16,1860,13,1259,11
2514,16,1542,16,1860,13,1260,11
2514,16,1542,16,1860,13,1312,11
2514,16,1542,16,1860,13,1388,11
2514,16,1542,16,1860,13,1391,11
2514,16,1542,16,1860,13,1422,11
2514,16,1542,16,1860,13,1556,11
2514,16,1542,16,1860,13,1568,11
2514,16,1542,16,1860,13,1599,11
2514,16,1542,16,1860,13,1747,11
2514,16,1542,16,1860,13,1773,11
2514,16,1542,16,1860,13,1799,11
2514,16,1542,16,1860,13,1818,11
2514,16,1542,16,1860,13,1873,11
2514,16,1542,16,1860,13,1940,11
2514,16,1542,16,1860,13,1956,11
2514,16,1542,16,1860,13,1997,11
2514,16,1542,16,1860,13,2068,11
2514,16,1542,16,1860,13,2079,11
2514,16,1542,16,1860,13,2123,11
2514,16,1542,16,1860,13,2196,11
2514,16,1542,16,1860,13,2206,11
2514,16,1542,16,1860,13,2216,11
2514,16,1542,16,1860,13,2244,11
2514,16,1542,16,1860,13,2259,11
2514,16,1542,16,1860,13,2261,11
2514,16,1542,16,1860,13,2289,11
2514,16,1542,16,1860,13,2359,11
2514,16,1542,16,1860,13,2370,11
2514,16,1542,16,1860,13,2405,11
2514,16,1542,16,1952,48,45,11
2514,16,1542,16,1952,48,159,11
2514,16,1542,16,1952,48,272,11
2514,16,1542,16,1952,48,338,11
2514,16,1542,16,1952,48,390,11
2514,16,1542,16,1952,48,457,11
2514,16,1542,16,1952,48,463,11
2514,16,1542,16,1952,48,620,11
2514,16,1542,16,1952,48,700,11
2514,16,1542,16,1952,48,742,11
2514,16,1542,16,1952,48,758,11
2514,16,1542,16,1952,48,879,11
2514,16,1542,16,1952,48,927,11
2514,16,1542,16,1952,48,979,11
2514,16,1542,16,1952,48,1003,11
2514,16,1542,16,1952,48,1044,11
2514,16,1542,16,1952,48,1068,11
2514,16,1542,16,1952,48,1153,11
2514,16,1542,16,1952,48,1186,11
2514,16,1542,16,1952,48,1194,11
2514,16,1542,16,1952,48,1259,11
2514,16,1542,16,1952,48,1260,11
2514,16,1542,16,1952,48,1312,11
2514,16,1542,16,1952,48,1388,11
2514,16,1542,16,1952,48,1391,11
2514,16,1542,16,1952,48,1422,11
2514,16,1542,16,1952,48,1556,11
2514,16,1542,16,1952,48,1568,11
2514,16,1542,16,1952,48,1599,11
2514,16,1542,16,1952,48,1747,11
2514,16,1542,16,1952,48,1773,11
2514,16,1542,16,1952,48,1799,11
2514,16,1542,16,1952,48,1818,11
2514,16,1542,16,1952,48,1873,11
2514,16,1542,16,1952,48,1940,11
2514,16,1542,16,1952,48,1956,11
2514,16,1542,16,1952,48,1997,11
2514,16,1542,16,1952,48,2068,11
2514,16,1542,16,1952,48,2079,11
2514,16,1542,16,1952,48,2123,11
2514,16,1542,16,1952,48,2196,11
2514,16,1542,16,1952,48,2206,11
2514,16,1542,16,1952,48,2216,11
2514,16,1542,16,1952,48,2244,11
2514,16,1542,16,1952,48,2259,11
2514,16,1542,16,1952,48,2261,11
2514,16,1542,16,1952,48,2289,11
2514,16,1542,16,1952,48,2359,11
2514,16,1542,16,1952,48,2370,11
2514,16,1542,16,1952,48,2405,11
