92,189,109
22,148,27
132,79,34
72,17,68
52,95,135
32,40,61
22,38,169
82,71,52
12,93,143
172,196,200
102,22,152
112,5,75
22,147,75
192,0,29
82,62,142
112,17,48
172,100,35
12,18,57
32,166,193
22,33,99
112,108,46
72,158,39
172,100,92
162,4,38
122,75,194
142,199,174
192,69,150
32,191,125
2,17,5
32,117,47
152,18,176
152,100,140
62,126,169
32,2,192
82,7,18
162,101,40
72,169,54
2,19,139
52,108,164
52,83,167
192,54,45
152,102,135
62,82,20
102,132,136
102,48,155
132,120,150
92,90,184
2,159,9
112,38,124
122,107,12
52,133,135
162,146,23
132,184,119
12,80,128
132,159,61
82,36,40
122,1,191
12,27,7
132,80,98
2,7,57
132,129,139
42,52,160
122,36,51
42,184,182
192,166,137
172,132,74
72,27,4
2,145,116
182,160,36
192,57,113
42,158,111
132,59,26
32,65,182
22,7,195
82,12,128
112,2,73
62,32,186
172,156,184
32,148,20
172,169,36
102,16,142
182,96,35
42,117,184
2,14,60
172,194,141
2,84,21
42,8,104
112,57,79
52,149,85
62,197,67
82,19,92
12,34,172
62,105,98
12,160,156
172,80,5
52,0,70
182,170,27
162,83,189
182,50,72
92,24,12
92,46,12
