181,128,129
81,1,195
171,8,190
91,133,44
61,165,21
131,119,150
161,147,14
51,179,129
71,133,44
171,62,164
81,176,17
191,143,145
1,172,29
181,107,173
1,75,77
31,139,69
161,77,189
1,68,31
131,28,184
111,38,199
21,119,38
31,118,139
51,46,190
131,149,42
71,170,90
111,42,1
51,200,124
61,142,195
41,67,189
141,43,115
191,64,19
61,183,115
151,163,18
11,14,191
11,111,103
171,70,108
181,43,34
101,72,185
21,123,200
61,128,13
61,96,9
31,129,119
1,51,101
121,83,109
91,33,74
1,97,158
131,171,177
121,168,65
11,146,94
41,79,87
1,168,28
91,65,114
101,135,141
11,8,174
111,23,33
61,159,137
51,177,60
111,140,85
121,89,42
141,61,1
81,170,183
21,160,80
141,148,29
121,129,171
1,200,156
111,51,92
71,105,58
131,189,102
121,60,82
11,76,48
11,79,127
61,10,170
1,19,37
171,134,28
91,37,62
181,170,162
1,102,171
41,75,200
21,97,9
41,43,200
151,116,111
121,169,109
161,142,186
131,179,162
101,124,102
