164,10
174,143
174,21
194,64
104,51
124,39
114,144
154,63
94,77
174,42
64,156
194,31
64,70
184,100
24,66
74,198
174,115
34,91
74,1
184,98
124,166
34,81
104,50
74,63
94,50
194,11
64,170
164,47
94,40
194,7
94,159
24,136
24,64
134,195
44,196
104,31
34,91
64,16
194,179
74,41
184,176
174,134
74,161
4,148
34,99
34,81
104,5
104,155
144,175
104,159
54,153
134,152
144,181
144,85
194,44
104,79
34,11
164,197
64,70
154,93
54,149
54,123
144,34
44,184
174,118
54,148
4,89
104,189
154,87
84,45
4,90
54,89
74,78
194,136
114,173
144,198
184,172
144,19
124,41
64,101
154,88
64,27
134,64
24,137
154,178
164,54
124,175
114,190
114,162
164,139
124,75
104,40
