192,77
172,178
52,42
72,9
102,152
32,155
112,99
192,32
112,139
72,60
102,25
62,121
12,30
42,152
142,133
142,197
22,28
112,163
182,14
32,148
72,61
92,127
132,1
152,54
62,180
192,166
132,46
52,8
172,93
182,110
112,89
12,11
142,145
142,15
82,89
52,94
182,52
32,162
112,18
52,167
112,176
132,4
132,122
192,58
2,168
22,11
152,187
92,42
122,24
72,129
102,101
62,161
172,181
102,39
2,158
2,101
142,168
12,137
182,115
152,101
142,43
192,64
52,176
142,182
172,186
22,138
132,194
162,174
102,78
192,46
152,180
182,177
142,169
182,71
192,138
152,146
152,0
32,147
112,45
182,172
2,184
162,49
122,54
152,108
32,192
132,17
192,85
192,163
192,87
12,21
72,72
32,133
62,130
82,166
72,148
132,142
42,11
82,111
142,78
142,52
142,147
192,5
142,188
22,171
92,58
12,168
12,57
112,10
82,86
82,2
112,91
