64,113,139
54,179,112
134,22,36
54,104,72
104,84,88
114,91,134
124,40,77
14,67,93
94,121,99
194,125,193
164,90,107
104,141,152
174,64,160
84,101,57
174,36,23
134,170,143
154,196,7
64,30,176
84,139,95
84,36,45
174,135,83
194,42,169
74,132,66
64,4,76
84,43,41
14,138,44
124,198,65
154,22,12
114,26,11
4,100,20
104,166,84
114,136,160
124,56,185
64,57,41
154,157,33
14,77,145
174,180,33
174,18,117
174,80,132
14,7,105
4,77,1
144,21,44
44,141,17
154,19,64
114,77,152
94,149,65
94,194,164
194,184,74
84,151,45
14,41,81
24,178,40
134,177,82
114,75,83
4,119,40
134,42,108
174,45,7
24,187,131
34,99,183
174,135,46
44,97,177
44,88,59
144,0,175
154,136,119
114,62,155
44,109,119
134,163,2
124,50,130
74,20,93
54,182,75
4,159,107
14,180,55
154,108,178
54,71,51
94,31,27
54,98,65
154,101,114
164,132,162
164,118,124
124,35,94
24,70,33
144,132,10
94,5,62
104,120,197
