75,179
145,88
125,50
185,78
115,3
135,66
145,131
175,53
175,84
185,22
155,145
15,136
5,66
185,116
45,88
45,32
115,145
145,33
105,137
85,51
185,139
185,163
75,133
135,28
135,106
5,83
45,44
195,93
95,106
135,166
185,30
145,37
45,127
45,140
135,16
125,109
115,199
165,58
45,148
35,81
145,55
145,146
35,155
145,54
45,140
15,13
35,47
35,132
95,129
15,13
5,113
15,165
195,134
25,176
195,85
165,68
25,104
95,125
135,101
75,35
15,107
85,40
15,138
25,92
175,165
25,28
155,109
95,57
115,50
25,122
185,43
5,193
135,4
185,100
175,140
185,197
165,178
85,161
25,64
25,191
175,184
75,111
175,84
135,65
25,144
125,115
125,141
