29,95,127
189,174,125
59,30,179
89,150,164
49,183,98
199,190,133
19,179,50
59,21,128
89,199,148
159,173,81
129,185,13
19,102,41
189,67,160
79,39,28
189,0,70
19,177,22
79,160,133
59,157,16
199,120,90
59,107,199
199,123,91
129,62,44
199,162,135
9,75,114
139,77,58
59,125,72
79,120,127
199,164,176
119,188,71
89,47,179
109,56,173
189,162,79
29,152,187
19,157,171
69,27,196
99,22,161
29,112,140
89,182,179
159,3,105
59,146,182
119,98,133
139,102,54
129,43,104
109,0,24
69,33,198
89,114,161
19,124,39
179,73,19
99,18,140
129,147,107
29,26,18
159,125,120
139,29,106
119,163,26
159,133,115
59,140,158
199,63,76
109,59,121
29,195,112
59,8,148
49,55,99
89,30,36
179,192,110
119,162,100
189,178,101
59,112,181
169,88,189
89,92,87
189,107,36
159,109,131
129,147,52
189,156,65
129,51,88
69,184,198
99,117,47
199,53,132
179,168,64
179,102,25
49,148,34
89,115,29
189,49,12
189,186,62
29,2,132
49,43,167
159,83,200
19,86,32
139,52,198
119,51,116
9,130,21
119,198,140
189,86,169
29,155,186
29,82,85
79,161,155
109,187,48
49,70,31
149,29,26
199,18,155
89,51,186
