200,90,118
90,197,96
80,44,14
150,179,197
40,121,93
200,96,35
60,197,31
50,86,98
20,128,42
50,36,179
160,112,115
0,49,176
0,135,109
10,61,132
130,35,39
130,21,200
150,79,84
110,47,13
50,98,158
130,131,168
0,47,120
150,85,108
30,110,98
150,178,176
60,10,29
10,160,162
40,139,144
130,0,7
140,187,76
160,163,186
170,79,19
30,76,175
10,39,88
80,102,108
180,165,141
150,105,28
20,3,173
150,141,20
190,181,112
190,130,194
130,42,33
160,78,125
190,62,41
180,172,166
150,198,112
90,114,10
130,144,194
200,14,117
60,4,73
120,112,182
100,123,198
40,37,54
90,6,80
80,41,183
120,174,67
120,152,114
180,41,48
140,174,185
200,109,43
0,58,191
70,174,57
170,59,103
50,60,168
30,146,37
20,135,28
130,43,59
180,71,93
140,169,157
20,158,170
60,56,9
120,21,101
170,173,159
180,125,112
100,30,110
100,61,80
110,18,117
130,43,158
60,45,173
120,141,65
120,85,87
40,97,99
190,162,153
50,69,65
170,176,98
200,119,86
80,131,9
180,175,13
100,65,112
130,191,59
80,193,75
190,49,89
40,193,100
40,140,100
0,160,108
50,161,56
50,26,106
70,16,34
0,97,129
60,91,118
130,96,62
160,182,44
70,54,180
130,11,62
110,85,176
50,156,19
70,104,191
10,187,170
50,174,88
160,145,135
