13,107
3,187
183,84
133,51
113,75
3,1
53,194
83,142
113,73
183,57
133,45
53,173
33,91
13,24
43,46
43,172
133,47
153,2
163,63
173,182
93,179
83,85
143,104
73,172
113,97
113,193
53,118
73,13
83,175
13,62
163,123
103,34
193,169
113,32
183,59
83,28
93,28
93,26
73,46
173,157
113,34
153,186
33,154
163,152
63,166
3,160
13,145
143,169
173,9
23,85
73,34
33,102
103,56
173,161
123,8
193,79
33,197
153,19
33,107
163,195
143,144
133,49
103,165
53,173
193,116
13,193
123,189
3,199
113,182
3,57
103,7
53,43
173,29
143,35
123,143
103,34
13,106
3,44
133,88
93,176
3,157
3,121
13,145
113,112
13,84
73,70
53,0
43,137
163,4
3,16
3,9
