27,11
57,46
177,189
87,58
117,200
117,121
197,160
7,2
127,164
127,187
107,169
67,71
127,113
47,24
127,167
167,45
97,155
87,151
107,131
37,21
67,135
107,67
107,124
177,133
107,200
197,164
47,89
197,171
67,75
157,159
7,121
117,193
97,152
57,92
157,163
57,51
7,161
147,87
177,19
7,159
127,152
87,132
157,2
147,196
107,27
187,198
77,114
77,92
147,129
117,174
77,150
17,140
37,16
77,89
27,26
187,157
147,70
37,169
157,73
47,121
117,28
137,14
137,84
107,89
97,9
27,88
97,93
197,115
57,81
57,153
167,116
137,62
7,100
137,102
97,104
27,36
167,115
87,185
87,73
137,165
67,148
87,6
127,117
17,105
177,94
27,174
37,14
7,70
117,28
87,73
47,109
