156,73,158
156,61,151
106,39,42
176,55,181
126,88,124
66,58,80
126,32,62
156,139,129
96,197,174
156,188,119
156,198,52
96,72,166
136,26,44
96,19,165
176,100,58
96,4,181
66,17,76
146,151,55
156,13,34
26,182,121
166,192,128
146,150,169
16,189,125
176,164,133
56,196,152
26,117,107
56,129,102
186,115,75
96,79,153
116,167,143
46,52,146
146,149,174
106,102,163
106,71,138
146,47,138
176,87,180
196,122,1
46,39,188
186,157,65
46,40,151
176,75,18
96,66,200
6,125,191
16,115,98
186,75,6
36,48,131
16,54,88
26,76,143
106,99,118
116,57,87
6,59,33
186,73,119
16,2,103
116,147,8
126,7,14
146,109,149
66,115,131
156,138,194
146,79,149
156,0,64
146,24,174
6,194,152
26,101,196
116,170,149
136,12,133
116,120,39
186,129,12
126,128,74
66,127,12
166,83,147
126,114,168
116,14,56
66,144,127
16,75,70
116,190,94
106,59,191
76,143,152
26,114,164
106,142,77
156,181,192
176,79,182
186,72,94
36,66,197
6,30,25
166,66,129
136,36,162
156,126,52
156,50,31
116,64,123
76,35,157
6,145,63
136,25,198
196,172,103
