75,191,192
135,41,71
5,119,15
145,170,1
195,168,43
155,178,30
35,191,65
185,180,86
155,106,47
155,105,156
95,113,133
15,42,154
15,185,85
135,121,50
35,146,103
105,159,36
165,191,44
35,110,90
5,53,197
95,148,186
195,146,52
185,87,54
195,170,32
165,34,86
25,195,86
185,35,118
75,30,100
35,84,133
95,156,127
115,153,64
125,108,74
25,116,125
105,180,3
55,126,169
75,14,187
135,84,127
85,163,113
195,149,127
125,142,130
5,188,188
105,106,154
125,82,57
115,182,14
175,123,74
185,88,3
15,20,156
135,26,199
65,5,192
55,124,50
115,116,4
45,53,180
55,87,105
15,142,65
135,132,78
15,145,160
15,117,133
55,13,100
105,170,166
25,172,11
75,105,125
95,13,184
5,73,24
15,155,145
145,105,144
145,62,141
185,165,166
145,64,73
145,36,56
185,132,43
145,19,91
175,63,59
175,192,172
75,126,7
25,196,158
25,134,70
165,35,164
85,192,167
155,10,179
185,20,88
125,109,112
65,197,30
85,35,124
75,84,32
95,106,191
155,15,12
15,120,130
105,195,159
95,127,76
155,58,134
75,45,13
5,23,86
55,131,84
85,77,62
