147,45,118
157,148,100
167,152,22
97,183,184
137,172,169
157,142,126
187,182,186
117,26,107
167,67,124
177,77,63
47,175,20
137,74,99
197,139,121
137,184,96
87,116,61
7,8,67
167,163,127
157,45,134
27,195,61
107,47,16
57,101,28
27,95,163
67,91,10
37,27,114
87,140,196
47,47,73
187,148,67
27,13,34
197,5,124
197,56,113
187,144,192
87,134,189
87,24,40
137,54,102
27,51,112
27,116,118
187,82,24
67,128,43
157,29,132
117,26,95
137,68,150
167,125,156
107,161,24
127,77,124
17,79,142
197,183,141
197,20,49
97,32,154
197,89,5
157,198,108
57,77,92
67,129,130
157,8,180
7,172,76
87,144,74
87,79,144
187,106,107
87,58,22
197,81,175
167,191,56
67,172,72
137,99,22
147,176,41
197,3,93
97,122,153
177,101,139
107,85,159
147,15,125
167,138,117
77,87,58
87,12,64
107,31,150
197,128,26
117,98,113
57,130,182
107,39,39
27,180,184
57,179,24
7,154,116
37,144,93
87,112,153
177,55,182
117,180,71
97,191,157
167,103,70
7,129,143
107,171,147
147,147,111
107,168,113
67,147,80
187,75,179
167,151,69
67,111,160
107,38,161
137,35,132
157,102,85
47,7,171
37,142,71
87,165,200
27,181,100
67,130,141
67,138,75
57,130,145
187,113,92
117,119,186
17,198,71
7,52,112
27,53,16
127,96,69
117,188,55
177,54,122
77,140,168
7,132,180
197,126,142
147,9,100
47,62,67
167,89,146
37,101,56
57,105,196
