50,7
0,99
190,168
10,11
120,88
160,144
80,131
150,181
130,70
160,77
160,163
100,169
170,64
80,111
180,169
50,47
50,136
10,23
50,25
200,120
170,35
10,107
170,143
110,160
70,70
140,0
80,15
40,185
110,144
120,9
90,195
70,167
80,153
70,61
80,20
90,95
90,24
200,45
170,160
200,34
80,41
180,174
0,83
50,51
40,100
200,141
90,123
50,31
20,156
100,26
180,25
160,164
130,134
160,89
160,51
170,22
30,116
190,197
170,10
20,31
90,63
160,144
110,20
60,169
150,67
110,147
200,96
40,37
70,29
200,9
140,59
200,28
190,79
170,32
160,90
50,158
80,153
140,72
100,42
160,41
40,54
130,158
160,51
10,26
50,156
50,21
60,152
100,175
90,171
80,45
20,30
170,65
0,75
30,18
150,200
180,64
130,111
130,68
100,152
60,70
140,187
70,35
50,177
10,49
140,175
190,155
50,130
170,170
60,172
150,95
130,73
170,45
130,54
100,180
150,140
110,81
