139,76
79,140
79,107
139,61
149,151
99,26
89,5
129,110
69,158
59,101
49,70
119,70
89,81
179,17
179,5
49,23
119,184
139,186
139,190
69,177
49,14
69,183
49,123
59,172
79,61
199,82
29,122
179,148
89,199
59,8
129,125
9,42
89,119
39,148
19,151
109,19
139,63
79,38
29,49
179,158
19,79
9,181
69,174
169,38
9,150
9,140
19,63
109,74
59,49
179,185
89,48
9,125
189,34
179,184
129,121
109,83
79,3
179,148
9,98
169,140
19,107
49,29
89,164
199,63
139,151
129,31
9,200
29,46
69,45
19,198
19,113
69,75
69,184
129,32
179,73
159,139
109,148
29,29
199,155
79,61
69,92
169,20
129,179
69,93
79,73
49,0
119,148
29,77
59,139
29,62
139,63
69,59
69,160
29,169
29,145
149,191
9,173
89,94
59,132
149,96
29,163
89,92
89,118
159,57
129,195
89,59
39,98
129,63
169,154
129,195
89,113
69,25
149,65
99,160
189,82
