48,157
168,172
48,127
158,41
28,23
88,150
128,159
8,96
118,149
48,60
8,163
178,131
8,92
58,160
68,10
118,43
128,196
58,31
28,16
198,57
198,140
198,93
78,70
118,169
198,10
198,87
188,189
28,71
28,23
108,155
18,16
68,34
108,45
118,180
58,64
88,189
168,81
18,85
78,198
158,15
108,8
28,72
118,79
198,148
18,68
158,150
168,125
198,18
78,136
128,102
88,129
138,41
78,82
58,149
8,114
188,28
178,162
148,118
138,26
8,39
68,145
88,93
38,183
68,28
98,35
78,187
138,166
148,69
8,5
168,103
38,197
168,11
138,28
88,117
118,17
198,95
98,115
68,56
188,135
88,104
78,59
8,128
138,55
118,114
38,10
118,158
188,42
