118,72,25
18,160,65
58,81,180
128,106,198
28,191,12
88,51,188
108,133,197
158,59,28
188,165,200
108,125,95
178,171,197
168,161,147
58,66,22
58,165,183
108,82,19
188,99,157
168,143,117
158,102,169
38,103,126
58,80,32
58,33,125
118,17,137
68,140,194
138,128,68
88,183,169
108,148,137
138,108,120
158,86,57
78,65,98
48,111,54
58,19,181
48,102,4
168,161,32
58,146,121
138,28,112
108,9,140
68,8,26
38,110,50
118,130,154
168,195,187
58,163,160
48,50,117
138,21,109
18,191,170
168,33,75
108,117,5
108,188,43
58,122,141
178,100,22
38,136,5
128,199,85
58,35,18
18,116,47
28,112,67
68,94,56
58,8,73
98,132,187
138,109,142
198,65,62
108,58,145
128,3,180
168,142,46
88,124,104
138,13,44
198,200,129
98,88,175
8,174,15
148,3,108
28,139,71
178,17,157
8,8,84
28,155,33
118,28,196
18,3,142
188,41,40
78,93,37
118,1,89
198,104,174
88,68,77
78,78,50
48,55,29
198,40,195
18,180,145
128,140,13
68,195,142
58,152,163
188,37,134
108,129,102
58,128,80
28,121,25
138,162,164
58,194,19
48,15,144
118,26,176
168,3,50
