1,138
21,197
191,168
1,147
21,193
121,131
91,147
101,129
171,173
191,96
91,47
71,87
1,12
111,141
61,35
61,125
151,119
31,171
41,163
131,108
131,62
141,92
81,120
191,27
81,169
21,101
51,143
181,137
131,138
141,154
181,1
121,164
121,157
121,25
1,25
101,133
191,141
171,125
161,116
81,46
61,72
11,89
91,14
101,173
101,197
121,175
191,81
41,82
91,54
131,124
41,27
111,170
111,40
31,25
41,198
91,113
121,150
21,85
1,74
171,135
161,187
101,66
161,176
91,190
51,23
111,110
41,145
61,127
21,70
21,140
111,0
51,26
61,122
121,71
41,13
91,182
141,148
121,117
1,115
141,50
121,17
61,32
131,9
21,114
91,6
11,23
161,8
181,172
1,6
81,192
91,129
171,62
151,14
181,67
101,55
21,123
181,108
181,143
101,113
21,30
51,30
171,186
61,136
11,55
41,99
71,85
11,100
161,179
181,16
51,48
